//Version: PianoFingering_v170101
0	1.655298	2.234841	B3	64	71	1	-2
1	1.655298	2.234841	D4	64	59	0	3
2	1.655298	2.295447	A4	64	55	0	5
3	1.655298	2.729158	B2	64	60	1	-4
4	2.109842	2.751885	F#3	64	29	1	-2
5	2.564386	2.854158	D4	64	109	0	3
6	2.564386	2.912869	B3	64	87	1	-2
7	2.564386	2.912869	A4	64	85	0	5
8	3.018930	3.409080	B2	64	71	1	-4
9	3.473474	4.079532	G#4	64	84	0	4
10	3.473474	4.089002	B3	64	71	1	-2
11	3.473474	4.090896	E4	64	82	0	5
12	3.473474	4.736727	E3	64	67	1	-4
13	3.928018	4.767030	G#3	64	23	1	-5
14	4.382562	4.791651	B3	64	84	1	-2
15	4.382562	4.823848	E4	64	89	0	5
16	4.382562	4.859833	G#4	64	89	0	4
17	5.291650	5.907178	B3	64	69	1	-2
18	5.291650	5.928011	E4	64	80	0	5
19	5.291650	6.463994	C#3	64	89	1	-2
20	5.746194	6.424222	G#3	64	41	1	-5
21	6.200738	6.600358	B3	64	97	1	-2
22	6.200738	6.619297	E4	64	102	0	5
23	6.200738	6.664751	G#4	64	97	0	4
24	6.655282	7.081417	C#3	64	89	1	-2
25	7.109826	7.386340	C#4	64	76	0	2
26	7.109826	7.623082	F#4	64	89	0	2
27	7.109826	8.526488	F#3	64	67	1	-2
28	7.564370	7.838990	C#4	64	89	0	2
29	8.018914	8.251868	F#4	64	100	0	2
30	8.018914	8.361716	C#4	64	94	0	2
31	8.473458	8.571942	E4	64	84	0	5
32	8.928002	9.606030	B3	64	73	1	-2
33	8.928002	9.609818	D4	64	70	0	3
34	8.928002	10.132543	B2	64	100	1	-4
35	9.382546	10.011332	F#3	64	27	1	-2
36	9.837090	10.318149	B3	64	92	1	-2
37	9.837090	10.409058	D4	64	93	0	3
38	9.837090	10.484815	F#4	64	94	0	2
39	10.291634	10.598451	F#3	64	55	1	-2
40	10.291634	10.624966	B2	64	1	1	-4
41	10.518906	10.645799	B3	64	78	1	-2
42	10.746178	11.342767	E4	64	97	0	5
43	10.746178	11.382539	B3	64	84	1	-2
44	10.746178	12.248067	E3	64	84	1	-4
45	11.200722	12.255643	G#3	64	46	1	-5
46	11.655266	12.316248	B3	64	92	1	-2
47	11.655266	12.348445	E4	64	102	0	5
48	11.655266	12.367385	G#4	64	94	0	4
49	12.564354	13.168518	C#4	64	78	0	2
50	12.564354	13.191246	F#4	64	94	0	2
51	12.564354	14.238591	C#3	64	92	1	-2
52	13.018898	13.562457	G#3	64	67	1	-5
53	13.473442	13.765107	C#4	64	100	0	2
54	13.473442	13.914728	F#4	64	105	0	2
55	13.700714	14.234803	G#3	64	78	1	-5
56	13.927986	14.193136	C#4	64	82	0	2
57	14.382530	15.700707	C#3	64	92	1	-2
58	14.382530	15.713965	G#3	64	87	1	-5
59	14.382530	15.929873	B3	64	94	1	-2
60	14.382530	15.929873	F4	64	65	0	1
61	15.746162	15.852222	C#4	64	111	0	2
62	15.973434	16.077600	D#4	64	108	0	4
63	16.200706	16.545402	F#4	64	108	0	2
64	16.200706	16.895779	F#3	64	71	1	-2
65	16.200706	16.933658	C#4	64	80	0	2
66	16.200706	17.950700	F#2	64	89	1	-4
67	16.655250	16.765098	F#4	64	94	0	2
68	16.655250	17.295399	C#3	64	39	1	-2
69	16.882522	17.384414	F#4	64	105	0	2
70	17.109794	17.818125	F#3	64	89	1	-2
71	17.109794	17.863579	C#4	64	100	0	2
72	17.564338	17.685549	G#4	64	102	0	4
73	17.791610	17.912821	A#4	64	87	0	1
74	18.018882	18.314335	G#4	64	111	0	4
75	18.018882	18.831379	A#3	64	94	1	-3
76	18.018882	18.840849	F#3	64	82	1	-2
77	18.018882	19.378726	D#2	64	85	1	-2
78	18.473426	18.585168	F#4	64	94	0	2
79	18.700698	19.052969	F#4	64	105	0	2
80	18.927970	19.151454	F#3	64	89	1	-2
81	18.927970	19.785922	A#3	64	102	1	-3
82	18.927970	19.795391	D#4	64	97	0	4
83	19.382514	19.522665	F#4	64	105	0	2
84	19.382514	19.761300	F#3	64	60	1	-2
85	19.609786	19.721528	G#4	64	105	0	4
86	19.837058	20.138193	A#4	64	105	0	1
87	19.837058	20.473419	F#3	64	80	1	-2
88	19.837058	20.479101	A#3	64	89	1	-3
89	19.837058	20.927963	F#2	64	97	1	-4
90	20.291602	20.422283	A#4	64	102	0	1
91	20.291602	20.939327	C#3	64	34	1	-2
92	20.518874	20.638192	G#4	64	97	0	4
93	20.746146	21.104099	A#4	64	114	0	1
94	20.746146	20.975312	A#3	64	111	1	-3
95	20.746146	20.984781	F#3	64	97	1	-2
96	20.746146	21.100311	C#4	64	94	0	2
97	21.200690	21.299174	C#5	64	105	0	4
98	21.427962	22.452580	C#5	64	114	0	4
99	21.655234	22.246141	C#4	64	97	0	2
100	21.655234	22.308641	G#3	64	84	1	-5
101	21.655234	22.785912	A#2	64	100	1	-5
102	22.109778	22.755609	F3	64	31	1	-3
103	22.564322	22.998032	G#3	64	94	1	-5
104	22.564322	23.015078	C#4	64	100	0	2
105	22.564322	23.134396	F4	64	93	0	1
106	23.018866	23.134396	A#4	64	111	0	1
107	23.018866	23.302956	A#2	64	97	1	-5
108	23.246138	23.337047	C#5	64	108	0	4
109	23.473410	23.795378	D#5	64	108	0	1
110	23.473410	24.077574	D#4	64	80	0	4
111	23.473410	24.113559	B3	64	76	1	-2
112	23.473410	24.641967	B2	64	105	1	-4
113	23.927954	24.032120	A#4	64	108	0	1
114	23.927954	24.833254	F#3	64	44	1	-2
115	24.155226	24.594618	A#4	64	108	0	1
116	24.382498	24.765072	D#4	64	97	0	4
117	24.382498	24.785906	B3	64	92	1	-2
118	24.382498	25.213934	F#4	64	94	0	2
119	24.837042	24.946890	A#4	64	111	0	1
120	24.837042	25.111662	B2	64	82	1	-4
121	25.064314	25.164692	D#5	64	105	0	1
122	25.291586	25.577570	C#5	64	108	0	4
123	25.291586	25.922266	C#4	64	84	0	2
124	25.291586	25.924159	A#3	64	78	1	-3
125	25.291586	26.409006	A#2	64	97	1	-5
126	25.746130	25.852190	G#4	64	108	0	4
127	25.746130	26.486658	F3	64	41	1	-3
128	25.973402	26.522642	G#4	64	108	0	4
129	26.200674	26.666581	F4	64	90	0	1
130	26.200674	26.683627	A#3	64	97	1	-3
131	26.655218	26.759384	D#4	64	102	0	4
132	26.655218	26.909005	A#2	64	94	1	-5
133	26.882490	26.962035	F4	64	109	0	1
134	27.109762	27.401427	F#4	64	102	0	2
135	27.109762	27.791578	B3	64	92	1	-2
136	27.109762	27.838926	F#3	64	80	1	-2
137	27.109762	28.249910	G#2	64	100	1	-2
138	27.564306	27.700669	F#4	64	105	0	2
139	27.564306	28.227182	D#3	64	27	1	-5
140	27.791578	28.051047	D#4	64	102	0	4
141	28.018850	28.373015	B3	64	108	1	-2
142	28.018850	28.386273	F#3	64	94	1	-2
143	28.018850	28.427939	D#4	64	102	0	4
144	28.246122	28.924150	A#4	64	102	0	1
145	28.473394	28.842711	G#2	64	92	1	-2
146	28.927938	30.287782	G#4	64	102	0	4
147	28.927938	29.187407	G#3	64	100	1	-5
148	28.927938	29.189301	C#3	64	102	1	-2
149	28.927938	29.217710	C#4	64	97	0	2
150	29.609754	29.689299	F#3	64	89	1	-2
151	29.609754	29.708238	C#4	64	94	0	2
152	29.609754	29.708238	F#4	64	100	0	2
153	29.609754	29.761268	B2	64	105	1	-4
154	30.064298	30.693084	C#3	64	97	1	-2
155	30.064298	30.763159	F3	64	35	1	-3
156	30.064298	30.766947	G#3	64	73	1	-5
157	30.064298	30.776417	F4	64	82	0	1
158	30.064298	30.783992	G#4	64	97	0	4
159	30.291570	30.397630	C#4	64	111	0	2
160	30.518842	30.623008	D#4	64	108	0	4
161	30.746114	31.090810	F#4	64	108	0	2
162	30.746114	30.753689	C#4	64	80	0	2
163	30.746114	31.441187	F#3	64	71	1	-2
164	30.746114	32.496108	F#2	64	89	1	-4
165	31.200658	31.310506	F#4	64	94	0	2
166	31.200658	31.840807	C#3	64	39	1	-2
167	31.427930	31.929822	F#4	64	105	0	2
168	31.655202	32.363533	F#3	64	89	1	-2
169	31.655202	32.408987	C#4	64	100	0	2
170	32.109746	32.230957	G#4	64	102	0	4
171	32.337018	32.458229	A#4	64	87	0	1
172	32.564290	32.859743	G#4	64	111	0	4
173	32.564290	33.376787	A#3	64	94	1	-3
174	32.564290	33.386257	F#3	64	82	1	-2
175	32.564290	33.924134	D#2	64	85	1	-2
176	33.018834	33.130576	F#4	64	94	0	2
177	33.246106	33.598377	F#4	64	105	0	2
178	33.473378	33.696862	F#3	64	89	1	-2
179	33.473378	34.331330	A#3	64	102	1	-3
180	33.473378	34.340799	D#4	64	97	0	4
181	33.927922	34.068073	F#4	64	105	0	2
182	33.927922	34.306708	F#3	64	60	1	-2
183	34.155194	34.266936	G#4	64	105	0	4
184	34.382466	34.683601	A#4	64	105	0	1
185	34.382466	35.018827	F#3	64	80	1	-2
186	34.382466	35.024509	A#3	64	89	1	-3
187	34.382466	35.473371	F#2	64	97	1	-4
188	34.837010	34.967691	A#4	64	102	0	1
189	34.837010	35.484735	C#3	64	34	1	-2
190	35.064282	35.183600	G#4	64	97	0	4
191	35.291554	35.649507	A#4	64	114	0	1
192	35.291554	35.520720	A#3	64	111	1	-3
193	35.291554	35.530189	F#3	64	97	1	-2
194	35.291554	35.645719	C#4	64	94	0	2
195	35.746098	35.844582	C#5	64	105	0	4
196	35.973370	36.997988	C#5	64	114	0	4
197	36.200642	36.791549	C#4	64	97	0	2
198	36.200642	36.854049	G#3	64	84	1	-5
199	36.200642	37.331320	A#2	64	100	1	-5
200	36.655186	37.301017	F3	64	31	1	-3
201	37.109730	37.543440	G#3	64	94	1	-5
202	37.109730	37.560486	C#4	64	100	0	2
203	37.109730	37.679804	F4	64	93	0	1
204	37.564274	37.679804	A#4	64	111	0	1
205	37.564274	37.848364	A#2	64	97	1	-5
206	37.791546	37.882455	C#5	64	108	0	4
207	38.018818	38.340786	D#5	64	108	0	1
208	38.018818	38.622982	D#4	64	80	0	4
209	38.018818	38.658967	B3	64	76	1	-2
210	38.018818	39.187375	B2	64	105	1	-4
211	38.473362	38.577528	A#4	64	108	0	1
212	38.473362	39.378662	F#3	64	44	1	-2
213	38.700634	39.140026	A#4	64	108	0	1
214	38.927906	39.310480	D#4	64	97	0	4
215	38.927906	39.331314	B3	64	92	1	-2
216	38.927906	39.759342	F#4	64	94	0	2
217	39.382450	39.492298	A#4	64	111	0	1
218	39.382450	39.657070	B2	64	82	1	-4
219	39.609722	39.710100	D#5	64	105	0	1
220	39.836994	40.122978	C#5	64	108	0	4
221	39.836994	40.467674	C#4	64	84	0	2
222	39.836994	40.469567	A#3	64	78	1	-3
223	39.836994	40.954414	A#2	64	97	1	-5
224	40.291538	40.397598	G#4	64	108	0	4
225	40.291538	41.032066	F3	64	41	1	-3
226	40.518810	41.068050	G#4	64	108	0	4
227	40.746082	41.211989	F4	64	90	0	1
228	40.746082	41.229035	A#3	64	97	1	-3
229	41.200626	41.304792	D#4	64	102	0	4
230	41.200626	41.454413	A#2	64	94	1	-5
231	41.427898	41.507443	F4	64	109	0	1
232	41.655170	41.946835	F#4	64	102	0	2
233	41.655170	42.085093	F#3	64	94	1	-2
234	41.655170	42.140017	B3	64	97	1	-2
235	41.655170	42.158956	G#2	64	97	1	-2
236	42.109714	42.246077	F#4	64	105	0	2
237	42.336986	42.596455	D#4	64	102	0	4
238	42.564258	43.069938	A#2	64	97	1	-5
239	42.564258	43.221453	A#3	64	97	1	-3
240	42.564258	43.308574	C#4	64	100	0	2
241	43.018802	43.316149	D#4	64	105	0	4
242	43.473346	44.537736	C#4	64	105	0	2
243	43.700618	43.891905	C#4	64	100	0	2
244	43.700618	43.891905	F4	64	102	0	1
245	43.700618	43.912738	C#3	64	102	1	-2
246	43.700618	43.929784	G#3	64	105	1	-5
247	44.155162	44.787735	A#3	64	94	1	-3
248	44.155162	44.960083	D#4	64	94	0	4
249	44.155162	45.138113	F#4	64	105	0	2
250	44.155162	45.225234	D#3	64	108	1	-5
251	44.836978	45.147583	A#3	64	94	1	-3
252	45.064250	45.232810	D#4	64	100	0	4
253	45.291522	45.397582	A#4	64	111	0	1
254	45.291522	45.918414	C#4	64	84	0	2
255	45.291522	45.994171	F#4	64	94	0	2
256	45.291522	46.399473	D#3	64	105	1	-5
257	45.518794	45.844550	A#4	64	105	0	1
258	45.746066	46.388109	A#3	64	69	1	-3
259	45.973338	46.083186	A#4	64	111	0	1
260	46.200610	46.496063	A#4	64	111	0	1
261	46.200610	46.755532	C#4	64	100	0	2
262	46.200610	46.800987	F#4	64	105	0	2
263	46.655154	46.782047	D#5	64	105	0	1
264	46.655154	48.338860	D#3	64	69	1	-5
265	46.882426	48.066134	D#5	64	108	0	1
266	46.882426	47.308561	A#3	64	78	1	-3
267	47.109698	47.636211	C#4	64	100	0	2
268	47.109698	47.693029	F#4	64	105	0	2
269	47.564242	48.075604	A#3	64	71	1	-3
270	47.791514	47.895680	C#4	64	60	0	2
271	48.018786	48.299088	C#4	64	97	0	2
272	48.018786	48.336967	A#4	64	100	0	1
273	48.018786	48.344542	F#4	64	111	0	2
274	48.246058	48.367269	A#3	64	89	1	-3
275	48.473330	48.615375	C#4	64	108	0	2
276	48.927874	49.058555	F5	64	109	0	3
277	48.927874	49.530145	C#4	64	89	0	2
278	48.927874	49.571811	G#3	64	100	1	-5
279	48.927874	50.617262	A#2	64	102	1	-5
280	49.155146	49.501736	F5	64	93	0	3
281	49.382418	50.001734	F3	64	29	1	-3
282	49.609690	49.740371	F5	64	112	0	3
283	49.836962	50.147567	D#5	64	114	0	1
284	49.836962	50.272566	G#3	64	108	1	-5
285	49.836962	50.295294	C#4	64	111	0	2
286	49.836962	50.560444	F4	64	109	0	1
287	50.291506	50.397566	C#5	64	108	0	4
288	50.291506	50.766883	F3	64	30	1	-3
289	50.518778	51.693016	A#4	64	114	0	1
290	50.518778	50.658929	G#3	64	71	1	-5
291	50.746050	51.280139	G#3	64	82	1	-5
292	50.746050	51.340745	C#4	64	89	0	2
293	50.746050	52.073697	A#2	64	87	1	-5
294	51.200594	51.734683	F3	64	23	1	-3
295	51.427866	51.482790	G#3	64	37	1	-5
296	51.655138	51.927864	G#3	64	105	1	-5
297	51.655138	52.013091	C#4	64	105	0	2
298	51.655138	52.378620	F4	64	99	0	1
299	51.882410	52.090742	F3	64	70	1	-3
300	52.109682	52.246045	A#4	64	114	0	1
301	52.109682	52.374832	G#3	64	80	1	-5
302	52.336954	52.443014	G#4	64	114	0	4
303	52.336954	52.482787	C#4	64	78	0	2
304	52.564226	52.653241	F#4	64	108	0	2
305	52.564226	53.204375	D#4	64	97	0	4
306	52.564226	53.211951	B3	64	82	1	-2
307	52.564226	53.789601	B2	64	100	1	-4
308	52.791498	52.876725	F#4	64	100	0	2
309	53.018770	53.117254	F#4	64	100	0	2
310	53.018770	53.573692	F#3	64	40	1	-2
311	53.246042	53.336951	F#4	64	87	0	2
312	53.473314	53.579374	F#4	64	105	0	2
313	53.473314	53.783919	B3	64	100	1	-2
314	53.473314	53.871040	D#4	64	105	0	4
315	53.473314	53.924070	F#4	64	102	0	2
316	53.700586	53.878615	D#4	64	108	0	4
317	53.700586	53.876722	F#3	64	55	1	-2
318	53.927858	54.151342	B2	64	94	1	-4
319	54.155130	54.465735	D#5	64	105	0	1
320	54.382402	54.872930	C#4	64	97	0	2
321	54.382402	54.910809	F4	64	90	0	1
322	54.382402	55.490353	C#3	64	105	1	-2
323	54.609674	54.710052	C#5	64	100	0	4
324	54.836946	54.952476	D#5	64	108	0	1
325	54.836946	55.497928	G#3	64	57	1	-5
326	55.064218	55.155127	C#5	64	111	0	4
327	55.064218	55.168384	C#4	64	69	0	2
328	55.291490	55.602095	D#5	64	108	0	1
329	55.291490	55.753609	C#4	64	102	0	2
330	55.291490	55.753609	F4	64	109	0	1
331	55.291490	55.774443	G#4	64	102	0	4
332	55.746034	55.831261	C#5	64	105	0	4
333	55.746034	55.850200	C#3	64	94	1	-2
334	55.973306	56.285805	D#5	64	114	0	1
335	55.973306	56.103987	C#4	64	94	0	2
336	56.200578	56.632395	C#4	64	84	0	2
337	56.200578	56.816106	F#4	64	97	0	2
338	56.200578	57.446786	F#2	64	105	1	-4
339	56.427850	56.511183	C#5	64	102	0	4
340	56.655122	58.910796	A#4	64	102	0	1
341	56.655122	57.168378	C#3	64	51	1	-2
342	57.109666	57.371029	C#4	64	102	0	2
343	57.109666	57.425953	F#4	64	114	0	2
344	57.109666	57.670270	A#4	64	105	0	1
345	57.336938	57.575573	C#3	64	69	1	-2
346	57.564210	57.778224	C#4	64	117	0	2
347	58.018754	58.289586	A#2	64	102	1	-5
348	58.018754	58.299056	A#3	64	100	1	-3
349	58.018754	58.323677	D4	64	102	0	3
350	58.246026	58.681630	D3	64	99	1	-1
351	58.473298	58.564207	A#3	64	94	1	-3
352	58.473298	58.711933	A#2	64	8	1	-5
353	58.700570	58.965720	D4	64	116	0	3
354	58.700570	58.977084	A#3	64	111	1	-3
355	58.700570	59.001705	F4	64	105	0	1
356	58.927842	59.202462	F3	64	96	1	-3
357	59.155114	59.429734	A#3	64	111	1	-3
358	59.155114	59.497916	D4	64	105	0	3
359	59.155114	59.713824	F4	64	85	0	1
360	59.155114	59.764960	A#4	64	100	0	1
361	59.382386	59.643749	F3	64	82	1	-3
362	59.609658	59.766854	D4	64	11	0	3
363	59.609658	59.848293	A#3	64	92	1	-3
364	59.836930	59.942990	A#4	64	111	0	1
365	59.836930	60.463822	C#4	64	84	0	2
366	59.836930	60.539579	F#4	64	94	0	2
367	59.836930	60.944881	D#3	64	105	1	-5
368	60.064202	60.389958	A#4	64	105	0	1
369	60.291474	60.933517	A#3	64	69	1	-3
370	60.518746	60.628594	A#4	64	111	0	1
371	60.746018	61.041471	A#4	64	111	0	1
372	60.746018	61.300940	C#4	64	100	0	2
373	60.746018	61.346395	F#4	64	105	0	2
374	61.200562	61.327455	D#5	64	105	0	1
375	61.200562	62.884268	D#3	64	69	1	-5
376	61.427834	62.611542	D#5	64	108	0	1
377	61.427834	61.853969	A#3	64	78	1	-3
378	61.655106	62.181619	C#4	64	100	0	2
379	61.655106	62.238437	F#4	64	105	0	2
380	62.109650	62.621012	A#3	64	71	1	-3
381	62.336922	62.441088	C#4	64	60	0	2
382	62.564194	62.844496	C#4	64	97	0	2
383	62.564194	62.882375	A#4	64	100	0	1
384	62.564194	62.889950	F#4	64	111	0	2
385	62.791466	62.912677	A#3	64	89	1	-3
386	63.018738	63.160783	C#4	64	108	0	2
387	63.473282	63.603963	F5	64	109	0	3
388	63.473282	64.075553	C#4	64	89	0	2
389	63.473282	64.117219	G#3	64	100	1	-5
390	63.473282	65.162670	A#2	64	102	1	-5
391	63.700554	64.047144	F5	64	93	0	3
392	63.927826	64.547142	F3	64	29	1	-3
393	64.155098	64.285779	F5	64	112	0	3
394	64.382370	64.692975	D#5	64	114	0	1
395	64.382370	64.817974	G#3	64	108	1	-5
396	64.382370	64.840702	C#4	64	111	0	2
397	64.382370	65.105852	F4	64	109	0	1
398	64.836914	64.942974	C#5	64	108	0	4
399	64.836914	65.312291	F3	64	30	1	-3
400	65.064186	66.238424	A#4	64	114	0	1
401	65.064186	65.204337	G#3	64	71	1	-5
402	65.291458	65.825547	G#3	64	82	1	-5
403	65.291458	65.886153	C#4	64	89	0	2
404	65.291458	66.619105	A#2	64	87	1	-5
405	65.746002	66.280091	F3	64	23	1	-3
406	65.973274	66.028198	G#3	64	37	1	-5
407	66.200546	66.473272	G#3	64	105	1	-5
408	66.200546	66.558499	C#4	64	105	0	2
409	66.200546	66.924028	F4	64	99	0	1
410	66.427818	66.636150	F3	64	70	1	-3
411	66.655090	66.791453	A#4	64	114	0	1
412	66.655090	66.920240	G#3	64	80	1	-5
413	66.882362	66.988422	G#4	64	114	0	4
414	66.882362	67.028195	C#4	64	78	0	2
415	67.109634	67.198649	F#4	64	108	0	2
416	67.109634	67.749783	D#4	64	97	0	4
417	67.109634	67.757359	B3	64	82	1	-2
418	67.109634	68.335009	B2	64	100	1	-4
419	67.336906	67.422133	F#4	64	100	0	2
420	67.564178	67.662662	F#4	64	100	0	2
421	67.564178	68.119100	F#3	64	40	1	-2
422	67.791450	67.882359	F#4	64	87	0	2
423	68.018722	68.124782	F#4	64	105	0	2
424	68.018722	68.329327	B3	64	100	1	-2
425	68.018722	68.416448	D#4	64	105	0	4
426	68.018722	68.469478	F#4	64	102	0	2
427	68.245994	68.424023	D#4	64	108	0	4
428	68.245994	68.422130	F#3	64	55	1	-2
429	68.473266	68.696750	B2	64	94	1	-4
430	68.700538	68.995991	G#4	64	111	0	4
431	68.927810	69.573641	A#3	64	92	1	-3
432	68.927810	69.600156	C#4	64	89	0	2
433	68.927810	69.615308	F4	64	82	0	1
434	68.927810	70.073639	A#2	64	105	1	-5
435	69.155082	69.266824	G#4	64	94	0	4
436	69.382354	69.488414	G#4	64	97	0	4
437	69.382354	69.937276	F3	64	65	1	-3
438	69.609626	69.719474	G#4	64	97	0	4
439	69.836898	69.935382	G#4	64	108	0	4
440	69.836898	70.153185	G#3	64	100	1	-5
441	69.836898	70.245987	C#4	64	97	0	2
442	69.836898	70.338790	F4	64	93	0	1
443	70.064170	70.170230	G#4	64	102	0	4
444	70.064170	70.251669	F3	64	82	1	-3
445	70.291442	70.410760	C#4	64	102	0	2
446	70.291442	70.615304	A#2	64	102	1	-5
447	70.518714	73.516810	D#4	64	108	0	4
448	70.745986	71.005455	A#3	64	92	1	-3
449	70.745986	71.350150	D#4	64	87	0	4
450	70.745986	71.783861	D#3	64	114	1	-5
451	71.200530	71.497877	A#3	64	69	1	-3
452	71.655074	71.914543	A#3	64	111	1	-3
453	71.655074	71.914543	F#4	64	111	0	2
454	71.655074	71.931588	D#4	64	117	0	4
455	71.882346	74.194838	D#3	64	87	1	-5
456	72.109618	72.245981	A#3	64	94	1	-3
457	72.336890	72.596359	A#3	64	82	1	-3
458	72.336890	72.664540	F4	64	85	0	1
459	72.791434	73.164539	A#3	64	92	1	-3
460	72.791434	74.247868	D#4	64	92	0	4
461	74.382338	74.838776	B3	64	92	1	-2
462	74.382338	74.878548	D#4	64	100	0	4
463	74.382338	75.899378	B2	64	105	1	-4
464	74.836882	75.117184	F#3	64	30	1	-2
465	75.064154	75.098245	D#4	64	55	0	4
466	75.064154	75.380441	B3	64	94	1	-2
467	75.064154	75.448622	F#4	64	102	0	2
468	75.291426	75.880439	F#3	64	50	1	-2
469	75.518698	75.787636	B3	64	87	1	-2
470	75.745970	75.971348	D#4	64	105	0	4
471	75.973242	76.058469	B3	64	76	1	-2
472	76.200514	76.433468	C#4	64	92	0	2
473	76.200514	76.554679	F4	64	96	0	1
474	76.200514	77.361495	C#3	64	100	1	-2
475	76.427786	76.954299	G#3	64	40	1	-5
476	76.655058	76.702406	C#4	64	27	0	2
477	76.882330	77.179677	C#4	64	102	0	2
478	76.882330	77.187253	G#4	64	102	0	4
479	77.109602	77.306571	G#3	64	69	1	-5
480	77.336874	77.458085	C#4	64	94	0	2
481	77.336874	77.641797	F4	64	102	0	1
482	77.564146	77.848236	C#4	64	58	0	2
483	77.791418	77.927781	F4	64	65	0	1
484	78.018690	78.272477	B3	64	102	1	-2
485	78.018690	78.480809	D#4	64	108	0	4
486	78.018690	79.423988	B2	64	97	1	-4
487	78.245962	78.764899	F#3	64	52	1	-2
488	78.473234	78.571718	B3	64	52	1	-2
489	78.700506	78.935353	B3	64	92	1	-2
490	78.700506	78.969444	F#4	64	94	0	2
491	78.927778	79.276261	F#3	64	71	1	-2
492	79.155050	79.465655	D#4	64	108	0	4
493	79.382322	79.656942	B3	64	89	1	-2
494	79.609594	79.770578	D#4	64	94	0	4
495	79.836866	80.317925	F4	64	96	0	1
496	79.836866	80.910726	C#3	64	100	1	-2
497	80.064138	80.586863	G#3	64	64	1	-5
498	80.291410	80.412621	C#4	64	84	0	2
499	80.518682	80.778151	C#4	64	89	0	2
500	80.518682	80.780045	F4	64	102	0	1
501	80.518682	80.795196	G#4	64	94	0	4
502	80.745954	81.014892	G#3	64	87	1	-5
503	80.973226	81.115271	C#4	64	89	0	2
504	80.973226	81.202392	F4	64	105	0	1
505	80.973226	81.314134	G#4	64	100	0	4
506	81.655042	81.887996	A#3	64	97	1	-3
507	81.655042	82.162616	D#4	64	105	0	4
508	81.655042	83.164507	A#2	64	100	1	-5
509	81.882314	82.435342	F3	64	87	1	-3
510	82.109586	82.228904	A#3	64	89	1	-3
511	82.336858	82.355797	G#4	64	58	0	4
512	82.336858	82.586857	A#3	64	114	1	-3
513	82.336858	82.649357	D#4	64	114	0	4
514	82.564130	82.984583	F3	64	65	1	-3
515	82.791402	82.846326	D#4	64	50	0	4
516	82.791402	82.958068	A#3	64	89	1	-3
517	83.018674	83.143673	A#3	64	47	1	-3
518	83.018674	83.262991	D#4	64	87	0	4
519	83.245946	83.369051	A#3	64	87	1	-3
520	83.473218	83.738368	A#3	64	92	1	-3
521	83.473218	83.834959	D4	64	96	0	3
522	83.473218	84.492154	A#2	64	92	1	-5
523	83.700490	84.181549	F3	64	93	1	-3
524	83.927762	84.028140	A#3	64	97	1	-3
525	84.155034	84.425866	D4	64	109	0	3
526	84.155034	84.439124	A#3	64	100	1	-3
527	84.155034	84.444806	F4	64	90	0	1
528	84.382306	84.698593	F3	64	96	1	-3
529	84.609578	84.827380	A#3	64	105	1	-3
530	84.609578	84.978895	D4	64	112	0	3
531	84.609578	85.111470	F4	64	109	0	1
532	84.836850	85.054652	A#2	64	94	1	-5
533	85.064122	85.185333	A#3	64	94	1	-3
534	85.291394	85.594423	A#3	64	94	1	-3
535	85.291394	85.617150	D4	64	96	0	3
536	85.291394	85.622832	F4	64	87	0	1
537	85.291394	85.986467	A#2	64	97	1	-5
538	85.745938	85.980785	D4	64	57	0	3
539	85.745938	85.988361	A#3	64	71	1	-3
540	85.745938	85.990255	F4	64	42	0	1
541	86.200482	86.425860	A#3	64	111	1	-3
542	86.200482	86.511087	D4	64	112	0	3
543	86.200482	86.512981	A#4	64	94	0	1
544	86.200482	86.537602	F4	64	105	0	1
545	86.427754	86.961843	F3	64	90	1	-3
546	86.655026	86.675859	F4	64	4	0	1
547	86.655026	86.759192	A#3	64	94	1	-3
548	86.882298	87.147448	G#4	64	78	0	4
549	86.882298	87.168282	A#3	64	94	1	-3
550	86.882298	87.172070	D4	64	87	0	3
551	86.882298	87.194797	F4	64	77	0	1
552	87.109570	88.149339	A#2	64	92	1	-5
553	87.336842	87.611462	A#3	64	108	1	-3
554	87.336842	87.620932	D4	64	109	0	3
555	87.336842	87.649341	F4	64	109	0	1
556	87.336842	87.658810	A#4	64	97	0	1
557	87.564114	88.122824	F3	64	93	1	-3
558	87.791386	87.840628	D4	64	36	0	3
559	87.791386	87.910704	A#3	64	94	1	-3
560	88.018658	88.427747	A#3	64	111	1	-3
561	88.018658	88.533808	D4	64	112	0	3
562	88.018658	88.601989	F4	64	109	0	1
563	88.245930	88.471308	D3	64	93	1	-1
564	88.473202	88.603883	F3	64	109	1	-3
565	88.700474	88.821685	A#3	64	114	1	-3
566	88.927746	89.395547	B3	64	100	1	-2
567	88.927746	89.439108	D#4	64	108	0	4
568	88.927746	90.431529	B2	64	100	1	-4
569	89.382290	89.666380	F#3	64	76	1	-2
570	89.609562	89.878500	B3	64	114	1	-2
571	89.609562	89.893652	F#4	64	105	0	2
572	89.836834	90.168272	F#3	64	78	1	-2
573	90.064106	90.314105	B3	64	105	1	-2
574	90.064106	90.405014	D#4	64	117	0	4
575	90.291378	90.607665	F#3	64	76	1	-2
576	90.518650	90.573574	D#4	64	44	0	4
577	90.518650	90.634180	B3	64	94	1	-2
578	90.745922	90.986451	C#4	64	82	0	2
579	90.745922	91.092512	F4	64	96	0	1
580	90.745922	92.007281	C#3	64	100	1	-2
581	90.973194	91.499707	G#3	64	76	1	-5
582	91.427738	91.692888	G#4	64	102	0	4
583	91.427738	91.728873	C#4	64	97	0	2
584	91.655010	92.009175	G#3	64	80	1	-5
585	91.882282	92.156902	C#4	64	102	0	2
586	91.882282	92.374704	F4	64	102	0	1
587	92.109554	92.281902	G#3	64	22	1	-5
588	92.109554	92.384174	C#3	64	51	1	-2
589	92.336826	92.458037	C#4	64	100	0	2
590	92.564098	93.075460	B3	64	102	1	-2
591	92.564098	93.090611	D#4	64	102	0	4
592	92.564098	94.238335	B2	64	97	1	-4
593	93.018642	93.757276	F#3	64	51	1	-2
594	93.245914	93.387959	B3	64	108	1	-2
595	93.700458	93.920154	B3	64	114	1	-2
596	93.700458	93.965608	F#4	64	111	0	2
597	93.927730	94.249698	F#3	64	82	1	-2
598	94.155002	94.202350	F#4	64	7	0	2
599	94.155002	94.317880	B3	64	87	1	-2
600	94.382274	95.619012	C#3	64	102	1	-2
601	94.609546	95.120908	G#3	64	84	1	-5
602	94.836818	94.937196	C#4	64	108	0	2
603	95.064090	95.340604	C#4	64	105	0	2
604	95.064090	95.376589	F4	64	112	0	1
605	95.291362	95.817875	F3	64	90	1	-3
606	95.518634	95.547043	A#4	64	53	0	1
607	95.518634	95.757269	C#4	64	102	0	2
608	95.518634	96.067874	F4	64	96	0	1
609	95.745906	95.914466	C#3	64	1	1	-2
610	95.745906	95.942875	G#3	64	49	1	-5
611	95.973178	96.166359	C#4	64	97	0	2
612	96.200450	96.459919	D#4	64	94	0	4
613	96.200450	96.537570	F#4	64	105	0	2
614	96.200450	97.255371	D#3	64	100	1	-5
615	96.427722	96.940978	A#3	64	84	1	-3
616	96.654994	96.734539	D#4	64	71	0	4
617	96.882266	97.111432	F#4	64	117	0	2
618	96.882266	97.115220	D#4	64	108	0	4
619	97.109538	97.334916	A#3	64	87	1	-3
620	97.336810	97.632263	D#4	64	105	0	4
621	97.336810	97.910672	F#4	64	114	0	2
622	97.791354	97.931505	D#4	64	64	0	4
623	98.018626	98.516730	F#4	64	111	0	2
624	98.018626	99.630363	A#2	64	100	1	-5
625	98.473170	98.804608	F3	64	90	1	-3
626	98.700442	98.986426	A#3	64	111	1	-3
627	98.927714	99.181501	F3	64	93	1	-3
628	99.154986	99.420136	A#3	64	111	1	-3
629	99.154986	99.734529	F4	64	112	0	1
630	99.382258	99.666348	F3	64	90	1	-3
631	99.609530	99.725060	A#3	64	92	1	-3
632	99.836802	100.101952	B3	64	87	1	-2
633	99.836802	100.219376	D#4	64	100	0	4
634	99.836802	101.397403	B2	64	100	1	-4
635	100.064074	100.556496	F#3	64	78	1	-2
636	100.291346	100.323543	B3	64	12	1	-2
637	100.518618	100.787556	B3	64	111	1	-2
638	100.518618	100.993995	F#4	64	102	0	2
639	100.745890	101.444751	F#3	64	84	1	-2
640	100.973162	101.257252	B3	64	97	1	-2
641	101.200434	101.342479	D#4	64	108	0	4
642	101.427706	101.719371	F#4	64	94	0	2
643	101.654978	102.141719	F4	64	109	0	1
644	101.654978	103.293230	C#3	64	97	1	-2
645	101.882250	102.452324	G#3	64	80	1	-5
646	102.109522	102.189067	C#4	64	80	0	2
647	102.336794	102.622778	F4	64	102	0	1
648	102.336794	102.658762	C#4	64	92	0	2
649	102.564066	103.054594	F3	64	90	1	-3
650	102.791338	103.056488	C#4	64	89	0	2
651	102.791338	103.062170	G#4	64	100	0	4
652	103.018610	103.164443	G#3	64	69	1	-5
653	103.245882	103.365200	F3	64	61	1	-3
654	103.245882	103.376563	C#4	64	84	0	2
655	103.473154	103.969364	C#4	64	87	0	2
656	103.473154	104.058379	F4	64	90	0	1
657	103.473154	104.217470	G#3	64	94	1	-5
658	103.473154	105.058376	C#3	64	100	1	-2
659	103.927698	104.111409	F3	64	11	1	-3
660	104.154970	104.429590	C#4	64	105	0	2
661	104.154970	104.473151	G#4	64	105	0	4
662	104.382242	104.622771	G#3	64	76	1	-5
663	104.609514	104.844361	C#4	64	97	0	2
664	104.609514	105.162542	F4	64	105	0	1
665	105.064058	105.215572	C#4	64	42	0	2
666	105.291330	106.969355	C#4	64	87	0	2
667	105.291330	106.984506	F4	64	74	0	1
668	105.291330	106.993976	G#3	64	89	1	-5
669	105.291330	107.009127	C#3	64	92	1	-2
670	106.654962	106.761022	C#4	64	111	0	2
671	106.882234	106.986400	D#4	64	108	0	4
672	107.109506	107.454202	F#4	64	108	0	2
673	107.109506	107.804579	F#3	64	71	1	-2
674	107.109506	107.842458	C#4	64	80	0	2
675	107.109506	108.859500	F#2	64	89	1	-4
676	107.564050	107.673898	F#4	64	94	0	2
677	107.564050	108.204199	C#3	64	39	1	-2
678	107.791322	108.293214	F#4	64	105	0	2
679	108.018594	108.726925	F#3	64	89	1	-2
680	108.018594	108.772379	C#4	64	100	0	2
681	108.473138	108.594349	G#4	64	102	0	4
682	108.700410	108.821621	A#4	64	87	0	1
683	108.927682	109.223135	G#4	64	111	0	4
684	108.927682	109.740179	A#3	64	94	1	-3
685	108.927682	109.749649	F#3	64	82	1	-2
686	108.927682	110.287526	D#2	64	85	1	-2
687	109.382226	109.493968	F#4	64	94	0	2
688	109.609498	109.961769	F#4	64	105	0	2
689	109.836770	110.060254	F#3	64	89	1	-2
690	109.836770	110.694722	A#3	64	102	1	-3
691	109.836770	110.704191	D#4	64	97	0	4
692	110.291314	110.431465	F#4	64	105	0	2
693	110.291314	110.670100	F#3	64	60	1	-2
694	110.518586	110.630328	G#4	64	105	0	4
695	110.745858	111.046993	A#4	64	105	0	1
696	110.745858	111.382219	F#3	64	80	1	-2
697	110.745858	111.387901	A#3	64	89	1	-3
698	110.745858	111.836763	F#2	64	97	1	-4
699	111.200402	111.331083	A#4	64	102	0	1
700	111.200402	111.848127	C#3	64	34	1	-2
701	111.427674	111.546992	G#4	64	97	0	4
702	111.654946	112.012899	A#4	64	114	0	1
703	111.654946	111.884112	A#3	64	111	1	-3
704	111.654946	111.893581	F#3	64	97	1	-2
705	111.654946	112.009111	C#4	64	94	0	2
706	112.109490	112.207974	C#5	64	105	0	4
707	112.336762	113.361380	C#5	64	114	0	4
708	112.564034	113.154941	C#4	64	97	0	2
709	112.564034	113.217441	G#3	64	84	1	-5
710	112.564034	113.694712	A#2	64	100	1	-5
711	113.018578	113.664409	F3	64	31	1	-3
712	113.473122	113.906832	G#3	64	94	1	-5
713	113.473122	113.923878	C#4	64	100	0	2
714	113.473122	114.043196	F4	64	93	0	1
715	113.927666	114.043196	A#4	64	111	0	1
716	113.927666	114.211756	A#2	64	97	1	-5
717	114.154938	114.245847	C#5	64	108	0	4
718	114.382210	114.704178	D#5	64	108	0	1
719	114.382210	114.986374	D#4	64	80	0	4
720	114.382210	115.022359	B3	64	76	1	-2
721	114.382210	115.550767	B2	64	105	1	-4
722	114.836754	114.940920	A#4	64	108	0	1
723	114.836754	115.742054	F#3	64	44	1	-2
724	115.064026	115.503418	A#4	64	108	0	1
725	115.291298	115.673872	D#4	64	97	0	4
726	115.291298	115.694706	B3	64	92	1	-2
727	115.291298	116.122734	F#4	64	94	0	2
728	115.745842	115.855690	A#4	64	111	0	1
729	115.745842	116.020462	B2	64	82	1	-4
730	115.973114	116.073492	D#5	64	105	0	1
731	116.200386	116.486370	C#5	64	108	0	4
732	116.200386	116.831066	C#4	64	84	0	2
733	116.200386	116.832959	A#3	64	78	1	-3
734	116.200386	117.317806	A#2	64	97	1	-5
735	116.654930	116.760990	G#4	64	108	0	4
736	116.654930	117.395458	F3	64	41	1	-3
737	116.882202	117.431442	G#4	64	108	0	4
738	117.109474	117.575381	F4	64	90	0	1
739	117.109474	117.592427	A#3	64	97	1	-3
740	117.564018	117.668184	D#4	64	102	0	4
741	117.564018	117.817805	A#2	64	94	1	-5
742	117.791290	117.870835	F4	64	109	0	1
743	118.018562	118.310227	F#4	64	102	0	2
744	118.018562	118.700378	B3	64	92	1	-2
745	118.018562	118.747726	F#3	64	80	1	-2
746	118.018562	119.158710	G#2	64	100	1	-2
747	118.473106	118.609469	F#4	64	105	0	2
748	118.473106	119.135982	D#3	64	27	1	-5
749	118.700378	118.959847	D#4	64	102	0	4
750	118.927650	119.281815	B3	64	108	1	-2
751	118.927650	119.295073	F#3	64	94	1	-2
752	118.927650	119.336739	D#4	64	102	0	4
753	119.154922	119.832950	A#4	64	102	0	1
754	119.382194	119.751511	G#2	64	92	1	-2
755	119.836738	121.196582	G#4	64	102	0	4
756	119.836738	120.096207	G#3	64	100	1	-5
757	119.836738	120.098101	C#3	64	102	1	-2
758	119.836738	120.126510	C#4	64	97	0	2
759	120.518554	120.598099	F#3	64	89	1	-2
760	120.518554	120.617038	C#4	64	94	0	2
761	120.518554	120.617038	F#4	64	100	0	2
762	120.518554	120.670068	B2	64	105	1	-4
763	120.973098	121.601884	C#3	64	97	1	-2
764	120.973098	121.671959	F3	64	35	1	-3
765	120.973098	121.675747	G#3	64	73	1	-5
766	120.973098	121.685217	F4	64	82	0	1
767	120.973098	121.692792	G#4	64	97	0	4
768	121.200370	121.306430	C#4	64	111	0	2
769	121.427642	121.531808	D#4	64	108	0	4
770	121.654914	121.999610	F#4	64	108	0	2
771	121.654914	121.662489	C#4	64	80	0	2
772	121.654914	122.349987	F#3	64	71	1	-2
773	121.654914	123.404908	F#2	64	89	1	-4
774	122.109458	122.219306	F#4	64	94	0	2
775	122.109458	122.749607	C#3	64	39	1	-2
776	122.336730	122.838622	F#4	64	105	0	2
777	122.564002	123.272333	F#3	64	89	1	-2
778	122.564002	123.317787	C#4	64	100	0	2
779	123.018546	123.139757	G#4	64	102	0	4
780	123.245818	123.367029	A#4	64	87	0	1
781	123.473090	123.768543	G#4	64	111	0	4
782	123.473090	124.285587	A#3	64	94	1	-3
783	123.473090	124.295057	F#3	64	82	1	-2
784	123.473090	124.832934	D#2	64	85	1	-2
785	123.927634	124.039376	F#4	64	94	0	2
786	124.154906	124.507177	F#4	64	105	0	2
787	124.382178	124.605662	F#3	64	89	1	-2
788	124.382178	125.240130	A#3	64	102	1	-3
789	124.382178	125.249599	D#4	64	97	0	4
790	124.836722	124.976873	F#4	64	105	0	2
791	124.836722	125.215508	F#3	64	60	1	-2
792	125.063994	125.175736	G#4	64	105	0	4
793	125.291266	125.592401	A#4	64	105	0	1
794	125.291266	125.927627	F#3	64	80	1	-2
795	125.291266	125.933309	A#3	64	89	1	-3
796	125.291266	126.382171	F#2	64	97	1	-4
797	125.745810	125.876491	A#4	64	102	0	1
798	125.745810	126.393535	C#3	64	34	1	-2
799	125.973082	126.092400	G#4	64	97	0	4
800	126.200354	126.558307	A#4	64	114	0	1
801	126.200354	126.429520	A#3	64	111	1	-3
802	126.200354	126.438989	F#3	64	97	1	-2
803	126.200354	126.554519	C#4	64	94	0	2
804	126.654898	126.753382	C#5	64	105	0	4
805	126.882170	127.906788	C#5	64	114	0	4
806	127.109442	127.700349	C#4	64	97	0	2
807	127.109442	127.762849	G#3	64	84	1	-5
808	127.109442	128.240120	A#2	64	100	1	-5
809	127.563986	128.209817	F3	64	31	1	-3
810	128.018530	128.452240	G#3	64	94	1	-5
811	128.018530	128.469286	C#4	64	100	0	2
812	128.018530	128.588604	F4	64	93	0	1
813	128.473074	128.588604	A#4	64	111	0	1
814	128.473074	128.757164	A#2	64	97	1	-5
815	128.700346	128.791255	C#5	64	108	0	4
816	128.927618	129.249586	D#5	64	108	0	1
817	128.927618	129.531782	D#4	64	80	0	4
818	128.927618	129.567767	B3	64	76	1	-2
819	128.927618	130.096175	B2	64	105	1	-4
820	129.382162	129.486328	A#4	64	108	0	1
821	129.382162	130.287462	F#3	64	44	1	-2
822	129.609434	130.048826	A#4	64	108	0	1
823	129.836706	130.219280	D#4	64	97	0	4
824	129.836706	130.240114	B3	64	92	1	-2
825	129.836706	130.668142	F#4	64	94	0	2
826	130.291250	130.401098	A#4	64	111	0	1
827	130.291250	130.565870	B2	64	82	1	-4
828	130.518522	130.618900	D#5	64	105	0	1
829	130.745794	131.031778	C#5	64	108	0	4
830	130.745794	131.376474	C#4	64	84	0	2
831	130.745794	131.378367	A#3	64	78	1	-3
832	130.745794	131.863214	A#2	64	97	1	-5
833	131.200338	131.306398	G#4	64	108	0	4
834	131.200338	131.940866	F3	64	41	1	-3
835	131.427610	131.976850	G#4	64	108	0	4
836	131.654882	132.120789	F4	64	90	0	1
837	131.654882	132.137835	A#3	64	97	1	-3
838	132.109426	132.213592	D#4	64	102	0	4
839	132.109426	132.363213	A#2	64	94	1	-5
840	132.336698	132.416243	F4	64	109	0	1
841	132.563970	132.855635	F#4	64	102	0	2
842	132.563970	132.993893	F#3	64	94	1	-2
843	132.563970	133.048817	B3	64	97	1	-2
844	132.563970	133.067756	G#2	64	97	1	-2
845	133.018514	133.154877	F#4	64	105	0	2
846	133.245786	133.505255	D#4	64	102	0	4
847	133.473058	133.978738	A#2	64	97	1	-5
848	133.473058	134.130253	A#3	64	97	1	-3
849	133.473058	134.217374	C#4	64	100	0	2
850	133.927602	134.224949	D#4	64	105	0	4
851	134.382146	135.446536	C#4	64	105	0	2
852	134.609418	134.800705	C#4	64	100	0	2
853	134.609418	134.800705	F4	64	102	0	1
854	134.609418	134.821538	C#3	64	102	1	-2
855	134.609418	134.838584	G#3	64	105	1	-5
856	135.063962	135.696535	A#3	64	94	1	-3
857	135.063962	135.868883	D#4	64	94	0	4
858	135.063962	136.046913	F#4	64	105	0	2
859	135.063962	136.134034	D#3	64	108	1	-5
860	135.745778	136.056383	A#3	64	94	1	-3
861	135.973050	136.141610	D#4	64	100	0	4
862	136.200322	136.306382	A#4	64	111	0	1
863	136.200322	136.827214	C#4	64	84	0	2
864	136.200322	136.902971	F#4	64	94	0	2
865	136.200322	137.308273	D#3	64	105	1	-5
866	136.427594	136.753350	A#4	64	105	0	1
867	136.654866	137.296909	A#3	64	69	1	-3
868	136.882138	136.991986	A#4	64	111	0	1
869	137.109410	137.404863	A#4	64	111	0	1
870	137.109410	137.664332	C#4	64	100	0	2
871	137.109410	137.709787	F#4	64	105	0	2
872	137.563954	137.690847	D#5	64	105	0	1
873	137.563954	139.247660	D#3	64	69	1	-5
874	137.791226	138.974934	D#5	64	108	0	1
875	137.791226	138.217361	A#3	64	78	1	-3
876	138.018498	138.545011	C#4	64	100	0	2
877	138.018498	138.601829	F#4	64	105	0	2
878	138.473042	138.984404	A#3	64	71	1	-3
879	138.700314	138.804480	C#4	64	60	0	2
880	138.927586	139.207888	C#4	64	97	0	2
881	138.927586	139.245767	A#4	64	100	0	1
882	138.927586	139.253342	F#4	64	111	0	2
883	139.154858	139.276069	A#3	64	89	1	-3
884	139.382130	139.524175	C#4	64	108	0	2
885	139.836674	139.967355	F5	64	109	0	3
886	139.836674	140.438945	C#4	64	89	0	2
887	139.836674	140.480611	G#3	64	100	1	-5
888	139.836674	141.526062	A#2	64	102	1	-5
889	140.063946	140.410536	F5	64	93	0	3
890	140.291218	140.910534	F3	64	29	1	-3
891	140.518490	140.649171	F5	64	112	0	3
892	140.745762	141.056367	D#5	64	114	0	1
893	140.745762	141.181366	G#3	64	108	1	-5
894	140.745762	141.204094	C#4	64	111	0	2
895	140.745762	141.469244	F4	64	109	0	1
896	141.200306	141.306366	C#5	64	108	0	4
897	141.200306	141.675683	F3	64	30	1	-3
898	141.427578	142.601816	A#4	64	114	0	1
899	141.427578	141.567729	G#3	64	71	1	-5
900	141.654850	142.188939	G#3	64	82	1	-5
901	141.654850	142.249545	C#4	64	89	0	2
902	141.654850	142.982497	A#2	64	87	1	-5
903	142.109394	142.643483	F3	64	23	1	-3
904	142.336666	142.391590	G#3	64	37	1	-5
905	142.563938	142.836664	G#3	64	105	1	-5
906	142.563938	142.921891	C#4	64	105	0	2
907	142.563938	143.287420	F4	64	99	0	1
908	142.791210	142.999542	F3	64	70	1	-3
909	143.018482	143.154845	A#4	64	114	0	1
910	143.018482	143.283632	G#3	64	80	1	-5
911	143.245754	143.351814	G#4	64	114	0	4
912	143.245754	143.391587	C#4	64	78	0	2
913	143.473026	143.562041	F#4	64	108	0	2
914	143.473026	144.113175	D#4	64	97	0	4
915	143.473026	144.120751	B3	64	82	1	-2
916	143.473026	144.698401	B2	64	100	1	-4
917	143.700298	143.785525	F#4	64	100	0	2
918	143.927570	144.026054	F#4	64	100	0	2
919	143.927570	144.482492	F#3	64	40	1	-2
920	144.154842	144.245751	F#4	64	87	0	2
921	144.382114	144.488174	F#4	64	105	0	2
922	144.382114	144.692719	B3	64	100	1	-2
923	144.382114	144.779840	D#4	64	105	0	4
924	144.382114	144.832870	F#4	64	102	0	2
925	144.609386	144.787415	D#4	64	108	0	4
926	144.609386	144.785522	F#3	64	55	1	-2
927	144.836658	145.060142	B2	64	94	1	-4
928	145.063930	145.374535	D#5	64	105	0	1
929	145.291202	145.781730	C#4	64	97	0	2
930	145.291202	145.819609	F4	64	90	0	1
931	145.291202	146.399153	C#3	64	105	1	-2
932	145.518474	145.618852	C#5	64	100	0	4
933	145.745746	145.861276	D#5	64	108	0	1
934	145.745746	146.406728	G#3	64	57	1	-5
935	145.973018	146.063927	C#5	64	111	0	4
936	145.973018	146.077184	C#4	64	69	0	2
937	146.200290	146.510895	D#5	64	108	0	1
938	146.200290	146.662409	C#4	64	102	0	2
939	146.200290	146.662409	F4	64	109	0	1
940	146.200290	146.683243	G#4	64	102	0	4
941	146.654834	146.740061	C#5	64	105	0	4
942	146.654834	146.759000	C#3	64	94	1	-2
943	146.882106	147.194605	D#5	64	114	0	1
944	146.882106	147.012787	C#4	64	94	0	2
945	147.109378	147.541195	C#4	64	84	0	2
946	147.109378	147.724906	F#4	64	97	0	2
947	147.109378	148.355586	F#2	64	105	1	-4
948	147.336650	147.419983	C#5	64	102	0	4
949	147.563922	149.819596	A#4	64	102	0	1
950	147.563922	148.077178	C#3	64	51	1	-2
951	148.018466	148.279829	C#4	64	102	0	2
952	148.018466	148.334753	F#4	64	114	0	2
953	148.018466	148.579070	A#4	64	105	0	1
954	148.245738	148.484373	C#3	64	69	1	-2
955	148.473010	148.687024	C#4	64	117	0	2
956	148.927554	149.198386	A#2	64	102	1	-5
957	148.927554	149.207856	A#3	64	100	1	-3
958	148.927554	149.232477	D4	64	102	0	3
959	149.154826	149.590430	D3	64	99	1	-1
960	149.382098	149.473007	A#3	64	94	1	-3
961	149.382098	149.620733	A#2	64	8	1	-5
962	149.609370	149.874520	D4	64	116	0	3
963	149.609370	149.885884	A#3	64	111	1	-3
964	149.609370	149.910505	F4	64	105	0	1
965	149.836642	150.111262	F3	64	96	1	-3
966	150.063914	150.338534	A#3	64	111	1	-3
967	150.063914	150.406716	D4	64	105	0	3
968	150.063914	150.622624	F4	64	85	0	1
969	150.063914	150.673760	A#4	64	100	0	1
970	150.291186	150.552549	F3	64	82	1	-3
971	150.518458	150.675654	D4	64	11	0	3
972	150.518458	150.757093	A#3	64	92	1	-3
973	150.745730	150.851790	A#4	64	111	0	1
974	150.745730	151.372622	C#4	64	84	0	2
975	150.745730	151.448379	F#4	64	94	0	2
976	150.745730	151.853681	D#3	64	105	1	-5
977	150.973002	151.298758	A#4	64	105	0	1
978	151.200274	151.842317	A#3	64	69	1	-3
979	151.427546	151.537394	A#4	64	111	0	1
980	151.654818	151.950271	A#4	64	111	0	1
981	151.654818	152.209740	C#4	64	100	0	2
982	151.654818	152.255195	F#4	64	105	0	2
983	152.109362	152.236255	D#5	64	105	0	1
984	152.109362	153.793068	D#3	64	69	1	-5
985	152.336634	153.520342	D#5	64	108	0	1
986	152.336634	152.762769	A#3	64	78	1	-3
987	152.563906	153.090419	C#4	64	100	0	2
988	152.563906	153.147237	F#4	64	105	0	2
989	153.018450	153.529812	A#3	64	71	1	-3
990	153.245722	153.349888	C#4	64	60	0	2
991	153.472994	153.753296	C#4	64	97	0	2
992	153.472994	153.791175	A#4	64	100	0	1
993	153.472994	153.798750	F#4	64	111	0	2
994	153.700266	153.821477	A#3	64	89	1	-3
995	153.927538	154.069583	C#4	64	108	0	2
996	154.382082	154.512763	F5	64	109	0	3
997	154.382082	154.984353	C#4	64	89	0	2
998	154.382082	155.026019	G#3	64	100	1	-5
999	154.382082	156.071470	A#2	64	102	1	-5
1000	154.609354	154.955944	F5	64	93	0	3
1001	154.836626	155.455942	F3	64	29	1	-3
1002	155.063898	155.194579	F5	64	112	0	3
1003	155.291170	155.601775	D#5	64	114	0	1
1004	155.291170	155.726774	G#3	64	108	1	-5
1005	155.291170	155.749502	C#4	64	111	0	2
1006	155.291170	156.014652	F4	64	109	0	1
1007	155.745714	155.851774	C#5	64	108	0	4
1008	155.745714	156.221091	F3	64	30	1	-3
1009	155.972986	157.147224	A#4	64	114	0	1
1010	155.972986	156.113137	G#3	64	71	1	-5
1011	156.200258	156.734347	G#3	64	82	1	-5
1012	156.200258	156.794953	C#4	64	89	0	2
1013	156.200258	157.527905	A#2	64	87	1	-5
1014	156.654802	157.188891	F3	64	23	1	-3
1015	156.882074	156.936998	G#3	64	37	1	-5
1016	157.109346	157.382072	G#3	64	105	1	-5
1017	157.109346	157.467299	C#4	64	105	0	2
1018	157.109346	157.832828	F4	64	99	0	1
1019	157.336618	157.544950	F3	64	70	1	-3
1020	157.563890	157.700253	A#4	64	114	0	1
1021	157.563890	157.829040	G#3	64	80	1	-5
1022	157.791162	157.897222	G#4	64	114	0	4
1023	157.791162	157.936995	C#4	64	78	0	2
1024	158.018434	158.107449	F#4	64	108	0	2
1025	158.018434	158.658583	D#4	64	97	0	4
1026	158.018434	158.666159	B3	64	82	1	-2
1027	158.018434	159.243809	B2	64	100	1	-4
1028	158.245706	158.330933	F#4	64	100	0	2
1029	158.472978	158.571462	F#4	64	100	0	2
1030	158.472978	159.027900	F#3	64	40	1	-2
1031	158.700250	158.791159	F#4	64	87	0	2
1032	158.927522	159.033582	F#4	64	105	0	2
1033	158.927522	159.238127	B3	64	100	1	-2
1034	158.927522	159.325248	D#4	64	105	0	4
1035	158.927522	159.378278	F#4	64	102	0	2
1036	159.154794	159.332823	D#4	64	108	0	4
1037	159.154794	159.330930	F#3	64	55	1	-2
1038	159.382066	159.605550	B2	64	94	1	-4
1039	159.609338	159.904791	G#4	64	111	0	4
1040	159.836610	160.482441	A#3	64	92	1	-3
1041	159.836610	160.508956	C#4	64	89	0	2
1042	159.836610	160.524108	F4	64	82	0	1
1043	159.836610	160.982439	A#2	64	105	1	-5
1044	160.063882	160.175624	G#4	64	94	0	4
1045	160.291154	160.397214	G#4	64	97	0	4
1046	160.291154	160.846076	F3	64	65	1	-3
1047	160.518426	160.628274	G#4	64	97	0	4
1048	160.745698	160.844182	G#4	64	108	0	4
1049	160.745698	161.061985	G#3	64	100	1	-5
1050	160.745698	161.154787	C#4	64	97	0	2
1051	160.745698	161.247590	F4	64	93	0	1
1052	160.972970	161.079030	G#4	64	102	0	4
1053	160.972970	161.160469	F3	64	82	1	-3
1054	161.200242	161.319560	C#4	64	102	0	2
1055	161.200242	161.524104	A#2	64	102	1	-5
1056	161.427514	164.425610	D#4	64	108	0	4
1057	161.654786	161.914255	A#3	64	92	1	-3
1058	161.654786	162.258950	D#4	64	87	0	4
1059	161.654786	162.692661	D#3	64	114	1	-5
1060	162.109330	162.406677	A#3	64	69	1	-3
1061	162.563874	162.823343	A#3	64	111	1	-3
1062	162.563874	162.823343	F#4	64	111	0	2
1063	162.563874	162.840388	D#4	64	117	0	4
1064	162.791146	165.103638	D#3	64	87	1	-5
1065	163.018418	163.154781	A#3	64	94	1	-3
1066	163.245690	163.505159	A#3	64	82	1	-3
1067	163.245690	163.573340	F4	64	85	0	1
1068	163.700234	164.073339	A#3	64	92	1	-3
1069	163.700234	165.156668	D#4	64	92	0	4
1070	165.291138	165.397198	A#4	64	111	0	1
1071	165.291138	165.918030	C#4	64	84	0	2
1072	165.291138	165.993787	F#4	64	94	0	2
1073	165.291138	166.399089	D#3	64	105	1	-5
1074	165.518410	165.844166	A#4	64	105	0	1
1075	165.745682	166.387725	A#3	64	69	1	-3
1076	165.972954	166.082802	A#4	64	111	0	1
1077	166.200226	166.495679	A#4	64	111	0	1
1078	166.200226	166.755148	C#4	64	100	0	2
1079	166.200226	166.800603	F#4	64	105	0	2
1080	166.654770	166.781663	D#5	64	105	0	1
1081	166.654770	168.338476	D#3	64	69	1	-5
1082	166.882042	168.065750	D#5	64	108	0	1
1083	166.882042	167.308177	A#3	64	78	1	-3
1084	167.109314	167.635827	C#4	64	100	0	2
1085	167.109314	167.692645	F#4	64	105	0	2
1086	167.563858	168.075220	A#3	64	71	1	-3
1087	167.791130	167.895296	C#4	64	60	0	2
1088	168.018402	168.298704	C#4	64	97	0	2
1089	168.018402	168.336583	A#4	64	100	0	1
1090	168.018402	168.344158	F#4	64	111	0	2
1091	168.245674	168.366885	A#3	64	89	1	-3
1092	168.472946	168.614991	C#4	64	108	0	2
1093	168.927490	169.058171	F5	64	109	0	3
1094	168.927490	169.529761	C#4	64	89	0	2
1095	168.927490	169.571427	G#3	64	100	1	-5
1096	168.927490	170.616878	A#2	64	102	1	-5
1097	169.154762	169.501352	F5	64	93	0	3
1098	169.382034	170.001350	F3	64	29	1	-3
1099	169.609306	169.739987	F5	64	112	0	3
1100	169.836578	170.147183	D#5	64	114	0	1
1101	169.836578	170.272182	G#3	64	108	1	-5
1102	169.836578	170.294910	C#4	64	111	0	2
1103	169.836578	170.560060	F4	64	109	0	1
1104	170.291122	170.397182	C#5	64	108	0	4
1105	170.291122	170.766499	F3	64	30	1	-3
1106	170.518394	171.692632	A#4	64	114	0	1
1107	170.518394	170.658545	G#3	64	71	1	-5
1108	170.745666	171.279755	G#3	64	82	1	-5
1109	170.745666	171.340361	C#4	64	89	0	2
1110	170.745666	172.073313	A#2	64	87	1	-5
1111	171.200210	171.734299	F3	64	23	1	-3
1112	171.427482	171.482406	G#3	64	37	1	-5
1113	171.654754	171.927480	G#3	64	105	1	-5
1114	171.654754	172.012707	C#4	64	105	0	2
1115	171.654754	172.378236	F4	64	99	0	1
1116	171.882026	172.090358	F3	64	70	1	-3
1117	172.109298	172.245661	A#4	64	114	0	1
1118	172.109298	172.374448	G#3	64	80	1	-5
1119	172.336570	172.442630	G#4	64	114	0	4
1120	172.336570	172.482403	C#4	64	78	0	2
1121	172.563842	172.652857	F#4	64	108	0	2
1122	172.563842	173.203991	D#4	64	97	0	4
1123	172.563842	173.211567	B3	64	82	1	-2
1124	172.563842	173.789217	B2	64	100	1	-4
1125	172.791114	172.876341	F#4	64	100	0	2
1126	173.018386	173.116870	F#4	64	100	0	2
1127	173.018386	173.573308	F#3	64	40	1	-2
1128	173.245658	173.336567	F#4	64	87	0	2
1129	173.472930	173.578990	F#4	64	105	0	2
1130	173.472930	173.783535	B3	64	100	1	-2
1131	173.472930	173.870656	D#4	64	105	0	4
1132	173.472930	173.923686	F#4	64	102	0	2
1133	173.700202	173.878231	D#4	64	108	0	4
1134	173.700202	173.876338	F#3	64	55	1	-2
1135	173.927474	174.150958	B2	64	94	1	-4
1136	174.154746	174.465351	D#5	64	105	0	1
1137	174.382018	174.872546	C#4	64	97	0	2
1138	174.382018	174.910425	F4	64	90	0	1
1139	174.382018	175.489969	C#3	64	105	1	-2
1140	174.609290	174.709668	C#5	64	100	0	4
1141	174.836562	174.952092	D#5	64	108	0	1
1142	174.836562	175.497544	G#3	64	57	1	-5
1143	175.063834	175.154743	C#5	64	111	0	4
1144	175.063834	175.168000	C#4	64	69	0	2
1145	175.291106	175.601711	D#5	64	108	0	1
1146	175.291106	175.753225	C#4	64	102	0	2
1147	175.291106	175.753225	F4	64	109	0	1
1148	175.291106	175.774059	G#4	64	102	0	4
1149	175.745650	175.830877	C#5	64	105	0	4
1150	175.745650	175.849816	C#3	64	94	1	-2
1151	175.972922	176.285421	D#5	64	114	0	1
1152	175.972922	176.103603	C#4	64	94	0	2
1153	176.200194	176.632011	C#4	64	84	0	2
1154	176.200194	176.815722	F#4	64	97	0	2
1155	176.200194	177.446402	F#2	64	105	1	-4
1156	176.427466	176.510799	C#5	64	102	0	4
1157	176.654738	178.910412	A#4	64	102	0	1
1158	176.654738	177.167994	C#3	64	51	1	-2
1159	177.109282	177.370645	C#4	64	102	0	2
1160	177.109282	177.425569	F#4	64	114	0	2
1161	177.109282	177.669886	A#4	64	105	0	1
1162	177.336554	177.575189	C#3	64	69	1	-2
1163	177.563826	177.777840	C#4	64	117	0	2
1164	178.018370	178.289202	A#2	64	102	1	-5
1165	178.018370	178.298672	A#3	64	100	1	-3
1166	178.018370	178.323293	D4	64	102	0	3
1167	178.245642	178.681246	D3	64	99	1	-1
1168	178.472914	178.563823	A#3	64	94	1	-3
1169	178.472914	178.711549	A#2	64	8	1	-5
1170	178.700186	178.965336	D4	64	116	0	3
1171	178.700186	178.976700	A#3	64	111	1	-3
1172	178.700186	179.001321	F4	64	105	0	1
1173	178.927458	179.202078	F3	64	96	1	-3
1174	179.154730	179.429350	A#3	64	111	1	-3
1175	179.154730	179.497532	D4	64	105	0	3
1176	179.154730	179.713440	F4	64	85	0	1
1177	179.154730	179.764576	A#4	64	100	0	1
1178	179.382002	179.643365	F3	64	82	1	-3
1179	179.609274	179.766470	D4	64	11	0	3
1180	179.609274	179.847909	A#3	64	92	1	-3
1181	179.836546	179.942606	A#4	64	111	0	1
1182	179.836546	180.463438	C#4	64	84	0	2
1183	179.836546	180.539195	F#4	64	94	0	2
1184	179.836546	180.944497	D#3	64	105	1	-5
1185	180.063818	180.389574	A#4	64	105	0	1
1186	180.291090	180.933133	A#3	64	69	1	-3
1187	180.518362	180.628210	A#4	64	111	0	1
1188	180.745634	181.041087	A#4	64	111	0	1
1189	180.745634	181.300556	C#4	64	100	0	2
1190	180.745634	181.346011	F#4	64	105	0	2
1191	181.200178	181.327071	D#5	64	105	0	1
1192	181.200178	182.883884	D#3	64	69	1	-5
1193	181.427450	182.611158	D#5	64	108	0	1
1194	181.427450	181.853585	A#3	64	78	1	-3
1195	181.654722	182.181235	C#4	64	100	0	2
1196	181.654722	182.238053	F#4	64	105	0	2
1197	182.109266	182.620628	A#3	64	71	1	-3
1198	182.336538	182.440704	C#4	64	60	0	2
1199	182.563810	182.844112	C#4	64	97	0	2
1200	182.563810	182.881991	A#4	64	100	0	1
1201	182.563810	182.889566	F#4	64	111	0	2
1202	182.791082	182.912293	A#3	64	89	1	-3
1203	183.018354	183.160399	C#4	64	108	0	2
1204	183.472898	183.603579	F5	64	109	0	3
1205	183.472898	184.075169	C#4	64	89	0	2
1206	183.472898	184.116835	G#3	64	100	1	-5
1207	183.472898	185.162286	A#2	64	102	1	-5
1208	183.700170	184.046760	F5	64	93	0	3
1209	183.927442	184.546758	F3	64	29	1	-3
1210	184.154714	184.285395	F5	64	112	0	3
1211	184.381986	184.692591	D#5	64	114	0	1
1212	184.381986	184.817590	G#3	64	108	1	-5
1213	184.381986	184.840318	C#4	64	111	0	2
1214	184.381986	185.105468	F4	64	109	0	1
1215	184.836530	184.942590	C#5	64	108	0	4
1216	184.836530	185.311907	F3	64	30	1	-3
1217	185.063802	186.238040	A#4	64	114	0	1
1218	185.063802	185.203953	G#3	64	71	1	-5
1219	185.291074	185.825163	G#3	64	82	1	-5
1220	185.291074	185.885769	C#4	64	89	0	2
1221	185.291074	186.618721	A#2	64	87	1	-5
1222	185.745618	186.279707	F3	64	23	1	-3
1223	185.972890	186.027814	G#3	64	37	1	-5
1224	186.200162	186.472888	G#3	64	105	1	-5
1225	186.200162	186.558115	C#4	64	105	0	2
1226	186.200162	186.923644	F4	64	99	0	1
1227	186.427434	186.635766	F3	64	70	1	-3
1228	186.654706	186.791069	A#4	64	114	0	1
1229	186.654706	186.919856	G#3	64	80	1	-5
1230	186.881978	186.988038	G#4	64	114	0	4
1231	186.881978	187.027811	C#4	64	78	0	2
1232	187.109250	187.198265	F#4	64	108	0	2
1233	187.109250	187.749399	D#4	64	97	0	4
1234	187.109250	187.756975	B3	64	82	1	-2
1235	187.109250	188.334625	B2	64	100	1	-4
1236	187.336522	187.421749	F#4	64	100	0	2
1237	187.563794	187.662278	F#4	64	100	0	2
1238	187.563794	188.118716	F#3	64	40	1	-2
1239	187.791066	187.881975	F#4	64	87	0	2
1240	188.018338	188.124398	F#4	64	105	0	2
1241	188.018338	188.328943	B3	64	100	1	-2
1242	188.018338	188.416064	D#4	64	105	0	4
1243	188.018338	188.469094	F#4	64	102	0	2
1244	188.245610	188.423639	D#4	64	108	0	4
1245	188.245610	188.421746	F#3	64	55	1	-2
1246	188.472882	188.696366	B2	64	94	1	-4
1247	188.700154	188.995607	G#4	64	111	0	4
1248	188.927426	189.573257	A#3	64	92	1	-3
1249	188.927426	189.599772	C#4	64	89	0	2
1250	188.927426	189.614924	F4	64	82	0	1
1251	188.927426	190.073255	A#2	64	105	1	-5
1252	189.154698	189.266440	G#4	64	94	0	4
1253	189.381970	189.488030	G#4	64	97	0	4
1254	189.381970	189.936892	F3	64	65	1	-3
1255	189.609242	189.719090	G#4	64	97	0	4
1256	189.836514	189.934998	G#4	64	108	0	4
1257	189.836514	190.152801	G#3	64	100	1	-5
1258	189.836514	190.245603	C#4	64	97	0	2
1259	189.836514	190.338406	F4	64	93	0	1
1260	190.063786	190.169846	G#4	64	102	0	4
1261	190.063786	190.251285	F3	64	82	1	-3
1262	190.291058	190.410376	C#4	64	102	0	2
1263	190.291058	190.614920	A#2	64	102	1	-5
1264	190.518330	193.516426	D#4	64	108	0	4
1265	190.745602	191.005071	A#3	64	92	1	-3
1266	190.745602	191.349766	D#4	64	87	0	4
1267	190.745602	191.783477	D#3	64	114	1	-5
1268	191.200146	191.497493	A#3	64	69	1	-3
1269	191.654690	191.914159	A#3	64	111	1	-3
1270	191.654690	191.914159	F#4	64	111	0	2
1271	191.654690	191.931204	D#4	64	117	0	4
1272	191.881962	194.194454	D#3	64	87	1	-5
1273	192.109234	192.245597	A#3	64	94	1	-3
1274	192.336506	192.595975	A#3	64	82	1	-3
1275	192.336506	192.664156	F4	64	85	0	1
1276	192.791050	193.164155	A#3	64	92	1	-3
1277	192.791050	194.247484	D#4	64	92	0	4
1278	194.381954	194.961497	B3	64	71	1	-2
1279	194.381954	194.961497	D4	64	59	0	3
1280	194.381954	195.022103	A4	64	55	0	5
1281	194.381954	195.455814	B2	64	60	1	-4
1282	194.836498	195.478541	F#3	64	29	1	-2
1283	195.291042	195.580814	D4	64	109	0	3
1284	195.291042	195.639525	B3	64	87	1	-2
1285	195.291042	195.639525	A4	64	85	0	5
1286	195.745586	196.135736	B2	64	71	1	-4
1287	196.200130	196.806188	G#4	64	84	0	4
1288	196.200130	196.815658	B3	64	71	1	-2
1289	196.200130	196.817552	E4	64	82	0	5
1290	196.200130	197.463383	E3	64	67	1	-4
1291	196.654674	197.493686	G#3	64	23	1	-5
1292	197.109218	197.518307	B3	64	84	1	-2
1293	197.109218	197.550504	E4	64	89	0	5
1294	197.109218	197.586489	G#4	64	89	0	4
1295	198.018306	198.633834	B3	64	69	1	-2
1296	198.018306	198.654667	E4	64	80	0	5
1297	198.018306	199.190650	C#3	64	89	1	-2
1298	198.472850	199.150878	G#3	64	41	1	-5
1299	198.927394	199.327014	B3	64	97	1	-2
1300	198.927394	199.345953	E4	64	102	0	5
1301	198.927394	199.391407	G#4	64	97	0	4
1302	199.381938	199.808073	C#3	64	89	1	-2
1303	199.836482	200.112996	C#4	64	76	0	2
1304	199.836482	200.349738	F#4	64	89	0	2
1305	199.836482	201.253144	F#3	64	67	1	-2
1306	200.291026	200.565646	C#4	64	89	0	2
1307	200.745570	200.978524	F#4	64	100	0	2
1308	200.745570	201.088372	C#4	64	94	0	2
1309	201.200114	201.298598	E4	64	84	0	5
1310	201.654658	202.332686	B3	64	73	1	-2
1311	201.654658	202.336474	D4	64	70	0	3
1312	201.654658	202.859199	B2	64	100	1	-4
1313	202.109202	202.737988	F#3	64	27	1	-2
1314	202.563746	203.044805	B3	64	92	1	-2
1315	202.563746	203.135714	D4	64	93	0	3
1316	202.563746	203.211471	F#4	64	94	0	2
1317	203.018290	203.325107	F#3	64	55	1	-2
1318	203.018290	203.351622	B2	64	1	1	-4
1319	203.245562	203.372455	B3	64	78	1	-2
1320	203.472834	204.069423	E4	64	97	0	5
1321	203.472834	204.109195	B3	64	84	1	-2
1322	203.472834	204.974723	E3	64	84	1	-4
1323	203.927378	204.982299	G#3	64	46	1	-5
1324	204.381922	205.042904	B3	64	92	1	-2
1325	204.381922	205.075101	E4	64	102	0	5
1326	204.381922	205.094041	G#4	64	94	0	4
1327	205.291010	205.895174	C#4	64	78	0	2
1328	205.291010	205.917902	F#4	64	94	0	2
1329	205.291010	206.965247	C#3	64	92	1	-2
1330	205.745554	206.289113	G#3	64	67	1	-5
1331	206.200098	206.491763	C#4	64	100	0	2
1332	206.200098	206.641384	F#4	64	105	0	2
1333	206.427370	206.961459	G#3	64	78	1	-5
1334	206.654642	206.919792	C#4	64	82	0	2
1335	207.109186	208.427363	C#3	64	92	1	-2
1336	207.109186	208.440621	G#3	64	87	1	-5
1337	207.109186	208.656529	B3	64	94	1	-2
1338	207.109186	208.656529	F4	64	65	0	1
1339	209.116755	213.124318	F#2	64	94	1	-4
1340	209.323194	213.128106	C#3	64	62	1	-2
1341	209.486072	213.406514	F#3	64	48	1	-2
1342	209.605390	213.340226	A#3	64	78	1	-3
1343	209.690617	213.330757	C#4	64	44	0	2
1344	209.755011	213.391363	F#4	64	62	0	2
