//Version: PianoFingering_v170101
0	0.702621	0.946573	D4	64	68	0	3
1	0.702621	0.958669	A#3	64	66	1	-3
2	0.702621	0.971774	G2	64	83	1	-3
3	0.702621	0.972782	G3	64	61	1	-1
4	1.428428	1.524194	G3	64	59	1	-1
5	1.428428	1.527218	D4	64	67	0	3
6	1.428428	1.530242	A#3	64	64	1	-3
7	1.428428	1.565524	G2	64	77	1	-3
8	1.670363	1.775202	D4	64	74	0	3
9	1.670363	1.790323	G3	64	70	1	-1
10	1.670363	1.790323	A#3	64	74	1	-3
11	1.670363	1.799395	G2	64	68	1	-3
12	2.638105	2.729839	D4	64	70	0	3
13	2.638105	2.736895	A#3	64	64	1	-3
14	2.638105	2.745968	G3	64	65	1	-1
15	2.638105	2.766129	G2	64	81	1	-3
16	3.363912	3.434476	D4	64	69	0	3
17	3.363912	3.438508	G3	64	63	1	-1
18	3.363912	3.451613	A#3	64	67	1	-3
19	3.363912	3.494960	G2	64	79	1	-3
20	3.605847	3.852823	D4	64	85	0	3
21	3.605847	3.859879	A#3	64	83	1	-3
22	3.605847	3.867944	G3	64	73	1	-1
23	3.605847	3.899194	G2	64	74	1	-3
24	4.573589	5.157258	G3	64	72	1	-1
25	4.573589	5.160283	A#3	64	71	1	-3
26	4.573589	5.160283	D4	64	72	0	3
27	4.573589	5.247984	G2	64	70	1	-3
28	5.299396	5.357863	D4	64	77	0	3
29	5.299396	5.370968	G3	64	71	1	-1
30	5.299396	5.376008	A#3	64	77	1	-3
31	5.299396	5.452621	D2	64	77	1	-3
32	5.541331	6.086694	D2	64	100	1	-3
33	5.541331	6.089718	G3	64	76	1	-1
34	5.541331	6.089718	D4	64	83	0	3
35	5.541331	6.096775	A#3	64	79	1	-3
36	6.267138	6.535283	G3	64	75	1	-1
37	6.509073	6.532259	A#3	64	76	1	-3
38	6.509073	6.534275	D4	64	73	0	3
39	6.509073	7.046371	F4	64	79	0	1
40	6.509073	8.031251	A#2	64	104	1	-5
41	7.234880	7.308468	A#3	64	73	1	-3
42	7.234880	7.313509	D4	64	79	0	3
43	7.234880	7.313509	F4	64	79	0	1
44	7.234880	7.340726	F2	64	93	1	-5
45	7.476815	8.013105	F2	64	87	1	-5
46	7.476815	8.015122	D4	64	87	0	3
47	7.476815	8.015122	F4	64	87	0	1
48	7.476815	8.022178	A#3	64	79	1	-3
49	8.444557	8.958670	F2	64	111	1	-5
50	8.928428	9.023186	C4	64	74	0	1
51	8.928428	9.029234	F3	64	81	1	-3
52	8.928428	9.037299	A3	64	69	1	-4
53	9.170364	9.275202	C2	64	100	1	-5
54	9.412299	9.855847	C2	64	121	1	-5
55	9.912299	10.200606	C4	64	90	0	1
56	9.912299	10.203630	A3	64	87	1	-4
57	9.912299	10.210686	F3	64	87	1	-3
58	10.380041	10.928428	D#2	64	81	1	-2
59	10.863912	10.993952	D#3	64	81	1	-5
60	10.863912	10.993952	G3	64	77	1	-1
61	10.863912	10.993952	A#3	64	79	1	-3
62	11.105848	11.191533	D#2	64	122	1	-2
63	11.347783	11.656251	G3	64	85	1	-1
64	11.347783	11.664315	A#3	64	90	1	-3
65	11.347783	11.683469	D#3	64	86	1	-5
66	11.347783	11.782259	D#2	64	123	1	-2
67	12.315525	12.857864	G2	64	104	1	-3
68	12.799396	13.593751	G4	64	87	0	3
69	12.799396	13.595767	D4	64	90	0	3
70	12.799396	13.597783	A#3	64	79	1	-3
71	13.041332	13.134073	G2	64	111	1	-3
72	13.283267	13.744961	G2	64	95	1	-3
73	13.767138	14.288307	G4	64	87	0	3
74	13.767138	14.297380	D4	64	90	0	3
75	13.767138	14.318549	A#3	64	87	1	-3
76	14.251009	14.780243	A#2	64	108	1	-5
77	14.734880	15.114920	D4	64	83	0	3
78	14.734880	15.166332	A#3	64	77	1	-3
79	14.734880	15.200606	F4	64	87	0	1
80	14.976816	15.082662	A#2	64	120	1	-5
81	15.218751	15.691533	A#2	64	83	1	-5
82	15.702622	16.191533	D4	64	87	0	3
83	15.702622	16.193549	A#3	64	85	1	-3
84	15.702622	16.195566	F4	64	90	0	1
85	16.186493	16.743953	F2	64	100	1	-5
86	16.670364	16.931453	F3	64	74	1	-3
87	16.670364	16.934477	C4	64	73	0	1
88	16.670364	16.939517	A3	64	73	1	-4
89	16.912300	17.015122	F2	64	108	1	-5
90	17.154235	17.744961	F2	64	108	1	-5
91	17.638106	18.122985	C4	64	85	0	1
92	17.638106	18.123993	A3	64	90	1	-4
93	17.638106	18.127017	F3	64	104	1	-3
94	18.121977	18.378025	A#3	64	87	1	-3
95	18.121977	18.381050	D4	64	86	0	3
96	18.121977	18.393146	G3	64	86	1	-1
97	18.121977	18.414316	G2	64	100	1	-3
98	18.605848	18.845767	C4	64	81	0	1
99	18.605848	18.856856	F3	64	93	1	-3
100	18.605848	18.862904	A3	64	86	1	-4
101	18.605848	18.903227	F2	64	98	1	-5
102	19.089719	19.572582	D4	64	85	0	3
103	19.089719	19.580646	G2	64	87	1	-3
104	19.089719	19.581655	A#3	64	83	1	-3
105	19.089719	19.593751	G3	64	76	1	-1
106	20.057461	20.187501	G5	64	98	0	5
107	20.057461	20.557461	G2	64	93	1	-3
108	20.299397	20.560485	G5	64	79	0	5
109	20.541332	21.311493	A#3	64	76	1	-3
110	20.541332	21.312501	G3	64	69	1	-1
111	20.541332	21.314518	D4	64	79	0	3
112	20.783268	20.896171	G5	64	93	0	5
113	20.783268	20.873993	G2	64	104	1	-3
114	21.025203	21.123993	D6	64	93	0	2
115	21.025203	21.537300	G2	64	95	1	-3
116	21.267139	21.362905	C6	64	90	0	5
117	21.509074	21.616937	A#5	64	87	0	3
118	21.509074	21.995969	D4	64	85	0	3
119	21.509074	21.996977	A#3	64	93	1	-3
120	21.509074	22.011090	G3	64	86	1	-1
121	21.751010	21.835687	C6	64	95	0	5
122	21.992945	22.782260	D6	64	112	0	2
123	21.992945	22.525203	G2	64	83	1	-3
124	22.476816	23.239921	A#3	64	83	1	-3
125	22.476816	23.253026	G3	64	81	1	-1
126	22.476816	23.254034	D4	64	86	0	3
127	22.718752	22.810485	G2	64	104	1	-3
128	22.960687	23.511090	G2	64	98	1	-3
129	23.444558	23.942542	D4	64	90	0	3
130	23.444558	23.943550	A#3	64	86	1	-3
131	23.444558	23.946574	G3	64	85	1	-1
132	23.928429	24.056453	F6	64	120	0	5
133	23.928429	24.437502	A#2	64	95	1	-5
134	24.170365	24.255042	D6	64	79	0	2
135	24.412300	24.536292	D6	64	104	0	2
136	24.412300	25.196574	D4	64	90	0	3
137	24.412300	25.199598	A#3	64	86	1	-3
138	24.412300	25.200607	F4	64	95	0	1
139	24.654236	24.767139	C6	64	87	0	5
140	24.654236	24.750002	A#2	64	98	1	-5
141	24.896171	25.184477	A#5	64	87	0	3
142	24.896171	25.393147	A#2	64	104	1	-5
143	25.380042	25.686494	D6	64	111	0	2
144	25.380042	25.900203	D4	64	95	0	3
145	25.380042	25.908268	F4	64	98	0	1
146	25.380042	25.927421	A#3	64	95	1	-3
147	25.863913	26.384074	C6	64	114	0	5
148	25.863913	26.389115	C3	64	87	1	-3
149	26.347784	26.872986	D#4	64	87	0	4
150	26.347784	26.886091	C4	64	81	0	1
151	26.347784	26.886091	G4	64	77	0	3
152	26.589720	26.692542	C3	64	111	1	-3
153	26.831655	27.405244	C3	64	98	1	-3
154	27.315526	27.799397	C4	64	86	0	1
155	27.315526	27.799397	D#4	64	98	0	4
156	27.315526	27.799397	G4	64	87	0	3
157	27.799397	28.314518	G5	64	104	0	5
158	27.799397	28.291333	G2	64	87	1	-3
159	28.283268	28.758066	A#3	64	79	1	-3
160	28.283268	28.763107	G3	64	73	1	-1
161	28.283268	28.767139	D4	64	74	0	3
162	28.525204	28.658268	A#5	64	108	0	3
163	28.525204	28.625002	G2	64	100	1	-3
164	28.767139	29.077623	G5	64	104	0	5
165	28.767139	29.247986	G2	64	90	1	-3
166	29.251010	29.579639	C6	64	104	0	5
167	29.251010	29.757058	D4	64	93	0	3
168	29.251010	29.758067	A#3	64	90	1	-3
169	29.251010	29.760083	G3	64	83	1	-1
170	29.734881	30.134075	G5	64	114	0	5
171	29.734881	30.281252	D#2	64	108	1	-2
172	30.218752	30.543349	C6	64	104	0	5
173	30.218752	30.965728	G3	64	76	1	-1
174	30.218752	30.979841	D#3	64	81	1	-5
175	30.218752	30.979841	A#3	64	77	1	-3
176	30.460688	30.563510	D#2	64	108	1	-2
177	30.702623	31.272180	G5	64	114	0	5
178	30.702623	31.300405	D#2	64	108	1	-2
179	31.186494	31.417341	G3	64	85	1	-1
180	31.186494	31.419357	A#3	64	79	1	-3
181	31.186494	31.421373	D#3	64	81	1	-5
182	31.670365	31.772180	A5	64	108	0	2
183	31.670365	32.165325	F2	64	100	1	-5
184	31.670365	32.181454	C4	64	79	0	1
185	31.670365	32.182462	F3	64	87	1	-3
186	31.670365	32.185486	A3	64	83	1	-4
187	31.912301	32.000002	A5	64	95	0	2
188	32.154236	32.256051	A5	64	108	0	2
189	32.396172	32.493954	G5	64	104	0	5
190	32.396172	32.510083	F2	64	90	1	-5
191	32.638107	32.948591	F5	64	108	0	3
192	32.638107	33.012099	F3	64	93	1	-3
193	32.638107	33.014115	C4	64	87	0	1
194	32.638107	33.015123	A3	64	87	1	-4
195	32.638107	33.167341	F2	64	77	1	-5
196	33.121978	33.449599	D5	64	111	0	5
197	33.121978	33.298389	C4	64	86	0	1
198	33.121978	33.306454	F3	64	93	1	-3
199	33.121978	33.307462	A3	64	86	1	-4
200	33.605849	34.343752	G5	64	117	0	5
201	33.605849	34.133067	G2	64	81	1	-3
202	34.089720	34.456656	A#3	64	73	1	-3
203	34.089720	34.462704	G3	64	68	1	-1
204	34.089720	34.471776	D4	64	71	0	3
205	34.331656	34.435486	G2	64	98	1	-3
206	34.573591	35.360889	D4	64	77	0	3
207	34.573591	35.364922	A#3	64	74	1	-3
208	34.573591	35.368954	G2	64	57	1	-3
209	34.573591	35.373994	G3	64	67	1	-1
210	35.541333	35.671373	G5	64	98	0	5
211	35.541333	36.063510	G2	64	93	1	-3
212	35.783269	36.044357	G5	64	79	0	5
213	36.025204	36.470769	A#3	64	74	1	-3
214	36.025204	36.485890	G3	64	72	1	-1
215	36.025204	36.489922	D4	64	70	0	3
216	36.267140	36.380043	G5	64	93	0	5
217	36.267140	36.362906	G2	64	95	1	-3
218	36.509075	36.607865	D6	64	93	0	2
219	36.509075	37.000002	G2	64	100	1	-3
220	36.751011	36.846777	C6	64	90	0	5
221	36.992946	37.100809	A#5	64	87	0	3
222	36.992946	37.443551	D4	64	83	0	3
223	36.992946	37.445567	A#3	64	85	1	-3
224	36.992946	37.454640	G3	64	79	1	-1
225	37.234882	37.319559	C6	64	95	0	5
226	37.476817	38.766132	D6	64	112	0	2
227	37.476817	37.994962	A#2	64	100	1	-5
228	37.960688	38.775204	A#3	64	83	1	-3
229	37.960688	38.778228	D4	64	85	0	3
230	37.960688	38.780245	F4	64	83	0	1
231	38.202624	38.300406	A#2	64	117	1	-5
232	38.444559	39.054438	A#2	64	114	1	-5
233	38.928430	39.432462	D4	64	93	0	3
234	38.928430	39.444559	F4	64	95	0	1
235	38.928430	39.449599	A#3	64	83	1	-3
236	39.412301	39.540325	F6	64	120	0	5
237	39.412301	39.910285	C3	64	87	1	-3
238	39.654237	39.738914	D6	64	79	0	2
239	39.896172	40.020164	D6	64	104	0	2
240	39.896172	40.407261	D#4	64	90	0	4
241	39.896172	40.417341	G4	64	76	0	3
242	39.896172	40.433470	C4	64	81	0	1
243	40.138108	40.251011	C6	64	87	0	5
244	40.138108	40.235890	C3	64	98	1	-3
245	40.380043	40.668349	A#5	64	87	0	3
246	40.380043	40.839720	C3	64	104	1	-3
247	40.863914	41.170366	D6	64	111	0	2
248	40.863914	41.304438	D#4	64	87	0	4
249	40.863914	41.307462	C4	64	86	0	1
250	40.863914	41.312503	G4	64	79	0	3
251	41.347785	41.867946	C6	64	114	0	5
252	41.347785	41.889116	F2	64	86	1	-5
253	41.831656	42.126011	C4	64	76	0	1
254	41.831656	42.133067	A3	64	76	1	-4
255	41.831656	42.151212	F3	64	83	1	-3
256	42.073592	42.179438	F2	64	104	1	-5
257	42.315527	42.829640	F2	64	95	1	-5
258	42.799398	43.282261	C4	64	79	0	1
259	42.799398	43.283269	A3	64	87	1	-4
260	42.799398	43.294358	F3	64	100	1	-3
261	43.283269	43.798390	G5	64	104	0	5
262	43.283269	43.777221	G2	64	108	1	-3
263	43.767140	44.593753	G3	64	63	1	-1
264	43.767140	44.599801	A#3	64	79	1	-3
265	43.767140	44.614922	D4	64	79	0	3
266	44.009076	44.142140	A#5	64	108	0	3
267	44.009076	44.092745	G2	64	111	1	-3
268	44.251011	44.561495	G5	64	104	0	5
269	44.251011	44.653229	G2	64	93	1	-3
270	44.734882	45.063511	C6	64	104	0	5
271	44.734882	45.172382	D4	64	79	0	3
272	44.734882	45.175406	A#3	64	83	1	-3
273	44.734882	45.187503	G3	64	77	1	-1
274	45.218753	45.617947	G5	64	114	0	5
275	45.218753	45.626011	D#2	64	85	1	-2
276	45.702624	46.027221	C6	64	104	0	5
277	45.702624	46.294358	A#3	64	85	1	-3
278	45.702624	46.324600	G3	64	83	1	-1
279	45.702624	46.386092	D#3	64	79	1	-5
280	45.944560	46.046374	D#2	64	98	1	-2
281	46.186495	46.756052	G5	64	114	0	5
282	46.186495	46.698592	D#2	64	100	1	-2
283	46.670366	46.799398	A#3	64	75	1	-3
284	46.670366	46.812503	D#3	64	86	1	-5
285	46.670366	46.814519	G3	64	77	1	-1
286	47.154237	47.256052	A5	64	108	0	2
287	47.154237	47.671374	F2	64	86	1	-5
288	47.154237	47.679439	C4	64	90	0	1
289	47.154237	47.684479	F3	64	100	1	-3
290	47.154237	47.689519	A3	64	90	1	-4
291	47.396173	47.483874	A5	64	95	0	2
292	47.638108	47.739923	A5	64	108	0	2
293	47.880044	47.977826	G5	64	104	0	5
294	47.880044	47.949600	C4	64	85	0	1
295	47.880044	47.978834	A3	64	86	1	-4
296	47.880044	47.991939	F3	64	100	1	-3
297	47.880044	48.038310	F2	64	85	1	-5
298	48.121979	48.432463	F5	64	108	0	3
299	48.121979	48.520165	C4	64	87	0	1
300	48.121979	48.522181	F3	64	95	1	-3
301	48.121979	48.532261	A3	64	86	1	-4
302	48.121979	48.653229	F2	64	76	1	-5
303	48.605850	48.933471	D5	64	111	0	5
304	48.605850	48.659277	C4	64	68	0	1
305	48.605850	48.666334	A3	64	65	1	-4
306	48.605850	48.669358	F3	64	63	1	-3
307	48.847786	49.100810	C4	64	90	0	1
308	48.847786	49.104842	A3	64	86	1	-4
309	48.847786	49.106858	F3	64	95	1	-3
310	49.089721	49.827624	G5	64	117	0	5
311	49.089721	49.590729	G2	64	98	1	-3
312	49.573592	49.835689	D4	64	79	0	3
313	49.573592	49.840729	A#3	64	73	1	-3
314	49.573592	49.869963	G3	64	76	1	-1
315	49.815528	49.926415	G2	64	87	1	-3
316	50.057463	50.656253	G2	64	81	1	-3
317	50.541334	51.026213	D4	64	90	0	3
318	50.541334	51.033270	A#3	64	86	1	-3
319	50.541334	51.059479	G3	64	85	1	-1
320	51.025205	51.567544	G2	64	95	1	-3
321	51.509076	52.321576	A#3	64	83	1	-3
322	51.509076	52.325608	G3	64	79	1	-1
323	51.509076	52.325608	D4	64	93	0	3
324	51.751012	51.856858	G2	64	86	1	-3
325	51.992947	52.498995	G2	64	98	1	-3
326	52.476818	52.854842	D4	64	83	0	3
327	52.476818	52.872987	A#3	64	87	1	-3
328	52.476818	52.877020	G3	64	83	1	-1
329	52.960689	53.492947	A#2	64	86	1	-5
330	53.444560	54.245971	D4	64	77	0	3
331	53.444560	54.248996	F4	64	85	0	1
332	53.444560	54.262100	A#3	64	74	1	-3
333	53.686496	53.771173	A#2	64	87	1	-5
334	53.928431	54.457665	A#2	64	95	1	-5
335	54.412302	54.869963	D4	64	86	0	3
336	54.412302	54.880044	F4	64	98	0	1
337	54.412302	54.897181	A#3	64	81	1	-3
338	54.896173	55.456657	F2	64	111	1	-5
339	55.380044	56.159278	C4	64	81	0	1
340	55.380044	56.163310	A3	64	83	1	-4
341	55.380044	56.167342	F3	64	87	1	-3
342	55.621980	55.715730	F2	64	98	1	-5
343	55.863915	56.570568	F2	64	112	1	-5
344	56.347786	56.606859	C4	64	93	0	1
345	56.347786	56.625004	F3	64	108	1	-3
346	56.347786	56.630044	A3	64	93	1	-4
347	56.831657	56.991939	D4	64	90	0	3
348	56.831657	57.003028	A#3	64	87	1	-3
349	56.831657	57.005044	G3	64	85	1	-1
350	56.831657	57.017141	G2	64	79	1	-3
351	57.315528	57.512101	C4	64	90	0	1
352	57.315528	57.529238	A3	64	98	1	-4
353	57.315528	57.539318	F3	64	114	1	-3
354	57.315528	57.568552	F2	64	87	1	-5
355	57.799399	58.713714	D4	64	90	0	3
356	57.799399	58.723794	A#3	64	86	1	-3
357	57.799399	58.737907	G2	64	83	1	-3
358	57.799399	58.743956	G3	64	77	1	-1
359	58.767141	58.897181	G5	64	98	0	5
360	58.767141	59.267141	G2	64	93	1	-3
361	59.009077	59.270165	G5	64	79	0	5
362	59.251012	60.021173	A#3	64	76	1	-3
363	59.251012	60.022181	G3	64	69	1	-1
364	59.251012	60.024198	D4	64	79	0	3
365	59.492948	59.605851	G5	64	93	0	5
366	59.492948	59.583673	G2	64	104	1	-3
367	59.734883	59.833673	D6	64	93	0	2
368	59.734883	60.246980	G2	64	95	1	-3
369	59.976819	60.072585	C6	64	90	0	5
370	60.218754	60.326617	A#5	64	87	0	3
371	60.218754	60.705649	D4	64	85	0	3
372	60.218754	60.706657	A#3	64	93	1	-3
373	60.218754	60.720770	G3	64	86	1	-1
374	60.460690	60.545367	C6	64	95	0	5
375	60.702625	61.491940	D6	64	112	0	2
376	60.702625	61.238915	A#2	64	108	1	-5
377	61.186496	61.971778	A#3	64	79	1	-3
378	61.186496	61.972786	D4	64	83	0	3
379	61.186496	61.991940	F4	64	85	0	1
380	61.428432	61.530246	F2	64	76	1	-5
381	61.670367	62.201617	F2	64	81	1	-5
382	62.154238	62.489924	F4	64	79	0	1
383	62.154238	62.496980	D4	64	83	0	3
384	62.154238	62.509077	A#3	64	75	1	-3
385	62.638109	62.766133	F6	64	120	0	5
386	62.638109	63.197585	C3	64	79	1	-3
387	62.880045	62.964722	D6	64	79	0	2
388	63.121980	63.245972	D6	64	104	0	2
389	63.121980	63.489924	D#4	64	67	0	4
390	63.121980	63.493956	C4	64	60	0	1
391	63.121980	63.494964	G4	64	63	0	3
392	63.363916	63.476819	C6	64	87	0	5
393	63.363916	63.466738	C3	64	87	1	-3
394	63.605851	63.894157	A#5	64	87	0	3
395	63.605851	64.020166	C3	64	87	1	-3
396	64.089722	64.396174	D6	64	111	0	2
397	64.089722	64.573593	D#4	64	75	0	4
398	64.089722	64.575609	G4	64	74	0	3
399	64.089722	64.576617	C4	64	74	0	1
400	64.573593	65.093754	C6	64	114	0	5
401	64.573593	65.132061	F2	64	77	1	-5
402	65.057464	65.863916	F3	64	75	1	-3
403	65.057464	65.866940	A3	64	64	1	-4
404	65.057464	65.873996	C4	64	67	0	1
405	65.299400	65.409279	F2	64	100	1	-5
406	65.541335	66.108875	F2	64	87	1	-5
407	66.025206	66.501012	A3	64	86	1	-4
408	66.025206	66.501012	C4	64	83	0	1
409	66.025206	66.507061	F3	64	98	1	-3
410	66.509077	67.024198	G5	64	104	0	5
411	66.509077	67.001013	G2	64	87	1	-3
412	66.992948	67.467746	A#3	64	79	1	-3
413	66.992948	67.472787	G3	64	73	1	-1
414	66.992948	67.476819	D4	64	74	0	3
415	67.234884	67.367948	A#5	64	108	0	3
416	67.234884	67.334682	G2	64	100	1	-3
417	67.476819	67.787303	G5	64	104	0	5
418	67.476819	67.957666	G2	64	90	1	-3
419	67.960690	68.289319	C6	64	104	0	5
420	67.960690	68.466738	D4	64	93	0	3
421	67.960690	68.467747	A#3	64	90	1	-3
422	67.960690	68.469763	G3	64	83	1	-1
423	68.444561	68.843755	G5	64	114	0	5
424	68.444561	68.990932	D#2	64	108	1	-2
425	68.928432	69.253029	C6	64	104	0	5
426	68.928432	69.675408	G3	64	76	1	-1
427	68.928432	69.689521	D#3	64	81	1	-5
428	68.928432	69.689521	A#3	64	77	1	-3
429	69.170368	69.273190	D#2	64	108	1	-2
430	69.412303	69.981860	G5	64	114	0	5
431	69.412303	70.010085	D#2	64	108	1	-2
432	69.896174	70.127021	G3	64	85	1	-1
433	69.896174	70.129037	A#3	64	79	1	-3
434	69.896174	70.131053	D#3	64	81	1	-5
435	70.380045	70.481860	A5	64	108	0	2
436	70.380045	70.875005	F2	64	100	1	-5
437	70.380045	70.891134	C4	64	79	0	1
438	70.380045	70.892142	F3	64	87	1	-3
439	70.380045	70.895166	A3	64	83	1	-4
440	70.621981	70.709682	A5	64	95	0	2
441	70.863916	70.965731	A5	64	108	0	2
442	71.105852	71.203634	G5	64	104	0	5
443	71.105852	71.219763	F2	64	90	1	-5
444	71.347787	71.658271	F5	64	108	0	3
445	71.347787	71.721779	F3	64	93	1	-3
446	71.347787	71.723795	C4	64	87	0	1
447	71.347787	71.724803	A3	64	87	1	-4
448	71.347787	71.877021	F2	64	77	1	-5
449	71.831658	72.159279	D5	64	111	0	5
450	71.831658	72.008069	C4	64	86	0	1
451	71.831658	72.016134	F3	64	93	1	-3
452	71.831658	72.017142	A3	64	86	1	-4
453	72.315529	73.053432	G5	64	117	0	5
454	72.315529	72.842747	G2	64	81	1	-3
455	72.799400	73.166336	A#3	64	73	1	-3
456	72.799400	73.172384	G3	64	68	1	-1
457	72.799400	73.181456	D4	64	71	0	3
458	73.041336	73.145166	G2	64	98	1	-3
459	73.283271	74.070569	D4	64	77	0	3
460	73.283271	74.074602	A#3	64	74	1	-3
461	73.283271	74.078634	G2	64	57	1	-3
462	73.283271	74.083674	G3	64	67	1	-1
463	74.251013	74.381053	G5	64	98	0	5
464	74.251013	74.773190	G2	64	93	1	-3
465	74.492949	74.658271	G5	64	93	0	5
466	74.734884	75.180449	A#3	64	74	1	-3
467	74.734884	75.195570	G3	64	72	1	-1
468	74.734884	75.199602	D4	64	70	0	3
469	74.976820	75.089723	G5	64	93	0	5
470	74.976820	75.072586	G2	64	95	1	-3
471	75.218755	75.317545	D6	64	93	0	2
472	75.218755	75.709682	G2	64	100	1	-3
473	75.460691	75.556457	C6	64	90	0	5
474	75.702626	75.810489	A#5	64	87	0	3
475	75.702626	76.153231	D4	64	83	0	3
476	75.702626	76.155247	A#3	64	85	1	-3
477	75.702626	76.164320	G3	64	79	1	-1
478	75.944562	76.029239	C6	64	95	0	5
479	76.186497	76.975812	D6	64	112	0	2
480	76.186497	76.704642	A#2	64	100	1	-5
481	76.670368	77.484884	A#3	64	83	1	-3
482	76.670368	77.487908	D4	64	85	0	3
483	76.670368	77.489925	F4	64	83	0	1
484	76.912304	77.010086	A#2	64	117	1	-5
485	77.154239	77.764118	A#2	64	114	1	-5
486	77.638110	78.142142	D4	64	93	0	3
487	77.638110	78.154239	F4	64	95	0	1
488	77.638110	78.159279	A#3	64	83	1	-3
489	78.121981	78.250005	F6	64	120	0	5
490	78.121981	78.619965	C3	64	87	1	-3
491	78.363917	78.448594	D6	64	79	0	2
492	78.605852	78.729844	D6	64	104	0	2
493	78.605852	79.116941	D#4	64	90	0	4
494	78.605852	79.127021	G4	64	76	0	3
495	78.605852	79.143150	C4	64	81	0	1
496	78.847788	78.960691	C6	64	87	0	5
497	78.847788	78.945570	C3	64	98	1	-3
498	79.089723	79.378029	A#5	64	87	0	3
499	79.089723	79.549400	C3	64	104	1	-3
500	79.573594	79.880046	D6	64	111	0	2
501	79.573594	80.014118	D#4	64	87	0	4
502	79.573594	80.017142	C4	64	86	0	1
503	79.573594	80.022183	G4	64	79	0	3
504	80.057465	80.577626	C6	64	114	0	5
505	80.057465	80.598796	F2	64	86	1	-5
506	80.541336	80.835691	C4	64	76	0	1
507	80.541336	80.842747	A3	64	76	1	-4
508	80.541336	80.860892	F3	64	83	1	-3
509	80.783272	80.889118	F2	64	104	1	-5
510	81.025207	81.539320	F2	64	95	1	-5
511	81.509078	81.991941	C4	64	79	0	1
512	81.509078	81.992949	A3	64	87	1	-4
513	81.509078	82.004038	F3	64	100	1	-3
514	81.992949	82.508070	G5	64	104	0	5
515	81.992949	82.486901	G2	64	108	1	-3
516	82.476820	83.303433	G3	64	63	1	-1
517	82.476820	83.309481	A#3	64	79	1	-3
518	82.476820	83.324602	D4	64	79	0	3
519	82.718756	82.851820	A#5	64	108	0	3
520	82.718756	82.802425	G2	64	111	1	-3
521	82.960691	83.271175	G5	64	104	0	5
522	82.960691	83.362909	G2	64	93	1	-3
523	83.444562	83.773191	C6	64	104	0	5
524	83.444562	83.882062	D4	64	79	0	3
525	83.444562	83.885086	A#3	64	83	1	-3
526	83.444562	83.897183	G3	64	77	1	-1
527	83.928433	84.141135	G5	64	114	0	5
528	83.928433	84.335691	D#2	64	85	1	-2
529	84.170369	84.270167	A#5	64	95	0	3
530	84.412304	84.736901	C6	64	104	0	5
531	84.412304	85.004038	A#3	64	85	1	-3
532	84.412304	85.034280	G3	64	83	1	-1
533	84.412304	85.095772	D#3	64	79	1	-5
534	84.654240	84.756054	D#2	64	98	1	-2
535	84.896175	85.465732	G5	64	114	0	5
536	84.896175	85.408272	D#2	64	100	1	-2
537	85.380046	85.688514	D#3	64	86	1	-5
538	85.380046	85.734885	G3	64	77	1	-1
539	85.380046	85.759078	A#3	64	75	1	-3
540	85.863917	85.965732	A5	64	108	0	2
541	85.863917	86.381054	F2	64	86	1	-5
542	85.863917	86.389119	C4	64	90	0	1
543	85.863917	86.394159	F3	64	100	1	-3
544	85.863917	86.399199	A3	64	90	1	-4
545	86.105853	86.193554	A5	64	95	0	2
546	86.347788	86.449603	A5	64	108	0	2
547	86.589724	86.705651	A#5	64	79	0	3
548	86.589724	86.659280	C4	64	85	0	1
549	86.589724	86.688514	A3	64	86	1	-4
550	86.589724	86.701619	F3	64	100	1	-3
551	86.589724	86.747990	F2	64	85	1	-5
552	86.831659	87.157264	C6	64	120	0	5
553	86.831659	87.229845	C4	64	87	0	1
554	86.831659	87.231861	F3	64	95	1	-3
555	86.831659	87.241941	A3	64	86	1	-4
556	86.831659	87.362909	F2	64	76	1	-5
557	87.315530	87.643151	D5	64	111	0	5
558	87.315530	87.368957	C4	64	68	0	1
559	87.315530	87.376014	A3	64	65	1	-4
560	87.315530	87.379038	F3	64	63	1	-3
561	87.557466	87.810490	C4	64	90	0	1
562	87.557466	87.814522	A3	64	86	1	-4
563	87.557466	87.816538	F3	64	95	1	-3
564	87.799401	88.537304	G5	64	117	0	5
565	87.799401	88.346780	G2	64	79	1	-3
566	88.283272	88.561498	A#3	64	75	1	-3
567	88.283272	88.581659	G3	64	71	1	-1
568	88.283272	88.602828	D4	64	77	0	3
569	88.525208	88.632062	G2	64	86	1	-3
570	88.767143	89.337708	G2	64	87	1	-3
571	89.009079	89.084683	D4	64	81	0	3
572	89.009079	89.098796	G3	64	79	1	-1
573	89.009079	89.100812	A#3	64	87	1	-3
574	89.251014	89.733877	D4	64	85	0	3
575	89.251014	89.737909	A#3	64	85	1	-3
576	89.251014	89.744966	G3	64	81	1	-1
577	89.734885	90.247990	G2	64	74	1	-3
578	90.218756	90.686498	A#3	64	75	1	-3
579	90.218756	90.723796	D4	64	74	0	3
580	90.218756	90.725813	G3	64	72	1	-1
581	90.460692	90.561498	G2	64	86	1	-3
582	90.702627	91.242950	G2	64	86	1	-3
583	91.186498	91.663313	D4	64	90	0	3
584	91.186498	91.667345	A#3	64	79	1	-3
585	91.186498	91.683474	G3	64	74	1	-1
586	91.670369	92.185490	A#2	64	83	1	-5
587	92.154240	92.916337	D4	64	77	0	3
588	92.154240	92.921377	F4	64	81	0	1
589	92.154240	92.926417	A#3	64	79	1	-3
590	92.396176	92.494966	A#2	64	100	1	-5
591	92.638111	93.213716	A#2	64	81	1	-5
592	93.121982	93.556458	F4	64	93	0	1
593	93.121982	93.571579	D4	64	87	0	3
594	93.121982	93.577627	A#3	64	87	1	-3
595	93.605853	94.149200	C3	64	83	1	-3
596	94.089724	94.656256	C4	64	79	0	1
597	94.089724	94.660289	D#4	64	81	0	4
598	94.089724	94.660289	G4	64	79	0	3
599	94.331660	94.427426	C3	64	93	1	-3
600	94.573595	95.072587	C3	64	77	1	-3
601	95.057466	95.391135	G4	64	81	0	3
602	95.057466	95.398192	D#4	64	86	0	4
603	95.057466	95.404240	C4	64	83	0	1
604	95.541337	96.085692	D2	64	72	1	-3
605	96.025208	96.321579	A3	64	69	1	-4
606	96.025208	96.322587	D3	64	64	1	-1
607	96.025208	96.323595	F3	64	81	1	-3
608	96.267144	96.962708	D2	64	95	1	-3
609	96.509079	96.865934	D3	64	74	1	-1
610	96.509079	96.865934	A3	64	74	1	-4
611	96.509079	96.866942	F3	64	90	1	-3
612	96.992950	97.333676	A3	64	74	1	-4
613	96.992950	97.337708	D3	64	79	1	-1
614	96.992950	97.342748	F3	64	87	1	-3
615	97.476821	97.994966	G2	64	95	1	-3
616	97.960692	98.548394	A#3	64	77	1	-3
617	97.960692	98.560490	D4	64	77	0	3
618	97.960692	98.622990	G3	64	74	1	-1
619	98.202628	98.298394	G2	64	95	1	-3
620	98.444563	99.002023	G2	64	93	1	-3
621	98.928434	99.440531	G3	64	77	1	-1
622	98.928434	99.442547	D4	64	81	0	3
623	98.928434	99.446579	A#3	64	76	1	-3
624	99.412305	99.952628	D#2	64	87	1	-2
625	99.896176	100.149200	A#3	64	59	1	-3
626	99.896176	100.152224	D#3	64	73	1	-5
627	99.896176	100.165329	G3	64	70	1	-1
628	100.138112	100.244966	D#2	64	100	1	-2
629	100.380047	100.808474	D#2	64	104	1	-2
630	100.863918	101.326620	A#3	64	83	1	-3
631	100.863918	101.328636	D#3	64	83	1	-5
632	100.863918	101.330652	G3	64	77	1	-1
633	101.347789	101.872991	F2	64	90	1	-5
634	101.831660	102.339725	A3	64	79	1	-4
635	101.831660	102.339725	C4	64	74	0	1
636	101.831660	102.350813	F3	64	87	1	-3
637	102.073596	102.160289	F2	64	95	1	-5
638	102.315531	102.870975	F2	64	85	1	-5
639	102.799402	103.275208	C4	64	79	0	1
640	102.799402	103.283273	A3	64	86	1	-4
641	102.799402	103.296378	F3	64	98	1	-3
642	103.283273	103.540329	G2	64	98	1	-3
643	103.283273	103.555450	D4	64	83	0	3
644	103.283273	103.566539	A#3	64	90	1	-3
645	103.283273	103.573596	G3	64	90	1	-1
646	103.767144	104.058475	C4	64	77	0	1
647	103.767144	104.068555	F3	64	112	1	-3
648	103.767144	104.069563	A3	64	95	1	-4
649	103.767144	104.092749	F2	64	93	1	-5
650	104.251015	104.816539	D4	64	87	0	3
651	104.251015	104.821580	G2	64	85	1	-3
652	104.251015	104.822588	A#3	64	95	1	-3
653	104.251015	104.833676	G3	64	95	1	-1
654	105.218757	105.348797	G5	64	98	0	5
655	105.218757	105.783273	G2	64	63	1	-3
656	105.218757	106.710693	D4	64	68	0	3
657	105.231862	106.812507	A#3	64	74	1	-3
658	105.231862	106.853838	G3	64	49	1	-1
659	105.460693	105.721781	G5	64	79	0	5
660	105.944564	106.057467	G5	64	93	0	5
661	105.944564	106.061499	D2	64	77	1	-3
662	106.186499	106.285289	D6	64	93	0	2
663	106.186499	106.700612	D2	64	81	1	-3
664	106.428435	106.524201	C6	64	90	0	5
665	106.670370	106.778233	A#5	64	87	0	3
666	106.912306	106.996983	C6	64	95	0	5
667	107.078636	108.629040	A#3	64	69	1	-3
668	107.085693	108.650209	G3	64	51	1	-1
669	107.121983	107.633072	G2	64	62	1	-3
670	107.154241	107.943556	D6	64	112	0	2
671	107.161297	108.623999	D4	64	58	0	3
672	107.844765	107.939523	D2	64	83	1	-3
673	108.102830	108.560491	D2	64	100	1	-3
674	108.996983	110.559483	A#3	64	59	1	-3
675	109.014120	110.571580	D4	64	71	0	3
676	109.076620	109.738919	A#2	64	79	1	-5
677	109.089725	109.217749	F6	64	120	0	5
678	109.129040	110.563515	F4	64	64	0	1
679	109.331661	109.416338	D6	64	79	0	2
680	109.573596	109.697588	D6	64	104	0	2
681	109.815532	109.928435	C6	64	87	0	5
682	109.815532	109.922386	A#2	64	98	1	-5
683	110.057467	110.345773	A#5	64	87	0	3
684	110.057467	110.505048	A#2	64	108	1	-5
685	110.541338	110.847790	D6	64	111	0	2
686	110.920370	112.657266	C4	64	8	0	1
687	110.947588	112.638112	D#4	64	77	0	4
688	110.974806	112.643153	G4	64	70	0	3
689	110.988919	111.591741	C3	64	66	1	-3
690	111.025209	111.545370	C6	64	114	0	5
691	111.751016	111.852830	C3	64	86	1	-3
692	111.992951	112.521177	C3	64	104	1	-3
693	112.889120	114.360895	G3	64	58	1	-1
694	112.893153	114.360895	A#3	64	70	1	-3
695	112.896177	113.444564	G2	64	61	1	-3
696	112.960693	113.475814	G5	64	104	0	5
697	112.985895	114.349806	D4	64	60	0	3
698	113.686500	113.819564	A#5	64	108	0	3
699	113.686500	113.806459	G2	64	79	1	-3
700	113.928435	114.238919	G5	64	104	0	5
701	113.928435	114.365935	G2	64	87	1	-3
702	114.412306	114.740935	C6	64	104	0	5
703	114.849806	116.307467	G3	64	61	1	-1
704	114.852830	116.316540	D#3	64	57	1	-5
705	114.867951	115.462709	D#2	64	69	1	-2
706	114.896177	115.295371	G5	64	114	0	5
707	114.940532	116.318556	A#3	64	15	1	-3
708	115.380048	115.704645	C6	64	104	0	5
709	115.621984	115.736903	D#2	64	83	1	-2
710	115.863919	116.433476	G5	64	114	0	5
711	115.863919	116.330653	D#2	64	104	1	-2
712	116.721782	118.294363	F3	64	54	1	-3
713	116.758072	118.301419	A3	64	61	1	-4
714	116.774201	117.410290	F2	64	63	1	-5
715	116.831661	116.933476	A5	64	108	0	2
716	116.877024	118.297387	C4	64	59	0	1
717	117.073597	117.161298	A5	64	95	0	2
718	117.315532	117.417347	A5	64	108	0	2
719	117.557468	117.655250	G5	64	104	0	5
720	117.557468	117.665330	F2	64	86	1	-5
721	117.799403	118.109887	F5	64	108	0	3
722	117.799403	118.202629	F2	64	104	1	-5
723	118.283274	118.610895	D5	64	111	0	5
724	118.767145	119.505048	G5	64	117	0	5
725	118.767145	119.255048	G2	64	81	1	-3
726	119.251016	119.261097	D4	64	71	0	3
727	119.251016	119.263113	A#3	64	73	1	-3
728	119.251016	119.271177	G3	64	68	1	-1
729	119.492952	119.596782	G2	64	98	1	-3
730	119.734887	120.522185	D4	64	77	0	3
731	119.734887	120.526218	A#3	64	74	1	-3
732	119.734887	120.530250	G2	64	57	1	-3
733	119.734887	120.535290	G3	64	67	1	-1
734	120.702629	120.832669	G5	64	98	0	5
735	120.702629	121.224806	G2	64	93	1	-3
736	120.944565	121.109887	G5	64	93	0	5
737	121.186500	121.632065	A#3	64	74	1	-3
738	121.186500	121.647186	G3	64	72	1	-1
739	121.186500	121.651218	D4	64	70	0	3
740	121.428436	121.541339	G5	64	93	0	5
741	121.428436	121.524202	G2	64	95	1	-3
742	121.670371	121.769161	D6	64	93	0	2
743	121.670371	122.161298	G2	64	100	1	-3
744	121.912307	122.008073	C6	64	90	0	5
745	122.154242	122.262105	A#5	64	87	0	3
746	122.154242	122.604847	D4	64	83	0	3
747	122.154242	122.606863	A#3	64	85	1	-3
748	122.154242	122.615936	G3	64	79	1	-1
749	122.396178	122.480855	C6	64	95	0	5
750	122.638113	123.427428	D6	64	112	0	2
751	122.638113	123.156258	A#2	64	100	1	-5
752	123.121984	123.936500	A#3	64	83	1	-3
753	123.121984	123.939524	D4	64	85	0	3
754	123.121984	123.941541	F4	64	83	0	1
755	123.363920	123.461702	A#2	64	117	1	-5
756	123.605855	124.215734	A#2	64	114	1	-5
757	124.089726	124.593758	D4	64	93	0	3
758	124.089726	124.605855	F4	64	95	0	1
759	124.089726	124.610895	A#3	64	83	1	-3
760	124.573597	124.701621	F6	64	120	0	5
761	124.573597	125.071581	C3	64	87	1	-3
762	124.815533	124.900210	D6	64	79	0	2
763	125.057468	125.181460	D6	64	104	0	2
764	125.057468	125.568557	D#4	64	90	0	4
765	125.057468	125.578637	G4	64	76	0	3
766	125.057468	125.594766	C4	64	81	0	1
767	125.299404	125.412307	C6	64	87	0	5
768	125.299404	125.397186	C3	64	98	1	-3
769	125.541339	125.829645	A#5	64	87	0	3
770	125.541339	126.001016	C3	64	104	1	-3
771	126.025210	126.331662	D6	64	111	0	2
772	126.025210	126.465734	D#4	64	87	0	4
773	126.025210	126.468758	C4	64	86	0	1
774	126.025210	126.473799	G4	64	79	0	3
775	126.509081	127.029242	C6	64	114	0	5
776	126.509081	127.050412	F2	64	86	1	-5
777	126.992952	127.287307	C4	64	76	0	1
778	126.992952	127.294363	A3	64	76	1	-4
779	126.992952	127.312508	F3	64	83	1	-3
780	127.234888	127.340734	F2	64	104	1	-5
781	127.476823	127.990936	F2	64	95	1	-5
782	127.960694	128.443557	C4	64	79	0	1
783	127.960694	128.444565	A3	64	87	1	-4
784	127.960694	128.455654	F3	64	100	1	-3
785	128.444565	128.959686	G5	64	104	0	5
786	128.444565	128.938517	G2	64	108	1	-3
787	128.928436	129.755049	G3	64	63	1	-1
788	128.928436	129.761097	A#3	64	79	1	-3
789	128.928436	129.776218	D4	64	79	0	3
790	129.170372	129.303436	A#5	64	108	0	3
791	129.170372	129.254041	G2	64	111	1	-3
792	129.412307	129.722791	G5	64	104	0	5
793	129.412307	129.814525	G2	64	93	1	-3
794	129.896178	130.224807	C6	64	104	0	5
795	129.896178	130.333678	D4	64	79	0	3
796	129.896178	130.336702	A#3	64	83	1	-3
797	129.896178	130.348799	G3	64	77	1	-1
798	130.380049	130.592751	G5	64	114	0	5
799	130.380049	130.787307	D#2	64	85	1	-2
800	130.621985	130.721783	A#5	64	95	0	3
801	130.863920	131.188517	C6	64	104	0	5
802	130.863920	131.455654	A#3	64	85	1	-3
803	130.863920	131.485896	G3	64	83	1	-1
804	130.863920	131.547388	D#3	64	79	1	-5
805	131.105856	131.207670	D#2	64	98	1	-2
806	131.347791	131.917348	G5	64	114	0	5
807	131.347791	131.859888	D#2	64	100	1	-2
808	131.831662	131.960694	A#3	64	75	1	-3
809	131.831662	131.973799	D#3	64	86	1	-5
810	131.831662	131.975815	G3	64	77	1	-1
811	132.315533	132.417348	A5	64	108	0	2
812	132.315533	132.832670	F2	64	86	1	-5
813	132.315533	132.840735	C4	64	90	0	1
814	132.315533	132.845775	F3	64	100	1	-3
815	132.315533	132.850815	A3	64	90	1	-4
816	132.557469	132.645170	A5	64	95	0	2
817	132.799404	132.901219	A5	64	108	0	2
818	133.041340	133.157267	A#5	64	79	0	3
819	133.041340	133.110896	C4	64	85	0	1
820	133.041340	133.140130	A3	64	86	1	-4
821	133.041340	133.153235	F3	64	100	1	-3
822	133.041340	133.199606	F2	64	85	1	-5
823	133.283275	133.608880	C6	64	120	0	5
824	133.283275	133.681461	C4	64	87	0	1
825	133.283275	133.683477	F3	64	95	1	-3
826	133.283275	133.693557	A3	64	86	1	-4
827	133.283275	133.814525	F2	64	76	1	-5
828	133.767146	134.094767	D5	64	111	0	5
829	133.767146	133.820573	C4	64	68	0	1
830	133.767146	133.827630	A3	64	65	1	-4
831	133.767146	133.830654	F3	64	63	1	-3
832	134.009082	134.262106	C4	64	90	0	1
833	134.009082	134.266138	A3	64	86	1	-4
834	134.009082	134.268154	F3	64	95	1	-3
835	134.251017	134.988920	G5	64	117	0	5
836	134.251017	134.798396	G2	64	79	1	-3
837	134.734888	135.013114	A#3	64	75	1	-3
838	134.734888	135.033275	G3	64	71	1	-1
839	134.734888	135.054444	D4	64	77	0	3
840	134.976824	135.083678	G2	64	86	1	-3
841	135.218759	135.789324	G2	64	87	1	-3
842	135.460695	135.536299	D4	64	81	0	3
843	135.460695	135.550412	G3	64	79	1	-1
844	135.460695	135.552428	A#3	64	87	1	-3
845	135.702630	136.187509	D4	64	90	0	3
846	135.702630	136.194566	A#3	64	86	1	-3
847	135.702630	136.220775	G3	64	85	1	-1
848	136.186501	136.728840	G2	64	95	1	-3
849	136.670372	137.482872	A#3	64	83	1	-3
850	136.670372	137.486904	G3	64	79	1	-1
851	136.670372	137.486904	D4	64	93	0	3
852	136.912308	137.018154	G2	64	86	1	-3
853	137.154243	137.660291	G2	64	98	1	-3
854	137.638114	138.016138	D4	64	83	0	3
855	137.638114	138.034283	A#3	64	87	1	-3
856	137.638114	138.038316	G3	64	83	1	-1
857	138.121985	138.654243	A#2	64	86	1	-5
858	138.605856	139.407267	D4	64	77	0	3
859	138.605856	139.410292	F4	64	85	0	1
860	138.605856	139.423396	A#3	64	74	1	-3
861	138.847792	138.932469	A#2	64	87	1	-5
862	139.089727	139.618961	A#2	64	95	1	-5
863	139.573598	140.031259	D4	64	86	0	3
864	139.573598	140.041340	F4	64	98	0	1
865	139.573598	140.058477	A#3	64	81	1	-3
866	140.057469	140.617953	F2	64	111	1	-5
867	140.541340	141.320574	C4	64	81	0	1
868	140.541340	141.324606	A3	64	83	1	-4
869	140.541340	141.328638	F3	64	87	1	-3
870	140.783276	140.877026	F2	64	98	1	-5
871	141.025211	141.731864	F2	64	112	1	-5
872	141.509082	141.768155	C4	64	93	0	1
873	141.509082	141.786300	F3	64	108	1	-3
874	141.509082	141.791340	A3	64	93	1	-4
875	141.992953	142.153235	D4	64	90	0	3
876	141.992953	142.164324	A#3	64	87	1	-3
877	141.992953	142.166340	G3	64	85	1	-1
878	141.992953	142.178437	G2	64	79	1	-3
879	142.476824	142.673397	C4	64	90	0	1
880	142.476824	142.690534	A3	64	98	1	-4
881	142.476824	142.700614	F3	64	114	1	-3
882	142.476824	142.729848	F2	64	87	1	-5
883	142.960695	143.875010	D4	64	90	0	3
884	142.960695	143.885090	A#3	64	86	1	-3
885	142.960695	143.899203	G2	64	83	1	-3
886	142.960695	143.905252	G3	64	77	1	-1
887	143.928437	144.058477	G5	64	98	0	5
888	143.928437	144.428437	G2	64	93	1	-3
889	144.170373	144.431461	G5	64	79	0	5
890	144.412308	145.182469	A#3	64	76	1	-3
891	144.412308	145.183477	G3	64	69	1	-1
892	144.412308	145.185494	D4	64	79	0	3
893	144.654244	144.767147	G5	64	93	0	5
894	144.654244	144.744969	G2	64	104	1	-3
895	144.896179	144.994969	D6	64	93	0	2
896	144.896179	145.408276	G2	64	95	1	-3
897	145.138115	145.233881	C6	64	90	0	5
898	145.380050	145.487913	A#5	64	87	0	3
899	145.380050	145.866945	D4	64	85	0	3
900	145.380050	145.867953	A#3	64	93	1	-3
901	145.380050	145.882066	G3	64	86	1	-1
902	145.621986	145.706663	C6	64	95	0	5
903	145.863921	146.653236	D6	64	112	0	2
904	145.863921	146.400211	A#2	64	108	1	-5
905	146.347792	147.133074	A#3	64	79	1	-3
906	146.347792	147.134082	D4	64	83	0	3
907	146.347792	147.153236	F4	64	85	0	1
908	146.589728	146.691542	F2	64	76	1	-5
909	146.831663	147.362913	F2	64	81	1	-5
910	147.315534	147.651220	F4	64	79	0	1
911	147.315534	147.658276	D4	64	83	0	3
912	147.315534	147.670373	A#3	64	75	1	-3
913	147.799405	147.927429	F6	64	120	0	5
914	147.799405	148.358881	C3	64	79	1	-3
915	148.041341	148.126018	D6	64	79	0	2
916	148.283276	148.407268	D6	64	104	0	2
917	148.283276	148.651220	D#4	64	67	0	4
918	148.283276	148.655252	C4	64	60	0	1
919	148.283276	148.656260	G4	64	63	0	3
920	148.525212	148.638115	C6	64	87	0	5
921	148.525212	148.628034	C3	64	87	1	-3
922	148.767147	149.055453	A#5	64	87	0	3
923	148.767147	149.181462	C3	64	87	1	-3
924	149.251018	149.557470	D6	64	111	0	2
925	149.251018	149.734889	D#4	64	75	0	4
926	149.251018	149.736905	G4	64	74	0	3
927	149.251018	149.737913	C4	64	74	0	1
928	149.734889	150.255050	C6	64	114	0	5
929	149.734889	150.293357	F2	64	77	1	-5
930	150.218760	151.025212	F3	64	75	1	-3
931	150.218760	151.028236	A3	64	64	1	-4
932	150.218760	151.035292	C4	64	67	0	1
933	150.460696	150.570575	F2	64	100	1	-5
934	150.702631	151.270171	F2	64	87	1	-5
935	151.186502	151.662308	A3	64	86	1	-4
936	151.186502	151.662308	C4	64	83	0	1
937	151.186502	151.668357	F3	64	98	1	-3
938	151.670373	152.185494	G5	64	104	0	5
939	151.670373	152.162309	G2	64	87	1	-3
940	152.154244	152.629042	A#3	64	79	1	-3
941	152.154244	152.634083	G3	64	73	1	-1
942	152.154244	152.638115	D4	64	74	0	3
943	152.396180	152.529244	A#5	64	108	0	3
944	152.396180	152.495978	G2	64	100	1	-3
945	152.638115	152.948599	G5	64	104	0	5
946	152.638115	153.118962	G2	64	90	1	-3
947	153.121986	153.450615	C6	64	104	0	5
948	153.121986	153.628034	D4	64	93	0	3
949	153.121986	153.629042	A#3	64	90	1	-3
950	153.121986	153.631059	G3	64	83	1	-1
951	153.605857	154.005051	G5	64	114	0	5
952	153.605857	154.152228	D#2	64	108	1	-2
953	154.089728	154.414325	C6	64	104	0	5
954	154.089728	154.836704	G3	64	76	1	-1
955	154.089728	154.850817	D#3	64	81	1	-5
956	154.089728	154.850817	A#3	64	77	1	-3
957	154.331664	154.434486	D#2	64	108	1	-2
958	154.573599	155.143156	G5	64	114	0	5
959	154.573599	155.171381	D#2	64	108	1	-2
960	155.057470	155.288317	G3	64	85	1	-1
961	155.057470	155.290333	A#3	64	79	1	-3
962	155.057470	155.292349	D#3	64	81	1	-5
963	155.541341	155.643156	A5	64	108	0	2
964	155.541341	156.036301	F2	64	100	1	-5
965	155.541341	156.052430	C4	64	79	0	1
966	155.541341	156.053438	F3	64	87	1	-3
967	155.541341	156.056462	A3	64	83	1	-4
968	155.783277	155.870978	A5	64	95	0	2
969	156.025212	156.127027	A5	64	108	0	2
970	156.267148	156.364930	G5	64	104	0	5
971	156.267148	156.381059	F2	64	90	1	-5
972	156.509083	156.819567	F5	64	108	0	3
973	156.509083	156.883075	F3	64	93	1	-3
974	156.509083	156.885091	C4	64	87	0	1
975	156.509083	156.886099	A3	64	87	1	-4
976	156.509083	157.038317	F2	64	77	1	-5
977	156.992954	157.320575	D5	64	111	0	5
978	156.992954	157.169365	C4	64	86	0	1
979	156.992954	157.177430	F3	64	93	1	-3
980	156.992954	157.178438	A3	64	86	1	-4
981	157.476825	158.214728	G5	64	117	0	5
982	157.476825	158.004043	G2	64	81	1	-3
983	157.960696	158.327632	A#3	64	73	1	-3
984	157.960696	158.333680	G3	64	68	1	-1
985	157.960696	158.342752	D4	64	71	0	3
986	158.202632	158.306462	G2	64	98	1	-3
987	158.444567	159.239930	G2	64	57	1	-3
988	158.686503	158.737914	D4	64	74	0	3
989	158.686503	158.756059	G3	64	75	1	-1
990	158.686503	158.761099	A#3	64	79	1	-3
991	159.170374	159.241946	D4	64	75	0	3
992	159.170374	159.262107	G3	64	76	1	-1
993	159.170374	159.265132	A#3	64	85	1	-3
994	159.412309	159.542349	G5	64	98	0	5
995	159.412309	159.934486	G2	64	93	1	-3
996	159.654245	159.819567	G5	64	93	0	5
997	159.896180	160.341745	A#3	64	74	1	-3
998	159.896180	160.356866	G3	64	72	1	-1
999	159.896180	160.360898	D4	64	70	0	3
1000	160.138116	160.251019	G5	64	93	0	5
1001	160.138116	160.233882	G2	64	95	1	-3
1002	160.380051	160.478841	D6	64	93	0	2
1003	160.380051	160.870978	G2	64	100	1	-3
1004	160.621987	160.717753	C6	64	90	0	5
1005	160.863922	160.971785	A#5	64	87	0	3
1006	160.863922	161.314527	D4	64	83	0	3
1007	160.863922	161.316543	A#3	64	85	1	-3
1008	160.863922	161.325616	G3	64	79	1	-1
1009	161.105858	161.190535	C6	64	95	0	5
1010	161.347793	162.137108	D6	64	112	0	2
1011	161.347793	161.865938	A#2	64	100	1	-5
1012	161.831664	162.646180	A#3	64	83	1	-3
1013	161.831664	162.649204	D4	64	85	0	3
1014	161.831664	162.651221	F4	64	83	0	1
1015	162.073600	162.171382	A#2	64	117	1	-5
1016	162.315535	162.925414	A#2	64	114	1	-5
1017	162.799406	163.303438	D4	64	93	0	3
1018	162.799406	163.315535	F4	64	95	0	1
1019	162.799406	163.320575	A#3	64	83	1	-3
1020	163.283277	163.411301	F6	64	120	0	5
1021	163.283277	163.781261	C3	64	87	1	-3
1022	163.525213	163.609890	D6	64	79	0	2
1023	163.767148	163.891140	D6	64	104	0	2
1024	163.767148	164.278237	D#4	64	90	0	4
1025	163.767148	164.288317	G4	64	76	0	3
1026	163.767148	164.304446	C4	64	81	0	1
1027	164.009084	164.121987	C6	64	87	0	5
1028	164.009084	164.106866	C3	64	98	1	-3
1029	164.251019	164.539325	A#5	64	87	0	3
1030	164.251019	164.710696	C3	64	104	1	-3
1031	164.734890	165.041342	D6	64	111	0	2
1032	164.734890	165.175414	D#4	64	87	0	4
1033	164.734890	165.178438	C4	64	86	0	1
1034	164.734890	165.183479	G4	64	79	0	3
1035	165.218761	165.738922	C6	64	114	0	5
1036	165.218761	165.760092	F2	64	86	1	-5
1037	165.702632	165.996987	C4	64	76	0	1
1038	165.702632	166.004043	A3	64	76	1	-4
1039	165.702632	166.022188	F3	64	83	1	-3
1040	165.944568	166.050414	F2	64	104	1	-5
1041	166.186503	166.700616	F2	64	95	1	-5
1042	166.670374	167.153237	C4	64	79	0	1
1043	166.670374	167.154245	A3	64	87	1	-4
1044	166.670374	167.165334	F3	64	100	1	-3
1045	167.154245	167.669366	G5	64	104	0	5
1046	167.154245	167.648197	G2	64	108	1	-3
1047	167.638116	168.464729	G3	64	63	1	-1
1048	167.638116	168.470777	A#3	64	79	1	-3
1049	167.638116	168.485898	D4	64	79	0	3
1050	167.880052	168.013116	A#5	64	108	0	3
1051	167.880052	167.963721	G2	64	111	1	-3
1052	168.121987	168.432471	G5	64	104	0	5
1053	168.121987	168.524205	G2	64	93	1	-3
1054	168.605858	168.934487	C6	64	104	0	5
1055	168.605858	169.043358	D4	64	79	0	3
1056	168.605858	169.046382	A#3	64	83	1	-3
1057	168.605858	169.058479	G3	64	77	1	-1
1058	169.089729	169.302431	G5	64	114	0	5
1059	169.089729	169.496987	D#2	64	85	1	-2
1060	169.331665	169.431463	A#5	64	95	0	3
1061	169.573600	169.898197	C6	64	104	0	5
1062	169.573600	170.165334	A#3	64	85	1	-3
1063	169.573600	170.195576	G3	64	83	1	-1
1064	169.573600	170.257068	D#3	64	79	1	-5
1065	169.815536	169.917350	D#2	64	98	1	-2
1066	170.057471	170.627028	G5	64	114	0	5
1067	170.057471	170.569568	D#2	64	100	1	-2
1068	170.541342	170.856866	G3	64	77	1	-1
1069	170.541342	170.881060	D#3	64	86	1	-5
1070	170.541342	170.892148	A#3	64	75	1	-3
1071	171.025213	171.127028	A5	64	108	0	2
1072	171.025213	171.542350	F2	64	86	1	-5
1073	171.025213	171.550415	C4	64	90	0	1
1074	171.025213	171.555455	F3	64	100	1	-3
1075	171.025213	171.560495	A3	64	90	1	-4
1076	171.267149	171.354850	A5	64	95	0	2
1077	171.509084	171.610899	A5	64	108	0	2
1078	171.751020	171.866947	A#5	64	79	0	3
1079	171.751020	171.820576	C4	64	85	0	1
1080	171.751020	171.849810	A3	64	86	1	-4
1081	171.751020	171.862915	F3	64	100	1	-3
1082	171.751020	171.909286	F2	64	85	1	-5
1083	171.992955	172.318560	C6	64	120	0	5
1084	171.992955	172.391141	C4	64	87	0	1
1085	171.992955	172.393157	F3	64	95	1	-3
1086	171.992955	172.403237	A3	64	86	1	-4
1087	171.992955	172.524205	F2	64	76	1	-5
1088	172.476826	172.804447	D5	64	111	0	5
1089	172.476826	172.530253	C4	64	68	0	1
1090	172.476826	172.537310	A3	64	65	1	-4
1091	172.476826	172.540334	F3	64	63	1	-3
1092	172.718762	172.971786	C4	64	90	0	1
1093	172.718762	172.975818	A3	64	86	1	-4
1094	172.718762	172.977834	F3	64	95	1	-3
1095	172.960697	173.698600	G5	64	117	0	5
1096	172.960697	173.508076	G2	64	79	1	-3
1097	173.444568	173.722794	A#3	64	75	1	-3
1098	173.444568	173.742955	G3	64	71	1	-1
1099	173.444568	173.764124	D4	64	77	0	3
1100	173.686504	173.793358	G2	64	86	1	-3
1101	173.928439	174.499004	G2	64	87	1	-3
1102	174.170375	174.245979	D4	64	81	0	3
1103	174.170375	174.260092	G3	64	79	1	-1
1104	174.170375	174.262108	A#3	64	87	1	-3
1105	174.412310	174.895173	D4	64	85	0	3
1106	174.412310	174.899205	A#3	64	85	1	-3
1107	174.412310	174.906262	G3	64	81	1	-1
1108	174.896181	175.411302	G5	64	104	0	5
1109	174.896181	175.390133	G2	64	108	1	-3
1110	175.380052	176.206665	G3	64	63	1	-1
1111	175.380052	176.212713	A#3	64	79	1	-3
1112	175.380052	176.227834	D4	64	79	0	3
1113	175.621988	175.755052	A#5	64	108	0	3
1114	175.621988	175.705657	G2	64	111	1	-3
1115	175.863923	176.174407	G5	64	104	0	5
1116	175.863923	176.266141	G2	64	93	1	-3
1117	176.347794	176.676423	C6	64	104	0	5
1118	176.347794	176.785294	D4	64	79	0	3
1119	176.347794	176.788318	A#3	64	83	1	-3
1120	176.347794	176.800415	G3	64	77	1	-1
1121	176.831665	177.044367	G5	64	114	0	5
1122	176.831665	177.238923	D#2	64	85	1	-2
1123	177.073601	177.173399	A#5	64	95	0	3
1124	177.315536	177.640133	C6	64	104	0	5
1125	177.315536	177.907270	A#3	64	85	1	-3
1126	177.315536	177.937512	G3	64	83	1	-1
1127	177.315536	177.999004	D#3	64	79	1	-5
1128	177.557472	177.659286	D#2	64	98	1	-2
1129	177.799407	178.368964	G5	64	114	0	5
1130	177.799407	178.311504	D#2	64	100	1	-2
1131	178.283278	178.412310	A#3	64	75	1	-3
1132	178.283278	178.425415	D#3	64	86	1	-5
1133	178.283278	178.427431	G3	64	77	1	-1
1134	178.767149	178.868964	A5	64	108	0	2
1135	178.767149	179.284286	F2	64	86	1	-5
1136	178.767149	179.292351	C4	64	90	0	1
1137	178.767149	179.297391	F3	64	100	1	-3
1138	178.767149	179.302431	A3	64	90	1	-4
1139	179.009085	179.096786	A5	64	95	0	2
1140	179.251020	179.352835	A5	64	108	0	2
1141	179.492956	179.608883	A#5	64	79	0	3
1142	179.492956	179.562512	C4	64	85	0	1
1143	179.492956	179.591746	A3	64	86	1	-4
1144	179.492956	179.604851	F3	64	100	1	-3
1145	179.492956	179.651222	F2	64	85	1	-5
1146	179.734891	180.060496	C6	64	120	0	5
1147	179.734891	180.133077	C4	64	87	0	1
1148	179.734891	180.135093	F3	64	95	1	-3
1149	179.734891	180.145173	A3	64	86	1	-4
1150	179.734891	180.266141	F2	64	76	1	-5
1151	180.218762	180.546383	F6	64	111	0	5
1152	180.218762	180.272189	C4	64	68	0	1
1153	180.218762	180.279246	A3	64	65	1	-4
1154	180.218762	180.282270	F3	64	63	1	-3
1155	180.460698	180.713722	C4	64	90	0	1
1156	180.460698	180.717754	A3	64	86	1	-4
1157	180.460698	180.719770	F3	64	95	1	-3
1158	180.702633	181.440536	G6	64	117	0	2
1159	180.702633	181.141141	D#2	64	81	1	-2
1160	181.186504	181.552431	A#3	64	68	1	-3
1161	181.186504	181.670375	D#3	64	72	1	-5
1162	181.186504	181.670375	G3	64	70	1	-1
1163	181.428440	181.523198	D#2	64	111	1	-2
1164	181.670375	182.240940	F2	64	86	1	-5
1165	181.912311	181.977835	C4	64	75	0	1
1166	181.912311	181.983883	F3	64	72	1	-3
1167	181.912311	181.984891	A3	64	74	1	-4
1168	182.154246	182.533278	A3	64	93	1	-4
1169	182.154246	182.535294	C4	64	85	0	1
1170	182.154246	182.556464	F3	64	108	1	-3
1171	182.638117	183.221786	G3	64	72	1	-1
1172	182.638117	183.224811	A#3	64	71	1	-3
1173	182.638117	183.224811	D4	64	72	0	3
1174	182.638117	183.605859	G2	64	70	1	-3
1175	183.363924	183.422391	D4	64	77	0	3
1176	183.363924	183.435496	G3	64	71	1	-1
1177	183.363924	183.440536	A#3	64	77	1	-3
1178	183.363924	183.517149	D2	64	77	1	-3
1179	183.605859	184.151222	D2	64	100	1	-3
1180	183.605859	184.154246	G3	64	76	1	-1
1181	183.605859	184.154246	D4	64	83	0	3
1182	183.605859	184.161303	A#3	64	79	1	-3
1183	184.331666	184.680456	A#3	64	75	1	-3
1184	184.331666	184.738924	D4	64	81	0	3
1185	184.331666	184.763117	G3	64	75	1	-1
1186	184.573601	186.095779	A#2	64	104	1	-5
1187	185.299408	185.372996	A#3	64	73	1	-3
1188	185.299408	185.378037	D4	64	79	0	3
1189	185.299408	185.378037	F4	64	79	0	1
1190	185.299408	185.405254	F2	64	93	1	-5
1191	185.541343	186.077633	F2	64	87	1	-5
1192	185.541343	186.079650	D4	64	87	0	3
1193	185.541343	186.079650	F4	64	87	0	1
1194	185.541343	186.086706	A#3	64	79	1	-3
1195	186.509085	187.023198	F2	64	111	1	-5
1196	186.992956	187.087714	C4	64	74	0	1
1197	186.992956	187.093762	F3	64	81	1	-3
1198	186.992956	187.101827	A3	64	69	1	-4
1199	187.222795	187.327633	F2	64	100	1	-5
1200	187.476827	187.765133	C4	64	90	0	1
1201	187.476827	187.768158	A3	64	87	1	-4
1202	187.476827	187.775214	F3	64	87	1	-3
1203	187.476827	187.920375	F2	64	121	1	-5
1204	188.444569	188.992956	D#2	64	81	1	-2
1205	188.928440	189.058480	D#3	64	81	1	-5
1206	188.928440	189.058480	G3	64	77	1	-1
1207	188.928440	189.058480	A#3	64	79	1	-3
1208	189.182472	189.268158	D#2	64	122	1	-2
1209	189.412311	189.720779	G3	64	85	1	-1
1210	189.412311	189.728843	A#3	64	90	1	-3
1211	189.412311	189.747997	D#3	64	86	1	-5
1212	189.412311	189.846787	D#2	64	123	1	-2
1213	190.380053	190.922392	G2	64	104	1	-3
1214	190.863924	191.658279	G4	64	87	0	3
1215	190.863924	191.660295	D4	64	90	0	3
1216	190.863924	191.662311	A#3	64	79	1	-3
1217	191.105860	191.198601	G2	64	111	1	-3
1218	191.347795	191.809489	G2	64	95	1	-3
1219	191.831666	192.352835	G4	64	87	0	3
1220	191.831666	192.361908	D4	64	90	0	3
1221	191.831666	192.383077	A#3	64	87	1	-3
1222	192.315537	192.844771	A#2	64	108	1	-5
1223	192.799408	193.179448	D4	64	83	0	3
1224	192.799408	193.230860	A#3	64	77	1	-3
1225	192.799408	193.265134	F4	64	87	0	1
1226	193.041344	193.147190	A#2	64	120	1	-5
1227	193.283279	193.756061	A#2	64	83	1	-5
1228	193.767150	194.256061	D4	64	87	0	3
1229	193.767150	194.258077	A#3	64	85	1	-3
1230	193.767150	194.260094	F4	64	90	0	1
1231	194.251021	194.808481	F2	64	100	1	-5
1232	194.734892	194.995981	F3	64	74	1	-3
1233	194.734892	194.999005	C4	64	73	0	1
1234	194.734892	195.004045	A3	64	73	1	-4
1235	194.976828	195.079650	F2	64	108	1	-5
1236	195.218763	195.809489	F2	64	108	1	-5
1237	195.702634	196.187513	C4	64	85	0	1
1238	195.702634	196.188521	A3	64	90	1	-4
1239	195.702634	196.191545	F3	64	104	1	-3
1240	196.186505	196.442553	A#3	64	87	1	-3
1241	196.186505	196.445578	D4	64	86	0	3
1242	196.186505	196.457674	G3	64	86	1	-1
1243	196.186505	196.478844	G2	64	100	1	-3
1244	196.670376	196.910295	C4	64	81	0	1
1245	196.670376	196.921384	F3	64	93	1	-3
1246	196.670376	196.927432	A3	64	86	1	-4
1247	196.670376	196.967755	F2	64	98	1	-5
1248	197.154247	197.539328	G2	64	87	1	-3
1249	197.154247	197.638118	G3	64	76	1	-1
1250	197.154247	197.638118	A#3	64	83	1	-3
1251	197.154247	197.638118	D4	64	85	0	3
1252	197.880054	197.949610	C4	64	74	0	1
1253	197.880054	197.951626	A3	64	83	1	-4
1254	197.880054	197.962715	F3	64	85	1	-3
1255	197.880054	198.007070	F2	64	87	1	-5
1256	198.121989	198.193562	A#3	64	85	1	-3
1257	198.121989	198.196586	D4	64	83	0	3
1258	198.121989	198.202634	G3	64	79	1	-1
1259	198.121989	198.217755	G2	64	93	1	-3
1260	198.363925	198.542352	A#3	64	104	1	-3
1261	198.363925	198.545376	D4	64	98	0	3
1262	198.363925	198.555457	G3	64	100	1	-1
1263	198.363925	198.577634	G2	64	112	1	-3
