//Version: PianoFingering_v170101
0	1.393750	1.708333	B3	64	88	1	-2
1	1.522917	1.677083	F#4	64	88	0	2
2	1.643750	3.566667	G#4	64	88	0	4
3	1.643750	5.210417	E2	64	88	1	-1
4	2.143750	5.210417	B2	64	88	1	-4
5	2.643750	3.389583	E3	64	88	1	-4
6	3.143750	3.702083	D#4	64	88	0	4
7	3.643750	4.643750	B3	64	88	1	-2
8	4.643750	5.204167	E3	64	88	1	-4
9	4.893750	5.179167	B3	64	88	1	-2
10	5.143750	5.341667	E4	64	88	0	5
11	5.393750	5.687500	F#4	64	88	0	2
12	5.643750	6.806250	G#4	64	88	0	4
13	5.643750	8.895833	C#2	64	88	1	-4
14	6.143750	6.864583	G#2	64	88	1	-2
15	6.643750	7.185417	C#3	64	88	1	-2
16	6.893750	7.368750	F#4	64	88	0	2
17	7.143750	8.868750	G#2	64	88	1	-2
18	7.643750	8.831250	C#3	64	88	1	-2
19	7.643750	9.239583	E4	64	88	0	5
20	8.893750	9.110417	B3	64	66	1	-2
21	9.143750	9.393750	C#4	64	62	0	2
22	9.393750	9.502083	E4	64	90	0	5
23	9.643750	10.552083	C#4	64	90	0	2
24	9.643750	10.566667	E4	64	90	0	5
25	9.643750	11.627083	B4	64	90	0	2
26	9.643750	12.785417	A2	64	90	1	-1
27	10.143750	12.775000	E3	64	90	1	-4
28	10.643750	11.520833	A4	64	90	0	5
29	10.643750	11.539583	C#4	64	90	0	2
30	10.643750	11.552083	E4	64	90	0	5
31	11.393750	12.720833	A3	64	90	1	-4
32	11.643750	12.558333	A4	64	90	0	5
33	11.643750	12.575000	C#4	64	90	0	2
34	11.643750	12.589583	E4	64	90	0	5
35	12.893750	13.468750	G#2	64	91	1	-2
36	12.893750	13.512500	B3	64	91	1	-2
37	12.893750	13.525000	D#4	64	91	0	4
38	13.631250	14.529167	F#4	64	91	0	2
39	13.643750	14.537500	C#4	64	91	0	2
40	13.643750	14.539583	A3	64	91	1	-4
41	13.643750	15.643750	F#2	64	91	1	-4
42	14.143750	15.393750	C#3	64	91	1	-2
43	14.643750	15.270833	F#4	64	91	0	2
44	14.643750	15.316667	C#4	64	91	0	2
45	14.643750	15.643750	A3	64	91	1	-4
46	15.645833	17.064583	D#4	64	91	0	4
47	15.650000	17.020833	B4	64	91	0	2
48	15.650000	17.079167	F#4	64	91	0	2
49	16.100000	17.802083	F#3	64	91	1	-2
50	16.639583	17.629167	B3	64	91	1	-2
51	17.629167	17.827083	D#4	64	91	0	4
52	17.631250	17.879167	F#4	64	91	0	2
53	18.643750	19.441667	B4	64	91	0	2
54	18.643750	19.452083	B2	64	91	1	-4
55	18.643750	19.489583	E5	64	91	0	2
56	18.643750	19.762500	D#4	64	91	0	4
57	18.643750	19.777083	F#4	64	91	0	2
58	21.643750	22.537500	E5	64	79	0	2
59	21.643750	22.564583	G#4	64	79	0	4
60	21.643750	22.629167	B4	64	79	0	2
61	21.643750	24.643750	E3	64	79	1	-4
62	21.893750	21.995833	E5	64	75	0	2
63	22.143750	22.235417	E5	64	75	0	2
64	22.143750	24.643750	B3	64	79	1	-2
65	22.393750	22.489583	E5	64	75	0	2
66	22.643750	22.743750	E5	64	75	0	2
67	22.643750	24.393750	E5	64	64	0	2
68	22.643750	24.422917	G#4	64	63	0	4
69	22.643750	24.466667	B4	64	60	0	2
70	22.893750	22.981250	E5	64	75	0	2
71	23.143750	23.372917	E5	64	75	0	2
72	23.393750	23.581250	B4	64	75	0	2
73	23.643750	24.002083	G#5	64	75	0	1
74	23.893750	23.985417	F#5	64	75	0	4
75	24.143750	24.227083	F#5	64	75	0	4
76	24.143750	25.027083	E4	64	53	0	5
77	24.393750	24.666667	E5	64	75	0	2
78	24.643750	25.254167	G#5	64	75	0	1
79	24.643750	25.385417	F#4	64	67	0	2
80	24.643750	25.445833	D#3	64	85	1	-5
81	24.893750	25.385417	B4	64	64	0	2
82	25.143750	25.416667	E5	64	74	0	2
83	25.643750	28.504167	C#3	64	83	1	-2
84	25.893750	25.985417	E5	64	75	0	2
85	26.143750	26.233333	E5	64	75	0	2
86	26.143750	28.402083	G#3	64	62	1	-5
87	26.393750	26.477083	E5	64	75	0	2
88	26.643750	26.777083	E5	64	75	0	2
89	26.643750	27.570833	E4	64	54	0	5
90	26.643750	27.577083	C#5	64	65	0	4
91	26.643750	27.593750	G#4	64	61	0	4
92	26.893750	27.016667	B4	64	75	0	2
93	27.143750	27.520833	B4	64	75	0	2
94	27.143750	27.910417	C#4	64	47	0	2
95	27.643750	28.014583	G#5	64	75	0	1
96	27.643750	28.343750	C#5	64	68	0	4
97	27.643750	28.427083	E4	64	62	0	5
98	27.643750	28.441667	G#4	64	69	0	4
99	27.893750	28.154167	F#5	64	75	0	4
100	28.143750	28.441667	C#5	64	75	0	4
101	28.143750	28.297917	C#4	64	51	0	2
102	28.393750	29.227083	E5	64	75	0	2
103	28.643750	29.208333	D#4	64	67	0	4
104	28.643750	29.210417	F#4	64	73	0	2
105	28.643750	29.250000	B2	64	70	1	-4
106	29.143750	29.418750	F#5	64	75	0	4
107	29.393750	29.539583	E5	64	75	0	2
108	29.643750	29.864583	F#5	64	75	0	4
109	29.643750	30.504167	A3	64	62	1	-4
110	29.643750	30.550000	C#4	64	72	0	2
111	29.643750	33.129167	F#2	64	65	1	-4
112	29.893750	30.327083	E5	64	75	0	2
113	30.143750	33.162500	C#3	64	54	1	-2
114	30.393750	30.581250	E5	64	75	0	2
115	30.643750	30.893750	G#5	64	75	0	1
116	30.643750	31.485417	A3	64	60	1	-4
117	30.643750	31.520833	C#4	64	52	0	2
118	30.893750	31.183333	F#5	64	75	0	4
119	31.143750	31.372917	E5	64	75	0	2
120	31.143750	31.756250	F#3	64	54	1	-2
121	31.393750	31.729167	C#5	64	75	0	4
122	31.643750	32.277083	C#4	64	81	0	2
123	31.643750	32.520833	A3	64	81	1	-4
124	32.143750	32.606250	F#3	64	81	1	-2
125	32.393750	32.497917	A4	64	81	0	5
126	32.393750	32.500000	C#4	64	81	0	2
127	32.643750	32.910417	C#5	64	75	0	4
128	32.643750	32.764583	A4	64	81	0	5
129	32.643750	33.206250	C#4	64	81	0	2
130	32.643750	33.218750	A3	64	81	1	-4
131	32.893750	33.154167	B4	64	75	0	2
132	32.893750	32.993750	G#4	64	81	0	4
133	33.143750	33.402083	C#5	64	75	0	4
134	33.143750	33.345833	G#4	64	81	0	4
135	33.393750	33.543750	B4	64	75	0	2
136	33.393750	33.670833	E4	64	81	0	5
137	33.643750	33.902083	G#5	64	76	0	1
138	33.643750	34.837500	F#4	64	81	0	2
139	33.643750	34.975000	D#4	64	81	0	4
140	33.643750	36.718750	B2	64	81	1	-4
141	33.893750	34.020833	F#5	64	77	0	4
142	34.143750	34.364583	F#5	64	77	0	4
143	34.143750	36.637500	F#3	64	81	1	-2
144	34.393750	34.533333	E5	64	77	0	2
145	34.643750	34.906250	G#5	64	77	0	1
146	34.893750	35.139583	F#5	64	77	0	4
147	35.143750	35.360417	E5	64	77	0	2
148	35.143750	35.668750	C#4	64	81	0	2
149	35.393750	36.337500	F#5	64	77	0	4
150	35.643750	36.439583	D#4	64	81	0	4
151	35.893750	36.216667	B3	64	81	1	-2
152	36.893750	37.250000	B3	64	81	1	-2
153	37.143750	37.422917	E4	64	81	0	5
154	37.393750	37.716667	F#4	64	81	0	2
155	37.643750	38.102083	G#4	64	81	0	4
156	37.643750	40.643750	E3	64	81	1	-4
157	37.893750	37.995833	E5	64	77	0	2
158	38.143750	38.235417	E5	64	77	0	2
159	38.143750	40.643750	B3	64	81	1	-2
160	38.393750	38.489583	E5	64	77	0	2
161	38.643750	38.743750	E5	64	77	0	2
162	38.643750	40.485417	B4	64	81	0	2
163	38.643750	40.493750	G#4	64	81	0	4
164	38.893750	38.981250	E5	64	77	0	2
165	39.143750	39.372917	E5	64	78	0	2
166	39.143750	39.708333	E4	64	81	0	5
167	39.393750	39.581250	B4	64	78	0	2
168	39.643750	40.002083	G#5	64	78	0	1
169	39.643750	40.489583	E5	64	86	0	2
170	39.893750	39.985417	F#5	64	78	0	4
171	40.143750	40.227083	F#5	64	78	0	4
172	40.143750	40.635417	E4	64	85	0	5
173	40.393750	40.666667	E5	64	79	0	2
174	40.643750	41.254167	G#5	64	79	0	1
175	40.643750	41.297917	B4	64	85	0	2
176	40.643750	41.300000	F#4	64	85	0	2
177	40.643750	41.643750	D#3	64	85	1	-5
178	41.643750	42.258333	E4	64	64	0	5
179	41.643750	42.287500	G#4	64	69	0	4
180	41.643750	44.447917	C#3	64	76	1	-2
181	41.893750	41.985417	E5	64	79	0	2
182	42.143750	42.233333	E5	64	79	0	2
183	42.143750	44.368750	G#3	64	61	1	-5
184	42.393750	42.477083	E5	64	79	0	2
185	42.393750	42.468750	G#4	64	36	0	4
186	42.643750	42.777083	E5	64	79	0	2
187	42.643750	43.497917	E4	64	61	0	5
188	42.643750	43.510417	G#4	64	74	0	4
189	42.893750	43.016667	B4	64	79	0	2
190	43.143750	43.520833	B4	64	79	0	2
191	43.143750	43.733333	C#4	64	46	0	2
192	43.643750	44.014583	G#5	64	79	0	1
193	43.643750	44.425000	E4	64	66	0	5
194	43.643750	44.429167	G#4	64	76	0	4
195	43.893750	44.154167	F#5	64	79	0	4
196	44.143750	44.441667	C#5	64	79	0	4
197	44.143750	44.370833	C#4	64	48	0	2
198	44.393750	45.227083	E5	64	79	0	2
199	44.643750	45.154167	F#4	64	86	0	2
200	44.643750	45.170833	B2	64	77	1	-4
201	44.643750	45.195833	D#4	64	73	0	4
202	45.143750	45.418750	F#5	64	79	0	4
203	45.393750	45.539583	E5	64	79	0	2
204	45.643750	45.864583	F#5	64	79	0	4
205	45.643750	46.550000	C#4	64	61	0	2
206	45.643750	46.552083	A4	64	70	0	5
207	45.643750	46.570833	E4	64	60	0	5
208	45.643750	48.325000	A2	64	74	1	-1
209	45.893750	46.327083	E5	64	79	0	2
210	46.143750	48.310417	E3	64	66	1	-4
211	46.393750	46.581250	E5	64	78	0	2
212	46.643750	46.893750	G#5	64	78	0	1
213	46.643750	47.493750	A4	64	77	0	5
214	46.643750	47.495833	C#4	64	64	0	2
215	46.643750	47.510417	E4	64	75	0	5
216	46.893750	47.183333	F#5	64	78	0	4
217	47.143750	47.372917	E5	64	78	0	2
218	47.143750	47.916667	A3	64	47	1	-4
219	47.393750	47.729167	C#5	64	78	0	4
220	47.643750	48.243750	A4	64	54	0	5
221	47.643750	48.264583	C#4	64	62	0	2
222	47.643750	48.362500	E4	64	63	0	5
223	48.643750	48.910417	C#5	64	76	0	4
224	48.643750	49.443750	G#3	64	69	1	-5
225	48.643750	49.450000	B3	64	69	1	-2
226	48.643750	49.477083	G#2	64	69	1	-2
227	48.643750	49.502083	D#4	64	69	0	4
228	48.893750	49.154167	B4	64	76	0	2
229	49.143750	49.402083	C#5	64	76	0	4
230	49.393750	49.543750	B4	64	76	0	2
231	49.643750	49.902083	G#5	64	76	0	1
232	49.643750	50.533333	C#4	64	78	0	2
233	49.643750	50.537500	A3	64	78	1	-4
234	49.643750	51.085417	F#2	64	78	1	-4
235	49.893750	50.020833	F#5	64	75	0	4
236	50.143750	50.364583	F#5	64	75	0	4
237	50.143750	51.012500	C#3	64	60	1	-2
238	50.393750	50.533333	E5	64	75	0	2
239	50.643750	50.935417	E5	64	75	0	2
240	50.643750	51.104167	F#4	64	74	0	2
241	50.643750	51.131250	C#4	64	74	0	2
242	50.643750	51.135417	A3	64	74	1	-4
243	50.893750	51.175000	C#5	64	75	0	4
244	51.143750	51.337500	G#5	64	75	0	1
245	51.393750	52.704167	F#5	64	75	0	4
246	51.643750	52.495833	A3	64	67	1	-4
247	51.643750	52.497917	C#4	64	71	0	2
248	51.643750	52.687500	F#2	64	68	1	-4
249	52.643750	53.475000	G#2	64	89	1	-2
250	52.643750	53.510417	D#4	64	89	0	4
251	52.643750	53.572917	B3	64	89	1	-2
252	53.643750	54.195833	G#5	64	74	0	1
253	53.643750	54.358333	A4	64	79	0	5
254	53.643750	54.383333	A2	64	79	1	-1
255	53.643750	54.539583	E4	64	79	0	5
256	53.643750	54.568750	C#4	64	79	0	2
257	54.143750	54.266667	F#5	64	74	0	4
258	54.143750	54.643750	E3	64	80	1	-4
259	54.393750	54.500000	F#5	64	74	0	4
260	54.643750	54.893750	E5	64	74	0	2
261	54.643750	55.202083	B2	64	80	1	-4
262	54.643750	55.210417	F#4	64	80	0	2
263	54.643750	55.216667	D#4	64	80	0	4
264	54.643750	55.218750	B4	64	80	0	2
265	55.143750	55.312500	C#5	64	74	0	4
266	55.143750	55.377083	F#3	64	83	1	-2
267	55.393750	57.722917	E5	64	74	0	2
268	55.643750	56.531250	G#4	64	79	0	4
269	55.643750	56.556250	B4	64	79	0	2
270	55.643750	56.556250	E5	64	79	0	2
271	55.643750	57.643750	E3	64	79	1	-4
272	56.143750	57.643750	B3	64	79	1	-2
273	56.393750	57.145833	E4	64	83	0	5
274	56.643750	57.412500	G#4	64	84	0	4
275	57.143750	57.454167	B4	64	85	0	2
276	57.591667	57.693750	F#4	64	85	0	2
277	57.620833	59.106250	E2	64	101	1	-1
278	57.643750	58.497917	E5	64	85	0	2
279	57.643750	58.600000	B3	64	85	1	-2
280	57.652083	59.187500	G#4	64	85	0	4
281	59.143750	59.445833	G#5	64	74	0	1
282	59.393750	59.566667	B5	64	74	0	4
283	59.643750	60.004167	C#6	64	74	0	1
284	59.643750	60.481250	E5	64	101	0	2
285	59.643750	60.508333	G#4	64	101	0	4
286	59.643750	60.518750	B4	64	101	0	2
287	59.643750	62.262500	E3	64	101	1	-4
288	60.143750	60.247917	B5	64	74	0	4
289	60.143750	62.222917	B3	64	101	1	-2
290	60.393750	60.506250	B5	64	74	0	4
291	60.643750	60.889583	B5	64	74	0	4
292	60.643750	61.483333	E5	64	101	0	2
293	60.643750	61.497917	G#4	64	101	0	4
294	60.643750	61.506250	B4	64	101	0	2
295	60.893750	61.075000	G#5	64	74	0	1
296	61.143750	61.429167	B5	64	74	0	4
297	61.143750	61.654167	E4	64	101	0	5
298	61.393750	61.597917	G#5	64	74	0	1
299	61.643750	61.956250	F#5	64	74	0	4
300	61.643750	62.179167	G#4	64	101	0	4
301	61.643750	62.191667	E5	64	101	0	2
302	61.643750	62.514583	B4	64	101	0	2
303	61.893750	62.208333	B5	64	74	0	4
304	62.393750	62.895833	G#5	64	74	0	1
305	62.643750	63.204167	B4	64	102	0	2
306	62.643750	63.216667	F#4	64	102	0	2
307	62.643750	63.225000	D#3	64	102	1	-5
308	63.143750	63.402083	G#5	64	74	0	1
309	63.393750	63.543750	B5	64	74	0	4
310	63.643750	63.985417	C#6	64	74	0	1
311	63.643750	64.547917	C#5	64	102	0	4
312	63.643750	64.558333	E4	64	102	0	5
313	63.643750	64.558333	G#4	64	102	0	4
314	63.643750	66.391667	C#3	64	102	1	-2
315	64.143750	64.250000	B5	64	74	0	4
316	64.143750	66.235417	G#3	64	102	1	-5
317	64.393750	64.564583	B5	64	74	0	4
318	64.643750	64.981250	G#5	64	74	0	1
319	64.643750	65.485417	C#5	64	102	0	4
320	64.643750	65.497917	E4	64	102	0	5
321	64.643750	65.506250	G#4	64	102	0	4
322	65.143750	65.372917	B5	64	74	0	4
323	65.143750	65.691667	C#4	64	102	0	2
324	65.393750	66.787500	G#5	64	74	0	1
325	65.643750	66.195833	C#5	64	102	0	4
326	65.643750	66.222917	E4	64	102	0	5
327	65.643750	66.222917	G#4	64	102	0	4
328	66.643750	67.206250	F#4	64	98	0	2
329	66.643750	67.208333	D#4	64	98	0	4
330	66.643750	67.270833	B2	64	98	1	-4
331	67.143750	67.379167	G#5	64	74	0	1
332	67.393750	67.522917	F#5	64	74	0	4
333	67.643750	67.962500	G#5	64	74	0	1
334	67.643750	68.531250	C#4	64	99	0	2
335	67.643750	68.537500	A4	64	99	0	5
336	67.643750	68.554167	E4	64	99	0	5
337	67.643750	70.860417	A2	64	99	1	-1
338	68.143750	68.429167	F#5	64	74	0	4
339	68.143750	70.895833	E3	64	100	1	-4
340	68.643750	68.918750	F#5	64	74	0	4
341	68.643750	69.510417	A4	64	100	0	5
342	68.643750	69.525000	C#4	64	100	0	2
343	68.643750	69.525000	E4	64	100	0	5
344	68.893750	69.222917	E5	64	74	0	2
345	69.143750	69.943750	A3	64	101	1	-4
346	69.393750	69.725000	C#5	64	74	0	4
347	69.643750	70.191667	E5	64	74	0	2
348	69.643750	70.489583	A4	64	79	0	5
349	69.643750	70.508333	E4	64	75	0	5
350	69.643750	70.510417	C#4	64	64	0	2
351	70.143750	70.741667	A3	64	52	1	-4
352	70.375000	71.010417	C#5	64	74	0	4
353	70.643750	71.075000	C#4	64	72	0	2
354	70.643750	71.081250	A4	64	87	0	5
355	70.643750	71.085417	E4	64	85	0	5
356	71.143750	71.468750	C#5	64	74	0	4
357	71.393750	71.639583	B4	64	74	0	2
358	71.643750	72.158333	G#5	64	74	0	1
359	71.643750	72.558333	A4	64	87	0	5
360	71.643750	72.560417	F#5	64	83	0	4
361	71.643750	72.564583	C#5	64	87	0	4
362	71.643750	73.185417	F#3	64	75	1	-2
363	72.143750	73.087500	C#4	64	60	0	2
364	72.393750	72.679167	F#5	64	74	0	4
365	72.643750	72.897917	E5	64	74	0	2
366	72.643750	72.952083	F#4	64	64	0	2
367	72.643750	73.110417	F#5	64	90	0	4
368	72.643750	73.135417	C#5	64	93	0	4
369	72.643750	73.143750	A4	64	95	0	5
370	72.893750	73.043750	C#5	64	74	0	4
371	73.143750	73.316667	G#5	64	74	0	1
372	73.393750	73.760417	F#5	64	74	0	4
373	73.643750	74.575000	D#4	64	85	0	4
374	73.643750	74.583333	B4	64	93	0	2
375	73.643750	74.585417	F#4	64	86	0	2
376	73.643750	75.187500	B2	64	87	1	-4
377	74.143750	75.204167	F#3	64	65	1	-2
378	74.643750	75.172917	D#4	64	83	0	4
379	74.643750	75.172917	F#4	64	90	0	2
380	74.643750	75.175000	B4	64	95	0	2
381	75.143750	75.445833	G#5	64	74	0	1
382	75.143750	75.620833	B3	64	64	1	-2
383	75.393750	75.566667	B5	64	74	0	4
384	75.643750	76.004167	C#6	64	74	0	1
385	75.643750	76.512500	E5	64	86	0	2
386	75.643750	76.525000	G#4	64	81	0	4
387	75.643750	76.535417	B4	64	98	0	2
388	75.643750	78.454167	E3	64	100	1	-4
389	76.143750	76.247917	B5	64	74	0	4
390	76.143750	78.368750	B3	64	64	1	-2
391	76.393750	76.506250	B5	64	74	0	4
392	76.643750	76.889583	B5	64	74	0	4
393	76.643750	77.489583	E5	64	83	0	2
394	76.643750	77.504167	G#4	64	85	0	4
395	76.643750	77.508333	B4	64	95	0	2
396	76.893750	77.075000	G#5	64	74	0	1
397	77.143750	77.429167	B5	64	74	0	4
398	77.143750	77.689583	E4	64	50	0	5
399	77.393750	77.597917	G#5	64	74	0	1
400	77.643750	77.956250	F#5	64	74	0	4
401	77.643750	78.220833	G#4	64	90	0	4
402	77.643750	78.258333	B4	64	93	0	2
403	77.643750	78.475000	E5	64	79	0	2
404	77.893750	78.208333	B5	64	74	0	4
405	78.143750	78.297917	E4	64	44	0	5
406	78.393750	78.895833	G#5	64	74	0	1
407	78.643750	79.175000	D#3	64	76	1	-5
408	78.643750	79.200000	B4	64	95	0	2
409	78.643750	79.216667	F#4	64	90	0	2
410	79.143750	79.402083	G#5	64	74	0	1
411	79.393750	79.543750	B5	64	74	0	4
412	79.643750	79.985417	C#6	64	74	0	1
413	79.643750	80.568750	C#5	64	64	0	4
414	79.643750	80.572917	G#4	64	67	0	4
415	79.643750	80.575000	E4	64	67	0	5
416	79.643750	82.500000	C#3	64	79	1	-2
417	80.143750	80.250000	B5	64	74	0	4
418	80.143750	82.360417	G#3	64	64	1	-5
419	80.393750	80.564583	B5	64	74	0	4
420	80.643750	80.981250	G#5	64	74	0	1
421	80.643750	81.529167	C#5	64	79	0	4
422	80.643750	81.547917	G#4	64	83	0	4
423	80.643750	81.566667	E4	64	71	0	5
424	81.143750	81.372917	B5	64	74	0	4
425	81.143750	82.247917	C#4	64	51	0	2
426	81.393750	82.787500	G#5	64	74	0	1
427	81.643750	82.258333	G#4	64	85	0	4
428	81.643750	82.270833	C#5	64	77	0	4
429	81.643750	82.289583	E4	64	68	0	5
430	82.643750	83.200000	D#4	64	83	0	4
431	82.643750	83.214583	B2	64	77	1	-4
432	82.643750	83.245833	F#4	64	90	0	2
433	83.143750	83.379167	G#5	64	74	0	1
434	83.393750	83.522917	F#5	64	74	0	4
435	83.393750	83.485417	C#4	64	11	0	2
436	83.643750	83.962500	G#5	64	74	0	1
437	83.643750	84.545833	A4	64	87	0	5
438	83.643750	84.550000	C#4	64	70	0	2
439	83.643750	84.556250	E4	64	87	0	5
440	83.643750	87.145833	A2	64	86	1	-1
441	84.143750	84.429167	F#5	64	74	0	4
442	84.143750	87.012500	E3	64	69	1	-4
443	84.643750	84.918750	F#5	64	74	0	4
444	84.643750	85.520833	A4	64	71	0	5
445	84.643750	85.541667	E4	64	74	0	5
446	84.643750	85.543750	C#4	64	68	0	2
447	84.989583	85.318750	E5	64	74	0	2
448	85.143750	86.027083	A3	64	52	1	-4
449	85.393750	85.725000	C#5	64	74	0	4
450	85.643750	86.191667	E5	64	74	0	2
451	85.643750	86.537500	A4	64	83	0	5
452	85.643750	86.554167	C#4	64	69	0	2
453	85.643750	86.556250	E4	64	79	0	5
454	86.143750	86.802083	A3	64	58	1	-4
455	86.375000	87.010417	C#5	64	74	0	4
456	86.643750	87.045833	A4	64	86	0	5
457	86.643750	87.054167	C#4	64	74	0	2
458	86.643750	87.054167	E4	64	83	0	5
459	87.143750	87.468750	C#5	64	74	0	4
460	87.393750	87.639583	B4	64	74	0	2
461	87.643750	88.158333	G#5	64	74	0	1
462	87.643750	88.487500	A3	64	71	1	-4
463	87.643750	88.504167	F#4	64	74	0	2
464	87.643750	88.508333	C#4	64	74	0	2
465	87.643750	89.156250	F#2	64	86	1	-4
466	88.143750	89.204167	C#3	64	61	1	-2
467	88.393750	88.679167	F#5	64	74	0	4
468	88.643750	88.897917	E5	64	74	0	2
469	88.643750	89.187500	F#4	64	79	0	2
470	88.643750	89.189583	C#4	64	83	0	2
471	88.643750	89.191667	A3	64	81	1	-4
472	88.893750	89.043750	C#5	64	74	0	4
473	89.143750	89.552083	F#3	64	60	1	-2
474	89.643750	90.456250	G#5	64	75	0	1
475	89.643750	90.572917	D#4	64	83	0	4
476	89.643750	90.572917	B4	64	90	0	2
477	89.643750	90.579167	F#4	64	85	0	2
478	89.643750	91.193750	B2	64	77	1	-4
479	90.143750	91.191667	F#3	64	74	1	-2
480	90.393750	90.577083	F#5	64	76	0	4
481	90.643750	91.164583	E5	64	76	0	2
482	90.643750	91.200000	D#4	64	76	0	4
483	90.643750	91.202083	B4	64	81	0	2
484	90.643750	91.210417	F#4	64	83	0	2
485	91.143750	91.502083	C#5	64	76	0	4
486	91.143750	91.627083	B3	64	59	1	-2
487	91.643750	93.750000	E5	64	76	0	2
488	91.643750	92.331250	E5	64	65	0	2
489	91.643750	92.339583	E4	64	58	0	5
490	91.643750	92.458333	A4	64	67	0	5
491	91.643750	94.987500	B3	64	71	1	-2
492	91.643750	95.002083	E3	64	68	1	-4
493	92.643750	92.983333	E4	64	9	0	5
494	92.643750	93.347917	E5	64	73	0	2
495	92.643750	93.391667	A4	64	86	0	5
496	93.143750	94.962500	E4	64	58	0	5
497	93.643750	94.864583	G#4	64	76	0	4
498	95.643750	96.102083	G#5	64	84	0	1
499	95.643750	98.643750	E3	64	84	1	-4
500	95.893750	95.995833	E5	64	78	0	2
501	96.143750	96.235417	E5	64	78	0	2
502	96.143750	98.643750	B3	64	84	1	-2
503	96.393750	96.489583	E5	64	78	0	2
504	96.643750	96.743750	E5	64	78	0	2
505	96.643750	98.485417	B4	64	84	0	2
506	96.643750	98.493750	G#4	64	84	0	4
507	96.893750	96.981250	E5	64	78	0	2
508	97.143750	97.372917	E5	64	79	0	2
509	97.143750	97.708333	E4	64	86	0	5
510	97.393750	97.581250	B4	64	79	0	2
511	97.643750	98.002083	G#5	64	79	0	1
512	97.643750	98.489583	E5	64	84	0	2
513	97.893750	97.985417	F#5	64	79	0	4
514	98.143750	98.227083	F#5	64	79	0	4
515	98.143750	98.635417	E4	64	83	0	5
516	98.393750	98.666667	E5	64	79	0	2
517	98.643750	99.254167	G#5	64	79	0	1
518	98.643750	99.297917	B4	64	83	0	2
519	98.643750	99.300000	F#4	64	83	0	2
520	98.643750	99.643750	D#3	64	83	1	-5
521	99.643750	100.258333	E4	64	83	0	5
522	99.643750	100.287500	G#4	64	83	0	4
523	99.643750	102.447917	C#3	64	83	1	-2
524	99.893750	99.985417	E5	64	81	0	2
525	100.143750	100.233333	E5	64	82	0	2
526	100.143750	102.368750	G#3	64	83	1	-5
527	100.393750	100.477083	E5	64	82	0	2
528	100.393750	100.468750	G#4	64	83	0	4
529	100.643750	100.777083	E5	64	82	0	2
530	100.643750	101.497917	E4	64	83	0	5
531	100.643750	101.510417	G#4	64	83	0	4
532	100.893750	101.016667	B4	64	83	0	2
533	101.143750	101.520833	B4	64	83	0	2
534	101.143750	101.733333	C#4	64	83	0	2
535	101.643750	102.014583	G#5	64	83	0	1
536	101.643750	102.425000	E4	64	83	0	5
537	101.643750	102.429167	G#4	64	83	0	4
538	101.893750	102.154167	F#5	64	83	0	4
539	102.143750	102.441667	C#5	64	83	0	4
540	102.143750	102.370833	C#4	64	83	0	2
541	102.393750	103.227083	E5	64	83	0	2
542	102.643750	103.154167	F#4	64	83	0	2
543	102.643750	103.170833	B2	64	83	1	-4
544	102.643750	103.195833	D#4	64	83	0	4
545	103.143750	103.418750	F#5	64	83	0	4
546	103.393750	103.539583	E5	64	83	0	2
547	103.643750	103.864583	F#5	64	83	0	4
548	103.643750	104.550000	C#4	64	84	0	2
549	103.643750	104.552083	A4	64	84	0	5
550	103.643750	104.570833	E4	64	84	0	5
551	103.643750	106.325000	A2	64	84	1	-1
552	103.893750	104.327083	E5	64	83	0	2
553	104.143750	106.310417	E3	64	84	1	-4
554	104.393750	104.581250	E5	64	84	0	2
555	104.643750	104.893750	G#5	64	84	0	1
556	104.643750	105.493750	A4	64	84	0	5
557	104.643750	105.495833	C#4	64	84	0	2
558	104.643750	105.510417	E4	64	84	0	5
559	104.893750	105.183333	F#5	64	84	0	4
560	105.143750	105.372917	E5	64	84	0	2
561	105.143750	105.916667	A3	64	84	1	-4
562	105.393750	105.729167	C#5	64	84	0	4
563	105.643750	106.243750	A4	64	86	0	5
564	105.643750	106.264583	C#4	64	86	0	2
565	105.643750	106.362500	E4	64	86	0	5
566	106.643750	106.910417	C#5	64	85	0	4
567	106.643750	107.443750	G#3	64	86	1	-5
568	106.643750	107.450000	B3	64	86	1	-2
569	106.643750	107.477083	G#2	64	86	1	-2
570	106.643750	107.502083	D#4	64	86	0	4
571	106.893750	107.154167	B4	64	85	0	2
572	107.143750	107.402083	C#5	64	85	0	4
573	107.393750	107.543750	B4	64	85	0	2
574	107.643750	107.902083	G#5	64	85	0	1
575	107.643750	108.533333	C#4	64	86	0	2
576	107.643750	108.537500	A3	64	86	1	-4
577	107.643750	109.085417	F#2	64	86	1	-4
578	107.893750	108.020833	F#5	64	85	0	4
579	108.143750	108.364583	F#5	64	85	0	4
580	108.143750	109.012500	C#3	64	86	1	-2
581	108.393750	108.533333	E5	64	85	0	2
582	108.643750	108.935417	E5	64	85	0	2
583	108.643750	109.104167	F#4	64	86	0	2
584	108.643750	109.131250	C#4	64	86	0	2
585	108.643750	109.135417	A3	64	86	1	-4
586	108.893750	109.175000	C#5	64	85	0	4
587	109.143750	109.337500	G#5	64	85	0	1
588	109.393750	110.704167	F#5	64	85	0	4
589	109.643750	110.495833	A3	64	87	1	-4
590	109.643750	110.497917	C#4	64	87	0	2
591	109.643750	110.687500	F#2	64	87	1	-4
592	110.643750	111.475000	G#2	64	87	1	-2
593	110.643750	111.510417	D#4	64	87	0	4
594	110.643750	111.572917	B3	64	87	1	-2
595	111.643750	112.195833	G#5	64	85	0	1
596	111.643750	112.358333	A4	64	89	0	5
597	111.643750	112.383333	A2	64	89	1	-1
598	111.643750	112.539583	E4	64	89	0	5
599	111.643750	112.568750	C#4	64	89	0	2
600	112.143750	112.266667	F#5	64	85	0	4
601	112.143750	112.643750	E3	64	89	1	-4
602	112.393750	112.500000	F#5	64	85	0	4
603	112.643750	112.893750	E5	64	85	0	2
604	112.643750	113.202083	B2	64	89	1	-4
605	112.643750	113.210417	F#4	64	89	0	2
606	112.643750	113.216667	D#4	64	89	0	4
607	112.643750	113.218750	B4	64	89	0	2
608	113.143750	113.312500	C#5	64	85	0	4
609	113.143750	113.377083	F#3	64	89	1	-2
610	113.393750	115.722917	E5	64	85	0	2
611	113.643750	114.531250	G#4	64	89	0	4
612	113.643750	114.556250	B4	64	89	0	2
613	113.643750	114.556250	E5	64	89	0	2
614	113.643750	115.643750	E3	64	89	1	-4
615	114.143750	115.643750	B3	64	89	1	-2
616	114.393750	115.145833	E4	64	89	0	5
617	114.643750	115.412500	G#4	64	89	0	4
618	115.143750	115.454167	B4	64	89	0	2
619	115.591667	115.693750	F#4	64	89	0	2
620	115.620833	117.106250	E2	64	89	1	-1
621	115.643750	116.497917	E5	64	89	0	2
622	115.643750	116.600000	B3	64	89	1	-2
623	115.652083	117.187500	G#4	64	89	0	4
624	117.143750	117.445833	G#5	64	84	0	1
625	117.393750	117.566667	B5	64	84	0	4
626	117.643750	118.004167	C#6	64	84	0	1
627	117.643750	118.481250	E5	64	92	0	2
628	117.643750	118.508333	G#4	64	92	0	4
629	117.643750	118.518750	B4	64	92	0	2
630	117.643750	120.262500	E3	64	92	1	-4
631	118.143750	118.247917	B5	64	84	0	4
632	118.143750	120.222917	B3	64	92	1	-2
633	118.393750	118.506250	B5	64	84	0	4
634	118.643750	118.889583	B5	64	84	0	4
635	118.643750	119.483333	E5	64	92	0	2
636	118.643750	119.497917	G#4	64	92	0	4
637	118.643750	119.506250	B4	64	92	0	2
638	118.893750	119.075000	G#5	64	84	0	1
639	119.143750	119.429167	B5	64	84	0	4
640	119.143750	119.654167	E4	64	94	0	5
641	119.393750	119.597917	G#5	64	84	0	1
642	119.643750	119.956250	F#5	64	84	0	4
643	119.643750	120.179167	G#4	64	94	0	4
644	119.643750	120.191667	E5	64	94	0	2
645	119.643750	120.514583	B4	64	94	0	2
646	119.893750	120.208333	B5	64	84	0	4
647	120.393750	120.895833	G#5	64	83	0	1
648	120.643750	121.204167	B4	64	85	0	2
649	120.643750	121.216667	F#4	64	79	0	2
650	120.643750	121.225000	D#3	64	95	1	-5
651	121.143750	121.402083	G#5	64	82	0	1
652	121.393750	121.543750	B5	64	81	0	4
653	121.643750	121.985417	C#6	64	81	0	1
654	121.643750	122.547917	C#5	64	69	0	4
655	121.643750	122.558333	E4	64	64	0	5
656	121.643750	122.558333	G#4	64	72	0	4
657	121.643750	124.391667	C#3	64	83	1	-2
658	122.143750	122.250000	B5	64	81	0	4
659	122.143750	124.235417	G#3	64	63	1	-5
660	122.393750	122.564583	B5	64	80	0	4
661	122.643750	122.981250	G#5	64	80	0	1
662	122.643750	123.485417	C#5	64	67	0	4
663	122.643750	123.497917	E4	64	63	0	5
664	122.643750	123.506250	G#4	64	69	0	4
665	123.143750	123.372917	B5	64	80	0	4
666	123.143750	123.691667	C#4	64	47	0	2
667	123.393750	124.787500	G#5	64	80	0	1
668	123.643750	124.195833	C#5	64	81	0	4
669	123.643750	124.222917	E4	64	67	0	5
670	123.643750	124.222917	G#4	64	81	0	4
671	124.643750	125.206250	F#4	64	83	0	2
672	124.643750	125.208333	D#4	64	74	0	4
673	124.643750	125.270833	B2	64	81	1	-4
674	125.143750	125.379167	G#5	64	79	0	1
675	125.393750	125.522917	F#5	64	79	0	4
676	125.643750	125.962500	G#5	64	79	0	1
677	125.643750	126.531250	C#4	64	62	0	2
678	125.643750	126.537500	A4	64	77	0	5
679	125.643750	126.554167	E4	64	72	0	5
680	125.643750	128.860417	A2	64	76	1	-1
681	126.143750	126.429167	F#5	64	79	0	4
682	126.143750	128.895833	E3	64	56	1	-4
683	126.643750	126.918750	F#5	64	79	0	4
684	126.643750	127.510417	A4	64	75	0	5
685	126.643750	127.525000	C#4	64	65	0	2
686	126.643750	127.525000	E4	64	71	0	5
687	126.893750	127.222917	E5	64	79	0	2
688	127.143750	127.943750	A3	64	45	1	-4
689	127.393750	127.725000	C#5	64	79	0	4
690	127.643750	128.191667	E5	64	79	0	2
691	127.643750	128.489583	A4	64	79	0	5
692	127.643750	128.508333	E4	64	75	0	5
693	127.643750	128.510417	C#4	64	64	0	2
694	128.143750	128.741667	A3	64	52	1	-4
695	128.375000	129.010417	C#5	64	79	0	4
696	128.643750	129.075000	C#4	64	72	0	2
697	128.643750	129.081250	A4	64	87	0	5
698	128.643750	129.085417	E4	64	85	0	5
699	129.143750	129.468750	C#5	64	79	0	4
700	129.393750	129.639583	B4	64	79	0	2
701	129.643750	130.158333	G#5	64	79	0	1
702	129.643750	130.558333	A4	64	87	0	5
703	129.643750	130.560417	F#5	64	83	0	4
704	129.643750	130.564583	C#5	64	87	0	4
705	129.643750	131.185417	F#3	64	75	1	-2
706	130.143750	131.087500	C#4	64	60	0	2
707	130.393750	130.679167	F#5	64	80	0	4
708	130.643750	130.897917	E5	64	80	0	2
709	130.643750	130.952083	F#4	64	64	0	2
710	130.643750	131.110417	F#5	64	90	0	4
711	130.643750	131.135417	C#5	64	93	0	4
712	130.643750	131.143750	A4	64	95	0	5
713	130.893750	131.043750	C#5	64	80	0	4
714	131.143750	131.316667	G#5	64	81	0	1
715	131.393750	131.760417	F#5	64	82	0	4
716	131.643750	132.575000	D#4	64	85	0	4
717	131.643750	132.583333	B4	64	93	0	2
718	131.643750	132.585417	F#4	64	86	0	2
719	131.643750	133.187500	B2	64	87	1	-4
720	132.143750	133.204167	F#3	64	65	1	-2
721	132.643750	133.172917	D#4	64	83	0	4
722	132.643750	133.172917	F#4	64	90	0	2
723	132.643750	133.175000	B4	64	95	0	2
724	133.143750	133.445833	G#5	64	83	0	1
725	133.143750	133.620833	B3	64	64	1	-2
726	133.393750	133.566667	B5	64	83	0	4
727	133.643750	134.004167	C#6	64	83	0	1
728	133.643750	134.512500	E5	64	86	0	2
729	133.643750	134.525000	G#4	64	81	0	4
730	133.643750	134.535417	B4	64	98	0	2
731	133.643750	136.454167	E3	64	100	1	-4
732	134.143750	134.247917	B5	64	83	0	4
733	134.143750	136.368750	B3	64	64	1	-2
734	134.393750	134.506250	B5	64	83	0	4
735	134.643750	134.889583	B5	64	83	0	4
736	134.643750	135.489583	E5	64	83	0	2
737	134.643750	135.504167	G#4	64	85	0	4
738	134.643750	135.508333	B4	64	95	0	2
739	134.893750	135.075000	G#5	64	83	0	1
740	135.143750	135.429167	B5	64	83	0	4
741	135.143750	135.689583	E4	64	50	0	5
742	135.393750	135.597917	G#5	64	84	0	1
743	135.643750	135.956250	F#5	64	84	0	4
744	135.643750	136.220833	G#4	64	90	0	4
745	135.643750	136.258333	B4	64	93	0	2
746	135.643750	136.475000	E5	64	79	0	2
747	135.893750	136.208333	B5	64	84	0	4
748	136.143750	136.297917	E4	64	44	0	5
749	136.393750	136.895833	G#5	64	84	0	1
750	136.643750	137.175000	D#3	64	76	1	-5
751	136.643750	137.200000	B4	64	95	0	2
752	136.643750	137.216667	F#4	64	90	0	2
753	137.143750	137.402083	G#5	64	84	0	1
754	137.393750	137.543750	B5	64	84	0	4
755	137.643750	137.985417	C#6	64	84	0	1
756	137.643750	138.568750	C#5	64	64	0	4
757	137.643750	138.572917	G#4	64	67	0	4
758	137.643750	138.575000	E4	64	67	0	5
759	137.643750	140.500000	C#3	64	79	1	-2
760	138.143750	138.250000	B5	64	84	0	4
761	138.143750	140.360417	G#3	64	64	1	-5
762	138.393750	138.564583	B5	64	84	0	4
763	138.643750	138.981250	G#5	64	84	0	1
764	138.643750	139.529167	C#5	64	79	0	4
765	138.643750	139.547917	G#4	64	83	0	4
766	138.643750	139.566667	E4	64	71	0	5
767	139.143750	139.372917	B5	64	84	0	4
768	139.143750	140.247917	C#4	64	51	0	2
769	139.393750	140.787500	G#5	64	84	0	1
770	139.643750	140.258333	G#4	64	85	0	4
771	139.643750	140.270833	C#5	64	77	0	4
772	139.643750	140.289583	E4	64	68	0	5
773	140.643750	141.200000	D#4	64	83	0	4
774	140.643750	141.214583	B2	64	77	1	-4
775	140.643750	141.245833	F#4	64	90	0	2
776	141.143750	141.379167	G#5	64	84	0	1
777	141.393750	141.522917	F#5	64	84	0	4
778	141.393750	141.485417	C#4	64	11	0	2
779	141.643750	141.962500	G#5	64	84	0	1
780	141.643750	142.545833	A4	64	87	0	5
781	141.643750	142.550000	C#4	64	70	0	2
782	141.643750	142.556250	E4	64	87	0	5
783	141.643750	145.145833	A2	64	86	1	-1
784	142.143750	142.429167	F#5	64	83	0	4
785	142.143750	145.012500	E3	64	69	1	-4
786	142.643750	142.918750	F#5	64	82	0	4
787	142.643750	143.520833	A4	64	71	0	5
788	142.643750	143.541667	E4	64	74	0	5
789	142.643750	143.543750	C#4	64	68	0	2
790	142.989583	143.318750	E5	64	82	0	2
791	143.143750	144.027083	A3	64	52	1	-4
792	143.393750	143.725000	C#5	64	81	0	4
793	143.643750	144.191667	E5	64	81	0	2
794	143.643750	144.537500	A4	64	83	0	5
795	143.643750	144.554167	C#4	64	69	0	2
796	143.643750	144.556250	E4	64	79	0	5
797	144.143750	144.802083	A3	64	58	1	-4
798	144.375000	145.010417	C#5	64	80	0	4
799	144.643750	145.045833	A4	64	86	0	5
800	144.643750	145.054167	C#4	64	74	0	2
801	144.643750	145.054167	E4	64	83	0	5
802	145.143750	145.468750	C#5	64	79	0	4
803	145.393750	145.639583	B4	64	79	0	2
804	145.643750	146.158333	G#5	64	79	0	1
805	145.643750	146.487500	A3	64	71	1	-4
806	145.643750	146.504167	F#4	64	74	0	2
807	145.643750	146.508333	C#4	64	74	0	2
808	145.643750	147.156250	F#2	64	86	1	-4
809	146.143750	147.204167	C#3	64	61	1	-2
810	146.393750	146.679167	F#5	64	78	0	4
811	146.643750	146.897917	E5	64	78	0	2
812	146.643750	147.187500	F#4	64	79	0	2
813	146.643750	147.189583	C#4	64	83	0	2
814	146.643750	147.191667	A3	64	81	1	-4
815	146.893750	147.043750	C#5	64	78	0	4
816	147.143750	147.552083	F#3	64	60	1	-2
817	147.643750	148.456250	G#5	64	77	0	1
818	147.643750	148.572917	D#4	64	83	0	4
819	147.643750	148.572917	B4	64	90	0	2
820	147.643750	148.579167	F#4	64	85	0	2
821	147.643750	149.193750	B2	64	77	1	-4
822	148.143750	149.191667	F#3	64	74	1	-2
823	148.393750	148.577083	F#5	64	76	0	4
824	148.643750	149.164583	E5	64	76	0	2
825	148.643750	149.200000	D#4	64	76	0	4
826	148.643750	149.202083	B4	64	81	0	2
827	148.643750	149.210417	F#4	64	83	0	2
828	149.143750	149.502083	C#5	64	76	0	4
829	149.143750	149.627083	B3	64	59	1	-2
830	149.643750	151.750000	E5	64	75	0	2
831	149.643750	150.331250	E5	64	65	0	2
832	149.643750	150.339583	E4	64	58	0	5
833	149.643750	150.458333	A4	64	67	0	5
834	149.643750	152.987500	B3	64	71	1	-2
835	149.643750	153.002083	E3	64	68	1	-4
836	150.643750	150.983333	E4	64	9	0	5
837	150.643750	151.347917	E5	64	73	0	2
838	150.643750	151.391667	A4	64	86	0	5
839	151.143750	152.962500	E4	64	58	0	5
840	151.643750	152.864583	G#4	64	76	0	4
841	153.643750	154.147917	A5	64	76	0	2
842	153.643750	154.516667	F#4	64	70	0	2
843	153.643750	154.518750	A3	64	64	1	-4
844	153.643750	154.533333	C#4	64	67	0	2
845	153.643750	157.158333	F#2	64	70	1	-4
846	154.143750	154.704167	G#5	64	76	0	1
847	154.143750	157.195833	C#3	64	62	1	-2
848	154.643750	155.241667	F#5	64	76	0	4
849	154.643750	155.485417	F#4	64	70	0	2
850	154.643750	155.506250	A3	64	60	1	-4
851	154.643750	155.518750	C#4	64	69	0	2
852	155.143750	155.297917	E5	64	79	0	2
853	155.143750	156.639583	F#3	64	57	1	-2
854	155.393750	155.797917	A5	64	80	0	2
855	155.643750	156.479167	F#4	64	71	0	2
856	155.643750	156.487500	A3	64	62	1	-4
857	155.643750	156.502083	C#4	64	72	0	2
858	156.143750	156.225000	G#5	64	80	0	1
859	156.393750	156.535417	G#5	64	80	0	1
860	156.643750	156.850000	F#5	64	80	0	4
861	156.643750	157.189583	F#4	64	75	0	2
862	156.643750	157.195833	C#4	64	76	0	2
863	156.643750	157.204167	A3	64	73	1	-4
864	156.893750	157.514583	G#5	64	80	0	1
865	157.143750	157.595833	F#3	64	53	1	-2
866	157.643750	159.450000	E5	64	80	0	2
867	157.643750	158.518750	C#5	64	64	0	4
868	157.643750	158.527083	E4	64	65	0	5
869	157.643750	158.527083	G#4	64	63	0	4
870	157.643750	161.489583	C#3	64	63	1	-2
871	158.143750	161.433333	G#3	64	59	1	-5
872	158.643750	159.481250	C#5	64	76	0	4
873	158.643750	159.497917	E4	64	67	0	5
874	158.643750	159.497917	G#4	64	79	0	4
875	159.143750	159.789583	C#4	64	50	0	2
876	159.643750	160.481250	C#5	64	81	0	4
877	159.643750	160.493750	G#4	64	81	0	4
878	159.643750	160.500000	E4	64	64	0	5
879	160.143750	160.708333	C#4	64	51	0	2
880	160.643750	161.362500	C#5	64	87	0	4
881	160.643750	161.393750	G#4	64	90	0	4
882	160.643750	161.412500	E4	64	74	0	5
883	160.893750	161.072917	F#5	64	80	0	4
884	161.143750	161.427083	G#5	64	80	0	1
885	161.393750	161.647917	E5	64	80	0	2
886	161.643750	162.091667	A5	64	80	0	2
887	161.643750	162.510417	F#4	64	69	0	2
888	161.643750	162.529167	A3	64	67	1	-4
889	161.643750	162.535417	C#4	64	70	0	2
890	161.643750	165.462500	F#2	64	66	1	-4
891	162.143750	162.685417	G#5	64	81	0	1
892	162.143750	165.483333	C#3	64	63	1	-2
893	162.643750	163.104167	F#5	64	82	0	4
894	162.643750	163.266667	F#4	64	79	0	2
895	162.643750	163.275000	C#4	64	81	0	2
896	162.643750	163.497917	A3	64	74	1	-4
897	163.143750	163.287500	E5	64	82	0	2
898	163.143750	163.695833	F#3	64	61	1	-2
899	163.393750	163.954167	A5	64	83	0	2
900	163.393750	163.491667	F#4	64	37	0	2
901	163.393750	163.516667	C#4	64	31	0	2
902	163.643750	164.468750	F#4	64	85	0	2
903	163.643750	164.483333	A3	64	74	1	-4
904	163.643750	164.485417	C#4	64	86	0	2
905	164.143750	164.508333	G#5	64	83	0	1
906	164.143750	164.662500	F#3	64	60	1	-2
907	164.643750	165.070833	F#5	64	83	0	4
908	164.643750	165.356250	F#4	64	93	0	2
909	164.643750	165.370833	C#4	64	90	0	2
910	164.643750	165.387500	A3	64	86	1	-4
911	164.893750	165.316667	G#5	64	83	0	1
912	165.143750	165.462500	F#3	64	56	1	-2
913	165.643750	167.643750	A5	64	83	0	2
914	165.643750	166.458333	A4	64	77	0	5
915	165.643750	166.472917	C#4	64	75	0	2
916	165.643750	166.477083	E4	64	77	0	5
917	165.643750	167.652083	A2	64	74	1	-1
918	166.143750	167.660417	E3	64	67	1	-4
919	166.643750	167.470833	A4	64	93	0	5
920	166.643750	167.485417	C#4	64	85	0	2
921	166.643750	167.489583	E4	64	90	0	5
922	167.143750	167.543750	A3	64	61	1	-4
923	167.643750	170.641667	B5	64	83	0	4
924	167.643750	168.506250	B4	64	87	0	2
925	167.643750	168.514583	F#4	64	87	0	2
926	167.643750	168.527083	D#4	64	79	0	4
927	167.643750	169.643750	B2	64	74	1	-4
928	168.143750	169.643750	F#3	64	67	1	-2
929	168.643750	169.504167	B4	64	95	0	2
930	168.643750	169.512500	F#4	64	93	0	2
931	168.643750	169.516667	D#4	64	81	0	4
932	169.143750	169.643750	B3	64	58	1	-2
933	169.643750	170.102083	F#4	64	65	0	2
934	169.643750	170.116667	D#4	64	62	0	4
935	169.643750	170.118750	B4	64	75	0	2
936	169.643750	170.166667	B2	64	83	1	-4
937	170.643750	171.668750	F#4	64	79	0	2
938	170.643750	171.670833	D#4	64	77	0	4
939	170.643750	171.683333	B2	64	79	1	-4
940	171.143750	171.445833	G#5	64	85	0	1
941	171.393750	171.566667	B5	64	85	0	4
942	171.643750	172.004167	C#6	64	86	0	1
943	171.643750	171.668750	B4	64	79	0	2
944	171.643750	172.481250	E5	64	72	0	2
945	171.643750	172.508333	G#4	64	74	0	4
946	171.643750	174.262500	E3	64	77	1	-4
947	172.143750	172.247917	B5	64	86	0	4
948	172.143750	174.222917	B3	64	65	1	-2
949	172.393750	172.506250	B5	64	87	0	4
950	172.643750	172.889583	B5	64	88	0	4
951	172.643750	173.483333	E5	64	74	0	2
952	172.643750	173.497917	G#4	64	69	0	4
953	172.643750	173.506250	B4	64	83	0	2
954	172.893750	173.075000	G#5	64	87	0	1
955	173.143750	173.429167	B5	64	88	0	4
956	173.143750	173.654167	E4	64	48	0	5
957	173.393750	173.597917	G#5	64	88	0	1
958	173.643750	173.956250	F#5	64	89	0	4
959	173.643750	174.179167	G#4	64	68	0	4
960	173.643750	174.191667	E5	64	74	0	2
961	173.643750	174.514583	B4	64	81	0	2
962	173.893750	174.208333	B5	64	89	0	4
963	174.393750	174.895833	G#5	64	89	0	1
964	174.643750	175.204167	B4	64	85	0	2
965	174.643750	175.216667	F#4	64	79	0	2
966	174.643750	175.225000	D#3	64	95	1	-5
967	175.143750	175.402083	G#5	64	90	0	1
968	175.393750	175.543750	B5	64	90	0	4
969	175.643750	175.985417	C#6	64	90	0	1
970	175.643750	176.547917	C#5	64	69	0	4
971	175.643750	176.558333	E4	64	64	0	5
972	175.643750	176.558333	G#4	64	72	0	4
973	175.643750	178.391667	C#3	64	83	1	-2
974	176.143750	176.250000	B5	64	90	0	4
975	176.143750	178.235417	G#3	64	63	1	-5
976	176.393750	176.564583	B5	64	91	0	4
977	176.643750	176.981250	G#5	64	91	0	1
978	176.643750	177.485417	C#5	64	67	0	4
979	176.643750	177.497917	E4	64	63	0	5
980	176.643750	177.506250	G#4	64	69	0	4
981	177.143750	177.372917	B5	64	91	0	4
982	177.143750	177.691667	C#4	64	47	0	2
983	177.393750	178.787500	G#5	64	92	0	1
984	177.643750	178.195833	C#5	64	81	0	4
985	177.643750	178.222917	E4	64	67	0	5
986	177.643750	178.222917	G#4	64	81	0	4
987	178.643750	179.206250	F#4	64	83	0	2
988	178.643750	179.208333	D#4	64	74	0	4
989	178.643750	179.270833	B2	64	81	1	-4
990	179.143750	179.379167	G#5	64	92	0	1
991	179.393750	179.522917	F#5	64	92	0	4
992	179.643750	179.962500	G#5	64	92	0	1
993	179.643750	180.531250	C#4	64	62	0	2
994	179.643750	180.537500	A4	64	77	0	5
995	179.643750	180.554167	E4	64	72	0	5
996	179.643750	182.860417	A2	64	76	1	-1
997	180.143750	180.429167	F#5	64	92	0	4
998	180.143750	182.895833	E3	64	56	1	-4
999	180.643750	180.918750	F#5	64	92	0	4
1000	180.643750	181.510417	A4	64	75	0	5
1001	180.643750	181.525000	C#4	64	65	0	2
1002	180.643750	181.525000	E4	64	71	0	5
1003	180.893750	181.222917	E5	64	92	0	2
1004	181.143750	181.943750	A3	64	45	1	-4
1005	181.393750	181.725000	C#5	64	92	0	4
1006	181.643750	182.191667	E5	64	92	0	2
1007	181.643750	182.489583	A4	64	79	0	5
1008	181.643750	182.508333	E4	64	75	0	5
1009	181.643750	182.510417	C#4	64	64	0	2
1010	182.143750	182.741667	A3	64	52	1	-4
1011	182.375000	183.010417	C#5	64	91	0	4
1012	182.643750	183.075000	C#4	64	72	0	2
1013	182.643750	183.081250	A4	64	87	0	5
1014	182.643750	183.085417	E4	64	85	0	5
1015	183.143750	183.468750	C#5	64	91	0	4
1016	183.393750	183.639583	B4	64	91	0	2
1017	183.643750	184.158333	G#5	64	91	0	1
1018	183.643750	184.558333	A4	64	87	0	5
1019	183.643750	184.560417	F#5	64	83	0	4
1020	183.643750	184.564583	C#5	64	87	0	4
1021	183.643750	185.185417	F#3	64	75	1	-2
1022	184.143750	185.087500	C#4	64	60	0	2
1023	184.393750	184.679167	F#5	64	91	0	4
1024	184.643750	184.897917	E5	64	91	0	2
1025	184.643750	184.952083	F#4	64	64	0	2
1026	184.643750	185.110417	F#5	64	90	0	4
1027	184.643750	185.135417	C#5	64	93	0	4
1028	184.643750	185.143750	A4	64	95	0	5
1029	184.893750	185.043750	C#5	64	91	0	4
1030	185.143750	185.316667	G#5	64	91	0	1
1031	185.393750	185.760417	F#5	64	91	0	4
1032	185.643750	186.575000	D#4	64	85	0	4
1033	185.643750	186.583333	B4	64	93	0	2
1034	185.643750	186.585417	F#4	64	86	0	2
1035	185.643750	187.187500	B2	64	87	1	-4
1036	186.143750	187.204167	F#3	64	65	1	-2
1037	186.643750	187.172917	D#4	64	83	0	4
1038	186.643750	187.172917	F#4	64	90	0	2
1039	186.643750	187.175000	B4	64	95	0	2
1040	187.143750	187.445833	G#5	64	89	0	1
1041	187.143750	187.620833	B3	64	64	1	-2
1042	187.393750	187.566667	B5	64	89	0	4
1043	187.643750	188.004167	C#6	64	89	0	1
1044	187.643750	188.512500	E5	64	86	0	2
1045	187.643750	188.525000	G#4	64	81	0	4
1046	187.643750	188.535417	B4	64	98	0	2
1047	187.643750	190.454167	E3	64	100	1	-4
1048	188.143750	188.247917	B5	64	88	0	4
1049	188.143750	190.368750	B3	64	64	1	-2
1050	188.393750	188.506250	B5	64	88	0	4
1051	188.643750	188.889583	B5	64	88	0	4
1052	188.643750	189.489583	E5	64	83	0	2
1053	188.643750	189.504167	G#4	64	85	0	4
1054	188.643750	189.508333	B4	64	95	0	2
1055	188.893750	189.075000	G#5	64	88	0	1
1056	189.143750	189.429167	B5	64	88	0	4
1057	189.143750	189.689583	E4	64	50	0	5
1058	189.393750	189.597917	G#5	64	88	0	1
1059	189.643750	189.956250	F#5	64	88	0	4
1060	189.643750	190.220833	G#4	64	90	0	4
1061	189.643750	190.258333	B4	64	93	0	2
1062	189.643750	190.475000	E5	64	79	0	2
1063	189.893750	190.208333	B5	64	88	0	4
1064	190.143750	190.297917	E4	64	44	0	5
1065	190.393750	190.895833	G#5	64	88	0	1
1066	190.643750	191.175000	D#3	64	76	1	-5
1067	190.643750	191.200000	B4	64	95	0	2
1068	190.643750	191.216667	F#4	64	90	0	2
1069	191.143750	191.402083	G#5	64	88	0	1
1070	191.393750	191.543750	B5	64	88	0	4
1071	191.643750	191.985417	C#6	64	88	0	1
1072	191.643750	192.568750	C#5	64	64	0	4
1073	191.643750	192.572917	G#4	64	67	0	4
1074	191.643750	192.575000	E4	64	67	0	5
1075	191.643750	194.500000	C#3	64	79	1	-2
1076	192.143750	192.250000	B5	64	88	0	4
1077	192.143750	194.360417	G#3	64	64	1	-5
1078	192.393750	192.564583	B5	64	88	0	4
1079	192.643750	192.981250	G#5	64	88	0	1
1080	192.643750	193.529167	C#5	64	79	0	4
1081	192.643750	193.547917	G#4	64	83	0	4
1082	192.643750	193.566667	E4	64	71	0	5
1083	193.143750	193.372917	B5	64	88	0	4
1084	193.143750	194.247917	C#4	64	51	0	2
1085	193.393750	194.787500	G#5	64	88	0	1
1086	193.643750	194.258333	G#4	64	85	0	4
1087	193.643750	194.270833	C#5	64	77	0	4
1088	193.643750	194.289583	E4	64	68	0	5
1089	194.643750	195.200000	D#4	64	83	0	4
1090	194.643750	195.214583	B2	64	77	1	-4
1091	194.643750	195.245833	F#4	64	90	0	2
1092	195.143750	195.379167	G#5	64	88	0	1
1093	195.393750	195.522917	F#5	64	88	0	4
1094	195.393750	195.485417	C#4	64	11	0	2
1095	195.643750	195.962500	G#5	64	88	0	1
1096	195.643750	196.545833	A4	64	87	0	5
1097	195.643750	196.550000	C#4	64	70	0	2
1098	195.643750	196.556250	E4	64	87	0	5
1099	195.643750	199.145833	A2	64	86	1	-1
1100	196.143750	196.429167	F#5	64	88	0	4
1101	196.143750	199.012500	E3	64	69	1	-4
1102	196.643750	196.918750	F#5	64	88	0	4
1103	196.643750	197.520833	A4	64	71	0	5
1104	196.643750	197.541667	E4	64	74	0	5
1105	196.643750	197.543750	C#4	64	68	0	2
1106	196.989583	197.318750	E5	64	88	0	2
1107	197.143750	198.027083	A3	64	52	1	-4
1108	197.393750	197.725000	C#5	64	88	0	4
1109	197.643750	198.191667	E5	64	88	0	2
1110	197.643750	198.537500	A4	64	83	0	5
1111	197.643750	198.554167	C#4	64	69	0	2
1112	197.643750	198.556250	E4	64	79	0	5
1113	198.143750	198.802083	A3	64	58	1	-4
1114	198.375000	199.010417	C#5	64	88	0	4
1115	198.643750	199.045833	A4	64	86	0	5
1116	198.643750	199.054167	C#4	64	74	0	2
1117	198.643750	199.054167	E4	64	83	0	5
1118	199.143750	199.468750	C#5	64	88	0	4
1119	199.393750	199.639583	B4	64	88	0	2
1120	199.643750	200.158333	G#5	64	88	0	1
1121	199.643750	200.487500	A3	64	71	1	-4
1122	199.643750	200.504167	F#4	64	74	0	2
1123	199.643750	200.508333	C#4	64	74	0	2
1124	199.643750	201.156250	F#2	64	86	1	-4
1125	200.143750	201.204167	C#3	64	61	1	-2
1126	200.393750	200.679167	F#5	64	87	0	4
1127	200.643750	200.897917	E5	64	87	0	2
1128	200.643750	201.187500	F#4	64	79	0	2
1129	200.643750	201.189583	C#4	64	83	0	2
1130	200.643750	201.191667	A3	64	81	1	-4
1131	200.893750	201.043750	C#5	64	86	0	4
1132	201.143750	201.552083	F#3	64	60	1	-2
1133	201.643750	202.456250	G#5	64	85	0	1
1134	201.643750	202.572917	D#4	64	83	0	4
1135	201.643750	202.572917	B4	64	90	0	2
1136	201.643750	202.579167	F#4	64	85	0	2
1137	201.643750	203.193750	B2	64	77	1	-4
1138	202.143750	203.191667	F#3	64	74	1	-2
1139	202.393750	202.577083	F#5	64	85	0	4
1140	202.643750	203.164583	E5	64	85	0	2
1141	202.643750	203.200000	D#4	64	76	0	4
1142	202.643750	203.202083	B4	64	81	0	2
1143	202.643750	203.210417	F#4	64	83	0	2
1144	203.143750	203.502083	C#5	64	85	0	4
1145	203.143750	203.627083	B3	64	59	1	-2
1146	203.643750	205.750000	E5	64	85	0	2
1147	203.643750	204.331250	E5	64	65	0	2
1148	203.643750	204.339583	E4	64	58	0	5
1149	203.643750	204.458333	A4	64	67	0	5
1150	203.643750	206.987500	B3	64	71	1	-2
1151	203.643750	207.002083	E3	64	68	1	-4
1152	204.643750	204.983333	E4	64	9	0	5
1153	204.643750	205.347917	E5	64	73	0	2
1154	204.643750	205.391667	A4	64	86	0	5
1155	205.143750	206.962500	E4	64	58	0	5
1156	205.643750	206.864583	G#4	64	76	0	4
1157	207.643750	209.247917	A4	64	79	0	5
1158	207.643750	210.104167	A2	64	74	1	-1
1159	208.143750	210.220833	E3	64	63	1	-4
1160	208.893750	210.125000	A3	64	63	1	-4
1161	209.143750	209.433333	C#4	64	58	0	2
1162	209.393750	209.579167	E4	64	64	0	5
1163	209.622917	210.695833	A4	64	73	0	5
1164	209.643750	212.020833	B2	64	73	1	-4
1165	210.733333	212.018750	G#4	64	76	0	4
1166	211.770833	213.050000	E4	64	79	0	5
1167	211.787500	212.958333	C3	64	62	1	-3
1168	211.800000	212.922917	C4	64	63	0	1
1169	211.822917	212.941667	G3	64	65	1	-1
1170	213.025000	213.731250	A3	64	57	1	-4
1171	213.337500	213.693750	C#4	64	72	0	2
1172	213.604167	213.952083	E4	64	76	0	5
1173	214.045833	216.114583	D2	64	64	1	-3
1174	214.068750	216.089583	D3	64	61	1	-1
1175	214.114583	215.804167	F#4	64	81	0	2
1176	215.320833	216.533333	E4	64	65	0	5
1177	216.483333	217.358333	B3	64	64	1	-2
1178	216.822917	219.047917	E2	64	59	1	-1
1179	217.314583	219.037500	B2	64	59	1	-4
1180	217.377083	218.335417	A3	64	63	1	-4
1181	217.643750	219.697917	G#3	64	39	1	-5
1182	218.454167	219.002083	E3	64	58	1	-4
1183	218.693750	223.558333	B3	64	60	1	-2
1184	218.964583	219.835417	E4	64	47	0	5
1185	219.335417	219.610417	G#4	64	37	0	4
1186	219.418750	219.895833	B4	64	61	0	2
1187	219.614583	223.500000	E5	64	63	0	2
