//Version: PianoFingering_v170101
0	0.545139	1.314236	E4	64	66	0	5
1	0.545139	1.319444	G4	64	74	0	3
2	0.545139	1.822916	C3	64	81	1	-3
3	0.961805	1.723958	G3	64	63	1	-1
4	1.378472	1.777777	E4	64	72	0	5
5	1.378472	1.782985	G4	64	79	0	3
6	2.211805	2.967013	C4	64	62	0	1
7	2.211805	2.984374	E4	64	74	0	5
8	2.211805	3.468749	A2	64	61	1	-1
9	2.628471	3.442707	E3	64	71	1	-4
10	3.045138	3.581596	E4	64	74	0	5
11	3.045138	3.614582	C4	64	63	0	1
12	3.461804	3.517360	E3	64	46	1	-4
13	3.878471	4.336804	A4	64	61	0	5
14	3.878471	4.345484	F4	64	62	0	1
15	3.878471	5.140623	D3	64	66	1	-1
16	4.295137	5.026040	A3	64	61	1	-4
17	4.711804	5.159720	A4	64	76	0	5
18	4.711804	5.175345	F4	64	90	0	1
19	5.545137	6.274303	B3	64	66	1	-2
20	5.545137	6.276039	D4	64	72	0	3
21	5.545137	7.144094	G2	64	72	1	-3
22	5.961803	7.157983	D3	64	65	1	-1
23	6.378470	6.901039	B3	64	67	1	-2
24	6.378470	7.057289	D4	64	74	0	3
25	6.795136	7.156247	G3	64	49	1	-1
26	7.211803	7.909719	G3	64	64	1	-1
27	7.211803	7.909719	B3	64	72	1	-2
28	7.211803	8.463538	E2	64	77	1	-1
29	7.628469	8.512149	B2	64	65	1	-4
30	8.045136	8.498260	B3	64	79	1	-2
31	8.045136	8.506941	G3	64	79	1	-1
32	8.461802	8.899302	E3	64	60	1	-4
33	8.878469	9.579857	C4	64	63	0	1
34	8.878469	9.586802	E4	64	76	0	5
35	8.878469	10.178815	A2	64	65	1	-1
36	9.295135	10.267357	E3	64	57	1	-4
37	9.711802	10.208329	E4	64	74	0	5
38	9.711802	10.244788	C4	64	70	0	1
39	10.128468	10.499996	A3	64	52	1	-4
40	10.545135	11.232634	B3	64	58	1	-2
41	10.545135	11.289926	G#3	64	61	1	-5
42	10.545135	11.864579	F2	64	74	1	-5
43	11.378468	11.779509	B3	64	83	1	-2
44	11.378468	11.826384	G#3	64	81	1	-5
45	12.211801	13.878467	G2	64	67	1	-3
46	12.211801	13.878467	B3	64	67	1	-2
47	12.211801	13.878467	D4	64	65	0	3
48	13.878467	14.538189	E4	64	67	0	5
49	13.878467	14.588536	E4	64	65	0	5
50	13.878467	14.628466	G4	64	79	0	3
51	13.878467	15.215272	C3	64	74	1	-3
52	14.295133	15.085063	G3	64	47	1	-1
53	14.711800	15.053813	G4	64	83	0	3
54	14.711800	15.503466	C5	64	64	0	3
55	14.711800	15.553813	E4	64	65	0	5
56	14.711800	15.567702	G4	64	53	0	3
57	15.128466	15.770827	A4	64	77	0	5
58	15.545133	16.814229	F2	64	73	1	-5
59	15.961799	16.607632	E4	64	76	0	5
60	15.961799	17.140618	C3	64	73	1	-3
61	16.378466	16.809021	D4	64	74	0	3
62	16.378466	16.826382	F4	64	76	0	1
63	16.378466	16.838535	A3	64	64	1	-4
64	16.378466	16.842007	C4	64	64	0	1
65	16.795132	17.220479	C4	64	64	0	1
66	17.211799	17.510410	D4	64	77	0	3
67	17.211799	17.960062	B3	64	70	1	-2
68	17.211799	17.965271	D4	64	64	0	3
69	17.211799	17.965271	G4	64	73	0	3
70	17.211799	18.434020	G2	64	75	1	-3
71	17.628465	17.711798	D4	64	68	0	3
72	17.628465	18.517354	D3	64	61	1	-1
73	17.836798	18.260409	D4	64	74	0	3
74	18.045132	18.531243	G4	64	86	0	3
75	18.045132	18.536451	B3	64	73	1	-2
76	18.045132	18.536451	D4	64	79	0	3
77	18.253465	18.739576	G3	64	74	1	-1
78	18.461798	18.925340	G3	64	54	1	-1
79	18.670131	19.741312	E4	64	81	0	5
80	18.878465	19.595478	E4	64	70	0	5
81	18.878465	19.612839	C5	64	67	0	3
82	18.878465	19.621520	G4	64	75	0	3
83	18.878465	19.999992	C3	64	67	1	-3
84	19.295131	19.968742	G3	64	65	1	-1
85	19.711798	20.369784	E4	64	75	0	5
86	19.711798	20.369784	G4	64	83	0	3
87	19.711798	20.369784	C5	64	76	0	3
88	20.128464	20.425339	C4	64	62	0	1
89	20.336797	20.564228	D4	64	70	0	3
90	20.545131	21.055547	E4	64	67	0	5
91	20.545131	21.234367	E4	64	74	0	5
92	20.545131	21.260408	G4	64	79	0	3
93	20.545131	21.736102	C3	64	85	1	-3
94	20.961797	21.480894	G3	64	62	1	-1
95	21.378464	21.819436	G4	64	72	0	3
96	21.378464	21.788186	G4	64	75	0	3
97	21.378464	21.798602	E4	64	81	0	5
98	21.795130	22.390616	A4	64	95	0	5
99	22.211797	22.958324	A3	64	65	1	-4
100	22.211797	22.967005	C4	64	76	0	1
101	22.211797	23.539921	F2	64	71	1	-5
102	22.628463	23.024296	E4	64	73	0	5
103	22.628463	23.814227	C3	64	73	1	-3
104	23.045130	23.539921	D4	64	68	0	3
105	23.045130	23.541657	C4	64	74	0	1
106	23.045130	23.559018	A3	64	67	1	-4
107	23.461796	23.671866	C4	64	60	0	1
108	23.461796	23.777768	F3	64	47	1	-3
109	23.878463	24.124990	D4	64	86	0	3
110	23.878463	24.635407	B3	64	71	1	-2
111	23.878463	24.638879	D4	64	74	0	3
112	23.878463	25.164920	G2	64	74	1	-3
113	24.295129	24.387143	C4	64	74	0	1
114	24.295129	25.284712	D3	64	66	1	-1
115	24.503462	24.708323	D4	64	77	0	3
116	24.711796	25.185754	D4	64	75	0	3
117	24.711796	25.215268	B3	64	70	1	-2
118	24.920129	25.249990	G4	64	74	0	3
119	25.128462	25.508670	G3	64	60	1	-1
120	25.545129	26.413184	E4	64	73	0	5
121	25.545129	26.329851	E4	64	68	0	5
122	25.545129	26.331587	G4	64	79	0	3
123	25.545129	26.885406	C3	64	98	1	-3
124	25.961795	26.777767	G3	64	64	1	-1
125	26.378462	26.800337	G4	64	83	0	3
126	26.378462	26.822906	E4	64	73	0	5
127	26.795128	27.031239	E4	64	87	0	5
128	27.003461	27.239572	D4	64	73	0	3
129	27.211795	27.489572	C4	64	87	0	1
130	27.211795	27.953114	A3	64	61	1	-4
131	27.211795	27.989572	C4	64	74	0	1
132	27.211795	28.583322	F2	64	65	1	-5
133	27.628461	27.918392	B3	64	75	1	-2
134	27.628461	28.418391	C3	64	74	1	-3
135	27.836794	28.217003	C4	64	72	0	1
136	28.045128	28.496516	C4	64	71	0	1
137	28.045128	28.503461	A3	64	61	1	-4
138	28.253461	28.671864	C5	64	100	0	3
139	28.878461	29.289919	B4	64	90	0	2
140	28.878461	29.618044	G3	64	63	1	-1
141	28.878461	29.631933	B3	64	75	1	-2
142	28.878461	30.170127	E2	64	74	1	-1
143	29.295127	29.543391	A4	64	68	0	5
144	29.295127	30.486099	B2	64	63	1	-4
145	29.503460	30.251724	G4	64	81	0	3
146	29.711794	30.177071	G3	64	66	1	-1
147	29.711794	30.180543	B3	64	76	1	-2
148	30.128460	30.482627	E3	64	47	1	-4
149	30.336793	30.493043	E4	64	59	0	5
150	30.545127	30.809015	A4	64	93	0	5
151	30.545127	31.295126	A3	64	70	1	-4
152	30.545127	31.317696	C4	64	74	0	1
153	30.545127	31.796862	F2	64	75	1	-5
154	30.961793	31.059015	G4	64	81	0	3
155	30.961793	31.850682	C3	64	67	1	-3
156	31.170126	31.449640	G4	64	90	0	3
157	31.378460	31.850682	A3	64	65	1	-4
158	31.378460	31.854154	C4	64	75	0	1
159	31.586793	31.979154	G4	64	71	0	3
160	31.795126	32.277765	F3	64	59	1	-3
161	32.211793	32.671862	E4	64	95	0	5
162	32.211793	32.914917	E4	64	63	0	5
163	32.211793	32.949640	G4	64	74	0	3
164	32.211793	33.531237	C3	64	64	1	-3
165	32.628459	33.406237	G3	64	64	1	-1
166	33.045126	33.501723	E4	64	79	0	5
167	33.045126	33.501723	G4	64	83	0	3
168	33.461792	33.654500	E4	64	74	0	5
169	33.670125	33.977417	D4	64	60	0	3
170	33.878459	34.300334	C4	64	62	0	1
171	33.878459	34.609361	C4	64	66	0	1
172	33.878459	34.624986	E4	64	81	0	5
173	33.878459	35.213528	A2	64	77	1	-1
174	34.295125	34.595472	B3	64	60	1	-2
175	34.295125	35.039917	E3	64	61	1	-4
176	34.503458	34.753458	C4	64	71	0	1
177	34.711792	35.163180	C4	64	83	0	1
178	34.711792	35.166653	E4	64	86	0	5
179	34.920125	35.406236	C5	64	65	0	3
180	35.545125	35.987833	B4	64	85	0	2
181	35.545125	36.286444	G3	64	76	1	-1
182	35.545125	36.298597	B3	64	77	1	-2
183	35.545125	36.935749	E2	64	69	1	-1
184	35.961791	36.208319	A4	64	70	0	5
185	35.961791	37.190957	B2	64	70	1	-4
186	36.170124	36.677069	G4	64	90	0	3
187	36.378458	37.050332	G3	64	74	1	-1
188	36.378458	37.086791	B3	64	79	1	-2
189	36.795124	37.182277	C4	64	74	0	1
190	36.795124	37.185749	E3	64	53	1	-4
191	37.211791	38.274290	A4	64	86	0	5
192	37.211791	37.930540	A3	64	58	1	-4
193	37.211791	37.968735	C4	64	70	0	1
194	37.211791	38.779498	F2	64	76	1	-5
195	37.628457	38.899290	C3	64	65	1	-3
196	38.045124	38.727415	C4	64	73	0	1
197	38.045124	38.782971	A3	64	66	1	-4
198	38.461790	38.706582	C4	64	64	0	1
199	38.461790	38.770818	F3	64	52	1	-3
200	38.670123	39.755192	G4	64	85	0	3
201	38.878457	39.605887	D4	64	63	0	3
202	38.878457	39.624984	B3	64	61	1	-2
203	38.878457	40.138873	G2	64	73	1	-3
204	39.295123	40.157970	D3	64	62	1	-1
205	39.711790	40.156234	D4	64	72	0	3
206	39.711790	40.177067	B3	64	76	1	-2
207	40.128456	40.236095	G3	64	56	1	-1
208	40.545123	41.118039	E4	64	90	0	5
209	40.545123	41.255192	E4	64	65	0	5
210	40.545123	41.295122	G4	64	79	0	3
211	40.545123	41.881928	C3	64	74	1	-3
212	40.961789	41.751719	G3	64	47	1	-1
213	41.378456	41.543386	G4	64	93	0	3
214	41.378456	42.170122	C5	64	64	0	3
215	41.378456	42.220469	E4	64	65	0	5
216	41.378456	42.234358	G4	64	53	0	3
217	41.795122	42.359358	A4	64	104	0	5
218	42.211789	43.480885	F2	64	73	1	-5
219	42.628455	42.953108	E4	64	79	0	5
220	42.628455	43.807274	C3	64	73	1	-3
221	43.045122	43.463524	D4	64	79	0	3
222	43.045122	43.493038	F4	64	76	0	1
223	43.045122	43.505191	A3	64	64	1	-4
224	43.045122	43.508663	C4	64	64	0	1
225	43.461788	43.838524	C4	64	67	0	1
226	43.878455	44.626718	B3	64	70	1	-2
227	43.878455	44.631927	D4	64	64	0	3
228	43.878455	44.631927	G4	64	73	0	3
229	43.878455	45.100676	G2	64	75	1	-3
230	44.295121	44.383663	D4	64	74	0	3
231	44.295121	45.184010	D3	64	61	1	-1
232	44.503454	44.758663	D4	64	77	0	3
233	44.711788	45.197899	G4	64	86	0	3
234	44.711788	45.203107	B3	64	73	1	-2
235	44.711788	45.203107	D4	64	79	0	3
236	44.920121	45.255190	G3	64	72	1	-1
237	45.128454	45.591996	G3	64	54	1	-1
238	45.545121	46.208315	E4	64	64	0	5
239	45.545121	46.262134	E4	64	70	0	5
240	45.545121	46.279495	C5	64	67	0	3
241	45.545121	46.288176	G4	64	75	0	3
242	45.545121	46.666648	C3	64	67	1	-3
243	45.961787	46.635398	G3	64	65	1	-1
244	46.378454	47.036440	E4	64	75	0	5
245	46.378454	47.036440	G4	64	83	0	3
246	46.378454	47.036440	C5	64	76	0	3
247	46.795120	47.052065	C4	64	81	0	1
248	47.211787	48.086786	E4	64	90	0	5
249	47.211787	47.901023	E4	64	74	0	5
250	47.211787	47.927064	G4	64	79	0	3
251	47.211787	48.402758	C3	64	85	1	-3
252	47.628453	48.147550	G3	64	62	1	-1
253	48.045120	48.305536	G4	64	76	0	3
254	48.045120	48.454842	G4	64	75	0	3
255	48.045120	48.465258	E4	64	81	0	5
256	48.461786	49.088522	A4	64	76	0	5
257	48.878453	49.624980	A3	64	65	1	-4
258	48.878453	49.633661	C4	64	76	0	1
259	48.878453	50.206577	F2	64	71	1	-5
260	49.295119	49.611091	E4	64	87	0	5
261	49.295119	50.480883	C3	64	73	1	-3
262	49.711786	50.116299	D4	64	86	0	3
263	49.711786	50.208313	C4	64	74	0	1
264	49.711786	50.225674	A3	64	67	1	-4
265	50.128452	50.482619	C4	64	63	0	1
266	50.128452	50.444424	F3	64	47	1	-3
267	50.545119	50.965257	D4	64	81	0	3
268	50.545119	51.302063	B3	64	71	1	-2
269	50.545119	51.305535	D4	64	74	0	3
270	50.545119	51.831576	G2	64	74	1	-3
271	50.961785	51.246507	C4	64	64	0	1
272	50.961785	51.951368	D3	64	66	1	-1
273	51.170118	51.468729	D4	64	90	0	3
274	51.378452	51.852410	D4	64	75	0	3
275	51.378452	51.881924	B3	64	70	1	-2
276	51.586785	52.038174	G4	64	98	0	3
277	51.795118	52.175326	G3	64	60	1	-1
278	52.211785	53.112826	E4	64	87	0	5
279	52.211785	52.996507	E4	64	68	0	5
280	52.211785	52.998243	G4	64	79	0	3
281	52.211785	53.552062	C3	64	98	1	-3
282	52.628451	53.444423	G3	64	64	1	-1
283	53.045118	53.466993	G4	64	83	0	3
284	53.045118	53.489562	E4	64	73	0	5
285	53.461784	53.703104	E4	64	74	0	5
286	53.670117	53.928798	D4	64	65	0	3
287	53.878451	54.414909	C4	64	93	0	1
288	53.878451	54.619770	A3	64	61	1	-4
289	53.878451	54.656228	C4	64	74	0	1
290	53.878451	55.249978	F2	64	65	1	-5
291	54.295117	54.591992	B3	64	77	1	-2
292	54.295117	55.085047	C3	64	74	1	-3
293	54.503450	54.727409	C4	64	77	0	1
294	54.711784	55.163172	C4	64	71	0	1
295	54.711784	55.170117	A3	64	61	1	-4
296	54.920117	55.385395	C5	64	104	0	3
297	55.545117	55.864561	B4	64	104	0	2
298	55.545117	56.284700	G3	64	63	1	-1
299	55.545117	56.298589	B3	64	75	1	-2
300	55.545117	56.836783	E2	64	74	1	-1
301	55.961783	56.164908	A4	64	77	0	5
302	55.961783	57.152755	B2	64	63	1	-4
303	56.170116	56.637130	G4	64	104	0	3
304	56.378450	56.843727	G3	64	66	1	-1
305	56.378450	56.847199	B3	64	76	1	-2
306	56.795116	57.149283	E3	64	47	1	-4
307	57.003449	57.149283	E4	64	61	0	5
308	57.211783	57.524283	A4	64	100	0	5
309	57.211783	57.961782	A3	64	70	1	-4
310	57.211783	57.984352	C4	64	74	0	1
311	57.211783	58.045116	F2	64	75	1	-5
312	57.628449	57.723935	G4	64	77	0	3
313	57.628449	58.045116	C3	64	67	1	-3
314	57.836782	58.090255	G4	64	93	0	3
315	58.045116	58.496504	D4	64	75	0	3
316	58.045116	58.503449	B3	64	69	1	-2
317	58.045116	58.593727	G2	64	75	1	-3
318	58.253449	58.706574	F4	64	77	0	1
319	58.461782	58.874976	D3	64	86	1	-1
320	58.878449	59.602407	E4	64	71	0	5
321	58.878449	59.581573	E4	64	63	0	5
322	58.878449	59.616296	G4	64	74	0	3
323	58.878449	59.711782	C3	64	64	1	-3
324	59.295115	59.711782	G3	64	64	1	-1
325	59.711782	60.220462	G4	64	71	0	3
326	59.711782	60.230879	D4	64	63	0	3
327	59.711782	60.387129	B2	64	83	1	-4
328	60.128448	60.376712	E4	64	90	0	5
329	60.336781	60.538170	D4	64	62	0	3
330	60.545115	60.913170	C4	64	90	0	1
331	60.545115	61.276017	C4	64	66	0	1
332	60.545115	61.291642	E4	64	81	0	5
333	60.545115	61.880184	A2	64	77	1	-1
334	60.961781	61.272545	B3	64	85	1	-2
335	60.961781	61.706573	E3	64	61	1	-4
336	61.170114	61.371503	C4	64	77	0	1
337	61.378448	61.829836	C4	64	83	0	1
338	61.378448	61.833309	E4	64	86	0	5
339	61.586781	62.036434	C5	64	104	0	3
340	62.211781	62.572892	B4	64	87	0	2
341	62.211781	62.953100	G3	64	76	1	-1
342	62.211781	62.965253	B3	64	77	1	-2
343	62.211781	63.602405	E2	64	69	1	-1
344	62.628447	62.814211	A4	64	74	0	5
345	62.628447	63.857613	B2	64	70	1	-4
346	62.836780	63.270808	G4	64	111	0	3
347	63.045114	63.716988	G3	64	74	1	-1
348	63.045114	63.753447	B3	64	79	1	-2
349	63.461780	63.706572	C4	64	76	0	1
350	63.461780	63.852405	E3	64	53	1	-4
351	63.670113	64.694419	A4	64	68	0	5
352	63.878447	64.597196	A3	64	58	1	-4
353	63.878447	64.635391	C4	64	70	0	1
354	63.878447	65.446154	F2	64	76	1	-5
355	64.295113	65.565946	C3	64	65	1	-3
356	64.711780	65.394071	C4	64	73	0	1
357	64.711780	65.449627	A3	64	66	1	-4
358	65.128446	65.477404	C4	64	76	0	1
359	65.128446	65.437474	F3	64	52	1	-3
360	65.545113	69.119764	B4	64	86	0	2
361	65.545113	65.670113	D4	64	63	0	3
362	65.545113	65.678793	B3	64	63	1	-2
363	65.545113	65.845460	G2	64	75	1	-3
364	65.961779	66.105876	B3	64	59	1	-2
365	65.961779	66.121501	D4	64	63	0	3
366	65.961779	66.175321	G2	64	72	1	-3
367	66.378446	66.531223	D4	64	68	0	3
368	66.378446	66.538168	B3	64	64	1	-2
369	66.378446	66.581571	G2	64	67	1	-3
370	66.795112	66.966987	D4	64	69	0	3
371	66.795112	66.970459	B3	64	62	1	-2
372	66.795112	67.041640	G2	64	72	1	-3
373	67.211779	67.361084	B3	64	58	1	-2
374	67.211779	67.380181	E4	64	60	0	5
375	67.211779	67.503445	G2	64	74	1	-3
376	67.628445	67.779487	G2	64	68	1	-3
377	67.628445	67.807265	B3	64	59	1	-2
378	67.628445	67.814209	E4	64	67	0	5
379	68.045112	68.220459	E4	64	81	0	5
380	68.045112	68.229139	B3	64	73	1	-2
381	68.045112	68.234348	G2	64	74	1	-3
382	68.461778	68.666639	E4	64	76	0	5
383	68.461778	68.670111	B3	64	65	1	-2
384	68.461778	68.716986	G2	64	77	1	-3
385	68.878445	70.121500	G2	64	81	1	-3
386	68.878445	70.164902	D4	64	95	0	3
387	68.878445	70.168375	F4	64	95	0	1
388	68.878445	70.171847	B3	64	87	1	-2
389	70.545111	71.111083	E4	64	87	0	5
390	70.545111	71.234347	E4	64	90	0	5
391	70.545111	71.255180	G4	64	81	0	3
392	70.545111	73.385387	C3	64	85	1	-3
393	70.961777	71.232610	G4	64	74	0	3
394	70.961777	73.216985	G3	64	65	1	-1
395	71.378444	71.644069	D5	64	85	0	5
396	71.378444	72.097193	E4	64	75	0	5
397	71.378444	72.104138	G4	64	79	0	3
398	71.795110	72.256916	C5	64	83	0	3
399	71.795110	72.239554	C4	64	54	0	1
400	72.211777	72.942679	C5	64	76	0	3
401	72.211777	72.958304	E4	64	71	0	5
402	72.211777	72.975665	G4	64	77	0	3
403	72.628443	72.819415	D5	64	104	0	5
404	72.628443	72.984346	C4	64	58	0	1
405	73.045110	73.345457	E5	64	95	0	2
406	73.045110	73.404485	G4	64	93	0	3
407	73.045110	73.406221	C5	64	83	0	3
408	73.045110	73.413165	E4	64	77	0	5
409	73.461776	75.463511	A4	64	100	0	5
410	73.878443	74.614553	A3	64	67	1	-4
411	73.878443	74.614553	F4	64	85	0	1
412	73.878443	74.616290	C4	64	73	0	1
413	73.878443	76.220456	F2	64	79	1	-5
414	74.295109	76.170108	C3	64	70	1	-3
415	74.711776	75.447886	F4	64	87	0	1
416	74.711776	75.453095	C4	64	83	0	1
417	74.711776	75.458303	A3	64	72	1	-4
418	75.128442	75.574623	F3	64	51	1	-3
419	75.545109	76.039900	A3	64	72	1	-4
420	75.545109	76.197886	C4	64	83	0	1
421	75.545109	76.216983	F4	64	86	0	1
422	76.378442	76.862816	B3	64	86	1	-2
423	76.378442	76.868025	G3	64	77	1	-1
424	76.378442	76.878441	E2	64	68	1	-1
425	77.211775	77.711774	F4	64	111	0	1
426	77.211775	77.940941	F3	64	71	1	-3
427	77.211775	77.953094	A3	64	75	1	-4
428	77.211775	77.954830	D4	64	77	0	3
429	77.211775	80.130176	D2	64	86	1	-3
430	77.628441	78.107608	A4	64	90	0	5
431	77.628441	80.161426	A2	64	64	1	-1
432	78.045108	78.317677	F5	64	95	0	3
433	78.045108	78.736080	F3	64	70	1	-3
434	78.045108	78.748232	D4	64	74	0	3
435	78.045108	78.749968	A3	64	77	1	-4
436	78.461774	79.069413	E5	64	111	0	2
437	78.461774	78.940941	D3	64	59	1	-1
438	78.878441	79.626704	D4	64	70	0	3
439	78.878441	79.631913	F3	64	69	1	-3
440	78.878441	79.633649	A3	64	74	1	-4
441	79.295107	79.593718	D5	64	95	0	5
442	79.295107	79.718718	D3	64	60	1	-1
443	79.711774	79.960037	C5	64	95	0	3
444	79.711774	80.151010	D4	64	95	0	3
445	79.711774	80.152746	A3	64	87	1	-4
446	79.711774	80.154482	F3	64	81	1	-3
447	80.128440	80.522537	D3	64	60	1	-1
448	80.171843	81.602398	B4	64	100	0	2
449	80.543371	81.262120	B3	64	75	1	-2
450	80.543371	81.272537	G4	64	83	0	3
451	80.543371	81.274273	D4	64	81	0	3
452	80.543371	83.517328	G2	64	63	1	-3
453	80.961773	83.387119	D3	64	70	1	-1
454	81.378440	82.050314	B3	64	93	1	-2
455	81.378440	82.057259	D4	64	93	0	3
456	81.378440	82.058995	G4	64	98	0	3
457	81.795106	82.274273	G3	64	53	1	-1
458	82.211773	82.939203	D4	64	90	0	3
459	82.211773	82.940939	G4	64	98	0	3
460	82.211773	82.949620	B3	64	85	1	-2
461	82.628439	83.086772	G3	64	58	1	-1
462	83.045106	83.456564	G4	64	104	0	3
463	83.045106	83.463508	D4	64	98	0	3
464	83.045106	83.477397	B3	64	93	1	-2
465	83.878439	84.456563	G4	64	95	0	3
466	83.878439	84.581563	E4	64	81	0	5
467	83.878439	84.586772	G3	64	79	1	-1
468	83.878439	84.588508	B3	64	85	1	-2
469	83.878439	86.841979	E2	64	77	1	-1
470	84.295105	84.682258	B4	64	74	0	2
471	84.295105	86.857604	B2	64	74	1	-4
472	84.711772	84.973924	D5	64	86	0	5
473	84.711772	85.336771	G3	64	87	1	-1
474	84.711772	85.390591	B3	64	98	1	-2
475	84.711772	85.395799	E4	64	93	0	5
476	85.128438	85.710035	G5	64	120	0	5
477	85.128438	86.482604	E3	64	56	1	-4
478	85.545105	86.265590	G#3	64	65	1	-5
479	85.545105	86.274271	E4	64	74	0	5
480	85.545105	86.276007	B3	64	83	1	-2
481	85.545105	86.859340	G#2	64	74	1	-2
482	86.378438	86.732604	B4	64	100	0	2
483	86.378438	86.814201	B3	64	104	1	-2
484	86.378438	86.815937	E4	64	87	0	5
485	86.378438	86.843715	G#3	64	111	1	-5
486	86.795104	88.828089	C5	64	112	0	3
487	86.795104	87.218715	E3	64	60	1	-4
488	87.211771	87.921840	C4	64	85	0	1
489	87.211771	87.923576	A4	64	77	0	5
490	87.211771	87.928784	E4	64	90	0	5
491	87.211771	88.878437	A2	64	63	1	-1
492	87.628437	88.878437	E3	64	67	1	-4
493	88.045104	88.769062	C4	64	86	0	1
494	88.045104	88.769062	A4	64	87	0	5
495	88.045104	88.772534	E4	64	98	0	5
496	88.461770	88.942673	A3	64	58	1	-4
497	88.878437	89.199617	C5	64	90	0	3
498	88.878437	89.524270	C4	64	67	0	1
499	88.878437	89.532950	E4	64	76	0	5
500	88.878437	89.536423	A4	64	76	0	5
501	88.878437	90.276006	G2	64	85	1	-3
502	89.295103	89.532950	D5	64	93	0	5
503	89.711770	89.887117	E5	64	81	0	2
504	89.711770	90.289894	A4	64	93	0	5
505	89.711770	90.296839	E4	64	100	0	5
506	89.711770	90.305519	C4	64	87	0	1
507	90.128436	91.244755	E5	64	104	0	2
508	90.545103	91.225658	F4	64	62	0	1
509	90.545103	91.227394	A3	64	63	1	-4
510	90.545103	91.246491	C4	64	71	0	1
511	90.545103	91.810727	F2	64	85	1	-5
512	91.378436	91.647533	D5	64	108	0	5
513	91.378436	91.808991	F4	64	90	0	1
514	91.378436	91.812463	C4	64	90	0	1
515	91.378436	91.822880	A3	64	79	1	-4
516	91.795102	92.826352	C5	64	90	0	3
517	92.210033	92.869755	D4	64	83	0	3
518	92.210033	92.923574	A3	64	81	1	-4
519	92.210033	92.928782	F#3	64	81	1	-2
520	92.210033	93.449615	D2	64	74	1	-3
521	92.628435	93.189199	A4	64	87	0	5
522	93.045102	93.453088	D4	64	79	0	3
523	93.045102	93.458296	A3	64	85	1	-4
524	93.045102	93.482601	F#3	64	90	1	-2
525	93.461768	93.784685	A4	64	98	0	5
526	93.878435	94.524268	B3	64	81	1	-2
527	93.878435	94.567671	G4	64	87	0	3
528	93.878435	94.583295	D4	64	85	0	3
529	93.878435	96.892322	G2	64	74	1	-3
530	94.249962	95.335031	G4	64	59	0	3
531	94.295101	96.850656	D3	64	75	1	-1
532	94.711768	95.383642	G4	64	90	0	3
533	94.711768	95.413156	B3	64	79	1	-2
534	94.711768	95.418365	D4	64	87	0	3
535	95.128434	95.933989	G3	64	62	1	-1
536	95.545101	96.243017	G4	64	79	0	3
537	95.545101	96.263850	D4	64	81	0	3
538	95.545101	96.267323	B3	64	79	1	-2
539	96.378434	96.897531	G3	64	70	1	-1
540	96.378434	96.953086	D4	64	86	0	3
541	96.378434	96.966975	G4	64	86	0	3
542	96.378434	96.968711	B3	64	83	1	-2
543	97.211767	97.777739	E4	64	87	0	5
544	97.211767	97.901003	E4	64	90	0	5
545	97.211767	97.921836	G4	64	81	0	3
546	97.211767	100.052043	C3	64	85	1	-3
547	97.628433	97.899266	G4	64	74	0	3
548	97.628433	99.883641	G3	64	65	1	-1
549	98.045100	98.310725	D5	64	85	0	5
550	98.045100	98.763849	E4	64	75	0	5
551	98.045100	98.770794	G4	64	79	0	3
552	98.461766	98.923572	C5	64	83	0	3
553	98.461766	98.906210	C4	64	54	0	1
554	98.878433	99.609335	C5	64	76	0	3
555	98.878433	99.624960	E4	64	71	0	5
556	98.878433	99.642321	G4	64	77	0	3
557	99.295099	99.486071	D5	64	104	0	5
558	99.295099	99.651002	C4	64	58	0	1
559	99.711766	100.012113	E5	64	95	0	2
560	99.711766	100.071141	G4	64	93	0	3
561	99.711766	100.072877	C5	64	83	0	3
562	99.711766	100.079821	E4	64	77	0	5
563	100.128432	102.574612	A4	64	100	0	5
564	100.545099	101.281209	A3	64	67	1	-4
565	100.545099	101.281209	F4	64	85	0	1
566	100.545099	101.282946	C4	64	73	0	1
567	100.545099	102.887112	F2	64	79	1	-5
568	100.961765	102.836764	C3	64	70	1	-3
569	101.378432	102.114542	F4	64	87	0	1
570	101.378432	102.119751	C4	64	83	0	1
571	101.378432	102.124959	A3	64	72	1	-4
572	101.795098	102.241279	F3	64	51	1	-3
573	102.211765	102.706556	A3	64	72	1	-4
574	102.211765	102.864542	C4	64	83	0	1
575	102.211765	102.883639	F4	64	86	0	1
576	103.045098	103.529472	B3	64	86	1	-2
577	103.045098	103.534681	G3	64	77	1	-1
578	103.045098	103.545097	E2	64	68	1	-1
579	103.878431	104.378430	F4	64	111	0	1
580	103.878431	104.607597	F3	64	71	1	-3
581	103.878431	104.619750	A3	64	75	1	-4
582	103.878431	104.621486	D4	64	77	0	3
583	103.878431	106.796832	D2	64	86	1	-3
584	104.295097	104.774264	A4	64	90	0	5
585	104.295097	106.828082	A2	64	64	1	-1
586	104.711764	104.984333	F5	64	95	0	3
587	104.711764	105.402736	F3	64	70	1	-3
588	104.711764	105.414888	D4	64	74	0	3
589	104.711764	105.416624	A3	64	77	1	-4
590	105.128430	105.736069	E5	64	111	0	2
591	105.128430	105.607597	D3	64	59	1	-1
592	105.545097	106.293360	D4	64	70	0	3
593	105.545097	106.298569	F3	64	69	1	-3
594	105.545097	106.300305	A3	64	74	1	-4
595	105.961763	106.260374	D5	64	95	0	5
596	105.961763	106.385374	D3	64	60	1	-1
597	106.378430	106.626693	C5	64	95	0	3
598	106.378430	106.817666	D4	64	95	0	3
599	106.378430	106.819402	A3	64	87	1	-4
600	106.378430	106.821138	F3	64	81	1	-3
601	106.795096	107.189193	D3	64	60	1	-1
602	106.838499	110.097178	B4	64	100	0	2
603	107.211763	107.928776	B3	64	75	1	-2
604	107.211763	107.939193	G4	64	83	0	3
605	107.211763	107.940929	D4	64	81	0	3
606	107.211763	110.183984	G2	64	63	1	-3
607	107.628429	110.053775	D3	64	70	1	-1
608	108.045096	108.716970	B3	64	93	1	-2
609	108.045096	108.723915	D4	64	93	0	3
610	108.045096	108.725651	G4	64	98	0	3
611	108.461762	108.940929	G3	64	53	1	-1
612	108.878429	109.605859	D4	64	90	0	3
613	108.878429	109.607595	G4	64	98	0	3
614	108.878429	109.616276	B3	64	85	1	-2
615	109.295095	109.753428	G3	64	58	1	-1
616	109.711762	110.123220	G4	64	104	0	3
617	109.711762	110.130164	D4	64	98	0	3
618	109.711762	110.144053	B3	64	93	1	-2
619	110.545095	111.263844	B4	64	112	0	2
620	110.545095	111.248219	E4	64	81	0	5
621	110.545095	111.253428	G3	64	79	1	-1
622	110.545095	111.255164	B3	64	85	1	-2
623	110.545095	113.508635	E2	64	77	1	-1
624	110.961761	111.451344	C5	64	76	0	3
625	110.961761	113.524260	B2	64	74	1	-4
626	111.378428	111.517317	D5	64	81	0	5
627	111.378428	112.003427	G3	64	87	1	-1
628	111.378428	112.057247	B3	64	98	1	-2
629	111.378428	112.062455	E4	64	93	0	5
630	111.795094	112.598913	G#5	64	117	0	1
631	111.795094	113.149260	E3	64	56	1	-4
632	112.211761	112.932246	G#3	64	65	1	-5
633	112.211761	112.940927	E4	64	74	0	5
634	112.211761	112.942663	B3	64	83	1	-2
635	112.211761	113.525996	G#2	64	74	1	-2
636	112.628427	112.765580	E5	64	67	0	2
637	113.045094	113.246482	E5	64	76	0	2
638	113.045094	113.480857	B3	64	104	1	-2
639	113.045094	113.482593	E4	64	87	0	5
640	113.045094	113.510371	G#3	64	111	1	-5
641	113.461760	114.612801	A5	64	95	0	2
642	113.461760	113.885371	E3	64	60	1	-4
643	113.878427	114.588496	C4	64	85	0	1
644	113.878427	114.590232	A4	64	77	0	5
645	113.878427	114.595440	E4	64	90	0	5
646	113.878427	115.545093	A2	64	63	1	-1
647	114.295093	114.447871	C5	64	72	0	3
648	114.295093	115.545093	E3	64	67	1	-4
649	114.711760	114.885371	C5	64	86	0	3
650	114.711760	115.435718	C4	64	86	0	1
651	114.711760	115.435718	A4	64	87	0	5
652	114.711760	115.439190	E4	64	98	0	5
653	115.128426	116.168356	C5	64	98	0	3
654	115.545093	115.609329	A3	64	69	1	-4
655	115.545093	116.760370	F#2	64	68	1	-4
656	115.545093	116.829814	C4	64	81	0	1
657	115.545093	116.859328	C3	64	93	1	-3
658	115.545093	116.861064	E3	64	49	1	-4
659	116.378426	116.791620	E5	64	85	0	2
660	116.795092	117.847175	A4	64	100	0	5
661	117.211759	117.892314	F4	64	62	0	1
662	117.211759	117.894050	A3	64	63	1	-4
663	117.211759	117.913147	C4	64	71	0	1
664	117.211759	118.477383	F2	64	85	1	-5
665	118.045092	118.435717	D5	64	90	0	5
666	118.045092	118.475647	F4	64	90	0	1
667	118.045092	118.479119	C4	64	90	0	1
668	118.045092	118.489536	A3	64	79	1	-4
669	118.461758	119.041619	C5	64	104	0	3
670	118.878425	119.621480	B3	64	72	1	-2
671	118.878425	119.624952	G4	64	76	0	3
672	118.878425	119.633633	D4	64	74	0	3
673	118.878425	120.486063	B2	64	90	1	-4
674	119.295091	119.748216	B4	64	98	0	2
675	119.711758	120.442660	D4	64	75	0	3
676	119.711758	120.444396	G4	64	79	0	3
677	119.711758	120.446132	B3	64	69	1	-2
678	120.128424	123.078076	C5	64	104	0	3
679	120.545091	121.260368	D4	64	66	0	3
680	120.545091	121.298563	F4	64	74	0	1
681	120.545091	123.734326	C3	64	87	1	-3
682	121.378424	122.071132	D4	64	72	0	3
683	121.378424	122.072868	F4	64	81	0	1
684	122.211757	123.619742	D4	64	74	0	3
685	122.211757	123.621478	E4	64	74	0	5
686	123.878423	124.564186	C4	64	67	0	1
687	123.878423	124.585020	G#3	64	65	1	-5
688	123.878423	125.178769	F2	64	58	1	-5
689	123.878423	125.314186	C3	64	67	1	-3
690	124.711756	125.156200	C4	64	72	0	1
691	124.711756	125.267311	G#3	64	68	1	-5
692	125.545089	126.293352	B3	64	73	1	-2
693	125.545089	126.303769	D4	64	73	0	3
694	125.545089	127.196130	F4	64	73	0	1
695	125.545089	127.204810	G4	64	73	0	3
696	125.545089	127.220435	G2	64	73	1	-3
697	126.378422	127.135366	D4	64	68	0	3
698	126.378422	127.145782	B3	64	66	1	-2
699	127.211755	127.784671	E4	64	90	0	5
700	127.211755	127.921824	E4	64	65	0	5
701	127.211755	127.961754	G4	64	79	0	3
702	127.211755	128.548560	C3	64	74	1	-3
703	127.628421	128.418351	G3	64	47	1	-1
704	128.045088	128.210018	G4	64	93	0	3
705	128.045088	128.836754	C5	64	64	0	3
706	128.045088	128.887101	E4	64	65	0	5
707	128.045088	128.900990	G4	64	53	0	3
708	128.461754	129.025990	A4	64	104	0	5
709	128.878421	130.147517	F2	64	73	1	-5
710	129.295087	129.619740	E4	64	79	0	5
711	129.295087	130.473906	C3	64	73	1	-3
712	129.711754	130.130156	D4	64	79	0	3
713	129.711754	130.159670	F4	64	76	0	1
714	129.711754	130.171823	A3	64	64	1	-4
715	129.711754	130.175295	C4	64	64	0	1
716	130.128420	130.505156	C4	64	67	0	1
717	130.545087	131.293350	B3	64	70	1	-2
718	130.545087	131.298559	D4	64	64	0	3
719	130.545087	131.298559	G4	64	73	0	3
720	130.545087	131.767308	G2	64	75	1	-3
721	130.961753	131.050295	D4	64	74	0	3
722	130.961753	131.850642	D3	64	61	1	-1
723	131.170086	131.425295	D4	64	77	0	3
724	131.378420	131.864531	G4	64	86	0	3
725	131.378420	131.869739	B3	64	73	1	-2
726	131.378420	131.869739	D4	64	79	0	3
727	131.586753	131.921822	G3	64	72	1	-1
728	131.795086	132.258628	G3	64	54	1	-1
729	132.211753	132.874947	E4	64	64	0	5
730	132.211753	132.928766	E4	64	70	0	5
731	132.211753	132.946127	C5	64	67	0	3
732	132.211753	132.954808	G4	64	75	0	3
733	132.211753	133.333280	C3	64	67	1	-3
734	132.628419	133.302030	G3	64	65	1	-1
735	133.045086	133.703072	E4	64	75	0	5
736	133.045086	133.703072	G4	64	83	0	3
737	133.045086	133.703072	C5	64	76	0	3
738	133.461752	133.718697	C4	64	81	0	1
739	133.878419	134.753418	E4	64	90	0	5
740	133.878419	134.567655	E4	64	74	0	5
741	133.878419	134.593696	G4	64	79	0	3
742	133.878419	135.069390	C3	64	85	1	-3
743	134.295085	134.814182	G3	64	62	1	-1
744	134.711752	134.972168	G4	64	76	0	3
745	134.711752	135.121474	G4	64	75	0	3
746	134.711752	135.131890	E4	64	81	0	5
747	135.128418	135.755154	A4	64	76	0	5
748	135.545085	136.291612	A3	64	65	1	-4
749	135.545085	136.300293	C4	64	76	0	1
750	135.545085	136.873209	F2	64	71	1	-5
751	135.961751	136.277723	E4	64	87	0	5
752	135.961751	137.147515	C3	64	73	1	-3
753	136.378418	136.782931	D4	64	86	0	3
754	136.378418	136.874945	C4	64	74	0	1
755	136.378418	136.892306	A3	64	67	1	-4
756	136.795084	137.149251	C4	64	63	0	1
757	136.795084	137.111056	F3	64	47	1	-3
758	137.211751	137.631889	D4	64	81	0	3
759	137.211751	137.968695	B3	64	71	1	-2
760	137.211751	137.972167	D4	64	74	0	3
761	137.211751	138.498208	G2	64	74	1	-3
762	137.628417	137.913139	C4	64	64	0	1
763	137.628417	138.618000	D3	64	66	1	-1
764	137.836750	138.135361	D4	64	90	0	3
765	138.045084	138.519042	D4	64	75	0	3
766	138.045084	138.548556	B3	64	70	1	-2
767	138.253417	138.704806	G4	64	98	0	3
768	138.461750	138.841958	G3	64	60	1	-1
769	138.878417	139.779458	E4	64	87	0	5
770	138.878417	139.663139	E4	64	68	0	5
771	138.878417	139.664875	G4	64	79	0	3
772	138.878417	140.218694	C3	64	98	1	-3
773	139.295083	140.111055	G3	64	64	1	-1
774	139.711750	140.133625	G4	64	83	0	3
775	139.711750	140.156194	E4	64	73	0	5
776	140.128416	140.369736	E4	64	74	0	5
777	140.336749	140.595430	D4	64	65	0	3
778	140.545083	141.081541	C4	64	93	0	1
779	140.545083	141.286402	A3	64	61	1	-4
780	140.545083	141.322860	C4	64	74	0	1
781	140.545083	141.916610	F2	64	65	1	-5
782	140.961749	141.258624	B3	64	77	1	-2
783	140.961749	141.751679	C3	64	74	1	-3
784	141.170082	141.394041	C4	64	77	0	1
785	141.378416	141.829804	C4	64	71	0	1
786	141.378416	141.836749	A3	64	61	1	-4
787	141.586749	142.052027	C5	64	104	0	3
788	142.211749	142.531193	B4	64	104	0	2
789	142.211749	142.951332	G3	64	63	1	-1
790	142.211749	142.965221	B3	64	75	1	-2
791	142.211749	143.503415	E2	64	74	1	-1
792	142.628415	142.831540	A4	64	77	0	5
793	142.628415	143.819387	B2	64	63	1	-4
794	142.836748	143.303762	G4	64	104	0	3
795	143.045082	143.510359	G3	64	66	1	-1
796	143.045082	143.513831	B3	64	76	1	-2
797	143.461748	143.815915	E3	64	47	1	-4
798	143.670081	143.815915	E4	64	61	0	5
799	143.878415	144.190915	A4	64	100	0	5
800	143.878415	144.628414	A3	64	70	1	-4
801	143.878415	144.650984	C4	64	74	0	1
802	143.878415	144.711748	F2	64	75	1	-5
803	144.295081	144.390567	G4	64	77	0	3
804	144.295081	144.711748	C3	64	67	1	-3
805	144.503414	144.756887	G4	64	93	0	3
806	144.711748	145.163136	D4	64	75	0	3
807	144.711748	145.170081	B3	64	69	1	-2
808	144.711748	145.260359	G2	64	75	1	-3
809	144.920081	145.373206	F4	64	77	0	1
810	145.128414	145.541608	D3	64	86	1	-1
811	145.545081	146.269039	E4	64	71	0	5
812	145.545081	146.248205	E4	64	63	0	5
813	145.545081	146.282928	G4	64	74	0	3
814	145.545081	146.378414	C3	64	64	1	-3
815	145.961747	146.378414	G3	64	64	1	-1
816	146.378414	146.887094	G4	64	71	0	3
817	146.378414	146.897511	D4	64	63	0	3
818	146.378414	147.053761	B2	64	83	1	-4
819	146.795080	147.043344	E4	64	90	0	5
820	147.003413	147.204802	D4	64	62	0	3
821	147.211747	147.579802	C4	64	90	0	1
822	147.211747	147.942649	C4	64	66	0	1
823	147.211747	147.958274	E4	64	81	0	5
824	147.211747	148.546816	A2	64	77	1	-1
825	147.628413	147.939177	B3	64	85	1	-2
826	147.628413	148.373205	E3	64	61	1	-4
827	147.836746	148.038135	C4	64	77	0	1
828	148.045080	148.496468	C4	64	83	0	1
829	148.045080	148.499941	E4	64	86	0	5
830	148.253413	148.703066	C5	64	104	0	3
831	148.878413	149.239524	B4	64	87	0	2
832	148.878413	149.619732	G3	64	76	1	-1
833	148.878413	149.631885	B3	64	77	1	-2
834	148.878413	150.269037	E2	64	69	1	-1
835	149.295079	149.480843	A4	64	74	0	5
836	149.295079	150.524245	B2	64	70	1	-4
837	149.503412	149.937440	G4	64	111	0	3
838	149.711746	150.383620	G3	64	74	1	-1
839	149.711746	150.420079	B3	64	79	1	-2
840	150.128412	150.373204	C4	64	76	0	1
841	150.128412	150.519037	E3	64	53	1	-4
842	150.336745	151.361051	A4	64	68	0	5
843	150.545079	151.263828	A3	64	58	1	-4
844	150.545079	151.302023	C4	64	70	0	1
845	150.545079	152.112786	F2	64	76	1	-5
846	150.961745	152.232578	C3	64	65	1	-3
847	151.378412	152.060703	C4	64	73	0	1
848	151.378412	152.116259	A3	64	66	1	-4
849	151.795078	152.144036	C4	64	76	0	1
850	151.795078	152.104106	F3	64	52	1	-3
851	152.211745	155.786396	B4	64	86	0	2
852	152.215217	152.895772	G4	64	70	0	3
853	152.215217	152.904453	B4	64	62	0	2
854	152.215217	155.456535	G2	64	76	1	-3
855	152.631883	155.437438	D3	64	87	1	-1
856	153.048550	153.703064	B4	64	86	0	2
857	153.048550	153.716952	G4	64	79	0	3
858	153.465216	153.904452	G3	64	53	1	-1
859	153.881883	154.341952	C5	64	100	0	3
860	153.881883	154.598896	G4	64	87	0	3
861	154.298549	154.803758	G3	64	56	1	-1
862	154.715216	155.381882	D5	64	100	0	5
863	154.715216	155.383618	G4	64	90	0	3
864	155.131882	155.440910	G3	64	60	1	-1
865	155.545077	156.111049	E4	64	87	0	5
866	155.545077	156.286396	E4	64	77	0	5
867	155.545077	156.302021	G4	64	85	0	3
868	155.545077	158.619728	C3	64	86	1	-3
869	155.961743	156.232576	G4	64	74	0	3
870	155.961743	158.572853	G3	64	66	1	-1
871	156.378410	156.644035	D5	64	85	0	5
872	156.378410	157.104104	E4	64	74	0	5
873	156.378410	157.116257	G4	64	85	0	3
874	156.795076	157.256882	C5	64	83	0	3
875	156.795076	157.376673	C4	64	50	0	1
876	157.211743	157.946117	E4	64	65	0	5
877	157.211743	157.951326	G4	64	81	0	3
878	157.628409	157.819381	D5	64	104	0	5
879	157.628409	158.111048	C4	64	53	0	1
880	158.045076	158.345423	E5	64	95	0	2
881	158.045076	158.489520	G4	64	76	0	3
882	158.045076	158.543339	E4	64	73	0	5
883	158.461742	160.463477	A4	64	100	0	5
884	158.461742	158.593687	C4	64	58	0	1
885	158.878409	159.614519	A3	64	67	1	-4
886	158.878409	159.614519	F4	64	85	0	1
887	158.878409	159.616256	C4	64	73	0	1
888	158.878409	161.220422	F2	64	79	1	-5
889	159.295075	161.170074	C3	64	70	1	-3
890	159.711742	160.447852	F4	64	87	0	1
891	159.711742	160.453061	C4	64	83	0	1
892	159.711742	160.458269	A3	64	72	1	-4
893	160.128408	160.574589	F3	64	51	1	-3
894	160.545075	161.039866	A3	64	72	1	-4
895	160.545075	161.197852	C4	64	83	0	1
896	160.545075	161.216949	F4	64	86	0	1
897	161.378408	161.862782	B3	64	86	1	-2
898	161.378408	161.867991	G3	64	77	1	-1
899	161.378408	161.878407	E2	64	68	1	-1
900	162.211741	162.711740	F4	64	111	0	1
901	162.211741	162.940907	F3	64	71	1	-3
902	162.211741	162.953060	A3	64	75	1	-4
903	162.211741	162.954796	D4	64	77	0	3
904	162.211741	165.130142	D2	64	86	1	-3
905	162.628407	163.107574	A4	64	90	0	5
906	162.628407	165.161392	A2	64	64	1	-1
907	163.045074	163.317643	F5	64	95	0	3
908	163.045074	163.736046	F3	64	70	1	-3
909	163.045074	163.748198	D4	64	74	0	3
910	163.045074	163.749934	A3	64	77	1	-4
911	163.461740	164.069379	E5	64	111	0	2
912	163.461740	163.940907	D3	64	59	1	-1
913	163.878407	164.626670	D4	64	70	0	3
914	163.878407	164.631879	F3	64	69	1	-3
915	163.878407	164.633615	A3	64	74	1	-4
916	164.295073	164.593684	D5	64	95	0	5
917	164.295073	164.718684	D3	64	60	1	-1
918	164.711740	164.960003	C5	64	95	0	3
919	164.711740	165.150976	D4	64	95	0	3
920	164.711740	165.152712	A3	64	87	1	-4
921	164.711740	165.154448	F3	64	81	1	-3
922	165.128406	165.522503	D3	64	60	1	-1
923	165.171809	166.602364	B4	64	100	0	2
924	165.545073	166.262086	B3	64	75	1	-2
925	165.545073	166.272503	G4	64	83	0	3
926	165.545073	166.274239	D4	64	81	0	3
927	165.545073	168.517294	G2	64	63	1	-3
928	165.961739	168.387085	D3	64	70	1	-1
929	166.378406	167.050280	B3	64	93	1	-2
930	166.378406	167.057225	D4	64	93	0	3
931	166.378406	167.058961	G4	64	98	0	3
932	166.795072	167.274239	G3	64	53	1	-1
933	167.211739	167.939169	D4	64	90	0	3
934	167.211739	167.940905	G4	64	98	0	3
935	167.211739	167.949586	B3	64	85	1	-2
936	167.628405	168.086738	G3	64	58	1	-1
937	168.045072	168.456530	G4	64	104	0	3
938	168.045072	168.463474	D4	64	98	0	3
939	168.045072	168.477363	B3	64	93	1	-2
940	168.878405	169.456529	G4	64	95	0	3
941	168.878405	169.581529	E4	64	81	0	5
942	168.878405	169.586738	G3	64	79	1	-1
943	168.878405	169.588474	B3	64	85	1	-2
944	168.878405	171.841945	E2	64	77	1	-1
945	169.295071	169.682224	B4	64	74	0	2
946	169.295071	170.157918	B2	64	74	1	-4
947	169.711738	169.973890	D5	64	86	0	5
948	169.711738	170.336737	G3	64	87	1	-1
949	169.711738	170.390557	B3	64	98	1	-2
950	169.711738	170.395765	E4	64	93	0	5
951	170.128404	170.710001	G5	64	120	0	5
952	170.128404	171.482570	E3	64	56	1	-4
953	170.545071	171.265556	G3	64	65	1	-1
954	170.545071	171.274237	E4	64	74	0	5
955	170.545071	171.275973	B3	64	83	1	-2
956	170.545071	171.859306	B2	64	74	1	-4
957	171.378404	171.732570	B4	64	100	0	2
958	171.378404	171.814167	B3	64	104	1	-2
959	171.378404	171.815903	E4	64	87	0	5
960	171.378404	171.843681	G3	64	69	1	-1
961	171.795070	173.828055	C5	64	112	0	3
962	171.795070	172.218681	E3	64	60	1	-4
963	172.211737	172.921806	C4	64	85	0	1
964	172.211737	172.923542	A4	64	77	0	5
965	172.211737	172.928750	E4	64	90	0	5
966	172.211737	173.878403	A2	64	63	1	-1
967	172.628403	173.878403	E3	64	67	1	-4
968	173.045070	173.769028	C4	64	86	0	1
969	173.045070	173.769028	A4	64	87	0	5
970	173.045070	173.772500	E4	64	98	0	5
971	173.461736	173.942639	A3	64	58	1	-4
972	173.878403	174.199583	C5	64	90	0	3
973	173.878403	174.524236	C4	64	67	0	1
974	173.878403	174.532916	E4	64	76	0	5
975	173.878403	174.536389	A4	64	76	0	5
976	173.878403	175.275972	G2	64	85	1	-3
977	174.295069	174.532916	D5	64	93	0	5
978	174.711736	174.887083	E5	64	81	0	2
979	174.711736	175.289860	A4	64	93	0	5
980	174.711736	175.296805	E4	64	100	0	5
981	174.711736	175.305485	C4	64	87	0	1
982	175.128402	176.244721	E5	64	104	0	2
983	175.545069	176.225624	F4	64	62	0	1
984	175.545069	176.227360	A3	64	63	1	-4
985	175.545069	176.246457	C4	64	71	0	1
986	175.545069	176.810693	F2	64	85	1	-5
987	176.378402	176.647499	D5	64	108	0	5
988	176.378402	176.808957	F4	64	90	0	1
989	176.378402	176.812429	C4	64	90	0	1
990	176.378402	176.822846	A3	64	79	1	-4
991	176.795068	177.826318	C5	64	90	0	3
992	177.211735	177.869721	D4	64	83	0	3
993	177.211735	177.923540	A3	64	81	1	-4
994	177.211735	177.928748	F#3	64	81	1	-2
995	177.211735	178.449581	D2	64	74	1	-3
996	177.628401	178.189165	A4	64	87	0	5
997	178.045068	178.453054	D4	64	79	0	3
998	178.045068	178.458262	A3	64	85	1	-4
999	178.045068	178.482567	F#3	64	90	1	-2
1000	178.461734	178.784651	A4	64	98	0	5
1001	178.878401	179.524234	B3	64	81	1	-2
1002	178.878401	179.567637	G4	64	87	0	3
1003	178.878401	179.583261	D4	64	85	0	3
1004	178.878401	181.892288	G2	64	74	1	-3
1005	179.249928	180.334997	G4	64	59	0	3
1006	179.295067	181.850622	D3	64	75	1	-1
1007	179.711734	180.383608	G4	64	90	0	3
1008	179.711734	180.413122	B3	64	79	1	-2
1009	179.711734	180.418331	D4	64	87	0	3
1010	180.128400	180.933955	G3	64	62	1	-1
1011	180.545067	181.242983	G4	64	79	0	3
1012	180.545067	181.263816	D4	64	81	0	3
1013	180.545067	181.267289	B3	64	79	1	-2
1014	181.378400	181.897497	G3	64	70	1	-1
1015	181.378400	181.953052	D4	64	86	0	3
1016	181.378400	181.966941	G4	64	86	0	3
1017	181.378400	181.968677	B3	64	83	1	-2
1018	182.211733	182.777705	E4	64	87	0	5
1019	182.211733	182.900969	E4	64	90	0	5
1020	182.211733	182.921802	G4	64	81	0	3
1021	182.211733	185.052009	C3	64	85	1	-3
1022	182.628399	182.899232	G4	64	74	0	3
1023	182.628399	184.883607	G3	64	65	1	-1
1024	183.045066	183.310691	D5	64	85	0	5
1025	183.045066	183.763815	E4	64	75	0	5
1026	183.045066	183.770760	G4	64	79	0	3
1027	183.461732	183.923538	C5	64	83	0	3
1028	183.461732	183.906176	C4	64	54	0	1
1029	183.878399	184.609301	C5	64	76	0	3
1030	183.878399	184.624926	E4	64	71	0	5
1031	183.878399	184.642287	G4	64	77	0	3
1032	184.295065	184.486037	D5	64	104	0	5
1033	184.295065	184.650968	C4	64	58	0	1
1034	184.711732	185.012079	E5	64	95	0	2
1035	184.711732	185.071107	G4	64	93	0	3
1036	184.711732	185.072843	C5	64	83	0	3
1037	184.711732	185.079787	E4	64	77	0	5
1038	185.128398	187.574578	A4	64	100	0	5
1039	185.545065	186.281175	A3	64	67	1	-4
1040	185.545065	186.281175	F4	64	85	0	1
1041	185.545065	186.282912	C4	64	73	0	1
1042	185.545065	187.887078	F2	64	79	1	-5
1043	185.961731	187.836730	C3	64	70	1	-3
1044	186.378398	187.114508	F4	64	87	0	1
1045	186.378398	187.119717	C4	64	83	0	1
1046	186.378398	187.124925	A3	64	72	1	-4
1047	186.795064	187.241245	F3	64	51	1	-3
1048	187.211731	187.706522	A3	64	72	1	-4
1049	187.211731	187.864508	C4	64	83	0	1
1050	187.211731	187.883605	F4	64	86	0	1
1051	188.045064	188.529438	B3	64	86	1	-2
1052	188.045064	188.534647	G3	64	77	1	-1
1053	188.045064	188.545063	E2	64	68	1	-1
1054	188.878397	189.378396	F4	64	111	0	1
1055	188.878397	189.607563	F3	64	71	1	-3
1056	188.878397	189.619716	A3	64	75	1	-4
1057	188.878397	189.621452	D4	64	77	0	3
1058	188.878397	191.796798	D2	64	86	1	-3
1059	189.295063	189.774230	A4	64	90	0	5
1060	189.295063	191.828048	A2	64	64	1	-1
1061	189.711730	189.984299	F5	64	95	0	3
1062	189.711730	190.402702	F3	64	70	1	-3
1063	189.711730	190.414854	D4	64	74	0	3
1064	189.711730	190.416590	A3	64	77	1	-4
1065	190.128396	190.736035	E5	64	111	0	2
1066	190.128396	190.607563	D3	64	59	1	-1
1067	190.545063	191.293326	D4	64	70	0	3
1068	190.545063	191.298535	F3	64	69	1	-3
1069	190.545063	191.300271	A3	64	74	1	-4
1070	190.961729	191.260340	D5	64	95	0	5
1071	190.961729	191.385340	D3	64	60	1	-1
1072	191.378396	191.626659	C5	64	95	0	3
1073	191.378396	191.817632	D4	64	95	0	3
1074	191.378396	191.819368	A3	64	87	1	-4
1075	191.378396	191.821104	F3	64	81	1	-3
1076	191.795062	192.189159	D3	64	60	1	-1
1077	191.838465	195.097144	B4	64	100	0	2
1078	192.211729	192.928742	B3	64	75	1	-2
1079	192.211729	192.939159	G4	64	83	0	3
1080	192.211729	192.940895	D4	64	81	0	3
1081	192.211729	195.183950	G2	64	63	1	-3
1082	192.628395	195.053741	D3	64	70	1	-1
1083	193.045062	193.716936	B3	64	93	1	-2
1084	193.045062	193.723881	D4	64	93	0	3
1085	193.045062	193.725617	G4	64	98	0	3
1086	193.461728	193.940895	G3	64	53	1	-1
1087	193.878395	194.605825	D4	64	90	0	3
1088	193.878395	194.607561	G4	64	98	0	3
1089	193.878395	194.616242	B3	64	85	1	-2
1090	194.295061	194.753394	G3	64	58	1	-1
1091	194.711728	195.123186	G4	64	104	0	3
1092	194.711728	195.130130	D4	64	98	0	3
1093	194.711728	195.144019	B3	64	93	1	-2
1094	195.545061	196.263810	B4	64	112	0	2
1095	195.545061	196.248185	E4	64	81	0	5
1096	195.545061	196.253394	G3	64	79	1	-1
1097	195.545061	196.255130	B3	64	85	1	-2
1098	195.545061	198.508601	E2	64	77	1	-1
1099	195.961727	196.451310	C5	64	76	0	3
1100	195.961727	198.524226	B2	64	74	1	-4
1101	196.378394	196.517283	D5	64	81	0	5
1102	196.378394	197.003393	G3	64	87	1	-1
1103	196.378394	197.057213	B3	64	98	1	-2
1104	196.378394	197.062421	E4	64	93	0	5
1105	196.795060	197.598879	G#5	64	117	0	1
1106	196.795060	198.149226	E3	64	56	1	-4
1107	197.211727	197.932212	G#3	64	65	1	-5
1108	197.211727	197.940893	E4	64	74	0	5
1109	197.211727	197.942629	B3	64	83	1	-2
1110	197.211727	198.525962	G#2	64	74	1	-2
1111	197.628393	197.765546	E5	64	67	0	2
1112	198.045060	198.246448	E5	64	76	0	2
1113	198.045060	198.480823	B3	64	104	1	-2
1114	198.045060	198.482559	E4	64	87	0	5
1115	198.045060	198.510337	G#3	64	111	1	-5
1116	198.461726	199.612767	A5	64	95	0	2
1117	198.461726	198.885337	E3	64	60	1	-4
1118	198.878393	199.588462	C4	64	85	0	1
1119	198.878393	199.590198	A4	64	77	0	5
1120	198.878393	199.595406	E4	64	90	0	5
1121	198.878393	200.545059	A2	64	63	1	-1
1122	199.295059	199.447837	C5	64	72	0	3
1123	199.295059	200.545059	E3	64	67	1	-4
1124	199.711726	199.885337	C5	64	86	0	3
1125	199.711726	200.435684	C4	64	86	0	1
1126	199.711726	200.435684	A4	64	87	0	5
1127	199.711726	200.439156	E4	64	98	0	5
1128	200.128392	201.168322	C5	64	98	0	3
1129	200.545059	200.609295	A3	64	69	1	-4
1130	200.545059	201.864503	C4	64	81	0	1
1131	200.545059	201.918322	C3	64	93	1	-3
1132	200.545059	201.920058	E3	64	49	1	-4
1133	200.545059	202.019016	F#2	64	68	1	-4
1134	201.378392	201.791586	E5	64	85	0	2
1135	201.795058	202.847141	A4	64	100	0	5
1136	202.211725	202.892280	F4	64	62	0	1
1137	202.211725	202.894016	A3	64	63	1	-4
1138	202.211725	202.913113	C4	64	71	0	1
1139	202.211725	203.477349	F2	64	85	1	-5
1140	203.045058	203.435683	D5	64	90	0	5
1141	203.045058	203.475613	F4	64	90	0	1
1142	203.045058	203.479085	C4	64	90	0	1
1143	203.045058	203.489502	A3	64	79	1	-4
1144	203.461724	204.041585	C5	64	104	0	3
1145	203.878391	204.621446	B3	64	72	1	-2
1146	203.878391	204.624918	G4	64	76	0	3
1147	203.878391	204.633599	D4	64	74	0	3
1148	203.878391	205.486029	B2	64	90	1	-4
1149	204.295057	204.748182	B4	64	98	0	2
1150	204.711724	205.442626	D4	64	75	0	3
1151	204.711724	205.444362	G4	64	79	0	3
1152	204.711724	205.447834	B3	64	69	1	-2
1153	205.128390	208.045056	C5	64	104	0	3
1154	205.545057	205.831515	C4	64	68	0	1
1155	205.545057	205.874918	G4	64	68	0	3
1156	205.545057	205.885334	E4	64	68	0	5
1157	205.548529	207.152695	C3	64	68	1	-3
1158	205.961723	206.177001	C4	64	75	0	1
1159	205.961723	206.218668	E4	64	75	0	5
1160	205.961723	206.229084	G4	64	75	0	3
1161	205.961723	208.723875	G3	64	75	1	-1
1162	206.378390	206.652695	C5	64	83	0	3
1163	206.378390	206.663112	E4	64	82	0	5
1164	206.378390	206.683945	G4	64	83	0	3
1165	206.795056	206.968667	E4	64	91	0	5
1166	206.795056	206.991237	G4	64	91	0	3
1167	206.795056	207.043320	C5	64	91	0	3
1168	206.795056	207.305473	C4	64	92	0	1
1169	207.211723	207.420056	C3	64	96	1	-3
1170	207.211723	207.447834	G4	64	97	0	3
1171	207.211723	207.458250	E5	64	98	0	2
1172	207.211723	207.468667	C5	64	98	0	3
1173	207.628389	207.748181	G4	64	106	0	3
1174	207.628389	207.789847	C5	64	106	0	3
1175	207.628389	207.831514	E5	64	106	0	2
1176	207.628389	207.836722	C3	64	101	1	-3
1177	207.628389	208.135333	C4	64	107	0	1
1178	208.045056	208.249917	C5	64	112	0	3
1179	208.045056	208.249917	E5	64	112	0	2
1180	208.045056	208.253389	C3	64	109	1	-3
1181	208.045056	208.253389	G4	64	100	0	3
1182	208.045056	208.260333	G5	64	112	0	5
1183	208.461722	208.668319	C4	64	61	0	1
1184	208.461722	208.670055	C3	64	113	1	-3
1185	208.461722	208.670055	G4	64	100	0	3
1186	208.461722	208.737764	E5	64	121	0	2
1187	208.461722	208.737764	G5	64	121	0	5
1188	208.461722	208.760333	C5	64	119	0	3
1189	208.878389	209.086722	F2	64	97	1	-5
1190	208.878389	209.546791	C5	64	75	0	3
1191	208.878389	209.560680	G#4	64	70	0	4
1192	208.878389	210.380124	F4	64	63	0	1
1193	208.878389	210.399221	C4	64	87	0	1
1194	209.086722	210.232555	F3	64	69	1	-3
1195	209.711722	210.275958	C5	64	75	0	3
1196	209.711722	210.376652	G#4	64	98	0	4
1197	210.128388	211.034638	D4	64	70	0	3
1198	210.128388	211.053735	A#4	64	75	0	1
1199	210.128388	211.864499	A#2	64	58	1	-5
1200	210.336721	211.591929	A#3	64	62	1	-3
1201	210.336721	211.756860	F3	64	76	1	-3
1202	211.378388	211.892276	A#4	64	79	0	1
1203	211.378388	211.913110	D4	64	76	0	3
1204	212.211721	213.461720	C2	64	97	1	-5
1205	212.420054	215.262067	C3	64	95	1	-3
1206	212.628387	215.230817	G3	64	62	1	-1
1207	213.045054	214.491234	G4	64	85	0	3
1208	213.045054	214.814150	E4	64	75	0	5
1209	213.461720	213.670053	C2	64	97	1	-5
1210	213.461720	213.821095	C4	64	57	0	1
1211	213.670053	213.878387	C2	64	97	1	-5
1212	213.670053	214.439150	C5	64	81	0	3
1213	214.317623	214.798525	C4	64	59	0	1
1214	214.503386	214.711720	C2	64	97	1	-5
1215	214.920053	215.128386	C2	64	97	1	-5
1216	214.920053	215.230817	G4	64	67	0	3
1217	215.128386	215.336719	C2	64	97	1	-5
1218	215.128386	215.399219	E4	64	79	0	5
1219	215.336719	215.545053	C3	64	97	1	-3
1220	215.545053	216.196094	C4	64	81	0	1
1221	215.545053	217.211719	F2	64	98	1	-5
1222	215.545053	217.211719	C3	64	58	1	-3
1223	215.753386	215.961719	F3	64	97	1	-3
1224	215.966928	216.784636	F3	64	60	1	-3
1225	216.378386	217.100608	C4	64	77	0	1
1226	217.211719	217.420052	A#1	64	97	1	-2
1227	217.211719	217.928732	F3	64	75	1	-3
1228	217.211719	217.928732	F4	64	79	0	1
1229	217.211719	217.930468	D4	64	74	0	3
1230	217.211719	217.994704	A#3	64	59	1	-3
1231	217.420052	217.996441	A#2	64	59	1	-5
1232	218.045052	218.591926	F3	64	60	1	-3
1233	218.045052	218.657899	F4	64	100	0	1
1234	218.045052	218.678732	A#3	64	52	1	-3
1235	218.045052	218.687413	A#2	64	60	1	-5
1236	218.045052	218.713454	D4	64	69	0	3
1237	218.878385	219.086718	C2	64	97	1	-5
1238	218.878385	219.295051	C3	64	70	1	-3
1239	218.878385	219.607551	E4	64	67	0	5
1240	218.878385	219.628384	G4	64	74	0	3
1241	219.295051	219.503384	C2	64	97	1	-5
1242	219.295051	219.503384	C3	64	97	1	-3
1243	219.295051	221.998175	G3	64	67	1	-1
1244	219.711718	219.920051	C2	64	97	1	-5
1245	219.711718	219.920051	C3	64	97	1	-3
1246	219.711718	220.446092	E4	64	74	0	5
1247	219.711718	220.458245	G4	64	76	0	3
1248	220.128384	220.336717	C2	64	97	1	-5
1249	220.128384	220.336717	C3	64	97	1	-3
1250	220.128384	220.586717	C4	64	51	0	1
1251	220.545051	220.753384	C2	64	97	1	-5
1252	220.545051	220.753384	C3	64	97	1	-3
1253	220.545051	221.081509	E4	64	63	0	5
1254	220.545051	221.135328	C5	64	76	0	3
1255	220.545051	221.298523	G4	64	63	0	3
1256	220.961717	221.170050	C2	64	97	1	-5
1257	220.961717	221.170050	C3	64	97	1	-3
1258	220.961717	221.397481	C4	64	64	0	1
1259	221.378384	221.586717	C2	64	97	1	-5
1260	221.378384	222.022481	E4	64	70	0	5
1261	221.378384	222.025953	G4	64	79	0	3
1262	221.586717	221.795050	C3	64	97	1	-3
1263	221.795050	221.987758	C4	64	60	0	1
1264	221.795050	222.003383	C2	64	97	1	-5
1265	222.003383	222.211717	C3	64	97	1	-3
1266	222.211717	222.555467	F4	64	14	0	1
1267	222.211717	222.972133	C4	64	83	0	1
1268	222.211717	222.977341	G#3	64	74	1	-5
1269	222.211717	223.819355	C3	64	104	1	-3
1270	222.211717	223.845397	F2	64	71	1	-5
1271	222.420050	222.977341	F3	64	60	1	-3
1272	223.045050	223.671786	F4	64	83	0	1
1273	223.045050	223.722133	C4	64	87	0	1
1274	223.045050	223.772480	G#3	64	77	1	-5
1275	223.045050	223.784633	F3	64	67	1	-3
1276	223.878383	224.635327	F4	64	87	0	1
1277	223.878383	224.637063	D4	64	68	0	3
1278	223.878383	224.661368	F3	64	74	1	-3
1279	223.878383	225.237757	A#2	64	47	1	-5
1280	224.086716	224.617966	A#3	64	56	1	-3
1281	224.711716	225.135327	F3	64	74	1	-3
1282	224.711716	225.157896	A#3	64	74	1	-3
1283	224.711716	225.236021	F4	64	90	0	1
1284	224.711716	225.269007	D4	64	75	0	3
1285	225.545049	226.242965	D4	64	77	0	3
1286	225.545049	226.249910	A#3	64	62	1	-3
1287	225.545049	226.420048	G3	64	61	1	-1
1288	225.545049	226.895743	G2	64	58	1	-3
1289	225.545049	226.965187	D3	64	87	1	-1
1290	226.378382	226.852340	D4	64	86	0	3
1291	226.378382	226.880118	A#3	64	108	1	-3
1292	226.795048	227.147479	G3	64	61	1	-1
1293	227.211715	227.949562	D#4	64	73	0	4
1294	227.211715	227.953034	G4	64	93	0	3
1295	227.211715	228.617964	C3	64	74	1	-3
1296	227.628381	228.491228	G3	64	66	1	-1
1297	228.045048	228.472131	G4	64	108	0	3
1298	228.045048	228.508589	D#4	64	104	0	4
1299	228.878381	229.112756	C5	64	109	0	3
1300	228.878381	229.144006	G#2	64	83	1	-2
1301	228.878381	229.531158	C4	64	83	0	1
1302	228.878381	229.560672	D#4	64	83	0	4
1303	228.878381	229.788103	G#3	64	83	1	-5
1304	229.295047	229.529422	C5	64	103	0	3
1305	229.295047	229.576297	G#2	64	83	1	-2
1306	229.295047	230.388797	D#3	64	83	1	-5
1307	229.711714	229.946089	C5	64	96	0	3
1308	229.711714	229.935672	G#2	64	83	1	-2
1309	229.711714	230.390533	C4	64	83	0	1
1310	229.711714	230.400950	D#4	64	83	0	4
1311	230.128380	230.418311	C5	64	96	0	3
1312	230.128380	230.395741	G#2	64	83	1	-2
1313	230.128380	230.545047	G#3	64	80	1	-5
1314	230.545047	231.480810	D#5	64	99	0	1
1315	230.545047	230.801991	F2	64	78	1	-5
1316	230.545047	231.216921	C4	64	78	0	1
1317	230.545047	231.227338	G#3	64	78	1	-5
1318	230.961713	231.216921	F2	64	78	1	-5
1319	230.961713	232.201296	C3	64	78	1	-3
1320	231.170046	231.477338	F3	64	78	1	-3
1321	231.378380	231.633588	F2	64	78	1	-5
1322	231.378380	231.793310	C4	64	78	0	1
1323	231.378380	231.841921	G#3	64	78	1	-5
1324	231.795046	232.051991	F2	64	76	1	-5
1325	231.795046	232.124907	F3	64	74	1	-3
1326	232.003379	232.260324	C5	64	107	0	3
1327	232.211713	232.437407	D5	64	108	0	5
1328	232.211713	232.435671	G2	64	74	1	-3
1329	232.211713	232.907893	B3	64	74	1	-2
1330	232.211713	232.928726	D4	64	74	0	3
1331	232.628379	232.800254	D5	64	109	0	5
1332	232.628379	232.883587	G2	64	74	1	-3
1333	232.628379	235.545045	D3	64	74	1	-1
1334	233.045046	233.270740	D5	64	118	0	5
1335	233.045046	233.300254	G2	64	74	1	-3
1336	233.045046	233.770740	B3	64	74	1	-2
1337	233.045046	233.779420	D4	64	74	0	3
1338	233.461712	233.697823	D5	64	117	0	5
1339	233.461712	233.697823	G2	64	74	1	-3
1340	233.461712	234.012059	G3	64	74	1	-1
1341	233.869698	234.116226	B2	64	74	1	-4
1342	233.878379	237.069350	D5	64	112	0	5
1343	233.878379	234.529420	G4	64	74	0	3
1344	233.878379	234.551990	B3	64	74	1	-2
1345	233.878379	234.574559	D4	64	74	0	3
1346	234.288101	234.553726	B2	64	74	1	-4
1347	234.295045	234.729073	G3	64	76	1	-1
1348	234.711712	235.322823	G4	64	76	0	3
1349	234.711712	235.357545	B3	64	76	1	-2
1350	234.711712	235.364489	D4	64	76	0	3
1351	234.725601	234.926989	B2	64	73	1	-4
1352	235.128378	235.473864	G3	64	81	1	-1
1353	235.142267	235.473864	B2	64	81	1	-4
1354	235.545045	235.640531	G4	64	71	0	3
1355	235.545045	235.657892	D3	64	79	1	-1
1356	235.545045	235.659628	G3	64	54	1	-1
1357	235.545045	235.663100	B3	64	69	1	-2
1358	235.545045	235.670045	D4	64	72	0	3
1359	235.545045	235.833239	G2	64	59	1	-3
1360	235.961711	236.039836	G4	64	68	0	3
1361	235.961711	236.064142	D4	64	71	0	3
1362	235.961711	236.074558	B3	64	67	1	-2
1363	235.961711	236.079767	D3	64	73	1	-1
1364	235.961711	236.079767	G3	64	56	1	-1
1365	235.961711	236.102336	G2	64	61	1	-3
1366	236.378378	236.463447	G4	64	68	0	3
1367	236.378378	236.487753	D4	64	74	0	3
1368	236.378378	236.489489	D3	64	72	1	-1
1369	236.378378	236.496433	B4	64	58	0	2
1370	236.378378	236.506850	B3	64	68	1	-2
1371	236.378378	236.531155	G2	64	64	1	-3
1372	236.795044	236.880114	G4	64	66	0	3
1373	236.795044	236.906155	D4	64	66	0	3
1374	236.795044	236.907891	D3	64	77	1	-1
1375	236.795044	236.913100	B4	64	67	0	2
1376	236.795044	236.920044	B3	64	63	1	-2
1377	236.795044	236.944350	G2	64	67	1	-3
1378	237.211711	237.312405	D3	64	65	1	-1
1379	237.211711	237.314141	G4	64	64	0	3
1380	237.211711	237.326294	B4	64	67	0	2
1381	237.211711	237.341919	D4	64	64	0	3
1382	237.211711	237.350600	B3	64	60	1	-2
1383	237.211711	237.352336	G2	64	74	1	-3
1384	237.211711	237.420044	D5	64	97	0	5
1385	237.628377	237.720391	G4	64	65	0	3
1386	237.628377	237.739488	D3	64	76	1	-1
1387	237.628377	237.753377	D4	64	67	0	3
1388	237.628377	237.753377	B4	64	69	0	2
1389	237.628377	237.763794	B3	64	63	1	-2
1390	237.628377	237.786363	G2	64	70	1	-3
1391	237.628377	237.836710	D5	64	97	0	5
1392	238.045044	238.124905	G4	64	67	0	3
1393	238.045044	238.145738	D4	64	69	0	3
1394	238.045044	238.149210	D3	64	86	1	-1
1395	238.045044	238.150946	B4	64	76	0	2
1396	238.045044	238.154419	B3	64	65	1	-2
1397	238.045044	238.176988	G2	64	79	1	-3
1398	238.045044	238.253377	D5	64	97	0	5
1399	238.045044	238.253377	G5	64	97	0	5
1400	238.461710	238.515530	G4	64	74	0	3
1401	238.461710	238.536363	D3	64	85	1	-1
1402	238.461710	238.539835	D4	64	79	0	3
1403	238.461710	238.541571	G3	64	71	1	-1
1404	238.461710	238.543307	B3	64	71	1	-2
1405	238.461710	238.564141	G2	64	70	1	-3
1406	238.461710	238.670043	D5	64	97	0	5
1407	238.461710	238.670043	G5	64	97	0	5
1408	238.670043	238.732543	G4	64	76	0	3
1409	238.670043	238.744696	D4	64	76	0	3
1410	238.670043	238.749904	B3	64	67	1	-2
1411	238.670043	238.762057	D3	64	90	1	-1
1412	238.670043	238.762057	G3	64	64	1	-1
1413	238.670043	238.772474	G2	64	72	1	-3
1414	238.878377	239.060668	C3	64	108	1	-3
1415	238.878377	239.076293	C5	64	83	0	3
1416	238.878377	239.079765	G4	64	90	0	3
1417	238.878377	239.098863	E4	64	98	0	5
1418	239.295043	239.565876	G4	64	74	0	3
1419	239.711710	239.977335	D5	64	85	0	5
1420	239.920043	240.225598	E4	64	104	0	5
1421	239.920043	240.310668	C3	64	117	1	-3
1422	240.128376	240.590182	C5	64	83	0	3
1423	240.336709	240.482543	F4	64	95	0	1
1424	240.336709	240.602334	D3	64	112	1	-1
1425	240.545043	240.836709	E3	64	108	1	-4
1426	240.545043	240.859279	C5	64	104	0	3
1427	240.551987	240.829765	G4	64	121	0	3
1428	240.551987	240.866223	B4	64	108	0	2
1429	240.961709	241.152681	D5	64	104	0	5
1430	241.378376	241.678723	E5	64	95	0	2
1431	241.795042	243.796777	A4	64	100	0	5
1432	242.211709	242.814139	C4	64	68	0	1
1433	242.211709	243.001639	A3	64	67	1	-4
1434	242.211709	243.001639	F4	64	69	0	1
1435	242.211709	244.308930	F2	64	77	1	-5
1436	242.628375	244.426986	C3	64	77	1	-3
1437	243.045042	243.725597	A3	64	83	1	-4
1438	243.045042	243.729069	F4	64	87	0	1
1439	243.045042	243.737750	C4	64	90	0	1
1440	243.461708	243.972125	F3	64	59	1	-3
1441	243.878375	244.321083	C4	64	87	0	1
1442	243.878375	244.322819	A3	64	76	1	-4
1443	243.878375	244.326291	F4	64	87	0	1
1444	244.711708	245.216916	C4	64	85	0	1
1445	244.711708	245.222124	G3	64	74	1	-1
1446	244.711708	245.249902	E2	64	66	1	-1
1447	245.545041	246.045040	F4	64	111	0	1
1448	245.545041	246.246429	F3	64	72	1	-3
1449	245.545041	246.248165	A3	64	69	1	-4
1450	245.545041	246.253374	D4	64	73	0	3
1451	245.545041	248.463442	D2	64	77	1	-3
1452	245.961707	246.440874	A4	64	90	0	5
1453	245.961707	248.506845	A2	64	70	1	-1
1454	246.378374	246.650943	F5	64	95	0	3
1455	246.378374	247.091915	D4	64	83	0	3
1456	246.378374	247.095387	F3	64	86	1	-3
1457	246.378374	247.095387	A3	64	87	1	-4
1458	246.795040	247.402679	E5	64	111	0	2
1459	246.795040	247.357540	D3	64	59	1	-1
1460	247.211707	247.926984	A3	64	87	1	-4
1461	247.211707	247.926984	D4	64	90	0	3
1462	247.211707	247.932192	F3	64	83	1	-3
1463	247.628373	247.926984	D5	64	95	0	5
1464	247.628373	247.980804	D3	64	66	1	-1
1465	248.045040	248.293303	C5	64	95	0	3
1466	248.045040	248.479067	F3	64	90	1	-3
1467	248.045040	248.482539	A3	64	93	1	-4
1468	248.045040	248.482539	D4	64	93	0	3
1469	248.461706	249.892261	B4	64	100	0	2
1470	248.461706	248.803720	D3	64	67	1	-1
1471	248.878373	249.602331	B3	64	83	1	-2
1472	248.878373	249.605803	D4	64	72	0	3
1473	248.878373	249.611011	G4	64	76	0	3
1474	248.878373	251.904413	G2	64	48	1	-3
1475	249.295039	251.800247	D3	64	67	1	-1
1476	249.711706	250.425247	D4	64	93	0	3
1477	249.711706	250.428719	G4	64	93	0	3
1478	249.711706	250.430455	B3	64	95	1	-2
1479	250.128372	250.628372	G3	64	54	1	-1
1480	250.545039	251.255108	B3	64	90	1	-2
1481	250.545039	251.255108	G4	64	95	0	3
1482	250.545039	251.258580	D4	64	93	0	3
1483	250.961705	251.465177	G3	64	59	1	-1
1484	251.378372	251.808927	D4	64	95	0	3
1485	251.378372	251.808927	G4	64	98	0	3
1486	251.378372	251.831496	B3	64	90	1	-2
1487	252.211705	252.789829	G4	64	95	0	3
1488	252.211705	252.942607	E4	64	79	0	5
1489	252.211705	252.946079	G3	64	69	1	-1
1490	252.211705	252.949552	B3	64	71	1	-2
1491	252.211705	255.152676	E2	64	67	1	-1
1492	252.628371	253.015524	B4	64	74	0	2
1493	252.628371	255.201287	B2	64	68	1	-4
1494	253.045038	253.307190	D5	64	86	0	5
1495	253.045038	253.727329	E4	64	85	0	5
1496	253.045038	253.737746	B3	64	86	1	-2
1497	253.045038	253.741218	G3	64	77	1	-1
1498	253.461704	254.043301	G5	64	120	0	5
1499	253.461704	253.918301	E3	64	58	1	-4
1500	253.878371	254.593648	E4	64	93	0	5
1501	253.878371	254.602329	G3	64	86	1	-1
1502	253.878371	254.604065	B3	64	95	1	-2
1503	254.295037	254.657884	E3	64	58	1	-4
1504	254.711704	255.065870	B4	64	100	0	2
1505	254.711704	255.159620	E4	64	100	0	5
1506	254.711704	255.161356	B3	64	104	1	-2
1507	254.711704	255.166565	G3	64	100	1	-1
1508	255.128370	257.161355	C5	64	112	0	3
1509	255.128370	255.505106	E3	64	59	1	-4
1510	255.545037	256.268995	C4	64	76	0	1
1511	255.545037	256.274203	E4	64	85	0	5
1512	255.545037	256.275939	A4	64	83	0	5
1513	255.545037	257.038092	A2	64	75	1	-1
1514	255.961703	257.211703	E3	64	62	1	-4
1515	256.378370	257.083231	C4	64	79	0	1
1516	256.378370	257.086703	A4	64	85	0	5
1517	256.378370	257.088439	E4	64	90	0	5
1518	257.211703	257.532883	C5	64	90	0	3
1519	257.211703	257.880105	C4	64	69	0	1
1520	257.211703	257.887050	A4	64	76	0	5
1521	257.211703	257.890522	E4	64	72	0	5
1522	257.211703	258.517258	G2	64	85	1	-3
1523	257.628369	257.866216	D5	64	93	0	5
1524	258.045036	258.220383	E5	64	81	0	2
1525	258.045036	258.513785	E4	64	95	0	5
1526	258.045036	258.515522	A4	64	87	0	5
1527	258.045036	258.529410	C4	64	86	0	1
1528	258.461702	259.578021	E5	64	104	0	2
1529	258.878369	259.616216	A3	64	77	1	-4
1530	258.878369	259.624896	F4	64	87	0	1
1531	258.878369	259.631841	C4	64	79	0	1
1532	258.878369	260.161354	F2	64	83	1	-5
1533	259.295035	259.986007	C3	64	81	1	-3
1534	259.711702	259.980799	D5	64	108	0	5
1535	259.711702	260.090174	C4	64	90	0	1
1536	259.711702	260.097118	A3	64	90	1	-4
1537	259.711702	260.097118	F4	64	98	0	1
1538	260.128368	261.159618	C5	64	90	0	3
1539	260.545035	261.242951	D4	64	86	0	3
1540	260.545035	261.248159	F#3	64	95	1	-2
1541	260.545035	261.251632	A3	64	90	1	-4
1542	260.545035	261.755104	D2	64	95	1	-3
1543	260.961701	261.522465	A4	64	87	0	5
1544	260.961701	261.763784	F#2	64	72	1	-4
1545	261.378368	261.774201	D4	64	98	0	3
1546	261.378368	261.777673	A3	64	104	1	-4
1547	261.378368	261.807187	F#3	64	120	1	-2
1548	261.795034	262.117951	A4	64	98	0	5
1549	262.211701	262.439131	B3	64	71	1	-2
1550	262.211701	262.449548	G4	64	75	0	3
1551	262.211701	262.453020	D4	64	74	0	3
1552	262.211701	265.135311	G2	64	75	1	-3
1553	262.628367	263.713436	G4	64	59	0	3
1554	262.628367	262.857534	G4	64	81	0	3
1555	262.628367	262.861006	B3	64	74	1	-2
1556	262.628367	262.867950	D4	64	81	0	3
1557	262.628367	263.574547	G3	64	58	1	-1
1558	262.628367	265.133575	D3	64	63	1	-1
1559	263.045034	263.189131	G4	64	90	0	3
1560	263.045034	263.199547	D4	64	87	0	3
1561	263.045034	263.208228	B3	64	77	1	-2
1562	263.461700	263.704756	B3	64	76	1	-2
1563	263.461700	263.708228	G4	64	86	0	3
1564	263.461700	263.718645	D4	64	85	0	3
1565	263.878367	264.591908	G4	64	100	0	3
1566	263.878367	264.597116	B3	64	100	1	-2
1567	263.878367	264.605797	D4	64	100	0	3
1568	263.878367	264.729061	G3	64	72	1	-1
1569	264.711700	265.164824	D4	64	95	0	3
1570	264.711700	265.168297	B3	64	93	1	-2
1571	264.711700	265.170033	G4	64	104	0	3
1572	265.128366	265.508574	G3	64	67	1	-1
1573	265.545033	266.111005	E4	64	87	0	5
1574	265.545033	266.248157	E4	64	85	0	5
1575	265.545033	266.253366	C5	64	76	0	3
1576	265.545033	266.256838	G4	64	87	0	3
1577	265.545033	268.414823	C3	64	69	1	-3
1578	265.961699	266.232532	G4	64	74	0	3
1579	265.961699	268.265518	G3	64	67	1	-1
1580	266.378366	266.643991	D5	64	85	0	5
1581	266.378366	267.090171	G4	64	104	0	3
1582	266.378366	267.091907	E4	64	104	0	5
1583	266.378366	267.091907	C5	64	93	0	3
1584	266.795032	267.256838	C5	64	83	0	3
1585	266.795032	267.414824	C4	64	53	0	1
1586	267.211699	267.909615	C5	64	90	0	3
1587	267.211699	267.913087	G4	64	98	0	3
1588	267.211699	267.914823	E4	64	90	0	5
1589	267.628365	267.819337	D5	64	104	0	5
1590	267.628365	268.034615	C4	64	60	0	1
1591	268.045032	268.345379	E5	64	95	0	2
1592	268.045032	268.402670	G4	64	98	0	3
1593	268.045032	268.409615	C5	64	90	0	3
1594	268.045032	268.413087	E4	64	93	0	5
1595	268.461698	270.907878	A4	64	100	0	5
1596	268.878365	269.583225	F4	64	100	0	1
1597	268.878365	269.593642	A3	64	81	1	-4
1598	268.878365	269.598850	C4	64	90	0	1
1599	268.878365	271.305447	F2	64	79	1	-5
1600	269.295031	271.239475	C3	64	71	1	-3
1601	269.711698	270.400934	F4	64	95	0	1
1602	269.711698	270.409614	A3	64	83	1	-4
1603	269.711698	270.413086	C4	64	87	0	1
1604	270.128364	270.558920	F3	64	59	1	-3
1605	270.545031	271.187392	F4	64	98	0	1
1606	270.545031	271.194336	A3	64	83	1	-4
1607	270.545031	271.204753	C4	64	87	0	1
1608	271.378364	271.708225	E4	64	79	0	5
1609	271.378364	271.848850	B3	64	90	1	-2
1610	271.378364	271.874891	E2	64	72	1	-1
1611	271.378364	271.874891	G3	64	90	1	-1
1612	272.211697	272.711696	F4	64	111	0	1
1613	272.211697	272.947807	F3	64	87	1	-3
1614	272.211697	272.949544	D4	64	93	0	3
1615	272.211697	272.958224	A3	64	93	1	-4
1616	272.211697	275.215168	D2	64	81	1	-3
1617	272.628363	273.107530	A4	64	90	0	5
1618	272.628363	275.310654	A2	64	65	1	-1
1619	273.045030	273.317599	F5	64	95	0	3
1620	273.045030	273.734266	D4	64	95	0	3
1621	273.045030	273.741210	F3	64	85	1	-3
1622	273.045030	273.746418	A3	64	90	1	-4
1623	273.461696	274.069335	E5	64	111	0	2
1624	273.461696	273.963432	D3	64	56	1	-1
1625	273.878363	274.595376	D4	64	86	0	3
1626	273.878363	274.602321	F3	64	85	1	-3
1627	273.878363	274.609265	A3	64	90	1	-4
1628	274.295029	274.593640	D5	64	95	0	5
1629	274.295029	274.715168	D3	64	62	1	-1
1630	274.711696	274.959959	C5	64	95	0	3
1631	274.711696	275.197807	D4	64	100	0	3
1632	274.711696	275.203015	A3	64	93	1	-4
1633	274.711696	275.206487	F3	64	93	1	-3
1634	275.128362	278.387041	B4	64	100	0	2
1635	275.128362	275.498154	D3	64	59	1	-1
1636	275.545029	276.286348	B3	64	87	1	-2
1637	275.545029	276.288084	G4	64	83	0	3
1638	275.545029	276.293292	D4	64	93	0	3
1639	275.545029	278.513777	G2	64	76	1	-3
1640	275.961695	278.421764	D3	64	68	1	-1
1641	276.378362	277.086695	B3	64	87	1	-2
1642	276.378362	277.093639	G4	64	98	0	3
1643	276.378362	277.095375	D4	64	95	0	3
1644	276.795028	277.286347	G3	64	58	1	-1
1645	277.211695	277.923500	D4	64	93	0	3
1646	277.211695	277.930444	B3	64	95	1	-2
1647	277.211695	277.930444	G4	64	95	0	3
1648	277.628361	278.048500	G3	64	59	1	-1
1649	278.045028	278.463430	D4	64	93	0	3
1650	278.045028	278.463430	G4	64	100	0	3
1651	278.045028	278.465166	B3	64	98	1	-2
1652	278.878361	279.597110	B4	64	112	0	2
1653	278.878361	279.518985	E4	64	71	0	5
1654	278.878361	279.555444	B3	64	90	1	-2
1655	278.878361	279.562388	G#3	64	73	1	-5
1656	278.878361	280.628360	E3	64	64	1	-4
1657	278.878361	281.798498	E2	64	52	1	-1
1658	278.878361	281.810651	G#2	64	65	1	-2
1659	278.878361	281.833221	B2	64	76	1	-4
1660	279.295027	279.784610	C5	64	81	0	3
1661	279.711694	279.935652	D5	64	105	0	5
1662	279.711694	280.369680	E4	64	77	0	5
1663	279.711694	280.402666	B3	64	108	1	-2
1664	279.711694	280.414818	G#3	64	100	1	-5
1665	280.128360	280.932179	G#5	64	117	0	1
1666	280.545027	281.211693	E4	64	85	0	5
1667	280.545027	281.235999	B3	64	98	1	-2
1668	280.545027	281.249887	G#3	64	98	1	-5
1669	280.961693	281.098846	E5	64	74	0	2
1670	280.961693	281.453012	E3	64	58	1	-4
1671	281.378360	281.579748	E5	64	97	0	2
1672	281.378360	281.762040	E4	64	83	0	5
1673	281.378360	281.768985	B3	64	104	1	-2
1674	281.378360	281.795026	G#3	64	112	1	-5
1675	281.795026	282.946067	C6	64	95	0	5
1676	281.795026	282.192595	E3	64	62	1	-4
1677	282.211693	282.400929	B4	64	77	0	2
1678	282.211693	282.900929	A4	64	83	0	5
1679	282.211693	282.951276	C4	64	76	0	1
1680	282.211693	282.954748	E4	64	87	0	5
1681	282.211693	283.770720	A2	64	81	1	-1
1682	282.628359	282.781137	C5	64	72	0	3
1683	283.045026	283.218637	C5	64	86	0	3
1684	283.045026	283.704748	A4	64	93	0	5
1685	283.045026	283.755095	E4	64	86	0	5
1686	283.045026	283.763775	C4	64	75	0	1
1687	283.461692	284.501622	C5	64	98	0	3
1688	283.878359	284.553706	C4	64	68	0	1
1689	283.878359	284.558914	A3	64	64	1	-4
1690	283.878359	285.055442	E3	64	59	1	-4
1691	283.878359	285.074539	C3	64	86	1	-3
1692	283.878359	285.107525	F#2	64	58	1	-4
1693	284.711692	285.124886	E5	64	85	0	2
1694	284.711692	285.142247	A3	64	77	1	-4
1695	284.711692	285.142247	C4	64	85	0	1
1696	285.128358	286.180441	A4	64	100	0	5
1697	285.545025	286.272455	A3	64	68	1	-4
1698	285.545025	286.275927	F4	64	76	0	1
1699	285.545025	286.289816	C4	64	73	0	1
1700	285.545025	286.920024	F2	64	66	1	-5
1701	285.961691	287.189121	C3	64	69	1	-3
1702	286.378358	286.768983	D5	64	90	0	5
1703	286.378358	286.807177	F4	64	90	0	1
1704	286.378358	286.821066	C4	64	87	0	1
1705	286.378358	286.829746	A3	64	83	1	-4
1706	286.795024	287.374885	C5	64	104	0	3
1707	287.211691	287.959954	B3	64	69	1	-2
1708	287.211691	287.963426	G4	64	81	0	3
1709	287.211691	287.973843	D4	64	76	0	3
1710	287.211691	288.536343	G2	64	71	1	-3
1711	287.628357	288.081482	B4	64	98	0	2
1712	287.628357	288.515510	D3	64	69	1	-1
1713	288.045024	288.494676	B3	64	85	1	-2
1714	288.045024	288.496412	D4	64	87	0	3
1715	288.045024	288.498148	G4	64	90	0	3
1716	288.461690	291.378356	C5	64	104	0	3
1717	288.461690	288.814121	G3	64	60	1	-1
1718	288.878357	289.584954	E4	64	90	0	5
1719	288.878357	289.586690	C5	64	85	0	3
1720	288.878357	289.588426	G4	64	95	0	3
1721	288.878357	291.666550	C3	64	86	1	-3
1722	289.295023	291.498147	G3	64	63	1	-1
1723	289.711690	290.409606	E4	64	87	0	5
1724	289.711690	290.413078	G4	64	95	0	3
1725	289.711690	290.416550	C5	64	83	0	3
1726	290.128356	290.661342	C4	64	51	0	1
1727	290.545023	291.237731	C5	64	77	0	3
1728	290.545023	291.239467	E4	64	83	0	5
1729	290.545023	291.248147	G4	64	93	0	3
1730	291.378356	291.793286	E5	64	85	0	2
1731	291.378356	291.735994	C5	64	73	0	3
1732	291.378356	291.746411	G4	64	79	0	3
1733	291.378356	291.758564	E4	64	72	0	5
1734	291.795022	292.848841	A4	64	100	0	5
1735	292.211689	293.489466	F4	64	65	0	1
1736	292.211689	293.512035	A3	64	59	1	-4
1737	292.211689	293.512035	C4	64	63	0	1
1738	292.211689	293.590160	F2	64	69	1	-5
1739	292.836688	293.704744	C3	64	62	1	-3
1740	293.045022	293.437383	D5	64	90	0	5
1741	293.045022	293.645716	F3	64	60	1	-3
1742	293.461688	294.043285	C5	64	104	0	3
1743	293.878355	295.491201	G4	64	67	0	3
1744	293.878355	295.501618	D4	64	65	0	3
1745	293.878355	295.508562	G2	64	75	1	-3
1746	293.878355	295.510298	B3	64	62	1	-2
1747	294.295021	294.723840	B4	64	98	0	2
1748	295.336687	298.071061	C5	64	104	0	3
1749	295.508562	297.130089	C3	64	74	1	-3
1750	295.527660	296.701270	E4	64	66	0	5
1751	295.531132	297.282867	G4	64	73	0	3
1752	295.987729	297.090159	G3	64	58	1	-1
1753	296.413076	297.048492	C4	64	59	0	1
1754	296.831478	297.336687	E4	64	58	0	5
1755	297.308909	298.550228	A2	64	74	1	-1
1756	297.735992	298.369672	E3	64	62	1	-4
1757	298.149186	298.649186	C4	64	67	0	1
1758	298.150922	298.643978	E4	64	72	0	5
1759	299.038075	300.430435	F2	64	77	1	-5
1760	299.057172	299.782866	A3	64	65	1	-4
1761	299.060644	299.805436	C4	64	71	0	1
1762	299.522450	300.782866	C3	64	74	1	-3
1763	299.956477	300.414810	A3	64	74	1	-4
1764	299.961686	300.413074	C4	64	75	0	1
1765	300.402658	300.762032	F3	64	58	1	-3
1766	300.768977	301.569324	B3	64	71	1	-2
1767	300.775921	301.588421	D4	64	70	0	3
1768	300.782866	303.399184	G2	64	69	1	-3
1769	301.258560	303.435643	D3	64	68	1	-1
1770	301.734254	303.506823	B3	64	74	1	-2
1771	301.737727	303.480781	D4	64	72	0	3
1772	302.385296	303.463420	G3	64	59	1	-1
1773	304.081476	308.350571	C3	64	81	1	-3
1774	304.098837	305.944322	E4	64	52	0	5
1775	304.378350	308.350571	G3	64	60	1	-1
1776	304.642239	305.064114	C4	64	57	0	1
1777	304.951267	306.178697	G4	64	63	0	3
1778	305.244670	305.607517	C4	64	60	0	1
1779	305.543281	306.071058	C5	64	60	0	3
1780	305.887030	308.329738	C4	64	58	0	1
1781	306.730780	306.956474	G5	64	59	0	5
1782	306.963419	307.848835	C6	64	10	0	5
