//Version: PianoFingering_v170101
0	2.280905	3.135755	E4	64	79	0	5
1	2.280905	3.137711	C#4	64	85	0	2
2	2.280905	5.592716	A2	64	93	1	-1
3	2.750388	5.555549	E3	64	60	1	-4
4	3.219871	3.965175	C#4	64	85	0	2
5	3.219871	3.978868	E4	64	93	0	5
6	3.689354	4.293813	A3	64	47	1	-4
7	4.158837	4.972607	C#4	64	71	0	2
8	4.158837	4.994125	E4	64	83	0	5
9	4.628320	5.029337	A3	64	53	1	-4
10	5.097803	5.978084	E4	64	93	0	5
11	5.097803	5.985908	C#4	64	90	0	2
12	6.036769	9.364230	C#2	64	79	1	-4
13	6.506252	9.385748	G#2	64	65	1	-2
14	6.975735	8.738252	G#3	64	73	1	-5
15	6.975735	9.207735	E3	64	77	1	-4
16	7.445218	7.955781	C#3	64	59	1	-2
17	7.914701	8.515248	C#4	64	76	0	2
18	8.384184	9.072759	C#3	64	59	1	-2
19	8.853667	9.374011	C#4	64	60	0	2
20	9.088408	9.555935	C#3	64	75	1	-2
21	9.323150	9.730035	E3	64	67	1	-4
22	9.557891	9.735904	A3	64	51	1	-4
23	9.792633	13.032066	F#2	64	74	1	-4
24	10.027374	13.137699	C#3	64	61	1	-2
25	10.262116	10.803978	F#3	64	59	1	-2
26	10.496857	11.224556	A3	64	74	1	-4
27	10.731599	11.171739	B3	64	72	1	-2
28	10.966340	11.367357	F#3	64	71	1	-2
29	11.201082	11.541457	C#4	64	73	0	2
30	11.435823	11.510158	A3	64	51	1	-4
31	11.435823	11.733163	F#3	64	59	1	-2
32	11.670565	12.482379	A3	64	65	1	-4
33	11.670565	12.501941	C#4	64	76	0	2
34	12.140048	12.588013	F#3	64	55	1	-2
35	12.609531	13.090751	C#4	64	74	0	2
36	12.609531	13.127918	A3	64	72	1	-4
37	13.079014	13.556322	F#3	64	51	1	-2
38	13.548497	14.434646	F#4	64	71	0	2
39	13.548497	14.438558	D4	64	70	0	3
40	13.548497	15.050843	B2	64	64	1	-4
41	14.017980	15.426429	F#3	64	60	1	-2
42	14.487463	15.312971	F#4	64	74	0	2
43	14.487463	15.320795	D4	64	70	0	3
44	15.426429	15.530106	B3	64	68	1	-2
45	15.426429	16.255849	G#3	64	66	1	-5
46	15.426429	16.930731	E2	64	66	1	-1
47	15.895912	16.946380	B2	64	74	1	-4
48	16.130653	16.621654	E3	64	73	1	-4
49	16.365395	16.701858	G#3	64	74	1	-5
50	16.600136	17.063751	E4	64	75	0	5
51	16.834878	17.282843	E3	64	67	1	-4
52	17.069619	17.282843	G#3	64	63	1	-5
53	17.304361	20.569224	A2	64	86	1	-1
54	17.539102	20.492933	E3	64	61	1	-4
55	17.773844	18.345048	A3	64	65	1	-4
56	18.243327	18.980806	C#4	64	66	0	2
57	18.478068	18.704985	A3	64	54	1	-4
58	18.712810	19.072747	E4	64	58	0	5
59	19.182293	20.009757	C#4	64	65	0	2
60	19.182293	20.017581	E4	64	79	0	5
61	19.651776	20.230805	A3	64	58	1	-4
62	20.121259	20.629865	E4	64	100	0	5
63	20.121259	20.635734	C#4	64	74	0	2
64	21.060225	21.825091	A3	64	81	1	-4
65	21.060225	21.827047	F3	64	67	1	-3
66	21.060225	24.739798	D2	64	74	1	-3
67	21.060225	24.745666	A2	64	90	1	-1
68	21.999191	22.773838	A3	64	76	1	-4
69	21.999191	22.785575	F3	64	79	1	-3
70	22.938157	23.738234	A3	64	83	1	-4
71	22.938157	23.763665	F3	64	87	1	-3
72	23.877123	24.598953	A3	64	85	1	-4
73	23.877123	24.649814	F3	64	93	1	-3
74	24.816089	25.582911	B3	64	76	1	-2
75	24.816089	25.602473	D#4	64	77	0	4
76	24.816089	27.701453	B2	64	63	1	-4
77	25.755055	26.576650	B3	64	83	1	-2
78	25.755055	26.592300	D#4	64	95	0	4
79	26.694021	27.470624	B3	64	74	1	-2
80	26.694021	27.478449	D#4	64	90	0	4
81	27.632987	27.674067	F#3	64	71	1	-2
82	27.632987	27.728840	A3	64	73	1	-4
83	27.632987	27.769919	D2	64	86	1	-3
84	27.867728	28.282438	A3	64	85	1	-4
85	27.867728	28.286351	F#3	64	81	1	-2
86	27.867728	28.321562	D2	64	74	1	-3
87	28.571953	29.937366	G#3	64	83	1	-5
88	28.571953	30.013657	B3	64	74	1	-2
89	28.571953	32.202621	E2	64	79	1	-1
90	29.041436	32.138068	B2	64	70	1	-4
91	29.510919	30.518351	E3	64	58	1	-4
92	29.980402	30.436192	G#3	64	61	1	-5
93	30.215143	30.404893	B3	64	63	1	-2
94	30.449885	31.052388	E4	64	71	0	5
95	30.919368	31.216707	B3	64	70	1	-2
96	31.154109	31.394719	C#4	64	67	0	2
97	31.388851	31.639242	E4	64	93	0	5
98	31.623592	31.868115	C#4	64	66	0	2
99	31.858334	32.198709	B3	64	87	1	-2
100	32.327817	32.560602	C#5	64	77	0	4
101	32.327817	33.157237	C#4	64	66	0	2
102	32.327817	33.165062	E4	64	86	0	5
103	32.327817	35.352070	A2	64	79	1	-1
104	32.562558	33.030085	C#5	64	79	0	4
105	32.797300	35.393150	E3	64	66	1	-4
106	33.032041	33.264827	C#5	64	81	0	4
107	33.266783	33.736266	C#5	64	90	0	4
108	33.266783	34.115765	C#4	64	79	0	2
109	33.266783	34.125546	E4	64	85	0	5
110	33.736266	34.205749	B4	64	81	0	2
111	33.736266	34.276171	A3	64	53	1	-4
112	34.205749	35.602461	A4	64	93	0	5
113	34.205749	35.003870	A4	64	74	0	5
114	34.205749	35.025388	C#4	64	59	0	2
115	34.205749	35.054731	E4	64	62	0	5
116	34.675232	35.007782	A3	64	51	1	-4
117	35.144715	35.625935	A4	64	70	0	5
118	35.144715	35.641584	E4	64	79	0	5
119	35.144715	35.647453	C#4	64	63	0	2
120	35.602461	36.514040	E5	64	86	0	2
121	36.083681	36.958093	E3	64	76	1	-4
122	36.083681	36.960049	G#3	64	74	1	-5
123	36.083681	39.344632	C#2	64	75	1	-4
124	36.514040	39.839545	C#5	64	87	0	4
125	36.553164	39.377887	G#2	64	74	1	-2
126	37.022647	37.550815	C#4	64	72	0	2
127	37.022647	37.805119	E3	64	67	1	-4
128	37.022647	37.824680	G#3	64	77	1	-5
129	37.492130	38.053553	C#3	64	53	1	-2
130	37.961613	38.751909	C#4	64	71	0	2
131	37.961613	38.753865	E3	64	63	1	-4
132	37.961613	38.773427	G#3	64	75	1	-5
133	38.431096	38.873192	C#3	64	55	1	-2
134	38.900579	39.375930	C#4	64	70	0	2
135	38.900579	39.391580	G#3	64	83	1	-5
136	38.900579	39.401361	E3	64	71	1	-4
137	39.370062	39.784772	C#3	64	60	1	-2
138	39.839545	40.072330	A4	64	98	0	5
139	39.839545	40.674833	A3	64	61	1	-4
140	39.839545	40.674833	F#4	64	71	0	2
141	39.839545	40.688527	C#4	64	74	0	2
142	39.839545	43.231560	F#2	64	73	1	-4
143	40.074286	40.776555	A4	64	95	0	5
144	40.309028	43.122014	C#3	64	34	1	-2
145	40.778511	41.246038	A4	64	83	0	5
146	40.778511	41.578588	F#4	64	71	0	2
147	40.778511	41.604019	A3	64	66	1	-4
148	40.778511	41.605975	C#4	64	79	0	2
149	41.247994	41.482735	A4	64	75	0	5
150	41.247994	41.830935	F#3	64	38	1	-2
151	41.482735	41.952218	B4	64	87	0	2
152	41.717477	42.568415	F#4	64	69	0	2
153	41.717477	42.595801	A3	64	62	1	-4
154	41.717477	42.595801	C#4	64	75	0	2
155	41.952218	43.360667	A4	64	86	0	5
156	42.186960	42.722953	F#3	64	56	1	-2
157	42.656443	42.859886	F#4	64	65	0	2
158	42.656443	43.241340	A3	64	64	1	-4
159	42.656443	43.411528	C#4	64	76	0	2
160	43.360667	43.595409	C#4	64	65	0	2
161	43.360667	43.593453	A3	64	59	1	-4
162	43.595409	47.351273	E4	64	85	0	5
163	43.595409	46.850491	C#2	64	76	1	-4
164	43.830150	46.938519	G#2	64	63	1	-2
165	44.064892	44.694782	C#3	64	60	1	-2
166	44.299633	45.371620	E3	64	76	1	-4
167	44.534375	45.387269	G#3	64	73	1	-5
168	44.769116	45.342277	C#4	64	31	0	2
169	45.003858	46.574670	C#3	64	52	1	-2
170	45.473341	46.255813	C#4	64	68	0	2
171	45.473341	46.298849	E3	64	63	1	-4
172	45.473341	46.306673	G#3	64	69	1	-5
173	46.412307	46.877878	C#4	64	74	0	2
174	46.412307	46.909176	G#3	64	81	1	-5
175	46.412307	46.920913	E3	64	79	1	-4
176	46.881790	47.163480	C#3	64	58	1	-2
177	47.351273	47.648612	F#4	64	74	0	2
178	47.351273	48.102446	D4	64	39	0	3
179	47.351273	48.163087	F#3	64	63	1	-2
180	47.351273	48.176781	A3	64	74	1	-4
181	47.351273	50.823491	D2	64	73	1	-3
182	47.586014	48.288283	A4	64	71	0	5
183	47.820756	50.758937	A2	64	49	1	-1
184	48.290239	48.757766	A4	64	77	0	5
185	48.290239	49.057061	D4	64	75	0	3
186	48.290239	49.090316	F#3	64	77	1	-2
187	48.290239	49.096185	A3	64	79	1	-4
188	48.759722	49.227249	A4	64	58	0	5
189	48.759722	49.520676	D3	64	52	1	-1
190	49.229205	50.635698	A4	64	71	0	5
191	49.229205	50.001896	D4	64	68	0	3
192	49.229205	50.029282	F#3	64	68	1	-2
193	49.229205	50.041019	A3	64	72	1	-4
194	49.698688	50.256199	D3	64	56	1	-1
195	50.168171	50.778499	D4	64	73	0	3
196	50.168171	50.864571	A3	64	74	1	-4
197	50.168171	50.880220	F#3	64	76	1	-2
198	50.637654	50.872395	A4	64	65	0	5
199	50.872395	51.107137	B4	64	67	0	2
200	51.107137	52.515586	C#5	64	95	0	4
201	51.107137	51.553146	C#4	64	74	0	2
202	51.107137	51.684210	A2	64	74	1	-1
203	51.107137	51.924820	E4	64	76	0	5
204	52.046103	52.562534	G#2	64	74	1	-2
205	52.046103	52.697511	E4	64	85	0	5
206	52.046103	52.711204	B3	64	71	1	-2
207	52.515586	52.985069	B4	64	87	0	2
208	52.985069	54.393518	A4	64	95	0	5
209	52.985069	53.984676	C#4	64	72	0	2
210	52.985069	53.990545	A3	64	59	1	-4
211	52.985069	54.538275	F#2	64	74	1	-4
212	53.454552	54.542188	C#3	64	58	1	-2
213	53.924035	54.530450	F#3	64	60	1	-2
214	54.158776	54.499152	A3	64	69	1	-4
215	54.393518	54.628259	F#4	64	83	0	2
216	54.393518	54.643909	C#4	64	75	0	2
217	54.628259	54.863001	A4	64	68	0	5
218	54.863001	56.269494	B4	64	100	0	2
219	54.863001	58.249147	B2	64	70	1	-4
220	55.332484	58.235454	F#3	64	67	1	-2
221	55.801967	56.564877	B4	64	68	0	2
222	55.801967	56.586395	D4	64	67	0	3
223	55.801967	56.592263	F#4	64	66	0	2
224	56.271450	56.504235	B4	64	70	0	2
225	56.271450	57.771839	B3	64	49	1	-2
226	56.506191	56.740933	B4	64	81	0	2
227	56.740933	57.210416	C#5	64	98	0	4
228	56.740933	57.574265	D4	64	73	0	3
229	56.740933	57.576221	F#4	64	74	0	2
230	57.210416	58.384123	B4	64	98	0	2
231	57.679899	58.137645	B4	64	73	0	2
232	57.679899	58.157207	F#4	64	79	0	2
233	57.679899	58.166988	D4	64	87	0	3
234	58.384123	58.618865	A4	64	75	0	5
235	58.618865	62.374729	B4	64	100	0	2
236	58.618865	59.479584	E4	64	73	0	5
237	58.618865	59.487408	G#3	64	72	1	-5
238	58.618865	59.497189	B3	64	69	1	-2
239	58.618865	61.958063	E2	64	67	1	-1
240	59.088348	62.030441	B2	64	67	1	-4
241	59.557831	60.072306	E4	64	75	0	5
242	59.557831	60.314872	B3	64	72	1	-2
243	59.557831	60.316828	G#3	64	70	1	-5
244	60.027314	60.516359	E3	64	58	1	-4
245	60.731538	61.562915	E3	64	79	1	-4
246	60.966280	61.517922	G#3	64	75	1	-5
247	61.201021	61.494448	B3	64	65	1	-2
248	61.435763	62.046091	E4	64	81	0	5
249	61.670504	62.085214	B3	64	62	1	-2
250	61.905246	62.398203	E3	64	72	1	-4
251	62.139987	62.400159	G#3	64	76	1	-5
252	62.374729	62.607514	C#5	64	77	0	4
253	62.374729	65.514396	A2	64	83	1	-1
254	62.609470	63.076997	C#5	64	79	0	4
255	62.609470	65.389201	E3	64	59	1	-4
256	62.844212	63.577779	A3	64	58	1	-4
257	63.078953	63.311739	C#5	64	81	0	4
258	63.313695	63.783178	C#5	64	90	0	4
259	63.313695	64.129422	A4	64	63	0	5
260	63.313695	64.154852	E4	64	73	0	5
261	63.313695	64.162677	C#4	64	79	0	2
262	63.783178	64.252661	B4	64	81	0	2
263	63.783178	64.358295	A3	64	57	1	-4
264	64.252661	65.649373	A4	64	93	0	5
265	64.252661	65.095774	A4	64	65	0	5
266	64.252661	65.101643	C#4	64	62	0	2
267	64.252661	65.113380	E4	64	71	0	5
268	64.722144	65.220970	A3	64	54	1	-4
269	65.191627	65.745226	A4	64	74	0	5
270	65.191627	65.774568	E4	64	85	0	5
271	65.191627	65.792174	C#4	64	83	0	2
272	65.649373	66.560952	E5	64	86	0	2
273	66.130593	66.887634	C#4	64	43	0	2
274	66.130593	66.909152	E3	64	65	1	-4
275	66.130593	66.918933	G#3	64	55	1	-5
276	66.130593	69.407193	C#2	64	73	1	-4
277	66.560952	69.886457	C#5	64	87	0	4
278	66.600076	69.499133	G#2	64	60	1	-2
279	67.069559	67.607508	C#4	64	72	0	2
280	67.069559	67.867680	E3	64	63	1	-4
281	67.069559	67.871592	G#3	64	74	1	-5
282	67.539042	68.096553	C#3	64	51	1	-2
283	68.008525	68.634502	C#4	64	69	0	2
284	68.008525	68.814471	E3	64	63	1	-4
285	68.008525	68.818383	G#3	64	74	1	-5
286	68.478008	68.969009	C#3	64	50	1	-2
287	68.947491	69.446317	C#4	64	74	0	2
288	68.947491	69.460010	G#3	64	83	1	-5
289	68.947491	69.463922	E3	64	83	1	-4
290	69.416974	69.845377	C#3	64	59	1	-2
291	69.886457	70.353984	A4	64	83	0	5
292	69.886457	70.420494	F#4	64	60	0	2
293	69.886457	70.682622	A3	64	58	1	-4
294	69.886457	70.690447	C#4	64	59	0	2
295	69.886457	73.339113	F#2	64	61	1	-4
296	70.355940	70.823467	A4	64	85	0	5
297	70.355940	73.329332	C#3	64	63	1	-2
298	70.825423	71.292950	A4	64	83	0	5
299	70.825423	71.435751	F#4	64	70	0	2
300	70.825423	71.641150	C#4	64	83	0	2
301	70.825423	71.643106	A3	64	71	1	-4
302	71.294906	71.529647	A4	64	75	0	5
303	71.294906	71.832855	F#3	64	58	1	-2
304	71.529647	71.999130	B4	64	87	0	2
305	71.764389	72.562510	F#4	64	74	0	2
306	71.764389	72.574247	C#4	64	81	0	2
307	71.764389	72.578159	A3	64	72	1	-4
308	71.999130	73.407579	A4	64	86	0	5
309	72.233872	72.783558	F#3	64	58	1	-2
310	72.703355	73.159145	F#4	64	77	0	2
311	72.703355	73.174794	C#4	64	85	0	2
312	72.703355	73.194356	A3	64	74	1	-4
313	73.407579	73.642321	C#4	64	65	0	2
314	73.642321	77.398185	E4	64	85	0	5
315	73.642321	74.168533	C#4	64	52	0	2
316	73.642321	74.516733	E3	64	71	1	-4
317	73.642321	74.520645	G#3	64	14	1	-5
318	73.642321	76.969782	C#2	64	67	1	-4
319	74.111804	77.384492	G#2	64	73	1	-2
320	74.581287	75.040989	C#4	64	64	0	2
321	74.581287	75.794118	E3	64	65	1	-4
322	74.581287	75.843022	G#3	64	73	1	-5
323	75.050770	75.477217	C#3	64	59	1	-2
324	75.754994	76.502255	C#3	64	64	1	-2
325	75.989736	76.467044	E3	64	70	1	-4
326	76.224477	76.531598	G#3	64	71	1	-5
327	76.459219	76.961957	C#4	64	83	0	2
328	76.693960	77.206479	C#3	64	63	1	-2
329	76.928702	77.406010	E3	64	75	1	-4
330	77.163443	77.433396	G#3	64	71	1	-5
331	77.398185	77.695524	F#4	64	74	0	2
332	77.398185	80.665004	D2	64	79	1	-3
333	77.632926	78.335195	A4	64	71	0	5
334	77.632926	80.676741	A2	64	61	1	-1
335	77.867668	78.438872	D3	64	59	1	-1
336	78.337151	78.804678	A4	64	77	0	5
337	78.337151	79.084411	D4	64	60	0	3
338	78.337151	79.127447	F#3	64	61	1	-2
339	78.337151	79.131360	A3	64	74	1	-4
340	78.806634	79.274161	A4	64	58	0	5
341	78.806634	79.373926	D3	64	56	1	-1
342	79.276117	80.682610	A4	64	71	0	5
343	79.276117	80.054676	D4	64	69	0	3
344	79.276117	80.097712	A3	64	72	1	-4
345	79.276117	80.101625	F#3	64	63	1	-2
346	79.745600	80.801937	D3	64	58	1	-1
347	80.215083	80.929088	F#3	64	72	1	-2
348	80.449824	80.801937	A3	64	61	1	-4
349	80.684566	80.919307	A4	64	65	0	5
350	80.684566	80.933001	D4	64	74	0	3
351	80.919307	81.154049	B4	64	67	0	2
352	81.154049	82.562498	C#5	64	95	0	4
353	81.154049	81.648962	C#4	64	72	0	2
354	81.154049	81.842624	A2	64	85	1	-1
355	81.154049	82.030417	E4	64	76	0	5
356	82.093015	82.542936	G#2	64	83	1	-2
357	82.093015	82.566410	E4	64	81	0	5
358	82.093015	82.578147	B3	64	74	1	-2
359	82.562498	83.031981	B4	64	87	0	2
360	83.031981	84.440430	A4	64	95	0	5
361	83.031981	83.957254	A3	64	70	1	-4
362	83.031981	83.961166	C#4	64	74	0	2
363	83.031981	84.446298	F#2	64	68	1	-4
364	83.501464	84.395438	C#3	64	47	1	-2
365	83.970947	84.454123	F#4	64	74	0	2
366	83.970947	84.461948	A3	64	67	1	-4
367	83.970947	84.463904	C#4	64	74	0	2
368	84.440430	84.675171	F#4	64	83	0	2
369	84.440430	84.868833	F#3	64	62	1	-2
370	84.675171	84.909913	A4	64	68	0	5
371	84.909913	85.377440	B4	64	100	0	2
372	84.909913	85.373527	B4	64	66	0	2
373	84.909913	85.766719	D4	64	73	0	3
374	84.909913	85.780413	F#4	64	67	0	2
375	84.909913	86.787845	B2	64	79	1	-4
376	85.379396	86.316406	B4	64	87	0	2
377	85.379396	86.787845	F#3	64	55	1	-2
378	85.848879	86.664606	D4	64	79	0	3
379	85.848879	86.664606	F#4	64	77	0	2
380	86.318362	86.551147	B4	64	70	0	2
381	86.553103	86.787845	B4	64	81	0	2
382	86.787845	87.257328	C#5	64	98	0	4
383	86.787845	86.893479	B3	64	76	1	-2
384	86.787845	87.591835	G#3	64	65	1	-5
385	86.787845	87.595747	E4	64	74	0	5
386	86.787845	88.198250	E2	64	71	1	-1
387	87.257328	88.194338	B4	64	98	0	2
388	87.257328	88.247155	B2	64	70	1	-4
389	87.726811	88.208031	E4	64	85	0	5
390	87.726811	88.217812	B3	64	86	1	-2
391	87.726811	88.231505	G#3	64	77	1	-5
392	88.196294	88.665777	B4	64	75	0	2
393	88.196294	88.577749	E3	64	63	1	-4
394	88.665777	92.421641	A4	64	100	0	5
395	88.665777	89.514759	E4	64	81	0	5
396	88.665777	89.518671	C#4	64	72	0	2
397	88.665777	92.171250	A2	64	87	1	-1
398	89.135260	92.421641	E3	64	63	1	-4
399	89.604743	90.400908	E4	64	81	0	5
400	89.604743	90.402864	C#4	64	68	0	2
401	90.074226	90.627825	A3	64	57	1	-4
402	90.543709	91.007323	E4	64	77	0	5
403	90.543709	91.009280	C#4	64	74	0	2
404	91.013192	91.564834	A3	64	63	1	-4
405	91.482675	92.179075	E4	64	79	0	5
406	91.717416	92.040186	A3	64	79	1	-4
407	91.952158	92.216242	E5	64	112	0	2
408	92.421641	92.654426	F#5	64	114	0	4
409	92.421641	93.174770	A4	64	93	0	5
410	92.421641	93.268666	A3	64	73	1	-4
411	92.421641	93.276491	C#4	64	76	0	2
412	92.421641	94.064831	F#2	64	62	1	-4
413	92.656382	93.123909	F#5	64	117	0	4
414	92.891124	93.996365	C#3	64	66	1	-2
415	93.125865	93.358651	F#5	64	112	0	4
416	93.360607	93.830090	F#5	64	120	0	4
417	93.360607	93.878994	C#4	64	85	0	2
418	93.360607	93.888775	A3	64	76	1	-4
419	93.830090	94.064831	C#5	64	77	0	4
420	93.830090	93.996365	F#3	64	57	1	-2
421	94.064831	95.708022	E5	64	95	0	2
422	94.064831	94.321091	C#4	64	64	0	2
423	94.064831	94.352390	A3	64	58	1	-4
424	94.299573	95.886034	C#2	64	79	1	-4
425	94.534314	96.130557	G#2	64	58	1	-2
426	94.769056	95.256145	C#3	64	59	1	-2
427	95.238539	95.848867	G#3	64	76	1	-5
428	95.238539	96.048397	E3	64	75	1	-4
429	95.708022	95.946676	C#5	64	95	0	4
430	95.708022	96.167724	C#3	64	52	1	-2
431	95.942763	96.185330	B4	64	66	0	2
432	96.177505	96.645032	A4	64	85	0	5
433	96.177505	97.014750	C#4	64	85	0	2
434	96.177505	97.026487	E4	64	87	0	5
435	96.177505	97.807002	A2	64	86	1	-1
436	96.646988	97.114515	A4	64	86	0	5
437	96.646988	97.707237	E3	64	70	1	-4
438	97.116471	97.349256	A4	64	90	0	5
439	97.116471	97.908723	E4	64	95	0	5
440	97.116471	97.940022	C#4	64	85	0	2
441	97.351212	97.820695	A4	64	93	0	5
442	97.585954	97.695500	A3	64	58	1	-4
443	97.820695	98.055437	B4	64	85	0	2
444	98.055437	99.933369	C#5	64	108	0	4
445	98.055437	99.444324	C#2	64	81	1	-4
446	98.524920	99.504966	G#2	64	77	1	-2
447	98.994403	99.499097	G#3	64	73	1	-5
448	98.994403	99.516703	E3	64	70	1	-4
449	99.463886	99.857078	C#3	64	54	1	-2
450	99.933369	100.166154	F#5	64	108	0	4
451	99.933369	101.392679	F#2	64	58	1	-4
452	100.168110	100.635637	F#5	64	104	0	4
453	100.402852	101.371161	C#3	64	67	1	-2
454	100.637593	100.870379	F#5	64	100	0	4
455	100.872335	101.341818	F#5	64	111	0	4
456	100.872335	101.371161	C#4	64	86	0	2
457	100.872335	101.398547	A3	64	75	1	-4
458	101.341818	101.576559	G#5	64	117	0	1
459	101.341818	101.470926	F#3	64	61	1	-2
460	101.576559	101.826950	F#5	64	117	0	4
461	101.576559	103.164977	C#2	64	58	1	-4
462	101.811301	103.219750	E5	64	120	0	2
463	101.811301	102.634852	E3	64	74	1	-4
464	101.811301	102.640721	G#3	64	67	1	-5
465	102.280784	103.601205	G#2	64	60	1	-2
466	102.750267	103.307778	G#3	64	83	1	-5
467	102.750267	103.348858	E3	64	87	1	-4
468	103.219750	103.454491	C#5	64	98	0	4
469	103.219750	103.650109	C#3	64	58	1	-2
470	103.454491	103.689233	E5	64	104	0	2
471	103.689233	104.156760	F#5	64	121	0	4
472	103.689233	104.530390	D3	64	75	1	-1
473	103.689233	104.546039	F#3	64	72	1	-2
474	103.689233	104.929451	B1	64	70	1	-1
475	104.158716	105.565209	F#5	64	117	0	4
476	104.158716	104.992048	F#2	64	62	1	-4
477	104.628199	105.019435	B3	64	64	1	-2
478	104.628199	105.042909	D3	64	63	1	-1
479	104.628199	105.042909	F#3	64	69	1	-2
480	105.567165	106.034692	F#5	64	104	0	4
481	105.567165	106.392673	F#3	64	74	1	-2
482	105.567165	106.398541	A3	64	76	1	-4
483	105.567165	107.028431	D2	64	74	1	-3
484	106.036648	106.975614	F#5	64	120	0	4
485	106.036648	107.364894	A2	64	49	1	-1
486	106.506131	107.020606	A3	64	83	1	-4
487	106.506131	107.024518	F#3	64	83	1	-2
488	106.975614	107.445097	C#5	64	112	0	4
489	106.975614	107.413798	D3	64	59	1	-1
490	107.445097	111.200961	B4	64	114	0	2
491	107.445097	109.227176	G#3	64	85	1	-5
492	107.445097	109.235001	B3	64	86	1	-2
493	107.445097	110.809725	E2	64	81	1	-1
494	107.914580	110.776470	B2	64	71	1	-4
495	108.384063	109.197833	E4	64	76	0	5
496	108.853546	109.330854	E3	64	58	1	-4
497	109.557770	109.937269	E3	64	65	1	-4
498	109.792512	110.430226	G#3	64	67	1	-5
499	110.027253	110.729522	B3	64	62	1	-2
500	110.261995	110.872323	E3	64	76	1	-4
501	110.496736	110.752996	E4	64	70	0	5
502	110.731478	111.060116	G#3	64	83	1	-5
503	110.966219	111.105108	B3	64	67	1	-2
504	111.200961	111.556986	F#5	64	114	0	4
505	111.200961	112.016688	A3	64	74	1	-4
506	111.200961	112.026469	C#4	64	75	0	2
507	111.200961	112.417704	F#2	64	68	1	-4
508	111.558942	111.903229	F#5	64	117	0	4
509	111.670444	112.306202	C#3	64	58	1	-2
510	111.905185	112.137971	F#5	64	112	0	4
511	112.139927	112.609410	F#5	64	120	0	4
512	112.139927	112.535075	F#4	64	76	0	2
513	112.139927	112.544856	C#4	64	93	0	2
514	112.139927	112.556593	A3	64	76	1	-4
515	112.609410	112.844151	C#5	64	77	0	4
516	112.844151	114.487342	E5	64	95	0	2
517	113.078893	113.937656	C#4	64	67	0	2
518	113.078893	113.949393	E3	64	63	1	-4
519	113.078893	113.959174	G#3	64	59	1	-5
520	113.078893	114.524509	C#2	64	69	1	-4
521	113.548376	114.348453	G#2	64	48	1	-2
522	114.017859	114.506904	C#4	64	81	0	2
523	114.017859	114.516685	E3	64	70	1	-4
524	114.017859	114.518641	G#3	64	81	1	-5
525	114.487342	114.725996	C#5	64	95	0	4
526	114.722083	114.964650	B4	64	66	0	2
527	114.956825	115.424352	A4	64	85	0	5
528	114.956825	115.823412	C#4	64	74	0	2
529	114.956825	115.833193	E4	64	77	0	5
530	114.956825	116.314413	A2	64	76	1	-1
531	115.426308	115.893835	A4	64	86	0	5
532	115.426308	116.218560	E3	64	71	1	-4
533	115.895791	116.253772	A4	64	90	0	5
534	115.895791	116.838669	C#4	64	85	0	2
535	116.255728	116.600015	A4	64	93	0	5
536	116.365274	116.369186	E4	64	45	0	5
537	116.600015	116.834757	B4	64	85	0	2
538	116.834757	118.712689	C#5	64	108	0	4
539	116.834757	118.247118	C#2	64	76	1	-4
540	117.069498	118.282329	G#2	64	70	1	-2
541	117.304240	117.842189	C#3	64	64	1	-2
542	117.538981	118.067150	E3	64	86	1	-4
543	117.773723	118.176696	G#3	64	76	1	-5
544	118.243206	118.323409	G#3	64	68	1	-5
545	118.243206	118.386007	E3	64	68	1	-4
546	118.243206	118.667697	C#3	64	59	1	-2
547	118.712689	119.076538	F#5	64	108	0	4
548	118.712689	119.540153	A3	64	85	1	-4
549	118.712689	119.542109	C#4	64	86	0	2
550	118.712689	120.230684	F#2	64	73	1	-4
551	119.078494	119.414957	F#5	64	104	0	4
552	119.182172	120.156349	C#3	64	55	1	-2
553	119.416913	119.649699	F#5	64	100	0	4
554	119.651655	120.121138	F#5	64	111	0	4
555	119.651655	120.142656	C#4	64	93	0	2
556	119.651655	120.162218	A3	64	83	1	-4
557	119.886396	120.007680	F#3	64	59	1	-2
558	120.121138	120.355879	G#5	64	117	0	1
559	120.355879	120.606270	F#5	64	117	0	4
560	120.590621	121.999070	E5	64	120	0	2
561	120.590621	121.465033	G#3	64	79	1	-5
562	120.590621	121.468945	E3	64	83	1	-4
563	120.590621	122.026456	C#2	64	59	1	-4
564	121.060104	121.957990	G#2	64	60	1	-2
565	121.529587	121.969727	G#3	64	85	1	-5
566	121.529587	121.997114	E3	64	79	1	-4
567	121.999070	122.233811	C#5	64	98	0	4
568	122.233811	122.468553	E5	64	104	0	2
569	122.468553	122.936080	F#5	64	121	0	4
570	122.468553	123.294061	D3	64	74	1	-1
571	122.468553	123.299929	F#3	64	73	1	-2
572	122.468553	124.094138	B1	64	79	1	-1
573	122.938036	124.344529	F#5	64	117	0	4
574	122.938036	124.113700	F#2	64	60	1	-4
575	123.407519	123.955249	D3	64	75	1	-1
576	123.407519	123.968942	F#3	64	74	1	-2
577	123.877002	124.037409	B2	64	13	1	-4
578	124.111743	124.964638	F#3	64	73	1	-2
579	124.111743	125.580834	D2	64	65	1	-3
580	124.346485	124.814012	F#5	64	104	0	4
581	124.346485	125.193510	A3	64	70	1	-4
582	124.815968	125.721679	F#5	64	120	0	4
583	124.815968	126.153994	A2	64	74	1	-1
584	125.285451	125.801882	A3	64	76	1	-4
585	125.285451	125.825356	F#3	64	76	1	-2
586	125.723635	126.224417	F#5	64	112	0	4
587	125.754934	126.173556	D3	64	58	1	-1
588	126.224417	129.980281	E5	64	114	0	2
589	126.224417	127.165339	G#3	64	85	1	-5
590	126.224417	127.179032	B3	64	83	1	-2
591	126.224417	129.641862	E2	64	79	1	-1
592	126.693900	129.804225	B2	64	71	1	-4
593	127.163383	127.681770	E3	64	64	1	-4
594	127.632866	129.755320	B3	64	59	1	-2
595	127.632866	129.847261	G#3	64	63	1	-5
596	127.867607	129.367997	E3	64	59	1	-4
597	128.806573	128.955243	E4	64	69	0	5
598	129.980281	130.213066	C#5	64	77	0	4
599	129.980281	130.796008	C#4	64	70	0	2
600	129.980281	130.819482	E4	64	76	0	5
601	129.980281	133.086693	A2	64	75	1	-1
602	130.215022	130.682549	C#5	64	79	0	4
603	130.449764	132.998665	E3	64	58	1	-4
604	130.684505	130.917291	C#5	64	81	0	4
605	130.919247	131.388730	C#5	64	90	0	4
606	131.388730	131.858213	B4	64	81	0	2
607	131.388730	132.089042	A3	64	33	1	-4
608	131.623471	131.689982	C#4	64	68	0	2
609	131.623471	131.711499	E4	64	75	0	5
610	131.858213	133.254925	A4	64	93	0	5
611	132.327696	132.812828	A3	64	46	1	-4
612	132.797179	133.237319	E4	64	83	0	5
613	132.797179	133.249056	C#4	64	83	0	2
614	133.254925	134.166504	E5	64	86	0	2
615	133.736145	134.375815	E3	64	67	1	-4
616	133.736145	134.375815	G#3	64	74	1	-5
617	133.736145	136.815171	C#2	64	52	1	-4
618	134.166504	137.492009	C#5	64	87	0	4
619	134.205628	137.065562	G#2	64	59	1	-2
620	134.675111	135.471276	E3	64	60	1	-4
621	134.675111	135.520180	G#3	64	65	1	-5
622	135.144594	135.661025	C#3	64	48	1	-2
623	135.614077	136.091385	C#4	64	74	0	2
624	135.614077	136.402417	E3	64	53	1	-4
625	135.614077	136.463059	G#3	64	69	1	-5
626	136.083560	136.572605	C#3	64	48	1	-2
627	136.553043	137.006876	C#4	64	75	0	2
628	136.553043	137.032307	E3	64	64	1	-4
629	136.553043	137.051869	G#3	64	76	1	-5
630	137.022526	137.218144	C#3	64	54	1	-2
631	137.492009	137.771743	A4	64	83	0	5
632	137.492009	138.311648	A3	64	68	1	-4
633	137.492009	138.317517	C#4	64	79	0	2
634	137.492009	140.731442	F#2	64	67	1	-4
635	137.773699	138.429019	A4	64	85	0	5
636	137.961492	140.578860	C#3	64	62	1	-2
637	138.430975	138.898502	A4	64	83	0	5
638	138.430975	139.233008	F#4	64	66	0	2
639	138.430975	139.252570	A3	64	61	1	-4
640	138.430975	139.262351	C#4	64	74	0	2
641	138.900458	139.135199	A4	64	75	0	5
642	138.900458	139.440363	F#3	64	40	1	-2
643	139.135199	139.604682	B4	64	87	0	2
644	139.369941	140.216966	F#4	64	74	0	2
645	139.369941	140.226747	A3	64	61	1	-4
646	139.369941	140.240441	C#4	64	77	0	2
647	139.604682	141.013131	A4	64	86	0	5
648	139.839424	140.334337	F#3	64	52	1	-2
649	140.308907	140.698187	A3	64	67	1	-4
650	140.308907	140.807733	C#4	64	81	0	2
651	140.308907	140.807733	F#4	64	75	0	2
652	140.778390	141.210706	A3	64	69	1	-4
653	141.013131	141.247873	C#4	64	65	0	2
654	141.247873	145.003737	E4	64	85	0	5
655	141.247873	144.457963	C#2	64	63	1	-4
656	141.717356	145.009605	G#2	64	67	1	-2
657	142.186839	143.024084	C#4	64	72	0	2
658	142.186839	143.029952	E3	64	67	1	-4
659	142.186839	143.047558	G#3	64	61	1	-5
660	142.656322	143.313598	C#3	64	49	1	-2
661	143.125805	143.961093	C#4	64	67	0	2
662	143.125805	143.970874	E3	64	63	1	-4
663	143.125805	143.972830	G#3	64	63	1	-5
664	143.595288	144.199747	C#3	64	46	1	-2
665	144.064771	144.573377	C#4	64	87	0	2
666	144.064771	144.589027	G#3	64	90	1	-5
667	144.064771	144.598808	E3	64	85	1	-4
668	144.534254	144.997868	C#3	64	58	1	-2
669	145.003737	145.301076	F#4	64	74	0	2
670	145.003737	145.565160	D4	64	77	0	3
671	145.003737	145.778384	F#3	64	67	1	-2
672	145.003737	145.784252	A3	64	74	1	-4
673	145.003737	148.389883	D2	64	76	1	-3
674	145.238478	145.940747	A4	64	71	0	5
675	145.473220	148.380102	A2	64	59	1	-1
676	145.942703	146.410230	A4	64	77	0	5
677	145.942703	147.959524	F#3	64	65	1	-2
678	145.942703	147.986910	A3	64	72	1	-4
679	146.412186	146.879713	A4	64	58	0	5
680	146.412186	146.875800	D3	64	58	1	-1
681	146.881669	148.288162	A4	64	71	0	5
682	146.881669	147.673921	E4	64	76	0	5
683	147.351152	147.945830	D3	64	58	1	-1
684	147.820635	148.706784	D4	64	83	0	3
685	148.290118	148.524859	A4	64	65	0	5
686	148.290118	148.775250	F#3	64	59	1	-2
687	148.524859	148.759601	B4	64	67	0	2
688	148.759601	150.168050	C#5	64	95	0	4
689	148.759601	149.467738	C#4	64	77	0	2
690	148.759601	149.512730	A2	64	86	1	-1
691	148.759601	149.583152	E4	64	76	0	5
692	149.698567	150.230648	G#2	64	83	1	-2
693	149.698567	150.242385	E4	64	75	0	5
694	149.698567	150.256078	B3	64	76	1	-2
695	150.168050	150.637533	B4	64	87	0	2
696	150.637533	152.045982	A4	64	95	0	5
697	150.637533	151.509989	A3	64	69	1	-4
698	150.637533	151.523682	C#4	64	76	0	2
699	150.637533	152.083149	F#2	64	74	1	-4
700	151.107016	152.085105	C#3	64	62	1	-2
701	151.576499	152.081193	F#4	64	72	0	2
702	151.576499	152.087062	A3	64	65	1	-4
703	151.576499	152.087062	C#4	64	85	0	2
704	152.045982	152.280723	F#4	64	83	0	2
705	152.045982	152.470473	F#3	64	54	1	-2
706	152.280723	152.515465	A4	64	68	0	5
707	152.515465	153.921958	B4	64	100	0	2
708	152.515465	153.350753	D4	64	83	0	3
709	152.515465	153.352710	F#4	64	76	0	2
710	152.515465	154.393397	B2	64	63	1	-4
711	152.984948	154.393397	F#3	64	58	1	-2
712	153.454431	154.258421	D4	64	66	0	3
713	153.454431	154.266245	F#4	64	70	0	2
714	153.923914	154.156699	B4	64	70	0	2
715	154.158655	154.393397	B4	64	81	0	2
716	154.393397	154.862880	C#5	64	98	0	4
717	154.393397	154.436433	B3	64	76	1	-2
718	154.393397	155.244335	G#3	64	72	1	-5
719	154.393397	155.866400	E2	64	71	1	-1
720	154.862880	155.799890	B4	64	98	0	2
721	154.862880	155.864444	B2	64	60	1	-4
722	155.332363	155.854663	B3	64	79	1	-2
723	155.332363	155.864444	G#3	64	85	1	-5
724	155.801846	156.271329	B4	64	75	0	2
725	155.801846	156.259592	E3	64	60	1	-4
726	156.271329	160.027193	A4	64	100	0	5
727	156.271329	157.096837	C#4	64	81	0	2
728	156.271329	157.102705	E4	64	74	0	5
729	156.271329	158.896521	A2	64	81	1	-1
730	156.740812	158.702860	E3	64	63	1	-4
731	157.210295	158.000591	E4	64	81	0	5
732	157.210295	158.012328	C#4	64	79	0	2
733	157.679778	158.440732	A3	64	51	1	-4
734	158.149261	158.696991	E4	64	87	0	5
735	158.149261	158.876960	C#4	64	83	0	2
736	159.088227	159.747459	E4	64	67	0	5
737	159.088227	159.751372	C#4	64	66	0	2
738	159.088227	159.753328	G4	64	63	0	3
739	159.088227	159.845268	A2	64	74	1	-1
740	160.027193	161.036581	A3	64	73	1	-4
741	160.027193	161.101135	F#3	64	62	1	-2
742	160.027193	161.140259	D2	64	75	1	-3
743	160.496676	161.042450	A2	64	61	1	-1
744	160.966159	161.142215	D3	64	60	1	-1
745	161.435642	162.814748	A3	64	68	1	-4
746	161.435642	162.822573	F#3	64	63	1	-2
747	162.139866	163.761539	A2	64	11	1	-1
748	162.609349	162.986892	D3	64	44	1	-1
749	162.844091	163.712634	A3	64	77	1	-4
750	162.844091	163.759583	F#3	64	76	1	-2
751	163.313574	163.718503	D3	64	58	1	-1
752	163.783057	163.863260	D2	64	58	1	-3
753	163.783057	164.502931	A3	64	63	1	-4
754	163.783057	164.551835	F3	64	62	1	-3
755	163.783057	167.243538	A2	64	67	1	-1
756	163.783057	167.243538	D3	64	55	1	-1
757	164.722023	165.293227	A3	64	72	1	-4
758	164.722023	165.481020	F3	64	66	1	-3
759	165.660989	166.449329	F3	64	63	1	-3
760	165.660989	167.212239	F2	64	35	1	-5
761	165.895730	166.572568	A3	64	13	1	-4
762	166.599955	167.182896	A3	64	70	1	-4
763	166.599955	167.220064	F3	64	63	1	-3
764	167.538921	168.385946	C#4	64	62	0	2
765	167.538921	168.417245	G#4	64	73	0	4
766	167.538921	168.608951	A2	64	49	1	-1
767	167.538921	168.626557	A3	64	47	1	-4
768	167.538921	168.632425	E3	64	60	1	-4
769	168.947370	169.416853	A2	64	52	1	-1
770	168.947370	169.416853	E3	64	64	1	-4
771	168.947370	169.416853	A3	64	53	1	-4
772	168.947370	169.416853	C#4	64	61	0	2
773	168.947370	169.416853	G#4	64	72	0	4
774	169.416853	170.303002	A3	64	64	1	-4
775	169.416853	170.310827	C#4	64	74	0	2
776	169.416853	171.294785	F#2	64	72	1	-4
777	169.886336	171.294785	C#3	64	61	1	-2
778	170.355819	171.181327	F#4	64	65	0	2
779	170.355819	171.230231	A3	64	63	1	-4
780	170.355819	171.232187	C#4	64	66	0	2
781	170.825302	171.294785	F#3	64	36	1	-2
782	171.294785	172.096818	D4	64	71	0	3
783	171.294785	172.110512	F#4	64	75	0	2
784	171.294785	172.587819	B2	64	74	1	-4
785	171.764268	172.435237	F#3	64	61	1	-2
786	172.233751	172.859728	F#4	64	75	0	2
787	172.233751	172.883202	D4	64	81	0	3
788	173.172717	174.008005	G#3	64	66	1	-5
789	173.172717	174.011918	B3	64	72	1	-2
790	173.172717	174.954796	E2	64	76	1	-1
791	173.642200	174.974358	B2	64	67	1	-4
792	174.111683	174.917629	B3	64	86	1	-2
793	174.111683	174.939147	G#3	64	77	1	-5
794	174.581166	174.984139	E3	64	53	1	-4
795	175.050649	175.993527	C#4	64	65	0	2
796	175.050649	176.030695	A3	64	50	1	-4
797	175.050649	176.046344	G#4	64	81	0	4
798	175.050649	176.075687	E3	64	60	1	-4
799	175.050649	176.081555	A2	64	49	1	-1
800	176.459098	177.658236	A3	64	51	1	-4
801	176.459098	177.765826	C#4	64	61	0	2
802	176.459098	177.781475	G#4	64	76	0	4
803	176.459098	178.172711	E3	64	60	1	-4
804	176.459098	178.180536	A2	64	63	1	-1
805	177.867547	178.411365	G#4	64	83	0	4
806	177.867547	178.477875	C#4	64	73	0	2
807	178.806513	179.526387	C#4	64	83	0	2
808	178.806513	179.598765	A3	64	61	1	-4
809	178.806513	182.360890	F#2	64	66	1	-4
810	179.275996	182.325679	C#3	64	56	1	-2
811	179.745479	180.017388	A3	64	63	1	-4
812	179.745479	180.017388	C#4	64	64	0	2
813	180.214962	181.564726	C#4	64	77	0	2
814	180.214962	181.572550	A3	64	71	1	-4
815	181.153928	181.689921	F#3	64	13	1	-2
816	181.623411	181.901188	A4	64	76	0	5
817	181.623411	182.270906	C#4	64	76	0	2
818	181.623411	182.296337	A3	64	68	1	-4
819	181.858152	182.100719	G#4	64	83	0	4
820	182.092894	182.349153	E4	64	62	0	5
821	182.327635	182.482174	C#4	64	83	0	2
822	182.562377	183.333112	F#4	64	60	0	2
823	182.562377	183.346805	D4	64	53	0	3
824	182.562377	184.440309	B2	64	61	1	-4
825	183.266601	184.440309	F#3	64	58	1	-2
826	183.501343	184.440309	D4	64	61	0	3
827	183.501343	184.440309	F#4	64	64	0	2
828	183.970826	184.440309	B3	64	51	1	-2
829	184.440309	185.299072	B3	64	72	1	-2
830	184.440309	185.301028	G#3	64	72	1	-5
831	184.440309	185.876144	E2	64	71	1	-1
832	184.909792	185.950479	B2	64	59	1	-4
833	185.379275	185.895706	B3	64	79	1	-2
834	185.379275	185.915268	G#3	64	77	1	-5
835	185.848758	186.296723	E3	64	59	1	-4
836	186.318241	187.879272	E4	64	75	0	5
837	186.318241	188.102276	C#4	64	67	0	2
838	186.318241	189.448128	A2	64	74	1	-1
839	186.787724	189.135139	E3	64	77	1	-4
840	187.257207	187.881228	A4	64	61	0	5
841	187.726690	188.147268	A3	64	45	1	-4
842	187.961431	188.049459	E4	64	11	0	5
843	188.196173	188.683262	A3	64	55	1	-4
844	188.196173	188.925828	A4	64	74	0	5
845	188.196173	188.970820	C#4	64	65	0	2
846	188.196173	188.982557	E4	64	83	0	5
847	188.900397	189.221211	A3	64	53	1	-4
848	189.135139	189.416829	C#4	64	90	0	2
849	189.135139	189.448128	A4	64	83	0	5
850	189.369880	189.896093	G#4	64	108	0	4
851	189.369880	189.919567	E4	64	117	0	5
852	189.369880	189.968471	C#3	64	87	1	-2
853	190.074105	190.306890	F#5	64	114	0	4
854	190.074105	190.827234	A4	64	93	0	5
855	190.074105	190.921130	A3	64	73	1	-4
856	190.074105	190.928955	C#4	64	76	0	2
857	190.074105	191.717295	F#2	64	62	1	-4
858	190.308846	190.776373	F#5	64	117	0	4
859	190.543588	191.648829	C#3	64	66	1	-2
860	190.778329	191.011115	F#5	64	112	0	4
861	191.013071	191.482554	F#5	64	120	0	4
862	191.013071	191.531458	C#4	64	85	0	2
863	191.013071	191.541239	A3	64	76	1	-4
864	191.482554	191.717295	C#5	64	77	0	4
865	191.482554	191.648829	F#3	64	57	1	-2
866	191.717295	193.360486	E5	64	95	0	2
867	191.717295	191.973555	C#4	64	64	0	2
868	191.717295	192.004854	A3	64	58	1	-4
869	191.952037	193.538498	C#2	64	79	1	-4
870	192.186778	193.783021	G#2	64	58	1	-2
871	192.421520	192.908609	C#3	64	59	1	-2
872	192.891003	193.501331	G#3	64	76	1	-5
873	192.891003	193.700861	E3	64	75	1	-4
874	193.360486	193.599140	C#5	64	95	0	4
875	193.360486	193.820188	C#3	64	52	1	-2
876	193.595227	193.837794	B4	64	66	0	2
877	193.829969	194.297496	A4	64	85	0	5
878	193.829969	194.667214	C#4	64	85	0	2
879	193.829969	194.678951	E4	64	87	0	5
880	193.829969	195.459466	A2	64	86	1	-1
881	194.299452	194.766979	A4	64	86	0	5
882	194.299452	195.359701	E3	64	70	1	-4
883	194.768935	195.001720	A4	64	90	0	5
884	194.768935	195.561187	E4	64	95	0	5
885	194.768935	195.592486	C#4	64	85	0	2
886	195.003676	195.473159	A4	64	93	0	5
887	195.238418	195.347964	A3	64	58	1	-4
888	195.473159	195.707901	B4	64	85	0	2
889	195.707901	197.585833	C#5	64	108	0	4
890	195.707901	197.096788	C#2	64	81	1	-4
891	196.177384	197.157430	G#2	64	77	1	-2
892	196.646867	197.151561	G#3	64	73	1	-5
893	196.646867	197.169167	E3	64	70	1	-4
894	197.116350	197.509542	C#3	64	54	1	-2
895	197.585833	197.818618	F#5	64	108	0	4
896	197.585833	199.045143	F#2	64	58	1	-4
897	197.820574	198.288101	F#5	64	104	0	4
898	198.055316	199.023625	C#3	64	67	1	-2
899	198.290057	198.522843	F#5	64	100	0	4
900	198.524799	198.994282	F#5	64	111	0	4
901	198.524799	199.023625	C#4	64	86	0	2
902	198.524799	199.051011	A3	64	75	1	-4
903	198.994282	199.229023	G#5	64	117	0	1
904	198.994282	199.123390	F#3	64	61	1	-2
905	199.229023	199.479414	F#5	64	117	0	4
906	199.229023	200.817441	C#2	64	58	1	-4
907	199.463765	200.872214	E5	64	120	0	2
908	199.463765	200.287316	E3	64	74	1	-4
909	199.463765	200.293185	G#3	64	67	1	-5
910	199.933248	201.253669	G#2	64	60	1	-2
911	200.402731	200.960242	G#3	64	83	1	-5
912	200.402731	201.001322	E3	64	87	1	-4
913	200.872214	201.106955	C#5	64	98	0	4
914	200.872214	201.302573	C#3	64	58	1	-2
915	201.106955	201.341697	E5	64	104	0	2
916	201.341697	201.809224	F#5	64	121	0	4
917	201.341697	202.182854	D3	64	75	1	-1
918	201.341697	202.198503	F#3	64	72	1	-2
919	201.341697	202.581915	B1	64	70	1	-1
920	201.811180	203.217673	F#5	64	117	0	4
921	201.811180	202.644512	F#2	64	62	1	-4
922	202.280663	202.671899	B3	64	64	1	-2
923	202.280663	202.695373	D3	64	63	1	-1
924	202.280663	202.695373	F#3	64	69	1	-2
925	203.219629	203.687156	F#5	64	104	0	4
926	203.219629	204.045137	F#3	64	74	1	-2
927	203.219629	204.051005	A3	64	76	1	-4
928	203.219629	204.680895	D2	64	74	1	-3
929	203.689112	204.628078	F#5	64	120	0	4
930	203.689112	205.017358	A2	64	49	1	-1
931	204.158595	204.673070	A3	64	83	1	-4
932	204.158595	204.676982	F#3	64	83	1	-2
933	204.628078	205.097561	C#5	64	112	0	4
934	204.628078	205.066262	D3	64	59	1	-1
935	205.097561	208.853425	B4	64	114	0	2
936	205.097561	206.879640	G#3	64	85	1	-5
937	205.097561	206.887465	B3	64	86	1	-2
938	205.097561	208.462189	E2	64	81	1	-1
939	205.567044	208.428934	B2	64	71	1	-4
940	206.036527	206.850297	E4	64	76	0	5
941	206.506010	206.983318	E3	64	58	1	-4
942	207.210234	207.589733	E3	64	65	1	-4
943	207.444976	208.082690	G#3	64	67	1	-5
944	207.679717	208.381986	B3	64	62	1	-2
945	207.914459	208.524787	E3	64	76	1	-4
946	208.149200	208.405460	E4	64	70	0	5
947	208.383942	208.712580	G#3	64	83	1	-5
948	208.618683	208.757572	B3	64	67	1	-2
949	208.853425	209.209450	F#5	64	114	0	4
950	208.853425	209.669152	A3	64	74	1	-4
951	208.853425	209.678933	C#4	64	75	0	2
952	208.853425	210.070168	F#2	64	68	1	-4
953	209.211406	209.555693	F#5	64	117	0	4
954	209.322908	209.958666	C#3	64	58	1	-2
955	209.557649	209.790435	F#5	64	112	0	4
956	209.792391	210.261874	F#5	64	120	0	4
957	209.792391	210.187539	F#4	64	76	0	2
958	209.792391	210.197320	C#4	64	93	0	2
959	209.792391	210.209057	A3	64	76	1	-4
960	210.261874	210.496615	C#5	64	77	0	4
961	210.496615	212.139806	E5	64	95	0	2
962	210.731357	211.590120	C#4	64	67	0	2
963	210.731357	211.601857	E3	64	63	1	-4
964	210.731357	211.611638	G#3	64	59	1	-5
965	210.731357	212.176973	C#2	64	69	1	-4
966	211.200840	212.000917	G#2	64	48	1	-2
967	211.670323	212.159368	C#4	64	81	0	2
968	211.670323	212.169149	E3	64	70	1	-4
969	211.670323	212.171105	G#3	64	81	1	-5
970	212.139806	212.378460	C#5	64	95	0	4
971	212.374547	212.617114	B4	64	66	0	2
972	212.609289	213.076816	A4	64	85	0	5
973	212.609289	213.475876	C#4	64	74	0	2
974	212.609289	213.485657	E4	64	77	0	5
975	212.609289	213.966877	A2	64	76	1	-1
976	213.078772	213.546299	A4	64	86	0	5
977	213.078772	213.871024	E3	64	71	1	-4
978	213.548255	213.906236	A4	64	90	0	5
979	213.548255	214.491133	C#4	64	85	0	2
980	213.908192	214.252479	A4	64	93	0	5
981	214.017738	214.021650	E4	64	45	0	5
982	214.252479	214.487221	B4	64	85	0	2
983	214.487221	216.365153	C#5	64	108	0	4
984	214.487221	215.899582	C#2	64	76	1	-4
985	214.721962	215.934793	G#2	64	70	1	-2
986	214.956704	215.494653	C#3	64	64	1	-2
987	215.191445	215.719614	E3	64	86	1	-4
988	215.426187	215.829160	G#3	64	76	1	-5
989	215.895670	215.975873	G#3	64	68	1	-5
990	215.895670	216.038471	E3	64	68	1	-4
991	215.895670	216.320161	C#3	64	59	1	-2
992	216.365153	216.729002	F#5	64	108	0	4
993	216.365153	217.192617	A3	64	85	1	-4
994	216.365153	217.194573	C#4	64	86	0	2
995	216.365153	217.883148	F#2	64	73	1	-4
996	216.730958	217.067421	F#5	64	104	0	4
997	216.834636	217.808813	C#3	64	55	1	-2
998	217.069377	217.302163	F#5	64	100	0	4
999	217.304119	217.773602	F#5	64	111	0	4
1000	217.304119	217.795120	C#4	64	93	0	2
1001	217.304119	217.814682	A3	64	83	1	-4
1002	217.538860	217.660144	F#3	64	59	1	-2
1003	217.773602	218.008343	G#5	64	117	0	1
1004	218.008343	218.258734	F#5	64	117	0	4
1005	218.243085	219.651534	E5	64	120	0	2
1006	218.243085	219.117497	G#3	64	79	1	-5
1007	218.243085	219.121409	E3	64	83	1	-4
1008	218.243085	219.678920	C#2	64	59	1	-4
1009	218.712568	219.610454	G#2	64	60	1	-2
1010	219.182051	219.622191	G#3	64	85	1	-5
1011	219.182051	219.649578	E3	64	79	1	-4
1012	219.651534	219.886275	C#5	64	98	0	4
1013	219.886275	220.121017	E5	64	104	0	2
1014	220.121017	220.588544	F#5	64	121	0	4
1015	220.121017	220.946525	D3	64	74	1	-1
1016	220.121017	220.952393	F#3	64	73	1	-2
1017	220.121017	221.746602	B1	64	79	1	-1
1018	220.590500	221.996993	F#5	64	117	0	4
1019	220.590500	221.766164	F#2	64	60	1	-4
1020	221.059983	221.607713	D3	64	75	1	-1
1021	221.059983	221.621406	F#3	64	74	1	-2
1022	221.529466	221.689873	B2	64	13	1	-4
1023	221.764207	222.617102	F#3	64	73	1	-2
1024	221.764207	223.233298	D2	64	65	1	-3
1025	221.998949	222.466476	F#5	64	104	0	4
1026	221.998949	222.845974	A3	64	70	1	-4
1027	222.468432	223.374143	F#5	64	120	0	4
1028	222.468432	223.806458	A2	64	74	1	-1
1029	222.937915	223.454346	A3	64	76	1	-4
1030	222.937915	223.477820	F#3	64	76	1	-2
1031	223.376099	223.876881	F#5	64	112	0	4
1032	223.407398	223.826020	D3	64	58	1	-1
1033	223.876881	227.632745	E5	64	114	0	2
1034	223.876881	224.817803	G#3	64	85	1	-5
1035	223.876881	224.831496	B3	64	83	1	-2
1036	223.876881	227.294326	E2	64	79	1	-1
1037	224.346364	227.456689	B2	64	71	1	-4
1038	224.815847	225.334234	E3	64	64	1	-4
1039	225.285330	227.407784	B3	64	59	1	-2
1040	225.285330	227.499725	G#3	64	63	1	-5
1041	225.520071	227.020461	E3	64	59	1	-4
1042	226.459037	226.607707	E4	64	69	0	5
1043	227.632745	227.865530	C#5	64	77	0	4
1044	227.632745	228.448472	C#4	64	70	0	2
1045	227.632745	228.471946	E4	64	76	0	5
1046	227.632745	230.739157	A2	64	75	1	-1
1047	227.867486	228.335013	C#5	64	79	0	4
1048	228.102228	230.651129	E3	64	58	1	-4
1049	228.336969	228.569755	C#5	64	81	0	4
1050	228.571711	229.041194	C#5	64	90	0	4
1051	229.041194	229.510677	B4	64	81	0	2
1052	229.041194	229.741506	A3	64	33	1	-4
1053	229.275935	229.342445	C#4	64	68	0	2
1054	229.275935	229.363963	E4	64	75	0	5
1055	229.510677	230.907389	A4	64	93	0	5
1056	229.980160	230.465292	A3	64	46	1	-4
1057	230.449643	230.889783	E4	64	83	0	5
1058	230.449643	230.901520	C#4	64	83	0	2
1059	230.907389	231.818968	E5	64	86	0	2
1060	231.388609	232.028279	E3	64	67	1	-4
1061	231.388609	232.028279	G#3	64	74	1	-5
1062	231.388609	234.467635	C#2	64	52	1	-4
1063	231.818968	235.144473	C#5	64	87	0	4
1064	231.858092	234.718026	G#2	64	59	1	-2
1065	232.327575	233.123740	E3	64	60	1	-4
1066	232.327575	233.172644	G#3	64	65	1	-5
1067	232.797058	233.313489	C#3	64	48	1	-2
1068	233.266541	233.743849	C#4	64	74	0	2
1069	233.266541	234.054881	E3	64	53	1	-4
1070	233.266541	234.115523	G#3	64	69	1	-5
1071	233.736024	234.225069	C#3	64	48	1	-2
1072	234.205507	234.659340	C#4	64	75	0	2
1073	234.205507	234.684771	E3	64	64	1	-4
1074	234.205507	234.704333	G#3	64	76	1	-5
1075	234.674990	234.870608	C#3	64	54	1	-2
1076	235.144473	235.424207	A4	64	83	0	5
1077	235.144473	235.964112	A3	64	68	1	-4
1078	235.144473	235.969981	C#4	64	79	0	2
1079	235.144473	238.383906	F#2	64	67	1	-4
1080	235.426163	236.081483	A4	64	85	0	5
1081	235.613956	238.231324	C#3	64	62	1	-2
1082	236.083439	236.550966	A4	64	83	0	5
1083	236.083439	236.885472	F#4	64	66	0	2
1084	236.083439	236.905034	A3	64	61	1	-4
1085	236.083439	236.914815	C#4	64	74	0	2
1086	236.552922	236.787663	A4	64	75	0	5
1087	236.552922	237.092827	F#3	64	40	1	-2
1088	236.787663	237.257146	B4	64	87	0	2
1089	237.022405	237.869430	F#4	64	74	0	2
1090	237.022405	237.879211	A3	64	61	1	-4
1091	237.022405	237.892905	C#4	64	77	0	2
1092	237.257146	238.665595	A4	64	86	0	5
1093	237.491888	237.986801	F#3	64	52	1	-2
1094	237.961371	238.350651	A3	64	67	1	-4
1095	237.961371	238.460197	C#4	64	81	0	2
1096	237.961371	238.460197	F#4	64	75	0	2
1097	238.430854	238.863170	A3	64	69	1	-4
1098	238.665595	238.900337	C#4	64	65	0	2
1099	238.900337	242.656201	E4	64	85	0	5
1100	238.900337	242.110427	C#2	64	63	1	-4
1101	239.369820	242.662069	G#2	64	67	1	-2
1102	239.839303	240.676548	C#4	64	72	0	2
1103	239.839303	240.682416	E3	64	67	1	-4
1104	239.839303	240.700022	G#3	64	61	1	-5
1105	240.308786	240.966062	C#3	64	49	1	-2
1106	240.778269	241.613557	C#4	64	67	0	2
1107	240.778269	241.623338	E3	64	63	1	-4
1108	240.778269	241.625294	G#3	64	63	1	-5
1109	241.247752	241.852211	C#3	64	46	1	-2
1110	241.717235	242.225841	C#4	64	87	0	2
1111	241.717235	242.241491	G#3	64	90	1	-5
1112	241.717235	242.251272	E3	64	85	1	-4
1113	242.186718	242.650332	C#3	64	58	1	-2
1114	242.656201	242.953540	F#4	64	74	0	2
1115	242.656201	243.217624	D4	64	77	0	3
1116	242.656201	243.430848	F#3	64	67	1	-2
1117	242.656201	243.436716	A3	64	74	1	-4
1118	242.656201	246.042347	D2	64	76	1	-3
1119	242.890942	243.593211	A4	64	71	0	5
1120	243.125684	246.032566	A2	64	59	1	-1
1121	243.595167	244.062694	A4	64	77	0	5
1122	243.595167	245.611988	F#3	64	65	1	-2
1123	243.595167	245.639374	A3	64	72	1	-4
1124	244.064650	244.532177	A4	64	58	0	5
1125	244.064650	244.528264	D3	64	58	1	-1
1126	244.534133	246.412065	A4	64	71	0	5
1127	244.534133	245.326385	E4	64	76	0	5
1128	245.003616	245.598294	D3	64	58	1	-1
1129	245.473099	246.359248	D4	64	83	0	3
1130	245.942582	246.427714	F#3	64	59	1	-2
1131	246.412065	247.820514	C#5	64	95	0	4
1132	246.412065	247.120202	C#4	64	77	0	2
1133	246.412065	247.165194	A2	64	86	1	-1
1134	246.412065	247.235616	E4	64	76	0	5
1135	247.351031	247.883112	G#2	64	83	1	-2
1136	247.351031	247.894849	E4	64	75	0	5
1137	247.351031	247.908542	B3	64	76	1	-2
1138	247.820514	248.289997	B4	64	87	0	2
1139	248.289997	249.698446	A4	64	95	0	5
1140	248.289997	249.162453	A3	64	69	1	-4
1141	248.289997	249.176146	C#4	64	76	0	2
1142	248.289997	249.735613	F#2	64	74	1	-4
1143	248.759480	249.737569	C#3	64	62	1	-2
1144	249.228963	249.733657	F#4	64	72	0	2
1145	249.228963	249.739526	A3	64	65	1	-4
1146	249.228963	249.739526	C#4	64	85	0	2
1147	249.698446	249.933187	F#4	64	83	0	2
1148	249.698446	250.122937	F#3	64	54	1	-2
1149	249.933187	250.167929	A4	64	68	0	5
1150	250.167929	251.574422	B4	64	100	0	2
1151	250.167929	251.003217	D4	64	83	0	3
1152	250.167929	251.005174	F#4	64	76	0	2
1153	250.167929	252.045861	B2	64	63	1	-4
1154	250.637412	252.045861	F#3	64	58	1	-2
1155	251.106895	251.910885	D4	64	66	0	3
1156	251.106895	251.918709	F#4	64	70	0	2
1157	251.576378	251.809163	B4	64	70	0	2
1158	251.811119	252.045861	B4	64	81	0	2
1159	252.045861	252.515344	C#5	64	98	0	4
1160	252.045861	252.088897	B3	64	76	1	-2
1161	252.045861	252.896799	G#3	64	72	1	-5
1162	252.045861	253.518864	E2	64	71	1	-1
1163	252.515344	253.452354	B4	64	98	0	2
1164	252.515344	253.516908	B2	64	60	1	-4
1165	252.984827	253.507127	B3	64	79	1	-2
1166	252.984827	253.516908	G#3	64	85	1	-5
1167	253.454310	253.923793	B4	64	75	0	2
1168	253.454310	253.912056	E3	64	60	1	-4
1169	253.923793	257.679657	A4	64	100	0	5
1170	253.923793	254.749301	C#4	64	81	0	2
1171	253.923793	254.755169	E4	64	74	0	5
1172	253.923793	256.548985	A2	64	81	1	-1
1173	254.393276	256.355324	E3	64	63	1	-4
1174	254.862759	255.653055	E4	64	81	0	5
1175	254.862759	255.664792	C#4	64	79	0	2
1176	255.332242	256.093196	A3	64	51	1	-4
1177	255.801725	256.349455	E4	64	87	0	5
1178	255.801725	256.529424	C#4	64	83	0	2
1179	256.740691	257.282553	A3	64	62	1	-4
1180	256.740691	257.288421	C#4	64	65	0	2
1181	256.740691	257.288421	E4	64	64	0	5
1182	256.740691	257.339282	A2	64	83	1	-1
1183	257.679657	258.528639	E4	64	62	0	5
1184	257.679657	258.540376	C#5	64	65	0	4
1185	257.679657	258.548200	G#4	64	61	0	4
1186	257.679657	259.792330	C#4	64	60	0	2
1187	257.679657	260.973863	G#3	64	59	1	-5
1188	257.679657	261.052110	C#3	64	58	1	-2
1189	258.618623	259.455868	C#5	64	68	0	4
1190	258.618623	259.491079	G#4	64	75	0	4
1191	258.618623	259.498904	E4	64	62	0	5
1192	259.557589	260.408527	C#5	64	71	0	4
1193	259.557589	260.416352	E4	64	66	0	5
1194	259.557589	260.428089	G#4	64	75	0	4
1195	260.027072	260.737165	C#4	64	55	0	2
1196	260.496555	261.410091	C#5	64	70	0	4
1197	260.496555	261.435521	G#4	64	81	0	4
1198	260.496555	261.447258	E4	64	67	0	5
1199	261.435521	262.262985	F#3	64	62	1	-2
1200	261.435521	262.272766	D4	64	74	0	3
1201	261.435521	262.294284	A3	64	63	1	-4
1202	261.435521	262.908524	D2	64	73	1	-3
1203	261.905004	263.274329	A2	64	75	1	-1
1204	262.374487	262.875269	D4	64	74	0	3
1205	262.374487	262.879181	F#3	64	65	1	-2
1206	262.374487	262.887006	A3	64	73	1	-4
1207	262.843970	263.229337	D3	64	47	1	-1
1208	263.313453	266.085359	G#3	64	61	1	-5
1209	263.313453	266.091227	B3	64	71	1	-2
1210	263.313453	266.091227	E4	64	74	0	5
1211	263.313453	266.146000	E2	64	70	1	-1
1212	263.782936	266.026673	B2	64	59	1	-4
1213	264.487160	266.130351	E3	64	55	1	-4
1214	266.130351	270.719547	A2	64	85	1	-1
1215	266.365092	270.870173	A4	64	60	0	5
1216	266.365092	270.889735	E4	64	63	0	5
1217	266.365092	270.893647	C#4	64	60	0	2
1218	266.834575	270.860392	E3	64	50	1	-4
1219	267.304058	270.735197	A3	64	42	1	-4
