//Version: PianoFingering_v170101
0	6.317926	6.847817	C5	64	90	0	3
1	6.317926	6.877708	G4	64	79	0	3
2	6.317926	8.926618	E3	64	74	1	-4
3	6.317926	9.578791	A3	64	60	1	-4
4	6.317926	10.883137	A2	64	59	1	-1
5	6.970099	7.264935	B4	64	86	0	2
6	7.296185	7.476892	C5	64	77	0	3
7	7.622272	7.798902	D5	64	93	0	5
8	7.948358	8.332869	A4	64	73	0	5
9	8.274445	8.614118	E4	64	72	0	5
10	8.600531	9.438845	C5	64	75	0	3
11	9.252704	9.699715	E3	64	63	1	-4
12	9.578791	9.898084	G3	64	70	1	-1
13	9.904877	11.343734	C4	64	75	0	1
14	10.557050	11.062485	C5	64	68	0	3
15	10.557050	11.065202	G4	64	65	0	3
16	11.535310	12.096450	C5	64	98	0	3
17	11.535310	15.702424	G3	64	70	1	-1
18	11.535310	15.876336	C3	64	74	1	-3
19	12.187483	12.358678	B4	64	83	0	2
20	12.513569	12.623624	C5	64	59	0	3
21	12.839656	13.171177	D5	64	90	0	5
22	13.165742	13.460579	A4	64	68	0	5
23	13.491829	13.919817	E4	64	79	0	5
24	13.817915	14.808403	G5	64	117	0	5
25	14.470088	15.724163	D4	64	64	0	3
26	15.122261	16.441553	E4	64	67	0	5
27	16.752694	17.282585	C5	64	90	0	3
28	16.752694	17.312476	G4	64	79	0	3
29	16.752694	19.361386	E3	64	74	1	-4
30	16.752694	20.013559	A3	64	60	1	-4
31	16.752694	21.317905	A2	64	59	1	-1
32	17.404867	17.699703	B4	64	86	0	2
33	17.730953	17.911660	C5	64	77	0	3
34	18.057040	18.233670	D5	64	93	0	5
35	18.383126	18.767637	A4	64	73	0	5
36	18.709213	19.048886	E4	64	72	0	5
37	19.035299	19.873613	C5	64	75	0	3
38	19.687472	20.134483	E3	64	63	1	-4
39	20.013559	20.332852	G3	64	70	1	-1
40	20.339645	21.778502	C4	64	75	0	1
41	20.991818	21.497253	C5	64	68	0	3
42	20.991818	21.499970	G4	64	65	0	3
43	21.970078	22.531218	C5	64	98	0	3
44	21.970078	26.137192	G3	64	70	1	-1
45	21.970078	26.311104	A2	64	74	1	-1
46	22.622251	22.793446	B4	64	83	0	2
47	22.948337	23.058392	C5	64	59	0	3
48	23.274424	23.605945	D5	64	90	0	5
49	23.600510	23.895347	A4	64	68	0	5
50	23.926597	24.354585	E4	64	79	0	5
51	24.252683	25.243171	G5	64	117	0	5
52	24.904856	26.158931	D4	64	64	0	3
53	25.557029	26.535289	E4	64	67	0	5
54	26.535289	26.861375	E4	64	85	0	5
55	26.861375	27.187462	A4	64	87	0	5
56	27.187462	30.122240	G4	64	100	0	3
57	27.187462	27.876320	C3	64	93	1	-3
58	27.513548	27.578766	C4	64	62	0	1
59	27.513548	27.578766	G4	64	76	0	3
60	27.513548	27.596429	E4	64	83	0	5
61	28.165721	28.230939	C4	64	67	0	1
62	28.165721	28.237732	G4	64	74	0	3
63	28.165721	28.243167	E4	64	74	0	5
64	28.165721	28.292080	G2	64	76	1	-3
65	28.491808	29.167079	G2	64	81	1	-3
66	28.817894	28.888547	G4	64	75	0	3
67	28.817894	28.896699	C4	64	68	0	1
68	28.817894	28.899416	E4	64	79	0	5
69	29.470067	29.547513	G4	64	83	0	3
70	29.470067	29.548872	C4	64	72	0	1
71	29.470067	29.552948	E4	64	85	0	5
72	29.470067	29.592350	G2	64	77	1	-3
73	29.796154	30.485012	C3	64	98	1	-3
74	30.122240	30.446968	E4	64	83	0	5
75	30.122240	30.191534	C4	64	67	0	1
76	30.122240	30.201045	G4	64	85	0	3
77	30.122240	30.206479	E4	64	77	0	5
78	30.448327	30.774413	E4	64	81	0	5
79	30.774413	31.100500	G4	64	74	0	3
80	30.774413	30.846424	G4	64	86	0	3
81	30.774413	30.853218	C4	64	69	0	1
82	30.774413	30.855935	E4	64	79	0	5
83	30.774413	30.889902	G2	64	87	1	-3
84	31.100500	31.426586	C5	64	76	0	3
85	31.426586	31.752673	B4	64	75	0	2
86	31.426586	31.501315	G4	64	76	0	3
87	31.426586	31.510825	E4	64	74	0	5
88	31.426586	31.512184	C4	64	70	0	1
89	31.426586	31.618162	G2	64	75	1	-3
90	31.752673	32.078759	A4	64	65	0	5
91	31.752673	32.119520	C3	64	112	1	-3
92	32.078759	32.404846	G4	64	74	0	3
93	32.078759	32.169792	C4	64	69	0	1
94	32.078759	32.169792	E4	64	76	0	5
95	32.078759	32.169792	G4	64	83	0	3
96	32.078759	32.209194	B2	64	77	1	-4
97	32.404846	33.057019	A4	64	81	0	5
98	32.404846	33.054302	A2	64	77	1	-1
99	32.730932	32.771693	G4	64	63	0	3
100	32.730932	32.783921	A4	64	56	0	5
101	32.730932	32.802943	C5	64	67	0	3
102	32.730932	32.820606	E4	64	67	0	5
103	33.057019	33.383105	G4	64	90	0	3
104	33.383105	34.361365	A4	64	98	0	5
105	33.383105	33.451040	C5	64	71	0	3
106	33.383105	33.464627	E4	64	73	0	5
107	33.383105	33.471421	A4	64	73	0	5
108	33.383105	33.497236	E2	64	75	1	-1
109	33.709192	34.342343	E2	64	79	1	-1
110	34.035278	34.084191	C5	64	60	0	3
111	34.035278	34.119517	A4	64	73	0	5
112	34.035278	34.120876	E4	64	72	0	5
113	34.361365	34.687451	G4	64	93	0	3
114	34.687451	36.968698	E4	64	77	0	5
115	34.687451	34.762180	C5	64	81	0	3
116	34.687451	34.764897	E4	64	74	0	5
117	34.687451	34.775767	A4	64	76	0	5
118	34.687451	34.827397	E2	64	76	1	-1
119	35.013538	35.824678	A2	64	77	1	-1
120	35.339624	35.404842	C5	64	81	0	3
121	35.339624	35.412994	E4	64	77	0	5
122	35.339624	35.417070	A4	64	76	0	5
123	35.991797	36.067884	C5	64	75	0	3
124	35.991797	36.076036	E4	64	74	0	5
125	35.991797	36.082830	A4	64	76	0	5
126	35.991797	36.104569	E2	64	77	1	-1
127	36.317884	36.967340	E2	64	77	1	-1
128	36.643970	36.721416	C5	64	83	0	3
129	36.643970	36.732286	E4	64	81	0	5
130	36.643970	36.740438	A4	64	81	0	5
131	36.970057	37.296143	E4	64	90	0	5
132	36.970057	37.313806	A2	64	77	1	-1
133	37.296143	37.622230	A4	64	98	0	5
134	37.296143	37.384459	C5	64	83	0	3
135	37.296143	37.392611	A4	64	83	0	5
136	37.296143	37.393969	E4	64	83	0	5
137	37.296143	37.437448	E3	64	68	1	-4
138	37.622230	40.557008	G4	64	98	0	3
139	37.622230	38.315164	C3	64	74	1	-3
140	37.948316	38.017610	G4	64	87	0	3
141	37.948316	38.029838	C4	64	71	0	1
142	37.948316	38.033914	E4	64	86	0	5
143	38.600489	38.675218	C4	64	66	0	1
144	38.600489	38.675218	G4	64	95	0	3
145	38.600489	38.677935	E4	64	81	0	5
146	38.600489	38.717337	G2	64	81	1	-3
147	38.926576	39.611358	G2	64	76	1	-3
148	39.252662	39.312445	G4	64	95	0	3
149	39.252662	39.324673	C4	64	74	0	1
150	39.252662	39.332825	E4	64	87	0	5
151	39.904835	39.984998	G4	64	95	0	3
152	39.904835	39.989074	E4	64	83	0	5
153	39.904835	40.009455	C4	64	74	0	1
154	39.904835	40.050216	G2	64	76	1	-3
155	40.230922	40.953747	C3	64	98	1	-3
156	40.557008	40.881736	E4	64	83	0	5
157	40.557008	40.631737	G4	64	95	0	3
158	40.557008	40.635813	E4	64	85	0	5
159	40.557008	40.639889	C4	64	71	0	1
160	40.883095	41.209181	E4	64	95	0	5
161	41.209181	41.535268	G4	64	90	0	3
162	41.209181	41.273040	G4	64	93	0	3
163	41.209181	41.285268	E4	64	85	0	5
164	41.209181	41.296138	C4	64	81	0	1
165	41.209181	41.312442	G2	64	79	1	-3
166	41.535268	41.861354	C5	64	85	0	3
167	41.535268	42.017604	G2	64	85	1	-3
168	41.861354	42.187441	B4	64	86	0	2
169	41.861354	41.926572	G4	64	95	0	3
170	41.861354	41.940159	E4	64	87	0	5
171	41.861354	41.956463	C4	64	81	0	1
172	42.187441	42.513527	A4	64	87	0	5
173	42.187441	42.403473	C3	64	98	1	-3
174	42.513527	42.839614	G4	64	90	0	3
175	42.513527	42.593690	G4	64	95	0	3
176	42.513527	42.600484	E4	64	86	0	5
177	42.513527	42.614071	C4	64	74	0	1
178	42.513527	42.690158	D3	64	77	1	-1
179	42.839614	43.491787	A4	64	98	0	5
180	42.839614	43.513526	A2	64	95	1	-1
181	43.165700	43.245863	E5	64	68	0	2
182	43.165700	43.252657	C5	64	74	0	3
183	43.165700	43.256733	A4	64	69	0	5
184	43.491787	43.817873	G4	64	100	0	3
185	43.491787	43.523037	A4	64	51	0	5
186	43.817873	44.796133	A4	64	108	0	5
187	43.817873	43.889884	E5	64	83	0	2
188	43.817873	43.896678	C5	64	75	0	3
189	43.817873	43.902112	A4	64	74	0	5
190	43.817873	43.936080	E2	64	60	1	-1
191	44.143960	44.680644	E2	64	86	1	-1
192	44.470046	44.539340	E5	64	74	0	2
193	44.470046	44.551568	C5	64	79	0	3
194	44.470046	44.558362	A4	64	72	0	5
195	44.796133	45.122219	G4	64	111	0	3
196	45.122219	45.446947	C5	64	71	0	3
197	45.122219	45.190154	E5	64	90	0	2
198	45.122219	45.203741	C5	64	85	0	3
199	45.122219	45.209176	A4	64	81	0	5
200	45.122219	45.241784	E3	64	86	1	-4
201	45.448306	45.774392	C5	64	108	0	3
202	45.448306	46.358631	A3	64	93	1	-4
203	45.774392	47.404825	A4	64	83	0	5
204	45.774392	45.923849	E5	64	87	0	2
205	45.774392	45.937436	C5	64	81	0	3
206	45.774392	45.953740	A4	64	83	0	5
207	46.426565	46.523033	A3	64	79	1	-4
208	46.426565	46.915695	E5	64	87	0	2
209	46.426565	46.922489	C5	64	79	0	3
210	46.426565	46.944228	A4	64	81	0	5
211	47.078738	47.138521	E5	64	90	0	2
212	47.078738	47.150749	A4	64	86	0	5
213	47.078738	47.150749	C5	64	86	0	3
214	47.078738	47.402108	A3	64	87	1	-4
215	47.404825	47.730911	D5	64	114	0	5
216	47.404825	47.570586	G3	64	65	1	-1
217	47.730911	48.056998	C5	64	81	0	3
218	47.730911	47.819227	E5	64	76	0	2
219	47.730911	47.835531	C5	64	86	0	3
220	47.730911	47.845042	A4	64	86	0	5
221	47.730911	47.851835	F3	64	79	1	-3
222	48.056998	48.381726	D5	64	111	0	5
223	48.056998	48.773030	D3	64	93	1	-1
224	48.383084	50.012158	D5	64	112	0	5
225	48.383084	48.452378	A4	64	85	0	5
226	48.383084	48.459171	F4	64	85	0	1
227	48.383084	48.471400	D4	64	79	0	3
228	49.035257	49.096399	A4	64	79	0	5
229	49.035257	49.115420	D4	64	75	0	3
230	49.035257	49.116779	F4	64	85	0	1
231	49.035257	49.153464	A2	64	95	1	-1
232	49.361344	50.103191	A2	64	76	1	-1
233	49.687430	49.751289	A4	64	85	0	5
234	49.687430	49.763517	F4	64	86	0	1
235	49.687430	49.766235	D4	64	79	0	3
236	50.013517	50.339603	D5	64	104	0	5
237	50.339603	50.665690	C5	64	85	0	3
238	50.339603	50.411614	A4	64	87	0	5
239	50.339603	50.419766	D4	64	79	0	3
240	50.339603	50.423842	F4	64	90	0	1
241	50.339603	50.529821	A2	64	69	1	-1
242	50.665690	50.990418	D5	64	112	0	5
243	50.665690	51.434711	D3	64	100	1	-1
244	50.991776	52.622209	D5	64	112	0	5
245	50.991776	51.055635	A4	64	93	0	5
246	50.991776	51.069222	F4	64	85	0	1
247	50.991776	51.070581	D4	64	81	0	3
248	51.643949	51.713243	A4	64	95	0	5
249	51.643949	51.725471	F4	64	95	0	1
250	51.643949	51.728188	D4	64	79	0	3
251	51.643949	51.768949	A2	64	74	1	-1
252	51.970036	52.662970	A2	64	79	1	-1
253	52.296122	52.373568	F4	64	86	0	1
254	52.296122	52.373568	A4	64	87	0	5
255	52.296122	52.384438	D4	64	74	0	3
256	52.622209	52.948295	A4	64	85	0	5
257	52.622209	53.052915	D3	64	90	1	-1
258	52.948295	53.274382	B4	64	76	0	2
259	52.948295	53.031176	A4	64	90	0	5
260	52.948295	53.040687	F4	64	90	0	1
261	52.948295	53.047480	D4	64	79	0	3
262	53.274382	53.599110	C5	64	81	0	3
263	53.274382	54.002642	A3	64	85	1	-4
264	53.600468	54.251283	C5	64	87	0	3
265	53.600468	53.677914	E4	64	73	0	5
266	53.600468	53.680631	C5	64	74	0	3
267	53.600468	53.688784	A4	64	73	0	5
268	54.252641	54.578728	C5	64	86	0	3
269	54.252641	54.317859	C5	64	86	0	3
270	54.252641	54.327370	E4	64	81	0	5
271	54.252641	54.334163	A4	64	77	0	5
272	54.252641	54.365413	E3	64	90	1	-4
273	54.578728	54.933347	D5	64	95	0	5
274	54.578728	55.296118	E3	64	83	1	-4
275	54.904814	55.556987	C5	64	81	0	3
276	54.904814	54.959162	C5	64	69	0	3
277	54.904814	54.983619	A4	64	75	0	5
278	54.904814	54.993130	E4	64	79	0	5
279	55.556987	55.883074	A4	64	75	0	5
280	55.556987	55.615411	C5	64	79	0	3
281	55.556987	55.637150	A4	64	77	0	5
282	55.556987	55.639868	E4	64	83	0	5
283	55.556987	55.699650	E3	64	77	1	-4
284	55.883074	57.839593	B4	64	100	0	2
285	55.883074	56.729540	E3	64	86	1	-4
286	55.883074	57.880354	G#4	64	75	0	4
287	55.883074	57.889865	B4	64	81	0	2
288	55.883074	57.914321	E4	64	83	0	5
289	56.861333	56.978181	B2	64	73	1	-4
290	57.187420	57.535246	B2	64	87	1	-4
291	57.513506	58.285244	E3	64	87	1	-4
292	57.839593	58.165679	D5	64	108	0	5
293	58.165679	58.491766	C5	64	83	0	3
294	58.491766	58.816494	D5	64	111	0	5
295	58.491766	59.199645	D3	64	93	1	-1
296	58.817852	60.122198	D5	64	108	0	5
297	58.817852	58.885787	A4	64	74	0	5
298	58.817852	58.888505	D4	64	72	0	3
299	58.817852	58.904809	F4	64	85	0	1
300	59.470025	59.547471	A4	64	85	0	5
301	59.470025	59.559699	D4	64	81	0	3
302	59.470025	59.563775	F4	64	90	0	1
303	59.470025	59.590949	A2	64	68	1	-1
304	59.796112	59.834155	F4	64	58	0	1
305	59.796112	60.597741	A2	64	81	1	-1
306	60.122198	60.448285	A4	64	77	0	5
307	60.122198	60.199644	A4	64	86	0	5
308	60.122198	60.205079	D4	64	75	0	3
309	60.122198	60.213231	F4	64	87	0	1
310	60.448285	60.774371	C5	64	74	0	3
311	60.774371	61.100458	D5	64	85	0	5
312	60.774371	60.851817	A4	64	86	0	5
313	60.774371	60.861328	D4	64	77	0	3
314	60.774371	60.868121	F4	64	87	0	1
315	60.774371	60.914317	A2	64	68	1	-1
316	61.100458	61.426544	E5	64	83	0	2
317	61.100458	61.835511	D3	64	108	1	-1
318	61.426544	63.056977	D5	64	108	0	5
319	61.426544	61.491762	A4	64	86	0	5
320	61.426544	61.506707	D4	64	79	0	3
321	61.426544	61.506707	F4	64	90	0	1
322	62.078717	62.154804	A4	64	90	0	5
323	62.078717	62.161598	F4	64	90	0	1
324	62.078717	62.162956	D4	64	76	0	3
325	62.078717	62.201000	A2	64	93	1	-1
326	62.404804	62.983607	A2	64	81	1	-1
327	62.730890	62.813771	A4	64	87	0	5
328	62.730890	62.817847	F4	64	81	0	1
329	62.730890	62.820564	D4	64	73	0	3
330	63.056977	63.383063	C5	64	86	0	3
331	63.056977	63.472737	D3	64	117	1	-1
332	63.383063	63.709150	D5	64	77	0	5
333	63.383063	63.467302	D4	64	73	0	3
334	63.383063	63.470020	F4	64	87	0	1
335	63.383063	63.475455	A4	64	86	0	5
336	63.709150	64.033878	E5	64	95	0	2
337	63.709150	63.778443	E4	64	67	0	5
338	63.709150	63.789313	G#4	64	71	0	4
339	63.709150	63.789313	B4	64	79	0	2
340	63.709150	63.804259	E3	64	95	1	-4
341	64.035236	64.359964	E5	64	81	0	2
342	64.035236	64.116758	E4	64	74	0	5
343	64.035236	64.120834	B4	64	86	0	2
344	64.035236	64.130345	G#4	64	77	0	4
345	64.035236	64.139856	E3	64	98	1	-4
346	64.361323	64.686051	E5	64	95	0	2
347	64.361323	64.441486	E4	64	72	0	5
348	64.361323	64.441486	B4	64	83	0	2
349	64.361323	64.455073	G#4	64	77	0	4
350	64.361323	64.468660	E3	64	95	1	-4
351	64.687409	65.013496	E5	64	85	0	2
352	64.687409	64.762138	E4	64	68	0	5
353	64.687409	64.771648	B4	64	83	0	2
354	64.687409	64.783877	G#4	64	76	0	4
355	64.687409	64.806974	E3	64	100	1	-4
356	65.013496	65.665669	G5	64	104	0	5
357	65.013496	65.090941	E4	64	68	0	5
358	65.013496	65.093659	B4	64	85	0	2
359	65.013496	65.107246	G#4	64	76	0	4
360	65.013496	65.120833	E3	64	98	1	-4
361	65.339582	65.417028	E4	64	69	0	5
362	65.339582	65.421104	B4	64	83	0	2
363	65.339582	65.430615	G#4	64	77	0	4
364	65.339582	65.445561	E3	64	104	1	-4
365	65.665669	65.991755	D5	64	95	0	5
366	65.665669	65.737680	E4	64	71	0	5
367	65.665669	65.743114	B4	64	85	0	2
368	65.665669	65.756701	G#4	64	76	0	4
369	65.665669	65.777082	E3	64	104	1	-4
370	65.991755	66.970015	E5	64	114	0	2
371	65.991755	66.062408	E4	64	69	0	5
372	65.991755	66.069201	B4	64	85	0	2
373	65.991755	66.077353	G#4	64	75	0	4
374	65.991755	66.097734	E3	64	104	1	-4
375	66.317842	68.139850	B4	64	104	0	2
376	66.317842	68.143926	E4	64	93	0	5
377	66.317842	68.148002	G#4	64	98	0	4
378	66.317842	68.677893	E3	64	114	1	-4
379	66.970015	67.296101	E4	64	95	0	5
380	67.296101	67.622188	G4	64	76	0	3
381	67.622188	67.948274	C5	64	104	0	3
382	67.948274	68.274361	B4	64	83	0	2
383	68.274361	68.600447	A4	64	77	0	5
384	68.274361	68.717295	E4	64	72	0	5
385	68.274361	68.730882	B4	64	69	0	2
386	68.274361	68.736317	G#4	64	69	0	4
387	68.600447	68.926534	G4	64	86	0	3
388	68.926534	72.187399	A4	64	104	0	5
389	68.926534	69.623544	A2	64	69	1	-1
390	68.926534	69.623544	A3	64	69	1	-4
391	69.252620	69.319196	E5	64	81	0	2
392	69.252620	69.327349	A4	64	79	0	5
393	69.252620	69.328707	C5	64	86	0	3
394	69.904793	69.986315	A4	64	74	0	5
395	69.904793	69.990391	E5	64	76	0	2
396	69.904793	69.993109	C5	64	79	0	3
397	69.904793	70.033869	E2	64	85	1	-1
398	69.904793	70.033869	E3	64	85	1	-4
399	70.230880	70.926531	E2	64	83	1	-1
400	70.230880	70.926531	E3	64	83	1	-4
401	70.556966	70.626260	E5	64	81	0	2
402	70.556966	70.635771	C5	64	85	0	3
403	70.556966	70.642564	A4	64	81	0	5
404	71.209139	71.340933	E2	64	81	1	-1
405	71.209139	71.340933	E3	64	81	1	-4
406	71.209139	71.495824	E5	64	83	0	2
407	71.209139	71.510769	C5	64	87	0	3
408	71.209139	71.512128	A4	64	87	0	5
409	71.535226	72.323268	A2	64	98	1	-1
410	71.535226	72.323268	A3	64	98	1	-4
411	71.861312	71.926530	E5	64	77	0	2
412	71.861312	71.940117	C5	64	81	0	3
413	71.861312	71.948269	A4	64	83	0	5
414	72.187399	72.513485	E4	64	95	0	5
415	72.513485	72.839572	G4	64	93	0	3
416	72.513485	72.586855	E5	64	93	0	2
417	72.513485	72.599083	A4	64	86	0	5
418	72.513485	72.600442	C5	64	90	0	3
419	72.513485	72.633050	E2	64	86	1	-1
420	72.513485	72.633050	E3	64	86	1	-4
421	72.839572	73.165658	C5	64	93	0	3
422	72.839572	73.501256	E2	64	85	1	-1
423	72.839572	73.501256	E3	64	85	1	-4
424	73.165658	73.491745	B4	64	98	0	2
425	73.165658	73.249897	E5	64	90	0	2
426	73.165658	73.260767	C5	64	93	0	3
427	73.165658	73.271637	A4	64	90	0	5
428	73.491745	73.817831	A4	64	93	0	5
429	73.491745	73.832777	A2	64	90	1	-1
430	73.491745	73.832777	A3	64	90	1	-4
431	73.817831	74.143918	G4	64	83	0	3
432	73.817831	73.906147	E5	64	87	0	2
433	73.817831	73.915657	A4	64	85	0	5
434	73.817831	73.917016	C5	64	86	0	3
435	73.817831	73.948266	E2	64	72	1	-1
436	73.817831	73.948266	E3	64	72	1	-4
437	74.143918	77.403424	E4	64	95	0	5
438	74.143918	74.873536	C3	64	111	1	-3
439	74.470004	74.536580	G4	64	100	0	3
440	74.470004	74.544733	C4	64	83	0	1
441	74.470004	74.551526	E4	64	90	0	5
442	75.122177	75.194188	G4	64	98	0	3
443	75.122177	75.199623	C4	64	81	0	1
444	75.122177	75.206416	E4	64	98	0	5
445	75.122177	75.252612	G2	64	85	1	-3
446	75.448264	76.124893	G2	64	85	1	-3
447	75.774350	75.832774	G4	64	93	0	3
448	75.774350	75.843644	C4	64	69	0	1
449	75.774350	75.857231	E4	64	93	0	5
450	76.426523	76.551523	G4	64	98	0	3
451	76.426523	76.588208	E4	64	95	0	5
452	76.426523	76.595001	C4	64	85	0	1
453	76.426523	76.616741	G2	64	83	1	-3
454	76.752610	77.603152	C3	64	108	1	-3
455	77.078696	77.153425	G4	64	86	0	3
456	77.078696	77.158859	C4	64	72	0	1
457	77.078696	77.164294	E4	64	85	0	5
458	77.404783	77.730869	E4	64	86	0	5
459	77.730869	78.056956	G4	64	81	0	3
460	77.730869	77.798804	G4	64	104	0	3
461	77.730869	77.808315	E4	64	108	0	5
462	77.730869	77.811032	C4	64	93	0	1
463	77.730869	77.861304	G2	64	93	1	-3
464	78.056956	78.383042	C5	64	95	0	3
465	78.056956	78.707770	G2	64	81	1	-3
466	78.383042	78.709129	B4	64	85	0	2
467	78.383042	78.459129	G4	64	100	0	3
468	78.383042	78.464564	E4	64	98	0	5
469	78.383042	78.474075	C4	64	87	0	1
470	78.709129	79.035215	A4	64	81	0	5
471	78.709129	79.434671	C3	64	95	1	-3
472	79.035215	79.361302	G4	64	79	0	3
473	79.035215	79.126248	G4	64	100	0	3
474	79.035215	79.135759	C4	64	85	0	1
475	79.035215	79.143911	E4	64	98	0	5
476	79.361302	82.622167	A4	64	104	0	5
477	79.361302	80.058312	A2	64	98	1	-1
478	79.687388	79.763475	E4	64	74	0	5
479	79.687388	79.771627	C5	64	77	0	3
480	79.687388	79.777062	A4	64	74	0	5
481	80.339561	80.407496	C5	64	85	0	3
482	80.339561	80.418366	E4	64	87	0	5
483	80.339561	80.425159	A4	64	87	0	5
484	80.339561	80.487659	E2	64	95	1	-1
485	80.665648	81.411571	E2	64	95	1	-1
486	80.991734	81.066463	C5	64	90	0	3
487	80.991734	81.067821	E4	64	90	0	5
488	80.991734	81.071897	A4	64	83	0	5
489	81.643907	81.793364	E2	64	90	1	-1
490	81.643907	81.963200	C5	64	95	0	3
491	81.643907	81.965918	E4	64	87	0	5
492	81.643907	81.965918	A4	64	85	0	5
493	81.969994	82.718634	A2	64	95	1	-1
494	82.296080	82.377602	C5	64	90	0	3
495	82.296080	82.383037	E4	64	81	0	5
496	82.296080	82.384396	A4	64	79	0	5
497	82.622167	82.948253	E4	64	79	0	5
498	82.948253	83.274340	G4	64	74	0	3
499	82.948253	83.035210	C5	64	83	0	3
500	82.948253	83.037927	A4	64	81	0	5
501	82.948253	83.042003	E4	64	83	0	5
502	82.948253	83.070536	E2	64	83	1	-1
503	83.274340	83.638470	C5	64	98	0	3
504	83.274340	83.998524	E2	64	86	1	-1
505	83.600426	83.949611	B4	64	79	0	2
506	83.600426	83.687383	C5	64	93	0	3
507	83.600426	83.690100	A4	64	87	0	5
508	83.600426	83.696894	E4	64	93	0	5
509	83.926513	84.271621	A4	64	79	0	5
510	84.252599	84.611295	B4	64	79	0	2
511	84.252599	84.340915	A4	64	87	0	5
512	84.252599	84.340915	C5	64	87	0	3
513	84.252599	84.377599	E4	64	98	0	5
514	84.252599	84.402056	E2	64	79	1	-1
515	84.578686	88.490365	A4	64	77	0	5
516	84.578686	85.324609	A2	64	98	1	-1
517	84.904772	84.980859	E4	64	83	0	5
518	84.904772	84.982218	C5	64	86	0	3
519	84.904772	84.993088	A4	64	83	0	5
520	85.556945	85.634391	C5	64	86	0	3
521	85.556945	85.639826	E4	64	77	0	5
522	85.556945	85.647978	A4	64	81	0	5
523	85.556945	85.691456	E2	64	76	1	-1
524	85.883032	86.593629	E2	64	83	1	-1
525	86.209118	86.277053	C5	64	85	0	3
526	86.209118	86.291999	E4	64	90	0	5
527	86.209118	86.296075	A4	64	85	0	5
528	86.861291	86.946889	C5	64	93	0	3
529	86.861291	86.963193	E4	64	95	0	5
530	86.861291	86.971346	A4	64	87	0	5
531	86.861291	87.003954	E2	64	86	1	-1
532	87.187378	87.911562	A2	64	98	1	-1
533	87.187378	87.915638	A4	64	83	0	5
534	87.187378	87.915638	C5	64	87	0	3
535	87.187378	87.925149	E4	64	90	0	5
536	88.165637	88.297431	E2	64	72	1	-1
537	88.165637	88.652050	A4	64	77	0	5
538	88.165637	88.654767	C5	64	85	0	3
539	88.165637	88.664278	E4	64	83	0	5
540	88.491724	89.143897	A4	64	95	0	5
541	88.491724	89.052864	E2	64	81	1	-1
542	88.817810	88.904767	C5	64	83	0	3
543	88.817810	88.914278	E4	64	83	0	5
544	88.817810	88.916995	A4	64	79	0	5
545	89.143897	89.796070	C5	64	81	0	3
546	89.143897	89.726777	A2	64	87	1	-1
547	89.469983	89.571885	A4	64	67	0	5
548	89.469983	89.573244	C5	64	98	0	3
549	89.469983	89.584114	E4	64	86	0	5
550	89.796070	93.709108	D5	64	111	0	5
551	89.796070	90.570525	D2	64	77	1	-3
552	90.122156	90.184656	A4	64	90	0	5
553	90.122156	90.200961	D4	64	85	0	3
554	90.122156	90.203678	F4	64	98	0	1
555	90.774329	90.839547	A4	64	98	0	5
556	90.774329	90.858568	D4	64	86	0	3
557	90.774329	90.858568	F4	64	98	0	1
558	90.774329	90.918351	A2	64	79	1	-1
559	91.100416	91.861284	A2	64	90	1	-1
560	91.426502	91.493078	A4	64	95	0	5
561	91.426502	91.501231	F4	64	95	0	1
562	91.426502	91.503948	D4	64	77	0	3
563	92.078675	92.156121	A4	64	90	0	5
564	92.078675	92.164273	D4	64	83	0	3
565	92.078675	92.164273	F4	64	90	0	1
566	92.078675	92.219980	A2	64	75	1	-1
567	92.404762	93.162913	D3	64	114	1	-1
568	92.730848	92.801501	A4	64	93	0	5
569	92.730848	92.811011	F4	64	87	0	1
570	92.730848	92.816446	D4	64	77	0	3
571	93.383021	93.455032	A4	64	93	0	5
572	93.383021	93.468619	F4	64	95	0	1
573	93.383021	93.478130	D4	64	87	0	3
574	93.383021	93.510739	A2	64	85	1	-1
575	93.709108	94.359922	E5	64	104	0	2
576	93.709108	94.344977	A2	64	67	1	-1
577	94.035194	94.103129	A4	64	100	0	5
578	94.035194	94.115357	F4	64	104	0	1
579	94.035194	94.116716	D4	64	85	0	3
580	94.361281	95.013454	E5	64	112	0	2
581	94.361281	95.061008	D3	64	90	1	-1
582	94.687367	94.770248	A4	64	93	0	5
583	94.687367	94.777041	D4	64	79	0	3
584	94.687367	94.778400	F4	64	93	0	1
585	95.013454	98.925133	A4	64	98	0	5
586	95.013454	95.745790	A2	64	87	1	-1
587	95.339540	95.414269	E4	64	76	0	5
588	95.339540	95.414269	A4	64	81	0	5
589	95.339540	95.415627	C5	64	87	0	3
590	95.991713	96.071876	C5	64	83	0	3
591	95.991713	96.075952	E4	64	81	0	5
592	95.991713	96.081387	A4	64	76	0	5
593	95.991713	96.134376	E2	64	77	1	-1
594	96.317800	97.077310	E2	64	79	1	-1
595	96.643886	96.721332	C5	64	90	0	3
596	96.643886	96.728125	E4	64	86	0	5
597	96.643886	96.729484	A4	64	81	0	5
598	97.296059	97.410190	A2	64	81	1	-1
599	97.296059	97.675135	C5	64	95	0	3
600	97.296059	97.676494	A4	64	86	0	5
601	97.296059	97.684646	E4	64	90	0	5
602	97.622146	98.311004	A2	64	93	1	-1
603	97.948232	98.022961	C5	64	95	0	3
604	97.948232	98.024319	E4	64	86	0	5
605	97.948232	98.028395	A4	64	85	0	5
606	98.600405	98.721329	E2	64	73	1	-1
607	98.600405	99.043340	C5	64	108	0	3
608	98.600405	99.046057	E4	64	95	0	5
609	98.600405	99.054209	A4	64	93	0	5
610	98.926492	99.578665	A4	64	104	0	5
611	98.926492	99.460459	E2	64	81	1	-1
612	99.252578	99.344970	A4	64	87	0	5
613	99.252578	99.346328	C5	64	98	0	3
614	99.252578	99.347687	E4	64	100	0	5
615	99.578665	100.230838	C5	64	104	0	3
616	99.578665	99.940077	A2	64	95	1	-1
617	99.904751	100.111273	C5	64	90	0	3
618	99.904751	100.112632	A4	64	83	0	5
619	99.904751	100.133012	E4	64	93	0	5
620	99.904751	100.297414	E2	64	61	1	-1
621	100.230838	104.143876	D5	64	111	0	5
622	100.230838	100.968609	D3	64	100	1	-1
623	100.556924	100.702305	A4	64	87	0	5
624	100.556924	100.717250	D4	64	79	0	3
625	100.556924	100.722685	F4	64	98	0	1
626	101.209097	101.339532	A2	64	81	1	-1
627	101.209097	101.713173	D4	64	83	0	3
628	101.209097	101.736271	A4	64	93	0	5
629	101.209097	101.747140	F4	64	98	0	1
630	101.535184	102.238987	A2	64	77	1	-1
631	101.861270	101.982194	C4	64	81	0	1
632	102.513443	102.672411	A2	64	73	1	-1
633	102.513443	102.900671	A4	64	86	0	5
634	102.513443	102.906106	D4	64	86	0	3
635	102.513443	102.906106	F4	64	104	0	1
636	102.839530	103.626214	D3	64	108	1	-1
637	103.165616	103.264801	A4	64	93	0	5
638	103.165616	103.270236	F4	64	98	0	1
639	103.165616	103.286540	D4	64	85	0	3
640	103.817789	103.907463	A4	64	87	0	5
641	103.817789	103.910181	F4	64	95	0	1
642	103.817789	103.915615	D4	64	85	0	3
643	103.817789	103.941431	A2	64	74	1	-1
644	104.143876	104.794690	E5	64	104	0	2
645	104.143876	104.698223	A2	64	85	1	-1
646	104.469962	104.558278	A4	64	100	0	5
647	104.469962	104.570506	F4	64	104	0	1
648	104.469962	104.577299	D4	64	93	0	3
649	104.796049	105.448222	E5	64	112	0	2
650	104.796049	105.456374	D3	64	93	1	-1
651	105.122135	105.219961	A4	64	98	0	5
652	105.122135	105.240342	F4	64	100	0	1
653	105.122135	105.244418	D4	64	95	0	3
654	105.448222	108.912891	A4	64	111	0	5
655	105.448222	108.912891	B4	64	100	0	2
656	105.448222	106.183275	A2	64	81	1	-1
657	105.774308	105.855830	E4	64	81	0	5
658	105.774308	105.865341	C5	64	95	0	3
659	105.774308	105.869417	A4	64	86	0	5
660	106.100395	106.127569	C5	64	45	0	3
661	106.100395	106.134362	A4	64	53	0	5
662	106.100395	106.146591	E4	64	48	0	5
663	106.426481	106.518873	C5	64	95	0	3
664	106.426481	106.521590	E4	64	85	0	5
665	106.426481	106.525666	A4	64	85	0	5
666	106.426481	106.562351	E3	64	79	1	-4
667	106.752568	107.488980	E3	64	83	1	-4
668	107.078654	107.191426	C5	64	95	0	3
669	107.078654	107.196861	E4	64	90	0	5
670	107.078654	107.196861	A4	64	85	0	5
671	107.730827	107.808273	E4	64	75	0	5
672	107.730827	107.809632	C5	64	87	0	3
673	107.730827	107.819143	A4	64	79	0	5
674	107.730827	107.885719	E3	64	77	1	-4
675	108.056914	110.474030	A4	64	87	0	5
676	108.056914	110.478106	C5	64	104	0	3
677	108.056914	110.483541	E4	64	100	0	5
678	108.056914	110.585443	A3	64	104	1	-4
679	110.665606	111.195497	C5	64	90	0	3
680	110.665606	111.225388	G4	64	79	0	3
681	110.665606	113.274298	E3	64	74	1	-4
682	110.665606	113.926471	A3	64	60	1	-4
683	110.665606	115.230817	A2	64	59	1	-1
684	111.317779	111.612615	B4	64	86	0	2
685	111.643865	111.824572	C5	64	77	0	3
686	111.969952	112.146582	D5	64	93	0	5
687	112.296038	112.680549	A4	64	73	0	5
688	112.622125	112.961798	E4	64	72	0	5
689	112.948211	113.786525	C5	64	75	0	3
690	113.600384	114.047395	E3	64	63	1	-4
691	113.926471	114.245764	G3	64	70	1	-1
692	114.252557	115.691414	C4	64	75	0	1
693	114.904730	115.410165	C5	64	68	0	3
694	114.904730	115.412882	G4	64	65	0	3
695	115.882990	116.444130	C5	64	98	0	3
696	115.882990	120.050104	G3	64	70	1	-1
697	115.882990	120.224016	C3	64	74	1	-3
698	116.535163	116.706358	B4	64	83	0	2
699	116.861249	116.971304	C5	64	59	0	3
700	117.187336	117.518857	D5	64	90	0	5
701	117.513422	117.808259	A4	64	68	0	5
702	117.839509	118.267497	E4	64	79	0	5
703	118.165595	119.156083	G5	64	117	0	5
704	118.817768	120.071843	D4	64	64	0	3
705	119.469941	120.789233	E4	64	67	0	5
706	121.100374	121.630265	C5	64	90	0	3
707	121.100374	121.660156	G4	64	79	0	3
708	121.100374	123.709066	E3	64	74	1	-4
709	121.100374	124.361239	A3	64	60	1	-4
710	121.100374	125.665585	A2	64	59	1	-1
711	121.752547	122.047383	B4	64	86	0	2
712	122.078633	122.259340	C5	64	77	0	3
713	122.404720	122.581350	D5	64	93	0	5
714	122.730806	123.115317	A4	64	73	0	5
715	123.056893	123.396566	E4	64	72	0	5
716	123.382979	124.221293	C5	64	75	0	3
717	124.035152	124.482163	E3	64	63	1	-4
718	124.361239	124.680532	G3	64	70	1	-1
719	124.687325	126.126182	C4	64	75	0	1
720	125.339498	125.844933	C5	64	68	0	3
721	125.339498	125.847650	G4	64	65	0	3
722	126.317758	126.878898	C5	64	98	0	3
723	126.317758	130.484872	G3	64	70	1	-1
724	126.317758	130.658784	A2	64	74	1	-1
725	126.969931	127.141126	B4	64	83	0	2
726	127.296017	127.406072	C5	64	59	0	3
727	127.622104	127.953625	D5	64	90	0	5
728	127.948190	128.243027	A4	64	68	0	5
729	128.274277	128.702265	E4	64	79	0	5
730	128.600363	129.590851	G5	64	117	0	5
731	129.252536	130.506611	D4	64	64	0	3
732	129.904709	130.882969	E4	64	67	0	5
733	130.882969	131.209055	D5	64	114	0	5
734	130.882969	131.048730	G3	64	65	1	-1
735	131.209055	131.535142	C5	64	81	0	3
736	131.209055	131.297371	E5	64	76	0	2
737	131.209055	131.313675	C5	64	86	0	3
738	131.209055	131.323186	A4	64	86	0	5
739	131.209055	131.329979	F3	64	79	1	-3
740	131.535142	131.859870	D5	64	111	0	5
741	131.535142	132.251174	D3	64	93	1	-1
742	131.861228	133.490302	D5	64	112	0	5
743	131.861228	131.930522	A4	64	85	0	5
744	131.861228	131.937315	F4	64	85	0	1
745	131.861228	131.949544	D4	64	79	0	3
746	132.513401	132.574543	A4	64	79	0	5
747	132.513401	132.593564	D4	64	75	0	3
748	132.513401	132.594923	F4	64	85	0	1
749	132.513401	132.631608	A2	64	95	1	-1
750	132.839488	133.581335	A2	64	76	1	-1
751	133.165574	133.229433	A4	64	85	0	5
752	133.165574	133.241661	F4	64	86	0	1
753	133.165574	133.244379	D4	64	79	0	3
754	133.491661	133.817747	D5	64	104	0	5
755	133.817747	134.143834	C5	64	85	0	3
756	133.817747	133.889758	A4	64	87	0	5
757	133.817747	133.897910	D4	64	79	0	3
758	133.817747	133.901986	F4	64	90	0	1
759	133.817747	134.007965	A2	64	69	1	-1
760	134.143834	134.468562	D5	64	112	0	5
761	134.143834	134.912855	D3	64	100	1	-1
762	134.469920	136.100353	D5	64	112	0	5
763	134.469920	134.533779	A4	64	93	0	5
764	134.469920	134.547366	F4	64	85	0	1
765	134.469920	134.548725	D4	64	81	0	3
766	135.122093	135.191387	A4	64	95	0	5
767	135.122093	135.203615	F4	64	95	0	1
768	135.122093	135.206332	D4	64	79	0	3
769	135.122093	135.247093	A2	64	74	1	-1
770	135.448180	136.141114	A2	64	79	1	-1
771	135.774266	135.851712	F4	64	86	0	1
772	135.774266	135.851712	A4	64	87	0	5
773	135.774266	135.862582	D4	64	74	0	3
774	136.100353	136.426439	A4	64	85	0	5
775	136.100353	136.531059	D3	64	90	1	-1
776	136.426439	136.752526	B4	64	76	0	2
777	136.426439	136.509320	A4	64	90	0	5
778	136.426439	136.518831	F4	64	90	0	1
779	136.426439	136.525624	D4	64	79	0	3
780	136.752526	137.077254	C5	64	81	0	3
781	136.752526	137.480786	A2	64	85	1	-1
782	137.078612	137.729427	C5	64	87	0	3
783	137.078612	137.156058	E4	64	73	0	5
784	137.078612	137.158775	C5	64	74	0	3
785	137.078612	137.166928	A4	64	73	0	5
786	137.730785	138.056872	C5	64	86	0	3
787	137.730785	137.796003	C5	64	86	0	3
788	137.730785	137.805514	E4	64	81	0	5
789	137.730785	137.812307	A4	64	77	0	5
790	137.730785	137.843557	E3	64	90	1	-4
791	138.056872	138.411491	D5	64	95	0	5
792	138.056872	138.774262	E3	64	83	1	-4
793	138.382958	139.035131	C5	64	81	0	3
794	138.382958	138.437306	C5	64	69	0	3
795	138.382958	138.461763	A4	64	75	0	5
796	138.382958	138.471274	E4	64	79	0	5
797	139.035131	139.361218	A4	64	75	0	5
798	139.035131	139.093555	C5	64	79	0	3
799	139.035131	139.115294	A4	64	77	0	5
800	139.035131	139.118012	E4	64	83	0	5
801	139.035131	139.177794	E3	64	77	1	-4
802	139.361218	141.317737	B4	64	100	0	2
803	139.361218	140.207684	E3	64	86	1	-4
804	139.361218	141.358498	G#4	64	75	0	4
805	139.361218	141.368009	B4	64	81	0	2
806	139.361218	141.392465	E4	64	83	0	5
807	140.339477	140.456325	B2	64	73	1	-4
808	140.665564	141.013390	B2	64	87	1	-4
809	140.991650	141.763388	E3	64	87	1	-4
810	141.317737	141.643823	D5	64	108	0	5
811	141.643823	141.969910	C5	64	83	0	3
812	141.969910	142.294638	D5	64	111	0	5
813	141.969910	142.677789	D3	64	93	1	-1
814	142.295996	143.600342	D5	64	108	0	5
815	142.295996	142.363931	A4	64	74	0	5
816	142.295996	142.366649	D4	64	72	0	3
817	142.295996	142.382953	F4	64	85	0	1
818	142.948169	143.025615	A4	64	85	0	5
819	142.948169	143.037843	D4	64	81	0	3
820	142.948169	143.041919	F4	64	90	0	1
821	142.948169	143.069093	A2	64	68	1	-1
822	143.274256	143.312299	F4	64	58	0	1
823	143.274256	144.075885	A2	64	81	1	-1
824	143.600342	143.926429	A4	64	77	0	5
825	143.600342	143.677788	A4	64	86	0	5
826	143.600342	143.683223	D4	64	75	0	3
827	143.600342	143.691375	F4	64	87	0	1
828	143.926429	144.252515	C5	64	74	0	3
829	144.252515	144.578602	D5	64	85	0	5
830	144.252515	144.329961	A4	64	86	0	5
831	144.252515	144.339472	D4	64	77	0	3
832	144.252515	144.346265	F4	64	87	0	1
833	144.252515	144.392461	A2	64	68	1	-1
834	144.578602	144.904688	E5	64	83	0	2
835	144.578602	145.313655	D3	64	108	1	-1
836	144.904688	146.535121	D5	64	108	0	5
837	144.904688	144.969906	A4	64	86	0	5
838	144.904688	144.984851	D4	64	79	0	3
839	144.904688	144.984851	F4	64	90	0	1
840	145.556861	145.632948	A4	64	90	0	5
841	145.556861	145.639742	F4	64	90	0	1
842	145.556861	145.641100	D4	64	76	0	3
843	145.556861	145.679144	A2	64	93	1	-1
844	145.882948	146.461751	A2	64	81	1	-1
845	146.209034	146.291915	A4	64	87	0	5
846	146.209034	146.295991	F4	64	81	0	1
847	146.209034	146.298708	D4	64	73	0	3
848	146.535121	146.861207	C5	64	86	0	3
849	146.535121	146.950881	D3	64	117	1	-1
850	146.861207	147.187294	D5	64	77	0	5
851	146.861207	146.945446	D4	64	73	0	3
852	146.861207	146.948164	F4	64	87	0	1
853	146.861207	146.953599	A4	64	86	0	5
854	147.187294	147.512022	E5	64	95	0	2
855	147.187294	147.256587	E4	64	67	0	5
856	147.187294	147.267457	G#4	64	71	0	4
857	147.187294	147.267457	B4	64	79	0	2
858	147.187294	147.282403	E3	64	95	1	-4
859	147.513380	147.838108	E5	64	81	0	2
860	147.513380	147.594902	E4	64	74	0	5
861	147.513380	147.598978	B4	64	86	0	2
862	147.513380	147.608489	G#4	64	77	0	4
863	147.513380	147.618000	E3	64	98	1	-4
864	147.839467	148.164195	E5	64	95	0	2
865	147.839467	147.919630	E4	64	72	0	5
866	147.839467	147.919630	B4	64	83	0	2
867	147.839467	147.933217	G#4	64	77	0	4
868	147.839467	147.946804	E3	64	95	1	-4
869	148.165553	148.491640	E5	64	85	0	2
870	148.165553	148.240282	E4	64	68	0	5
871	148.165553	148.249792	B4	64	83	0	2
872	148.165553	148.262021	G#4	64	76	0	4
873	148.165553	148.285118	E3	64	100	1	-4
874	148.491640	149.143813	G5	64	104	0	5
875	148.491640	148.569085	E4	64	68	0	5
876	148.491640	148.571803	B4	64	85	0	2
877	148.491640	148.585390	G#4	64	76	0	4
878	148.491640	148.598977	E3	64	98	1	-4
879	148.817726	148.895172	E4	64	69	0	5
880	148.817726	148.899248	B4	64	83	0	2
881	148.817726	148.908759	G#4	64	77	0	4
882	148.817726	148.923705	E3	64	104	1	-4
883	149.143813	149.469899	D5	64	95	0	5
884	149.143813	149.215824	E4	64	71	0	5
885	149.143813	149.221258	B4	64	85	0	2
886	149.143813	149.234845	G#4	64	76	0	4
887	149.143813	149.255226	E3	64	104	1	-4
888	149.469899	150.448159	E5	64	114	0	2
889	149.469899	149.540552	E4	64	69	0	5
890	149.469899	149.547345	B4	64	85	0	2
891	149.469899	149.555497	G#4	64	75	0	4
892	149.469899	149.575878	E3	64	104	1	-4
893	149.795986	151.617994	B4	64	104	0	2
894	149.795986	151.622070	E4	64	93	0	5
895	149.795986	151.626146	G#4	64	98	0	4
896	149.795986	152.156037	E3	64	114	1	-4
897	150.448159	150.774245	E4	64	95	0	5
898	150.774245	151.100332	G4	64	76	0	3
899	151.100332	151.426418	C5	64	104	0	3
900	151.426418	151.752505	B4	64	83	0	2
901	151.752505	152.078591	A4	64	77	0	5
902	151.752505	152.195439	E4	64	72	0	5
903	151.752505	152.209026	B4	64	69	0	2
904	151.752505	152.214461	G#4	64	69	0	4
905	152.078591	152.404678	G4	64	86	0	3
906	152.404678	155.665543	A4	64	104	0	5
907	152.404678	153.101688	A2	64	69	1	-1
908	152.404678	153.101688	A3	64	69	1	-4
909	152.730764	152.797340	E5	64	81	0	2
910	152.730764	152.805493	A4	64	79	0	5
911	152.730764	152.806851	C5	64	86	0	3
912	153.382937	153.464459	A4	64	74	0	5
913	153.382937	153.468535	E5	64	76	0	2
914	153.382937	153.471253	C5	64	79	0	3
915	153.382937	153.512013	E2	64	85	1	-1
916	153.382937	153.512013	E3	64	85	1	-4
917	153.709024	154.404675	E2	64	83	1	-1
918	153.709024	154.404675	E3	64	83	1	-4
919	154.035110	154.104404	E5	64	81	0	2
920	154.035110	154.113915	C5	64	85	0	3
921	154.035110	154.120708	A4	64	81	0	5
922	154.687283	154.819077	E2	64	81	1	-1
923	154.687283	154.819077	E3	64	81	1	-4
924	154.687283	154.973968	E5	64	83	0	2
925	154.687283	154.988913	C5	64	87	0	3
926	154.687283	154.990272	A4	64	87	0	5
927	155.013370	155.801412	A2	64	85	1	-1
928	155.013370	155.801412	A3	64	98	1	-4
929	155.339456	155.404674	E5	64	77	0	2
930	155.339456	155.418261	C5	64	81	0	3
931	155.339456	155.426413	A4	64	83	0	5
932	155.665543	155.991629	E4	64	95	0	5
933	155.991629	156.317716	G4	64	93	0	3
934	155.991629	156.064999	E5	64	93	0	2
935	155.991629	156.077227	A4	64	86	0	5
936	155.991629	156.078586	C5	64	90	0	3
937	155.991629	156.111194	E2	64	86	1	-1
938	155.991629	156.111194	E3	64	86	1	-4
939	156.317716	156.643802	C5	64	93	0	3
940	156.317716	156.979400	E2	64	85	1	-1
941	156.317716	156.979400	E3	64	85	1	-4
942	156.643802	156.969889	B4	64	98	0	2
943	156.643802	156.728041	E5	64	90	0	2
944	156.643802	156.738911	C5	64	93	0	3
945	156.643802	156.749781	A4	64	90	0	5
946	156.969889	157.295975	A4	64	93	0	5
947	156.969889	157.310921	A2	64	83	1	-1
948	156.969889	157.310921	A3	64	90	1	-4
949	157.295975	157.622062	G4	64	83	0	3
950	157.295975	157.384291	E5	64	87	0	2
951	157.295975	157.393801	A4	64	85	0	5
952	157.295975	157.395160	C5	64	86	0	3
953	157.295975	157.426410	E2	64	72	1	-1
954	157.295975	157.426410	E3	64	72	1	-4
955	157.622062	160.881568	E4	64	95	0	5
956	157.622062	158.351680	C3	64	78	1	-3
957	157.948148	158.014724	G4	64	100	0	3
958	157.948148	158.022877	C4	64	83	0	1
959	157.948148	158.029670	E4	64	90	0	5
960	158.600321	158.672332	G4	64	98	0	3
961	158.600321	158.677767	C4	64	81	0	1
962	158.600321	158.684560	E4	64	98	0	5
963	158.600321	158.730756	G2	64	85	1	-3
964	158.926408	159.603037	G2	64	85	1	-3
965	159.252494	159.310918	G4	64	93	0	3
966	159.252494	159.321788	C4	64	69	0	1
967	159.252494	159.335375	E4	64	93	0	5
968	159.904667	160.029667	G4	64	98	0	3
969	159.904667	160.066352	E4	64	95	0	5
970	159.904667	160.073145	C4	64	85	0	1
971	159.904667	160.094885	G2	64	83	1	-3
972	160.230754	161.081296	C3	64	81	1	-3
973	160.556840	160.631569	G4	64	86	0	3
974	160.556840	160.637003	C4	64	72	0	1
975	160.556840	160.642438	E4	64	85	0	5
976	160.882927	161.209013	E4	64	86	0	5
977	161.209013	161.535100	G4	64	81	0	3
978	161.209013	161.276948	G4	64	104	0	3
979	161.209013	161.286459	E4	64	108	0	5
980	161.209013	161.289176	C4	64	93	0	1
981	161.209013	161.339448	G2	64	93	1	-3
982	161.535100	161.861186	C5	64	95	0	3
983	161.535100	162.185914	G2	64	81	1	-3
984	161.861186	162.187273	B4	64	85	0	2
985	161.861186	161.937273	G4	64	100	0	3
986	161.861186	161.942708	E4	64	98	0	5
987	161.861186	161.952219	C4	64	87	0	1
988	162.187273	162.513359	A4	64	81	0	5
989	162.187273	162.912815	C3	64	95	1	-3
990	162.513359	162.839446	G4	64	79	0	3
991	162.513359	162.604392	G4	64	100	0	3
992	162.513359	162.613903	C4	64	85	0	1
993	162.513359	162.622055	E4	64	98	0	5
994	162.839446	166.100311	A4	64	104	0	5
995	162.839446	163.536456	A3	64	98	1	-4
996	163.165532	163.241619	E4	64	74	0	5
997	163.165532	163.249771	C5	64	77	0	3
998	163.165532	163.255206	A4	64	74	0	5
999	163.817705	163.885640	C5	64	85	0	3
1000	163.817705	163.896510	E4	64	87	0	5
1001	163.817705	163.903303	A4	64	87	0	5
1002	163.817705	163.965803	E3	64	95	1	-4
1003	164.143792	164.889715	E3	64	95	1	-4
1004	164.469878	164.544607	C5	64	90	0	3
1005	164.469878	164.545965	E4	64	90	0	5
1006	164.469878	164.550041	A4	64	83	0	5
1007	165.122051	165.271508	E3	64	90	1	-4
1008	165.122051	165.441344	C5	64	95	0	3
1009	165.122051	165.444062	E4	64	87	0	5
1010	165.122051	165.444062	A4	64	85	0	5
1011	165.448138	166.196778	A3	64	95	1	-4
1012	165.774224	165.855746	C5	64	90	0	3
1013	165.774224	165.861181	E4	64	81	0	5
1014	165.774224	165.862540	A4	64	79	0	5
1015	166.100311	166.426397	E4	64	79	0	5
1016	166.426397	166.752484	G4	64	74	0	3
1017	166.426397	166.513354	C5	64	83	0	3
1018	166.426397	166.516071	A4	64	81	0	5
1019	166.426397	166.520147	E4	64	83	0	5
1020	166.426397	166.548680	E3	64	83	1	-4
1021	166.752484	167.116614	C5	64	98	0	3
1022	166.752484	167.476668	E3	64	86	1	-4
1023	167.078570	167.427755	B4	64	79	0	2
1024	167.078570	167.165527	C5	64	93	0	3
1025	167.078570	167.168244	A4	64	87	0	5
1026	167.078570	167.175038	E4	64	93	0	5
1027	167.404657	167.749765	A4	64	79	0	5
1028	167.730743	168.089439	B4	64	79	0	2
1029	167.730743	167.819059	A4	64	87	0	5
1030	167.730743	167.819059	C5	64	87	0	3
1031	167.730743	167.855743	E4	64	98	0	5
1032	167.730743	167.880200	E3	64	79	1	-4
1033	168.056830	171.968509	A4	64	77	0	5
1034	168.056830	168.802753	A3	64	98	1	-4
1035	168.382916	168.459003	E4	64	83	0	5
1036	168.382916	168.460362	C5	64	86	0	3
1037	168.382916	168.471232	A4	64	83	0	5
1038	169.035089	169.112535	C5	64	86	0	3
1039	169.035089	169.117970	E4	64	77	0	5
1040	169.035089	169.126122	A4	64	81	0	5
1041	169.035089	169.169600	E3	64	76	1	-4
1042	169.361176	170.071773	E3	64	83	1	-4
1043	169.687262	169.755197	C5	64	85	0	3
1044	169.687262	169.770143	E4	64	90	0	5
1045	169.687262	169.774219	A4	64	85	0	5
1046	170.339435	170.425033	C5	64	93	0	3
1047	170.339435	170.441337	E4	64	95	0	5
1048	170.339435	170.449490	A4	64	87	0	5
1049	170.339435	170.482098	E3	64	86	1	-4
1050	170.665522	171.389706	A3	64	98	1	-4
1051	170.665522	171.393782	A4	64	83	0	5
1052	170.665522	171.393782	C5	64	87	0	3
1053	170.665522	171.403293	E4	64	90	0	5
1054	171.643781	171.775575	E3	64	72	1	-4
1055	171.643781	172.130194	A4	64	77	0	5
1056	171.643781	172.132911	C5	64	85	0	3
1057	171.643781	172.142422	E4	64	83	0	5
1058	171.969868	172.622041	A4	64	95	0	5
1059	171.969868	172.531008	E3	64	81	1	-4
1060	172.295954	172.382911	C5	64	83	0	3
1061	172.295954	172.392422	E4	64	83	0	5
1062	172.295954	172.395139	A4	64	79	0	5
1063	172.622041	173.274214	C5	64	81	0	3
1064	172.622041	173.204921	A3	64	87	1	-4
1065	172.948127	173.050029	A4	64	67	0	5
1066	172.948127	173.051388	C5	64	98	0	3
1067	172.948127	173.062258	E4	64	86	0	5
1068	173.274214	177.187252	D5	64	111	0	5
1069	173.274214	174.048669	D3	64	77	1	-1
1070	173.600300	173.662800	A4	64	90	0	5
1071	173.600300	173.679105	D4	64	85	0	3
1072	173.600300	173.681822	F4	64	98	0	1
1073	174.252473	174.317691	A4	64	98	0	5
1074	174.252473	174.336712	D4	64	86	0	3
1075	174.252473	174.336712	F4	64	98	0	1
1076	174.252473	174.396495	A2	64	79	1	-1
1077	174.578560	175.339428	A2	64	90	1	-1
1078	174.904646	174.971222	A4	64	95	0	5
1079	174.904646	174.979375	F4	64	95	0	1
1080	174.904646	174.982092	D4	64	77	0	3
1081	175.556819	175.634265	A4	64	90	0	5
1082	175.556819	175.642417	D4	64	83	0	3
1083	175.556819	175.642417	F4	64	90	0	1
1084	175.556819	175.698124	A2	64	75	1	-1
1085	175.882906	176.641057	D3	64	85	1	-1
1086	176.208992	176.279645	A4	64	93	0	5
1087	176.208992	176.289155	F4	64	87	0	1
1088	176.208992	176.294590	D4	64	77	0	3
1089	176.861165	176.933176	A4	64	93	0	5
1090	176.861165	176.946763	F4	64	95	0	1
1091	176.861165	176.956274	D4	64	87	0	3
1092	176.861165	176.988883	A2	64	79	1	-1
1093	177.187252	177.838066	E5	64	104	0	2
1094	177.187252	177.823121	A2	64	74	1	-1
1095	177.513338	177.581273	A4	64	100	0	5
1096	177.513338	177.593501	F4	64	104	0	1
1097	177.513338	177.594860	D4	64	85	0	3
1098	177.839425	178.491598	E5	64	112	0	2
1099	177.839425	178.539152	D3	64	90	1	-1
1100	178.165511	178.248392	A4	64	93	0	5
1101	178.165511	178.255185	D4	64	79	0	3
1102	178.165511	178.256544	F4	64	93	0	1
1103	178.491598	182.403277	A4	64	98	0	5
1104	178.491598	179.223934	A3	64	87	1	-4
1105	178.817684	178.892413	E4	64	76	0	5
1106	178.817684	178.892413	A4	64	81	0	5
1107	178.817684	178.893771	C5	64	87	0	3
1108	179.469857	179.550020	C5	64	83	0	3
1109	179.469857	179.554096	E4	64	81	0	5
1110	179.469857	179.559531	A4	64	76	0	5
1111	179.469857	179.612520	E3	64	77	1	-4
1112	179.795944	180.555454	E3	64	79	1	-4
1113	180.122030	180.199476	C5	64	90	0	3
1114	180.122030	180.206269	E4	64	86	0	5
1115	180.122030	180.207628	A4	64	81	0	5
1116	180.774203	180.888334	A3	64	81	1	-4
1117	180.774203	181.153279	C5	64	95	0	3
1118	180.774203	181.154638	A4	64	86	0	5
1119	180.774203	181.162790	E4	64	90	0	5
1120	181.100290	181.789148	A3	64	93	1	-4
1121	181.426376	181.501105	C5	64	95	0	3
1122	181.426376	181.502463	E4	64	86	0	5
1123	181.426376	181.506539	A4	64	85	0	5
1124	182.078549	182.199473	E3	64	86	1	-4
1125	182.078549	182.521484	C5	64	108	0	3
1126	182.078549	182.524201	E4	64	95	0	5
1127	182.078549	182.532353	A4	64	93	0	5
1128	182.404636	183.056809	A4	64	104	0	5
1129	182.404636	182.938603	E3	64	86	1	-4
1130	182.730722	182.823114	A4	64	87	0	5
1131	182.730722	182.824472	C5	64	98	0	3
1132	182.730722	182.825831	E4	64	100	0	5
1133	183.056809	183.708982	C5	64	104	0	3
1134	183.056809	183.418221	A3	64	89	1	-4
1135	183.382895	183.589417	C5	64	90	0	3
1136	183.382895	183.590776	A4	64	83	0	5
1137	183.382895	183.611156	E4	64	93	0	5
1138	183.382895	183.775558	E3	64	85	1	-4
1139	183.708982	187.622020	D5	64	111	0	5
1140	183.708982	184.446753	D3	64	84	1	-1
1141	184.035068	184.180449	A4	64	87	0	5
1142	184.035068	184.195394	D4	64	79	0	3
1143	184.035068	184.200829	F4	64	98	0	1
1144	184.687241	184.817676	A2	64	81	1	-1
1145	184.687241	185.191317	D4	64	83	0	3
1146	184.687241	185.214415	A4	64	93	0	5
1147	184.687241	185.225284	F4	64	98	0	1
1148	185.013328	185.717131	A2	64	77	1	-1
1149	185.339414	185.460338	C4	64	81	0	1
1150	185.991587	186.150555	A2	64	73	1	-1
1151	185.991587	186.378815	A4	64	86	0	5
1152	185.991587	186.384250	D4	64	86	0	3
1153	185.991587	186.384250	F4	64	104	0	1
1154	186.317674	187.104358	D3	64	95	1	-1
1155	186.643760	186.742945	A4	64	93	0	5
1156	186.643760	186.748380	F4	64	98	0	1
1157	186.643760	186.764684	D4	64	85	0	3
1158	187.295933	187.385607	A4	64	87	0	5
1159	187.295933	187.388325	F4	64	95	0	1
1160	187.295933	187.393759	D4	64	85	0	3
1161	187.295933	187.419575	A2	64	74	1	-1
1162	187.622020	188.272834	E5	64	104	0	2
1163	187.622020	188.176367	A2	64	85	1	-1
1164	187.948106	188.036422	A4	64	100	0	5
1165	187.948106	188.048650	F4	64	104	0	1
1166	187.948106	188.055443	D4	64	93	0	3
1167	188.274193	189.130170	E5	64	112	0	2
1168	188.274193	188.934518	D3	64	84	1	-1
1169	188.600279	188.698105	A4	64	98	0	5
1170	188.600279	188.718486	F4	64	100	0	1
1171	188.600279	188.722562	D4	64	95	0	3
1172	188.926366	189.021475	B4	64	65	0	2
1173	188.926366	189.054083	E4	64	60	0	5
1174	188.926366	189.059518	G#4	64	67	0	4
1175	188.926366	189.094844	B2	64	79	1	-4
1176	189.252452	189.324463	E4	64	59	0	5
1177	189.252452	189.325822	B4	64	70	0	2
1178	189.252452	189.343485	G#4	64	69	0	4
1179	189.252452	189.362507	B2	64	79	1	-4
1180	189.578539	189.643756	E4	64	61	0	5
1181	189.578539	189.645115	B4	64	74	0	2
1182	189.578539	189.658702	G#4	64	74	0	4
1183	189.578539	189.702180	B2	64	79	1	-4
1184	189.904625	189.972560	E4	64	60	0	5
1185	189.904625	189.972560	B4	64	74	0	2
1186	189.904625	189.987506	G#4	64	74	0	4
1187	189.904625	190.018756	B2	64	83	1	-4
1188	190.230712	190.293212	E4	64	61	0	5
1189	190.230712	190.302723	B4	64	77	0	2
1190	190.230712	190.306799	G#4	64	74	0	4
1191	190.230712	190.336690	B2	64	85	1	-4
1192	190.556798	190.623374	E4	64	61	0	5
1193	190.556798	190.630168	B4	64	76	0	2
1194	190.556798	190.641037	G#4	64	73	0	4
1195	190.556798	190.669570	B2	64	86	1	-4
1196	190.882885	190.946744	E4	64	64	0	5
1197	190.882885	190.948102	B4	64	81	0	2
1198	190.882885	190.954896	G#4	64	74	0	4
1199	190.882885	190.999733	B2	64	86	1	-4
1200	191.208971	191.286417	E4	64	65	0	5
1201	191.208971	191.286417	B4	64	79	0	2
1202	191.208971	191.297287	G#4	64	74	0	4
1203	191.208971	191.331254	B2	64	98	1	-4
1204	191.535058	193.995652	G#4	64	88	0	4
1205	191.535058	194.006522	E4	64	88	0	5
1206	191.535058	194.006522	B4	64	88	0	2
1207	191.535058	194.025544	B2	64	88	1	-4
1208	194.143750	194.662771	C4	64	65	0	1
1209	194.143750	194.672282	A4	64	74	0	5
1210	194.143750	194.677717	E4	64	81	0	5
1211	194.143750	198.476624	A2	64	74	1	-1
1212	194.469836	198.378798	E3	64	63	1	-4
1213	194.795923	195.920921	A4	64	82	0	5
1214	194.795923	195.937226	E4	64	82	0	5
1215	194.795923	195.944019	C4	64	82	0	1
1216	195.122009	195.487498	A3	64	76	1	-4
1217	195.774182	196.157334	A3	64	59	1	-4
1218	196.100269	196.634236	A4	64	86	0	5
1219	196.100269	196.654616	E4	64	86	0	5
1220	196.100269	196.657333	C4	64	86	0	1
1221	196.752442	197.195376	C4	64	84	0	1
1222	196.752442	197.210322	A4	64	84	0	5
1223	196.752442	197.222550	E4	64	84	0	5
1224	196.752442	198.445374	C3	64	63	1	-3
1225	197.078528	197.468474	A3	64	58	1	-4
1226	197.404615	197.984777	C4	64	90	0	1
1227	197.404615	197.990212	A4	64	86	0	5
1228	197.404615	197.992929	E4	64	90	0	5
1229	197.730701	198.113853	A3	64	59	1	-4
1230	198.056788	198.366570	A4	64	87	0	5
1231	198.056788	198.367929	E4	64	90	0	5
1232	198.056788	198.389668	C4	64	86	0	1
1233	198.708961	199.108417	D4	64	84	0	3
1234	198.708961	199.109776	G4	64	84	0	3
1235	198.708961	199.124721	B3	64	84	1	-2
1236	198.708961	199.266025	G2	64	77	1	-3
1237	199.361134	199.946731	A3	64	88	1	-4
1238	199.361134	199.948090	F4	64	88	0	1
1239	199.361134	199.961677	C4	64	88	0	1
1240	199.361134	204.195366	F2	64	84	1	-5
1241	199.687220	204.005149	C3	64	84	1	-3
1242	200.013307	201.048632	F4	64	81	0	1
1243	200.013307	201.062219	A3	64	81	1	-4
1244	200.013307	201.064936	C4	64	81	0	1
1245	200.502437	200.838034	F3	64	58	1	-3
1246	200.991566	201.446729	F3	64	61	1	-3
1247	201.317653	201.836674	F4	64	82	0	1
1248	201.317653	201.852978	A3	64	82	1	-4
1249	201.317653	201.852978	C4	64	82	0	1
1250	201.643739	202.794553	F3	64	60	1	-3
1251	201.969826	202.509227	F4	64	78	0	1
1252	201.969826	202.526890	C4	64	78	0	1
1253	201.969826	202.529608	A3	64	78	1	-4
1254	202.621999	203.165476	F4	64	88	0	1
1255	202.621999	203.177705	A3	64	88	1	-4
1256	202.621999	203.187216	C4	64	88	0	1
1257	203.111129	203.592106	F3	64	57	1	-3
1258	203.274172	203.827160	F4	64	85	0	1
1259	203.274172	203.838030	A3	64	68	1	-4
1260	203.274172	203.839389	C4	64	79	0	1
1261	203.600258	203.922269	F3	64	60	1	-3
1262	203.926345	204.078519	A3	64	90	1	-4
1263	203.926345	204.081236	C4	64	90	0	1
1264	203.926345	204.085312	F4	64	104	0	1
1265	204.252431	204.463029	G3	64	87	1	-1
1266	204.252431	204.483409	E2	64	62	1	-1
1267	204.578518	205.102974	D4	64	74	0	3
1268	204.578518	205.119278	F3	64	86	1	-3
1269	204.578518	205.123354	A3	64	81	1	-4
1270	204.578518	206.873352	D2	64	73	1	-3
1271	204.904604	207.165471	A2	64	64	1	-1
1272	205.230691	205.786397	D4	64	79	0	3
1273	205.230691	205.795908	A3	64	83	1	-4
1274	205.230691	205.810853	F3	64	76	1	-3
1275	205.556777	206.040472	D3	64	54	1	-1
1276	205.882864	206.391015	D4	64	79	0	3
1277	205.882864	206.401885	F3	64	72	1	-3
1278	205.882864	206.408678	A3	64	77	1	-4
1279	206.208950	206.586667	D3	64	61	1	-1
1280	206.535037	206.914112	F3	64	90	1	-3
1281	206.535037	206.929058	A3	64	87	1	-4
1282	206.535037	206.945362	D4	64	87	0	3
1283	206.861123	207.176340	D3	64	59	1	-1
1284	207.187210	207.627427	E4	64	61	0	5
1285	207.187210	207.672264	B3	64	72	1	-2
1286	207.187210	207.692644	G#3	64	71	1	-5
1287	207.187210	209.477968	E2	64	67	1	-1
1288	207.513296	209.626065	B2	64	69	1	-4
1289	207.839383	208.210306	E4	64	75	0	5
1290	207.839383	208.283676	B3	64	85	1	-2
1291	207.839383	208.329871	G#3	64	85	1	-5
1292	207.839383	209.551337	G#2	64	11	1	-2
1293	208.165469	208.530958	E3	64	80	1	-4
1294	208.491556	208.571719	E4	64	67	0	5
1295	208.491556	209.039110	B3	64	80	1	-2
1296	208.491556	209.064925	G#3	64	80	1	-5
1297	208.817642	209.194001	E3	64	80	1	-4
1298	209.143729	209.465739	E4	64	72	0	5
1299	209.143729	209.484761	B3	64	80	1	-2
1300	209.143729	209.522804	G#3	64	80	1	-5
1301	209.469815	209.848891	E3	64	87	1	-4
1302	209.795902	210.267369	C4	64	69	0	1
1303	209.795902	210.286390	A4	64	59	0	5
1304	209.795902	210.306771	E4	64	76	0	5
1305	209.795902	212.117910	A2	64	67	1	-1
1306	210.121988	212.092094	E3	64	65	1	-4
1307	210.448075	211.028237	A4	64	88	0	5
1308	210.448075	211.043183	C4	64	88	0	1
1309	210.448075	211.047259	E4	64	88	0	5
1310	210.774161	211.203509	A3	64	60	1	-4
1311	211.100248	211.658671	A4	64	89	0	5
1312	211.100248	211.661388	C4	64	89	0	1
1313	211.100248	211.666823	E4	64	89	0	5
1314	211.426334	211.911388	A3	64	60	1	-4
1315	211.752421	212.039105	E4	64	85	0	5
1316	211.752421	212.079866	A4	64	85	0	5
1317	211.752421	212.257855	C4	64	85	0	1
1318	212.404594	212.923615	A4	64	95	0	5
1319	212.404594	212.931767	C4	64	85	0	1
1320	212.404594	212.943995	E4	64	93	0	5
1321	212.404594	214.949427	A2	64	90	1	-1
1322	212.698072	215.045895	E3	64	63	1	-4
1323	213.056767	213.562201	C4	64	85	0	1
1324	213.056767	213.575788	A4	64	90	0	5
1325	213.056767	213.579864	E4	64	90	0	5
1326	213.382853	213.774157	A3	64	61	1	-4
1327	213.708940	214.293178	C4	64	84	0	1
1328	213.708940	214.295896	E4	64	84	0	5
1329	213.708940	214.298613	A4	64	84	0	5
1330	214.035026	214.571710	A3	64	55	1	-4
1331	214.361113	214.904590	A4	64	84	0	5
1332	214.361113	214.915460	E4	64	84	0	5
1333	214.361113	214.919536	C4	64	84	0	1
1334	215.013286	215.585296	C4	64	76	0	1
1335	215.013286	215.594807	A4	64	85	0	5
1336	215.013286	215.597524	E4	64	85	0	5
1337	215.013286	217.210294	A2	64	83	1	-1
1338	215.371981	217.336652	E3	64	68	1	-4
1339	215.665459	216.188556	C4	64	76	0	1
1340	215.665459	216.192632	A4	64	85	0	5
1341	215.665459	216.198067	E4	64	87	0	5
1342	216.154589	216.585295	A3	64	54	1	-4
1343	216.317632	216.901870	A4	64	83	0	5
1344	216.317632	216.907305	E4	64	83	0	5
1345	216.317632	216.924968	C4	64	69	0	1
1346	216.643718	217.003772	A3	64	59	1	-4
1347	216.969805	217.256489	C4	64	72	0	1
1348	216.969805	217.256489	A4	64	87	0	5
1349	216.969805	217.287739	E4	64	93	0	5
1350	217.621978	218.165455	C4	64	64	0	1
1351	217.621978	218.172249	A4	64	72	0	5
1352	217.621978	218.200781	E4	64	54	0	5
1353	217.621978	218.780944	A2	64	74	1	-1
1354	217.948064	218.679042	E3	64	63	1	-4
1355	218.274151	218.588009	A4	64	98	0	5
1356	218.274151	218.601596	E4	64	98	0	5
1357	218.274151	218.628770	C4	64	98	0	1
1358	218.926324	219.488823	B3	64	79	1	-2
1359	218.926324	219.503769	G4	64	86	0	3
1360	218.926324	219.506486	D4	64	79	0	3
1361	218.926324	220.142355	G2	64	74	1	-3
1362	219.252410	220.017355	D3	64	73	1	-1
1363	219.578497	219.882844	G4	64	94	0	3
1364	219.578497	219.892355	D4	64	94	0	3
1365	219.578497	219.907301	B3	64	94	1	-2
1366	219.904583	220.070344	G3	64	63	1	-1
1367	220.230670	220.790452	F4	64	95	0	1
1368	220.230670	220.794528	A3	64	83	1	-4
1369	220.230670	220.802680	C4	64	87	0	1
1370	220.230670	222.615177	F2	64	95	1	-5
1371	220.556756	222.613819	C3	64	77	1	-3
1372	220.882843	221.426320	F4	64	95	0	1
1373	220.882843	221.433114	A3	64	81	1	-4
1374	220.882843	221.446701	C4	64	86	0	1
1375	221.208929	221.609744	F3	64	60	1	-3
1376	221.535016	222.043167	F4	64	87	0	1
1377	221.535016	222.054037	A3	64	74	1	-4
1378	221.535016	222.063548	C4	64	83	0	1
1379	221.861102	222.362460	F3	64	91	1	-3
1380	222.187189	222.548601	F4	64	90	0	1
1381	222.187189	222.582569	C4	64	90	0	1
1382	222.187189	222.654580	A3	64	90	1	-4
1383	222.513275	222.738819	F3	64	99	1	-3
1384	222.839362	223.369253	A3	64	76	1	-4
1385	222.839362	223.370611	F4	64	95	0	1
1386	222.839362	223.389633	C4	64	86	0	1
1387	222.839362	224.143708	F2	64	90	1	-5
1388	223.165448	224.317621	C3	64	67	1	-3
1389	223.491535	224.040447	F4	64	98	0	1
1390	223.491535	224.045882	A3	64	85	1	-4
1391	223.491535	224.047241	C4	64	86	0	1
1392	223.817621	224.276860	F3	64	50	1	-3
1393	224.143708	224.317621	F4	64	95	0	1
1394	224.143708	224.469794	A3	64	86	1	-4
1395	224.143708	224.469794	C4	64	86	0	1
1396	224.469794	224.592077	E4	64	74	0	5
1397	224.469794	224.594794	B3	64	83	1	-2
1398	224.469794	224.634196	G#3	64	95	1	-5
1399	224.469794	224.650501	E2	64	90	1	-1
1400	225.121967	225.965716	F3	64	90	1	-3
1401	225.121967	225.971151	A3	64	81	1	-4
1402	225.121967	227.837996	D2	64	76	1	-3
1403	225.774140	228.036366	A2	64	58	1	-1
1404	226.100227	226.668161	D4	64	83	0	3
1405	226.100227	226.685824	F3	64	77	1	-3
1406	226.100227	226.692617	A3	64	85	1	-4
1407	226.426313	226.903215	D3	64	61	1	-1
1408	226.752400	227.283649	F3	64	72	1	-3
1409	226.752400	227.283649	D4	64	73	0	3
1410	226.752400	227.304030	A3	64	83	1	-4
1411	227.078486	227.434464	D3	64	60	1	-1
1412	227.404573	227.760551	A3	64	84	1	-4
1413	227.404573	227.767344	D4	64	84	0	3
1414	227.404573	227.768703	F3	64	84	1	-3
1415	227.730659	228.006474	D3	64	84	1	-1
1416	228.056746	228.499680	E4	64	84	0	5
1417	228.056746	228.551310	G#3	64	84	1	-5
1418	228.056746	228.551310	B3	64	84	1	-2
1419	228.056746	230.336634	E2	64	84	1	-1
1420	228.382832	230.437177	B2	64	88	1	-4
1421	228.708919	228.972506	E3	64	89	1	-4
1422	228.708919	229.155929	E4	64	89	0	5
1423	228.708919	229.282288	B3	64	89	1	-2
1424	228.708919	229.289081	G#3	64	89	1	-5
1425	229.198049	229.689896	E3	64	89	1	-4
1426	229.361092	229.805385	E4	64	88	0	5
1427	229.361092	229.890983	B3	64	88	1	-2
1428	229.361092	229.912722	G#3	64	88	1	-5
1429	229.850222	230.210276	E3	64	86	1	-4
1430	230.013265	230.314895	E4	64	90	0	5
1431	230.013265	230.331199	B3	64	90	1	-2
1432	230.013265	230.363808	G#3	64	90	1	-5
1433	230.339351	230.687177	E3	64	59	1	-4
1434	230.665438	231.237448	C4	64	68	0	1
1435	230.665438	231.240165	A4	64	74	0	5
1436	230.665438	231.244241	E4	64	81	0	5
1437	230.665438	235.733366	A2	64	68	1	-1
1438	231.317611	231.896414	A4	64	86	0	5
1439	231.317611	231.901849	E4	64	90	0	5
1440	231.317611	231.903208	C4	64	83	0	1
1441	231.643697	231.995599	A3	64	59	1	-4
1442	231.969784	232.414077	C4	64	76	0	1
1443	231.969784	232.522772	A4	64	87	0	5
1444	231.969784	232.563533	E4	64	87	0	5
1445	232.295870	232.706196	A3	64	62	1	-4
1446	232.621957	232.999674	E4	64	62	0	5
1447	232.785000	233.109728	A4	64	62	0	5
1448	232.785000	233.865162	C4	64	63	0	1
1449	232.948043	233.312173	A3	64	71	1	-4
1450	233.274130	233.801303	A4	64	64	0	5
1451	233.274130	233.839347	E4	64	72	0	5
1452	233.600216	234.051303	A3	64	63	1	-4
1453	233.926303	234.551302	C4	64	77	0	1
1454	233.926303	234.562172	E4	64	81	0	5
1455	233.926303	234.564889	A4	64	77	0	5
1456	234.252389	234.685813	A3	64	59	1	-4
1457	234.578476	235.142334	C4	64	84	0	1
1458	234.578476	235.145051	A4	64	87	0	5
1459	234.578476	235.147769	E4	64	84	0	5
1460	235.230649	235.556735	D5	64	114	0	5
1461	235.556735	235.882822	C5	64	81	0	3
1462	235.556735	235.645051	E5	64	76	0	2
1463	235.882822	236.207550	D5	64	111	0	5
1464	235.882822	236.509180	D3	64	74	1	-1
1465	236.208908	238.490155	D5	64	112	0	5
1466	236.208908	236.271408	A4	64	79	0	5
1467	236.208908	236.280919	D4	64	74	0	3
1468	236.208908	236.280919	F4	64	83	0	1
1469	236.861081	236.930375	A4	64	83	0	5
1470	236.861081	236.937168	D4	64	75	0	3
1471	236.861081	236.937168	F4	64	86	0	1
1472	236.861081	236.994233	A2	64	67	1	-1
1473	237.187168	237.797221	A2	64	79	1	-1
1474	237.513254	237.581189	A4	64	83	0	5
1475	237.513254	237.585265	F4	64	86	0	1
1476	237.513254	237.587983	D4	64	83	0	3
1477	237.839341	238.286351	D3	64	90	1	-1
1478	238.165427	238.240156	A4	64	83	0	5
1479	238.165427	238.249666	F4	64	85	0	1
1480	238.165427	238.259177	D4	64	81	0	3
1481	238.491514	238.904557	D5	64	108	0	5
1482	238.491514	238.855644	A2	64	75	1	-1
1483	238.817600	239.143687	C5	64	74	0	3
1484	238.817600	238.881459	E4	64	67	0	5
1485	238.817600	238.888253	C5	64	75	0	3
1486	238.817600	238.893687	A4	64	73	0	5
1487	239.143687	239.475208	D5	64	95	0	5
1488	239.469773	241.100206	A4	64	100	0	5
1489	239.469773	239.539067	C5	64	81	0	3
1490	239.469773	239.545860	A4	64	75	0	5
1491	239.469773	239.548578	E4	64	76	0	5
1492	239.469773	239.579828	E2	64	86	1	-1
1493	239.795860	240.272761	E2	64	81	1	-1
1494	240.121946	240.192599	C5	64	79	0	3
1495	240.121946	240.208903	A4	64	76	0	5
1496	240.121946	240.214338	E4	64	83	0	5
1497	240.448033	240.909989	A2	64	98	1	-1
1498	240.774119	240.865152	C5	64	65	0	3
1499	240.774119	240.884174	E4	64	67	0	5
1500	240.774119	240.886891	A4	64	69	0	5
1501	241.100206	241.752379	C5	64	90	0	3
1502	241.100206	241.693955	F2	64	96	1	-5
1503	241.426292	241.486075	C5	64	79	0	3
1504	241.426292	241.506455	A4	64	75	0	5
1505	241.426292	241.511890	F4	64	81	0	1
1506	241.752379	242.404552	A4	64	93	0	5
1507	242.078465	242.136889	C5	64	83	0	3
1508	242.078465	242.157270	A4	64	83	0	5
1509	242.078465	242.159987	F4	64	86	0	1
1510	242.078465	242.174933	C2	64	89	1	-5
1511	242.404552	242.729280	C5	64	100	0	3
1512	242.404552	242.829823	C2	64	89	1	-5
1513	242.730638	243.056725	C5	64	104	0	3
1514	242.730638	242.791780	C5	64	76	0	3
1515	242.730638	242.813519	A4	64	76	0	5
1516	242.730638	242.817595	F4	64	79	0	1
1517	243.056725	243.544496	A4	64	87	0	5
1518	243.056725	243.449387	F2	64	85	1	-5
1519	243.382811	243.465692	C5	64	76	0	3
1520	243.382811	243.475203	F4	64	76	0	1
1521	243.382811	243.483355	A4	64	75	0	5
1522	243.545855	245.339330	A4	64	100	0	5
1523	243.708898	244.422212	A2	64	93	1	-1
1524	244.034984	244.096126	C5	64	77	0	3
1525	244.034984	244.112430	E4	64	81	0	5
1526	244.034984	244.119223	A4	64	77	0	5
1527	244.687157	244.752375	C5	64	83	0	3
1528	244.687157	244.763244	E4	64	77	0	5
1529	244.687157	244.772755	A4	64	79	0	5
1530	244.687157	244.786342	E2	64	87	1	-1
1531	245.013244	245.396396	E2	64	86	1	-1
1532	245.339330	245.664058	D5	64	95	0	5
1533	245.339330	245.405906	C5	64	87	0	3
1534	245.339330	245.429004	E4	64	87	0	5
1535	245.339330	245.431722	A4	64	85	0	5
1536	245.665417	245.991503	D5	64	112	0	5
1537	245.665417	245.915417	A2	64	79	1	-1
1538	245.991503	246.317590	C5	64	86	0	3
1539	245.991503	246.068949	C5	64	73	0	3
1540	245.991503	246.073025	A4	64	79	0	5
1541	245.991503	246.074384	E4	64	86	0	5
1542	246.317590	246.642318	D5	64	112	0	5
1543	246.317590	247.013241	D3	64	98	1	-1
1544	246.643676	246.969763	D5	64	112	0	5
1545	246.643676	246.712970	A4	64	79	0	5
1546	246.643676	246.721122	D4	64	74	0	3
1547	246.643676	246.727915	F4	64	85	0	1
1548	246.969763	247.295849	C5	64	95	0	3
1549	247.295849	248.924923	D5	64	112	0	5
1550	247.295849	247.374654	D4	64	74	0	3
1551	247.295849	247.374654	A4	64	87	0	5
1552	247.295849	247.384165	F4	64	85	0	1
1553	247.295849	247.396393	A2	64	85	1	-1
1554	247.621936	248.081174	A2	64	85	1	-1
1555	247.948022	248.017316	A4	64	83	0	5
1556	247.948022	248.021392	D4	64	73	0	3
1557	247.948022	248.029544	F4	64	83	0	1
1558	248.600195	248.664054	A4	64	74	0	5
1559	248.600195	248.689869	D4	64	71	0	3
1560	248.600195	248.689869	F4	64	86	0	1
1561	248.600195	248.702097	A2	64	72	1	-1
1562	248.926282	249.251010	D5	64	108	0	5
1563	248.926282	249.559433	D3	64	79	1	-1
1564	249.252368	249.578455	D5	64	98	0	5
1565	249.252368	249.324379	D4	64	74	0	3
1566	249.252368	249.325738	A4	64	86	0	5
1567	249.252368	249.337966	F4	64	77	0	1
1568	249.578455	249.904541	C5	64	87	0	3
1569	249.904541	250.882801	D5	64	112	0	5
1570	249.904541	249.962965	A4	64	63	0	5
1571	249.904541	249.979270	D4	64	59	0	3
1572	249.904541	249.992857	F4	64	72	0	1
1573	249.904541	250.020030	D3	64	73	1	-1
1574	250.230628	250.704812	D3	64	85	1	-1
1575	250.556714	250.619214	A4	64	87	0	5
1576	250.556714	250.627367	D4	64	76	0	3
1577	250.556714	250.635519	F4	64	90	0	1
1578	250.882801	251.208887	C5	64	86	0	3
1579	250.882801	251.267311	D3	64	93	1	-1
1580	251.208887	251.534974	D5	64	77	0	5
1581	251.534974	251.859702	E5	64	95	0	2
1582	251.534974	251.604267	E4	64	67	0	5
1583	251.534974	251.615137	G#4	64	71	0	4
1584	251.534974	251.615137	B4	64	79	0	2
1585	251.534974	251.630083	E3	64	95	1	-4
1586	251.861060	252.185788	E5	64	81	0	2
1587	251.861060	251.942582	E4	64	74	0	5
1588	251.861060	251.946658	B4	64	86	0	2
1589	251.861060	251.956169	G#4	64	77	0	4
1590	251.861060	251.965680	E3	64	98	1	-4
1591	252.187147	252.511875	E5	64	95	0	2
1592	252.187147	252.267310	E4	64	72	0	5
1593	252.187147	252.267310	B4	64	83	0	2
1594	252.187147	252.280897	G#4	64	77	0	4
1595	252.187147	252.294484	E3	64	95	1	-4
1596	252.513233	252.839320	E5	64	85	0	2
1597	252.513233	252.587962	E4	64	68	0	5
1598	252.513233	252.597472	B4	64	83	0	2
1599	252.513233	252.609701	G#4	64	76	0	4
1600	252.513233	252.632798	E3	64	100	1	-4
1601	252.839320	253.491493	G5	64	104	0	5
1602	252.839320	252.916765	E4	64	68	0	5
1603	252.839320	252.919483	B4	64	85	0	2
1604	252.839320	252.933070	G#4	64	76	0	4
1605	252.839320	252.946657	E3	64	98	1	-4
1606	253.165406	253.242852	E4	64	69	0	5
1607	253.165406	253.246928	B4	64	83	0	2
1608	253.165406	253.256439	G#4	64	77	0	4
1609	253.165406	253.271385	E3	64	104	1	-4
1610	253.491493	253.817579	D5	64	95	0	5
1611	253.491493	253.563504	E4	64	71	0	5
1612	253.491493	253.568938	B4	64	85	0	2
1613	253.491493	253.582525	G#4	64	76	0	4
1614	253.491493	253.602906	E3	64	104	1	-4
1615	253.817579	257.404531	E5	64	114	0	2
1616	253.817579	253.888232	E4	64	69	0	5
1617	253.817579	253.895025	B4	64	85	0	2
1618	253.817579	253.903177	G#4	64	75	0	4
1619	253.817579	253.923558	E3	64	104	1	-4
1620	254.143666	255.965674	B4	64	104	0	2
1621	254.143666	255.969750	E4	64	93	0	5
1622	254.143666	255.973826	G#4	64	98	0	4
1623	254.143666	256.503717	E3	64	89	1	-4
1624	257.404531	257.730617	E4	64	95	0	5
1625	257.730617	258.056704	G4	64	76	0	3
1626	258.056704	258.382790	C5	64	104	0	3
1627	258.382790	258.708877	B4	64	83	0	2
1628	258.708877	259.034963	A4	64	77	0	5
1629	258.708877	259.151811	E4	64	72	0	5
1630	258.708877	259.165398	B4	64	69	0	2
1631	258.708877	259.170833	G#4	64	69	0	4
1632	259.034963	259.361050	G4	64	86	0	3
1633	259.361050	262.621915	A4	64	104	0	5
1634	259.361050	260.058060	A2	64	69	1	-1
1635	259.361050	260.058060	A3	64	69	1	-4
1636	259.687136	259.753712	E5	64	81	0	2
1637	259.687136	259.761865	A4	64	79	0	5
1638	259.687136	259.763223	C5	64	86	0	3
1639	260.339309	260.420831	A4	64	74	0	5
1640	260.339309	260.424907	E5	64	76	0	2
1641	260.339309	260.427625	C5	64	79	0	3
1642	260.339309	260.468385	E2	64	85	1	-1
1643	260.339309	260.468385	E3	64	85	1	-4
1644	260.665396	261.361047	E2	64	83	1	-1
1645	260.665396	261.361047	E3	64	83	1	-4
1646	260.991482	261.060776	E5	64	81	0	2
1647	260.991482	261.070287	C5	64	85	0	3
1648	260.991482	261.077080	A4	64	81	0	5
1649	261.643655	261.775449	E2	64	81	1	-1
1650	261.643655	261.775449	E3	64	81	1	-4
1651	261.643655	261.930340	E5	64	83	0	2
1652	261.643655	261.945285	C5	64	87	0	3
1653	261.643655	261.946644	A4	64	87	0	5
1654	261.969742	262.757784	A2	64	89	1	-1
1655	261.969742	262.757784	A3	64	89	1	-4
1656	262.295828	262.361046	E5	64	77	0	2
1657	262.295828	262.374633	C5	64	81	0	3
1658	262.295828	262.382785	A4	64	83	0	5
1659	262.621915	262.948001	E4	64	95	0	5
1660	262.948001	263.274088	G4	64	93	0	3
1661	262.948001	263.021371	E5	64	93	0	2
1662	262.948001	263.033599	A4	64	86	0	5
1663	262.948001	263.034958	C5	64	90	0	3
1664	262.948001	263.067566	E2	64	86	1	-1
1665	262.948001	263.067566	E3	64	86	1	-4
1666	263.274088	263.600174	C5	64	93	0	3
1667	263.274088	263.935772	E2	64	85	1	-1
1668	263.274088	263.935772	E3	64	85	1	-4
1669	263.600174	263.926261	B4	64	98	0	2
1670	263.600174	263.684413	E5	64	90	0	2
1671	263.600174	263.695283	C5	64	93	0	3
1672	263.600174	263.706153	A4	64	90	0	5
1673	263.926261	264.252347	A4	64	93	0	5
1674	263.926261	264.267293	A2	64	90	1	-1
1675	263.926261	264.267293	A3	64	90	1	-4
1676	264.252347	264.578434	G4	64	83	0	3
1677	264.252347	264.340663	E5	64	87	0	2
1678	264.252347	264.350173	A4	64	85	0	5
1679	264.252347	264.351532	C5	64	86	0	3
1680	264.252347	264.382782	E2	64	72	1	-1
1681	264.252347	264.382782	E3	64	72	1	-4
1682	264.578434	267.837940	E4	64	95	0	5
1683	264.578434	265.308052	C3	64	95	1	-3
1684	264.904520	264.971096	G4	64	100	0	3
1685	264.904520	264.979249	C4	64	83	0	1
1686	264.904520	264.986042	E4	64	90	0	5
1687	265.556693	265.628704	G4	64	98	0	3
1688	265.556693	265.634139	C4	64	81	0	1
1689	265.556693	265.640932	E4	64	98	0	5
1690	265.556693	265.687128	G2	64	85	1	-3
1691	265.882780	266.559409	G2	64	85	1	-3
1692	266.208866	266.267290	G4	64	93	0	3
1693	266.208866	266.278160	C4	64	69	0	1
1694	266.208866	266.291747	E4	64	93	0	5
1695	266.861039	266.986039	G4	64	98	0	3
1696	266.861039	267.022724	E4	64	95	0	5
1697	266.861039	267.029517	C4	64	85	0	1
1698	266.861039	267.051257	G2	64	83	1	-3
1699	267.187126	268.037668	C3	64	90	1	-3
1700	267.513212	267.587941	G4	64	86	0	3
1701	267.513212	267.593375	C4	64	72	0	1
1702	267.513212	267.598810	E4	64	85	0	5
1703	267.839299	268.165385	E4	64	86	0	5
1704	268.165385	268.491472	G4	64	81	0	3
1705	268.165385	268.233320	G4	64	104	0	3
1706	268.165385	268.242831	E4	64	108	0	5
1707	268.165385	268.245548	C4	64	93	0	1
1708	268.165385	268.295820	G2	64	93	1	-3
1709	268.491472	268.817558	C5	64	95	0	3
1710	268.491472	269.142286	G2	64	81	1	-3
1711	268.817558	269.143645	B4	64	85	0	2
1712	268.817558	268.893645	G4	64	100	0	3
1713	268.817558	268.899080	E4	64	98	0	5
1714	268.817558	268.908591	C4	64	87	0	1
1715	269.143645	269.469731	A4	64	81	0	5
1716	269.143645	269.869187	C3	64	95	1	-3
1717	269.469731	269.795818	G4	64	79	0	3
1718	269.469731	269.560764	G4	64	100	0	3
1719	269.469731	269.570275	C4	64	85	0	1
1720	269.469731	269.578427	E4	64	98	0	5
1721	269.795818	273.056683	A4	64	104	0	5
1722	269.795818	270.492828	A2	64	98	1	-1
1723	270.121904	270.197991	E4	64	74	0	5
1724	270.121904	270.206143	C5	64	77	0	3
1725	270.121904	270.211578	A4	64	74	0	5
1726	270.774077	270.842012	C5	64	85	0	3
1727	270.774077	270.852882	E4	64	87	0	5
1728	270.774077	270.859675	A4	64	87	0	5
1729	270.774077	270.922175	E2	64	95	1	-1
1730	271.100164	271.846087	E2	64	95	1	-1
1731	271.426250	271.500979	C5	64	90	0	3
1732	271.426250	271.502337	E4	64	90	0	5
1733	271.426250	271.506413	A4	64	83	0	5
1734	272.078423	272.227880	E2	64	90	1	-1
1735	272.078423	272.397716	C5	64	95	0	3
1736	272.078423	272.400434	E4	64	87	0	5
1737	272.078423	272.400434	A4	64	85	0	5
1738	272.404510	273.153150	A2	64	95	1	-1
1739	272.730596	272.812118	C5	64	90	0	3
1740	272.730596	272.817553	E4	64	81	0	5
1741	272.730596	272.818912	A4	64	79	0	5
1742	273.056683	273.382769	E4	64	79	0	5
1743	273.382769	273.708856	G4	64	74	0	3
1744	273.382769	273.469726	C5	64	83	0	3
1745	273.382769	273.472443	A4	64	81	0	5
1746	273.382769	273.476519	E4	64	83	0	5
1747	273.382769	273.505052	E2	64	83	1	-1
1748	273.708856	274.072986	C5	64	98	0	3
1749	273.708856	274.433040	E2	64	86	1	-1
1750	274.034942	274.384127	B4	64	79	0	2
1751	274.034942	274.121899	C5	64	93	0	3
1752	274.034942	274.124616	A4	64	87	0	5
1753	274.034942	274.131410	E4	64	93	0	5
1754	274.361029	274.706137	A4	64	79	0	5
1755	274.687115	275.045811	B4	64	79	0	2
1756	274.687115	274.775431	A4	64	87	0	5
1757	274.687115	274.775431	C5	64	87	0	3
1758	274.687115	274.812115	E4	64	98	0	5
1759	274.687115	274.836572	E2	64	79	1	-1
1760	275.013202	278.274067	A4	64	77	0	5
1761	275.013202	275.759125	A2	64	98	1	-1
1762	275.339288	275.415375	E4	64	83	0	5
1763	275.339288	275.416734	C5	64	86	0	3
1764	275.339288	275.427604	A4	64	83	0	5
1765	275.991461	276.059396	C4	64	64	0	1
1766	275.991461	276.062114	A4	64	81	0	5
1767	275.991461	276.063472	E4	64	77	0	5
1768	275.991461	276.068907	C5	64	86	0	3
1769	275.991461	276.125972	E2	64	76	1	-1
1770	276.643634	276.742819	E4	64	86	0	5
1771	276.643634	276.750971	C4	64	75	0	1
1772	276.643634	276.752330	A4	64	75	0	5
1773	276.969721	277.394992	A2	64	74	1	-1
1774	277.295807	277.361025	C4	64	63	0	1
1775	277.295807	277.370536	E4	64	85	0	5
1776	277.295807	277.371894	A4	64	74	0	5
1777	277.621894	277.672166	C4	64	47	0	1
1778	277.621894	277.695263	A4	64	62	0	5
1779	277.621894	277.699339	E4	64	63	0	5
1780	277.947980	278.028143	A4	64	77	0	5
1781	277.947980	278.033578	E4	64	90	0	5
1782	277.947980	278.036296	C4	64	74	0	1
1783	278.274067	278.600153	E4	64	95	0	5
1784	278.274067	278.621893	A2	64	86	1	-1
1785	278.600153	278.926240	G4	64	76	0	3
1786	278.600153	278.672164	C4	64	64	0	1
1787	278.600153	278.681675	E4	64	86	0	5
1788	278.600153	278.683034	A4	64	74	0	5
1789	278.926240	279.252326	C5	64	104	0	3
1790	279.252326	279.578413	B4	64	83	0	2
1791	279.252326	279.491457	E4	64	90	0	5
1792	279.252326	279.496891	A4	64	85	0	5
1793	279.252326	279.502326	C4	64	75	0	1
1794	279.578413	279.904499	A4	64	77	0	5
1795	279.578413	279.873249	A2	64	90	1	-1
1796	279.904499	280.230586	G4	64	86	0	3
1797	279.904499	279.962923	C4	64	61	0	1
1798	279.904499	279.968358	A4	64	85	0	5
1799	279.904499	279.972434	E4	64	90	0	5
1800	280.230586	283.491451	A4	64	104	0	5
1801	280.230586	280.927596	A2	64	69	1	-1
1802	280.230586	280.927596	A3	64	69	1	-4
1803	280.556672	280.623248	E5	64	81	0	2
1804	280.556672	280.631401	A4	64	79	0	5
1805	280.556672	280.632759	C5	64	86	0	3
1806	281.208845	281.290367	A4	64	74	0	5
1807	281.208845	281.294443	E5	64	76	0	2
1808	281.208845	281.297161	C5	64	79	0	3
1809	281.208845	281.337921	E2	64	85	1	-1
1810	281.208845	281.337921	E3	64	85	1	-4
1811	281.534932	282.230583	E2	64	83	1	-1
1812	281.534932	282.230583	E3	64	83	1	-4
1813	281.861018	281.930312	E5	64	81	0	2
1814	281.861018	281.939823	C5	64	85	0	3
1815	281.861018	281.946616	A4	64	81	0	5
1816	282.513191	282.644985	E2	64	81	1	-1
1817	282.513191	282.644985	E3	64	81	1	-4
1818	282.513191	282.799876	E5	64	83	0	2
1819	282.513191	282.814821	C5	64	87	0	3
1820	282.513191	282.816180	A4	64	87	0	5
1821	282.839278	283.627320	A2	64	98	1	-1
1822	282.839278	283.627320	A3	64	98	1	-4
1823	283.165364	283.230582	E5	64	77	0	2
1824	283.165364	283.244169	C5	64	81	0	3
1825	283.165364	283.252321	A4	64	83	0	5
1826	283.491451	283.817537	E4	64	95	0	5
1827	283.817537	284.143624	G4	64	93	0	3
1828	283.817537	283.890907	E5	64	93	0	2
1829	283.817537	283.903135	A4	64	86	0	5
1830	283.817537	283.904494	C5	64	90	0	3
1831	283.817537	283.937102	E2	64	86	1	-1
1832	283.817537	283.937102	E3	64	86	1	-4
1833	284.143624	284.469710	C5	64	93	0	3
1834	284.143624	284.805308	E2	64	85	1	-1
1835	284.143624	284.805308	E3	64	85	1	-4
1836	284.469710	284.795797	B4	64	98	0	2
1837	284.469710	284.553949	E5	64	90	0	2
1838	284.469710	284.564819	C5	64	93	0	3
1839	284.469710	284.575689	A4	64	90	0	5
1840	284.795797	285.121883	A4	64	93	0	5
1841	284.795797	285.136829	A2	64	90	1	-1
1842	284.795797	285.136829	A3	64	90	1	-4
1843	285.121883	285.447970	G4	64	83	0	3
1844	285.121883	285.210199	E5	64	87	0	2
1845	285.121883	285.219709	A4	64	85	0	5
1846	285.121883	285.221068	C5	64	86	0	3
1847	285.121883	285.252318	E2	64	72	1	-1
1848	285.121883	285.252318	E3	64	72	1	-4
1849	285.447970	288.707476	E4	64	95	0	5
1850	285.447970	286.177588	C3	64	80	1	-3
1851	285.774056	285.840632	G4	64	100	0	3
1852	285.774056	285.848785	C4	64	83	0	1
1853	285.774056	285.855578	E4	64	90	0	5
1854	286.426229	286.498240	G4	64	98	0	3
1855	286.426229	286.503675	C4	64	81	0	1
1856	286.426229	286.510468	E4	64	98	0	5
1857	286.426229	286.556664	G2	64	85	1	-3
1858	286.752316	287.428945	G2	64	85	1	-3
1859	287.078402	287.136826	G4	64	93	0	3
1860	287.078402	287.147696	C4	64	69	0	1
1861	287.078402	287.161283	E4	64	93	0	5
1862	287.730575	287.855575	G4	64	98	0	3
1863	287.730575	287.892260	E4	64	95	0	5
1864	287.730575	287.899053	C4	64	85	0	1
1865	287.730575	287.920793	G2	64	83	1	-3
1866	288.056662	288.907204	C3	64	91	1	-3
1867	288.382748	288.457477	G4	64	86	0	3
1868	288.382748	288.462911	C4	64	72	0	1
1869	288.382748	288.468346	E4	64	85	0	5
1870	288.708835	289.034921	E4	64	86	0	5
1871	289.034921	289.361008	G4	64	81	0	3
1872	289.034921	289.102856	G4	64	104	0	3
1873	289.034921	289.112367	E4	64	108	0	5
1874	289.034921	289.115084	C4	64	93	0	1
1875	289.034921	289.165356	G2	64	93	1	-3
1876	289.361008	289.687094	C5	64	95	0	3
1877	289.361008	290.011822	G2	64	81	1	-3
1878	289.687094	290.013181	B4	64	85	0	2
1879	289.687094	289.763181	G4	64	100	0	3
1880	289.687094	289.768616	E4	64	98	0	5
1881	289.687094	289.778127	C4	64	87	0	1
1882	290.013181	290.339267	A4	64	81	0	5
1883	290.013181	290.738723	C3	64	95	1	-3
1884	290.339267	290.665354	G4	64	79	0	3
1885	290.339267	290.430300	G4	64	100	0	3
1886	290.339267	290.439811	C4	64	85	0	1
1887	290.339267	290.447963	E4	64	98	0	5
1888	290.665354	293.926219	A4	64	104	0	5
1889	290.665354	291.362364	A3	64	98	1	-4
1890	290.991440	291.067527	E4	64	74	0	5
1891	290.991440	291.075679	C5	64	77	0	3
1892	290.991440	291.081114	A4	64	74	0	5
1893	291.643613	291.711548	C5	64	85	0	3
1894	291.643613	291.722418	E4	64	87	0	5
1895	291.643613	291.729211	A4	64	87	0	5
1896	291.643613	291.791711	E3	64	95	1	-4
1897	291.969700	292.715623	E3	64	95	1	-4
1898	292.295786	292.370515	C5	64	90	0	3
1899	292.295786	292.371873	E4	64	90	0	5
1900	292.295786	292.375949	A4	64	83	0	5
1901	292.947959	293.097416	E3	64	90	1	-4
1902	292.947959	293.267252	C5	64	95	0	3
1903	292.947959	293.269970	E4	64	87	0	5
1904	292.947959	293.269970	A4	64	85	0	5
1905	293.274046	294.022686	A3	64	95	1	-4
1906	293.600132	293.681654	C5	64	90	0	3
1907	293.600132	293.687089	E4	64	81	0	5
1908	293.600132	293.688448	A4	64	79	0	5
1909	293.926219	294.252305	E4	64	79	0	5
1910	294.252305	294.578392	G4	64	74	0	3
1911	294.252305	294.339262	C5	64	83	0	3
1912	294.252305	294.341979	A4	64	81	0	5
1913	294.252305	294.346055	E4	64	83	0	5
1914	294.252305	294.374588	E3	64	83	1	-4
1915	294.578392	294.942522	C5	64	98	0	3
1916	294.578392	295.302576	E3	64	86	1	-4
1917	294.904478	295.253663	B4	64	79	0	2
1918	294.904478	294.991435	C5	64	93	0	3
1919	294.904478	294.994152	A4	64	87	0	5
1920	294.904478	295.000946	E4	64	93	0	5
1921	295.230565	295.575673	A4	64	79	0	5
1922	295.556651	295.915347	B4	64	79	0	2
1923	295.556651	295.644967	A4	64	87	0	5
1924	295.556651	295.644967	C5	64	87	0	3
1925	295.556651	295.681651	E4	64	98	0	5
1926	295.556651	295.706108	E3	64	79	1	-4
1927	295.882738	299.143603	A4	64	77	0	5
1928	295.882738	296.628661	A3	64	98	1	-4
1929	296.208824	296.284911	E4	64	83	0	5
1930	296.208824	296.286270	C5	64	86	0	3
1931	296.208824	296.297140	A4	64	83	0	5
1932	296.860997	296.938443	C5	64	86	0	3
1933	296.860997	296.943878	E4	64	77	0	5
1934	296.860997	296.952030	A4	64	81	0	5
1935	296.860997	296.995508	E3	64	76	1	-4
1936	297.187084	297.604203	A2	64	61	1	-1
1937	297.513170	297.579746	C5	64	70	0	3
1938	297.513170	297.589257	E4	64	69	0	5
1939	297.513170	297.590616	A4	64	71	0	5
1940	298.165343	298.498223	A4	64	65	0	5
1941	298.165343	298.505017	C5	64	72	0	3
1942	298.165343	298.521321	E4	64	72	0	5
1943	298.491430	299.010451	A2	64	81	1	-1
1944	298.817516	298.877299	C5	64	67	0	3
1945	298.817516	298.890886	E4	64	64	0	5
1946	298.817516	298.893603	A4	64	70	0	5
1947	299.143603	299.473766	E4	64	79	0	5
1948	299.469689	299.795776	G4	64	68	0	3
1949	299.469689	299.806645	A4	64	76	0	5
1950	299.469689	299.812080	C5	64	81	0	3
1951	299.469689	299.813439	E4	64	75	0	5
1952	299.795776	300.163982	C5	64	73	0	3
1953	299.795776	300.237351	A2	64	74	1	-1
1954	300.121862	300.505014	B4	64	79	0	2
1955	300.121862	300.193873	C5	64	86	0	3
1956	300.121862	300.199308	E4	64	76	0	5
1957	300.121862	300.202025	A4	64	83	0	5
1958	300.447949	300.803927	A4	64	64	0	5
1959	300.774035	301.149035	G4	64	74	0	3
1960	300.774035	301.090611	C5	64	77	0	3
1961	300.774035	301.096046	A4	64	74	0	5
1962	300.774035	301.104198	E4	64	71	0	5
1963	301.100122	304.360987	A4	64	83	0	5
1964	301.100122	301.745501	A2	64	85	1	-1
1965	301.752295	301.828382	C5	64	81	0	3
1966	301.752295	301.831099	E4	64	75	0	5
1967	301.752295	301.835175	A4	64	75	0	5
1968	302.730554	302.794413	C5	64	69	0	3
1969	302.730554	302.799848	E4	64	69	0	5
1970	302.730554	302.803924	A4	64	68	0	5
1971	303.382727	306.427560	C5	64	69	0	3
1972	303.382727	306.457451	E4	64	64	0	5
1973	303.382727	306.460169	A4	64	65	0	5
1974	303.382727	306.544408	A2	64	56	1	-1
1975	304.360987	304.863704	E4	64	70	0	5
1976	304.850117	305.356909	G4	64	67	0	3
1977	305.339246	305.937072	C5	64	87	0	3
1978	305.828376	306.480549	B4	64	75	0	2
1979	306.480549	307.168048	A4	64	98	0	5
1980	306.643592	307.784895	G2	64	65	1	-3
1981	306.806636	307.306635	D4	64	52	0	3
1982	307.132722	307.920765	G4	64	76	0	3
1983	307.784895	314.999559	A4	64	75	0	5
1984	307.784895	312.653095	A2	64	72	1	-1
1985	307.784895	312.721030	E4	64	52	0	5
1986	307.947938	312.839236	A4	64	61	0	5
1987	308.110982	312.836519	C5	64	47	0	3
1988	313.109616	315.928906	A3	64	51	1	-4
1989	313.129996	315.938416	C4	64	64	0	1
1990	313.173475	315.992764	A2	64	59	1	-1
1991	313.722387	314.786244	E4	64	54	0	5
1992	314.187060	314.757712	G4	64	63	0	3
1993	314.655809	316.491405	C5	64	53	0	3
