//Version: PianoFingering_v170101
0	0.554347	1.300723	G2	64	90	1	-3
1	0.557970	1.333331	D3	64	98	1	-1
2	1.527172	2.545286	G2	64	98	1	-3
3	1.543476	2.494562	D3	64	93	1	-1
4	2.568837	3.900357	E3	64	68	1	-4
5	2.581518	3.942023	C3	64	84	1	-3
6	4.007241	4.447458	F#3	64	98	1	-2
7	4.010864	4.476443	D3	64	98	1	-1
8	4.561588	5.478253	D3	64	98	1	-1
9	4.565211	5.471007	B2	64	98	1	-4
10	5.476442	5.860499	B2	64	98	1	-4
11	5.483688	5.867745	D3	64	98	1	-1
12	5.485500	5.492746	G2	64	98	1	-3
13	5.878615	8.282597	C3	64	98	1	-3
14	5.880427	8.307959	E3	64	98	1	-4
15	8.342380	9.090567	G2	64	98	1	-3
16	8.356872	9.123176	D3	64	98	1	-1
17	9.273538	9.719189	G2	64	98	1	-3
18	9.275349	9.713755	D3	64	98	1	-1
19	9.708320	10.827883	E3	64	98	1	-4
20	10.543463	11.293462	G3	64	98	1	-1
21	10.547087	10.829695	C3	64	98	1	-3
22	11.253607	11.815201	A3	64	98	1	-4
23	11.260854	11.786215	F#3	64	98	1	-2
24	11.264477	11.820636	D3	64	98	1	-1
25	11.980056	12.409403	D4	64	98	0	3
26	11.980056	12.567011	A4	64	98	0	5
27	11.980056	12.574258	G4	64	98	0	3
28	11.980056	12.657591	D2	64	87	1	-3
29	11.980056	12.661214	D3	64	98	1	-1
30	12.849620	15.458312	F#4	64	98	0	2
31	12.849620	15.470993	A4	64	98	0	5
32	12.849620	15.619543	D3	64	98	1	-1
33	12.849620	15.621355	D2	64	87	1	-3
34	13.711937	15.483674	D1	64	98	1	-5
35	15.023530	15.427515	D4	64	90	0	3
36	15.458312	16.586933	B4	64	90	0	2
37	15.458312	16.150340	D4	64	98	0	3
38	15.458312	16.168456	B3	64	98	1	-2
39	15.458312	17.438381	G2	64	98	1	-3
40	15.893094	16.485484	D3	64	78	1	-1
41	16.327876	16.773527	D4	64	98	0	3
42	16.327876	17.023527	B3	64	98	1	-2
43	16.762658	17.153961	B4	64	90	0	2
44	16.762658	17.295266	D3	64	88	1	-1
45	17.197440	17.601425	C5	64	90	0	3
46	17.197440	17.657584	D4	64	98	0	3
47	17.197440	17.702874	B3	64	98	1	-2
48	17.632222	18.072438	B4	64	90	0	2
49	17.632222	18.023525	G2	64	98	1	-3
50	18.067004	18.481858	A4	64	90	0	5
51	18.067004	18.884032	D4	64	98	0	3
52	18.067004	18.929321	B3	64	98	1	-2
53	18.501786	18.760843	G4	64	90	0	3
54	18.501786	18.862292	F#2	64	98	1	-4
55	18.719177	19.697436	A4	64	90	0	5
56	18.936568	21.806129	E2	64	98	1	-1
57	19.371350	21.730042	B2	64	65	1	-4
58	19.806132	20.012653	A4	64	90	0	5
59	19.806132	19.960117	G3	64	98	1	-1
60	19.806132	19.992726	B3	64	98	1	-2
61	20.023523	20.253595	G4	64	90	0	3
62	20.240914	21.360477	B4	64	90	0	2
63	20.240914	20.797072	E3	64	59	1	-4
64	20.675696	21.204680	B3	64	98	1	-2
65	20.675696	21.217362	G4	64	98	0	3
66	20.675696	21.237289	E4	64	98	0	5
67	21.110478	21.483666	E3	64	71	1	-4
68	21.545260	21.920259	A4	64	90	0	5
69	21.545260	21.969172	G4	64	98	0	3
70	21.545260	21.972795	E4	64	98	0	5
71	21.980042	22.128592	B4	64	90	0	2
72	21.980042	22.393085	B3	64	96	1	-2
73	22.197433	23.306127	C5	64	90	0	3
74	22.414824	22.545258	C4	64	98	0	1
75	22.414824	22.570621	E4	64	98	0	5
76	22.414824	25.554312	A2	64	98	1	-1
77	22.849606	25.541631	E3	64	65	1	-4
78	23.284388	23.737286	C5	64	98	0	3
79	23.284388	23.813372	A4	64	98	0	5
80	23.284388	23.815184	E4	64	96	0	5
81	23.719170	24.269894	A3	64	84	1	-4
82	24.153952	24.472792	C5	64	90	0	3
83	24.153952	24.682936	E4	64	98	0	5
84	24.153952	24.708299	C5	64	98	0	3
85	24.153952	24.853226	A4	64	98	0	5
86	24.588734	24.786197	B4	64	90	0	2
87	24.588734	25.211921	A3	64	60	1	-4
88	24.806125	25.469167	A4	64	90	0	5
89	25.023516	25.411196	A4	64	98	0	5
90	25.023516	25.422066	C5	64	98	0	3
91	25.458298	25.617718	G4	64	90	0	3
92	25.458298	25.882210	A3	64	90	1	-4
93	25.675689	26.634021	G4	64	90	0	3
94	25.893080	26.481847	D4	64	98	0	3
95	25.893080	26.505398	A4	64	98	0	5
96	25.893080	26.552499	F#4	64	98	0	2
97	25.893080	27.081484	D3	64	95	1	-1
98	26.327862	26.889455	A3	64	64	1	-4
99	26.762644	27.056122	A4	64	90	0	5
100	26.762644	27.043440	D4	64	96	0	3
101	26.762644	27.297063	A4	64	98	0	5
102	26.762644	27.307933	F#4	64	98	0	2
103	27.197426	28.362279	A4	64	90	0	5
104	27.197426	27.514454	D4	64	98	0	3
105	27.632208	28.342352	A3	64	98	1	-4
106	27.632208	28.347786	D4	64	98	0	3
107	27.632208	28.353221	F#4	64	98	0	2
108	27.632208	28.389453	D2	64	87	1	-3
109	28.501772	28.820612	B4	64	90	0	2
110	28.501772	29.244524	F#4	64	98	0	2
111	28.501772	29.255394	D4	64	98	0	3
112	28.501772	29.318800	C2	64	98	1	-5
113	28.936554	29.027133	C5	64	90	0	3
114	29.153945	30.554305	D5	64	90	0	5
115	29.371336	29.884016	F#4	64	98	0	2
116	29.371336	29.894886	D4	64	98	0	3
117	29.371336	29.958291	B3	64	98	1	-2
118	29.371336	32.117709	B1	64	94	1	-1
119	29.806118	31.179304	B2	64	55	1	-4
120	30.240900	30.740899	F#4	64	98	0	2
121	30.240900	30.753580	D4	64	98	0	3
122	30.240900	30.791624	B3	64	98	1	-2
123	30.675682	30.851406	D5	64	90	0	5
124	30.675682	32.095970	F#2	64	61	1	-4
125	31.110464	31.552492	D5	64	90	0	5
126	31.110464	31.662999	B3	64	98	1	-2
127	31.110464	31.699231	F#4	64	98	0	2
128	31.110464	31.713724	D4	64	98	0	3
129	31.545246	31.909376	C5	64	90	0	3
130	31.545246	32.019883	B2	64	65	1	-4
131	31.980028	32.434737	B4	64	90	0	2
132	31.980028	32.409375	F#4	64	98	0	2
133	31.980028	32.634012	D4	64	98	0	3
134	32.414810	32.619520	A4	64	90	0	5
135	32.414810	32.807925	B3	64	90	1	-2
136	32.632201	32.849592	G4	64	90	0	3
137	32.849592	33.400316	A4	64	90	0	5
138	32.849592	33.204664	B3	64	98	1	-2
139	32.849592	33.237272	G#4	64	98	0	4
140	32.849592	33.240895	E4	64	98	0	5
141	32.849592	34.905748	E2	64	98	1	-1
142	33.284374	33.595967	B4	64	90	0	2
143	33.284374	33.691982	B2	64	82	1	-4
144	33.719156	34.103213	C5	64	90	0	3
145	33.719156	34.480024	B3	64	98	1	-2
146	33.719156	34.485459	E3	64	98	1	-4
147	33.719156	34.496329	G#3	64	98	1	-5
148	34.153938	35.066980	B4	64	90	0	2
149	34.588720	35.465530	B3	64	98	1	-2
150	34.588720	35.470965	G#3	64	98	1	-5
151	34.588720	35.480023	E3	64	98	1	-4
152	35.023502	35.449226	E2	64	98	1	-1
153	35.458284	35.864080	A4	64	90	0	5
154	35.458284	35.847776	F#2	64	98	1	-4
155	35.893066	36.103210	B4	64	90	0	2
156	35.893066	36.280746	G#2	64	98	1	-2
157	36.110457	36.581471	D5	64	90	0	5
158	36.327848	37.056108	A3	64	98	1	-4
159	36.327848	37.088716	E4	64	98	0	5
160	36.327848	37.090528	C4	64	98	0	1
161	36.327848	37.568788	A2	64	98	1	-1
162	36.762630	37.775309	C5	64	90	0	3
163	37.197412	37.900309	A3	64	98	1	-4
164	37.197412	37.914802	E4	64	98	0	5
165	37.197412	37.918425	C4	64	98	0	1
166	38.066976	38.445598	C5	64	90	0	3
167	38.066976	38.552482	A3	64	98	1	-4
168	38.066976	38.782554	C4	64	98	0	1
169	38.066976	38.795236	E4	64	98	0	5
170	38.066976	39.036177	A2	64	68	1	-1
171	38.501758	38.905743	B4	64	90	0	2
172	38.501758	39.003569	E3	64	83	1	-4
173	38.936540	39.329655	A4	64	90	0	5
174	38.936540	39.385814	E4	64	98	0	5
175	38.936540	39.543423	C4	64	98	0	1
176	39.371322	39.590524	G4	64	90	0	3
177	39.371322	39.704655	A3	64	94	1	-4
178	39.588713	39.784365	E4	64	90	0	5
179	39.588713	39.644872	F#4	64	57	0	2
180	39.806104	40.217335	G4	64	90	0	3
181	39.806104	39.916611	D2	64	93	1	-3
182	39.806104	40.168422	A3	64	98	1	-4
183	39.806104	40.211900	D4	64	98	0	3
184	39.806104	40.242697	F#4	64	98	0	2
185	40.240886	40.420233	A4	64	90	0	5
186	40.240886	42.731824	D3	64	73	1	-1
187	40.458277	40.601392	G4	64	90	0	3
188	40.675668	41.106827	G4	64	90	0	3
189	40.675668	41.202841	F#4	64	98	0	2
190	40.675668	41.231826	D4	64	98	0	3
191	40.675668	41.264435	A4	64	98	0	5
192	41.110450	42.449216	A4	64	90	0	5
193	41.110450	41.704652	A3	64	55	1	-4
194	41.545232	42.050666	F#4	64	98	0	2
195	41.545232	42.094144	D4	64	98	0	3
196	41.545232	42.105014	A4	64	92	0	5
197	41.980014	42.474578	A3	64	69	1	-4
198	42.414796	43.324215	A4	64	98	0	5
199	42.414796	43.326026	F#4	64	98	0	2
200	42.414796	43.340519	E4	64	98	0	5
201	42.632187	42.730013	A3	64	93	1	-4
202	42.849578	43.253563	D4	64	90	0	3
203	43.284360	44.412981	B4	64	90	0	2
204	43.284360	43.353200	D4	64	98	0	3
205	43.284360	43.994504	B3	64	98	1	-2
206	43.284360	45.264429	G2	64	98	1	-3
207	43.719142	44.311532	D3	64	78	1	-1
208	44.153924	44.599575	D4	64	98	0	3
209	44.153924	44.849575	B3	64	98	1	-2
210	44.588706	44.980009	B4	64	90	0	2
211	44.588706	45.121314	D3	64	88	1	-1
212	45.023488	45.427473	C5	64	90	0	3
213	45.023488	45.483632	D4	64	98	0	3
214	45.023488	45.528922	B3	64	98	1	-2
215	45.458270	45.898486	B4	64	90	0	2
216	45.458270	45.849573	G2	64	98	1	-3
217	45.893052	46.307906	A4	64	90	0	5
218	45.893052	46.710080	D4	64	98	0	3
219	45.893052	46.755369	B3	64	98	1	-2
220	46.327834	46.762616	G4	64	90	0	3
221	46.327834	46.688340	F#2	64	98	1	-4
222	46.762616	47.429281	A4	64	90	0	5
223	46.762616	49.632177	E2	64	98	1	-1
224	47.197398	49.556090	B2	64	65	1	-4
225	47.632180	47.838701	A4	64	90	0	5
226	47.632180	47.786165	G3	64	98	1	-1
227	47.632180	47.818774	B3	64	98	1	-2
228	47.849571	48.079643	G4	64	90	0	3
229	48.066962	49.186525	B4	64	90	0	2
230	48.066962	48.623120	E3	64	59	1	-4
231	48.501744	49.030728	B3	64	98	1	-2
232	48.501744	49.043410	G4	64	98	0	3
233	48.501744	49.063337	E4	64	98	0	5
234	48.936526	49.309714	E3	64	71	1	-4
235	49.371308	49.746307	A4	64	90	0	5
236	49.371308	49.795220	G4	64	98	0	3
237	49.371308	49.798843	E4	64	98	0	5
238	49.806090	49.954640	B4	64	90	0	2
239	49.806090	50.219133	B3	64	96	1	-2
240	50.023481	51.132175	C5	64	90	0	3
241	50.240872	50.371306	C4	64	98	0	1
242	50.240872	50.396669	E4	64	98	0	5
243	50.240872	53.380360	A2	64	98	1	-1
244	50.675654	53.367679	E3	64	65	1	-4
245	51.110436	51.563334	C5	64	98	0	3
246	51.110436	51.639420	A4	64	98	0	5
247	51.110436	51.641232	E4	64	96	0	5
248	51.545218	52.095942	A3	64	84	1	-4
249	51.980000	52.298840	C5	64	90	0	3
250	51.980000	52.508984	E4	64	98	0	5
251	51.980000	52.534347	C5	64	98	0	3
252	51.980000	52.679274	A4	64	98	0	5
253	52.414782	52.849564	B4	64	90	0	2
254	52.414782	53.037969	A3	64	60	1	-4
255	52.849564	53.166592	A4	64	90	0	5
256	52.849564	53.237244	A4	64	98	0	5
257	52.849564	53.248114	C5	64	98	0	3
258	53.284346	53.443766	G4	64	90	0	3
259	53.284346	53.708258	A3	64	90	1	-4
260	53.501737	54.460069	G4	64	90	0	3
261	53.719128	54.307895	D4	64	98	0	3
262	53.719128	54.331446	A4	64	98	0	5
263	53.719128	54.378547	F#4	64	98	0	2
264	53.719128	54.907532	D3	64	95	1	-1
265	54.153910	54.715503	A3	64	64	1	-4
266	54.588692	54.882170	A4	64	90	0	5
267	54.588692	54.869488	D4	64	96	0	3
268	54.588692	55.123111	A4	64	98	0	5
269	54.588692	55.133981	F#4	64	98	0	2
270	55.023474	56.188327	A4	64	90	0	5
271	55.023474	55.340502	D4	64	98	0	3
272	55.458256	56.168400	A3	64	98	1	-4
273	55.458256	56.173834	D4	64	98	0	3
274	55.458256	56.179269	F#4	64	98	0	2
275	55.458256	56.215501	D2	64	87	1	-3
276	56.327820	56.646660	B4	64	90	0	2
277	56.327820	57.070572	F#4	64	98	0	2
278	56.327820	57.081442	D4	64	98	0	3
279	56.327820	57.144848	C2	64	98	1	-5
280	56.762602	57.197384	C5	64	90	0	3
281	57.197384	58.340498	D5	64	90	0	5
282	57.197384	57.710064	F#4	64	98	0	2
283	57.197384	57.720934	D4	64	98	0	3
284	57.197384	57.784339	B3	64	98	1	-2
285	57.197384	59.943757	B1	64	94	1	-1
286	57.632166	59.005352	B2	64	55	1	-4
287	58.066948	58.566947	F#4	64	98	0	2
288	58.066948	58.579628	D4	64	98	0	3
289	58.066948	58.617672	B3	64	98	1	-2
290	58.501730	58.677454	D5	64	90	0	5
291	58.501730	59.922018	F#2	64	61	1	-4
292	58.936512	59.378540	D5	64	90	0	5
293	58.936512	59.489047	B3	64	98	1	-2
294	58.936512	59.525279	F#4	64	98	0	2
295	58.936512	59.539772	D4	64	98	0	3
296	59.371294	59.735424	C5	64	90	0	3
297	59.371294	59.845931	B2	64	65	1	-4
298	59.806076	60.260785	B4	64	90	0	2
299	59.806076	60.235423	F#4	64	98	0	2
300	59.806076	60.460060	D4	64	98	0	3
301	60.240858	60.445568	A4	64	90	0	5
302	60.240858	60.633973	B3	64	90	1	-2
303	60.458249	60.675640	G#4	64	90	0	4
304	60.675640	61.226364	A4	64	90	0	5
305	60.675640	61.157523	B3	64	98	1	-2
306	60.675640	61.191943	A4	64	98	0	5
307	60.675640	61.193755	E4	64	98	0	5
308	60.675640	62.731796	E2	64	98	1	-1
309	61.110422	61.422015	B4	64	90	0	2
310	61.110422	61.755348	B2	64	82	1	-4
311	61.545204	61.804261	C5	64	90	0	3
312	61.545204	62.306072	B3	64	98	1	-2
313	61.545204	62.311507	E3	64	98	1	-4
314	61.545204	62.322377	G#3	64	98	1	-5
315	61.775276	62.057884	A4	64	90	0	5
316	61.979986	62.831434	B4	64	90	0	2
317	62.414768	63.291578	B3	64	98	1	-2
318	62.414768	63.297013	G#3	64	98	1	-5
319	62.414768	63.306071	E3	64	98	1	-4
320	62.849550	63.275274	E2	64	98	1	-1
321	63.284332	63.690128	A4	64	90	0	5
322	63.284332	63.673824	F#2	64	98	1	-4
323	63.719114	63.929258	B4	64	90	0	2
324	63.719114	64.106794	G#2	64	98	1	-2
325	64.153896	64.565127	C5	64	90	0	3
326	64.153896	64.702808	C4	64	98	0	1
327	64.153896	64.728170	A3	64	98	1	-4
328	64.153896	64.851358	E4	64	98	0	5
329	64.153896	65.443749	A2	64	98	1	-1
330	64.588678	65.014402	B4	64	90	0	2
331	64.588678	65.188315	E3	64	87	1	-4
332	65.023460	65.447372	G4	64	90	0	3
333	65.023460	65.541575	E4	64	98	0	5
334	65.023460	65.775270	C4	64	98	0	1
335	65.240851	65.345923	E3	64	62	1	-4
336	65.458242	65.659328	G4	64	90	0	3
337	65.458242	65.811502	A3	64	87	1	-4
338	65.675633	65.889401	E4	64	90	0	5
339	65.893024	66.271646	G4	64	90	0	3
340	65.893024	66.454617	A3	64	98	1	-4
341	65.893024	66.632153	D4	64	98	0	3
342	65.893024	66.632153	F#4	64	98	0	2
343	65.893024	66.864037	D2	64	87	1	-3
344	66.327806	66.681066	A4	64	90	0	5
345	66.327806	66.797008	D3	64	57	1	-1
346	66.762588	67.124906	B4	64	90	0	2
347	66.762588	67.170196	F#4	64	98	0	2
348	66.762588	67.210051	D4	64	98	0	3
349	67.197370	69.510772	G4	64	90	0	3
350	67.197370	67.445558	A3	64	74	1	-4
351	67.632152	67.729978	B3	64	98	1	-2
352	67.632152	67.762586	D4	64	98	0	3
353	67.632152	70.557872	G2	64	95	1	-3
354	68.066934	70.360409	D3	64	76	1	-1
355	68.501716	69.126715	D4	64	98	0	3
356	68.501716	69.150266	G4	64	98	0	3
357	68.501716	69.152077	B4	64	98	0	2
358	68.936498	69.568743	G3	64	80	1	-1
359	69.371280	69.918380	D4	64	82	0	3
360	69.371280	70.054250	B4	64	85	0	2
361	69.371280	70.074177	G4	64	89	0	3
362	69.806062	70.277076	G3	64	68	1	-1
363	70.240844	70.675626	G4	64	98	0	3
364	70.240844	70.675626	B4	64	98	0	2
365	70.458235	70.543380	D3	64	98	1	-1
366	70.675626	70.838669	D4	64	98	0	3
367	71.110408	71.385770	A4	64	98	0	5
368	71.110408	71.396639	D4	64	98	0	3
369	71.110408	71.402074	F#4	64	98	0	2
370	71.110408	74.007143	D2	64	98	1	-3
371	71.545190	71.664755	F#4	64	98	0	2
372	71.545190	71.664755	A4	64	84	0	5
373	71.545190	71.722726	D4	64	96	0	3
374	71.545190	72.195551	D3	64	98	1	-1
375	71.979972	72.106783	D4	64	98	0	3
376	71.979972	72.202797	A3	64	98	1	-4
377	71.979972	72.220913	F#4	64	98	0	2
378	72.414754	72.508956	D4	64	98	0	3
379	72.414754	72.530696	A3	64	95	1	-4
380	72.414754	72.541565	F#4	64	98	0	2
381	72.414754	72.724536	D3	64	75	1	-1
382	72.849536	73.148448	A3	64	98	1	-4
383	72.849536	73.153883	D4	64	98	0	3
384	72.849536	73.164753	F#4	64	98	0	2
385	72.849536	73.331419	D3	64	98	1	-1
386	73.284318	73.362216	D4	64	97	0	3
387	73.284318	73.405694	F#4	64	98	0	2
388	73.501709	73.726346	D3	64	93	1	-1
389	73.719100	74.054244	B4	64	90	0	2
390	73.719100	74.043375	D4	64	98	0	3
391	73.719100	74.110403	F#4	64	98	0	2
392	73.936491	74.088664	D3	64	98	1	-1
393	74.153882	74.528881	C5	64	90	0	3
394	74.153882	74.219099	A3	64	98	1	-4
395	74.588664	75.496271	D5	64	90	0	5
396	74.588664	74.697359	G3	64	98	1	-1
397	74.588664	74.699171	B3	64	98	1	-2
398	74.588664	74.724533	D4	64	98	0	3
399	74.588664	75.719097	G2	64	98	1	-3
400	75.023446	75.686488	D3	64	71	1	-1
401	75.458228	75.880329	C5	64	90	0	3
402	75.458228	75.833227	G4	64	98	0	3
403	75.458228	75.860401	B4	64	98	0	2
404	75.675619	75.780691	G3	64	98	1	-1
405	75.893010	76.193734	B4	64	90	0	2
406	75.893010	75.934676	D4	64	98	0	3
407	76.327792	76.900255	B4	64	90	0	2
408	76.327792	76.389386	D#4	64	98	0	4
409	76.327792	76.391197	B3	64	98	1	-2
410	76.327792	76.400255	F#4	64	98	0	2
411	76.327792	77.286124	B2	64	95	1	-4
412	76.762574	77.307863	F#3	64	60	1	-2
413	76.979965	77.059675	F#5	64	98	0	4
414	76.979965	77.072356	B4	64	92	0	2
415	76.979965	77.074167	D#5	64	98	0	1
416	77.197356	77.546993	B4	64	90	0	2
417	77.197356	77.273443	B3	64	98	1	-2
418	77.197356	77.275254	B4	64	98	0	2
419	77.197356	77.489022	F#5	64	98	0	4
420	77.197356	77.503515	D#5	64	98	0	1
421	77.632138	77.979963	A4	64	90	0	5
422	78.066920	78.420180	G4	64	90	0	3
423	78.066920	78.123079	E2	64	98	1	-1
424	78.066920	78.537934	G4	64	98	0	3
425	78.066920	78.557861	E4	64	98	0	5
426	78.066920	78.577789	B4	64	98	0	2
427	78.501702	78.804237	A4	64	90	0	5
428	78.501702	78.985397	E3	64	77	1	-4
429	78.936484	79.320541	B4	64	90	0	2
430	78.936484	78.954600	A#4	64	98	0	1
431	78.936484	79.358585	G4	64	98	0	3
432	78.936484	79.380324	B4	64	98	0	2
433	79.153875	79.186483	E3	64	98	1	-4
434	79.371266	79.777062	F#5	64	90	0	4
435	79.371266	79.454599	E4	64	98	0	5
436	79.806048	80.760756	D5	64	90	0	5
437	79.806048	79.871265	F#4	64	98	0	2
438	79.806048	79.878511	D4	64	98	0	3
439	79.806048	79.883946	A4	64	98	0	5
440	79.806048	80.758945	D3	64	98	1	-1
441	80.240830	80.579597	A3	64	72	1	-4
442	80.458221	80.559670	A4	64	98	0	5
443	80.458221	80.579597	D5	64	98	0	5
444	80.458221	80.579597	F#5	64	98	0	4
445	80.675612	80.737206	A3	64	98	1	-4
446	80.675612	81.106771	F#5	64	98	0	4
447	80.675612	81.166553	D5	64	98	0	5
448	81.110394	81.565103	A4	64	98	0	5
449	81.545176	82.197349	E5	64	90	0	2
450	81.545176	81.566915	D#5	64	98	0	1
451	81.545176	81.624886	C5	64	98	0	3
452	81.545176	81.626697	E5	64	98	0	2
453	81.545176	81.628509	C2	64	93	1	-5
454	82.197349	82.293363	G4	64	54	0	3
455	82.414740	82.787928	D5	64	90	0	5
456	82.414740	82.858580	E4	64	98	0	5
457	82.414740	82.887565	G4	64	98	0	3
458	82.849522	83.271623	C5	64	90	0	3
459	82.849522	83.226333	C3	64	97	1	-3
460	83.284304	83.960027	D5	64	90	0	5
461	83.284304	84.017998	B3	64	98	1	-2
462	83.284304	84.037926	D4	64	98	0	3
463	83.284304	84.054230	F#4	64	98	0	2
464	83.284304	84.615824	B2	64	98	1	-4
465	83.936477	84.119447	F#3	64	62	1	-2
466	84.153868	84.485389	C5	64	90	0	3
467	84.153868	84.612200	F#4	64	98	0	2
468	84.153868	84.621258	D4	64	98	0	3
469	84.588650	84.916548	B4	64	90	0	2
470	84.588650	84.641186	F#3	64	80	1	-2
471	84.588650	84.813287	B3	64	98	1	-2
472	85.023432	85.383938	C5	64	90	0	3
473	85.023432	85.085026	C4	64	98	0	1
474	85.023432	85.090461	A3	64	98	1	-4
475	85.023432	85.095895	E4	64	98	0	5
476	85.023432	86.199155	A2	64	98	1	-1
477	85.240823	86.170169	E3	64	90	1	-4
478	85.458214	85.798793	B4	64	90	0	2
479	85.458214	85.981764	A3	64	98	1	-4
480	85.675605	85.749880	A4	64	78	0	5
481	85.675605	85.940097	E4	64	98	0	5
482	85.892996	86.253502	G4	64	90	0	3
483	85.892996	86.295169	C5	64	98	0	3
484	85.892996	86.309662	A4	64	98	0	5
485	86.110387	86.200966	A3	64	98	1	-4
486	86.327778	86.412923	E4	64	98	0	5
487	86.545169	86.597705	B4	64	90	0	2
488	86.545169	86.650241	A4	64	67	0	5
489	86.762560	87.124878	D4	64	98	0	3
490	86.762560	87.220892	F#4	64	98	0	2
491	86.762560	87.374878	D2	64	98	1	-3
492	86.979951	87.594080	A4	64	90	0	5
493	86.979951	87.543356	D3	64	98	1	-1
494	87.197342	87.479950	A3	64	98	1	-4
495	87.414733	87.655674	F#4	64	98	0	2
496	87.632124	88.115819	D#2	64	98	1	-2
497	87.632124	88.425601	D#4	64	98	0	4
498	88.284297	88.318717	E4	64	48	0	5
499	88.501688	89.150238	G4	64	90	0	3
500	88.501688	88.777050	B3	64	98	1	-2
501	88.501688	89.072339	E4	64	98	0	5
502	88.501688	89.213643	G4	64	98	0	3
503	88.501688	89.691903	E2	64	98	1	-1
504	88.719079	89.697338	B2	64	98	1	-4
505	88.936470	89.443715	E3	64	98	1	-4
506	89.153861	89.215455	E4	64	47	0	5
507	89.153861	89.353136	B3	64	98	1	-2
508	89.371252	89.771613	A4	64	90	0	5
509	89.371252	89.789729	G4	64	98	0	3
510	89.371252	89.815092	E4	64	98	0	5
511	89.588643	89.697338	E3	64	98	1	-4
512	89.806034	90.166540	B4	64	90	0	2
513	89.806034	90.195526	B3	64	98	1	-2
514	90.240816	91.137554	F#5	64	90	0	4
515	90.240816	90.739003	A4	64	98	0	5
516	90.240816	90.927409	D#4	64	98	0	4
517	90.240816	90.938278	F#4	64	98	0	2
518	90.240816	91.458205	D#2	64	98	1	-2
519	90.675598	91.186467	D#3	64	98	1	-5
520	91.110380	91.425597	G5	64	90	0	5
521	91.110380	91.465452	D#4	64	98	0	4
522	91.110380	91.577770	A4	64	98	0	5
523	91.110380	91.619437	F#4	64	98	0	2
524	91.327771	91.456394	D#3	64	98	1	-5
525	91.545162	91.965451	F#5	64	90	0	4
526	91.545162	91.662915	D#4	64	98	0	4
527	91.979944	92.284291	E5	64	90	0	2
528	91.979944	92.487189	F#4	64	98	0	2
529	91.979944	92.525233	D4	64	98	0	3
530	91.979944	93.056029	D3	64	98	1	-1
531	92.414726	92.824145	D5	64	90	0	5
532	92.414726	93.114000	A3	64	98	1	-4
533	92.849508	93.267985	B4	64	90	0	2
534	92.849508	92.965450	D4	64	98	0	3
535	92.849508	92.979942	F#4	64	98	0	2
536	93.284290	94.380303	G4	64	90	0	3
537	93.284290	94.347694	G4	64	98	0	3
538	93.284290	94.363998	E4	64	98	0	5
539	93.284290	94.367622	C#4	64	98	0	2
540	93.284290	94.684650	C#3	64	98	1	-2
541	94.588636	94.983563	C#4	64	98	0	2
542	94.588636	95.054215	G4	64	98	0	3
543	94.588636	95.113997	E4	64	98	0	5
544	94.806027	94.874867	C#3	64	98	1	-2
545	95.023418	95.130302	C#4	64	93	0	2
546	95.458200	96.027039	G3	64	98	1	-1
547	95.458200	96.041532	C4	64	98	0	1
548	95.458200	96.173778	E4	64	98	0	5
549	95.458200	98.284283	C2	64	98	1	-5
550	95.892982	96.488995	C3	64	98	1	-3
551	96.327764	96.642981	C5	64	90	0	3
552	96.327764	97.046966	G3	64	98	1	-1
553	96.327764	97.092255	C4	64	98	0	1
554	96.327764	97.097690	E4	64	98	0	5
555	96.762546	97.092255	C5	64	90	0	3
556	96.762546	97.465443	C3	64	60	1	-3
557	97.197328	97.525226	B4	64	90	0	2
558	97.197328	97.737182	G3	64	98	1	-1
559	97.197328	97.911095	E4	64	98	0	5
560	97.197328	97.916530	C4	64	98	0	1
561	97.632110	97.990805	G4	64	90	0	3
562	97.632110	98.211819	C3	64	66	1	-3
563	98.066892	98.416529	B4	64	90	0	2
564	98.066892	98.516166	E4	64	98	0	5
565	98.066892	98.592253	C4	64	98	0	1
566	98.501674	101.079569	A4	64	90	0	5
567	98.501674	98.726311	G3	64	98	1	-1
568	98.936456	99.017977	D2	64	98	1	-3
569	98.936456	99.277035	A3	64	98	1	-4
570	98.936456	99.286093	D4	64	98	0	3
571	98.936456	99.325948	F#4	64	98	0	2
572	99.371238	100.646598	D3	64	98	1	-1
573	99.588629	99.697324	D4	64	92	0	3
574	99.588629	99.704571	A4	64	98	0	5
575	99.588629	99.719063	F#4	64	98	0	2
576	99.806020	100.057831	F#4	64	98	0	2
577	99.806020	100.066889	A4	64	98	0	5
578	99.806020	100.106744	D4	64	98	0	3
579	99.806020	100.405657	A3	64	98	1	-4
580	100.240802	100.657468	F#3	64	98	1	-2
581	100.458193	100.516164	F#5	64	98	0	4
582	100.458193	100.545149	F#4	64	98	0	2
583	100.675584	100.737178	F#5	64	98	0	4
584	100.675584	100.746236	F#4	64	98	0	2
585	100.675584	101.273409	A3	64	98	1	-4
586	100.675584	102.097683	D3	64	75	1	-1
587	101.110366	101.344061	A5	64	98	0	2
588	101.110366	101.354931	A4	64	98	0	5
589	101.110366	101.574133	F#3	64	98	1	-2
590	101.545148	101.880292	B4	64	90	0	2
591	101.545148	101.766162	B5	64	98	0	4
592	101.545148	101.777031	B4	64	98	0	2
593	101.545148	101.999857	A3	64	98	1	-4
594	101.979930	102.354929	C5	64	90	0	3
595	101.979930	102.061451	F#3	64	98	1	-2
596	101.979930	102.106741	A5	64	98	0	2
597	101.979930	102.113987	A4	64	98	0	5
598	102.414712	103.322319	D5	64	90	0	5
599	102.414712	102.523407	G3	64	98	1	-1
600	102.414712	102.525219	B3	64	98	1	-2
601	102.414712	102.550581	D4	64	98	0	3
602	102.414712	103.545145	G2	64	98	1	-3
603	102.849494	103.512536	D3	64	71	1	-1
604	103.284276	103.706377	C5	64	90	0	3
605	103.284276	103.659275	G4	64	98	0	3
606	103.284276	103.686449	B4	64	98	0	2
607	103.501667	103.606739	G3	64	98	1	-1
608	103.719058	104.019782	B4	64	90	0	2
609	103.719058	103.760724	D4	64	98	0	3
610	104.153840	104.726303	B4	64	90	0	2
611	104.153840	104.215434	D#4	64	98	0	4
612	104.153840	104.217245	B3	64	98	1	-2
613	104.153840	104.226303	F#4	64	98	0	2
614	104.153840	105.112172	B2	64	95	1	-4
615	104.588622	105.133911	F#3	64	60	1	-2
616	104.806013	104.885723	F#5	64	98	0	4
617	104.806013	104.898404	B4	64	92	0	2
618	104.806013	104.900215	D#5	64	98	0	1
619	105.023404	105.373041	B4	64	90	0	2
620	105.023404	105.099491	B3	64	98	1	-2
621	105.023404	105.101302	B4	64	98	0	2
622	105.023404	105.315070	F#5	64	98	0	4
623	105.023404	105.329563	D#5	64	98	0	1
624	105.458186	105.806011	A4	64	90	0	5
625	105.892968	106.246228	G4	64	90	0	3
626	105.892968	105.949127	E2	64	98	1	-1
627	105.892968	106.363982	G4	64	98	0	3
628	105.892968	106.383909	E4	64	98	0	5
629	105.892968	106.403837	B4	64	98	0	2
630	106.327750	106.630285	A4	64	90	0	5
631	106.327750	106.811445	E3	64	77	1	-4
632	106.762532	107.146589	B4	64	90	0	2
633	106.762532	107.184633	G4	64	98	0	3
634	106.762532	107.206372	B4	64	98	0	2
635	106.979923	107.012531	E3	64	98	1	-4
636	107.197314	107.603110	D5	64	90	0	5
637	107.197314	107.280647	E4	64	98	0	5
638	107.632096	108.586804	D5	64	90	0	5
639	107.632096	107.697313	F#4	64	98	0	2
640	107.632096	107.704559	D4	64	98	0	3
641	107.632096	107.709994	A4	64	98	0	5
642	107.632096	108.584993	D3	64	98	1	-1
643	108.066878	108.405645	A3	64	72	1	-4
644	108.284269	108.385718	A4	64	98	0	5
645	108.284269	108.405645	D5	64	98	0	5
646	108.284269	108.405645	F#5	64	98	0	4
647	108.501660	108.563254	A3	64	98	1	-4
648	108.501660	108.932819	F#5	64	98	0	4
649	108.501660	108.992601	D5	64	98	0	5
650	108.936442	109.391151	A4	64	98	0	5
651	109.153833	109.356731	G4	64	90	0	3
652	109.371224	110.023397	E5	64	90	0	2
653	109.371224	109.392963	D#5	64	98	0	1
654	109.371224	109.450934	C5	64	98	0	3
655	109.371224	109.452745	E5	64	98	0	2
656	109.371224	109.454557	C2	64	93	1	-5
657	110.023397	110.119411	G4	64	54	0	3
658	110.240788	110.613976	D5	64	90	0	5
659	110.240788	110.684628	E4	64	98	0	5
660	110.240788	110.713613	G4	64	98	0	3
661	110.675570	111.097671	C5	64	90	0	3
662	110.675570	111.052381	C3	64	97	1	-3
663	111.110352	111.786075	D5	64	90	0	5
664	111.110352	111.844046	B3	64	98	1	-2
665	111.110352	111.863974	D4	64	98	0	3
666	111.110352	111.880278	F#4	64	98	0	2
667	111.110352	112.441872	B2	64	98	1	-4
668	111.762525	111.945495	F#3	64	62	1	-2
669	111.979916	112.311437	C5	64	90	0	3
670	111.979916	112.438248	F#4	64	98	0	2
671	111.979916	112.447306	D4	64	98	0	3
672	112.414698	112.742596	B4	64	90	0	2
673	112.414698	112.467234	F#3	64	80	1	-2
674	112.414698	112.639335	B3	64	98	1	-2
675	112.849480	113.209986	C5	64	90	0	3
676	112.849480	112.911074	C4	64	98	0	1
677	112.849480	112.916509	A3	64	98	1	-4
678	112.849480	112.921943	E4	64	98	0	5
679	112.849480	114.025203	A2	64	98	1	-1
680	113.066871	113.996217	E3	64	90	1	-4
681	113.284262	113.624841	B4	64	90	0	2
682	113.284262	113.807812	A3	64	98	1	-4
683	113.501653	113.862159	G4	64	90	0	3
684	113.501653	113.575928	A4	64	78	0	5
685	113.501653	113.766145	E4	64	98	0	5
686	113.719044	114.121217	C5	64	98	0	3
687	113.719044	114.135710	A4	64	98	0	5
688	113.936435	114.202739	B4	64	90	0	2
689	113.936435	114.027014	A3	64	98	1	-4
690	114.153826	114.238971	E4	64	98	0	5
691	114.371217	114.873028	B4	64	90	0	2
692	114.371217	114.476289	A4	64	67	0	5
693	114.588608	114.950926	D4	64	98	0	3
694	114.588608	115.046940	F#4	64	98	0	2
695	114.588608	115.200926	D2	64	98	1	-3
696	114.805999	116.126649	A4	64	90	0	5
697	114.805999	115.369404	D3	64	98	1	-1
698	115.023390	115.305998	A3	64	98	1	-4
699	115.240781	115.481722	F#4	64	98	0	2
700	115.458172	115.941867	D#2	64	98	1	-2
701	115.458172	116.251649	D#4	64	98	0	4
702	116.327736	116.976286	G4	64	90	0	3
703	116.327736	116.603098	B3	64	98	1	-2
704	116.327736	116.898387	E4	64	98	0	5
705	116.327736	117.039691	G4	64	98	0	3
706	116.327736	117.517951	E2	64	98	1	-1
707	116.545127	117.523386	B2	64	98	1	-4
708	116.762518	117.269763	E3	64	98	1	-4
709	116.979909	117.041503	E4	64	47	0	5
710	116.979909	117.179184	B3	64	98	1	-2
711	117.197300	117.597661	A4	64	90	0	5
712	117.197300	117.615777	G4	64	98	0	3
713	117.197300	117.641140	E4	64	98	0	5
714	117.414691	117.523386	E3	64	98	1	-4
715	117.632082	117.992588	B4	64	90	0	2
716	117.632082	118.021574	B3	64	98	1	-2
717	118.066864	118.963602	F#5	64	90	0	4
718	118.066864	118.565051	A4	64	98	0	5
719	118.066864	118.753457	D#4	64	98	0	4
720	118.066864	118.764326	F#4	64	98	0	2
721	118.066864	119.284253	D#2	64	98	1	-2
722	118.501646	119.012515	D#3	64	98	1	-5
723	118.936428	119.251645	G5	64	90	0	5
724	118.936428	119.291500	D#4	64	98	0	4
725	118.936428	119.403818	A4	64	98	0	5
726	118.936428	119.445485	F#4	64	98	0	2
727	119.153819	119.282442	D#3	64	98	1	-5
728	119.371210	119.791499	F#5	64	90	0	4
729	119.371210	119.488963	D#4	64	98	0	4
730	119.805992	120.110339	E5	64	90	0	2
731	119.805992	120.313237	F#4	64	98	0	2
732	119.805992	120.351281	D4	64	98	0	3
733	119.805992	120.882077	D3	64	98	1	-1
734	120.240774	120.650193	D5	64	90	0	5
735	120.240774	120.940048	A3	64	98	1	-4
736	120.675556	121.094033	B4	64	90	0	2
737	120.675556	120.791498	D4	64	98	0	3
738	120.675556	120.805990	F#4	64	98	0	2
739	121.110338	123.784247	G4	64	90	0	3
740	121.110338	122.173742	G4	64	98	0	3
741	121.110338	122.190046	E4	64	98	0	5
742	121.110338	122.193670	C#4	64	98	0	2
743	121.110338	122.510698	C#3	64	98	1	-2
744	122.414684	122.809611	C#4	64	98	0	2
745	122.414684	122.880263	G4	64	98	0	3
746	122.414684	122.940045	E4	64	98	0	5
747	122.632075	122.700915	C#3	64	98	1	-2
748	122.849466	122.956350	C#4	64	93	0	2
749	123.284248	123.934609	A3	64	98	1	-4
750	123.284248	123.988957	E4	64	98	0	5
751	123.284248	123.992580	C4	64	98	0	1
752	123.284248	125.854896	A1	64	98	1	-3
753	123.719030	124.382072	A2	64	72	1	-1
754	124.153812	124.429174	C5	64	90	0	3
755	124.153812	124.818666	A3	64	98	1	-4
756	124.153812	124.856709	C4	64	98	0	1
757	124.153812	124.867579	E4	64	98	0	5
758	124.588594	124.885695	C5	64	90	0	3
759	124.588594	125.195477	A2	64	68	1	-1
760	125.023376	125.280622	B4	64	90	0	2
761	125.023376	125.546926	A3	64	98	1	-4
762	125.023376	125.550549	C4	64	98	0	1
763	125.023376	125.608520	E4	64	98	0	5
764	125.458158	125.686418	C5	64	90	0	3
765	125.458158	125.996200	A2	64	93	1	-1
766	125.892940	126.146563	B4	64	90	0	2
767	125.892940	125.994389	A3	64	98	1	-4
768	125.892940	126.371200	C4	64	98	0	1
769	125.892940	126.530620	E4	64	98	0	5
770	126.327722	129.594021	D5	64	90	0	5
771	126.327722	126.623011	A3	64	98	1	-4
772	126.762504	127.014315	A3	64	98	1	-4
773	126.762504	127.048735	D4	64	98	0	3
774	126.762504	127.104895	F#4	64	98	0	2
775	126.762504	129.742572	D2	64	98	1	-3
776	127.197286	127.731705	D3	64	98	1	-1
777	127.414677	127.472648	A4	64	94	0	5
778	127.414677	127.478082	D4	64	98	0	3
779	127.414677	127.494387	F#4	64	98	0	2
780	127.632068	128.104893	D4	64	98	0	3
781	127.632068	128.117574	F#4	64	98	0	2
782	127.632068	128.132067	A4	64	98	0	5
783	128.066850	128.512501	D3	64	98	1	-1
784	128.284241	128.362139	D4	64	98	0	3
785	128.284241	128.363951	A4	64	98	0	5
786	128.284241	128.374820	F#4	64	98	0	2
787	128.501632	128.827718	A4	64	98	0	5
788	128.501632	128.842211	F#4	64	98	0	2
789	128.719023	129.427355	D3	64	98	1	-1
790	128.936414	129.253442	D4	64	98	0	3
791	129.153805	129.264312	A4	64	98	0	5
792	129.153805	129.280616	F#4	64	98	0	2
793	129.371196	129.706340	F#4	64	98	0	2
794	129.371196	129.909238	A4	64	98	0	5
795	129.588587	129.699094	D3	64	98	1	-1
796	129.805978	130.104890	D4	64	98	0	3
797	130.023369	130.137499	F#4	64	98	0	2
798	130.240760	130.967208	D4	64	98	0	3
799	130.240760	130.970831	B4	64	98	0	2
800	130.240760	130.981701	G4	64	98	0	3
801	130.240760	131.135686	G2	64	98	1	-3
802	130.675542	131.128440	D3	64	98	1	-1
803	131.110324	131.168295	B4	64	98	0	2
804	131.110324	131.202715	G4	64	98	0	3
805	131.110324	131.284236	D4	64	98	0	3
806	131.545106	132.510684	C4	64	98	0	1
807	131.545106	132.521554	G4	64	98	0	3
808	131.545106	132.545104	E4	64	98	0	5
809	131.545106	133.130248	C3	64	98	1	-3
810	132.414670	132.940031	G3	64	98	1	-1
811	132.849452	133.293292	E4	64	98	0	5
812	132.849452	133.298726	G4	64	98	0	3
813	133.066843	133.159234	G3	64	98	1	-1
814	133.284234	133.389306	C4	64	98	0	1
815	133.719016	134.412855	B4	64	98	0	2
816	133.719016	134.434594	G4	64	98	0	3
817	133.719016	134.450899	D4	64	98	0	3
818	133.719016	134.528797	G2	64	98	1	-3
819	134.153798	134.568652	D3	64	98	1	-1
820	134.588580	134.655609	B4	64	98	0	2
821	134.588580	134.675536	G4	64	98	0	3
822	134.588580	134.776985	D4	64	98	0	3
823	135.023362	135.972636	C4	64	98	0	1
824	135.023362	136.032418	G4	64	98	0	3
825	135.023362	136.041476	E4	64	98	0	5
826	135.023362	136.715388	C3	64	98	1	-3
827	135.892926	136.440026	G3	64	86	1	-1
828	136.327708	136.733504	G4	64	98	0	3
829	136.327708	136.767924	E4	64	98	0	5
830	136.545099	136.668287	G3	64	98	1	-1
831	136.762490	137.094011	D4	64	98	0	3
832	137.197272	137.840387	D4	64	98	0	3
833	137.197272	137.847633	B4	64	98	0	2
834	137.197272	137.854879	G4	64	98	0	3
835	137.197272	138.005242	G2	64	98	1	-3
836	137.632054	138.026981	D3	64	98	1	-1
837	138.066836	138.113937	B4	64	98	0	2
838	138.066836	138.137488	G4	64	98	0	3
839	138.066836	138.211763	D4	64	98	0	3
840	138.501618	139.434587	C4	64	98	0	1
841	138.501618	139.467196	E4	64	98	0	5
842	138.501618	139.510674	G4	64	98	0	3
843	138.501618	140.066833	C3	64	94	1	-3
844	139.371182	139.862123	G3	64	87	1	-1
845	139.805964	139.911036	C4	64	98	0	1
846	139.805964	140.219007	E4	64	98	0	5
847	139.805964	140.222630	G4	64	98	0	3
848	140.023355	140.113934	G3	64	92	1	-1
849	140.240746	140.353064	C4	64	98	0	1
850	140.675528	141.273353	F#4	64	98	0	2
851	140.675528	141.383860	A3	64	98	1	-4
852	140.675528	141.440019	D4	64	98	0	3
853	140.675528	143.530596	D2	64	98	1	-3
854	141.110310	141.784222	D3	64	98	1	-1
855	141.545092	142.146540	D4	64	98	0	3
856	141.545092	142.162844	F#4	64	98	0	2
857	141.979874	143.358495	D3	64	76	1	-1
858	142.414656	143.142916	A3	64	95	1	-4
859	142.414656	143.157408	D4	64	98	0	3
860	142.414656	143.171901	F#4	64	98	0	2
861	143.284220	144.199073	F#4	64	76	0	2
862	143.719002	144.122987	D4	64	90	0	3
863	144.153784	145.282405	B4	64	90	0	2
864	144.153784	144.170088	D4	64	98	0	3
865	144.153784	144.863928	B3	64	98	1	-2
866	144.153784	146.133853	G2	64	98	1	-3
867	144.588566	145.180956	D3	64	78	1	-1
868	145.023348	145.468999	D4	64	98	0	3
869	145.023348	145.718999	B3	64	98	1	-2
870	145.458130	145.849433	B4	64	90	0	2
871	145.458130	145.990738	D3	64	88	1	-1
872	145.892912	146.296897	C5	64	90	0	3
873	145.892912	146.353056	D4	64	98	0	3
874	145.892912	146.398346	B3	64	98	1	-2
875	146.327694	146.767910	B4	64	90	0	2
876	146.327694	146.718997	G2	64	98	1	-3
877	146.762476	147.177330	A4	64	90	0	5
878	146.762476	147.579504	D4	64	98	0	3
879	146.762476	147.624793	B3	64	98	1	-2
880	147.197258	147.632040	G4	64	90	0	3
881	147.197258	147.557764	F#2	64	98	1	-4
882	147.632040	148.298705	A4	64	90	0	5
883	147.632040	150.501601	E2	64	98	1	-1
884	148.066822	150.425514	B2	64	65	1	-4
885	148.501604	148.708125	A4	64	90	0	5
886	148.501604	148.655589	G3	64	98	1	-1
887	148.501604	148.688198	B3	64	98	1	-2
888	148.718995	148.949067	G4	64	90	0	3
889	148.936386	150.055949	B4	64	90	0	2
890	148.936386	149.492544	E3	64	59	1	-4
891	149.371168	149.900152	B3	64	98	1	-2
892	149.371168	149.912834	G4	64	98	0	3
893	149.371168	149.932761	E4	64	98	0	5
894	149.805950	150.179138	E3	64	71	1	-4
895	150.240732	150.615731	A4	64	90	0	5
896	150.240732	150.664644	G4	64	98	0	3
897	150.240732	150.668267	E4	64	98	0	5
898	150.675514	150.824064	B4	64	90	0	2
899	150.675514	151.088557	B3	64	96	1	-2
900	150.892905	152.001599	C5	64	90	0	3
901	151.110296	151.240730	C4	64	98	0	1
902	151.110296	151.266093	E4	64	98	0	5
903	151.110296	154.249784	A2	64	98	1	-1
904	151.545078	154.237103	E3	64	65	1	-4
905	151.979860	152.432758	C5	64	98	0	3
906	151.979860	152.508844	A4	64	98	0	5
907	151.979860	152.510656	E4	64	96	0	5
908	152.414642	152.965366	A3	64	84	1	-4
909	152.849424	153.168264	C5	64	90	0	3
910	152.849424	153.378408	E4	64	98	0	5
911	152.849424	153.403771	C5	64	98	0	3
912	152.849424	153.548698	A4	64	98	0	5
913	153.284206	153.718988	B4	64	90	0	2
914	153.284206	153.907393	A3	64	60	1	-4
915	153.718988	154.036016	A4	64	90	0	5
916	153.718988	154.106668	A4	64	98	0	5
917	153.718988	154.117538	C5	64	98	0	3
918	154.153770	154.313190	G4	64	90	0	3
919	154.153770	154.577682	A3	64	90	1	-4
920	154.371161	155.329493	G4	64	90	0	3
921	154.588552	155.177319	D4	64	98	0	3
922	154.588552	155.200870	A4	64	98	0	5
923	154.588552	155.247971	F#4	64	98	0	2
924	154.588552	155.776956	D3	64	95	1	-1
925	155.023334	155.584927	A3	64	64	1	-4
926	155.458116	155.751594	A4	64	90	0	5
927	155.458116	155.738912	D4	64	96	0	3
928	155.458116	155.992535	A4	64	98	0	5
929	155.458116	156.003405	F#4	64	98	0	2
930	155.892898	157.057751	A4	64	90	0	5
931	155.892898	156.209926	D4	64	98	0	3
932	156.327680	157.037824	A3	64	98	1	-4
933	156.327680	157.043258	D4	64	98	0	3
934	156.327680	157.048693	F#4	64	98	0	2
935	156.327680	157.084925	D2	64	87	1	-3
936	157.197244	157.516084	B4	64	90	0	2
937	157.197244	157.939996	F#4	64	98	0	2
938	157.197244	157.950866	D4	64	98	0	3
939	157.197244	158.014272	C2	64	98	1	-5
940	157.632026	158.066808	C5	64	90	0	3
941	158.066808	159.209922	D5	64	90	0	5
942	158.066808	158.579488	F#4	64	98	0	2
943	158.066808	158.590358	D4	64	98	0	3
944	158.066808	158.653763	B3	64	98	1	-2
945	158.066808	160.813181	B1	64	94	1	-1
946	158.501590	159.874776	B2	64	55	1	-4
947	158.936372	159.436371	F#4	64	98	0	2
948	158.936372	159.449052	D4	64	98	0	3
949	158.936372	159.487096	B3	64	98	1	-2
950	159.371154	159.546878	D5	64	90	0	5
951	159.371154	160.791442	F#2	64	61	1	-4
952	159.805936	160.247964	D5	64	90	0	5
953	159.805936	160.358471	B3	64	98	1	-2
954	159.805936	160.394703	F#4	64	98	0	2
955	159.805936	160.409196	D4	64	98	0	3
956	160.240718	160.604848	C5	64	90	0	3
957	160.240718	160.715355	B2	64	65	1	-4
958	160.675500	161.130209	B4	64	90	0	2
959	160.675500	161.104847	F#4	64	98	0	2
960	160.675500	161.329484	D4	64	98	0	3
961	161.110282	161.314992	A4	64	90	0	5
962	161.110282	161.503397	B3	64	90	1	-2
963	161.327673	161.545064	G4	64	90	0	3
964	161.545064	162.095788	A4	64	90	0	5
965	161.545064	161.651948	B3	64	98	1	-2
966	161.545064	161.684556	A4	64	98	0	5
967	161.545064	161.688179	E4	64	98	0	5
968	161.545064	163.601220	E2	64	98	1	-1
969	161.979846	162.291439	B4	64	90	0	2
970	161.979846	162.624772	B2	64	82	1	-4
971	162.414628	162.668251	C5	64	90	0	3
972	162.414628	163.175496	B3	64	98	1	-2
973	162.414628	163.180931	E3	64	98	1	-4
974	162.414628	163.191801	G#3	64	98	1	-5
975	162.644700	162.795062	B4	64	90	0	2
976	162.849410	163.700858	B4	64	90	0	2
977	163.284192	164.161002	B3	64	98	1	-2
978	163.284192	164.166437	G#3	64	98	1	-5
979	163.284192	164.175495	E3	64	98	1	-4
980	163.718974	164.144698	E2	64	98	1	-1
981	164.153756	164.559552	A4	64	90	0	5
982	164.153756	164.543248	F#2	64	98	1	-4
983	164.588538	164.798682	B4	64	90	0	2
984	164.588538	164.976218	G#2	64	98	1	-2
985	165.023320	165.434551	C5	64	90	0	3
986	165.023320	165.572232	C4	64	98	0	1
987	165.023320	165.597594	A3	64	98	1	-4
988	165.023320	165.720782	E4	64	98	0	5
989	165.023320	166.313173	A2	64	98	1	-1
990	165.458102	165.883826	B4	64	90	0	2
991	165.458102	166.057739	E3	64	87	1	-4
992	165.892884	166.316796	G4	64	90	0	3
993	165.892884	166.410999	E4	64	98	0	5
994	165.892884	166.644694	C4	64	98	0	1
995	166.110275	166.215347	E3	64	62	1	-4
996	166.327666	166.528752	G4	64	90	0	3
997	166.327666	166.680926	A3	64	87	1	-4
998	166.545057	166.758825	E4	64	90	0	5
999	166.762448	167.141070	G4	64	90	0	3
1000	166.762448	167.324041	A3	64	98	1	-4
1001	166.762448	167.501577	D4	64	98	0	3
1002	166.762448	167.501577	F#4	64	98	0	2
1003	166.762448	167.733461	D2	64	87	1	-3
1004	167.197230	167.550490	A4	64	90	0	5
1005	167.197230	167.666432	D3	64	57	1	-1
1006	167.632012	167.994330	B4	64	90	0	2
1007	167.632012	168.039620	F#4	64	98	0	2
1008	167.632012	168.079475	D4	64	98	0	3
1009	168.066794	170.380196	G4	64	90	0	3
1010	168.066794	168.314982	A3	64	74	1	-4
1011	168.501576	168.599402	B3	64	98	1	-2
1012	168.501576	168.632010	D4	64	98	0	3
1013	168.501576	171.427296	G2	64	95	1	-3
1014	168.936358	171.229833	D3	64	76	1	-1
1015	169.371140	169.996139	D4	64	98	0	3
1016	169.371140	170.019690	G4	64	98	0	3
1017	169.371140	170.021501	B4	64	98	0	2
1018	169.805922	170.438167	G3	64	80	1	-1
1019	170.240704	170.787804	D4	64	82	0	3
1020	170.240704	170.923674	B4	64	85	0	2
1021	170.240704	170.943601	G4	64	89	0	3
1022	170.675486	171.146500	G3	64	68	1	-1
1023	171.110268	171.545050	G4	64	98	0	3
1024	171.110268	171.545050	B4	64	98	0	2
1025	171.327659	171.412803	D3	64	98	1	-1
1026	171.545050	171.708093	D4	64	98	0	3
1027	171.979832	172.255194	A4	64	98	0	5
1028	171.979832	172.266063	D4	64	98	0	3
1029	171.979832	172.271498	F#4	64	98	0	2
1030	171.979832	174.876567	D2	64	98	1	-3
1031	172.414614	172.534179	F#4	64	98	0	2
1032	172.414614	172.534179	A4	64	84	0	5
1033	172.414614	172.592150	D4	64	96	0	3
1034	172.414614	173.064975	D3	64	98	1	-1
1035	172.849396	172.976207	D4	64	98	0	3
1036	172.849396	173.072221	A3	64	98	1	-4
1037	172.849396	173.090337	F#4	64	98	0	2
1038	173.284178	173.378380	D4	64	98	0	3
1039	173.284178	173.400120	A3	64	95	1	-4
1040	173.284178	173.410989	F#4	64	98	0	2
1041	173.284178	173.593960	D3	64	75	1	-1
1042	173.718960	174.017872	A3	64	98	1	-4
1043	173.718960	174.023307	D4	64	98	0	3
1044	173.718960	174.034177	F#4	64	98	0	2
1045	173.718960	174.200843	D3	64	98	1	-1
1046	174.153742	174.231640	D4	64	97	0	3
1047	174.153742	174.275118	F#4	64	98	0	2
1048	174.371133	174.595770	D3	64	93	1	-1
1049	174.588524	174.923668	B4	64	90	0	2
1050	174.588524	174.912799	D4	64	98	0	3
1051	174.588524	174.979827	F#4	64	98	0	2
1052	174.805915	174.958088	D3	64	98	1	-1
1053	175.023306	175.398305	C5	64	90	0	3
1054	175.023306	175.088523	A3	64	98	1	-4
1055	175.458088	176.365695	D5	64	90	0	5
1056	175.458088	175.566783	G3	64	98	1	-1
1057	175.458088	175.568595	B3	64	98	1	-2
1058	175.458088	175.593957	D4	64	98	0	3
1059	175.458088	176.588521	G2	64	98	1	-3
1060	175.892870	176.555912	D3	64	71	1	-1
1061	176.327652	176.749753	C5	64	90	0	3
1062	176.327652	176.702651	G4	64	98	0	3
1063	176.327652	176.729825	B4	64	98	0	2
1064	176.545043	176.650115	G3	64	98	1	-1
1065	176.762434	177.063158	B4	64	90	0	2
1066	176.762434	176.804100	D4	64	98	0	3
1067	177.197216	177.769679	B4	64	90	0	2
1068	177.197216	177.258810	D#4	64	98	0	4
1069	177.197216	177.260621	B3	64	98	1	-2
1070	177.197216	177.269679	F#4	64	98	0	2
1071	177.197216	178.155548	B2	64	95	1	-4
1072	177.631998	178.177287	F#3	64	60	1	-2
1073	177.849389	177.929099	F#5	64	98	0	4
1074	177.849389	177.941780	B4	64	92	0	2
1075	177.849389	177.943591	D#5	64	98	0	1
1076	178.066780	178.416417	B4	64	90	0	2
1077	178.066780	178.142867	B3	64	98	1	-2
1078	178.066780	178.144678	B4	64	98	0	2
1079	178.066780	178.358446	F#5	64	98	0	4
1080	178.066780	178.372939	D#5	64	98	0	1
1081	178.501562	178.849387	A4	64	90	0	5
1082	178.936344	179.289604	G4	64	90	0	3
1083	178.936344	178.992503	E2	64	98	1	-1
1084	178.936344	179.407358	G4	64	98	0	3
1085	178.936344	179.427285	E4	64	98	0	5
1086	178.936344	179.447213	B4	64	98	0	2
1087	179.371126	179.673662	A4	64	90	0	5
1088	179.371126	179.854821	E3	64	77	1	-4
1089	179.805908	180.189965	B4	64	90	0	2
1090	179.805908	180.228009	G4	64	98	0	3
1091	179.805908	180.249748	B4	64	98	0	2
1092	180.023299	180.055907	E3	64	98	1	-4
1093	180.240690	180.646486	F#5	64	90	0	4
1094	180.240690	180.324023	E4	64	98	0	5
1095	180.675472	181.630180	D5	64	90	0	5
1096	180.675472	180.740689	F#4	64	98	0	2
1097	180.675472	180.747935	D4	64	98	0	3
1098	180.675472	180.753370	A4	64	98	0	5
1099	180.675472	181.628369	D3	64	98	1	-1
1100	181.110254	181.449021	A3	64	72	1	-4
1101	181.327645	181.429094	A4	64	98	0	5
1102	181.327645	181.449021	D5	64	98	0	5
1103	181.327645	181.449021	F#5	64	98	0	4
1104	181.545036	181.606630	A3	64	98	1	-4
1105	181.545036	181.976195	F#5	64	98	0	4
1106	181.545036	182.035977	D5	64	98	0	5
1107	181.979818	182.434527	A4	64	98	0	5
1108	182.414600	183.066773	E5	64	90	0	2
1109	182.414600	182.436339	D#5	64	98	0	1
1110	182.414600	182.494310	C5	64	98	0	3
1111	182.414600	182.496121	E5	64	98	0	2
1112	182.414600	182.497933	C2	64	93	1	-5
1113	183.066773	183.162787	G4	64	54	0	3
1114	183.284164	183.657352	D5	64	90	0	5
1115	183.284164	183.728004	E4	64	98	0	5
1116	183.284164	183.756989	G4	64	98	0	3
1117	183.718946	184.141047	C5	64	90	0	3
1118	183.718946	184.095757	C3	64	97	1	-3
1119	184.153728	184.829451	D5	64	90	0	5
1120	184.153728	184.887422	B3	64	98	1	-2
1121	184.153728	184.907350	D4	64	98	0	3
1122	184.153728	184.923654	F#4	64	98	0	2
1123	184.153728	185.485248	B2	64	98	1	-4
1124	184.805901	184.988871	F#3	64	62	1	-2
1125	185.023292	185.354813	C5	64	90	0	3
1126	185.023292	185.481624	F#4	64	98	0	2
1127	185.023292	185.490682	D4	64	98	0	3
1128	185.458074	185.785972	B4	64	90	0	2
1129	185.458074	185.510610	F#3	64	80	1	-2
1130	185.458074	185.682711	B3	64	98	1	-2
1131	185.892856	186.253362	C5	64	90	0	3
1132	185.892856	185.954450	C4	64	98	0	1
1133	185.892856	185.959885	A3	64	98	1	-4
1134	185.892856	185.965319	E4	64	98	0	5
1135	185.892856	187.068579	A2	64	98	1	-1
1136	186.110247	187.039593	E3	64	90	1	-4
1137	186.327638	186.668217	B4	64	90	0	2
1138	186.327638	186.851188	A3	64	98	1	-4
1139	186.545029	186.619304	A4	64	78	0	5
1140	186.545029	186.809521	E4	64	98	0	5
1141	186.762420	187.122926	G4	64	90	0	3
1142	186.762420	187.164593	C5	64	98	0	3
1143	186.762420	187.179086	A4	64	98	0	5
1144	186.979811	187.070390	A3	64	98	1	-4
1145	187.197202	187.282347	E4	64	98	0	5
1146	187.414593	187.467129	B4	64	90	0	2
1147	187.414593	187.519665	A4	64	67	0	5
1148	187.631984	187.994302	D4	64	98	0	3
1149	187.631984	188.090316	F#4	64	98	0	2
1150	187.631984	188.244302	D2	64	98	1	-3
1151	187.849375	188.463504	A4	64	90	0	5
1152	187.849375	188.412780	D3	64	98	1	-1
1153	188.066766	188.349374	A3	64	98	1	-4
1154	188.284157	188.525098	F#4	64	98	0	2
1155	188.501548	188.985243	D#2	64	98	1	-2
1156	188.501548	189.295025	D#4	64	98	0	4
1157	189.371112	190.019662	G4	64	90	0	3
1158	189.371112	189.646474	B3	64	98	1	-2
1159	189.371112	189.941763	E4	64	98	0	5
1160	189.371112	190.083067	G4	64	98	0	3
1161	189.371112	190.561327	E2	64	98	1	-1
1162	189.588503	190.566762	B2	64	98	1	-4
1163	189.805894	190.313139	E3	64	98	1	-4
1164	190.023285	190.084879	E4	64	47	0	5
1165	190.023285	190.222560	B3	64	98	1	-2
1166	190.240676	190.641037	A4	64	90	0	5
1167	190.240676	190.659153	G4	64	98	0	3
1168	190.240676	190.684516	E4	64	98	0	5
1169	190.458067	190.566762	E3	64	98	1	-4
1170	190.675458	191.035964	B4	64	90	0	2
1171	190.675458	191.064950	B3	64	98	1	-2
1172	191.110240	192.006978	F#5	64	90	0	4
1173	191.110240	191.608427	A4	64	98	0	5
1174	191.110240	191.796833	D#4	64	98	0	4
1175	191.110240	191.807702	F#4	64	98	0	2
1176	191.110240	192.327629	D#2	64	98	1	-2
1177	191.545022	192.055891	D#3	64	98	1	-5
1178	191.979804	192.295021	G5	64	90	0	5
1179	191.979804	192.334876	D#4	64	98	0	4
1180	191.979804	192.447194	A4	64	98	0	5
1181	191.979804	192.488861	F#4	64	98	0	2
1182	192.197195	192.325818	D#3	64	98	1	-5
1183	192.414586	192.834875	F#5	64	90	0	4
1184	192.414586	192.532339	D#4	64	98	0	4
1185	192.849368	193.153715	E5	64	90	0	2
1186	192.849368	193.356613	F#4	64	98	0	2
1187	192.849368	193.394657	D4	64	98	0	3
1188	192.849368	193.925453	D3	64	98	1	-1
1189	193.284150	193.693569	D5	64	90	0	5
1190	193.284150	193.983424	A3	64	98	1	-4
1191	193.718932	194.137409	B4	64	90	0	2
1192	193.718932	193.834874	D4	64	98	0	3
1193	193.718932	193.849366	F#4	64	98	0	2
1194	194.153714	195.249727	G4	64	90	0	3
1195	194.153714	195.217118	G4	64	98	0	3
1196	194.153714	195.233422	E4	64	98	0	5
1197	194.153714	195.237046	C#4	64	98	0	2
1198	194.153714	195.554074	C#3	64	98	1	-2
1199	195.458060	195.852987	C#4	64	98	0	2
1200	195.458060	195.923639	G4	64	98	0	3
1201	195.458060	195.983421	E4	64	98	0	5
1202	195.675451	195.744291	C#3	64	98	1	-2
1203	195.892842	195.999726	C#4	64	93	0	2
1204	196.327624	196.896463	G3	64	98	1	-1
1205	196.327624	196.910956	C4	64	98	0	1
1206	196.327624	197.043202	E4	64	98	0	5
1207	196.327624	199.153707	C2	64	98	1	-5
1208	196.762406	197.358419	C3	64	98	1	-3
1209	197.197188	197.512405	C5	64	90	0	3
1210	197.197188	197.916390	G3	64	98	1	-1
1211	197.197188	197.961679	C4	64	98	0	1
1212	197.197188	197.967114	E4	64	98	0	5
1213	197.631970	197.961679	C5	64	90	0	3
1214	197.631970	198.334867	C3	64	60	1	-3
1215	198.066752	198.394650	B4	64	90	0	2
1216	198.066752	198.606606	G3	64	98	1	-1
1217	198.066752	198.780519	E4	64	98	0	5
1218	198.066752	198.785954	C4	64	98	0	1
1219	198.501534	198.860229	G4	64	90	0	3
1220	198.501534	199.081243	C3	64	66	1	-3
1221	198.936316	199.285953	B4	64	90	0	2
1222	198.936316	199.385590	E4	64	98	0	5
1223	198.936316	199.461677	C4	64	98	0	1
1224	199.371098	201.948993	A4	64	90	0	5
1225	199.371098	199.595735	G3	64	98	1	-1
1226	199.805880	199.887401	D2	64	98	1	-3
1227	199.805880	200.146459	A3	64	98	1	-4
1228	199.805880	200.155517	D4	64	98	0	3
1229	199.805880	200.195372	F#4	64	98	0	2
1230	200.240662	201.516022	D3	64	98	1	-1
1231	200.458053	200.566748	D4	64	92	0	3
1232	200.458053	200.573995	A4	64	98	0	5
1233	200.458053	200.588487	F#4	64	98	0	2
1234	200.675444	200.927255	F#4	64	98	0	2
1235	200.675444	200.936313	A4	64	98	0	5
1236	200.675444	200.976168	D4	64	98	0	3
1237	200.675444	201.275081	A3	64	98	1	-4
1238	201.110226	201.526892	F#3	64	98	1	-2
1239	201.327617	201.385588	F#5	64	98	0	4
1240	201.327617	201.414573	F#4	64	98	0	2
1241	201.545008	201.606602	F#5	64	98	0	4
1242	201.545008	201.615660	F#4	64	98	0	2
1243	201.545008	202.142833	A3	64	98	1	-4
1244	201.545008	202.967107	D3	64	75	1	-1
1245	201.979790	202.213485	A5	64	98	0	2
1246	201.979790	202.224355	A4	64	98	0	5
1247	201.979790	202.443557	F#3	64	98	1	-2
1248	202.414572	202.749716	B4	64	90	0	2
1249	202.414572	202.635586	B5	64	98	0	4
1250	202.414572	202.646455	B4	64	98	0	2
1251	202.414572	202.869281	A3	64	98	1	-4
1252	202.849354	203.224353	C5	64	90	0	3
1253	202.849354	202.930875	F#3	64	98	1	-2
1254	202.849354	202.976165	A5	64	98	0	2
1255	202.849354	202.983411	A4	64	98	0	5
1256	203.284136	204.191743	D5	64	90	0	5
1257	203.284136	203.392831	G3	64	98	1	-1
1258	203.284136	203.394643	B3	64	98	1	-2
1259	203.284136	203.420005	D4	64	98	0	3
1260	203.284136	204.414569	G2	64	98	1	-3
1261	203.718918	204.381960	D3	64	71	1	-1
1262	204.153700	204.575801	C5	64	90	0	3
1263	204.153700	204.528699	G4	64	98	0	3
1264	204.153700	204.555873	B4	64	98	0	2
1265	204.371091	204.476163	G3	64	98	1	-1
1266	204.588482	204.889206	B4	64	90	0	2
1267	204.588482	204.630148	D4	64	98	0	3
1268	205.023264	205.595727	B4	64	90	0	2
1269	205.023264	205.084858	D#4	64	98	0	4
1270	205.023264	205.086669	B3	64	98	1	-2
1271	205.023264	205.095727	F#4	64	98	0	2
1272	205.023264	205.981596	B2	64	95	1	-4
1273	205.458046	206.003335	F#3	64	60	1	-2
1274	205.675437	205.755147	F#5	64	98	0	4
1275	205.675437	205.767828	B4	64	92	0	2
1276	205.675437	205.769639	D#5	64	98	0	1
1277	205.892828	206.242465	B4	64	90	0	2
1278	205.892828	205.968915	B3	64	98	1	-2
1279	205.892828	205.970726	B4	64	98	0	2
1280	205.892828	206.184494	F#5	64	98	0	4
1281	205.892828	206.198987	D#5	64	98	0	1
1282	206.327610	206.675435	A4	64	90	0	5
1283	206.762392	207.115652	G4	64	90	0	3
1284	206.762392	206.818551	E2	64	98	1	-1
1285	206.762392	207.233406	G4	64	98	0	3
1286	206.762392	207.253333	E4	64	98	0	5
1287	206.762392	207.273261	B4	64	98	0	2
1288	207.197174	207.499709	A4	64	90	0	5
1289	207.197174	207.680869	E3	64	77	1	-4
1290	207.631956	208.016013	B4	64	90	0	2
1291	207.631956	208.054057	G4	64	98	0	3
1292	207.631956	208.075796	B4	64	98	0	2
1293	207.849347	207.881955	E3	64	98	1	-4
1294	208.066738	208.472534	F#5	64	90	0	4
1295	208.066738	208.150071	E4	64	98	0	5
1296	208.501520	209.456229	D5	64	90	0	5
1297	208.501520	208.566737	F#4	64	98	0	2
1298	208.501520	208.573983	D4	64	98	0	3
1299	208.501520	208.579418	A4	64	98	0	5
1300	208.501520	209.454417	D3	64	98	1	-1
1301	208.936302	209.275069	A3	64	72	1	-4
1302	209.153693	209.255142	A4	64	98	0	5
1303	209.153693	209.275069	D5	64	98	0	5
1304	209.153693	209.275069	F#5	64	98	0	4
1305	209.371084	209.432678	A3	64	98	1	-4
1306	209.371084	209.802243	F#5	64	98	0	4
1307	209.371084	209.862025	D5	64	98	0	5
1308	209.805866	210.260575	A4	64	98	0	5
1309	210.023257	210.226155	G4	64	90	0	3
1310	210.240648	210.892821	E5	64	90	0	2
1311	210.240648	210.320358	C5	64	98	0	3
1312	210.240648	210.322169	E5	64	98	0	2
1313	210.240648	210.323981	C2	64	93	1	-5
1314	210.892821	210.988835	G4	64	54	0	3
1315	211.110212	211.483400	D5	64	90	0	5
1316	211.110212	211.554052	E4	64	98	0	5
1317	211.110212	211.583037	G4	64	98	0	3
1318	211.544994	211.967095	C5	64	90	0	3
1319	211.544994	211.921805	C3	64	97	1	-3
1320	211.979776	212.655499	D5	64	90	0	5
1321	211.979776	212.713470	B3	64	98	1	-2
1322	211.979776	212.733398	D4	64	98	0	3
1323	211.979776	212.749702	F#4	64	98	0	2
1324	211.979776	213.311296	B2	64	98	1	-4
1325	212.631949	212.814919	F#3	64	62	1	-2
1326	212.849340	213.180861	C5	64	90	0	3
1327	212.849340	213.307672	F#4	64	98	0	2
1328	212.849340	213.316730	D4	64	98	0	3
1329	213.284122	213.612020	B4	64	90	0	2
1330	213.284122	213.336658	F#3	64	80	1	-2
1331	213.284122	213.508759	B3	64	98	1	-2
1332	213.718904	214.079410	C5	64	90	0	3
1333	213.718904	213.780498	C4	64	98	0	1
1334	213.718904	213.785933	A3	64	98	1	-4
1335	213.718904	213.791367	E4	64	98	0	5
1336	213.718904	214.894627	A2	64	98	1	-1
1337	213.936295	214.865641	E3	64	90	1	-4
1338	214.153686	214.494265	B4	64	90	0	2
1339	214.153686	214.677236	A3	64	98	1	-4
1340	214.371077	214.731583	B5	64	90	0	4
1341	214.371077	214.445352	A4	64	78	0	5
1342	214.371077	214.635569	E4	64	98	0	5
1343	214.588468	214.990641	C5	64	98	0	3
1344	214.588468	215.005134	A4	64	98	0	5
1345	214.805859	214.896438	A3	64	98	1	-4
1346	214.936293	215.202597	C6	64	90	0	5
1347	215.023250	215.108395	E4	64	98	0	5
1348	215.240641	215.345713	A4	64	67	0	5
1349	215.300423	215.802234	B5	64	90	0	4
1350	215.458032	215.820350	D4	64	98	0	3
1351	215.458032	215.916364	F#4	64	98	0	2
1352	215.458032	216.070350	D2	64	98	1	-3
1353	215.664553	216.983392	A5	64	90	0	2
1354	215.675423	216.238828	D3	64	98	1	-1
1355	215.892814	216.175422	A3	64	98	1	-4
1356	216.110205	216.351146	F#4	64	98	0	2
1357	216.327596	216.811291	D#2	64	98	1	-2
1358	216.327596	217.121073	D#4	64	98	0	4
1359	217.197160	217.845710	G4	64	90	0	3
1360	217.197160	217.472522	B3	64	98	1	-2
1361	217.197160	217.767811	E4	64	98	0	5
1362	217.197160	217.909115	G4	64	98	0	3
1363	217.197160	218.387375	E2	64	98	1	-1
1364	217.414551	218.392810	B2	64	98	1	-4
1365	217.631942	218.139187	E3	64	98	1	-4
1366	217.849333	217.910927	E4	64	47	0	5
1367	217.849333	218.048608	B3	64	98	1	-2
1368	218.066724	218.467085	A4	64	90	0	5
1369	218.066724	218.485201	G4	64	98	0	3
1370	218.066724	218.510564	E4	64	98	0	5
1371	218.284115	218.392810	E3	64	98	1	-4
1372	218.501506	218.862012	B4	64	90	0	2
1373	218.501506	218.890998	B3	64	98	1	-2
1374	218.936288	219.833026	F#5	64	90	0	4
1375	218.936288	219.434475	A4	64	98	0	5
1376	218.936288	219.622881	D#4	64	98	0	4
1377	218.936288	219.633750	F#4	64	98	0	2
1378	218.936288	220.153677	D#2	64	98	1	-2
1379	219.371070	219.881939	D#3	64	98	1	-5
1380	219.805852	220.121069	G5	64	90	0	5
1381	219.805852	220.160924	D#4	64	98	0	4
1382	219.805852	220.273242	A4	64	98	0	5
1383	219.805852	220.314909	F#4	64	98	0	2
1384	220.023243	220.151866	D#3	64	98	1	-5
1385	220.240634	220.660923	F#5	64	90	0	4
1386	220.240634	220.358387	D#4	64	98	0	4
1387	220.675416	220.979763	E5	64	90	0	2
1388	220.675416	221.182661	F#4	64	98	0	2
1389	220.675416	221.220705	D4	64	98	0	3
1390	220.675416	221.751501	D3	64	98	1	-1
1391	221.110198	221.519617	D5	64	90	0	5
1392	221.110198	221.809472	A3	64	98	1	-4
1393	221.544980	221.963457	B4	64	90	0	2
1394	221.544980	221.660922	D4	64	98	0	3
1395	221.544980	221.675414	F#4	64	98	0	2
1396	221.979762	224.653671	G4	64	90	0	3
1397	221.979762	224.765990	G4	64	98	0	3
1398	221.979762	224.780482	E4	64	98	0	5
1399	221.979762	224.785917	C#4	64	98	0	2
1400	221.979762	225.101134	C#3	64	98	1	-2
1401	225.023236	225.932655	B3	64	98	1	-2
1402	226.563089	226.890987	E4	64	80	0	5
1403	226.612002	227.771420	A4	64	98	0	5
1404	226.711639	228.075768	C5	64	98	0	3
1405	226.778668	229.450766	A2	64	97	1	-1
1406	227.171783	229.401853	E3	64	68	1	-4
1407	227.613812	228.679028	A3	64	98	1	-4
1408	227.631928	227.945333	C5	64	90	0	3
1409	228.041347	228.927216	A4	64	98	0	5
1410	228.066710	228.401854	C5	64	90	0	3
1411	228.470695	229.188085	C5	64	98	0	3
1412	228.501492	228.852940	B4	64	90	0	2
1413	228.883738	229.333012	A3	64	85	1	-4
1414	228.936274	229.309462	C5	64	90	0	3
1415	229.329389	229.775041	A4	64	98	0	5
1416	229.331201	229.773229	C5	64	98	0	3
1417	229.371056	229.749678	B4	64	90	0	2
1418	229.695331	230.236997	D5	64	90	0	5
1419	229.758736	229.985185	E4	64	63	0	5
1420	229.762359	229.919968	D4	64	73	0	3
1421	230.224315	230.526851	E5	64	90	0	2
1422	230.240620	230.981561	A4	64	98	0	5
1423	230.240620	231.041343	F#4	64	98	0	2
1424	230.240620	233.423586	D3	64	95	1	-1
1425	230.546779	231.818516	G5	64	90	0	5
1426	230.675402	231.305836	A3	64	84	1	-4
1427	231.110184	231.584821	F#4	64	98	0	2
1428	231.110184	231.601125	D4	64	98	0	3
1429	231.110184	231.621053	A4	64	98	0	5
1430	231.544966	232.095690	A3	64	98	1	-4
1431	231.762357	231.813081	A4	64	80	0	5
1432	231.762357	231.840255	F#4	64	98	0	2
1433	231.762357	231.860183	D4	64	75	0	3
1434	231.979748	232.300399	B4	64	90	0	2
1435	231.979748	232.251486	D4	64	98	0	3
1436	231.979748	232.265979	A4	64	98	0	5
1437	231.979748	232.278660	F#4	64	98	0	2
1438	232.414530	232.793152	B4	64	90	0	2
1439	232.414530	232.677210	D4	64	98	0	3
1440	232.414530	232.686268	A4	64	98	0	5
1441	232.414530	232.711631	F#4	64	98	0	2
1442	232.414530	232.905471	A3	64	98	1	-4
1443	232.849312	233.271413	E4	64	90	0	5
1444	232.849312	232.976123	D4	64	98	0	3
1445	232.849312	233.032282	A4	64	98	0	5
1446	232.849312	233.050398	F#4	64	98	0	2
1447	233.066703	233.309456	A3	64	98	1	-4
1448	233.284094	238.090246	G4	64	90	0	3
1449	233.284094	233.708006	A4	64	98	0	5
1450	233.284094	233.711629	D4	64	98	0	3
1451	233.284094	233.720687	F#4	64	98	0	2
1452	233.718876	234.209817	G3	64	98	1	-1
1453	233.718876	234.226121	B3	64	98	1	-2
1454	233.718876	234.304020	D4	64	98	0	3
1455	233.718876	234.544961	G2	64	98	1	-3
1456	234.153658	234.611990	D3	64	98	1	-1
1457	234.371049	234.488802	D4	64	47	0	3
1458	234.371049	234.490614	B3	64	52	1	-2
1459	234.588440	234.624672	G3	64	98	1	-1
1460	234.588440	234.668150	B3	64	98	1	-2
1461	234.588440	234.669961	D4	64	98	0	3
1462	235.023222	235.996046	C4	64	98	0	1
1463	235.023222	236.168148	G4	64	98	0	3
1464	235.023222	236.175394	E4	64	98	0	5
1465	235.023222	236.579379	C3	64	98	1	-3
1466	235.892786	236.376481	G3	64	82	1	-1
1467	236.327568	236.722495	G4	64	98	0	3
1468	236.327568	236.733364	E4	64	98	0	5
1469	236.544959	236.642785	G3	64	98	1	-1
1470	236.762350	236.825755	C4	64	98	0	1
1471	237.197132	237.704377	G3	64	98	1	-1
1472	237.197132	237.961623	B3	64	98	1	-2
1473	237.197132	237.970681	D4	64	98	0	3
1474	237.197132	238.063073	G2	64	98	1	-3
1475	237.631914	238.025029	D3	64	77	1	-1
1476	238.066696	238.142783	D4	64	98	0	3
1477	238.066696	238.144594	B3	64	98	1	-2
1478	238.501478	239.436259	C4	64	98	0	1
1479	238.501478	239.597491	G4	64	98	0	3
1480	238.501478	239.628288	E4	64	98	0	5
1481	238.501478	240.106548	C3	64	98	1	-3
1482	239.371042	239.854737	G3	64	86	1	-1
1483	239.805824	240.236983	E4	64	98	0	5
1484	239.805824	240.238794	G4	64	98	0	3
1485	240.023215	240.121041	G3	64	98	1	-1
1486	240.240606	240.300388	C4	64	98	0	1
1487	240.675388	241.385532	G3	64	98	1	-1
1488	240.675388	241.410894	B3	64	98	1	-2
1489	240.675388	241.427198	D4	64	98	0	3
1490	240.675388	241.508720	G2	64	96	1	-3
1491	241.110170	241.517778	D3	64	71	1	-1
1492	241.544952	241.617415	B3	64	98	1	-2
1493	241.544952	241.630097	D4	64	98	0	3
1494	241.979734	242.889153	C4	64	98	0	1
1495	241.979734	243.061254	G4	64	98	0	3
1496	241.979734	243.082993	E4	64	98	0	5
1497	241.979734	244.148209	C3	64	98	1	-3
1498	242.849298	243.461616	G3	64	98	1	-1
1499	242.878283	243.278645	D4	64	98	0	3
1500	243.416326	244.365600	D4	64	98	0	3
1501	243.948934	244.265962	G3	64	98	1	-1
1502	244.276832	245.398207	A3	64	98	1	-4
1503	244.776831	246.035887	G3	64	98	1	-1
1504	244.778643	246.197119	B3	64	98	1	-2
1505	244.793136	246.211612	D4	64	98	0	3
1506	244.804005	244.905454	G1	64	88	1	-5
1507	245.813062	249.604723	G2	64	82	1	-3
1508	246.111974	249.485158	D3	64	80	1	-1
1509	246.385525	249.457984	G3	64	98	1	-1
1510	246.718857	247.061248	A3	64	98	1	-4
1511	247.005089	247.298567	B3	64	94	1	-2
1512	247.275016	247.356538	D4	64	98	0	3
1513	247.657262	249.512332	G4	64	97	0	3
1514	248.280450	249.503274	D5	64	91	0	5
1515	248.282261	249.497839	B4	64	88	0	2
1516	248.284073	249.488781	A4	64	88	0	5
