//Version: PianoFingering_v170101
0	2.308545	7.977852	D4	64	54	0	3
1	2.337026	7.971522	F#4	64	64	0	2
2	2.390824	7.998421	D3	64	58	1	-1
3	2.443039	7.976269	A4	64	56	0	5
4	8.387662	11.528486	A3	64	11	1	-4
5	8.435130	11.517410	C#4	64	81	0	2
6	8.462029	11.514245	E4	64	64	0	5
7	8.466776	11.525321	A2	64	74	1	-1
8	11.393992	14.256335	D4	64	58	0	3
9	11.455701	14.243677	F#4	64	61	0	2
10	11.514245	14.289563	D3	64	79	1	-1
11	11.556967	14.243677	A4	64	57	0	5
12	14.574373	17.837033	A4	64	59	0	5
13	16.833868	17.302223	A3	64	68	1	-4
14	17.213615	17.579122	B3	64	64	1	-2
15	17.593362	18.077539	D4	64	64	0	3
16	17.593362	17.829122	F#4	64	53	0	2
17	17.593362	17.844944	D4	64	46	0	3
18	17.593362	17.920894	D3	64	58	1	-1
19	17.973109	18.368679	A3	64	65	1	-4
20	18.352856	19.354439	D4	64	74	0	3
21	18.352856	18.960451	D4	64	62	0	3
22	18.732603	19.278489	A3	64	56	1	-4
23	19.112350	19.802224	F#4	64	67	0	2
24	19.492097	19.893996	A3	64	63	1	-4
25	19.681971	20.242097	D4	64	64	0	3
26	19.871844	20.094945	F#4	64	86	0	2
27	20.061718	20.265832	A3	64	59	1	-4
28	20.125009	20.275325	E4	64	79	0	5
29	20.378173	21.009503	D4	64	81	0	3
30	20.631338	23.248428	D3	64	66	1	-1
31	21.011085	22.515833	A3	64	86	1	-4
32	21.011085	21.587035	A3	64	58	1	-4
33	21.390832	21.802225	D4	64	60	0	3
34	21.770579	22.272162	A3	64	63	1	-4
35	22.150326	22.890833	F#4	64	64	0	2
36	22.530073	23.142415	A3	64	60	1	-4
37	22.909820	23.341782	D4	64	69	0	3
38	22.909820	23.669314	D4	64	61	0	3
39	23.289567	23.582289	E4	64	67	0	5
40	23.289567	23.604441	A3	64	66	1	-4
41	23.669314	24.170897	F#4	64	76	0	2
42	23.669314	26.405075	D3	64	61	1	-1
43	24.049061	24.471530	A3	64	46	1	-4
44	24.428808	25.699378	F#4	64	90	0	2
45	24.428808	25.011087	D4	64	61	0	3
46	24.808555	25.302226	A3	64	58	1	-4
47	25.188302	25.928809	F#4	64	63	0	2
48	25.568049	25.789568	A4	64	70	0	5
49	25.568049	26.093366	A3	64	59	1	-4
50	25.947796	26.384505	F#4	64	59	0	2
51	25.947796	26.359189	D4	64	61	0	3
52	26.292733	26.686720	A3	64	59	1	-4
53	26.327543	26.734189	D4	64	60	0	3
54	26.707290	28.381341	E4	64	72	0	5
55	26.707290	27.411404	A3	64	59	1	-4
56	26.707290	27.598113	C#4	64	69	0	2
57	26.707290	29.712038	A2	64	58	1	-1
58	27.087037	29.678810	C#3	64	67	1	-2
59	27.466784	28.346531	E3	64	59	1	-4
60	27.846531	28.318050	A3	64	72	1	-4
61	28.226278	29.256342	C#4	64	72	0	2
62	28.606025	28.756342	A4	64	71	0	5
63	28.606025	28.971532	E3	64	63	1	-4
64	28.985772	29.153494	A4	64	79	0	5
65	28.985772	29.490519	A3	64	59	1	-4
66	29.365519	29.632924	E3	64	58	1	-4
67	29.555393	29.661405	A4	64	76	0	5
68	29.745266	31.321216	A4	64	79	0	5
69	29.745266	30.056975	D4	64	56	0	3
70	29.745266	30.186722	F#4	64	64	0	2
71	29.745266	32.419318	D3	64	64	1	-1
72	30.125013	30.517418	A3	64	55	1	-4
73	30.504760	31.055393	D4	64	56	0	3
74	30.884507	31.354444	A3	64	59	1	-4
75	31.264254	31.982609	F#4	64	76	0	2
76	31.644001	32.003178	A3	64	60	1	-4
77	31.644001	32.310141	A3	64	58	1	-4
78	32.023748	32.460457	D4	64	65	0	3
79	32.023748	32.306976	D4	64	58	0	3
80	32.403495	32.830710	C#4	64	77	0	2
81	32.403495	32.773748	A3	64	58	1	-4
82	32.783242	34.202546	B3	64	62	1	-2
83	32.789571	35.408243	G2	64	75	1	-3
84	33.162989	33.637673	G3	64	67	1	-1
85	33.162989	35.424066	D3	64	66	1	-1
86	33.542736	34.104445	D4	64	62	0	3
87	33.922483	35.227863	G3	64	64	1	-1
88	34.302230	35.537990	D4	64	62	0	3
89	34.681977	34.935142	B4	64	75	0	2
90	35.061724	35.180395	G4	64	61	0	3
91	35.441471	35.644003	A3	64	68	1	-4
92	35.631345	35.791155	D4	64	60	0	3
93	35.821218	35.977864	F#4	64	67	0	2
94	35.821218	38.556979	D3	64	61	1	-1
95	36.200965	36.550649	D4	64	60	0	3
96	36.200965	36.623434	A3	64	46	1	-4
97	36.580712	36.816472	A4	64	75	0	5
98	36.580712	37.162991	D4	64	61	0	3
99	36.770586	36.903497	F#4	64	81	0	2
100	36.960459	37.454130	A3	64	58	1	-4
101	37.150333	37.591788	B4	64	95	0	2
102	37.340206	38.080713	F#4	64	63	0	2
103	37.719953	38.148751	A4	64	70	0	5
104	37.719953	38.245270	A3	64	59	1	-4
105	38.099700	38.329131	D4	64	69	0	3
106	38.099700	38.511093	D4	64	61	0	3
107	38.444637	38.838624	A3	64	59	1	-4
108	38.479447	38.655080	F#4	64	74	0	2
109	38.859194	41.107613	E4	64	75	0	5
110	38.859194	39.563308	A3	64	59	1	-4
111	38.859194	39.750017	C#4	64	69	0	2
112	38.859194	41.863942	A2	64	58	1	-1
113	39.238941	41.830714	C#3	64	67	1	-2
114	39.618688	40.498435	E3	64	59	1	-4
115	39.998435	40.469954	A3	64	72	1	-4
116	40.757929	41.071220	E4	64	60	0	5
117	40.757929	41.104448	C#5	64	77	0	4
118	40.757929	41.123436	E3	64	63	1	-4
119	41.137676	41.408246	C#4	64	90	0	2
120	41.137676	41.446220	A3	64	67	1	-4
121	41.137676	41.449385	E4	64	75	0	5
122	41.137676	41.490524	A4	64	71	0	5
123	41.178815	41.645588	A3	64	68	1	-4
124	41.558562	41.922487	B3	64	64	1	-2
125	41.897170	42.276917	A3	64	79	1	-4
126	41.897170	42.276917	D4	64	79	0	3
127	41.938309	42.422487	D4	64	64	0	3
128	42.276917	42.699386	A3	64	46	1	-4
129	42.656664	43.238943	D4	64	61	0	3
130	42.697803	43.699386	D4	64	74	0	3
131	43.036411	43.416158	D3	64	70	1	-1
132	43.036411	43.530082	A3	64	58	1	-4
133	43.416158	44.156665	F#4	64	63	0	2
134	43.416158	44.632931	D3	64	73	1	-1
135	43.795905	44.175652	A3	64	59	1	-4
136	44.151918	44.537994	F#4	64	76	0	2
137	44.175652	44.587045	D4	64	61	0	3
138	44.175652	44.914576	A3	64	59	1	-4
139	44.490526	44.890842	E4	64	67	0	5
140	44.862361	45.356032	D4	64	77	0	3
141	44.935146	45.314893	A3	64	79	1	-4
142	44.935146	45.314893	D4	64	79	0	3
143	45.311728	46.469957	A3	64	72	1	-4
144	45.314893	45.737362	A3	64	46	1	-4
145	45.694640	46.276919	D4	64	61	0	3
146	46.074387	46.568058	A3	64	58	1	-4
147	46.454134	47.194641	F#4	64	63	0	2
148	47.213628	47.359198	A3	64	59	1	-4
149	47.213628	47.625021	D4	64	61	0	3
150	47.254767	47.686730	D4	64	69	0	3
151	47.634514	47.925654	E4	64	67	0	5
152	47.973122	48.352869	A3	64	79	1	-4
153	47.973122	48.352869	D4	64	79	0	3
154	48.014261	48.514262	F#4	64	76	0	2
155	48.352869	48.775338	A3	64	46	1	-4
156	48.732616	49.314895	D4	64	61	0	3
157	48.773755	50.042743	F#4	64	90	0	2
158	49.112363	49.606034	A3	64	58	1	-4
159	49.492110	50.232617	F#4	64	63	0	2
160	49.912996	50.132933	A4	64	70	0	5
161	50.251604	50.397174	A3	64	59	1	-4
162	50.251604	50.662997	D4	64	61	0	3
163	50.292743	50.727870	F#4	64	59	0	2
164	50.672490	51.079136	D4	64	60	0	3
165	51.011098	51.715212	A3	64	59	1	-4
166	51.011098	51.901921	C#4	64	69	0	2
167	51.011098	52.150339	A2	64	58	1	-1
168	51.052237	52.726289	E4	64	72	0	5
169	51.390845	53.982618	C#3	64	67	1	-2
170	51.770592	52.650339	E3	64	59	1	-4
171	52.150339	52.530086	A2	64	79	1	-1
172	52.150339	52.621858	A3	64	72	1	-4
173	52.530086	54.049074	A2	64	79	1	-1
174	52.909833	53.223124	E4	64	60	0	5
175	52.909833	53.275340	E3	64	63	1	-4
176	52.950972	53.099707	A4	64	71	0	5
177	53.289580	54.011099	C#4	64	74	0	2
178	53.289580	54.049074	A3	64	67	1	-4
179	53.289580	54.052239	E4	64	75	0	5
180	53.289580	54.093378	A4	64	71	0	5
181	53.330719	53.498441	A4	64	79	0	5
182	53.900340	54.004770	A4	64	76	0	5
183	54.049074	54.428821	A3	64	79	1	-4
184	54.049074	54.428821	D4	64	79	0	3
185	54.049074	55.188315	D3	64	79	1	-1
186	54.090213	55.664581	A4	64	79	0	5
187	54.428821	54.851290	A3	64	46	1	-4
188	54.808568	55.390847	D4	64	61	0	3
189	55.188315	55.568062	D3	64	79	1	-1
190	55.188315	55.681986	A3	64	58	1	-4
191	55.568062	56.308569	F#4	64	63	0	2
192	55.568062	57.087050	D3	64	79	1	-1
193	55.947809	56.113948	D5	64	75	0	5
194	55.988948	56.346543	A3	64	60	1	-4
195	56.327556	56.473126	A3	64	73	1	-4
196	56.327556	56.738949	D4	64	73	0	3
197	56.327556	56.780088	D5	64	72	0	5
198	56.368695	56.803822	D4	64	65	0	3
199	56.748442	57.174075	C#4	64	77	0	2
200	57.087050	58.226291	G2	64	75	1	-3
201	57.128189	58.547494	B3	64	62	1	-2
202	57.460468	57.466797	D3	64	66	1	-1
203	57.460468	57.466797	G3	64	67	1	-1
204	57.840215	58.401924	D4	64	62	0	3
205	58.219962	59.525342	G3	64	64	1	-1
206	58.599709	59.359203	D4	64	62	0	3
207	58.979456	59.232621	B4	64	75	0	2
208	59.359203	59.477874	G4	64	61	0	3
209	59.365532	60.125026	D4	64	79	0	3
210	59.786418	59.988950	A3	64	68	1	-4
211	59.976292	60.136102	D4	64	60	0	3
212	60.125026	60.504773	A3	64	79	1	-4
213	60.125026	60.504773	D4	64	79	0	3
214	60.125026	61.264267	D3	64	79	1	-1
215	60.166165	60.321229	F#4	64	67	0	2
216	60.504773	60.927242	A3	64	46	1	-4
217	60.545912	60.895596	D4	64	60	0	3
218	60.884520	61.466799	D4	64	61	0	3
219	60.925659	61.159837	A4	64	75	0	5
220	61.115533	61.248444	F#4	64	81	0	2
221	61.264267	61.644014	D3	64	79	1	-1
222	61.495280	61.935153	B4	64	95	0	2
223	61.644014	62.348128	A3	64	59	1	-4
224	61.644014	62.534837	C#4	64	69	0	2
225	61.644014	62.783255	A2	64	58	1	-1
226	62.023761	63.163002	C#3	64	67	1	-2
227	62.064900	62.493698	A4	64	70	0	5
228	62.403508	62.840217	E4	64	84	0	5
229	62.403508	63.283255	E3	64	59	1	-4
230	62.783255	63.096546	F#4	64	84	0	2
231	62.783255	63.163002	A2	64	79	1	-1
232	63.163002	65.441484	D4	64	84	0	3
233	63.163002	63.254774	A3	64	79	1	-4
234	63.163002	63.542749	D4	64	79	0	3
235	63.163002	64.302243	D3	64	79	1	-1
236	63.542749	63.922496	A4	64	79	0	5
237	63.922496	64.504775	D4	64	61	0	3
238	64.302243	64.681990	D3	64	79	1	-1
239	64.302243	64.795914	A3	64	58	1	-4
240	64.681990	65.061737	F#4	64	63	0	2
241	64.681990	66.200978	D3	64	79	1	-1
242	65.061737	65.473130	D4	64	73	0	3
243	65.441484	65.587054	A3	64	73	1	-4
244	65.441484	65.821231	A4	64	79	0	5
245	65.821231	66.031674	D4	64	84	0	3
246	65.821231	66.200978	D4	64	79	0	3
247	66.200978	67.224713	G4	64	84	0	3
248	66.200978	67.340219	G2	64	76	1	-3
249	66.580725	69.006359	D3	64	62	1	-1
250	66.960472	67.392434	G4	64	76	0	3
251	66.960472	67.394017	G3	64	53	1	-1
252	66.960472	67.420915	B3	64	63	1	-2
253	66.960472	67.420915	D4	64	69	0	3
254	67.340219	67.582308	B4	64	84	0	2
255	67.340219	67.719966	G2	64	79	1	-3
256	67.719966	68.219966	D5	64	84	0	5
257	67.719966	69.238954	G2	64	79	1	-3
258	68.479460	68.683574	C#5	64	84	0	4
259	68.479460	68.973131	G4	64	85	0	3
260	68.479460	69.000030	D4	64	74	0	3
261	68.479460	69.038005	B3	64	65	1	-2
262	68.669334	69.022182	B4	64	84	0	2
263	68.859207	69.118701	G3	64	58	1	-1
264	69.238954	70.359208	A4	64	84	0	5
265	69.238954	70.378195	D3	64	81	1	-1
266	69.618701	71.778512	F#3	64	50	1	-2
267	69.998448	70.457309	A4	64	69	0	5
268	69.998448	70.488955	F#4	64	58	0	2
269	69.998448	70.569651	D4	64	65	0	3
270	69.998448	71.680411	A3	64	59	1	-4
271	70.378195	70.561739	D5	64	84	0	5
272	70.378195	70.757942	D3	64	79	1	-1
273	70.757942	71.563322	F#4	64	84	0	2
274	70.757942	72.276930	D3	64	79	1	-1
275	71.517436	71.751613	D4	64	84	0	3
276	71.517436	72.034841	D4	64	79	0	3
277	71.517436	72.055411	A4	64	85	0	5
278	71.517436	72.087057	F#4	64	91	0	2
279	71.769018	71.889272	F#4	64	84	0	2
280	71.897183	72.276930	A3	64	79	1	-4
281	72.055411	72.172500	B4	64	84	0	2
282	72.276930	73.416171	A2	64	79	1	-1
283	72.319652	72.642437	A4	64	84	0	5
284	72.656677	72.984209	A4	64	84	0	5
285	72.656677	74.949400	C#3	64	71	1	-2
286	73.014272	73.647184	C#4	64	82	0	2
287	73.014272	73.655095	E4	64	82	0	5
288	73.036424	73.639272	A4	64	48	0	5
289	73.036424	74.968387	E3	64	58	1	-4
290	73.044335	73.248449	C#4	64	84	0	2
291	73.278513	73.454146	E4	64	84	0	5
292	73.416171	73.795918	A2	64	79	1	-1
293	73.416171	73.887690	A3	64	58	1	-4
294	73.580728	73.716804	B4	64	84	0	2
295	73.795918	75.314906	A2	64	79	1	-1
296	73.818070	74.121868	A4	64	84	0	5
297	74.175665	74.443070	A4	64	84	0	5
298	74.555412	74.914589	A4	64	96	0	5
299	74.555412	74.938324	E4	64	96	0	5
300	74.555412	74.963640	C#4	64	96	0	2
301	74.568070	74.879779	G4	64	84	0	3
302	74.829146	75.144020	E4	64	84	0	5
303	74.935159	75.278514	A3	64	53	1	-4
304	75.096552	75.250033	B4	64	86	0	2
305	75.314906	76.454147	D3	64	86	1	-1
306	75.349716	76.731046	A4	64	86	0	5
307	75.694653	77.732629	F#3	64	58	1	-2
308	76.074400	76.501615	D4	64	85	0	3
309	76.074400	76.596552	A4	64	71	0	5
310	76.074400	76.683578	F#4	64	81	0	2
311	76.074400	77.681996	A3	64	57	1	-4
312	76.454147	76.833894	D3	64	79	1	-1
313	76.833894	78.163009	D3	64	79	1	-1
314	77.593388	77.780097	D4	64	79	0	3
315	77.593388	77.781679	A4	64	69	0	5
316	77.593388	77.854464	F#4	64	74	0	2
317	77.973135	78.183578	D4	64	89	0	3
318	77.973135	78.297502	D4	64	46	0	3
319	78.352882	79.376617	G4	64	90	0	3
320	78.352882	79.492123	G2	64	76	1	-3
321	78.732629	81.158263	D3	64	62	1	-1
322	79.112376	79.544338	G4	64	76	0	3
323	79.112376	79.545921	G3	64	53	1	-1
324	79.112376	79.572819	B3	64	63	1	-2
325	79.112376	79.572819	D4	64	69	0	3
326	79.492123	79.734212	B4	64	94	0	2
327	79.492123	79.871870	G2	64	79	1	-3
328	79.871870	80.371870	D5	64	94	0	5
329	79.871870	81.390858	G2	64	79	1	-3
330	80.631364	80.835478	C#5	64	94	0	4
331	80.631364	81.125035	G4	64	85	0	3
332	80.631364	81.151934	D4	64	74	0	3
333	80.631364	81.189909	B3	64	65	1	-2
334	80.821238	81.174086	B4	64	94	0	2
335	81.011111	81.270605	G3	64	58	1	-1
336	81.390858	82.511112	A4	64	94	0	5
337	81.390858	81.965225	D5	64	74	0	5
338	81.390858	82.530099	D3	64	86	1	-1
339	81.770605	83.808581	F#3	64	58	1	-2
340	82.150352	82.577567	D4	64	85	0	3
341	82.150352	82.672504	A4	64	71	0	5
342	82.150352	82.716808	D5	64	63	0	5
343	82.150352	82.759530	F#4	64	81	0	2
344	82.150352	83.757948	A3	64	57	1	-4
345	82.530099	82.713643	D5	64	93	0	5
346	82.530099	82.909846	D3	64	79	1	-1
347	82.909846	83.715226	F#4	64	93	0	2
348	82.909846	83.555416	D5	64	65	0	5
349	82.909846	84.238961	D3	64	79	1	-1
350	83.669340	83.903517	D4	64	91	0	3
351	83.669340	83.856049	D4	64	79	0	3
352	83.669340	83.857631	A4	64	69	0	5
353	83.669340	83.930416	F#4	64	74	0	2
354	83.669340	84.007948	D5	64	74	0	5
355	83.920922	84.041176	F#4	64	89	0	2
356	84.207315	84.324404	B4	64	90	0	2
357	84.428834	85.568075	A2	64	79	1	-1
358	84.471556	84.794341	A4	64	87	0	5
359	84.808581	85.136113	A4	64	89	0	5
360	84.808581	87.101304	C#3	64	71	1	-2
361	85.166176	85.799088	C#4	64	82	0	2
362	85.166176	85.806999	E4	64	82	0	5
363	85.188328	85.392442	C#4	64	87	0	2
364	85.188328	85.791176	A4	64	48	0	5
365	85.188328	87.120291	E3	64	58	1	-4
366	85.430417	85.606050	E4	64	85	0	5
367	85.568075	85.947822	A2	64	79	1	-1
368	85.568075	86.039594	A3	64	58	1	-4
369	85.732632	85.868708	B4	64	85	0	2
370	85.947822	87.466810	A2	64	79	1	-1
371	85.969974	86.273772	A4	64	87	0	5
372	86.327569	86.594974	A4	64	83	0	5
373	86.707316	87.066493	A4	64	96	0	5
374	86.707316	87.090228	E4	64	96	0	5
375	86.707316	87.115544	C#4	64	96	0	2
376	86.713645	86.946240	E4	64	83	0	5
377	86.930417	87.188329	F#4	64	81	0	2
378	87.087063	87.430418	A3	64	53	1	-4
379	87.163012	87.436747	E4	64	82	0	5
380	87.466810	88.928836	D4	64	80	0	3
381	87.466810	88.606051	D3	64	83	1	-1
382	87.846557	90.185166	F#3	64	62	1	-2
383	88.226304	88.644026	D5	64	74	0	5
384	88.226304	88.693076	A4	64	83	0	5
385	88.226304	88.875039	F#4	64	81	0	2
386	88.606051	88.985798	D3	64	79	1	-1
387	88.985798	90.207318	D5	64	71	0	5
388	88.985798	90.289596	A4	64	73	0	5
389	88.985798	90.314913	D3	64	79	1	-1
390	88.985798	90.314913	F#4	64	63	0	2
391	89.745292	90.053836	A3	64	67	1	-4
392	89.786431	90.253204	A3	64	68	1	-4
393	90.166178	90.530103	B3	64	64	1	-2
394	90.504786	90.534849	D4	64	79	0	3
395	90.504786	90.884533	A3	64	79	1	-4
396	90.545925	91.030103	D4	64	64	0	3
397	90.884533	91.307002	A3	64	46	1	-4
398	91.264280	91.846559	D4	64	61	0	3
399	91.305419	92.307002	D4	64	74	0	3
400	91.644027	92.023774	D3	64	70	1	-1
401	91.644027	92.137698	A3	64	58	1	-4
402	92.023774	92.764281	F#4	64	63	0	2
403	92.023774	93.240547	D3	64	73	1	-1
404	92.403521	92.783268	A3	64	59	1	-4
405	92.685167	93.064914	F#4	64	70	0	2
406	92.783268	93.194661	D4	64	61	0	3
407	92.783268	93.522192	A3	64	59	1	-4
408	93.000040	93.297509	E4	64	63	0	5
409	93.276939	93.894028	D4	64	55	0	3
410	93.542762	93.922509	A3	64	79	1	-4
411	93.542762	93.922509	D4	64	79	0	3
412	93.867129	95.068079	A3	64	65	1	-4
413	93.922509	94.344978	A3	64	46	1	-4
414	94.302256	94.884535	D4	64	61	0	3
415	94.682003	95.175674	A3	64	58	1	-4
416	95.061750	95.802257	F#4	64	63	0	2
417	95.821244	95.966814	A3	64	59	1	-4
418	95.821244	96.232637	D4	64	61	0	3
419	95.862383	96.294346	D4	64	69	0	3
420	96.242130	96.533270	E4	64	67	0	5
421	96.580738	96.960485	A3	64	79	1	-4
422	96.580738	96.960485	D4	64	79	0	3
423	96.621877	97.121878	F#4	64	76	0	2
424	96.960485	97.382954	A3	64	46	1	-4
425	97.340232	97.922511	D4	64	61	0	3
426	97.381371	98.568081	F#4	64	90	0	2
427	97.719979	98.213650	A3	64	58	1	-4
428	98.099726	98.840233	F#4	64	63	0	2
429	98.520612	98.740549	A4	64	70	0	5
430	98.764283	99.045929	F#4	64	84	0	2
431	98.859220	99.004790	A3	64	59	1	-4
432	98.859220	99.270613	D4	64	61	0	3
433	98.973144	99.246878	E4	64	74	0	5
434	99.185170	99.579157	D4	64	67	0	3
435	99.591815	99.982638	E4	64	90	0	5
436	99.618714	100.322828	A3	64	59	1	-4
437	99.618714	100.509537	C#4	64	69	0	2
438	99.618714	100.757955	A2	64	58	1	-1
439	99.998461	102.590234	C#3	64	67	1	-2
440	100.063334	100.966816	E4	64	94	0	5
441	100.378208	101.257955	E3	64	59	1	-4
442	100.757955	101.137702	A2	64	79	1	-1
443	100.757955	101.229474	A3	64	72	1	-4
444	101.137702	102.656690	A2	64	79	1	-1
445	101.517449	101.830740	E4	64	60	0	5
446	101.517449	101.882956	E3	64	63	1	-4
447	101.558588	101.707323	A4	64	71	0	5
448	101.897196	102.618715	C#4	64	74	0	2
449	101.897196	102.656690	A3	64	67	1	-4
450	101.897196	102.659855	E4	64	75	0	5
451	101.897196	102.700994	A4	64	71	0	5
452	101.938335	102.106057	A4	64	79	0	5
453	102.507956	102.612386	A4	64	76	0	5
454	102.656690	103.036437	A3	64	79	1	-4
455	102.656690	103.036437	D4	64	79	0	3
456	102.656690	103.795931	D3	64	79	1	-1
457	102.697829	104.272197	A4	64	79	0	5
458	103.036437	103.458906	A3	64	46	1	-4
459	103.416184	103.998463	D4	64	61	0	3
460	103.795931	104.175678	D3	64	79	1	-1
461	103.795931	104.289602	A3	64	58	1	-4
462	104.175678	104.916185	F#4	64	63	0	2
463	104.175678	105.694666	D3	64	79	1	-1
464	104.555425	104.721564	D5	64	75	0	5
465	104.596564	104.954159	A3	64	60	1	-4
466	104.935172	105.080742	A3	64	73	1	-4
467	104.935172	105.346565	D4	64	73	0	3
468	104.935172	105.387704	D5	64	72	0	5
469	104.976311	105.411438	D4	64	75	0	3
470	105.356058	105.781691	C#4	64	75	0	2
471	105.694666	106.833907	G2	64	75	1	-3
472	105.735805	107.155110	B3	64	75	1	-2
473	106.068084	106.074413	D3	64	66	1	-1
474	106.068084	106.074413	G3	64	67	1	-1
475	106.447831	107.009540	D4	64	62	0	3
476	106.827578	108.132958	G3	64	64	1	-1
477	107.207325	107.966819	D4	64	62	0	3
478	107.587072	107.840237	B4	64	75	0	2
479	107.966819	108.085490	G4	64	61	0	3
480	107.973148	108.732642	D4	64	79	0	3
481	108.394034	108.596566	A3	64	75	1	-4
482	108.583908	108.743718	D4	64	75	0	3
483	108.732642	109.112389	A3	64	79	1	-4
484	108.732642	109.112389	D4	64	79	0	3
485	108.732642	109.871883	D3	64	79	1	-1
486	108.773781	108.928845	F#4	64	75	0	2
487	109.112389	109.534858	A3	64	46	1	-4
488	109.153528	109.503212	D4	64	75	0	3
489	109.492136	110.074415	D4	64	61	0	3
490	109.533275	109.767453	A4	64	75	0	5
491	109.723149	109.856060	F#4	64	75	0	2
492	109.871883	110.251630	D3	64	79	1	-1
493	110.102896	110.542769	B4	64	75	0	2
494	110.251630	110.955744	A3	64	59	1	-4
495	110.251630	111.142453	C#4	64	69	0	2
496	110.251630	111.390871	A2	64	58	1	-1
497	110.631377	111.770618	C#3	64	67	1	-2
498	110.672516	111.101314	A4	64	75	0	5
499	111.011124	111.447833	E4	64	75	0	5
500	111.011124	111.890871	E3	64	59	1	-4
501	111.390871	111.704162	F#4	64	75	0	2
502	111.390871	111.770618	A2	64	79	1	-1
503	111.770618	114.049100	D4	64	76	0	3
504	111.770618	111.862390	A3	64	79	1	-4
505	111.770618	112.150365	D4	64	79	0	3
506	111.770618	112.909859	D3	64	79	1	-1
507	112.150365	112.530112	A4	64	79	0	5
508	112.530112	113.112391	D4	64	61	0	3
509	112.909859	113.289606	D3	64	79	1	-1
510	112.909859	113.403530	A3	64	58	1	-4
511	113.289606	113.669353	F#4	64	63	0	2
512	113.289606	114.808594	D3	64	79	1	-1
513	113.669353	114.080746	D4	64	73	0	3
514	114.049100	114.194670	A3	64	73	1	-4
515	114.049100	114.428847	A4	64	79	0	5
516	114.428847	114.639290	D4	64	80	0	3
517	114.428847	114.808594	D4	64	79	0	3
518	114.808594	115.832329	G4	64	80	0	3
519	114.808594	115.947835	G2	64	76	1	-3
520	115.188341	117.613975	D3	64	62	1	-1
521	115.568088	116.000050	G4	64	76	0	3
522	115.568088	116.001633	G3	64	53	1	-1
523	115.568088	116.028531	B3	64	63	1	-2
524	115.568088	116.028531	D4	64	69	0	3
525	115.947835	116.189924	B4	64	80	0	2
526	115.947835	116.327582	G2	64	79	1	-3
527	116.327582	116.827582	D5	64	80	0	5
528	116.327582	117.846570	G2	64	79	1	-3
529	117.087076	117.291190	C#5	64	80	0	4
530	117.087076	117.580747	G4	64	85	0	3
531	117.087076	117.607646	D4	64	74	0	3
532	117.087076	117.645621	B3	64	65	1	-2
533	117.276950	117.629798	B4	64	80	0	2
534	117.466823	117.726317	G3	64	58	1	-1
535	117.846570	118.966824	A4	64	80	0	5
536	117.846570	118.985811	D3	64	81	1	-1
537	118.226317	120.386128	F#3	64	50	1	-2
538	118.606064	119.064925	A4	64	69	0	5
539	118.606064	119.096571	F#4	64	58	0	2
540	118.606064	119.177267	D4	64	65	0	3
541	118.606064	120.288027	A3	64	59	1	-4
542	118.985811	119.169355	D5	64	79	0	5
543	118.985811	119.365558	D3	64	79	1	-1
544	119.365558	120.170938	F#4	64	79	0	2
545	119.365558	120.884546	D3	64	79	1	-1
546	120.125052	120.359229	D4	64	79	0	3
547	120.125052	120.642457	D4	64	79	0	3
548	120.125052	120.663027	A4	64	85	0	5
549	120.125052	120.694673	F#4	64	91	0	2
550	120.376634	120.496888	F#4	64	79	0	2
551	120.504799	120.884546	A3	64	79	1	-4
552	120.663027	120.780116	B4	64	78	0	2
553	120.884546	122.023787	A2	64	79	1	-1
554	120.927268	121.250053	A4	64	78	0	5
555	121.264293	121.591825	A4	64	78	0	5
556	121.264293	123.557016	C#3	64	71	1	-2
557	121.621888	122.254800	C#4	64	82	0	2
558	121.621888	122.262711	E4	64	82	0	5
559	121.644040	121.848154	C#4	64	78	0	2
560	121.644040	122.246888	A4	64	48	0	5
561	121.644040	123.576003	E3	64	58	1	-4
562	121.901952	122.077585	E4	64	78	0	5
563	122.023787	122.403534	A2	64	79	1	-1
564	122.023787	122.495306	A3	64	58	1	-4
565	122.188344	122.324420	B4	64	78	0	2
566	122.403534	123.922522	A2	64	79	1	-1
567	122.425686	122.729484	A4	64	78	0	5
568	122.783281	123.050686	A4	64	78	0	5
569	123.163028	123.522205	A4	64	96	0	5
570	123.163028	123.545940	E4	64	96	0	5
571	123.163028	123.571256	C#4	64	96	0	2
572	123.175686	123.487395	G4	64	78	0	3
573	123.436762	123.751636	E4	64	78	0	5
574	123.542775	123.886130	A3	64	53	1	-4
575	123.704168	123.857649	B4	64	78	0	2
576	123.922522	125.061763	D3	64	86	1	-1
577	123.957332	125.338662	A4	64	78	0	5
578	124.302269	126.340245	F#3	64	58	1	-2
579	124.682016	125.109231	D4	64	85	0	3
580	124.682016	125.204168	A4	64	71	0	5
581	124.682016	125.291194	F#4	64	81	0	2
582	124.682016	126.289612	A3	64	57	1	-4
583	125.061763	125.441510	D3	64	79	1	-1
584	125.441510	126.770625	D3	64	79	1	-1
585	126.201004	126.387713	D4	64	79	0	3
586	126.201004	126.389295	A4	64	69	0	5
587	126.201004	126.462080	F#4	64	74	0	2
588	126.580751	126.791194	D4	64	81	0	3
589	126.580751	126.905118	D4	64	46	0	3
590	126.960498	127.984233	G4	64	81	0	3
591	126.960498	128.099739	G2	64	76	1	-3
592	127.340245	129.765879	D3	64	62	1	-1
593	127.719992	128.151954	G4	64	76	0	3
594	127.719992	128.153537	G3	64	53	1	-1
595	127.719992	128.180435	B3	64	63	1	-2
596	127.719992	128.180435	D4	64	69	0	3
597	128.099739	128.341828	B4	64	84	0	2
598	128.099739	128.479486	G2	64	79	1	-3
599	128.479486	128.979486	D5	64	84	0	5
600	128.479486	129.998474	G2	64	79	1	-3
601	129.238980	129.443094	C#5	64	86	0	4
602	129.238980	129.732651	G4	64	85	0	3
603	129.238980	129.759550	D4	64	74	0	3
604	129.238980	129.797525	B3	64	65	1	-2
605	129.428854	129.781702	B4	64	86	0	2
606	129.618727	129.878221	G3	64	58	1	-1
607	129.998474	131.118728	A4	64	86	0	5
608	129.998474	130.572841	D5	64	74	0	5
609	129.998474	131.137715	D3	64	86	1	-1
610	130.378221	132.416197	F#3	64	58	1	-2
611	130.757968	131.185183	D4	64	85	0	3
612	130.757968	131.280120	A4	64	71	0	5
613	130.757968	131.324424	D5	64	63	0	5
614	130.757968	131.367146	F#4	64	81	0	2
615	130.757968	132.365564	A3	64	57	1	-4
616	131.137715	131.321259	D5	64	86	0	5
617	131.137715	131.517462	D3	64	79	1	-1
618	131.517462	132.322842	F#4	64	86	0	2
619	131.517462	132.163032	D5	64	65	0	5
620	131.517462	132.846577	D3	64	79	1	-1
621	132.276956	132.511133	D4	64	86	0	3
622	132.276956	132.463665	D4	64	79	0	3
623	132.276956	132.465247	A4	64	69	0	5
624	132.276956	132.538032	F#4	64	74	0	2
625	132.276956	132.615564	D5	64	74	0	5
626	132.528538	132.648792	F#4	64	86	0	2
627	132.814931	132.932020	B4	64	86	0	2
628	133.036450	134.175691	A2	64	79	1	-1
629	133.079172	133.401957	A4	64	86	0	5
630	133.416197	133.743729	A4	64	86	0	5
631	133.416197	135.708920	C#3	64	71	1	-2
632	133.773792	134.406704	C#4	64	82	0	2
633	133.773792	134.414615	E4	64	82	0	5
634	133.795944	134.000058	C#4	64	86	0	2
635	133.795944	134.398792	A4	64	48	0	5
636	133.795944	135.727907	E3	64	58	1	-4
637	134.038033	134.213666	E4	64	86	0	5
638	134.175691	134.555438	A2	64	79	1	-1
639	134.175691	134.647210	A3	64	58	1	-4
640	134.340248	134.476324	B4	64	86	0	2
641	134.555438	136.074426	A2	64	79	1	-1
642	134.577590	135.316514	A4	64	86	0	5
643	135.314932	135.674109	A4	64	96	0	5
644	135.314932	135.697844	E4	64	96	0	5
645	135.314932	135.723160	C#4	64	96	0	2
646	135.321261	135.553856	E4	64	86	0	5
647	135.538033	135.795945	F#4	64	86	0	2
648	135.694679	136.038034	A3	64	53	1	-4
649	135.770628	136.044363	E4	64	86	0	5
650	136.074426	137.536452	D4	64	86	0	3
651	136.074426	137.213667	D3	64	83	1	-1
652	136.454173	138.792782	F#3	64	62	1	-2
653	136.833920	137.251642	D5	64	74	0	5
654	136.833920	137.300692	A4	64	83	0	5
655	136.833920	137.482655	F#4	64	81	0	2
656	137.213667	137.593414	D3	64	79	1	-1
657	137.213667	139.142465	D4	64	54	0	3
658	137.593414	138.814934	D5	64	71	0	5
659	137.593414	138.897212	A4	64	73	0	5
660	137.593414	138.922529	D3	64	79	1	-1
661	137.593414	138.922529	F#4	64	63	0	2
662	138.352908	138.821263	A3	64	68	1	-4
663	138.352908	138.661452	A3	64	67	1	-4
664	138.732655	139.098162	B3	64	64	1	-2
665	139.112402	139.596579	D4	64	64	0	3
666	139.112402	139.822845	F#4	64	53	0	2
667	139.112402	140.251643	D3	64	58	1	-1
668	139.492149	139.887719	A3	64	65	1	-4
669	139.871896	140.873479	D4	64	74	0	3
670	139.871896	140.479491	D4	64	62	0	3
671	140.251643	140.631390	D3	64	68	1	-1
672	140.251643	140.797529	A3	64	68	1	-4
673	140.631390	141.321264	F#4	64	68	0	2
674	140.631390	141.960505	D3	64	68	1	-1
675	141.011137	141.413036	A3	64	68	1	-4
676	141.201011	141.761137	D4	64	64	0	3
677	141.389302	141.788036	F#4	64	84	0	2
678	141.580758	141.784872	A3	64	59	1	-4
679	141.696264	141.968416	E4	64	80	0	5
680	141.943099	142.425695	D4	64	76	0	3
681	142.150378	143.289619	D3	64	66	1	-1
682	142.411454	143.732657	A3	64	53	1	-4
683	142.530125	143.106075	A3	64	58	1	-4
684	142.909872	143.321265	D4	64	60	0	3
685	143.289619	143.669366	D3	64	62	1	-1
686	143.289619	143.791202	A3	64	63	1	-4
687	143.669366	144.409873	F#4	64	64	0	2
688	143.669366	144.998481	D3	64	62	1	-1
689	144.049113	144.661455	A3	64	60	1	-4
690	144.428860	144.860822	D4	64	69	0	3
691	144.428860	145.188354	D4	64	61	0	3
692	144.808607	145.101329	E4	64	67	0	5
693	145.188354	145.689937	F#4	64	76	0	2
694	145.188354	146.327595	D3	64	61	1	-1
695	145.568101	145.990570	A3	64	46	1	-4
696	145.947848	147.120317	F#4	64	90	0	2
697	145.947848	146.530127	D4	64	61	0	3
698	146.327595	146.517469	D3	64	62	1	-1
699	146.327595	146.821266	A3	64	58	1	-4
700	146.707342	147.447849	F#4	64	63	0	2
701	146.707342	148.036457	D3	64	62	1	-1
702	147.045950	147.485823	A4	64	83	0	5
703	147.087089	147.826013	A3	64	59	1	-4
704	147.441520	147.686773	F#4	64	80	0	2
705	147.466836	147.878229	D4	64	61	0	3
706	147.637722	147.895634	E4	64	67	0	5
707	147.846583	148.240571	F#4	64	59	0	2
708	147.854494	148.270634	D4	64	59	0	3
709	148.226330	148.930444	A3	64	59	1	-4
710	148.226330	149.117153	C#4	64	69	0	2
711	148.226330	149.365571	A2	64	58	1	-1
712	148.243735	148.613988	E4	64	74	0	5
713	148.606077	151.197850	C#3	64	67	1	-2
714	148.670951	149.769052	E4	64	97	0	5
715	148.985824	149.865571	E3	64	59	1	-4
716	149.365571	149.555445	A2	64	62	1	-1
717	149.365571	149.837090	A3	64	56	1	-4
718	149.745318	150.775382	C#4	64	68	0	2
719	149.745318	151.074433	A2	64	62	1	-1
720	150.125065	150.275382	A4	64	71	0	5
721	150.125065	150.490572	E3	64	69	1	-4
722	150.504812	150.672534	A4	64	79	0	5
723	150.504812	151.009559	A3	64	68	1	-4
724	150.884559	151.151964	E3	64	58	1	-4
725	151.074433	151.180445	A4	64	76	0	5
726	151.264306	152.840256	A4	64	79	0	5
727	151.264306	151.576015	D4	64	56	0	3
728	151.264306	151.705762	F#4	64	64	0	2
729	151.264306	152.403547	D3	64	64	1	-1
730	151.644053	152.036458	A3	64	55	1	-4
731	152.023800	152.574433	D4	64	56	0	3
732	152.403547	152.593421	D3	64	62	1	-1
733	152.403547	152.873484	A3	64	59	1	-4
734	152.783294	153.501649	F#4	64	76	0	2
735	152.783294	154.112409	D3	64	62	1	-1
736	153.163041	153.522218	A3	64	60	1	-4
737	153.163041	153.829181	A3	64	58	1	-4
738	153.542788	153.979497	D4	64	65	0	3
739	153.542788	153.826016	D4	64	58	0	3
740	153.922535	154.349750	C#4	64	77	0	2
741	153.922535	154.292788	F#4	64	58	0	2
742	154.302282	155.721586	B3	64	62	1	-2
743	154.302282	155.441523	G2	64	75	1	-3
744	154.682029	155.156713	G3	64	67	1	-1
745	154.682029	156.943106	D3	64	66	1	-1
746	155.061776	155.623485	D4	64	62	0	3
747	155.441523	155.631397	G2	64	62	1	-3
748	155.441523	156.746903	G3	64	64	1	-1
749	155.821270	157.057030	D4	64	62	0	3
750	155.821270	157.150385	G2	64	62	1	-3
751	156.201017	156.454182	B4	64	75	0	2
752	156.580764	156.699435	G4	64	61	0	3
753	156.960511	157.163043	A3	64	68	1	-4
754	157.150385	157.310195	D4	64	60	0	3
755	157.340258	157.496904	F#4	64	67	0	2
756	157.340258	157.941524	D4	64	54	0	3
757	157.340258	157.971587	A4	64	63	0	5
758	157.340258	157.996904	F#4	64	62	0	2
759	157.340258	158.479499	D3	64	60	1	-1
760	157.720005	158.069689	D4	64	60	0	3
761	158.099752	158.335512	A4	64	75	0	5
762	158.099752	158.631398	A4	64	55	0	5
763	158.099752	158.651967	D4	64	52	0	3
764	158.099752	158.691524	F#4	64	58	0	2
765	158.289626	158.422537	F#4	64	81	0	2
766	158.479499	158.669373	D3	64	62	1	-1
767	158.669373	159.110828	B4	64	95	0	2
768	158.859246	159.998487	A2	64	74	1	-1
769	159.238993	159.667791	A4	64	70	0	5
770	159.238993	159.468424	E4	64	46	0	5
771	159.238993	159.474753	A3	64	51	1	-4
772	159.238993	159.493740	C#4	64	50	0	2
773	159.618740	159.848171	E4	64	69	0	5
774	159.618740	160.261145	E4	64	60	0	5
775	159.618740	160.262728	A3	64	62	1	-4
776	159.618740	160.280133	C#4	64	77	0	2
777	159.998487	160.568108	F#4	64	74	0	2
778	159.998487	160.378234	A2	64	62	1	-1
779	160.378234	160.689943	D4	64	56	0	3
780	160.378234	160.819690	F#4	64	64	0	2
781	160.378234	161.517475	D3	64	64	1	-1
782	160.757981	162.626653	D4	64	75	0	3
783	161.137728	161.688361	D4	64	56	0	3
784	161.517475	161.707349	D3	64	62	1	-1
785	161.517475	161.987412	A3	64	59	1	-4
786	161.897222	162.615577	F#4	64	76	0	2
787	161.897222	163.226337	D3	64	62	1	-1
788	162.276969	162.943109	A3	64	58	1	-4
789	162.656716	162.939944	D4	64	58	0	3
790	163.036463	163.406716	F#4	64	58	0	2
791	163.416210	163.715261	D5	64	77	0	5
792	163.416210	163.721590	A4	64	83	0	5
793	163.416210	163.740577	F#4	64	76	0	2
794	163.416210	163.792792	D3	64	86	1	-1
795	163.985831	164.386147	C5	64	74	0	3
796	163.985831	164.390894	G4	64	87	0	3
797	163.985831	164.398805	E4	64	79	0	5
798	163.985831	164.419375	C3	64	87	1	-3
799	164.555451	165.694692	B2	64	83	1	-4
800	164.555451	165.694692	D4	64	65	0	3
801	164.555451	165.694692	F#4	64	64	0	2
802	164.555451	165.694692	B4	64	69	0	2
803	166.074439	166.288047	G2	64	71	1	-3
804	166.074439	166.292794	G3	64	85	1	-1
805	166.264313	166.348173	A2	64	68	1	-1
806	166.264313	166.363996	A3	64	76	1	-4
807	166.454186	166.753237	A#2	64	73	1	-5
808	166.454186	166.773806	A#3	64	95	1	-3
809	166.454186	166.835515	D4	64	98	0	3
810	167.023807	167.340262	A2	64	81	1	-1
811	167.023807	167.373490	A3	64	85	1	-4
812	167.023807	167.485832	C4	64	90	0	1
813	167.593427	169.356086	G3	64	90	1	-1
814	167.593427	169.373491	G2	64	76	1	-3
815	167.593427	169.492162	A#3	64	93	1	-3
816	169.492162	169.800706	A#2	64	91	1	-5
817	169.492162	169.800706	A#3	64	91	1	-3
818	169.492162	169.800706	A#4	64	91	0	1
819	170.061783	170.414631	A2	64	90	1	-1
820	170.061783	170.414631	A3	64	90	1	-4
821	170.061783	170.414631	A4	64	90	0	5
822	170.631403	171.088682	G2	64	89	1	-3
823	170.631403	171.088682	G3	64	89	1	-1
824	170.631403	171.088682	G4	64	89	0	3
825	171.201024	171.553872	F2	64	88	1	-5
826	171.201024	171.553872	F3	64	88	1	-3
827	171.201024	171.553872	F4	64	88	0	1
828	171.770644	173.289632	E3	64	87	1	-4
829	171.770644	173.289632	E4	64	87	0	5
830	171.770644	174.101341	E2	64	87	1	-1
831	173.289632	173.678873	D3	64	87	1	-1
832	173.289632	173.925708	D4	64	87	0	3
833	173.669379	173.988999	E3	64	68	1	-4
834	173.669379	174.007987	E4	64	75	0	5
835	174.049126	177.846596	A4	64	67	0	5
836	174.049126	178.199444	C#4	64	90	0	2
837	174.049126	178.202609	A3	64	67	1	-4
838	174.049126	178.207356	E4	64	74	0	5
839	174.049126	178.242166	A2	64	74	1	-1
840	177.846596	178.242166	A4	64	77	0	5
841	177.846596	178.242166	D5	64	87	0	5
842	178.226343	178.436786	D4	64	92	0	3
843	178.606090	179.629825	G4	64	92	0	3
844	178.606090	179.745331	G2	64	76	1	-3
845	178.985837	181.411471	D3	64	62	1	-1
846	179.365584	179.797546	G4	64	76	0	3
847	179.365584	179.799129	G3	64	53	1	-1
848	179.365584	179.826027	B3	64	63	1	-2
849	179.365584	179.826027	D4	64	69	0	3
850	179.745331	179.987420	B4	64	92	0	2
851	179.745331	180.125078	G2	64	79	1	-3
852	180.125078	180.625078	D5	64	92	0	5
853	180.125078	181.644066	G2	64	79	1	-3
854	180.884572	181.088686	C#5	64	92	0	4
855	180.884572	181.378243	G4	64	85	0	3
856	180.884572	181.405142	D4	64	74	0	3
857	180.884572	181.443117	B3	64	65	1	-2
858	181.074446	181.427294	B4	64	92	0	2
859	181.264319	181.523813	G3	64	58	1	-1
860	181.644066	182.764320	A4	64	92	0	5
861	181.644066	182.783307	D3	64	81	1	-1
862	182.023813	184.183624	F#3	64	50	1	-2
863	182.403560	182.862421	A4	64	69	0	5
864	182.403560	182.894067	F#4	64	58	0	2
865	182.403560	182.974763	D4	64	65	0	3
866	182.403560	184.085523	A3	64	59	1	-4
867	182.783307	182.966851	D5	64	93	0	5
868	182.783307	183.163054	D3	64	79	1	-1
869	183.163054	183.968434	F#4	64	93	0	2
870	183.163054	184.682042	D3	64	79	1	-1
871	183.922548	184.156725	D4	64	93	0	3
872	183.922548	184.439953	D4	64	79	0	3
873	183.922548	184.460523	A4	64	85	0	5
874	183.922548	184.492169	F#4	64	91	0	2
875	184.174130	184.294384	F#4	64	93	0	2
876	184.302295	184.682042	A3	64	79	1	-4
877	184.460523	184.577612	B4	64	93	0	2
878	184.682042	185.821283	A2	64	79	1	-1
879	184.724764	185.047549	A4	64	94	0	5
880	185.061789	185.389321	A4	64	95	0	5
881	185.061789	187.354512	C#3	64	71	1	-2
882	185.419384	186.052296	C#4	64	82	0	2
883	185.419384	186.060207	E4	64	82	0	5
884	185.441536	185.645650	C#4	64	95	0	2
885	185.441536	186.044384	A4	64	48	0	5
886	185.441536	187.373499	E3	64	58	1	-4
887	185.683625	185.859258	E4	64	95	0	5
888	185.821283	186.201030	A2	64	79	1	-1
889	185.821283	186.292802	A3	64	58	1	-4
890	185.985840	186.121916	B4	64	96	0	2
891	186.201030	187.720018	A2	64	79	1	-1
892	186.223182	186.526980	A4	64	97	0	5
893	186.580777	186.848182	A4	64	98	0	5
894	186.960524	187.319701	A4	64	96	0	5
895	186.960524	187.343436	E4	64	96	0	5
896	186.960524	187.368752	C#4	64	96	0	2
897	186.973182	187.284891	G4	64	98	0	3
898	187.234258	187.549132	E4	64	98	0	5
899	187.340271	187.683626	A3	64	53	1	-4
900	187.501664	187.655145	B4	64	98	0	2
901	187.720018	188.859259	D3	64	86	1	-1
902	187.754828	189.136158	A4	64	99	0	5
903	188.099765	190.137741	F#3	64	58	1	-2
904	188.479512	188.906727	D4	64	85	0	3
905	188.479512	189.001664	A4	64	71	0	5
906	188.479512	189.088690	F#4	64	81	0	2
907	188.479512	190.087108	A3	64	57	1	-4
908	188.859259	189.239006	D3	64	79	1	-1
909	189.239006	190.568121	D3	64	79	1	-1
910	189.998500	190.185209	D4	64	79	0	3
911	189.998500	190.186791	A4	64	69	0	5
912	189.998500	190.259576	F#4	64	74	0	2
913	190.378247	190.588690	D4	64	100	0	3
914	190.378247	190.702614	D4	64	46	0	3
915	190.757994	191.781729	G4	64	100	0	3
916	190.757994	191.897235	G2	64	76	1	-3
917	191.137741	193.563375	D3	64	62	1	-1
918	191.517488	191.949450	G4	64	76	0	3
919	191.517488	191.951033	G3	64	53	1	-1
920	191.517488	191.977931	B3	64	63	1	-2
921	191.517488	191.977931	D4	64	69	0	3
922	191.897235	192.139324	B4	64	99	0	2
923	191.897235	192.276982	G2	64	79	1	-3
924	192.276982	192.776982	D5	64	99	0	5
925	192.276982	193.795970	G2	64	79	1	-3
926	193.036476	193.240590	C#5	64	97	0	4
927	193.036476	193.530147	G4	64	85	0	3
928	193.036476	193.557046	D4	64	74	0	3
929	193.036476	193.595021	B3	64	65	1	-2
930	193.226350	193.579198	B4	64	97	0	2
931	193.416223	193.675717	G3	64	58	1	-1
932	193.795970	194.916224	A4	64	96	0	5
933	193.795970	194.370337	D5	64	74	0	5
934	193.795970	194.935211	D3	64	86	1	-1
935	194.175717	196.213693	F#3	64	58	1	-2
936	194.555464	194.982679	D4	64	85	0	3
937	194.555464	195.077616	A4	64	71	0	5
938	194.555464	195.121920	D5	64	63	0	5
939	194.555464	195.164642	F#4	64	81	0	2
940	194.555464	196.163060	A3	64	57	1	-4
941	194.935211	195.118755	D5	64	94	0	5
942	194.935211	195.314958	D3	64	79	1	-1
943	195.314958	196.120338	F#4	64	92	0	2
944	195.314958	195.960528	D5	64	65	0	5
945	195.314958	196.644073	D3	64	79	1	-1
946	196.074452	196.308629	D4	64	91	0	3
947	196.074452	196.261161	D4	64	79	0	3
948	196.074452	196.262743	A4	64	69	0	5
949	196.074452	196.335528	F#4	64	74	0	2
950	196.074452	196.413060	D5	64	74	0	5
951	196.326034	196.446288	F#4	64	91	0	2
952	196.612427	196.729516	B4	64	91	0	2
953	196.833946	197.973187	A2	64	79	1	-1
954	196.876668	197.199453	A4	64	91	0	5
955	197.213693	197.541225	A4	64	91	0	5
956	197.213693	199.506416	C#3	64	71	1	-2
957	197.571288	198.204200	C#4	64	82	0	2
958	197.571288	198.212111	E4	64	82	0	5
959	197.593440	198.196288	A4	64	48	0	5
960	197.593440	199.525403	E3	64	58	1	-4
961	197.601351	197.805465	C#4	64	91	0	2
962	197.835529	198.011162	E4	64	91	0	5
963	197.973187	198.352934	A2	64	79	1	-1
964	197.973187	198.444706	A3	64	58	1	-4
965	198.137744	198.273820	B4	64	91	0	2
966	198.352934	199.871922	A2	64	79	1	-1
967	198.375086	199.114010	A4	64	91	0	5
968	199.112428	199.471605	A4	64	96	0	5
969	199.112428	199.495340	E4	64	96	0	5
970	199.112428	199.520656	C#4	64	96	0	2
971	199.118757	199.351352	E4	64	91	0	5
972	199.335529	199.593441	F#4	64	91	0	2
973	199.492175	199.835530	A3	64	53	1	-4
974	199.568124	199.841859	E4	64	91	0	5
975	199.871922	201.333948	D4	64	91	0	3
976	199.871922	201.011163	D3	64	83	1	-1
977	200.251669	202.590278	F#3	64	62	1	-2
978	200.631416	201.049138	D5	64	74	0	5
979	200.631416	201.098188	A4	64	83	0	5
980	200.631416	201.280151	F#4	64	81	0	2
981	201.011163	201.390910	D3	64	79	1	-1
982	201.011163	202.939961	D4	64	54	0	3
983	201.390910	202.612430	D5	64	71	0	5
984	201.390910	202.694708	A4	64	73	0	5
985	201.390910	202.720025	D3	64	79	1	-1
986	201.390910	202.720025	F#4	64	63	0	2
987	202.150404	202.458948	A3	64	67	1	-4
988	202.530151	202.740594	D4	64	91	0	3
989	202.909898	203.933633	G4	64	91	0	3
990	202.909898	204.049139	G2	64	76	1	-3
991	203.289645	205.715279	D3	64	62	1	-1
992	203.669392	204.101354	G4	64	76	0	3
993	203.669392	204.102937	G3	64	53	1	-1
994	203.669392	204.129835	B3	64	63	1	-2
995	203.669392	204.129835	D4	64	69	0	3
996	204.049139	204.291228	B4	64	76	0	2
997	204.049139	204.428886	G2	64	79	1	-3
998	204.428886	204.928886	D5	64	81	0	5
999	204.428886	205.947874	G2	64	79	1	-3
1000	205.188380	205.392494	C#5	64	100	0	4
1001	205.188380	205.682051	G4	64	85	0	3
1002	205.188380	205.708950	D4	64	74	0	3
1003	205.188380	205.746925	B3	64	65	1	-2
1004	205.378254	205.731102	B4	64	67	0	2
1005	205.568127	205.827621	G3	64	58	1	-1
1006	205.947874	207.068128	A4	64	83	0	5
1007	205.947874	207.087115	D3	64	81	1	-1
1008	206.327621	208.487432	F#3	64	50	1	-2
1009	206.707368	207.166229	A4	64	69	0	5
1010	206.707368	207.197875	F#4	64	58	0	2
1011	206.707368	207.278571	D4	64	65	0	3
1012	206.707368	208.389331	A3	64	59	1	-4
1013	207.087115	207.270659	D5	64	77	0	5
1014	207.087115	207.466862	D3	64	79	1	-1
1015	207.466862	208.272242	F#4	64	95	0	2
1016	207.466862	208.985850	D3	64	79	1	-1
1017	208.226356	208.460533	D4	64	98	0	3
1018	208.226356	208.743761	D4	64	79	0	3
1019	208.226356	208.764331	A4	64	85	0	5
1020	208.226356	208.795977	F#4	64	91	0	2
1021	208.477938	208.598192	F#4	64	67	0	2
1022	208.606103	208.985850	A3	64	79	1	-4
1023	208.764331	208.881420	B4	64	86	0	2
1024	208.985850	210.125091	A2	64	79	1	-1
1025	209.028572	209.351357	A4	64	100	0	5
1026	209.365597	209.693129	A4	64	71	0	5
1027	209.365597	211.658320	C#3	64	71	1	-2
1028	209.723192	210.356104	C#4	64	82	0	2
1029	209.723192	210.364015	E4	64	82	0	5
1030	209.745344	209.949458	C#4	64	76	0	2
1031	209.745344	210.348192	A4	64	48	0	5
1032	209.745344	211.677307	E3	64	58	1	-4
1033	209.971610	210.147243	E4	64	62	0	5
1034	210.125091	210.504838	A2	64	79	1	-1
1035	210.125091	210.596610	A3	64	58	1	-4
1036	210.289648	210.425724	B4	64	85	0	2
1037	210.504838	212.023826	A2	64	79	1	-1
1038	210.526990	210.830788	A4	64	90	0	5
1039	210.884585	211.151990	A4	64	85	0	5
1040	211.264332	211.623509	A4	64	96	0	5
1041	211.264332	211.647244	E4	64	96	0	5
1042	211.264332	211.672560	C#4	64	96	0	2
1043	211.276990	211.588699	G4	64	95	0	3
1044	211.538066	211.852940	E4	64	71	0	5
1045	211.644079	211.987434	A3	64	53	1	-4
1046	211.805472	211.958953	B4	64	72	0	2
1047	212.023826	213.163067	D3	64	86	1	-1
1048	212.058636	213.439966	A4	64	108	0	5
1049	212.403573	214.441549	F#3	64	58	1	-2
1050	212.783320	213.210535	D4	64	85	0	3
1051	212.783320	213.305472	A4	64	71	0	5
1052	212.783320	213.392498	F#4	64	81	0	2
1053	212.783320	214.390916	A3	64	57	1	-4
1054	213.163067	213.542814	D3	64	79	1	-1
1055	213.542814	214.871929	D3	64	79	1	-1
1056	214.302308	214.489017	D4	64	79	0	3
1057	214.302308	214.490599	A4	64	69	0	5
1058	214.302308	214.563384	F#4	64	74	0	2
1059	214.682055	214.892498	D4	64	88	0	3
1060	214.682055	215.006422	D4	64	46	0	3
1061	215.061802	216.085537	G4	64	88	0	3
1062	215.061802	216.201043	G2	64	76	1	-3
1063	215.441549	217.867183	D3	64	62	1	-1
1064	215.821296	216.253258	G4	64	76	0	3
1065	215.821296	216.254841	G3	64	53	1	-1
1066	215.821296	216.281739	B3	64	63	1	-2
1067	215.821296	216.281739	D4	64	69	0	3
1068	216.201043	216.443132	B4	64	76	0	2
1069	216.201043	216.580790	G2	64	79	1	-3
1070	216.580790	217.080790	D5	64	81	0	5
1071	216.580790	218.099778	G2	64	79	1	-3
1072	217.340284	217.544398	C#5	64	100	0	4
1073	217.340284	217.833955	G4	64	85	0	3
1074	217.340284	217.860854	D4	64	74	0	3
1075	217.340284	217.898829	B3	64	65	1	-2
1076	217.530158	217.883006	B4	64	67	0	2
1077	217.720031	217.979525	G3	64	58	1	-1
1078	218.099778	219.220032	A4	64	83	0	5
1079	218.099778	218.674145	D5	64	74	0	5
1080	218.099778	219.239019	D3	64	86	1	-1
1081	218.479525	220.517501	F#3	64	58	1	-2
1082	218.859272	219.286487	D4	64	85	0	3
1083	218.859272	219.381424	A4	64	71	0	5
1084	218.859272	219.425728	D5	64	63	0	5
1085	218.859272	219.468450	F#4	64	81	0	2
1086	218.859272	220.466868	A3	64	57	1	-4
1087	219.239019	219.422563	D5	64	77	0	5
1088	219.239019	219.618766	D3	64	79	1	-1
1089	219.618766	220.424146	F#4	64	95	0	2
1090	219.618766	220.264336	D5	64	65	0	5
1091	219.618766	220.947881	D3	64	79	1	-1
1092	220.378260	220.612437	D4	64	98	0	3
1093	220.378260	220.564969	D4	64	79	0	3
1094	220.378260	220.566551	A4	64	69	0	5
1095	220.378260	220.639336	F#4	64	74	0	2
1096	220.378260	220.716868	D5	64	74	0	5
1097	220.629842	220.750096	F#4	64	67	0	2
1098	220.916235	221.033324	B4	64	86	0	2
1099	221.137754	222.276995	A2	64	79	1	-1
1100	221.180476	221.503261	A4	64	100	0	5
1101	221.517501	221.845033	A4	64	71	0	5
1102	221.517501	223.810224	C#3	64	71	1	-2
1103	221.875096	222.508008	C#4	64	82	0	2
1104	221.875096	222.515919	E4	64	82	0	5
1105	221.897248	222.500096	A4	64	48	0	5
1106	221.897248	223.829211	E3	64	58	1	-4
1107	221.905159	222.109273	C#4	64	76	0	2
1108	222.139337	222.314970	E4	64	62	0	5
1109	222.276995	222.656742	A2	64	79	1	-1
1110	222.276995	222.748514	A3	64	58	1	-4
1111	222.441552	222.577628	B4	64	85	0	2
1112	222.656742	224.175730	A2	64	79	1	-1
1113	222.678894	223.417818	A4	64	90	0	5
1114	223.416236	223.775413	A4	64	96	0	5
1115	223.416236	223.799148	E4	64	96	0	5
1116	223.416236	223.824464	C#4	64	96	0	2
1117	223.422565	223.655160	E4	64	66	0	5
1118	223.639337	223.897249	F#4	64	63	0	2
1119	223.795983	224.139338	A3	64	53	1	-4
1120	223.871932	224.145667	E4	64	64	0	5
1121	224.175730	225.637756	D4	64	60	0	3
1122	224.175730	225.314971	D3	64	83	1	-1
1123	224.555477	226.894086	F#3	64	62	1	-2
1124	224.935224	225.352946	D5	64	74	0	5
1125	224.935224	225.401996	A4	64	83	0	5
1126	224.935224	225.583959	F#4	64	81	0	2
1127	225.314971	225.694718	D3	64	79	1	-1
1128	225.314971	227.243769	D4	64	54	0	3
1129	225.694718	226.916238	D5	64	71	0	5
1130	225.694718	226.998516	A4	64	73	0	5
1131	225.694718	227.023833	D3	64	79	1	-1
1132	225.694718	227.023833	F#4	64	63	0	2
1133	226.454212	226.762756	A3	64	67	1	-4
1134	226.466870	226.735858	D4	64	74	0	3
1135	226.742187	226.920984	F#4	64	63	0	2
1136	227.001681	227.175731	B4	64	81	0	2
1137	227.213706	228.343453	C#4	64	85	0	2
1138	227.213706	228.356112	E4	64	65	0	5
1139	227.213706	228.387757	A2	64	63	1	-1
1140	227.213706	228.390922	A3	64	63	1	-4
1141	227.213706	228.503264	E3	64	63	1	-4
1142	227.259592	227.512757	A4	64	86	0	5
1143	227.663073	227.870352	A4	64	72	0	5
1144	227.979529	228.314972	C#4	64	90	0	2
1145	228.278580	228.477947	E4	64	71	0	5
1146	228.568137	228.750099	B4	64	87	0	2
1147	228.732694	232.674151	C#4	64	81	0	2
1148	228.732694	232.691557	E3	64	81	1	-4
1149	228.732694	232.696303	E4	64	81	0	5
1150	228.732694	232.713708	A3	64	81	1	-4
1151	228.732694	232.720038	A2	64	81	1	-1
1152	228.840289	230.598201	A4	64	93	0	5
1153	230.981113	231.470037	E4	64	65	0	5
1154	231.531746	232.364025	F#4	64	92	0	2
1155	232.307063	233.069721	E4	64	92	0	5
1156	233.099785	233.576051	D5	64	63	0	5
1157	233.099785	233.712127	A4	64	62	0	5
1158	233.218455	235.598203	D4	64	77	0	3
1159	233.289658	242.025421	D3	64	65	1	-1
1160	233.479532	233.669405	D4	64	62	0	3
1161	233.479532	241.879852	A3	64	60	1	-4
1162	233.859279	234.310228	D5	64	63	0	5
1163	233.859279	234.481114	A4	64	66	0	5
1164	234.239026	234.428899	D4	64	62	0	3
1165	234.618773	235.254849	D5	64	73	0	5
1166	234.618773	235.281748	A4	64	79	0	5
1167	234.998520	235.188393	D4	64	62	0	3
1168	234.998520	235.734279	F#4	64	58	0	2
1169	235.378267	235.504849	D5	64	74	0	5
1170	235.378267	236.068140	A4	64	86	0	5
1171	235.504849	235.631431	D5	64	62	0	5
1172	235.631431	235.758014	D5	64	62	0	5
1173	235.758014	235.884596	D5	64	62	0	5
1174	235.758014	236.413077	D4	64	59	0	3
1175	235.758014	241.593459	F#4	64	64	0	2
1176	235.884596	236.011178	D5	64	62	0	5
1177	236.011178	236.137761	D5	64	62	0	5
1178	236.137761	236.816558	D5	64	83	0	5
1179	236.137761	236.854533	A4	64	86	0	5
1180	236.517508	236.707381	D4	64	62	0	3
1181	236.897255	237.528584	D5	64	71	0	5
1182	236.897255	237.590293	A4	64	71	0	5
1183	237.277002	238.036496	D4	64	72	0	3
1184	237.656749	237.846622	D5	64	62	0	5
1185	237.656749	241.962130	A4	64	68	0	5
1186	238.036496	238.226369	D4	64	63	0	3
1187	238.416243	238.777002	D5	64	62	0	5
1188	238.795990	241.797573	D4	64	61	0	3
1189	239.175737	241.992193	D5	64	62	0	5
