//Version: PianoFingering_v170101
0	0.113281	0.580078	D4	64	82	0	3
1	0.113281	1.773438	D3	64	59	1	-1
2	0.582031	1.044922	E4	64	40	0	5
3	0.582031	1.974609	A3	64	43	1	-4
4	1.050781	1.552734	F4	64	59	0	1
5	1.519531	1.832031	E4	64	63	0	5
6	1.753906	2.060547	F4	64	56	0	1
7	1.988281	2.966797	A4	64	83	0	5
8	1.988281	5.152344	D3	64	64	1	-1
9	2.457031	4.970703	A3	64	63	1	-4
10	2.925781	3.453125	F4	64	74	0	1
11	3.394531	3.822266	E4	64	42	0	5
12	3.863281	4.750000	D4	64	65	0	3
13	3.863281	4.755859	F4	64	69	0	1
14	3.863281	4.783203	A4	64	50	0	5
15	4.800781	5.287109	E4	64	90	0	5
16	5.269531	5.548828	D4	64	75	0	3
17	5.738281	6.291016	G4	64	64	0	3
18	5.738281	6.548828	E4	64	69	0	5
19	5.738281	6.570312	C4	64	86	0	1
20	5.738281	6.710938	C3	64	63	1	-3
21	6.207031	6.726562	G3	64	41	1	-1
22	6.675781	7.160156	G4	64	73	0	3
23	6.675781	7.531250	E4	64	79	0	5
24	7.613281	8.011719	F4	64	58	0	1
25	7.613281	8.169922	D4	64	43	0	3
26	7.613281	8.843750	D3	64	61	1	-1
27	8.082031	8.781250	A3	64	55	1	-4
28	8.550781	9.115234	E4	64	82	0	5
29	9.019531	9.480469	F4	64	72	0	1
30	9.488281	11.257812	A#2	64	100	1	-5
31	9.957031	10.748047	A#3	64	58	1	-3
32	10.425781	11.865234	F4	64	89	0	1
33	10.425781	11.943359	D4	64	88	0	3
34	11.363281	12.425781	A#2	64	58	1	-5
35	11.832031	12.224609	A#3	64	48	1	-3
36	12.300781	12.447266	D4	64	74	0	3
37	12.300781	12.449219	F4	64	76	0	1
38	13.238281	13.380859	F3	64	59	1	-3
39	13.238281	13.703125	C4	64	65	0	1
40	13.238281	13.779297	A3	64	72	1	-4
41	13.238281	14.603516	F2	64	63	1	-5
42	13.707031	14.697266	C3	64	53	1	-3
43	14.175781	14.541016	G3	64	72	1	-1
44	14.175781	15.101562	F3	64	49	1	-3
45	15.113281	15.843750	G4	64	62	0	3
46	15.113281	15.867188	E4	64	56	0	5
47	15.113281	15.873047	C4	64	68	0	1
48	15.113281	15.892578	A3	64	74	1	-4
49	15.113281	16.181641	A2	64	60	1	-1
50	16.050781	16.490234	G4	64	88	0	3
51	16.050781	16.521484	C4	64	89	0	1
52	16.050781	16.521484	E4	64	83	0	5
53	16.519531	16.583984	A3	64	48	1	-4
54	16.988281	17.388672	F4	64	92	0	1
55	16.988281	17.884766	D4	64	93	0	3
56	16.988281	18.724609	D3	64	72	1	-1
57	17.457031	18.777344	A3	64	59	1	-4
58	17.925781	18.839844	E4	64	89	0	5
59	18.394531	19.607422	F4	64	69	0	1
60	18.863281	19.416016	A4	64	69	0	5
61	18.863281	19.480469	D4	64	64	0	3
62	18.863281	19.958984	A3	64	50	1	-4
63	18.863281	20.103516	D3	64	62	1	-1
64	19.800781	20.755859	E4	64	90	0	5
65	20.269531	20.789062	D4	64	82	0	3
66	20.738281	21.783203	F2	64	70	1	-5
67	21.207031	21.806641	C3	64	55	1	-3
68	21.675781	21.837891	A3	64	86	1	-4
69	21.675781	21.873047	C4	64	78	0	1
70	22.613281	23.320312	C4	64	88	0	1
71	22.613281	23.361328	G4	64	74	0	3
72	22.613281	23.384766	E4	64	82	0	5
73	22.613281	23.728516	C3	64	59	1	-3
74	23.082031	23.658203	G3	64	39	1	-1
75	23.550781	23.833984	E4	64	95	0	5
76	23.550781	23.847656	G4	64	89	0	3
77	24.488281	25.082031	D4	64	76	0	3
78	24.488281	25.103516	G3	64	86	1	-1
79	24.488281	25.136719	A#3	64	86	1	-3
80	24.488281	25.701172	G2	64	62	1	-3
81	24.957031	25.916016	D3	64	33	1	-1
82	25.425781	25.828125	A#3	64	97	1	-3
83	25.425781	25.843750	D4	64	83	0	3
84	25.425781	25.861328	G3	64	75	1	-1
85	26.363281	27.082031	A3	64	85	1	-4
86	26.363281	27.167969	E4	64	75	0	5
87	26.363281	27.763672	A2	64	69	1	-1
88	26.832031	27.761719	E3	64	42	1	-4
89	27.300781	27.794922	E4	64	77	0	5
90	27.300781	28.123047	A3	64	81	1	-4
91	28.238281	28.531250	F4	64	70	0	1
92	28.238281	28.988281	D4	64	76	0	3
93	28.238281	29.500000	D3	64	63	1	-1
94	28.707031	29.480469	A3	64	59	1	-4
95	29.175781	31.173828	E4	64	89	0	5
96	29.644531	30.048828	F4	64	65	0	1
97	30.113281	31.173828	A4	64	65	0	5
98	30.113281	31.183594	A3	64	42	1	-4
99	30.113281	31.210938	F4	64	41	0	1
100	30.113281	31.216797	D4	64	59	0	3
101	30.113281	31.300781	D3	64	47	1	-1
102	31.988281	32.300781	D5	64	102	0	5
103	31.988281	32.730469	F4	64	75	0	1
104	31.988281	32.734375	A3	64	93	1	-4
105	31.988281	32.746094	D4	64	88	0	3
106	31.988281	33.722656	D3	64	62	1	-1
107	32.457031	32.550781	A5	64	112	0	2
108	32.691406	32.777344	A5	64	95	0	2
109	32.925781	33.246094	A5	64	107	0	2
110	32.925781	33.763672	F4	64	82	0	1
111	32.925781	33.787109	D4	64	90	0	3
112	32.925781	33.812500	A3	64	88	1	-4
113	33.394531	33.755859	G5	64	117	0	5
114	33.863281	34.072266	A5	64	127	0	2
115	33.863281	34.851562	D3	64	58	1	-1
116	34.097656	34.306641	G5	64	90	0	5
117	34.332031	35.189453	F5	64	97	0	3
118	34.332031	34.773438	A3	64	61	1	-4
119	34.800781	35.507812	F4	64	72	0	1
120	34.800781	35.613281	D4	64	82	0	3
121	35.738281	36.062500	G5	64	100	0	5
122	35.738281	36.082031	E4	64	69	0	5
123	35.738281	36.716797	C4	64	69	0	1
124	35.738281	36.849609	C3	64	71	1	-3
125	36.207031	37.101562	G5	64	112	0	5
126	36.207031	36.785156	G3	64	49	1	-1
127	36.675781	37.607422	G4	64	60	0	3
128	36.675781	37.966797	E4	64	60	0	5
129	37.144531	37.449219	E5	64	97	0	2
130	37.613281	38.789062	D5	64	97	0	5
131	37.613281	39.019531	D3	64	72	1	-1
132	38.082031	38.990234	A3	64	57	1	-4
133	38.550781	39.085938	F4	64	100	0	1
134	39.019531	39.431641	E4	64	66	0	5
135	39.488281	39.804688	D5	64	107	0	5
136	39.488281	39.800781	F4	64	88	0	1
137	39.488281	39.917969	D4	64	73	0	3
138	39.488281	42.386719	A#2	64	93	1	-5
139	39.957031	40.046875	D6	64	112	0	2
140	39.957031	40.179688	A#3	64	57	1	-3
141	40.191406	40.291016	D6	64	100	0	2
142	40.425781	40.650391	D6	64	117	0	2
143	40.425781	40.781250	F4	64	64	0	1
144	40.425781	40.943359	D4	64	75	0	3
145	40.425781	40.972656	A#3	64	96	1	-3
146	40.894531	40.996094	C6	64	102	0	5
147	41.128906	41.234375	C6	64	100	0	5
148	41.363281	41.849609	F4	64	38	0	1
149	41.363281	41.886719	D4	64	47	0	3
150	41.363281	41.945312	A#3	64	60	1	-3
151	41.363281	41.947266	F3	64	55	1	-3
152	41.832031	41.923828	A5	64	112	0	2
153	42.066406	42.269531	G5	64	99	0	5
154	42.300781	42.666016	F5	64	96	0	3
155	42.300781	42.523438	F3	64	47	1	-3
156	42.300781	42.785156	F4	64	81	0	1
157	42.300781	42.833984	D4	64	92	0	3
158	42.300781	42.849609	A#3	64	96	1	-3
159	42.769531	43.121094	D5	64	102	0	5
160	42.769531	43.052734	F3	64	53	1	-3
161	43.238281	43.707031	G5	64	99	0	5
162	43.238281	43.738281	F3	64	83	1	-3
163	43.238281	43.974609	C4	64	74	0	1
164	43.238281	44.000000	A3	64	79	1	-4
165	43.238281	44.253906	F2	64	63	1	-5
166	43.707031	45.009766	A5	64	90	0	2
167	43.707031	44.271484	C3	64	39	1	-3
168	44.175781	44.402344	F3	64	62	1	-3
169	44.175781	44.423828	A3	64	72	1	-4
170	44.175781	44.462891	C4	64	72	0	1
171	45.113281	45.800781	G4	64	59	0	3
172	45.113281	45.837891	E4	64	68	0	5
173	45.113281	45.851562	A3	64	88	1	-4
174	45.113281	45.851562	C#4	64	89	0	2
175	45.113281	46.095703	E3	64	50	1	-4
176	45.113281	46.142578	A2	64	50	1	-1
177	46.052734	46.291016	G4	64	83	0	3
178	46.052734	46.392578	C#4	64	107	0	2
179	46.052734	46.406250	E4	64	85	0	5
180	46.988281	47.257812	A5	64	107	0	2
181	46.988281	47.542969	D4	64	93	0	3
182	46.988281	47.552734	A4	64	93	0	5
183	46.988281	47.580078	F4	64	93	0	1
184	46.988281	49.847656	D3	64	71	1	-1
185	47.457031	47.544922	D6	64	122	0	2
186	47.457031	48.179688	A3	64	73	1	-4
187	47.691406	47.783203	D6	64	99	0	2
188	47.925781	48.267578	D6	64	127	0	2
189	47.925781	48.736328	E4	64	100	0	5
190	48.394531	48.708984	C6	64	117	0	5
191	48.394531	49.173828	A3	64	36	1	-4
192	48.863281	49.013672	D6	64	127	0	2
193	48.863281	49.386719	E4	64	63	0	5
194	48.863281	49.390625	D4	64	72	0	3
195	48.863281	49.390625	F4	64	72	0	1
196	48.863281	49.421875	A4	64	69	0	5
197	49.097656	49.267578	C6	64	122	0	5
198	49.332031	49.732422	A5	64	112	0	2
199	49.332031	49.728516	A3	64	31	1	-4
200	49.800781	50.238281	F4	64	85	0	1
201	50.738281	51.029297	C6	64	127	0	5
202	50.738281	51.304688	F3	64	90	1	-3
203	50.738281	51.501953	C4	64	77	0	1
204	50.738281	51.509766	A3	64	77	1	-4
205	50.738281	51.777344	F2	64	61	1	-5
206	51.207031	51.589844	A5	64	127	0	2
207	51.207031	51.744141	C3	64	33	1	-3
208	51.675781	51.800781	F3	64	66	1	-3
209	51.675781	51.810547	A3	64	67	1	-4
210	51.675781	51.867188	C4	64	71	0	1
211	52.144531	52.291016	A5	64	127	0	2
212	52.378906	52.507812	G5	64	93	0	5
213	52.613281	53.376953	A5	64	122	0	2
214	52.613281	53.138672	C4	64	83	0	1
215	52.613281	53.138672	G4	64	82	0	3
216	52.613281	53.175781	E4	64	85	0	5
217	52.613281	53.703125	C3	64	63	1	-3
218	53.082031	54.087891	G5	64	117	0	5
219	53.082031	53.675781	G3	64	38	1	-1
220	53.550781	53.781250	E4	64	86	0	5
221	53.550781	53.791016	G4	64	79	0	3
222	54.488281	54.777344	G5	64	107	0	5
223	54.488281	54.839844	G4	64	90	0	3
224	54.488281	54.861328	A#4	64	92	0	1
225	54.488281	54.894531	D4	64	81	0	3
226	54.488281	55.472656	G2	64	67	1	-3
227	54.957031	55.048828	G5	64	99	0	5
228	54.957031	55.458984	D3	64	56	1	-1
229	55.191406	55.302734	G5	64	86	0	5
230	55.425781	55.728516	G5	64	97	0	5
231	55.425781	55.601562	A#3	64	86	1	-3
232	55.425781	55.615234	D4	64	76	0	3
233	55.425781	55.625000	G3	64	82	1	-1
234	55.894531	56.093750	G5	64	107	0	5
235	56.128906	56.365234	A5	64	100	0	2
236	56.363281	56.826172	C6	64	127	0	5
237	56.363281	56.957031	A3	64	83	1	-4
238	56.363281	56.958984	C4	64	83	0	1
239	56.363281	57.121094	E4	64	76	0	5
240	56.363281	57.339844	A2	64	65	1	-1
241	56.832031	57.214844	C6	64	117	0	5
242	56.832031	57.298828	E3	64	48	1	-4
243	57.300781	57.679688	F5	64	102	0	3
244	57.300781	57.464844	A3	64	61	1	-4
245	57.300781	57.476562	C4	64	66	0	1
246	57.300781	57.476562	E4	64	58	0	5
247	57.300781	57.509766	G4	64	65	0	3
248	57.769531	57.998047	G5	64	112	0	5
249	58.003906	58.222656	F5	64	99	0	3
250	58.238281	60.015625	D5	64	117	0	5
251	58.238281	58.710938	F4	64	83	0	1
252	58.238281	58.851562	A4	64	72	0	5
253	58.238281	59.023438	D4	64	85	0	3
254	58.238281	61.150391	D3	64	67	1	-1
255	58.707031	59.378906	A3	64	38	1	-4
256	59.175781	59.804688	E4	64	97	0	5
257	59.644531	61.156250	A3	64	42	1	-4
258	60.113281	60.882812	E4	64	39	0	5
259	60.113281	61.066406	D4	64	47	0	3
260	60.113281	61.093750	F4	64	41	0	1
261	60.113281	61.150391	A4	64	43	0	5
262	61.050781	61.632812	E4	64	76	0	5
263	61.521484	61.875000	F4	64	53	0	1
264	61.753906	62.509766	E4	64	66	0	5
265	61.988281	62.300781	D5	64	102	0	5
266	61.988281	62.539062	D4	64	88	0	3
267	61.988281	62.548828	A4	64	69	0	5
268	61.988281	62.552734	F4	64	64	0	1
269	61.988281	63.660156	D3	64	72	1	-1
270	61.988281	64.300781	D5	64	122	0	5
271	61.988281	64.996094	D2	64	100	1	-3
272	62.457031	62.550781	A5	64	112	0	2
273	62.457031	63.808594	A3	64	58	1	-4
274	62.691406	62.777344	A5	64	95	0	2
275	62.925781	63.246094	A5	64	107	0	2
276	62.925781	63.218750	D4	64	85	0	3
277	62.925781	64.357422	E4	64	99	0	5
278	62.925781	64.359375	F4	64	99	0	1
279	62.925781	64.367188	A4	64	92	0	5
280	63.394531	63.755859	G5	64	117	0	5
281	63.394531	64.326172	D4	64	62	0	3
282	63.863281	64.072266	A5	64	127	0	2
283	63.863281	64.910156	D3	64	78	1	-1
284	64.097656	64.306641	G5	64	90	0	5
285	64.332031	65.189453	F5	64	97	0	3
286	64.332031	64.830078	A3	64	56	1	-4
287	64.800781	64.839844	A4	64	82	0	5
288	64.800781	65.121094	F4	64	102	0	1
289	65.035156	65.316406	E4	64	85	0	5
290	65.269531	65.712891	D4	64	74	0	3
291	65.269531	65.718750	D2	64	102	1	-3
292	65.738281	66.062500	G5	64	100	0	5
293	65.738281	66.472656	G4	64	63	0	3
294	65.738281	66.521484	E4	64	71	0	5
295	65.738281	66.763672	C3	64	69	1	-3
296	65.738281	67.599609	C2	64	100	1	-5
297	66.207031	67.101562	G5	64	112	0	5
298	66.207031	66.781250	G3	64	44	1	-1
299	66.675781	67.050781	G4	64	79	0	3
300	66.675781	67.460938	E4	64	85	0	5
301	67.144531	67.449219	E5	64	97	0	2
302	67.613281	68.789062	D5	64	97	0	5
303	67.613281	68.130859	D4	64	77	0	3
304	67.613281	68.142578	A4	64	76	0	5
305	67.613281	68.160156	F4	64	83	0	1
306	67.613281	68.716797	D3	64	68	1	-1
307	67.613281	68.824219	D2	64	102	1	-3
308	68.082031	68.611328	A3	64	54	1	-4
309	68.550781	68.785156	E4	64	112	0	5
310	68.785156	69.080078	F4	64	83	0	1
311	69.019531	69.250000	D2	64	107	1	-3
312	69.019531	69.287109	E4	64	100	0	5
313	69.253906	69.470703	C2	64	88	1	-5
314	69.253906	69.539062	C4	64	75	0	1
315	69.488281	69.804688	D5	64	107	0	5
316	69.488281	69.976562	D4	64	100	0	3
317	69.488281	70.740234	A#1	64	112	1	-2
318	69.488281	70.923828	A#2	64	90	1	-5
319	69.957031	70.046875	D6	64	112	0	2
320	69.957031	70.111328	A#3	64	64	1	-3
321	70.191406	70.291016	D6	64	100	0	2
322	70.425781	70.650391	D6	64	117	0	2
323	70.425781	70.892578	F4	64	72	0	1
324	70.425781	71.021484	A#3	64	112	1	-3
325	70.425781	71.175781	D4	64	88	0	3
326	70.894531	70.996094	C6	64	102	0	5
327	70.894531	71.244141	A#1	64	117	1	-2
328	71.128906	71.234375	C6	64	100	0	5
329	71.363281	71.796875	F4	64	73	0	1
330	71.363281	72.080078	D4	64	86	0	3
331	71.363281	72.082031	A#3	64	102	1	-3
332	71.363281	72.449219	A#2	64	63	1	-5
333	71.363281	72.615234	A#1	64	93	1	-2
334	71.832031	71.923828	A5	64	112	0	2
335	72.066406	72.269531	G5	64	99	0	5
336	72.300781	72.666016	F5	64	96	0	3
337	72.300781	72.728516	F4	64	90	0	1
338	72.300781	72.792969	A#3	64	127	1	-3
339	72.300781	72.792969	D4	64	100	0	3
340	72.769531	73.121094	D5	64	102	0	5
341	72.769531	73.091797	A#1	64	96	1	-2
342	73.005859	73.078125	C4	64	40	0	1
343	73.238281	73.707031	G5	64	99	0	5
344	73.238281	73.744141	F3	64	99	1	-3
345	73.238281	74.027344	A3	64	97	1	-4
346	73.238281	74.031250	C4	64	96	0	1
347	73.238281	74.236328	F2	64	97	1	-5
348	73.707031	75.908203	A5	64	90	0	2
349	73.707031	74.248047	C3	64	43	1	-3
350	74.175781	74.310547	F3	64	78	1	-3
351	74.175781	74.316406	A3	64	90	1	-4
352	74.175781	74.353516	C4	64	85	0	1
353	74.644531	74.849609	F2	64	95	1	-5
354	74.878906	75.109375	G2	64	88	1	-3
355	75.113281	75.896484	A3	64	93	1	-4
356	75.113281	75.904297	E4	64	89	0	5
357	75.113281	75.916016	C#4	64	100	0	2
358	75.113281	76.148438	E3	64	63	1	-4
359	75.113281	76.339844	A2	64	99	1	-1
360	76.050781	76.199219	A3	64	79	1	-4
361	76.050781	76.335938	C#4	64	97	0	2
362	76.050781	76.367188	E4	64	82	0	5
363	76.519531	76.759766	F2	64	102	1	-5
364	76.753906	76.958984	E2	64	70	1	-1
365	76.988281	77.257812	A5	64	107	0	2
366	76.988281	77.519531	D4	64	92	0	3
367	76.988281	77.529297	F4	64	102	0	1
368	76.988281	77.535156	A4	64	93	0	5
369	76.988281	78.626953	D3	64	72	1	-1
370	76.988281	78.746094	D2	64	95	1	-3
371	77.457031	77.544922	D6	64	122	0	2
372	77.457031	78.896484	A3	64	72	1	-4
373	77.691406	77.783203	D6	64	99	0	2
374	77.925781	78.267578	D6	64	127	0	2
375	77.925781	78.451172	A4	64	95	0	5
376	77.925781	78.501953	F4	64	102	0	1
377	78.394531	78.708984	C6	64	117	0	5
378	78.394531	78.955078	D4	64	85	0	3
379	78.863281	79.013672	D6	64	127	0	2
380	78.863281	79.416016	A4	64	99	0	5
381	78.863281	79.431641	F4	64	102	0	1
382	78.863281	79.921875	D3	64	62	1	-1
383	78.863281	80.113281	D2	64	93	1	-3
384	79.097656	79.267578	C6	64	122	0	5
385	79.332031	79.732422	A5	64	112	0	2
386	79.332031	79.921875	A3	64	52	1	-4
387	79.800781	80.251953	A4	64	112	0	5
388	79.800781	80.257812	F4	64	112	0	1
389	80.269531	80.458984	D2	64	89	1	-3
390	80.269531	80.744141	D4	64	85	0	3
391	80.503906	80.716797	E2	64	78	1	-1
392	80.738281	81.029297	C6	64	127	0	5
393	80.738281	81.242188	A4	64	99	0	5
394	80.738281	81.292969	F4	64	112	0	1
395	80.738281	81.865234	F2	64	90	1	-5
396	81.207031	81.589844	A5	64	127	0	2
397	81.207031	81.767578	C4	64	86	0	1
398	81.675781	81.841797	C3	64	53	1	-3
399	81.675781	82.130859	F4	64	100	0	1
400	81.675781	82.130859	A4	64	97	0	5
401	82.144531	82.291016	A5	64	127	0	2
402	82.144531	82.525391	F2	64	92	1	-5
403	82.144531	82.599609	C4	64	86	0	1
404	82.378906	82.507812	G5	64	93	0	5
405	82.613281	83.376953	A5	64	122	0	2
406	82.613281	83.177734	G4	64	93	0	3
407	82.613281	83.183594	E4	64	93	0	5
408	82.613281	83.777344	C3	64	67	1	-3
409	82.613281	84.400391	C2	64	95	1	-5
410	83.082031	84.087891	G5	64	117	0	5
411	83.082031	83.531250	C4	64	41	0	1
412	83.082031	83.671875	G3	64	39	1	-1
413	83.550781	84.029297	G4	64	93	0	3
414	83.550781	84.031250	E4	64	100	0	5
415	84.019531	84.111328	C4	64	90	0	1
416	84.488281	84.777344	G5	64	107	0	5
417	84.488281	84.998047	A#3	64	96	1	-3
418	84.488281	85.130859	D4	64	89	0	3
419	84.488281	85.763672	G2	64	95	1	-3
420	84.957031	85.048828	G5	64	99	0	5
421	84.957031	85.490234	G3	64	77	1	-1
422	84.957031	85.716797	D3	64	57	1	-1
423	85.191406	85.302734	G5	64	86	0	5
424	85.425781	85.728516	G5	64	97	0	5
425	85.425781	85.875000	A#3	64	112	1	-3
426	85.425781	85.896484	D4	64	95	0	3
427	85.894531	86.093750	G5	64	107	0	5
428	85.894531	86.324219	G2	64	99	1	-3
429	85.894531	86.396484	D3	64	42	1	-1
430	86.128906	86.365234	A5	64	100	0	2
431	86.363281	86.826172	C6	64	127	0	5
432	86.363281	86.916016	C4	64	100	0	1
433	86.363281	86.996094	E4	64	97	0	5
434	86.363281	87.517578	A2	64	112	1	-1
435	86.832031	87.214844	C6	64	117	0	5
436	86.832031	87.355469	A3	64	68	1	-4
437	86.832031	87.433594	E3	64	50	1	-4
438	87.300781	87.679688	F5	64	102	0	3
439	87.300781	87.763672	C4	64	97	0	1
440	87.300781	87.791016	E4	64	95	0	5
441	87.769531	87.998047	G5	64	112	0	5
442	87.769531	87.830078	A3	64	92	1	-4
443	87.769531	88.039062	F2	64	99	1	-5
444	88.003906	88.222656	F5	64	99	0	3
445	88.003906	88.201172	E2	64	81	1	-1
446	88.238281	90.015625	D5	64	117	0	5
447	88.238281	88.703125	F4	64	97	0	1
448	88.238281	88.863281	A4	64	93	0	5
449	88.238281	89.923828	D3	64	71	1	-1
450	88.238281	90.015625	D2	64	92	1	-3
451	88.707031	89.154297	E4	64	72	0	5
452	88.707031	89.273438	A3	64	52	1	-4
453	89.175781	89.662109	F4	64	97	0	1
454	89.175781	89.769531	A4	64	99	0	5
455	89.410156	90.080078	A3	64	53	1	-4
456	89.644531	89.898438	E4	64	90	0	5
457	90.113281	90.562500	A4	64	95	0	5
458	90.113281	90.566406	D4	64	102	0	3
459	90.113281	90.970703	D2	64	86	1	-3
460	90.113281	91.408203	D3	64	90	1	-1
461	90.347656	90.359375	F4	64	20	0	1
462	90.582031	91.113281	A3	64	64	1	-4
463	91.050781	91.224609	E4	64	112	0	5
464	91.050781	91.246094	E5	64	97	0	2
465	91.050781	91.537109	F2	64	88	1	-5
466	91.285156	91.425781	A3	64	97	1	-4
467	91.519531	91.615234	F4	64	112	0	1
468	91.519531	91.988281	E2	64	89	1	-1
469	91.988281	92.333984	A5	64	100	0	2
470	91.996094	92.455078	F4	64	80	0	1
471	91.996094	92.498047	A4	64	82	0	5
472	91.996094	92.505859	D4	64	83	0	3
473	91.996094	92.511719	D3	64	87	1	-1
474	91.996094	93.224609	D2	64	88	1	-3
475	92.457031	92.560547	D6	64	127	0	2
476	92.691406	92.791016	D6	64	97	0	2
477	92.693359	93.070312	D3	64	80	1	-1
478	92.925781	93.265625	D6	64	127	0	2
479	92.941406	93.511719	F4	64	86	0	1
480	92.941406	93.515625	D4	64	99	0	3
481	92.941406	93.521484	A4	64	93	0	5
482	93.162109	93.435547	A3	64	59	1	-4
483	93.394531	93.716797	C6	64	127	0	5
484	93.400391	93.494141	D3	64	57	1	-1
485	93.613281	93.666016	D2	64	65	1	-3
486	93.863281	94.574219	D6	64	127	0	2
487	93.878906	94.248047	A4	64	73	0	5
488	93.878906	94.251953	F4	64	74	0	1
489	93.878906	94.265625	D3	64	80	1	-1
490	93.878906	95.294922	D2	64	76	1	-3
491	93.882812	94.238281	D4	64	69	0	3
492	94.574219	95.015625	A4	64	95	0	5
493	94.574219	95.019531	F4	64	89	0	1
494	94.574219	95.031250	A3	64	97	1	-4
495	94.574219	95.042969	D4	64	91	0	3
496	95.042969	95.470703	D3	64	80	1	-1
497	95.269531	95.593750	A5	64	97	0	2
498	95.271484	95.398438	A4	64	86	0	5
499	95.277344	95.404297	D4	64	80	0	3
500	95.277344	95.425781	F4	64	75	0	1
501	95.277344	95.449219	A3	64	88	1	-4
502	95.480469	95.525391	D2	64	71	1	-3
503	95.738281	96.042969	F6	64	112	0	5
504	95.759766	96.210938	A#2	64	69	1	-5
505	95.759766	96.232422	D4	64	76	0	3
506	95.759766	96.246094	A#3	64	79	1	-3
507	95.759766	96.248047	F4	64	78	0	1
508	95.759766	96.259766	F3	64	80	1	-3
509	95.759766	97.068359	A#1	64	71	1	-2
510	96.207031	96.298828	F6	64	117	0	5
511	96.441406	96.482422	F6	64	89	0	5
512	96.494141	96.882812	A#2	64	71	1	-5
513	96.675781	97.013672	D6	64	117	0	2
514	96.728516	97.216797	A#3	64	102	1	-3
515	96.732422	97.255859	F4	64	92	0	1
516	96.734375	97.220703	D4	64	90	0	3
517	96.910156	97.123047	C6	64	107	0	5
518	96.947266	97.179688	F3	64	59	1	-3
519	97.144531	97.369141	A5	64	96	0	2
520	97.166016	97.396484	A#2	64	61	1	-5
521	97.343750	97.394531	A#1	64	69	1	-2
522	97.378906	97.580078	C6	64	117	0	5
523	97.613281	98.572266	D6	64	122	0	2
524	97.626953	98.095703	D3	64	85	1	-1
525	97.626953	98.953125	D2	64	87	1	-3
526	98.328125	98.685547	D3	64	67	1	-1
527	98.572266	98.914062	F4	64	89	0	1
528	98.574219	98.880859	A4	64	93	0	5
529	98.578125	98.912109	D4	64	92	0	3
530	98.808594	98.917969	A3	64	64	1	-4
531	99.046875	99.099609	D3	64	80	1	-1
532	99.488281	99.730469	A5	64	112	0	2
533	99.505859	99.994141	F4	64	68	0	1
534	99.505859	100.001953	F3	64	65	1	-3
535	99.505859	100.001953	A#3	64	71	1	-3
536	99.505859	100.001953	D4	64	72	0	3
537	99.505859	100.044922	A#2	64	81	1	-5
538	99.505859	100.738281	A#1	64	81	1	-2
539	99.957031	100.042969	D6	64	117	0	2
540	100.191406	100.271484	D6	64	97	0	2
541	100.208984	100.523438	A#2	64	80	1	-5
542	100.425781	100.677734	D6	64	127	0	2
543	100.460938	100.875000	F4	64	92	0	1
544	100.460938	100.900391	D4	64	88	0	3
545	100.460938	100.904297	A#3	64	99	1	-3
546	100.474609	100.880859	F3	64	87	1	-3
547	100.681641	100.863281	A#2	64	67	1	-5
548	100.894531	100.980469	C6	64	117	0	5
549	100.933594	101.001953	A#1	64	56	1	-2
550	101.128906	101.238281	C6	64	112	0	5
551	101.136719	101.222656	A#2	64	56	1	-5
552	101.154297	101.222656	A#1	64	46	1	-2
553	101.363281	101.560547	D6	64	127	0	2
554	101.382812	101.908203	F4	64	66	0	1
555	101.382812	101.923828	A#3	64	77	1	-3
556	101.388672	101.869141	A#2	64	69	1	-5
557	101.390625	102.769531	A#1	64	59	1	-2
558	101.394531	101.908203	D4	64	67	0	3
559	101.832031	102.972656	D6	64	127	0	2
560	102.060547	102.429688	A#2	64	85	1	-5
561	102.310547	102.671875	D4	64	88	0	3
562	102.310547	102.679688	A#3	64	99	1	-3
563	102.310547	102.705078	F4	64	87	0	1
564	102.527344	102.656250	F3	64	75	1	-3
565	102.769531	103.007812	A#2	64	74	1	-5
566	102.962891	103.203125	A#1	64	54	1	-2
567	103.238281	103.597656	D6	64	127	0	2
568	103.242188	103.726562	G2	64	64	1	-3
569	103.242188	103.941406	G4	64	83	0	3
570	103.244141	103.812500	A#3	64	76	1	-3
571	103.244141	103.847656	G3	64	88	1	-1
572	103.248047	103.755859	D4	64	76	0	3
573	103.259766	104.500000	G1	64	85	1	-5
574	103.707031	104.324219	D6	64	117	0	2
575	103.951172	104.277344	G2	64	90	1	-3
576	104.187500	104.580078	G3	64	106	1	-1
577	104.187500	104.656250	G4	64	99	0	3
578	104.187500	104.671875	D4	64	90	0	3
579	104.189453	104.671875	A#3	64	95	1	-3
580	104.412109	104.835938	G2	64	72	1	-3
581	104.644531	104.964844	G5	64	107	0	5
582	104.650391	104.841797	G1	64	84	1	-5
583	105.113281	106.406250	A5	64	122	0	2
584	105.123047	105.587891	A2	64	79	1	-1
585	105.128906	105.652344	A4	64	84	0	5
586	105.128906	106.330078	A1	64	85	1	-3
587	105.130859	105.664062	A3	64	83	1	-4
588	105.130859	105.669922	C4	64	72	0	1
589	105.134766	105.662109	E4	64	68	0	5
590	105.822266	106.121094	A2	64	80	1	-1
591	106.068359	106.527344	C4	64	99	0	1
592	106.068359	106.562500	A4	64	100	0	5
593	106.072266	106.505859	A3	64	97	1	-4
594	106.072266	106.556641	E4	64	85	0	5
595	106.285156	106.787109	A2	64	87	1	-1
596	106.527344	106.777344	A1	64	81	1	-3
597	106.755859	106.800781	D2	64	72	1	-3
598	106.988281	107.273438	A5	64	102	0	2
599	106.990234	107.433594	D3	64	72	1	-1
600	106.996094	108.361328	D2	64	71	1	-3
601	107.000000	107.537109	F4	64	87	0	1
602	107.007812	107.556641	A3	64	94	1	-4
603	107.007812	107.556641	A4	64	92	0	5
604	107.009766	107.572266	D4	64	84	0	3
605	107.457031	107.546875	D6	64	127	0	2
606	107.691406	107.791016	D6	64	99	0	2
607	107.724609	108.150391	D3	64	84	1	-1
608	107.925781	108.238281	D6	64	127	0	2
609	107.962891	108.474609	F4	64	96	0	1
610	107.962891	108.480469	A4	64	96	0	5
611	107.966797	108.505859	D4	64	97	0	3
612	108.179688	108.462891	A3	64	67	1	-4
613	108.394531	108.697266	C6	64	127	0	5
614	108.429688	108.710938	D3	64	81	1	-1
615	108.630859	108.685547	D2	64	75	1	-3
616	108.863281	109.058594	D6	64	127	0	2
617	108.884766	109.234375	D3	64	85	1	-1
618	108.884766	109.308594	F4	64	93	0	1
619	108.884766	109.320312	A4	64	93	0	5
620	108.884766	109.326172	D4	64	94	0	3
621	108.884766	110.271484	D2	64	80	1	-3
622	108.900391	109.365234	A3	64	83	1	-4
623	109.097656	109.263672	C6	64	102	0	5
624	109.332031	110.150391	A5	64	99	0	2
625	109.412109	109.951172	D3	64	79	1	-1
626	109.832031	110.324219	F4	64	96	0	1
627	109.832031	110.345703	D4	64	104	0	3
628	109.832031	110.355469	A4	64	102	0	5
629	110.042969	110.355469	A3	64	76	1	-4
630	110.267578	110.560547	D3	64	71	1	-1
631	110.269531	110.591797	A5	64	107	0	2
632	110.468750	110.763672	D2	64	68	1	-3
633	110.726562	111.328125	A4	64	92	0	5
634	110.726562	111.353516	C4	64	87	0	1
635	110.730469	111.318359	F4	64	83	0	1
636	110.730469	111.353516	A3	64	90	1	-4
637	110.730469	112.144531	F2	64	83	1	-5
638	110.738281	111.152344	C6	64	117	0	5
639	111.207031	111.931641	A5	64	107	0	2
640	111.416016	111.785156	F3	64	67	1	-3
641	111.673828	111.986328	A4	64	100	0	5
642	111.673828	112.009766	F4	64	95	0	1
643	111.673828	112.031250	C4	64	102	0	1
644	111.888672	112.027344	A3	64	59	1	-4
645	112.126953	112.294922	F3	64	67	1	-3
646	112.144531	112.355469	A5	64	102	0	2
647	112.351562	112.402344	F2	64	72	1	-5
648	112.378906	112.609375	G5	64	97	0	5
649	112.613281	113.822266	F5	64	107	0	3
650	112.615234	113.105469	A#3	64	85	1	-3
651	112.617188	113.060547	F4	64	78	0	1
652	112.617188	113.113281	F3	64	84	1	-3
653	112.623047	113.107422	A#2	64	79	1	-5
654	112.625000	113.992188	A#1	64	84	1	-2
655	112.628906	113.103516	D4	64	75	0	3
656	113.349609	113.744141	A#2	64	92	1	-5
657	113.562500	113.972656	F4	64	95	0	1
658	113.568359	113.994141	A#3	64	100	1	-3
659	113.570312	113.953125	D4	64	90	0	3
660	113.785156	113.966797	F3	64	81	1	-3
661	114.019531	114.126953	D5	64	107	0	5
662	114.041016	114.279297	A#2	64	79	1	-5
663	114.253906	114.419922	D5	64	92	0	5
664	114.263672	114.326172	A#1	64	72	1	-2
665	114.488281	114.951172	G5	64	127	0	5
666	114.511719	114.980469	G2	64	75	1	-3
667	114.511719	114.980469	G4	64	90	0	3
668	114.511719	115.044922	G3	64	95	1	-1
669	114.511719	115.060547	A#3	64	84	1	-3
670	114.515625	115.027344	D4	64	79	0	3
671	114.523438	115.980469	G1	64	79	1	-5
672	115.185547	115.570312	G2	64	72	1	-3
673	115.191406	115.386719	A5	64	112	0	2
674	115.425781	115.892578	G5	64	127	0	5
675	115.431641	115.925781	G4	64	100	0	3
676	115.431641	115.986328	A#3	64	104	1	-3
677	115.435547	115.951172	D4	64	92	0	3
678	115.652344	115.968750	G3	64	85	1	-1
679	115.894531	116.259766	A5	64	117	0	2
680	115.929688	116.035156	G2	64	79	1	-3
681	116.363281	116.740234	C6	64	122	0	5
682	116.386719	116.792969	E4	64	84	0	5
683	116.386719	116.798828	C4	64	87	0	1
684	116.390625	116.826172	G3	64	87	1	-1
685	116.396484	117.611328	C2	64	89	1	-5
686	116.832031	117.214844	A5	64	112	0	2
687	117.015625	117.443359	C3	64	79	1	-3
688	117.287109	117.718750	E4	64	104	0	5
689	117.296875	117.720703	C4	64	102	0	1
690	117.519531	117.656250	G3	64	63	1	-1
691	117.769531	118.154297	A5	64	112	0	2
692	117.777344	118.109375	C3	64	76	1	-3
693	117.998047	118.234375	C2	64	55	1	-5
694	118.238281	118.542969	C6	64	117	0	5
695	118.246094	118.841797	A4	64	92	0	5
696	118.246094	118.857422	E4	64	79	0	5
697	118.250000	118.871094	C4	64	84	0	1
698	118.250000	118.894531	A3	64	87	1	-4
699	118.253906	118.791016	A2	64	85	1	-1
700	118.707031	118.796875	C6	64	112	0	5
701	118.941406	119.378906	C6	64	122	0	5
702	118.949219	119.388672	A2	64	95	1	-1
703	119.191406	119.650391	A4	64	104	0	5
704	119.191406	119.705078	C4	64	104	0	1
705	119.197266	119.673828	E4	64	94	0	5
706	119.404297	119.697266	A3	64	71	1	-4
707	119.638672	120.150391	A2	64	97	1	-1
708	119.644531	119.785156	A5	64	100	0	2
709	119.878906	120.085938	C6	64	112	0	5
710	120.113281	121.902344	D6	64	122	0	2
711	120.113281	120.666016	D2	64	96	1	-3
712	120.115234	120.683594	A3	64	87	1	-4
713	120.123047	120.634766	F4	64	86	0	1
714	120.136719	120.666016	D4	64	80	0	3
715	120.593750	120.835938	F3	64	71	1	-3
716	120.820312	121.529297	D2	64	105	1	-3
717	121.042969	121.816406	F4	64	100	0	1
718	121.046875	121.804688	A3	64	102	1	-4
719	121.048828	121.779297	D4	64	94	0	3
720	121.291016	121.742188	F3	64	63	1	-3
721	121.521484	121.808594	A2	64	84	1	-1
722	121.744141	121.798828	D2	64	74	1	-3
723	121.988281	122.333984	A5	64	100	0	2
724	121.988281	122.408203	D4	64	100	0	3
725	121.988281	122.416016	F4	64	102	0	1
726	121.988281	122.427734	A4	64	100	0	5
727	121.988281	123.515625	D2	64	100	1	-3
728	121.988281	123.730469	D3	64	89	1	-1
729	122.457031	122.560547	D6	64	127	0	2
730	122.691406	122.791016	D6	64	97	0	2
731	122.925781	123.265625	D6	64	127	0	2
732	122.927734	123.136719	A3	64	100	1	-4
733	122.927734	123.761719	F4	64	127	0	1
734	122.927734	123.765625	D4	64	122	0	3
735	123.394531	123.716797	C6	64	127	0	5
736	123.394531	123.769531	A3	64	82	1	-4
737	123.628906	123.738281	D2	64	86	1	-3
738	123.863281	124.574219	D6	64	127	0	2
739	123.863281	123.900391	A3	64	95	1	-4
740	123.863281	124.564453	F4	64	100	0	1
741	123.863281	124.595703	D4	64	107	0	3
742	123.863281	124.898438	D3	64	79	1	-1
743	124.097656	124.195312	D2	64	72	1	-3
744	124.332031	124.634766	A3	64	69	1	-4
745	124.332031	125.128906	D2	64	97	1	-3
746	124.800781	125.513672	A4	64	122	0	5
747	124.800781	125.515625	F4	64	122	0	1
748	124.800781	125.593750	D4	64	102	0	3
749	125.269531	125.593750	A5	64	97	0	2
750	125.269531	125.468750	D2	64	100	1	-3
751	125.269531	125.707031	D3	64	90	1	-1
752	125.503906	125.648438	C2	64	72	1	-5
753	125.738281	126.042969	F6	64	112	0	5
754	125.738281	126.265625	F4	64	96	0	1
755	125.738281	126.490234	D4	64	99	0	3
756	125.738281	126.509766	A#3	64	127	1	-3
757	125.738281	126.921875	A#2	64	52	1	-5
758	125.738281	126.951172	A#1	64	102	1	-2
759	126.207031	126.298828	F6	64	117	0	5
760	126.441406	126.482422	F6	64	89	0	5
761	126.675781	127.013672	D6	64	117	0	2
762	126.675781	127.005859	A#3	64	127	1	-3
763	126.675781	127.021484	D4	64	100	0	3
764	126.675781	127.076172	F4	64	90	0	1
765	126.910156	127.123047	C6	64	107	0	5
766	127.144531	127.369141	A5	64	96	0	2
767	127.144531	127.326172	A#1	64	102	1	-2
768	127.144531	127.597656	A#2	64	85	1	-5
769	127.378906	127.580078	C6	64	117	0	5
770	127.378906	127.554688	C2	64	68	1	-5
771	127.613281	129.253906	D6	64	122	0	2
772	127.613281	128.382812	A4	64	107	0	5
773	127.613281	128.390625	D4	64	100	0	3
774	127.613281	128.390625	F4	64	107	0	1
775	127.613281	128.646484	D3	64	63	1	-1
776	127.613281	128.871094	D2	64	88	1	-3
777	128.550781	128.878906	A4	64	127	0	5
778	128.550781	128.892578	F4	64	127	0	1
779	128.785156	129.007812	D3	64	107	1	-1
780	129.019531	129.214844	D2	64	82	1	-3
781	129.019531	129.443359	C3	64	95	1	-3
782	129.253906	129.423828	C2	64	86	1	-5
783	129.488281	129.730469	A5	64	112	0	2
784	129.488281	130.041016	F4	64	83	0	1
785	129.488281	130.244141	D4	64	93	0	3
786	129.488281	130.271484	A#3	64	117	1	-3
787	129.488281	131.039062	A#1	64	100	1	-2
788	129.488281	132.542969	A#2	64	99	1	-5
789	129.957031	130.042969	D6	64	117	0	2
790	130.191406	130.271484	D6	64	97	0	2
791	130.425781	130.677734	D6	64	127	0	2
792	130.425781	130.843750	F4	64	92	0	1
793	130.425781	131.183594	A#3	64	122	1	-3
794	130.425781	131.193359	D4	64	96	0	3
795	130.894531	130.980469	C6	64	117	0	5
796	131.128906	131.238281	C6	64	112	0	5
797	131.128906	131.234375	A#1	64	81	1	-2
798	131.363281	131.560547	D6	64	127	0	2
799	131.363281	131.728516	A#1	64	89	1	-2
800	131.363281	131.861328	F4	64	93	0	1
801	131.363281	132.125000	D4	64	102	0	3
802	131.363281	132.134766	A#3	64	127	1	-3
803	131.832031	132.972656	D6	64	127	0	2
804	131.832031	132.605469	A#1	64	95	1	-2
805	132.300781	132.789062	F4	64	93	0	1
806	132.300781	133.021484	D4	64	102	0	3
807	132.300781	133.076172	A#3	64	127	1	-3
808	132.769531	133.101562	A#1	64	95	1	-2
809	132.769531	133.230469	A#2	64	99	1	-5
810	133.238281	133.597656	D6	64	127	0	2
811	133.238281	133.833984	D4	64	93	0	3
812	133.238281	133.845703	G3	64	117	1	-1
813	133.238281	134.000000	A#3	64	117	1	-3
814	133.238281	134.759766	G2	64	100	1	-3
815	133.707031	133.982422	D6	64	117	0	2
816	133.707031	134.318359	D3	64	44	1	-1
817	134.175781	134.507812	D6	64	127	0	2
818	134.175781	134.632812	A#3	64	127	1	-3
819	134.175781	134.656250	D4	64	100	0	3
820	134.175781	134.671875	G3	64	102	1	-1
821	134.644531	134.964844	G5	64	107	0	5
822	134.644531	135.140625	D3	64	71	1	-1
823	134.878906	135.128906	G2	64	93	1	-3
824	135.113281	136.406250	A5	64	122	0	2
825	135.113281	135.404297	A2	64	89	1	-1
826	135.113281	135.906250	A3	64	107	1	-4
827	135.113281	135.941406	E4	64	100	0	5
828	135.113281	135.945312	C4	64	100	0	1
829	135.582031	136.261719	E3	64	45	1	-4
830	135.582031	136.326172	A2	64	100	1	-1
831	136.050781	136.541016	A3	64	97	1	-4
832	136.050781	136.550781	C4	64	107	0	1
833	136.050781	136.572266	E4	64	96	0	5
834	136.519531	136.650391	E3	64	63	1	-4
835	136.519531	136.748047	F2	64	96	1	-5
836	136.753906	136.949219	E2	64	70	1	-1
837	136.988281	137.273438	A5	64	102	0	2
838	136.988281	137.453125	F4	64	99	0	1
839	136.988281	137.501953	A4	64	97	0	5
840	136.988281	137.718750	D4	64	99	0	3
841	136.988281	138.515625	D2	64	78	1	-3
842	136.988281	138.751953	D3	64	78	1	-1
843	137.457031	137.546875	D6	64	127	0	2
844	137.457031	138.074219	A3	64	70	1	-4
845	137.691406	137.791016	D6	64	99	0	2
846	137.925781	138.238281	D6	64	127	0	2
847	137.925781	138.447266	A4	64	102	0	5
848	137.925781	138.500000	F4	64	107	0	1
849	137.925781	138.808594	E4	64	102	0	5
850	138.394531	138.697266	C6	64	127	0	5
851	138.394531	138.892578	A3	64	53	1	-4
852	138.628906	138.751953	D2	64	77	1	-3
853	138.863281	139.058594	D6	64	127	0	2
854	138.863281	139.138672	D2	64	86	1	-3
855	138.863281	139.496094	D4	64	93	0	3
856	138.863281	139.650391	A4	64	83	0	5
857	138.863281	139.667969	F4	64	95	0	1
858	138.863281	140.134766	D3	64	73	1	-1
859	139.097656	139.263672	C6	64	102	0	5
860	139.332031	140.150391	A5	64	99	0	2
861	139.332031	139.871094	A3	64	73	1	-4
862	139.332031	140.107422	D2	64	89	1	-3
863	139.800781	140.263672	D4	64	90	0	3
864	139.800781	140.302734	A4	64	97	0	5
865	139.800781	140.318359	F4	64	112	0	1
866	140.035156	140.138672	A3	64	83	1	-4
867	140.269531	140.591797	A5	64	107	0	2
868	140.269531	140.449219	D2	64	97	1	-3
869	140.269531	140.617188	E4	64	112	0	5
870	140.503906	140.734375	C2	64	77	1	-5
871	140.738281	141.152344	C6	64	117	0	5
872	140.738281	141.376953	A4	64	99	0	5
873	140.738281	141.404297	C4	64	100	0	1
874	140.738281	141.408203	F4	64	107	0	1
875	140.738281	141.867188	F2	64	93	1	-5
876	141.207031	141.931641	A5	64	107	0	2
877	141.675781	142.031250	A4	64	97	0	5
878	141.675781	142.050781	F4	64	100	0	1
879	141.675781	142.115234	C4	64	95	0	1
880	142.144531	142.355469	A5	64	102	0	2
881	142.378906	142.609375	G5	64	97	0	5
882	142.378906	142.527344	F2	64	93	1	-5
883	142.613281	143.822266	F5	64	107	0	3
884	142.613281	142.806641	A#1	64	95	1	-2
885	142.613281	143.216797	F4	64	88	0	1
886	142.613281	143.294922	D4	64	96	0	3
887	142.613281	143.341797	A#3	64	122	1	-3
888	142.613281	143.714844	A#2	64	83	1	-5
889	143.082031	143.595703	D3	64	34	1	-1
890	143.082031	143.851562	A#1	64	97	1	-2
891	143.550781	143.867188	F4	64	89	0	1
892	143.550781	144.076172	D4	64	99	0	3
893	143.550781	144.085938	A#3	64	122	1	-3
894	144.019531	144.126953	D5	64	107	0	5
895	144.019531	144.310547	A#1	64	97	1	-2
896	144.019531	144.447266	A2	64	86	1	-1
897	144.253906	144.419922	D5	64	92	0	5
898	144.488281	144.951172	G5	64	127	0	5
899	144.488281	145.228516	D4	64	89	0	3
900	144.488281	145.242188	G3	64	97	1	-1
901	144.488281	145.253906	A#3	64	117	1	-3
902	144.488281	145.509766	G2	64	94	1	-3
903	144.957031	145.490234	D3	64	36	1	-1
904	145.191406	145.386719	A5	64	112	0	2
905	145.425781	145.892578	G5	64	127	0	5
906	145.425781	145.580078	G3	64	96	1	-1
907	145.425781	145.597656	A#3	64	122	1	-3
908	145.425781	145.632812	D4	64	96	0	3
909	145.894531	146.259766	A5	64	117	0	2
910	146.128906	146.273438	G2	64	92	1	-3
911	146.363281	146.740234	C6	64	122	0	5
912	146.363281	146.738281	C2	64	89	1	-5
913	146.363281	147.091797	C4	64	107	0	1
914	146.363281	147.099609	G4	64	99	0	3
915	146.363281	147.105469	E4	64	112	0	5
916	146.363281	147.585938	C3	64	69	1	-3
917	146.832031	147.214844	A5	64	112	0	2
918	146.832031	147.486328	G3	64	37	1	-1
919	146.832031	147.884766	C2	64	89	1	-5
920	147.300781	147.767578	G4	64	99	0	3
921	147.300781	147.775391	E4	64	99	0	5
922	147.300781	147.839844	C4	64	99	0	1
923	147.769531	148.154297	A5	64	112	0	2
924	148.003906	148.199219	C2	64	82	1	-5
925	148.238281	148.976562	C6	64	122	0	5
926	148.238281	148.769531	G4	64	74	0	3
927	148.238281	148.779297	E4	64	85	0	5
928	148.238281	148.806641	C4	64	96	0	1
929	148.238281	148.808594	A3	64	92	1	-4
930	148.238281	149.556641	A2	64	71	1	-1
931	148.707031	149.306641	E3	64	45	1	-4
932	149.175781	149.603516	A5	64	122	0	2
933	149.175781	149.443359	A3	64	99	1	-4
934	149.175781	149.470703	C4	64	122	0	1
935	149.175781	149.478516	E4	64	99	0	5
936	149.175781	149.515625	G4	64	89	0	3
937	149.644531	150.001953	C6	64	127	0	5
938	149.644531	149.734375	E3	64	69	1	-4
939	149.644531	149.978516	A2	64	93	1	-1
940	150.113281	151.734375	D6	64	127	0	2
941	150.113281	150.136719	A4	64	78	0	5
942	150.113281	150.570312	F4	64	107	0	1
943	150.113281	150.865234	D4	64	100	0	3
944	150.113281	151.353516	D2	64	96	1	-3
945	150.113281	151.853516	D3	64	72	1	-1
946	150.582031	151.130859	A3	64	86	1	-4
947	151.050781	151.478516	E4	64	122	0	5
948	151.285156	151.929688	A3	64	97	1	-4
949	151.519531	151.716797	D2	64	97	1	-3
950	151.519531	151.800781	F4	64	112	0	1
951	151.753906	151.966797	F2	64	68	1	-5
952	151.753906	151.982422	E4	64	97	0	5
953	151.988281	152.304688	G5	64	112	0	5
954	151.988281	152.746094	D4	64	83	0	3
955	151.988281	152.755859	G3	64	83	1	-1
956	151.988281	152.792969	A#3	64	93	1	-3
957	152.457031	152.552734	G5	64	95	0	5
958	152.457031	153.410156	D3	64	35	1	-1
959	152.691406	152.791016	G5	64	95	0	5
960	152.925781	153.333984	G5	64	102	0	5
961	152.925781	153.357422	A#3	64	92	1	-3
962	152.925781	153.378906	D4	64	77	0	3
963	152.925781	153.410156	G3	64	86	1	-1
964	153.394531	153.783203	A5	64	122	0	2
965	153.394531	153.402344	G2	64	99	1	-3
966	153.863281	154.201172	C6	64	127	0	5
967	153.863281	153.890625	G3	64	47	1	-1
968	153.863281	155.105469	C2	64	102	1	-5
969	153.863281	155.236328	C4	64	88	0	1
970	153.863281	155.242188	C3	64	48	1	-3
971	153.863281	155.261719	E4	64	78	0	5
972	154.332031	155.226562	C6	64	127	0	5
973	155.269531	155.515625	F5	64	122	0	3
974	155.269531	155.693359	C2	64	86	1	-5
975	155.503906	155.707031	G5	64	88	0	5
976	155.738281	158.025391	D5	64	102	0	5
977	155.738281	156.212891	F4	64	74	0	1
978	155.738281	156.380859	A4	64	74	0	5
979	155.738281	156.603516	D4	64	83	0	3
980	155.738281	158.550781	D2	64	95	1	-3
981	156.207031	156.861328	A3	64	55	1	-4
982	156.675781	157.498047	E4	64	99	0	5
983	157.144531	159.511719	A3	64	50	1	-4
984	157.613281	159.626953	E4	64	67	0	5
985	159.488281	159.607422	D3	64	69	1	-1
986	159.488281	159.617188	D4	64	92	0	3
987	159.488281	159.617188	F4	64	96	0	1
988	159.488281	159.632812	A4	64	85	0	5
989	159.957031	160.531250	A3	64	61	1	-4
990	160.425781	160.974609	E4	64	99	0	5
991	160.894531	161.693359	A3	64	38	1	-4
992	161.363281	161.886719	D4	64	83	0	3
993	161.363281	161.886719	A4	64	79	0	5
994	161.363281	161.900391	F4	64	88	0	1
995	161.832031	162.421875	A3	64	33	1	-4
996	162.300781	162.572266	A4	64	97	0	5
997	162.300781	162.615234	F4	64	107	0	1
998	162.300781	162.689453	D4	64	83	0	3
999	163.238281	163.998047	D4	64	90	0	3
1000	163.238281	164.001953	F4	64	77	0	1
1001	163.238281	164.005859	A#3	64	112	1	-3
1002	163.238281	164.326172	A#2	64	58	1	-5
1003	164.175781	164.322266	A#3	64	122	1	-3
1004	164.175781	164.332031	D4	64	93	0	3
1005	164.175781	164.384766	F4	64	81	0	1
1006	165.113281	165.625000	D4	64	92	0	3
1007	165.113281	165.638672	F4	64	96	0	1
1008	165.113281	165.646484	A4	64	95	0	5
1009	165.113281	166.058594	D3	64	65	1	-1
1010	165.582031	166.029297	A3	64	38	1	-4
1011	165.816406	165.908203	A4	64	32	0	5
1012	166.050781	166.302734	A4	64	100	0	5
1013	166.050781	166.333984	F4	64	100	0	1
1014	166.519531	166.916016	C3	64	62	1	-3
1015	166.988281	167.751953	A#3	64	99	1	-3
1016	166.988281	167.753906	F4	64	86	0	1
1017	166.988281	167.757812	D4	64	92	0	3
1018	166.988281	168.216797	A#2	64	92	1	-5
1019	167.925781	168.083984	A#3	64	112	1	-3
1020	167.925781	168.091797	D4	64	92	0	3
1021	167.925781	168.097656	F4	64	78	0	1
1022	168.394531	168.839844	A#2	64	44	1	-5
1023	168.863281	169.585938	D4	64	97	0	3
1024	168.863281	169.626953	A4	64	95	0	5
1025	168.863281	169.638672	F4	64	102	0	1
1026	168.863281	170.054688	D3	64	67	1	-1
1027	169.800781	170.097656	A4	64	93	0	5
1028	169.800781	170.123047	F4	64	100	0	1
1029	169.800781	170.169922	D4	64	93	0	3
1030	170.269531	170.638672	D3	64	82	1	-1
1031	170.738281	171.294922	D4	64	88	0	3
1032	170.738281	171.330078	G3	64	93	1	-1
1033	170.738281	171.519531	A#3	64	97	1	-3
1034	170.738281	172.152344	G2	64	66	1	-3
1035	171.207031	171.863281	D3	64	35	1	-1
1036	171.675781	172.109375	A#3	64	107	1	-3
1037	171.675781	172.136719	D4	64	88	0	3
1038	171.675781	172.146484	G3	64	89	1	-1
1039	172.144531	172.652344	D3	64	40	1	-1
1040	172.613281	173.439453	E4	64	95	0	5
1041	172.613281	173.441406	A3	64	99	1	-4
1042	172.613281	173.443359	C#4	64	112	0	2
1043	172.613281	173.697266	A2	64	65	1	-1
1044	173.550781	173.839844	A3	64	102	1	-4
1045	173.550781	174.048828	C#4	64	127	0	2
1046	173.550781	174.072266	G4	64	93	0	3
1047	173.550781	174.085938	E4	64	100	0	5
1048	173.785156	173.884766	A2	64	78	1	-1
1049	174.019531	174.138672	A3	64	96	1	-4
1050	174.488281	174.910156	D4	64	127	0	3
1051	174.488281	174.910156	F4	64	102	0	1
1052	174.488281	174.927734	A4	64	85	0	5
1053	174.488281	176.076172	D3	64	78	1	-1
1054	174.957031	176.388672	A3	64	56	1	-4
1055	175.425781	175.693359	D4	64	102	0	3
1056	175.425781	175.910156	F4	64	112	0	1
1057	175.425781	175.988281	A4	64	100	0	5
1058	175.894531	176.201172	D4	64	82	0	3
1059	176.363281	176.865234	E4	64	73	0	5
1060	176.363281	176.884766	D4	64	74	0	3
1061	176.363281	176.884766	F4	64	90	0	1
1062	176.363281	176.884766	A4	64	88	0	5
1063	176.363281	177.675781	D3	64	69	1	-1
1064	176.832031	177.408203	A3	64	61	1	-4
1065	177.302734	177.652344	D4	64	99	0	3
1066	177.302734	177.839844	A4	64	102	0	5
1067	177.302734	177.851562	F4	64	112	0	1
1068	177.537109	177.656250	A3	64	74	1	-4
1069	177.769531	178.105469	E4	64	99	0	5
1070	178.238281	178.582031	A4	64	96	0	5
1071	178.238281	178.611328	F4	64	107	0	1
1072	178.238281	178.660156	C4	64	99	0	1
1073	178.238281	179.769531	F2	64	74	1	-5
1074	178.707031	179.361328	C3	64	48	1	-3
1075	179.175781	179.628906	A3	64	97	1	-4
1076	179.175781	179.650391	C4	64	100	0	1
1077	179.175781	179.714844	F3	64	100	1	-3
1078	179.644531	179.812500	C3	64	41	1	-3
1079	180.113281	180.591797	F4	64	85	0	1
1080	180.113281	180.603516	D4	64	102	0	3
1081	180.113281	180.615234	A#3	64	122	1	-3
1082	180.113281	181.332031	A#2	64	67	1	-5
1083	180.582031	181.382812	D3	64	42	1	-1
1084	181.050781	181.371094	F4	64	92	0	1
1085	181.050781	181.449219	A#3	64	127	1	-3
1086	181.050781	181.496094	D4	64	112	0	3
1087	181.285156	181.425781	F3	64	71	1	-3
1088	181.519531	181.876953	A3	64	99	1	-4
1089	181.753906	181.810547	D4	64	27	0	3
1090	181.988281	182.587891	G3	64	112	1	-1
1091	181.988281	182.710938	D4	64	86	0	3
1092	181.988281	182.773438	A#3	64	107	1	-3
1093	181.988281	183.203125	G2	64	71	1	-3
1094	182.457031	182.976562	D3	64	41	1	-1
1095	182.925781	183.359375	A#3	64	127	1	-3
1096	182.925781	183.400391	D4	64	102	0	3
1097	183.160156	183.277344	D3	64	79	1	-1
1098	183.394531	183.445312	G3	64	96	1	-1
1099	183.863281	184.552734	C4	64	102	0	1
1100	183.863281	184.568359	G4	64	95	0	3
1101	183.863281	184.580078	E4	64	100	0	5
1102	183.863281	184.871094	G3	64	89	1	-1
1103	183.863281	185.158203	C3	64	82	1	-3
1104	184.800781	185.287109	G4	64	100	0	3
1105	184.800781	185.316406	E4	64	97	0	5
1106	185.269531	185.636719	C4	64	92	0	1
1107	185.738281	186.080078	F4	64	97	0	1
1108	185.738281	186.107422	D4	64	100	0	3
1109	185.738281	189.085938	D2	64	82	1	-3
1110	186.207031	189.611328	A2	64	40	1	-1
1111	186.675781	187.654297	E3	64	86	1	-4
1112	187.144531	189.111328	D3	64	54	1	-1
1113	187.613281	189.572266	F3	64	70	1	-3
1114	187.613281	189.583984	A3	64	65	1	-4
1115	189.488281	189.800781	D5	64	102	0	5
1116	189.488281	190.039062	D4	64	88	0	3
1117	189.488281	190.048828	A4	64	69	0	5
1118	189.488281	190.052734	F4	64	64	0	1
1119	189.488281	191.160156	D3	64	72	1	-1
1120	189.488281	191.800781	D5	64	122	0	5
1121	189.488281	192.496094	D2	64	100	1	-3
1122	189.957031	190.050781	A5	64	112	0	2
1123	189.957031	191.308594	A3	64	58	1	-4
1124	190.191406	190.277344	A5	64	95	0	2
1125	190.425781	190.746094	A5	64	107	0	2
1126	190.425781	190.718750	D4	64	85	0	3
1127	190.425781	191.857422	E4	64	99	0	5
1128	190.425781	191.859375	F4	64	99	0	1
1129	190.425781	191.867188	A4	64	92	0	5
1130	190.894531	191.255859	G5	64	117	0	5
1131	190.894531	191.826172	D4	64	62	0	3
1132	191.363281	191.572266	A5	64	127	0	2
1133	191.363281	192.410156	D3	64	78	1	-1
1134	191.597656	191.806641	G5	64	90	0	5
1135	191.832031	192.689453	F5	64	97	0	3
1136	191.832031	192.330078	A3	64	56	1	-4
1137	192.300781	192.339844	A4	64	82	0	5
1138	192.300781	192.621094	F4	64	102	0	1
1139	192.535156	192.816406	E4	64	85	0	5
1140	192.769531	193.212891	D4	64	74	0	3
1141	192.769531	193.218750	D2	64	102	1	-3
1142	193.238281	193.562500	G5	64	100	0	5
1143	193.238281	193.972656	G4	64	63	0	3
1144	193.238281	194.021484	E4	64	71	0	5
1145	193.238281	194.263672	C3	64	69	1	-3
1146	193.238281	195.099609	C2	64	100	1	-5
1147	193.707031	194.601562	G5	64	112	0	5
1148	193.707031	194.281250	G3	64	44	1	-1
1149	194.175781	194.550781	G4	64	79	0	3
1150	194.175781	194.960938	E4	64	85	0	5
1151	194.644531	194.949219	E5	64	97	0	2
1152	195.113281	196.289062	D5	64	97	0	5
1153	195.113281	195.630859	D4	64	77	0	3
1154	195.113281	195.642578	A4	64	76	0	5
1155	195.113281	195.660156	F4	64	83	0	1
1156	195.113281	196.216797	D3	64	68	1	-1
1157	195.113281	196.324219	D2	64	102	1	-3
1158	195.582031	196.111328	A3	64	54	1	-4
1159	196.050781	196.285156	E4	64	112	0	5
1160	196.285156	196.580078	F4	64	83	0	1
1161	196.519531	196.750000	D2	64	107	1	-3
1162	196.519531	196.787109	E4	64	100	0	5
1163	196.753906	196.970703	C2	64	88	1	-5
1164	196.753906	197.039062	C4	64	75	0	1
1165	196.988281	197.304688	D5	64	107	0	5
1166	196.988281	197.476562	D4	64	100	0	3
1167	196.988281	198.240234	A#1	64	112	1	-2
1168	196.988281	198.423828	A#2	64	90	1	-5
1169	197.457031	197.546875	D6	64	112	0	2
1170	197.457031	197.611328	A#3	64	64	1	-3
1171	197.691406	197.791016	D6	64	100	0	2
1172	197.925781	198.150391	D6	64	117	0	2
1173	197.925781	198.392578	F4	64	72	0	1
1174	197.925781	198.521484	A#3	64	112	1	-3
1175	197.925781	198.675781	D4	64	88	0	3
1176	198.394531	198.496094	C6	64	102	0	5
1177	198.394531	198.744141	A#1	64	117	1	-2
1178	198.628906	198.734375	C6	64	100	0	5
1179	198.863281	199.296875	F4	64	73	0	1
1180	198.863281	199.580078	D4	64	86	0	3
1181	198.863281	199.582031	A#3	64	102	1	-3
1182	198.863281	199.949219	A#2	64	63	1	-5
1183	198.863281	200.115234	A#1	64	93	1	-2
1184	199.332031	199.423828	A5	64	112	0	2
1185	199.566406	199.769531	G5	64	99	0	5
1186	199.800781	200.166016	F5	64	96	0	3
1187	199.800781	200.228516	F4	64	90	0	1
1188	199.800781	200.292969	A#3	64	127	1	-3
1189	199.800781	200.292969	D4	64	100	0	3
1190	200.269531	200.621094	D5	64	102	0	5
1191	200.269531	200.591797	A#1	64	96	1	-2
1192	200.505859	200.578125	C4	64	40	0	1
1193	200.738281	201.207031	G5	64	99	0	5
1194	200.738281	201.244141	F3	64	99	1	-3
1195	200.738281	201.527344	A3	64	97	1	-4
1196	200.738281	201.531250	C4	64	96	0	1
1197	200.738281	201.957031	F2	64	97	1	-5
1198	201.207031	203.408203	A5	64	90	0	2
1199	201.207031	201.748047	C3	64	43	1	-3
1200	201.675781	201.810547	F3	64	78	1	-3
1201	201.675781	201.816406	A3	64	90	1	-4
1202	201.675781	201.853516	C4	64	85	0	1
1203	202.144531	202.349609	F2	64	95	1	-5
1204	202.378906	202.609375	G2	64	88	1	-3
1205	202.613281	203.396484	A3	64	93	1	-4
1206	202.613281	203.404297	E4	64	89	0	5
1207	202.613281	203.416016	C#4	64	100	0	2
1208	202.613281	203.648438	E3	64	63	1	-4
1209	202.613281	203.839844	A2	64	99	1	-1
1210	203.550781	203.699219	A3	64	79	1	-4
1211	203.550781	203.835938	C#4	64	97	0	2
1212	203.550781	203.867188	E4	64	82	0	5
1213	204.019531	204.259766	F2	64	102	1	-5
1214	204.253906	204.458984	E2	64	70	1	-1
1215	204.488281	204.757812	A5	64	107	0	2
1216	204.488281	205.019531	D4	64	92	0	3
1217	204.488281	205.029297	F4	64	102	0	1
1218	204.488281	205.035156	A4	64	93	0	5
1219	204.488281	206.126953	D3	64	72	1	-1
1220	204.488281	206.246094	D2	64	95	1	-3
1221	204.957031	205.044922	D6	64	122	0	2
1222	204.957031	206.396484	A3	64	72	1	-4
1223	205.191406	205.283203	D6	64	99	0	2
1224	205.425781	205.767578	D6	64	127	0	2
1225	205.425781	205.951172	A4	64	95	0	5
1226	205.425781	206.001953	F4	64	102	0	1
1227	205.894531	206.208984	C6	64	117	0	5
1228	205.894531	206.455078	D4	64	85	0	3
1229	206.363281	206.513672	D6	64	127	0	2
1230	206.363281	206.916016	A4	64	99	0	5
1231	206.363281	206.931641	F4	64	102	0	1
1232	206.363281	207.421875	D3	64	62	1	-1
1233	206.363281	207.613281	D2	64	93	1	-3
1234	206.597656	206.767578	C6	64	122	0	5
1235	206.832031	207.232422	A5	64	112	0	2
1236	206.832031	207.421875	A3	64	52	1	-4
1237	207.300781	207.751953	A4	64	112	0	5
1238	207.300781	207.757812	F4	64	112	0	1
1239	207.769531	207.958984	D2	64	89	1	-3
1240	207.769531	208.244141	D4	64	85	0	3
1241	208.003906	208.216797	E2	64	78	1	-1
1242	208.238281	208.529297	C6	64	127	0	5
1243	208.238281	208.742188	A4	64	99	0	5
1244	208.238281	208.792969	F4	64	112	0	1
1245	208.238281	209.541016	F2	64	90	1	-5
1246	208.707031	209.089844	A5	64	127	0	2
1247	208.707031	209.267578	C4	64	86	0	1
1248	209.175781	209.341797	C3	64	53	1	-3
1249	209.175781	209.630859	F4	64	100	0	1
1250	209.175781	209.630859	A4	64	97	0	5
1251	209.644531	209.791016	A5	64	127	0	2
1252	209.644531	210.025391	F2	64	92	1	-5
1253	209.644531	210.099609	C4	64	86	0	1
1254	209.878906	210.007812	G5	64	93	0	5
1255	210.113281	210.876953	A5	64	122	0	2
1256	210.113281	210.677734	G4	64	93	0	3
1257	210.113281	210.683594	E4	64	93	0	5
1258	210.113281	211.277344	C3	64	67	1	-3
1259	210.113281	211.900391	C2	64	95	1	-5
1260	210.582031	211.587891	G5	64	117	0	5
1261	210.582031	211.031250	C4	64	41	0	1
1262	210.582031	211.171875	G3	64	39	1	-1
1263	211.050781	211.529297	G4	64	93	0	3
1264	211.050781	211.531250	E4	64	100	0	5
1265	211.519531	211.611328	C4	64	90	0	1
1266	211.988281	212.277344	G5	64	107	0	5
1267	211.988281	212.498047	A#3	64	96	1	-3
1268	211.988281	212.630859	D4	64	89	0	3
1269	211.988281	213.263672	G2	64	95	1	-3
1270	212.457031	212.548828	G5	64	99	0	5
1271	212.457031	212.990234	G3	64	77	1	-1
1272	212.457031	213.216797	D3	64	57	1	-1
1273	212.691406	212.802734	G5	64	86	0	5
1274	212.925781	213.228516	G5	64	97	0	5
1275	212.925781	213.375000	A#3	64	112	1	-3
1276	212.925781	213.396484	D4	64	95	0	3
1277	213.394531	213.593750	G5	64	107	0	5
1278	213.394531	213.824219	G2	64	99	1	-3
1279	213.394531	213.896484	D3	64	42	1	-1
1280	213.628906	213.865234	A5	64	100	0	2
1281	213.863281	214.326172	C6	64	127	0	5
1282	213.863281	214.416016	C4	64	100	0	1
1283	213.863281	214.496094	E4	64	97	0	5
1284	213.863281	215.017578	A2	64	112	1	-1
1285	214.332031	214.714844	C6	64	117	0	5
1286	214.332031	214.855469	A3	64	68	1	-4
1287	214.332031	214.933594	E3	64	50	1	-4
1288	214.800781	215.179688	F5	64	102	0	3
1289	214.800781	215.263672	C4	64	97	0	1
1290	214.800781	215.291016	E4	64	95	0	5
1291	215.269531	215.498047	G5	64	112	0	5
1292	215.269531	215.330078	A3	64	92	1	-4
1293	215.269531	215.539062	F2	64	99	1	-5
1294	215.503906	215.722656	F5	64	99	0	3
1295	215.503906	215.701172	E2	64	81	1	-1
1296	215.738281	217.515625	D5	64	117	0	5
1297	215.738281	216.203125	F4	64	97	0	1
1298	215.738281	216.363281	A4	64	93	0	5
1299	215.738281	217.423828	D3	64	71	1	-1
1300	215.738281	217.515625	D2	64	92	1	-3
1301	216.207031	216.654297	E4	64	72	0	5
1302	216.207031	216.773438	A3	64	52	1	-4
1303	216.675781	217.162109	F4	64	97	0	1
1304	216.675781	217.269531	A4	64	99	0	5
1305	216.910156	217.580078	A3	64	53	1	-4
1306	217.144531	217.398438	E4	64	90	0	5
1307	217.613281	218.062500	A4	64	95	0	5
1308	217.613281	218.066406	D4	64	102	0	3
1309	217.613281	218.470703	D2	64	86	1	-3
1310	217.613281	218.908203	D3	64	90	1	-1
1311	217.847656	217.859375	F4	64	20	0	1
1312	218.082031	218.613281	A3	64	64	1	-4
1313	218.550781	218.724609	E4	64	112	0	5
1314	218.550781	218.746094	E5	64	97	0	2
1315	218.550781	219.037109	F2	64	88	1	-5
1316	218.785156	218.925781	A3	64	97	1	-4
1317	219.019531	219.115234	F4	64	112	0	1
1318	219.019531	219.488281	E2	64	89	1	-1
1319	219.488281	219.833984	A5	64	100	0	2
1320	219.496094	219.955078	F4	64	80	0	1
1321	219.496094	219.998047	A4	64	82	0	5
1322	219.496094	220.005859	D4	64	83	0	3
1323	219.496094	220.011719	D3	64	87	1	-1
1324	219.496094	220.724609	D2	64	88	1	-3
1325	219.957031	220.060547	D6	64	127	0	2
1326	220.191406	220.291016	D6	64	97	0	2
1327	220.193359	220.570312	D3	64	80	1	-1
1328	220.425781	220.765625	D6	64	127	0	2
1329	220.441406	221.011719	F4	64	86	0	1
1330	220.441406	221.015625	D4	64	99	0	3
1331	220.441406	221.021484	A4	64	93	0	5
1332	220.662109	220.935547	A3	64	59	1	-4
1333	220.894531	221.216797	C6	64	127	0	5
1334	220.900391	220.994141	D3	64	57	1	-1
1335	221.113281	221.166016	D2	64	65	1	-3
1336	221.363281	222.074219	D6	64	127	0	2
1337	221.378906	221.748047	A4	64	73	0	5
1338	221.378906	221.751953	F4	64	74	0	1
1339	221.378906	221.765625	D3	64	80	1	-1
1340	221.378906	222.794922	D2	64	76	1	-3
1341	221.382812	221.738281	D4	64	69	0	3
1342	222.074219	222.515625	A4	64	95	0	5
1343	222.074219	222.519531	F4	64	89	0	1
1344	222.074219	222.531250	A3	64	97	1	-4
1345	222.074219	222.542969	D4	64	91	0	3
1346	222.542969	222.970703	D3	64	80	1	-1
1347	222.769531	223.093750	A5	64	97	0	2
1348	222.771484	222.898438	A4	64	86	0	5
1349	222.777344	222.904297	D4	64	80	0	3
1350	222.777344	222.925781	F4	64	75	0	1
1351	222.777344	222.949219	A3	64	88	1	-4
1352	222.980469	223.025391	D2	64	71	1	-3
1353	223.238281	223.542969	F6	64	112	0	5
1354	223.259766	223.710938	A#2	64	69	1	-5
1355	223.259766	223.732422	D4	64	76	0	3
1356	223.259766	223.746094	A#3	64	79	1	-3
1357	223.259766	223.748047	F4	64	78	0	1
1358	223.259766	223.759766	F3	64	80	1	-3
1359	223.259766	224.568359	A#1	64	71	1	-2
1360	223.707031	223.798828	F6	64	117	0	5
1361	223.941406	223.982422	F6	64	89	0	5
1362	223.994141	224.382812	A#2	64	71	1	-5
1363	224.175781	224.513672	D6	64	117	0	2
1364	224.228516	224.716797	A#3	64	102	1	-3
1365	224.232422	224.755859	F4	64	92	0	1
1366	224.234375	224.720703	D4	64	90	0	3
1367	224.410156	224.623047	C6	64	107	0	5
1368	224.447266	224.679688	F3	64	59	1	-3
1369	224.644531	224.869141	A5	64	96	0	2
1370	224.666016	224.896484	A#2	64	61	1	-5
1371	224.843750	224.894531	A#1	64	69	1	-2
1372	224.878906	225.080078	C6	64	117	0	5
1373	225.113281	226.072266	D6	64	122	0	2
1374	225.126953	225.595703	D3	64	85	1	-1
1375	225.126953	226.453125	D2	64	87	1	-3
1376	225.828125	226.185547	D3	64	67	1	-1
1377	226.072266	226.414062	F4	64	89	0	1
1378	226.074219	226.380859	A4	64	93	0	5
1379	226.078125	226.412109	D4	64	92	0	3
1380	226.308594	226.417969	A3	64	64	1	-4
1381	226.546875	226.599609	D3	64	80	1	-1
1382	226.988281	227.230469	A5	64	112	0	2
1383	227.005859	227.494141	F4	64	68	0	1
1384	227.005859	227.501953	F3	64	65	1	-3
1385	227.005859	227.501953	A#3	64	71	1	-3
1386	227.005859	227.501953	D4	64	72	0	3
1387	227.005859	227.544922	A#2	64	81	1	-5
1388	227.005859	228.238281	A#1	64	81	1	-2
1389	227.457031	227.542969	D6	64	117	0	2
1390	227.691406	227.771484	D6	64	97	0	2
1391	227.708984	228.023438	A#2	64	80	1	-5
1392	227.925781	228.177734	D6	64	127	0	2
1393	227.960938	228.375000	F4	64	92	0	1
1394	227.960938	228.400391	D4	64	88	0	3
1395	227.960938	228.404297	A#3	64	99	1	-3
1396	227.974609	228.380859	F3	64	87	1	-3
1397	228.181641	228.363281	A#2	64	67	1	-5
1398	228.394531	228.480469	C6	64	117	0	5
1399	228.433594	228.501953	A#1	64	56	1	-2
1400	228.628906	228.738281	C6	64	112	0	5
1401	228.636719	228.722656	A#2	64	56	1	-5
1402	228.654297	228.722656	A#1	64	46	1	-2
1403	228.863281	229.060547	D6	64	127	0	2
1404	228.882812	229.408203	F4	64	66	0	1
1405	228.882812	229.423828	A#3	64	77	1	-3
1406	228.888672	229.369141	A#2	64	69	1	-5
1407	228.890625	230.269531	A#1	64	59	1	-2
1408	228.894531	229.408203	D4	64	67	0	3
1409	229.332031	230.472656	D6	64	127	0	2
1410	229.560547	229.929688	A#2	64	85	1	-5
1411	229.810547	230.171875	D4	64	88	0	3
1412	229.810547	230.179688	A#3	64	99	1	-3
1413	229.810547	230.205078	F4	64	87	0	1
1414	230.027344	230.156250	F3	64	75	1	-3
1415	230.269531	230.507812	A#2	64	74	1	-5
1416	230.462891	230.703125	A#1	64	54	1	-2
1417	230.738281	231.097656	D6	64	127	0	2
1418	230.742188	231.226562	G2	64	64	1	-3
1419	230.742188	231.441406	G4	64	83	0	3
1420	230.744141	231.312500	A#3	64	76	1	-3
1421	230.744141	231.347656	G3	64	88	1	-1
1422	230.748047	231.255859	D4	64	76	0	3
1423	230.759766	232.000000	G1	64	85	1	-5
1424	231.207031	231.824219	D6	64	117	0	2
1425	231.451172	231.777344	G2	64	90	1	-3
1426	231.687500	232.080078	G3	64	106	1	-1
1427	231.687500	232.156250	G4	64	99	0	3
1428	231.687500	232.171875	D4	64	90	0	3
1429	231.689453	232.171875	A#3	64	95	1	-3
1430	231.912109	232.335938	G2	64	72	1	-3
1431	232.144531	232.464844	G5	64	107	0	5
1432	232.150391	232.341797	G1	64	84	1	-5
1433	232.613281	233.906250	A5	64	122	0	2
1434	232.623047	233.087891	A2	64	79	1	-1
1435	232.628906	233.152344	A4	64	84	0	5
1436	232.628906	233.830078	A1	64	85	1	-3
1437	232.630859	233.164062	A3	64	83	1	-4
1438	232.630859	233.169922	C4	64	72	0	1
1439	232.634766	233.162109	E4	64	68	0	5
1440	233.322266	233.621094	A2	64	80	1	-1
1441	233.568359	234.027344	C4	64	99	0	1
1442	233.568359	234.062500	A4	64	100	0	5
1443	233.572266	234.005859	A3	64	97	1	-4
1444	233.572266	234.056641	E4	64	85	0	5
1445	233.785156	234.287109	A2	64	87	1	-1
1446	234.027344	234.277344	A1	64	81	1	-3
1447	234.255859	234.300781	D2	64	72	1	-3
1448	234.488281	234.773438	A5	64	102	0	2
1449	234.490234	234.933594	D3	64	72	1	-1
1450	234.496094	235.861328	D2	64	71	1	-3
1451	234.500000	235.037109	F4	64	87	0	1
1452	234.507812	235.056641	A3	64	94	1	-4
1453	234.507812	235.056641	A4	64	92	0	5
1454	234.509766	235.072266	D4	64	84	0	3
1455	234.957031	235.046875	D6	64	127	0	2
1456	235.191406	235.291016	D6	64	99	0	2
1457	235.224609	235.650391	D3	64	84	1	-1
1458	235.425781	235.738281	D6	64	127	0	2
1459	235.462891	235.974609	F4	64	96	0	1
1460	235.462891	235.980469	A4	64	96	0	5
1461	235.466797	236.005859	D4	64	97	0	3
1462	235.679688	235.962891	A3	64	67	1	-4
1463	235.894531	236.197266	C6	64	127	0	5
1464	235.929688	236.210938	D3	64	81	1	-1
1465	236.130859	236.185547	D2	64	75	1	-3
1466	236.363281	236.558594	D6	64	127	0	2
1467	236.384766	236.734375	D3	64	85	1	-1
1468	236.384766	236.808594	F4	64	93	0	1
1469	236.384766	236.820312	A4	64	93	0	5
1470	236.384766	236.826172	D4	64	94	0	3
1471	236.384766	237.771484	D2	64	80	1	-3
1472	236.400391	236.865234	A3	64	83	1	-4
1473	236.597656	236.763672	C6	64	102	0	5
1474	236.832031	237.650391	A5	64	99	0	2
1475	236.912109	237.451172	D3	64	79	1	-1
1476	237.332031	237.824219	F4	64	96	0	1
1477	237.332031	237.845703	D4	64	104	0	3
1478	237.332031	237.855469	A4	64	102	0	5
1479	237.542969	237.855469	A3	64	76	1	-4
1480	237.767578	238.060547	D3	64	71	1	-1
1481	237.769531	238.091797	A5	64	107	0	2
1482	237.968750	238.263672	D2	64	68	1	-3
1483	238.226562	238.828125	A4	64	92	0	5
1484	238.226562	238.853516	C4	64	87	0	1
1485	238.230469	238.818359	F4	64	83	0	1
1486	238.230469	238.853516	A3	64	90	1	-4
1487	238.230469	239.644531	F2	64	83	1	-5
1488	238.238281	238.652344	C6	64	117	0	5
1489	238.707031	239.431641	A5	64	107	0	2
1490	238.916016	239.285156	F3	64	67	1	-3
1491	239.173828	239.486328	A4	64	100	0	5
1492	239.173828	239.509766	F4	64	95	0	1
1493	239.173828	239.531250	C4	64	102	0	1
1494	239.388672	239.527344	A3	64	59	1	-4
1495	239.626953	239.794922	F3	64	67	1	-3
1496	239.644531	239.855469	A5	64	102	0	2
1497	239.851562	239.902344	F2	64	72	1	-5
1498	239.878906	240.109375	G5	64	97	0	5
1499	240.113281	241.322266	F5	64	107	0	3
1500	240.115234	240.605469	A#3	64	85	1	-3
1501	240.117188	240.560547	F4	64	78	0	1
1502	240.117188	240.613281	F3	64	84	1	-3
1503	240.123047	240.607422	A#2	64	79	1	-5
1504	240.125000	241.492188	A#1	64	84	1	-2
1505	240.128906	240.603516	D4	64	75	0	3
1506	240.849609	241.244141	A#2	64	92	1	-5
1507	241.062500	241.472656	F4	64	95	0	1
1508	241.068359	241.494141	A#3	64	100	1	-3
1509	241.070312	241.453125	D4	64	90	0	3
1510	241.285156	241.466797	F3	64	81	1	-3
1511	241.519531	241.626953	D5	64	107	0	5
1512	241.541016	241.779297	A#2	64	79	1	-5
1513	241.753906	241.919922	D5	64	92	0	5
1514	241.763672	241.826172	A#1	64	72	1	-2
1515	241.988281	242.451172	G5	64	127	0	5
1516	242.011719	242.480469	G2	64	75	1	-3
1517	242.011719	242.480469	G4	64	90	0	3
1518	242.011719	242.544922	G3	64	95	1	-1
1519	242.011719	242.560547	A#3	64	84	1	-3
1520	242.015625	242.527344	D4	64	79	0	3
1521	242.023438	243.480469	G1	64	79	1	-5
1522	242.685547	243.070312	G2	64	72	1	-3
1523	242.691406	242.886719	A5	64	112	0	2
1524	242.925781	243.392578	G5	64	127	0	5
1525	242.931641	243.425781	G4	64	100	0	3
1526	242.931641	243.486328	A#3	64	104	1	-3
1527	242.935547	243.451172	D4	64	92	0	3
1528	243.152344	243.468750	G3	64	85	1	-1
1529	243.394531	243.759766	A5	64	117	0	2
1530	243.429688	243.535156	G2	64	79	1	-3
1531	243.863281	244.240234	C6	64	122	0	5
1532	243.886719	244.292969	E4	64	84	0	5
1533	243.886719	244.298828	C4	64	87	0	1
1534	243.890625	244.326172	G3	64	87	1	-1
1535	243.896484	245.111328	C2	64	89	1	-5
1536	244.332031	244.714844	A5	64	112	0	2
1537	244.515625	244.943359	C3	64	79	1	-3
1538	244.787109	245.218750	E4	64	104	0	5
1539	244.796875	245.220703	C4	64	102	0	1
1540	245.019531	245.156250	G3	64	63	1	-1
1541	245.269531	245.654297	A5	64	112	0	2
1542	245.277344	245.609375	C3	64	76	1	-3
1543	245.498047	245.734375	C2	64	55	1	-5
1544	245.738281	246.042969	C6	64	117	0	5
1545	245.746094	246.341797	A4	64	92	0	5
1546	245.746094	246.357422	E4	64	79	0	5
1547	245.750000	246.371094	C4	64	84	0	1
1548	245.750000	246.394531	A3	64	87	1	-4
1549	245.753906	246.291016	A2	64	85	1	-1
1550	246.207031	246.296875	C6	64	112	0	5
1551	246.441406	246.878906	C6	64	122	0	5
1552	246.449219	246.888672	A2	64	95	1	-1
1553	246.691406	247.150391	A4	64	104	0	5
1554	246.691406	247.205078	C4	64	104	0	1
1555	246.697266	247.173828	E4	64	94	0	5
1556	246.904297	247.197266	A3	64	71	1	-4
1557	247.138672	247.650391	A2	64	97	1	-1
1558	247.144531	247.285156	A5	64	100	0	2
1559	247.378906	247.585938	C6	64	112	0	5
1560	247.613281	249.402344	D6	64	122	0	2
1561	247.613281	247.736328	D2	64	78	1	-3
1562	247.613281	247.812500	A4	64	78	0	5
1563	247.613281	248.070312	F4	64	107	0	1
1564	247.613281	248.365234	D4	64	100	0	3
1565	247.613281	249.353516	D3	64	72	1	-1
1566	247.847656	248.240234	D2	64	90	1	-3
1567	248.082031	248.630859	A3	64	86	1	-4
1568	248.550781	248.921875	D2	64	96	1	-3
1569	248.550781	248.978516	E4	64	122	0	5
1570	248.785156	249.429688	A3	64	97	1	-4
1571	249.019531	249.205078	E2	64	83	1	-1
1572	249.019531	249.300781	F4	64	112	0	1
1573	249.253906	249.480469	F2	64	78	1	-5
1574	249.253906	249.482422	E4	64	97	0	5
1575	249.488281	249.833984	A5	64	100	0	2
1576	249.488281	249.906250	D4	64	100	0	3
1577	249.488281	249.914062	F4	64	102	0	1
1578	249.488281	249.925781	A4	64	100	0	5
1579	249.488281	251.015625	D2	64	100	1	-3
1580	249.488281	251.230469	D3	64	89	1	-1
1581	249.957031	250.060547	D6	64	127	0	2
1582	249.957031	250.636719	A3	64	67	1	-4
1583	250.191406	250.291016	D6	64	97	0	2
1584	250.425781	250.765625	D6	64	127	0	2
1585	250.425781	250.941406	F5	64	127	0	3
1586	250.425781	250.945312	D5	64	122	0	5
1587	250.425781	250.949219	A4	64	100	0	5
1588	250.894531	251.216797	C6	64	127	0	5
1589	250.894531	251.400391	A3	64	82	1	-4
1590	251.128906	251.238281	D2	64	86	1	-3
1591	251.363281	252.074219	D6	64	127	0	2
1592	251.363281	251.533203	F5	64	100	0	3
1593	251.363281	251.564453	D5	64	107	0	5
1594	251.363281	251.603516	A4	64	95	0	5
1595	251.363281	252.398438	D3	64	79	1	-1
1596	251.597656	251.695312	D2	64	72	1	-3
1597	251.832031	252.281250	A3	64	69	1	-4
1598	251.832031	252.628906	D2	64	97	1	-3
1599	252.300781	252.562500	A4	64	122	0	5
1600	252.300781	252.564453	F4	64	122	0	1
1601	252.300781	252.640625	D4	64	102	0	3
1602	252.769531	253.093750	A5	64	97	0	2
1603	252.769531	252.968750	D2	64	100	1	-3
1604	252.769531	253.207031	C3	64	90	1	-3
1605	253.003906	253.148438	C2	64	72	1	-5
1606	253.238281	253.542969	F6	64	112	0	5
1607	253.238281	253.765625	F4	64	96	0	1
1608	253.238281	253.990234	D4	64	99	0	3
1609	253.238281	254.009766	A#3	64	127	1	-3
1610	253.238281	254.421875	A#2	64	52	1	-5
1611	253.238281	254.451172	A#1	64	102	1	-2
1612	253.707031	253.798828	F6	64	117	0	5
1613	253.941406	253.982422	F6	64	89	0	5
1614	254.175781	254.513672	D6	64	117	0	2
1615	254.175781	254.505859	A#3	64	127	1	-3
1616	254.175781	254.521484	D4	64	100	0	3
1617	254.175781	254.576172	F4	64	90	0	1
1618	254.410156	254.623047	C6	64	107	0	5
1619	254.644531	254.869141	A5	64	96	0	2
1620	254.644531	254.826172	A#1	64	102	1	-2
1621	254.644531	255.097656	A#2	64	85	1	-5
1622	254.878906	255.080078	C6	64	117	0	5
1623	254.878906	255.054688	C2	64	68	1	-5
1624	255.113281	256.753906	D6	64	122	0	2
1625	255.113281	255.882812	A4	64	107	0	5
1626	255.113281	255.890625	D4	64	100	0	3
1627	255.113281	255.890625	F4	64	107	0	1
1628	255.113281	256.146484	D3	64	63	1	-1
1629	255.113281	256.371094	D2	64	88	1	-3
1630	256.050781	256.378906	A4	64	127	0	5
1631	256.050781	256.392578	F4	64	127	0	1
1632	256.285156	256.507812	D3	64	107	1	-1
1633	256.519531	256.714844	D2	64	82	1	-3
1634	256.519531	256.943359	C3	64	95	1	-3
1635	256.753906	256.923828	C2	64	86	1	-5
1636	256.988281	257.230469	A5	64	112	0	2
1637	256.988281	257.541016	F4	64	83	0	1
1638	256.988281	257.744141	D4	64	93	0	3
1639	256.988281	257.771484	A#3	64	117	1	-3
1640	256.988281	258.539062	A#1	64	100	1	-2
1641	256.988281	260.042969	A#2	64	99	1	-5
1642	257.457031	257.542969	D6	64	117	0	2
1643	257.691406	257.771484	D6	64	97	0	2
1644	257.925781	258.177734	D6	64	127	0	2
1645	257.925781	258.343750	F4	64	92	0	1
1646	257.925781	258.683594	A#3	64	122	1	-3
1647	257.925781	258.693359	D4	64	96	0	3
1648	258.394531	258.480469	C6	64	117	0	5
1649	258.628906	258.738281	C6	64	112	0	5
1650	258.628906	258.734375	A#1	64	81	1	-2
1651	258.863281	259.060547	D6	64	127	0	2
1652	258.863281	259.228516	A#1	64	89	1	-2
1653	258.863281	259.361328	F4	64	93	0	1
1654	258.863281	259.625000	D4	64	102	0	3
1655	258.863281	259.634766	A#3	64	127	1	-3
1656	259.332031	260.472656	D6	64	127	0	2
1657	259.332031	260.105469	A#1	64	95	1	-2
1658	259.800781	260.289062	F4	64	93	0	1
1659	259.800781	260.521484	D4	64	102	0	3
1660	259.800781	260.576172	A#3	64	127	1	-3
1661	260.269531	260.601562	A#1	64	95	1	-2
1662	260.269531	260.730469	A#2	64	99	1	-5
1663	260.738281	261.097656	D6	64	127	0	2
1664	260.738281	261.333984	D4	64	93	0	3
1665	260.738281	261.345703	G3	64	117	1	-1
1666	260.738281	261.500000	A#3	64	117	1	-3
1667	260.738281	262.259766	G2	64	100	1	-3
1668	261.207031	261.482422	D6	64	117	0	2
1669	261.207031	261.818359	D3	64	44	1	-1
1670	261.675781	262.007812	D6	64	127	0	2
1671	261.675781	262.132812	A#3	64	127	1	-3
1672	261.675781	262.156250	D4	64	100	0	3
1673	261.675781	262.171875	G3	64	102	1	-1
1674	262.144531	262.464844	G5	64	107	0	5
1675	262.144531	262.640625	D3	64	71	1	-1
1676	262.378906	262.628906	G2	64	93	1	-3
1677	262.613281	263.906250	A5	64	122	0	2
1678	262.613281	262.904297	A2	64	89	1	-1
1679	262.613281	263.406250	A3	64	107	1	-4
1680	262.613281	263.441406	E4	64	100	0	5
1681	262.613281	263.445312	C4	64	100	0	1
1682	263.082031	263.761719	E3	64	45	1	-4
1683	263.082031	263.826172	A2	64	100	1	-1
1684	263.550781	264.041016	A3	64	97	1	-4
1685	263.550781	264.050781	C4	64	107	0	1
1686	263.550781	264.072266	E4	64	96	0	5
1687	264.019531	264.150391	E3	64	63	1	-4
1688	264.019531	264.248047	F2	64	96	1	-5
1689	264.253906	264.449219	E2	64	70	1	-1
1690	264.488281	264.773438	A5	64	102	0	2
1691	264.488281	264.953125	F4	64	99	0	1
1692	264.488281	265.001953	A4	64	97	0	5
1693	264.488281	265.218750	D4	64	99	0	3
1694	264.488281	266.015625	D2	64	78	1	-3
1695	264.488281	266.251953	D3	64	78	1	-1
1696	264.957031	265.046875	D6	64	127	0	2
1697	264.957031	265.574219	A3	64	70	1	-4
1698	265.191406	265.291016	D6	64	99	0	2
1699	265.425781	265.738281	D6	64	127	0	2
1700	265.425781	265.947266	A4	64	102	0	5
1701	265.425781	266.000000	F4	64	107	0	1
1702	265.894531	266.197266	C6	64	127	0	5
1703	265.894531	266.392578	A3	64	53	1	-4
1704	266.128906	266.251953	D2	64	77	1	-3
1705	266.363281	266.558594	D6	64	127	0	2
1706	266.363281	266.638672	D2	64	86	1	-3
1707	266.363281	266.996094	D4	64	93	0	3
1708	266.363281	267.150391	A4	64	83	0	5
1709	266.363281	267.167969	F4	64	95	0	1
1710	266.363281	267.634766	D3	64	73	1	-1
1711	266.597656	266.763672	C6	64	102	0	5
1712	266.832031	267.650391	A5	64	99	0	2
1713	266.832031	267.371094	A3	64	73	1	-4
1714	266.832031	267.607422	D2	64	89	1	-3
1715	267.300781	267.763672	D4	64	90	0	3
1716	267.300781	267.802734	A4	64	97	0	5
1717	267.300781	267.818359	F4	64	112	0	1
1718	267.535156	267.638672	A3	64	83	1	-4
1719	267.769531	268.091797	A5	64	107	0	2
1720	267.769531	267.949219	D2	64	97	1	-3
1721	267.769531	268.117188	E4	64	112	0	5
1722	268.003906	268.234375	C2	64	77	1	-5
1723	268.238281	268.652344	C6	64	117	0	5
1724	268.238281	268.876953	A4	64	99	0	5
1725	268.238281	268.904297	C4	64	100	0	1
1726	268.238281	268.908203	F4	64	107	0	1
1727	268.238281	269.367188	F2	64	93	1	-5
1728	268.707031	269.431641	A5	64	107	0	2
1729	269.175781	269.531250	A4	64	97	0	5
1730	269.175781	269.550781	F4	64	100	0	1
1731	269.175781	269.615234	C4	64	95	0	1
1732	269.644531	269.855469	A5	64	102	0	2
1733	269.878906	270.109375	G5	64	97	0	5
1734	269.878906	270.027344	F2	64	93	1	-5
1735	270.113281	271.322266	F5	64	107	0	3
1736	270.113281	270.306641	A#1	64	95	1	-2
1737	270.113281	270.716797	F4	64	88	0	1
1738	270.113281	270.794922	D4	64	96	0	3
1739	270.113281	270.841797	A#3	64	122	1	-3
1740	270.113281	271.214844	A#2	64	83	1	-5
1741	270.582031	271.095703	D3	64	34	1	-1
1742	270.582031	271.351562	A#1	64	97	1	-2
1743	271.050781	271.367188	F4	64	89	0	1
1744	271.050781	271.576172	D4	64	99	0	3
1745	271.050781	271.585938	A#3	64	122	1	-3
1746	271.519531	271.626953	D5	64	107	0	5
1747	271.519531	271.810547	A#1	64	97	1	-2
1748	271.519531	271.947266	A2	64	86	1	-1
1749	271.753906	271.919922	D5	64	92	0	5
1750	271.988281	272.451172	G5	64	127	0	5
1751	271.988281	272.728516	D4	64	89	0	3
1752	271.988281	272.742188	G3	64	97	1	-1
1753	271.988281	272.753906	A#3	64	117	1	-3
1754	271.988281	273.009766	G2	64	75	1	-3
1755	272.457031	272.990234	D3	64	36	1	-1
1756	272.691406	272.886719	A5	64	112	0	2
1757	272.925781	273.392578	G5	64	127	0	5
1758	272.925781	273.080078	G3	64	96	1	-1
1759	272.925781	273.097656	A#3	64	122	1	-3
1760	272.925781	273.132812	D4	64	96	0	3
1761	273.394531	273.759766	A5	64	117	0	2
1762	273.628906	273.773438	G2	64	92	1	-3
1763	273.863281	274.240234	C6	64	122	0	5
1764	273.863281	274.238281	C2	64	89	1	-5
1765	273.863281	274.591797	C4	64	107	0	1
1766	273.863281	274.599609	G4	64	99	0	3
1767	273.863281	274.605469	E4	64	112	0	5
1768	273.863281	275.085938	C3	64	69	1	-3
1769	274.332031	274.714844	A5	64	112	0	2
1770	274.332031	274.986328	G3	64	37	1	-1
1771	274.332031	275.384766	C2	64	89	1	-5
1772	274.800781	275.267578	G4	64	99	0	3
1773	274.800781	275.275391	E4	64	99	0	5
1774	274.800781	275.339844	C4	64	99	0	1
1775	275.269531	275.654297	A5	64	112	0	2
1776	275.503906	275.699219	C2	64	82	1	-5
1777	275.738281	276.476562	C6	64	122	0	5
1778	275.738281	276.269531	G4	64	74	0	3
1779	275.738281	276.279297	E4	64	85	0	5
1780	275.738281	276.306641	C4	64	96	0	1
1781	275.738281	276.308594	A3	64	92	1	-4
1782	275.738281	277.056641	A2	64	71	1	-1
1783	276.207031	276.806641	E3	64	45	1	-4
1784	276.675781	277.103516	A5	64	122	0	2
1785	276.675781	276.943359	A3	64	99	1	-4
1786	276.675781	276.970703	C4	64	122	0	1
1787	276.675781	276.978516	E4	64	99	0	5
1788	276.675781	277.015625	G4	64	89	0	3
1789	277.144531	277.501953	C6	64	127	0	5
1790	277.144531	277.234375	E3	64	69	1	-4
1791	277.144531	277.478516	A2	64	93	1	-1
1792	277.613281	279.234375	D6	64	127	0	2
1793	277.613281	277.636719	A4	64	78	0	5
1794	277.613281	278.070312	F4	64	107	0	1
1795	277.613281	278.365234	D4	64	100	0	3
1796	277.613281	278.853516	D2	64	96	1	-3
1797	277.613281	279.353516	D3	64	72	1	-1
1798	278.082031	278.630859	A3	64	86	1	-4
1799	278.550781	278.978516	E4	64	122	0	5
1800	278.785156	279.429688	A3	64	97	1	-4
1801	279.019531	279.216797	D2	64	97	1	-3
1802	279.019531	279.300781	F4	64	112	0	1
1803	279.253906	279.466797	F2	64	68	1	-5
1804	279.253906	279.482422	E4	64	97	0	5
1805	279.488281	279.804688	G5	64	112	0	5
1806	279.488281	280.246094	D4	64	83	0	3
1807	279.488281	280.255859	G3	64	83	1	-1
1808	279.488281	280.292969	A#3	64	93	1	-3
1809	279.488281	280.425781	G2	64	70	1	-3
1810	279.957031	280.052734	G5	64	95	0	5
1811	279.957031	280.910156	D3	64	35	1	-1
1812	280.191406	280.291016	G5	64	95	0	5
1813	280.425781	280.833984	G5	64	102	0	5
1814	280.425781	280.857422	A#3	64	92	1	-3
1815	280.425781	280.878906	D4	64	77	0	3
1816	280.425781	280.910156	G3	64	86	1	-1
1817	280.894531	281.283203	A5	64	122	0	2
1818	280.894531	281.332031	G2	64	99	1	-3
1819	281.363281	281.701172	C6	64	127	0	5
1820	281.363281	281.390625	G3	64	47	1	-1
1821	281.363281	282.605469	C2	64	102	1	-5
1822	281.363281	282.736328	C4	64	88	0	1
1823	281.363281	282.742188	C3	64	48	1	-3
1824	281.363281	282.761719	E4	64	78	0	5
1825	281.832031	282.726562	C6	64	127	0	5
1826	282.769531	283.015625	F5	64	122	0	3
1827	282.769531	283.193359	C2	64	86	1	-5
1828	283.003906	283.207031	G5	64	88	0	5
1829	283.238281	285.525391	D5	64	102	0	5
1830	283.238281	283.712891	F4	64	74	0	1
1831	283.238281	283.880859	A4	64	74	0	5
1832	283.238281	284.103516	D4	64	83	0	3
1833	283.238281	286.050781	D2	64	95	1	-3
1834	283.238281	286.988281	D3	64	69	1	-1
1835	283.707031	284.361328	A3	64	55	1	-4
1836	284.175781	284.998047	E4	64	99	0	5
1837	284.644531	286.988281	A3	64	50	1	-4
1838	285.113281	286.988281	D4	64	78	0	3
1839	285.113281	286.988281	E4	64	67	0	5
1840	285.113281	286.988281	F4	64	71	0	1
1841	285.113281	286.988281	A4	64	74	0	5
1842	286.988281	287.263672	G5	64	107	0	5
1843	287.001953	288.314453	G2	64	63	1	-3
1844	287.009766	287.835938	A#3	64	93	1	-3
1845	287.011719	287.958984	G3	64	82	1	-1
1846	287.013672	287.822266	D4	64	79	0	3
1847	287.457031	287.560547	G5	64	97	0	5
1848	287.458984	288.355469	D3	64	50	1	-1
1849	287.691406	287.769531	G5	64	85	0	5
1850	287.925781	288.226562	G5	64	96	0	5
1851	287.937500	288.332031	A#3	64	102	1	-3
1852	287.941406	288.365234	D4	64	85	0	3
1853	288.394531	288.732422	A5	64	117	0	2
1854	288.822266	290.791016	E4	64	85	0	5
1855	288.824219	290.287109	C3	64	68	1	-3
1856	288.826172	290.437500	C4	64	89	0	1
1857	288.828125	290.365234	G4	64	78	0	3
1858	288.863281	289.238281	C6	64	127	0	5
1859	289.285156	290.205078	G3	64	41	1	-1
1860	289.332031	290.181641	C6	64	127	0	5
1861	290.318359	291.037109	F5	64	96	0	3
1862	290.687500	295.304688	D2	64	74	1	-3
1863	291.011719	291.679688	G5	64	96	0	5
1864	291.177734	297.718750	A2	64	43	1	-1
1865	291.638672	292.527344	F5	64	96	0	3
1866	291.681641	295.359375	D3	64	72	1	-1
1867	292.167969	292.699219	E3	64	67	1	-4
1868	292.529297	296.140625	D5	64	95	0	5
1869	292.652344	293.144531	F3	64	68	1	-3
1870	293.160156	293.242188	A3	64	77	1	-4
1871	293.732422	294.300781	E4	64	89	0	5
1872	294.359375	294.429688	F4	64	73	0	1
1873	295.482422	297.734375	D2	64	40	1	-3
1874	295.509766	297.750000	D4	64	42	0	3
1875	295.531250	297.687500	D3	64	35	1	-1
1876	295.562500	297.738281	F4	64	39	0	1
1877	295.654297	297.744141	A4	64	37	0	5
1878	295.751953	297.730469	D5	64	43	0	5
