//Version: PianoFingering_v170101
0	0.426470	0.694851	E4	64	100	0	5
1	0.426470	3.735286	E2	64	93	1	-1
2	0.426470	3.847418	E3	64	105	1	-4
3	0.647057	1.137865	B3	64	84	1	-2
4	0.867645	0.977939	E4	64	108	0	5
5	1.088233	1.363968	E4	64	92	0	5
6	1.308821	1.573526	B3	64	71	1	-2
7	1.529408	1.759187	E4	64	78	0	5
8	1.749996	2.261024	B3	64	82	1	-2
9	1.970584	2.091907	E4	64	94	0	5
10	2.191172	2.608450	F#4	64	116	0	2
11	2.411759	2.931979	B3	64	78	1	-2
12	2.632347	2.748156	E4	64	82	0	5
13	2.852935	3.121317	F#4	64	109	0	2
14	3.073523	3.158081	B3	64	67	1	-2
15	3.294110	3.869477	B3	64	73	1	-2
16	3.514698	3.759183	E4	64	102	0	5
17	3.735286	3.849256	F#4	64	109	0	2
18	3.955874	4.257344	G4	64	102	0	3
19	3.955874	5.599252	E3	64	100	1	-4
20	3.955874	7.264690	E2	64	93	1	-1
21	4.176461	4.680137	B3	64	45	1	-2
22	4.397049	4.477931	E4	64	76	0	5
23	4.617637	5.029401	E4	64	94	0	5
24	4.617637	5.147048	G4	64	100	0	3
25	5.058812	5.674620	B3	64	84	1	-2
26	5.279400	5.529400	E4	64	105	0	5
27	5.499988	5.637855	G4	64	97	0	3
28	5.720576	6.178295	F#4	64	112	0	2
29	5.941163	6.420942	B3	64	66	1	-2
30	6.161751	6.272045	D4	64	82	0	3
31	6.382339	7.067999	F#4	64	116	0	2
32	6.823514	7.433807	B3	64	80	1	-2
33	7.044102	7.191161	D4	64	71	0	3
34	7.264690	7.444837	F#4	64	93	0	2
35	7.485278	7.498145	E3	64	105	1	-4
36	7.485278	7.753659	E4	64	100	0	5
37	7.485278	10.794094	E2	64	93	1	-1
38	7.705865	8.196673	B3	64	84	1	-2
39	7.926453	8.036747	E4	64	108	0	5
40	8.147041	8.422776	E4	64	92	0	5
41	8.367629	8.632334	B3	64	71	1	-2
42	8.588216	8.817995	E4	64	78	0	5
43	8.808804	9.319832	B3	64	82	1	-2
44	9.029392	9.150715	E4	64	94	0	5
45	9.249980	9.667258	F#4	64	116	0	2
46	9.470567	9.990787	B3	64	78	1	-2
47	9.691155	9.806964	E4	64	82	0	5
48	9.911743	10.180125	F#4	64	109	0	2
49	10.132331	10.216889	B3	64	67	1	-2
50	10.352918	10.928285	B3	64	73	1	-2
51	10.573506	10.817991	E4	64	102	0	5
52	10.794094	10.908064	F#4	64	109	0	2
53	11.014682	11.316152	G4	64	102	0	3
54	11.014682	12.658060	E3	64	100	1	-4
55	11.014682	14.323498	E2	64	93	1	-1
56	11.235269	11.738945	B3	64	45	1	-2
57	11.455857	11.536739	E4	64	76	0	5
58	11.676445	12.088209	E4	64	94	0	5
59	11.676445	12.205856	G4	64	100	0	3
60	12.117620	12.733428	B3	64	84	1	-2
61	12.338208	12.588208	E4	64	105	0	5
62	12.558796	12.696663	G4	64	97	0	3
63	12.779384	13.237103	F#4	64	112	0	2
64	12.999971	13.479750	B3	64	66	1	-2
65	13.220559	13.330853	D4	64	82	0	3
66	13.441147	14.126807	F#4	64	116	0	2
67	13.882322	14.492615	B3	64	80	1	-2
68	14.102910	14.249969	D4	64	71	0	3
69	14.323498	14.481586	B4	64	120	0	2
70	14.323498	14.503645	F#4	64	93	0	2
71	14.544086	14.893350	E5	64	117	0	2
72	14.544086	14.556953	E3	64	97	1	-4
73	14.544086	14.683791	B3	64	92	1	-2
74	14.544086	14.858423	G4	64	89	0	3
75	14.544086	16.169082	E2	64	97	1	-1
76	14.764673	15.073496	B3	64	84	1	-2
77	14.985261	15.257319	E5	64	114	0	2
78	14.985261	15.124967	E4	64	76	0	5
79	15.205849	15.507319	G4	64	108	0	3
80	15.426437	15.727907	E5	64	111	0	2
81	15.867612	16.088200	E5	64	108	0	2
82	16.088200	16.308788	E5	64	108	0	2
83	16.088200	16.373126	B3	64	84	1	-2
84	16.308788	16.428273	D5	64	111	0	5
85	16.308788	16.626802	G4	64	100	0	3
86	16.308788	17.498123	E2	64	111	1	-1
87	16.308788	17.498123	E3	64	111	1	-4
88	16.529375	16.637831	E5	64	111	0	2
89	16.529375	16.863933	B3	64	84	1	-2
90	16.749963	16.898860	F#5	64	116	0	4
91	16.749963	16.851066	E4	64	92	0	5
92	16.970551	17.485256	E5	64	114	0	2
93	16.970551	17.476064	G4	64	108	0	3
94	17.411726	17.656211	E4	64	114	0	5
95	17.632314	17.781211	E5	64	112	0	2
96	17.632314	17.764667	B3	64	100	1	-2
97	17.852902	17.977902	E5	64	108	0	2
98	18.073490	18.229739	D5	64	102	0	5
99	18.073490	18.310621	G3	64	82	1	-1
100	18.073490	18.393342	D4	64	87	0	3
101	18.073490	19.731574	G1	64	102	1	-5
102	18.073490	19.731574	G2	64	102	1	-3
103	18.294077	18.389665	B4	64	100	0	2
104	18.294077	18.827164	D3	64	64	1	-1
105	18.514665	18.610253	B4	64	100	0	2
106	18.514665	18.670915	G3	64	87	1	-1
107	18.735253	18.843709	B4	64	102	0	2
108	18.735253	19.216869	G4	64	117	0	3
109	18.955841	19.073487	B4	64	102	0	2
110	18.955841	19.746280	D3	64	57	1	-1
111	19.176428	19.297752	B4	64	100	0	2
112	19.176428	19.477898	D4	64	84	0	3
113	19.397016	19.527531	A4	64	94	0	5
114	19.397016	19.705839	G3	64	60	1	-1
115	19.617604	21.005468	B4	64	105	0	2
116	19.617604	20.404367	D4	64	84	0	3
117	19.838192	20.091868	G3	64	9	1	-1
118	19.838192	21.058777	G1	64	94	1	-5
119	19.838192	21.058777	G2	64	94	1	-3
120	20.058779	20.601058	D3	64	52	1	-1
121	20.279367	20.387823	G3	64	57	1	-1
122	20.499955	20.799587	G3	64	97	1	-1
123	20.499955	20.832675	D4	64	92	0	3
124	20.499955	21.034880	G4	64	100	0	3
125	20.720543	21.073483	D3	64	69	1	-1
126	20.941130	21.213189	G3	64	92	1	-1
127	21.161718	21.284880	D4	64	80	0	3
128	21.382306	21.538556	E4	64	105	0	5
129	21.602894	21.908040	E5	64	111	0	2
130	21.602894	21.768334	B3	64	89	1	-2
131	21.602894	21.874952	E4	64	89	0	5
132	21.602894	23.240758	E2	64	97	1	-1
133	21.602894	23.240758	E3	64	97	1	-4
134	21.823481	22.123113	B3	64	87	1	-2
135	22.044069	22.303260	E5	64	111	0	2
136	22.044069	22.362083	E4	64	80	0	5
137	22.264657	22.737082	G4	64	102	0	3
138	22.485245	22.814288	E5	64	105	0	2
139	22.705832	23.020170	E4	64	97	0	5
140	22.926420	23.064287	E5	64	108	0	2
141	22.926420	23.198478	B3	64	78	1	-2
142	23.147008	23.312449	E5	64	100	0	2
143	23.147008	23.858403	G4	64	100	0	3
144	23.367596	23.490757	D5	64	111	0	5
145	23.367596	24.772004	E2	64	102	1	-1
146	23.367596	24.772004	E3	64	102	1	-4
147	23.588183	23.702154	E5	64	111	0	2
148	23.588183	23.869433	B3	64	78	1	-2
149	23.808771	23.981565	F#5	64	112	0	4
150	23.808771	24.117594	E4	64	76	0	5
151	24.029359	24.457667	E5	64	117	0	2
152	24.029359	24.152520	B3	64	67	1	-2
153	24.249947	24.411711	B3	64	102	1	-2
154	24.249947	24.718696	G4	64	102	0	3
155	24.470534	24.911710	E5	64	111	0	2
156	24.470534	24.707666	B3	64	80	1	-2
157	24.691122	24.801416	E4	64	100	0	5
158	24.911710	25.060607	E5	64	105	0	2
159	25.132298	25.352885	D5	64	105	0	5
160	25.132298	25.380459	G3	64	89	1	-1
161	25.132298	25.505459	B3	64	87	1	-2
162	25.132298	26.772000	G1	64	102	1	-5
163	25.132298	26.772000	G2	64	102	1	-3
164	25.352885	25.573473	B4	64	114	0	2
165	25.352885	25.882296	D3	64	66	1	-1
166	25.573473	25.707664	B4	64	108	0	2
167	25.573473	25.735238	G3	64	84	1	-1
168	25.794061	25.908031	B4	64	97	0	2
169	25.794061	26.128619	D4	64	102	0	3
170	26.014649	26.128619	B4	64	108	0	2
171	26.014649	26.805088	D3	64	76	1	-1
172	26.235236	26.345530	B4	64	102	0	2
173	26.235236	26.286707	D4	64	14	0	3
174	26.235236	28.251776	G4	64	100	0	3
175	26.455824	26.566118	A4	64	111	0	5
176	26.455824	26.571633	G3	64	52	1	-1
177	26.676412	27.790380	B4	64	111	0	2
178	26.676412	27.396999	D4	64	97	0	3
179	26.897000	28.487070	G1	64	94	1	-5
180	26.897000	28.487070	G2	64	94	1	-3
181	27.117587	27.665380	D3	64	64	1	-1
182	27.338175	27.510969	G3	64	47	1	-1
183	27.558763	28.283026	D4	64	84	0	3
184	27.779351	28.521996	D3	64	82	1	-1
185	27.999938	28.268320	G3	64	84	1	-1
186	28.220526	28.349202	D5	64	114	0	5
187	28.220526	28.472364	B3	64	80	1	-2
188	28.441114	28.575305	B4	64	108	0	2
189	28.441114	28.521996	G3	64	57	1	-1
190	28.661702	28.946627	A4	64	114	0	5
191	28.661702	29.146995	A3	64	89	1	-4
192	28.661702	29.192950	C4	64	94	0	1
193	28.661702	30.130448	A1	64	108	1	-3
194	28.661702	30.130448	A2	64	108	1	-1
195	29.102877	29.198465	A4	64	108	0	5
196	29.102877	29.420891	E3	64	66	1	-4
197	29.323465	29.479715	A4	64	111	0	5
198	29.323465	29.797729	A3	64	105	1	-4
199	29.544053	29.873096	B4	64	117	0	2
200	29.544053	30.321624	E3	64	58	1	-4
201	29.764640	30.075301	C4	64	111	0	1
202	29.985228	30.123095	A4	64	111	0	5
203	30.205816	30.305080	G4	64	114	0	3
204	30.426404	30.551403	B4	64	108	0	2
205	30.426404	30.937432	B3	64	92	1	-2
206	30.426404	31.090005	D4	64	97	0	3
207	30.426404	31.685592	B1	64	102	1	-1
208	30.426404	31.685592	B2	64	102	1	-4
209	30.646991	31.332652	D5	64	108	0	5
210	30.867579	31.209490	F#3	64	19	1	-2
211	31.088167	31.591842	F#4	64	105	0	2
212	31.308755	31.551401	F#3	64	63	1	-2
213	31.529342	31.783018	D4	64	114	0	3
214	31.749930	32.034856	B3	64	84	1	-2
215	31.970518	32.104709	E4	64	117	0	5
216	31.970518	32.093679	D4	64	84	0	3
217	32.191106	32.310591	E5	64	108	0	2
218	32.191106	32.902501	E4	64	92	0	5
219	32.191106	33.733382	E2	64	97	1	-1
220	32.191106	33.733382	E3	64	97	1	-4
221	32.411693	32.516473	E5	64	111	0	2
222	32.632281	32.727869	E5	64	102	0	2
223	32.632281	32.865737	B3	64	58	1	-2
224	32.852869	32.953972	E5	64	105	0	2
225	32.852869	33.376765	G4	64	105	0	3
226	33.073457	33.192942	E5	64	105	0	2
227	33.294044	33.441103	F#5	64	112	0	4
228	33.294044	33.795882	E4	64	105	0	5
229	33.514632	33.646985	E5	64	111	0	2
230	33.514632	33.757279	B3	64	82	1	-2
231	33.735220	33.882278	D5	64	114	0	5
232	33.955808	35.104702	B4	64	117	0	2
233	33.955808	34.255439	B3	64	94	1	-2
234	33.955808	34.670880	D4	64	87	0	3
235	33.955808	35.374922	B1	64	102	1	-1
236	33.955808	35.374922	B2	64	102	1	-4
237	34.396983	34.915364	F#3	64	65	1	-2
238	34.617571	34.902497	B3	64	100	1	-2
239	34.838159	35.444775	F#4	64	109	0	2
240	35.058746	35.277496	F#3	64	87	1	-2
241	35.279334	35.422716	D5	64	105	0	5
242	35.279334	35.566098	B3	64	94	1	-2
243	35.499922	35.632275	B4	64	102	0	2
244	35.499922	35.604701	D4	64	80	0	3
245	35.720510	36.014627	A4	64	114	0	5
246	35.720510	35.963156	A3	64	82	1	-4
247	35.720510	36.115729	C4	64	84	0	1
248	35.720510	37.139624	A1	64	102	1	-3
249	35.720510	37.139624	A2	64	102	1	-1
250	35.941097	36.441096	E3	64	52	1	-4
251	36.161685	36.295876	A4	64	108	0	5
252	36.161685	36.310582	A3	64	71	1	-4
253	36.382273	36.773816	A4	64	120	0	5
254	36.382273	37.053227	A4	64	102	0	5
255	36.602861	37.146977	E3	64	76	1	-4
256	36.823448	37.167198	A4	64	117	0	5
257	36.823448	37.104698	E4	64	105	0	5
258	37.044036	37.235212	C4	64	89	0	1
259	37.264624	37.387785	G4	64	108	0	3
260	37.264624	37.341830	A3	64	76	1	-4
261	37.485212	37.656167	B4	64	108	0	2
262	37.485212	37.985211	B3	64	87	1	-2
263	37.485212	38.042196	D4	64	87	0	3
264	37.485212	38.828959	B1	64	94	1	-1
265	37.485212	38.828959	B2	64	94	1	-4
266	37.705799	38.146975	F#4	64	111	0	2
267	38.146975	38.441092	F#4	64	109	0	2
268	38.146975	38.658003	F#4	64	102	0	2
269	38.367563	38.619400	F#3	64	79	1	-2
270	38.588150	38.698444	F#4	64	105	0	2
271	38.588150	38.860209	D4	64	105	0	3
272	38.808738	38.937414	F#4	64	105	0	2
273	38.808738	39.062414	B3	64	92	1	-2
274	39.029326	39.158002	D4	64	102	0	3
275	39.249914	39.345502	E4	64	111	0	5
276	39.249914	39.498075	B3	64	92	1	-2
277	39.249914	39.851015	E4	64	100	0	5
278	39.249914	40.917189	E2	64	100	1	-1
279	39.249914	40.917189	E3	64	100	1	-4
280	39.470501	39.571604	E4	64	108	0	5
281	39.691089	39.805059	E4	64	105	0	5
282	39.691089	39.863883	B3	64	58	1	-2
283	39.911677	40.033000	E4	64	108	0	5
284	39.911677	40.373073	G4	64	114	0	3
285	40.132265	40.257264	D4	64	102	0	3
286	40.352852	40.453955	E4	64	111	0	5
287	40.352852	40.610205	E4	64	92	0	5
288	40.573440	41.014616	F#4	64	102	0	2
289	40.573440	40.926381	B3	64	100	1	-2
290	41.014616	42.338142	E4	64	114	0	5
291	41.014616	41.196601	B3	64	78	1	-2
292	41.014616	41.468659	E4	64	84	0	5
293	41.014616	41.792187	E2	64	97	1	-1
294	41.014616	41.792187	E3	64	97	1	-4
295	41.455791	41.593658	B3	64	92	1	-2
296	41.676379	41.963143	B3	64	97	1	-2
297	41.676379	41.981525	G4	64	108	0	3
298	41.896967	42.624906	E2	64	89	1	-1
299	41.896967	42.624906	E3	64	89	1	-4
300	42.117554	42.431892	G4	64	108	0	3
301	42.558730	42.716818	B4	64	120	0	2
302	42.558730	42.771965	B3	64	71	1	-2
303	42.779318	43.128582	E5	64	117	0	2
304	42.779318	42.919023	B3	64	92	1	-2
305	42.779318	43.093655	G4	64	89	0	3
306	42.779318	44.404314	E2	64	97	1	-1
307	42.779318	44.404314	E3	64	97	1	-4
308	42.999905	43.308728	B3	64	84	1	-2
309	43.220493	43.492551	E5	64	114	0	2
310	43.220493	43.360199	E4	64	76	0	5
311	43.441081	43.742551	G4	64	108	0	3
312	43.661669	43.963139	E5	64	111	0	2
313	44.102844	44.323432	E5	64	108	0	2
314	44.323432	44.544020	E5	64	108	0	2
315	44.323432	44.608358	B3	64	84	1	-2
316	44.544020	44.663505	D5	64	111	0	5
317	44.544020	44.862034	G4	64	100	0	3
318	44.544020	45.733355	E2	64	111	1	-1
319	44.544020	45.733355	E3	64	111	1	-4
320	44.764607	44.873063	E5	64	111	0	2
321	44.764607	45.099165	B3	64	84	1	-2
322	44.985195	45.134092	F#5	64	116	0	4
323	44.985195	45.086298	E4	64	92	0	5
324	45.205783	45.720488	E5	64	114	0	2
325	45.205783	45.711296	G4	64	108	0	3
326	45.646958	45.891443	E4	64	114	0	5
327	45.867546	46.016443	E5	64	112	0	2
328	45.867546	45.999899	B3	64	100	1	-2
329	46.088134	46.213134	E5	64	108	0	2
330	46.308722	46.464971	D5	64	102	0	5
331	46.308722	46.545853	G3	64	82	1	-1
332	46.308722	46.628574	D4	64	87	0	3
333	46.308722	47.966806	G1	64	102	1	-5
334	46.308722	47.966806	G2	64	102	1	-3
335	46.529309	46.624897	B4	64	100	0	2
336	46.529309	47.062396	D3	64	64	1	-1
337	46.749897	46.845485	B4	64	100	0	2
338	46.749897	46.906147	G3	64	87	1	-1
339	46.970485	47.078941	B4	64	102	0	2
340	46.970485	47.452101	G4	64	117	0	3
341	47.191073	47.308719	B4	64	102	0	2
342	47.191073	47.981512	D3	64	57	1	-1
343	47.411660	47.532984	B4	64	100	0	2
344	47.411660	47.713130	D4	64	84	0	3
345	47.632248	47.762763	A4	64	94	0	5
346	47.632248	47.941071	G3	64	60	1	-1
347	47.852836	49.240700	B4	64	105	0	2
348	47.852836	48.639599	D4	64	84	0	3
349	48.073424	48.327100	G3	64	9	1	-1
350	48.073424	49.294009	G1	64	94	1	-5
351	48.073424	49.294009	G2	64	94	1	-3
352	48.294011	48.836290	D3	64	52	1	-1
353	48.514599	48.623055	G3	64	57	1	-1
354	48.735187	49.034819	G3	64	97	1	-1
355	48.735187	49.067907	D4	64	92	0	3
356	48.735187	49.270112	G4	64	100	0	3
357	48.955775	49.308715	D3	64	69	1	-1
358	49.176362	49.448421	G3	64	92	1	-1
359	49.396950	49.520112	D4	64	80	0	3
360	49.617538	49.773788	E4	64	105	0	5
361	49.838126	50.143272	E5	64	111	0	2
362	49.838126	50.003566	B3	64	89	1	-2
363	49.838126	50.110184	E4	64	89	0	5
364	49.838126	51.475990	E2	64	97	1	-1
365	49.838126	51.475990	E3	64	97	1	-4
366	50.058713	50.358345	B3	64	87	1	-2
367	50.279301	50.538492	E5	64	111	0	2
368	50.279301	50.597315	E4	64	80	0	5
369	50.499889	50.972314	G4	64	102	0	3
370	50.720477	51.049520	E5	64	105	0	2
371	50.941064	51.255402	E4	64	97	0	5
372	51.161652	51.299519	E5	64	108	0	2
373	51.161652	51.433710	B3	64	78	1	-2
374	51.382240	51.547681	E5	64	100	0	2
375	51.382240	52.093635	G4	64	100	0	3
376	51.602828	51.725989	D5	64	111	0	5
377	51.602828	53.007236	E2	64	102	1	-1
378	51.602828	53.007236	E3	64	102	1	-4
379	51.823415	51.937386	E5	64	111	0	2
380	51.823415	52.104665	B3	64	78	1	-2
381	52.044003	52.216797	F#5	64	112	0	4
382	52.044003	52.352826	E4	64	76	0	5
383	52.264591	52.692899	E5	64	117	0	2
384	52.264591	52.387752	B3	64	67	1	-2
385	52.485179	52.646943	B3	64	102	1	-2
386	52.485179	52.953928	G4	64	102	0	3
387	52.705766	53.146942	E5	64	111	0	2
388	52.705766	52.942898	B3	64	80	1	-2
389	52.926354	53.036648	E4	64	100	0	5
390	53.146942	53.295839	E5	64	105	0	2
391	53.367530	53.588117	D5	64	105	0	5
392	53.367530	53.615691	G3	64	89	1	-1
393	53.367530	53.740691	B3	64	87	1	-2
394	53.367530	55.007232	G1	64	102	1	-5
395	53.367530	55.007232	G2	64	102	1	-3
396	53.588117	53.808705	B4	64	114	0	2
397	53.588117	54.117528	D3	64	66	1	-1
398	53.808705	53.942896	B4	64	108	0	2
399	53.808705	53.970470	G3	64	84	1	-1
400	54.029293	54.143263	B4	64	97	0	2
401	54.029293	54.363851	D4	64	102	0	3
402	54.249881	54.363851	B4	64	108	0	2
403	54.249881	55.040320	D3	64	76	1	-1
404	54.470468	54.580762	B4	64	102	0	2
405	54.470468	54.521939	D4	64	14	0	3
406	54.470468	56.487008	G4	64	100	0	3
407	54.691056	54.801350	A4	64	111	0	5
408	54.691056	54.806865	G3	64	52	1	-1
409	54.911644	56.025612	B4	64	111	0	2
410	54.911644	55.632231	D4	64	97	0	3
411	55.132232	56.722302	G1	64	94	1	-5
412	55.132232	56.722302	G2	64	94	1	-3
413	55.352819	55.900612	D3	64	64	1	-1
414	55.573407	55.746201	G3	64	47	1	-1
415	55.793995	56.518258	D4	64	84	0	3
416	56.014583	56.757228	D3	64	82	1	-1
417	56.235170	56.503552	G3	64	84	1	-1
418	56.455758	56.584434	D5	64	114	0	5
419	56.455758	56.707596	B3	64	80	1	-2
420	56.676346	56.810537	B4	64	108	0	2
421	56.676346	56.757228	G3	64	57	1	-1
422	56.896934	57.181859	A4	64	114	0	5
423	56.896934	57.382227	A3	64	89	1	-4
424	56.896934	57.428182	C4	64	94	0	1
425	56.896934	58.365680	A1	64	108	1	-3
426	56.896934	58.365680	A2	64	108	1	-1
427	57.338109	57.433697	A4	64	108	0	5
428	57.338109	57.656123	E3	64	66	1	-4
429	57.558697	57.714947	A4	64	111	0	5
430	57.558697	58.032961	A3	64	105	1	-4
431	57.779285	58.108328	B4	64	117	0	2
432	57.779285	58.556856	E3	64	58	1	-4
433	57.999872	58.310533	C4	64	111	0	1
434	58.220460	58.358327	A4	64	111	0	5
435	58.441048	58.540312	G4	64	114	0	3
436	58.661636	58.786635	B4	64	108	0	2
437	58.661636	59.172664	B3	64	92	1	-2
438	58.661636	59.325237	D4	64	97	0	3
439	58.661636	59.920824	B1	64	102	1	-1
440	58.661636	59.920824	B2	64	102	1	-4
441	58.882223	59.567884	D5	64	108	0	5
442	59.102811	59.444722	F#3	64	19	1	-2
443	59.323399	59.827074	F#4	64	105	0	2
444	59.543987	59.786633	F#3	64	63	1	-2
445	59.764574	60.018250	D4	64	114	0	3
446	59.985162	60.270088	B3	64	84	1	-2
447	60.205750	60.339941	E4	64	117	0	5
448	60.205750	60.328911	D4	64	84	0	3
449	60.426338	60.545823	E5	64	108	0	2
450	60.426338	61.137733	E4	64	92	0	5
451	60.426338	61.968614	E2	64	97	1	-1
452	60.426338	61.968614	E3	64	97	1	-4
453	60.646925	60.751705	E5	64	111	0	2
454	60.867513	60.963101	E5	64	102	0	2
455	60.867513	61.100969	B3	64	58	1	-2
456	61.088101	61.189204	E5	64	105	0	2
457	61.088101	61.611997	G4	64	105	0	3
458	61.308689	61.428174	E5	64	105	0	2
459	61.529276	61.676335	F#5	64	112	0	4
460	61.529276	62.031114	E4	64	105	0	5
461	61.749864	61.882217	E5	64	111	0	2
462	61.749864	61.992511	B3	64	82	1	-2
463	61.970452	62.117510	D5	64	114	0	5
464	62.191040	63.339934	B4	64	117	0	2
465	62.191040	62.490671	B3	64	94	1	-2
466	62.191040	62.906112	D4	64	87	0	3
467	62.191040	63.610154	B1	64	102	1	-1
468	62.191040	63.610154	B2	64	102	1	-4
469	62.632215	63.150596	F#3	64	65	1	-2
470	62.852803	63.137729	B3	64	100	1	-2
471	63.073391	63.680007	F#4	64	109	0	2
472	63.293978	63.512728	F#3	64	87	1	-2
473	63.514566	63.657948	D5	64	105	0	5
474	63.514566	63.801330	B3	64	94	1	-2
475	63.735154	63.867507	B4	64	102	0	2
476	63.735154	63.839933	D4	64	80	0	3
477	63.955742	64.249859	A4	64	114	0	5
478	63.955742	64.198388	A3	64	82	1	-4
479	63.955742	64.350961	C4	64	84	0	1
480	63.955742	65.374856	A1	64	102	1	-3
481	63.955742	65.374856	A2	64	102	1	-1
482	64.176329	64.676328	E3	64	52	1	-4
483	64.396917	64.531108	A4	64	108	0	5
484	64.396917	64.545814	A3	64	71	1	-4
485	64.617505	65.009048	A4	64	120	0	5
486	64.617505	65.288459	A4	64	102	0	5
487	64.838093	65.382209	E3	64	76	1	-4
488	65.058680	65.402430	A4	64	117	0	5
489	65.058680	65.339930	E4	64	105	0	5
490	65.279268	65.470444	C4	64	89	0	1
491	65.499856	65.623017	G4	64	108	0	3
492	65.499856	65.577062	A3	64	76	1	-4
493	65.720444	65.891399	B4	64	108	0	2
494	65.720444	66.220443	B3	64	87	1	-2
495	65.720444	66.277428	D4	64	87	0	3
496	65.720444	67.064191	B1	64	94	1	-1
497	65.720444	67.064191	B2	64	94	1	-4
498	65.941031	66.382207	F#4	64	111	0	2
499	66.382207	66.676324	F#4	64	109	0	2
500	66.382207	66.893235	F#4	64	102	0	2
501	66.602795	66.854632	F#3	64	79	1	-2
502	66.823382	66.933676	F#4	64	105	0	2
503	66.823382	67.095441	D4	64	105	0	3
504	67.043970	67.172646	F#4	64	105	0	2
505	67.043970	67.297646	B3	64	92	1	-2
506	67.264558	67.393234	D4	64	102	0	3
507	67.485146	67.580734	E4	64	111	0	5
508	67.485146	67.733307	B3	64	92	1	-2
509	67.485146	68.086247	E4	64	100	0	5
510	67.485146	69.152421	E2	64	100	1	-1
511	67.485146	69.152421	E3	64	100	1	-4
512	67.705733	67.806836	E4	64	108	0	5
513	67.926321	68.040291	E4	64	105	0	5
514	67.926321	68.099115	B3	64	58	1	-2
515	68.146909	68.268232	E4	64	108	0	5
516	68.146909	68.608305	G4	64	114	0	3
517	68.367497	68.492496	D4	64	102	0	3
518	68.588084	68.689187	E4	64	111	0	5
519	68.588084	68.845437	E4	64	92	0	5
520	68.808672	69.249848	F#4	64	102	0	2
521	68.808672	69.161613	B3	64	100	1	-2
522	69.249848	70.573374	E4	64	114	0	5
523	69.249848	69.431833	B3	64	78	1	-2
524	69.249848	69.703891	E4	64	84	0	5
525	69.249848	70.027419	E2	64	97	1	-1
526	69.249848	70.027419	E3	64	97	1	-4
527	69.691023	69.828890	B3	64	92	1	-2
528	69.911611	70.198375	B3	64	97	1	-2
529	69.911611	70.216757	G4	64	108	0	3
530	70.132199	70.860138	E2	64	89	1	-1
531	70.132199	70.860138	E3	64	89	1	-4
532	70.352786	70.667124	G4	64	108	0	3
533	70.793962	71.007197	B3	64	71	1	-2
534	71.014550	72.104621	G#5	64	116	0	1
535	71.014550	71.562343	F3	64	92	1	-3
536	71.014550	71.595431	C4	64	92	0	1
537	71.014550	72.696531	F1	64	105	1	-2
538	71.014550	72.696531	F2	64	105	1	-5
539	71.455725	72.001680	C3	64	80	1	-3
540	71.676313	71.816018	G#3	64	102	1	-5
541	71.676313	71.825210	F3	64	29	1	-3
542	71.896901	71.957562	F3	64	41	1	-3
543	71.896901	72.393223	F4	64	111	0	1
544	72.117488	72.646899	C3	64	62	1	-3
545	72.338076	72.490649	G5	64	108	0	5
546	72.338076	72.657928	F3	64	87	1	-3
547	72.558664	72.779252	F5	64	117	0	3
548	72.558664	72.716752	G#3	64	93	1	-5
549	72.779252	73.782926	C5	64	114	0	3
550	72.779252	73.264545	F3	64	71	1	-3
551	72.779252	73.299471	G#3	64	79	1	-5
552	72.779252	73.317853	C4	64	102	0	1
553	72.779252	74.093587	F1	64	97	1	-2
554	72.779252	74.093587	F2	64	97	1	-5
555	73.220427	73.507191	C3	64	45	1	-3
556	73.441015	73.692853	F3	64	87	1	-3
557	73.441015	73.760867	G#3	64	96	1	-5
558	73.441015	73.784764	C4	64	97	0	1
559	73.441015	73.841749	F4	64	97	0	1
560	73.661603	74.047631	C3	64	64	1	-3
561	73.882190	74.102778	F5	64	114	0	3
562	73.882190	74.154249	F3	64	97	1	-3
563	74.102778	74.236969	F5	64	105	0	3
564	74.102778	74.494321	G3	64	120	1	-1
565	74.323366	74.429983	D#5	64	116	0	1
566	74.543954	74.652409	C5	64	108	0	3
567	74.543954	74.639542	G#3	64	112	1	-5
568	74.543954	75.558657	G#1	64	96	1	-4
569	74.543954	75.558657	G#2	64	96	1	-2
570	74.764541	75.330717	D#3	64	63	1	-5
571	74.985129	75.104614	C5	64	102	0	3
572	74.985129	75.113805	G#3	64	63	1	-5
573	75.205717	75.325202	A#4	64	97	0	1
574	75.205717	75.385864	G#3	64	82	1	-5
575	75.205717	75.402408	C4	64	102	0	1
576	75.426305	75.597260	G#4	64	100	0	4
577	75.646892	75.937333	A#4	64	112	0	1
578	75.867480	76.014539	G#3	64	87	1	-5
579	75.867480	76.586229	C4	64	92	0	1
580	75.867480	76.762699	D#4	64	96	0	4
581	76.088068	77.845417	C5	64	111	0	3
582	76.088068	76.446523	G#3	64	25	1	-5
583	76.308656	77.071522	G#1	64	105	1	-4
584	76.308656	77.071522	G#2	64	105	1	-2
585	76.529243	77.058654	D#3	64	68	1	-5
586	76.749831	76.863801	G#3	64	96	1	-5
587	76.970419	77.213065	C4	64	108	0	1
588	76.970419	77.275565	D#4	64	93	0	4
589	76.970419	77.279242	G#3	64	102	1	-5
590	77.191007	77.323359	D#3	64	72	1	-5
591	77.411594	77.531079	G#3	64	99	1	-5
592	77.411594	77.554976	C4	64	105	0	1
593	77.411594	77.606447	D#4	64	105	0	4
594	78.073358	78.997988	F5	64	111	0	3
595	78.073358	78.316004	F3	64	89	1	-3
596	78.073358	78.402401	G#3	64	90	1	-5
597	78.073358	78.422622	C4	64	73	0	1
598	78.073358	79.646884	F1	64	102	1	-2
599	78.073358	79.646884	F2	64	102	1	-5
600	78.293945	78.775562	C3	64	71	1	-3
601	78.514533	78.613798	F3	64	105	1	-3
602	78.735121	78.996150	G3	64	114	1	-1
603	78.955709	79.224090	C3	64	58	1	-3
604	79.176296	79.492472	D#5	64	116	0	1
605	79.176296	79.334384	G#3	64	109	1	-5
606	79.176296	79.358281	F3	64	92	1	-3
607	79.396884	79.635854	C3	64	58	1	-3
608	79.617472	79.792104	C5	64	102	0	3
609	79.617472	79.953868	C4	64	108	0	1
610	79.617472	79.972251	F3	64	89	1	-3
611	79.838060	80.122985	A#4	64	112	0	1
612	79.838060	81.167101	F1	64	97	1	-2
613	79.838060	81.167101	F2	64	97	1	-5
614	80.058647	80.578867	C3	64	64	1	-3
615	80.279235	80.727764	C5	64	111	0	3
616	80.279235	80.393205	F3	64	69	1	-3
617	80.499823	80.760852	F4	64	97	0	1
618	80.499823	80.766366	G#3	64	112	1	-5
619	80.499823	80.777396	F3	64	97	1	-3
620	80.720411	80.825190	C3	64	84	1	-3
621	80.940998	81.111954	C3	64	94	1	-3
622	81.161586	81.395042	G#4	64	116	0	4
623	81.161586	81.310483	F3	64	120	1	-3
624	81.382174	81.507174	A#4	64	116	0	1
625	81.382174	81.645041	G3	64	100	1	-1
626	81.602762	81.878496	C5	64	108	0	3
627	81.602762	81.716732	G#3	64	112	1	-5
628	81.602762	82.742465	G#1	64	109	1	-4
629	81.602762	82.742465	G#2	64	109	1	-2
630	82.043937	82.172613	C5	64	105	0	3
631	82.043937	82.755333	D#3	64	102	1	-5
632	82.264525	82.350922	A#4	64	112	0	1
633	82.264525	82.431804	G#3	64	102	1	-5
634	82.485113	82.617465	G#4	64	112	0	4
635	82.705700	82.981435	A#4	64	116	0	1
636	82.705700	82.867465	C4	64	114	0	1
637	82.705700	82.902391	G#3	64	109	1	-5
638	82.705700	82.929965	D#4	64	112	0	4
639	82.926288	83.025553	D#3	64	93	1	-5
640	83.146876	85.038416	G4	64	120	0	3
641	83.367464	83.595404	C4	64	102	0	1
642	83.367464	83.657904	E4	64	105	0	5
643	83.367464	84.543932	C3	64	102	1	-3
644	83.588051	84.069668	G3	64	71	1	-1
645	83.808639	83.895036	C4	64	97	0	1
646	84.029227	84.262682	G4	64	114	0	3
647	84.029227	84.290256	C4	64	120	0	1
648	84.249815	84.525549	G3	64	105	1	-1
649	84.470402	84.610108	C4	64	117	0	1
650	84.470402	84.757166	E4	64	120	0	5
651	84.470402	84.942828	G4	64	114	0	3
652	84.690990	84.952019	C4	64	89	0	1
653	84.911578	85.111945	E4	64	100	0	5
654	85.132166	86.222237	G#5	64	116	0	1
655	85.132166	86.757162	F1	64	105	1	-2
656	85.132166	86.757162	F2	64	105	1	-5
657	85.352753	85.861943	C3	64	87	1	-3
658	85.573341	85.720400	F3	64	102	1	-3
659	85.793929	86.047605	F4	64	100	0	1
660	85.793929	86.069664	F3	64	94	1	-3
661	86.014517	86.700177	C3	64	69	1	-3
662	86.235104	86.733265	C4	64	105	0	1
663	86.455692	86.608265	G5	64	108	0	5
664	86.676280	86.896868	F5	64	117	0	3
665	86.676280	86.814147	F3	64	69	1	-3
666	86.896868	87.900542	C5	64	114	0	3
667	86.896868	87.354587	F3	64	82	1	-3
668	86.896868	87.503484	F4	64	94	0	1
669	86.896868	88.213041	F1	64	92	1	-2
670	86.896868	88.213041	F2	64	92	1	-5
671	87.338043	87.843557	C3	64	66	1	-3
672	87.558631	87.740616	F3	64	89	1	-3
673	87.779219	87.841719	F3	64	80	1	-3
674	87.779219	88.007159	G#3	64	116	1	-5
675	87.779219	88.016350	C4	64	120	0	1
676	87.779219	88.036571	F4	64	102	0	1
677	87.999806	88.220394	F5	64	114	0	3
678	87.999806	88.213041	C3	64	76	1	-3
679	88.220394	88.354585	F5	64	105	0	3
680	88.220394	88.562305	G3	64	120	1	-1
681	88.440982	88.547599	D#5	64	116	0	1
682	88.661570	88.770025	C5	64	108	0	3
683	88.661570	88.781055	G#3	64	105	1	-5
684	88.661570	90.323331	G#1	64	96	1	-4
685	88.661570	90.323331	G#2	64	96	1	-2
686	88.882157	90.486933	D#3	64	87	1	-5
687	89.102745	89.222230	C5	64	102	0	3
688	89.102745	89.225907	G#3	64	82	1	-5
689	89.323333	89.442818	A#4	64	97	0	1
690	89.323333	89.518185	D#4	64	99	0	4
691	89.323333	89.646862	G#3	64	90	1	-5
692	89.543921	89.714876	G#4	64	100	0	4
693	89.764508	90.054949	A#4	64	112	0	1
694	89.764508	89.872964	C4	64	89	0	1
695	89.764508	89.893185	G#3	64	93	1	-5
696	89.764508	89.913405	D#4	64	96	0	4
697	90.205684	91.963033	C5	64	111	0	3
698	90.205684	90.657889	G#3	64	112	1	-5
699	90.205684	90.863771	G#4	64	96	0	4
700	90.426272	91.345387	G#1	64	99	1	-4
701	90.426272	91.345387	G#2	64	99	1	-2
702	90.646859	91.165241	D#3	64	63	1	-5
703	90.867447	90.996123	G#3	64	99	1	-5
704	91.088035	91.383990	C4	64	108	0	1
705	91.088035	91.492446	D#4	64	109	0	4
706	91.088035	91.518181	G#4	64	93	0	4
707	91.088035	91.554946	G#3	64	99	1	-5
708	91.308623	91.643181	D#3	64	77	1	-5
709	91.529210	91.654210	G#1	64	82	1	-4
710	91.529210	91.654210	G#2	64	82	1	-2
711	91.970386	92.213032	G3	64	97	1	-1
712	92.190974	93.115604	F5	64	111	0	3
713	92.190974	92.475899	F3	64	89	1	-3
714	92.190974	93.562294	F1	64	97	1	-2
715	92.190974	93.562294	F2	64	97	1	-5
716	92.411561	93.516338	C3	64	82	1	-3
717	92.632149	92.832516	F3	64	92	1	-3
718	92.852737	93.128472	F3	64	57	1	-3
719	92.852737	93.172589	F4	64	108	0	1
720	93.293912	93.610088	D#5	64	116	0	1
721	93.293912	93.562294	C4	64	100	0	1
722	93.514500	93.834352	G#3	64	96	1	-5
723	93.735088	93.909720	C5	64	102	0	3
724	93.735088	93.920749	F3	64	105	1	-3
725	93.955676	94.240601	A#4	64	112	0	1
726	93.955676	94.871115	G#1	64	102	1	-4
727	93.955676	94.871115	G#2	64	102	1	-2
728	94.176263	94.727733	D#3	64	87	1	-5
729	94.396851	94.845380	C5	64	111	0	3
730	94.396851	94.520013	G#3	64	93	1	-5
731	94.617439	94.865600	C4	64	105	0	1
732	94.617439	94.904203	G#3	64	105	1	-5
733	94.617439	94.931776	D#4	64	105	0	4
734	94.838027	95.209349	D#3	64	48	1	-5
735	95.058614	95.211188	C4	64	102	0	1
736	95.058614	95.277364	G#3	64	102	1	-5
737	95.058614	95.349055	D#4	64	102	0	4
738	95.279202	95.512658	G#4	64	116	0	4
739	95.499790	95.624790	A#4	64	116	0	1
740	95.720378	95.996112	C5	64	108	0	3
741	95.720378	95.953833	G#3	64	85	1	-5
742	95.720378	95.985083	C4	64	94	0	1
743	95.720378	96.205671	D#4	64	87	0	4
744	95.720378	96.606405	G#1	64	99	1	-4
745	95.720378	96.606405	G#2	64	99	1	-2
746	95.940965	96.494273	D#3	64	61	1	-5
747	96.161553	96.290229	C5	64	105	0	3
748	96.161553	96.323318	G#3	64	96	1	-5
749	96.382141	96.468538	A#4	64	112	0	1
750	96.382141	96.654199	G#3	64	19	1	-5
751	96.382141	96.692802	G#4	64	109	0	4
752	96.602729	96.735081	G#4	64	112	0	4
753	96.602729	96.713023	D#3	64	90	1	-5
754	96.823316	97.099051	A#4	64	116	0	1
755	96.823316	96.939125	C4	64	105	0	1
756	96.823316	97.146845	D#4	64	102	0	4
757	97.043904	97.152360	G#3	64	99	1	-5
758	97.264492	99.156032	G4	64	120	0	3
759	97.485080	97.698314	C4	64	100	0	1
760	97.485080	97.781035	E4	64	97	0	5
761	97.485080	99.076988	C2	64	105	1	-5
762	97.485080	99.076988	C3	64	105	1	-3
763	97.705667	98.211181	G3	64	73	1	-1
764	97.926255	98.054931	C4	64	82	0	1
765	98.146843	98.194637	C4	64	38	0	1
766	98.146843	98.336181	C5	64	123	0	3
767	98.367431	98.661548	G3	64	76	1	-1
768	98.588018	98.740592	G4	64	105	0	3
769	98.588018	98.773680	C4	64	108	0	1
770	98.808606	99.042062	G3	64	50	1	-1
771	99.029194	99.124782	C4	64	82	0	1
772	99.249782	99.470369	C4	64	92	0	1
773	99.249782	99.521840	E4	64	102	0	5
774	99.249782	100.753455	C2	64	102	1	-5
775	99.249782	100.753455	C3	64	102	1	-3
776	99.470369	99.970368	G3	64	58	1	-1
777	99.690957	99.766325	C4	64	67	0	1
778	99.911545	100.115589	G4	64	100	0	3
779	99.911545	100.126618	C4	64	100	0	1
780	100.132133	100.413382	G3	64	73	1	-1
781	100.352720	100.485073	C4	64	114	0	1
782	100.352720	100.591690	E4	64	111	0	5
783	100.573308	100.830661	G3	64	76	1	-1
784	100.793896	100.917057	C4	64	87	0	1
785	101.014484	101.503453	C4	64	100	0	1
786	101.014484	101.523674	E4	64	102	0	5
787	101.014484	102.534701	C2	64	102	1	-5
788	101.014484	102.534701	C3	64	102	1	-3
789	101.455659	101.722203	G3	64	78	1	-1
790	101.676247	101.904188	C4	64	44	0	1
791	101.676247	101.913379	E4	64	73	0	5
792	101.676247	101.929923	G4	64	100	0	3
793	101.896835	102.165216	G3	64	80	1	-1
794	102.117422	102.292054	C4	64	100	0	1
795	102.117422	102.321466	G4	64	100	0	3
796	102.117422	102.361907	C5	64	111	0	3
797	102.117422	102.371098	E4	64	102	0	5
798	102.338010	102.610068	G3	64	69	1	-1
799	102.558598	102.714848	C4	64	87	0	1
800	102.779186	103.275508	C4	64	92	0	1
801	102.779186	103.361905	E4	64	97	0	5
802	102.779186	103.508963	G4	64	97	0	3
803	102.779186	104.554917	C2	64	100	1	-5
804	102.779186	104.554917	C3	64	100	1	-3
805	103.220361	103.696463	G3	64	51	1	-1
806	103.440949	103.472199	E4	64	25	0	5
807	103.440949	103.551243	C4	64	108	0	1
808	103.661537	103.909698	C4	64	111	0	1
809	103.661537	103.929918	C5	64	108	0	3
810	103.661537	103.933595	E4	64	114	0	5
811	103.661537	103.937271	G4	64	120	0	3
812	103.882124	104.538373	G3	64	111	1	-1
813	104.102712	104.187271	E4	64	49	0	5
814	104.102712	104.198300	G4	64	25	0	3
815	104.102712	104.485064	C4	64	102	0	1
816	104.543888	105.869252	F#2	64	109	1	-4
817	104.764475	105.321459	C#3	64	93	1	-2
818	104.985063	105.472194	F#3	64	93	1	-2
819	105.205651	105.472194	A3	64	105	1	-4
820	105.426239	105.764473	C#3	64	61	1	-2
821	105.646826	105.793885	A3	64	117	1	-4
822	105.646826	105.814105	C#4	64	93	0	2
823	105.646826	105.823297	F#3	64	96	1	-2
824	106.308590	106.793883	F#4	64	63	0	2
825	106.308590	106.828809	F#3	64	105	1	-2
826	106.308590	107.644984	F#2	64	87	1	-4
827	106.749765	106.992412	C#3	64	20	1	-2
828	106.970353	107.117411	C#4	64	99	0	2
829	106.970353	107.218514	F#3	64	96	1	-2
830	107.190941	107.922557	C#3	64	54	1	-2
831	107.411528	107.505278	F#3	64	99	1	-2
832	107.411528	107.564102	A3	64	102	1	-4
833	107.411528	107.825130	C#4	64	82	0	2
834	107.852704	108.325129	F#3	64	102	1	-2
835	108.073292	110.268140	F#2	64	96	1	-4
836	108.293879	109.718509	C#3	64	77	1	-2
837	108.514467	108.806746	F#3	64	82	1	-2
838	108.955643	109.146819	C#4	64	90	0	2
839	108.955643	109.409686	F#3	64	102	1	-2
840	109.617406	109.823288	A3	64	100	1	-4
841	109.617406	109.847185	F#3	64	85	1	-2
842	109.617406	109.856376	C#4	64	87	0	2
843	109.837994	110.087993	C#3	64	63	1	-2
844	110.058581	110.135787	A3	64	100	1	-4
845	110.058581	110.181743	F#3	64	82	1	-2
846	110.058581	110.551227	F#4	64	105	0	2
847	110.279169	110.858212	C#3	64	82	1	-2
848	110.499757	110.639462	F#3	64	90	1	-2
849	110.720345	110.872918	A3	64	105	1	-4
850	110.720345	110.887624	F#3	64	96	1	-2
851	110.720345	110.915197	C#4	64	96	0	2
852	110.720345	111.078800	F#4	64	82	0	2
853	110.940932	111.031006	F#2	64	85	1	-4
854	111.161520	111.281005	F#3	64	112	1	-2
855	111.161520	111.326961	F#4	64	2	0	2
856	111.602696	112.084312	D#4	64	68	0	4
857	111.602696	112.121077	F#4	64	105	0	2
858	111.602696	112.170709	A#4	64	72	0	1
859	111.602696	113.192766	D#2	64	102	1	-2
860	111.602696	113.192766	D#3	64	102	1	-5
861	112.043871	112.589826	A#3	64	72	1	-3
862	112.264459	112.387620	D#4	64	105	0	4
863	112.485047	112.670708	D#4	64	105	0	4
864	112.485047	112.709311	A#4	64	99	0	1
865	112.705634	113.247913	A#3	64	59	1	-3
866	112.926222	113.003428	F#4	64	105	0	2
867	112.926222	113.016295	D#4	64	79	0	4
868	113.146810	113.667029	D#4	64	105	0	4
869	113.146810	113.674382	F#4	64	119	0	2
870	113.367398	114.747909	D#2	64	93	1	-2
871	113.367398	114.747909	D#3	64	93	1	-5
872	113.808573	113.937249	D#4	64	87	0	4
873	114.029161	114.108205	A#3	64	59	1	-3
874	114.029161	114.214822	F#4	64	112	0	2
875	114.029161	114.218499	D#4	64	63	0	4
876	114.470336	114.593498	A#4	64	102	0	1
877	114.470336	114.599013	D#4	64	102	0	4
878	114.690924	114.815924	A#3	64	40	1	-3
879	114.911512	115.019968	D#4	64	93	0	4
880	115.132100	115.738716	F#4	64	102	0	2
881	115.132100	115.808569	D#4	64	96	0	4
882	115.132100	116.757096	D#2	64	96	1	-2
883	115.132100	116.757096	D#3	64	96	1	-5
884	115.573275	116.139450	A#3	64	39	1	-3
885	116.014451	116.152318	D#4	64	109	0	4
886	116.014451	116.161509	A#4	64	99	0	1
887	116.235038	116.735037	A#3	64	59	1	-3
888	116.455626	116.554891	D#4	64	68	0	4
889	116.676214	116.867390	F#4	64	112	0	2
890	116.676214	116.882096	D#4	64	96	0	4
891	116.896802	117.187242	D#2	64	99	1	-2
892	116.896802	117.187242	D#3	64	99	1	-5
893	117.117389	117.273639	A#4	64	96	0	1
894	117.117389	117.279154	D#4	64	102	0	4
895	117.337977	117.867388	A#3	64	93	1	-3
896	117.558565	117.657829	D#4	64	93	0	4
897	117.779153	117.961138	D#4	64	102	0	4
898	117.779153	118.016284	F#4	64	109	0	2
899	117.999740	118.086137	D#2	64	70	1	-2
900	117.999740	118.086137	D#3	64	70	1	-5
901	118.220328	118.304887	D#4	64	116	0	4
902	118.661504	118.933562	F3	64	73	1	-3
903	118.661504	119.194591	A#3	64	79	1	-3
904	118.661504	119.317752	C#4	64	99	0	2
905	118.661504	119.663340	A#1	64	102	1	-2
906	118.661504	119.663340	A#2	64	102	1	-5
907	119.102679	119.374737	F3	64	66	1	-3
908	119.543855	119.720325	F3	64	108	1	-3
909	119.543855	119.762604	C#4	64	102	0	2
910	119.985030	120.089809	F3	64	84	1	-3
911	120.205618	120.483191	C#4	64	59	0	2
912	120.205618	120.519955	A#3	64	57	1	-3
913	120.205618	120.534661	F3	64	78	1	-3
914	120.205618	120.595323	F4	64	97	0	1
915	120.426206	121.644953	A#1	64	109	1	-2
916	120.426206	121.644953	A#2	64	109	1	-5
917	120.646793	120.929881	C#4	64	112	0	2
918	120.867381	121.087969	A#3	64	36	1	-3
919	121.087969	121.235027	F3	64	92	1	-3
920	121.308557	121.661497	F3	64	108	1	-3
921	121.308557	121.836129	A#3	64	112	1	-3
922	121.308557	121.880247	C#4	64	99	0	2
923	121.749732	122.069584	F3	64	66	1	-3
924	122.190908	122.442745	F3	64	89	1	-3
925	122.190908	122.718480	A#3	64	85	1	-3
926	122.190908	122.823259	C#4	64	74	0	2
927	122.190908	123.415170	A#1	64	93	1	-2
928	122.190908	123.415170	A#2	64	93	1	-5
929	122.632083	122.874730	F3	64	55	1	-3
930	123.073259	123.369214	F3	64	114	1	-3
931	123.073259	123.492375	F4	64	92	0	1
932	123.073259	123.505243	A#3	64	116	1	-3
933	123.073259	123.512596	C#4	64	99	0	2
934	123.514434	123.828772	A#1	64	70	1	-2
935	123.514434	123.828772	A#2	64	70	1	-5
936	123.735022	123.973992	F3	64	100	1	-3
937	123.735022	124.043845	A#3	64	109	1	-3
938	123.735022	124.683549	C#4	64	99	0	2
939	124.176197	124.532814	F3	64	92	1	-3
940	124.396785	125.010754	A#1	64	40	1	-2
941	124.396785	125.010754	A#2	64	40	1	-5
942	124.837961	125.047519	F3	64	105	1	-3
943	124.837961	125.075092	A#3	64	112	1	-3
944	124.837961	125.075092	C#4	64	99	0	2
945	124.837961	125.176195	F4	64	105	0	1
946	125.279136	125.369209	A#1	64	116	1	-2
947	125.279136	125.369209	A#2	64	116	1	-5
948	125.720312	126.124723	B3	64	97	1	-2
949	125.720312	126.244208	D4	64	97	0	3
950	125.720312	126.315899	F#4	64	93	0	2
951	125.720312	127.336117	B1	64	105	1	-1
952	125.720312	127.336117	B2	64	105	1	-4
953	126.602663	126.823250	B3	64	102	1	-2
954	126.602663	126.830603	D4	64	108	0	3
955	126.602663	126.836118	F#4	64	109	0	2
956	126.823250	127.413323	F#3	64	72	1	-2
957	127.043838	127.174353	B3	64	105	1	-2
958	127.264426	127.641263	B3	64	100	1	-2
959	127.264426	127.659646	D4	64	94	0	3
960	127.264426	127.665160	F#4	64	82	0	2
961	127.264426	127.698248	B4	64	100	0	2
962	127.485014	128.793834	B1	64	87	1	-1
963	127.485014	128.793834	B2	64	87	1	-4
964	127.705601	128.273615	F#3	64	90	1	-2
965	127.926189	128.040159	B3	64	92	1	-2
966	128.146777	128.369203	D4	64	105	0	3
967	128.146777	128.380232	B3	64	102	1	-2
968	128.367365	128.701923	F#3	64	57	1	-2
969	128.587952	128.766261	D4	64	100	0	3
970	128.587952	128.771776	B3	64	97	1	-2
971	128.587952	128.782805	F#4	64	93	0	2
972	129.249716	129.882067	D4	64	100	0	3
973	129.249716	129.883905	B3	64	92	1	-2
974	129.249716	130.898609	B1	64	102	1	-1
975	129.249716	130.898609	B2	64	102	1	-4
976	129.690891	130.223978	F#3	64	65	1	-2
977	130.132067	130.613683	F#4	64	109	0	2
978	130.132067	130.666992	B3	64	105	1	-2
979	130.573242	130.869197	F#3	64	68	1	-2
980	130.793830	131.054859	D4	64	97	0	3
981	130.793830	131.062212	B3	64	94	1	-2
982	130.793830	131.069565	F#4	64	105	0	2
983	131.014418	132.347135	B1	64	52	1	-1
984	131.014418	132.347135	B2	64	52	1	-4
985	131.235005	131.453755	B3	64	97	1	-2
986	131.235005	131.464784	F#4	64	102	0	2
987	131.235005	131.486843	D4	64	100	0	3
988	131.455593	131.977651	F#3	64	87	1	-2
989	131.676181	131.819563	B3	64	100	1	-2
990	131.896769	132.124709	F#4	64	96	0	2
991	131.896769	132.135739	B3	64	102	1	-2
992	131.896769	132.150445	D4	64	102	0	3
993	131.896769	132.172503	B4	64	102	0	2
994	132.117356	132.387576	F#3	64	85	1	-2
995	132.337944	132.481326	B3	64	111	1	-2
996	132.779120	133.023604	B3	64	100	1	-2
997	132.779120	133.297501	D#4	64	82	0	4
998	132.779120	133.466618	F#4	64	74	0	2
999	132.779120	134.317719	B1	64	102	1	-1
1000	132.779120	134.317719	B2	64	102	1	-4
1001	133.220295	133.530956	B3	64	78	1	-2
1002	133.661471	133.837941	B3	64	105	1	-2
1003	133.661471	133.841617	D#4	64	109	0	4
1004	133.661471	133.856323	F#4	64	102	0	2
1005	134.102646	134.317719	B3	64	87	1	-2
1006	134.102646	134.354484	D#4	64	77	0	4
1007	134.102646	134.413307	F#4	64	54	0	2
1008	134.543822	135.058526	B3	64	102	1	-2
1009	134.543822	135.247864	D#4	64	96	0	4
1010	134.543822	135.264408	F#4	64	87	0	2
1011	134.543822	135.288305	B4	64	97	0	2
1012	134.543822	136.288303	B1	64	102	1	-1
1013	134.543822	136.288303	B2	64	102	1	-4
1014	134.984997	135.536467	F#3	64	99	1	-2
1015	135.205585	135.328746	B3	64	111	1	-2
1016	135.426173	135.707422	B3	64	117	1	-2
1017	135.426173	136.251538	D#4	64	116	0	4
1018	135.426173	136.251538	F#4	64	109	0	2
1019	135.646760	136.332421	F#3	64	79	1	-2
1020	135.867348	136.262568	B3	64	120	1	-2
1021	136.087936	136.246024	B4	64	120	0	2
1022	136.308524	136.657788	E5	64	117	0	2
1023	136.308524	136.448229	B3	64	92	1	-2
1024	136.308524	136.622861	G4	64	89	0	3
1025	136.308524	137.933520	E2	64	97	1	-1
1026	136.308524	137.933520	E3	64	97	1	-4
1027	136.529111	136.837934	B3	64	84	1	-2
1028	136.749699	137.021757	E5	64	114	0	2
1029	136.749699	136.889405	E4	64	76	0	5
1030	136.970287	137.271757	G4	64	108	0	3
1031	137.190875	137.492345	E5	64	111	0	2
1032	137.632050	137.852638	E5	64	108	0	2
1033	137.852638	138.073226	E5	64	108	0	2
1034	137.852638	138.137564	B3	64	84	1	-2
1035	138.073226	138.192711	D5	64	111	0	5
1036	138.073226	138.391240	G4	64	100	0	3
1037	138.073226	139.262561	E2	64	111	1	-1
1038	138.073226	139.262561	E3	64	111	1	-4
1039	138.293813	138.402269	E5	64	111	0	2
1040	138.293813	138.628371	B3	64	84	1	-2
1041	138.514401	138.663298	F#5	64	116	0	4
1042	138.514401	138.615504	E4	64	92	0	5
1043	138.734989	139.249694	E5	64	114	0	2
1044	138.734989	139.240502	G4	64	108	0	3
1045	139.176164	139.420649	E4	64	114	0	5
1046	139.396752	139.545649	E5	64	112	0	2
1047	139.396752	139.529105	B3	64	100	1	-2
1048	139.617340	139.742340	E5	64	108	0	2
1049	139.837928	139.994177	D5	64	102	0	5
1050	139.837928	140.075059	G3	64	82	1	-1
1051	139.837928	140.157780	D4	64	87	0	3
1052	139.837928	141.496012	G1	64	102	1	-5
1053	139.837928	141.496012	G2	64	102	1	-3
1054	140.058515	140.154103	B4	64	100	0	2
1055	140.058515	140.591602	D3	64	64	1	-1
1056	140.279103	140.374691	B4	64	100	0	2
1057	140.279103	140.435353	G3	64	87	1	-1
1058	140.499691	140.608147	B4	64	102	0	2
1059	140.499691	140.981307	G4	64	117	0	3
1060	140.720279	140.837925	B4	64	102	0	2
1061	140.720279	141.510718	D3	64	57	1	-1
1062	140.940866	141.062190	B4	64	100	0	2
1063	140.940866	141.242336	D4	64	84	0	3
1064	141.161454	141.291969	A4	64	94	0	5
1065	141.161454	141.470277	G3	64	60	1	-1
1066	141.382042	142.769906	B4	64	105	0	2
1067	141.382042	142.168805	D4	64	84	0	3
1068	141.602630	141.856306	G3	64	9	1	-1
1069	141.602630	142.823215	G1	64	94	1	-5
1070	141.602630	142.823215	G2	64	94	1	-3
1071	141.823217	142.365496	D3	64	52	1	-1
1072	142.043805	142.152261	G3	64	57	1	-1
1073	142.264393	142.564025	G3	64	97	1	-1
1074	142.264393	142.597113	D4	64	92	0	3
1075	142.264393	142.799318	G4	64	100	0	3
1076	142.484981	142.837921	D3	64	69	1	-1
1077	142.705568	142.977627	G3	64	92	1	-1
1078	142.926156	143.049318	D4	64	80	0	3
1079	143.146744	143.302994	E4	64	105	0	5
1080	143.367332	143.672478	E5	64	111	0	2
1081	143.367332	143.532772	B3	64	89	1	-2
1082	143.367332	143.639390	E4	64	89	0	5
1083	143.367332	145.005196	E2	64	97	1	-1
1084	143.367332	145.005196	E3	64	97	1	-4
1085	143.587919	143.887551	B3	64	87	1	-2
1086	143.808507	144.067698	E5	64	111	0	2
1087	143.808507	144.126521	E4	64	80	0	5
1088	144.029095	144.501520	G4	64	102	0	3
1089	144.249683	144.578726	E5	64	105	0	2
1090	144.470270	144.784608	E4	64	97	0	5
1091	144.690858	144.828725	E5	64	108	0	2
1092	144.690858	144.962916	B3	64	78	1	-2
1093	144.911446	145.076887	E5	64	100	0	2
1094	144.911446	145.622841	G4	64	100	0	3
1095	145.132034	145.255195	D5	64	111	0	5
1096	145.132034	146.536442	E2	64	102	1	-1
1097	145.132034	146.536442	E3	64	102	1	-4
1098	145.352621	145.466592	E5	64	111	0	2
1099	145.352621	145.633871	B3	64	78	1	-2
1100	145.573209	145.746003	F#5	64	112	0	4
1101	145.573209	145.882032	E4	64	76	0	5
1102	145.793797	146.222105	E5	64	117	0	2
1103	145.793797	145.916958	B3	64	67	1	-2
1104	146.014385	146.176149	B3	64	102	1	-2
1105	146.014385	146.483134	G4	64	102	0	3
1106	146.234972	146.676148	E5	64	111	0	2
1107	146.234972	146.472104	B3	64	80	1	-2
1108	146.455560	146.565854	E4	64	100	0	5
1109	146.676148	146.825045	E5	64	105	0	2
1110	146.896736	147.117323	D5	64	105	0	5
1111	146.896736	147.144897	G3	64	89	1	-1
1112	146.896736	147.269897	B3	64	87	1	-2
1113	146.896736	148.536438	G1	64	102	1	-5
1114	146.896736	148.536438	G2	64	102	1	-3
1115	147.117323	147.337911	B4	64	114	0	2
1116	147.117323	147.646734	D3	64	66	1	-1
1117	147.337911	147.472102	B4	64	108	0	2
1118	147.337911	147.499675	G3	64	84	1	-1
1119	147.558499	147.672469	B4	64	97	0	2
1120	147.558499	147.893057	D4	64	102	0	3
1121	147.779087	147.893057	B4	64	108	0	2
1122	147.779087	148.569526	D3	64	76	1	-1
1123	147.999674	148.109968	B4	64	102	0	2
1124	147.999674	148.051145	D4	64	14	0	3
1125	147.999674	150.016214	G4	64	100	0	3
1126	148.220262	148.330556	A4	64	111	0	5
1127	148.220262	148.336071	G3	64	52	1	-1
1128	148.440850	149.554818	B4	64	111	0	2
1129	148.440850	149.161437	D4	64	97	0	3
1130	148.661438	150.251508	G1	64	94	1	-5
1131	148.661438	150.251508	G2	64	94	1	-3
1132	148.882025	149.429818	D3	64	64	1	-1
1133	149.102613	149.275407	G3	64	47	1	-1
1134	149.323201	150.047464	D4	64	84	0	3
1135	149.543789	150.286434	D3	64	82	1	-1
1136	149.764376	150.032758	G3	64	84	1	-1
1137	149.984964	150.113640	D5	64	114	0	5
1138	149.984964	150.236802	B3	64	80	1	-2
1139	150.205552	150.339743	B4	64	108	0	2
1140	150.205552	150.286434	G3	64	57	1	-1
1141	150.426140	150.711065	A4	64	114	0	5
1142	150.426140	150.911433	A3	64	89	1	-4
1143	150.426140	150.957388	C4	64	94	0	1
1144	150.426140	151.894886	A1	64	108	1	-3
1145	150.426140	151.894886	A2	64	108	1	-1
1146	150.867315	150.962903	A4	64	108	0	5
1147	150.867315	151.185329	E3	64	66	1	-4
1148	151.087903	151.244153	A4	64	111	0	5
1149	151.087903	151.562167	A3	64	105	1	-4
1150	151.308491	151.637534	B4	64	117	0	2
1151	151.308491	152.086062	E3	64	58	1	-4
1152	151.529078	151.839739	C4	64	111	0	1
1153	151.749666	151.887533	A4	64	111	0	5
1154	151.970254	152.069518	G4	64	114	0	3
1155	152.190842	152.315841	B4	64	108	0	2
1156	152.190842	152.701870	B3	64	92	1	-2
1157	152.190842	152.854443	D4	64	97	0	3
1158	152.190842	153.450030	B1	64	102	1	-1
1159	152.190842	153.450030	B2	64	102	1	-4
1160	152.411429	153.097090	D5	64	108	0	5
1161	152.632017	152.973928	F#3	64	19	1	-2
1162	152.852605	153.356280	F#4	64	105	0	2
1163	153.073193	153.315839	F#3	64	63	1	-2
1164	153.293780	153.547456	D4	64	114	0	3
1165	153.514368	153.799294	B3	64	84	1	-2
1166	153.734956	153.869147	E4	64	117	0	5
1167	153.734956	153.858117	D4	64	84	0	3
1168	153.955544	154.075029	E5	64	108	0	2
1169	153.955544	154.666939	E4	64	92	0	5
1170	153.955544	155.497820	E2	64	97	1	-1
1171	153.955544	155.497820	E3	64	97	1	-4
1172	154.176131	154.280911	E5	64	111	0	2
1173	154.396719	154.492307	E5	64	102	0	2
1174	154.396719	154.630175	B3	64	58	1	-2
1175	154.617307	154.718410	E5	64	105	0	2
1176	154.617307	155.141203	G4	64	105	0	3
1177	154.837895	154.957380	E5	64	105	0	2
1178	155.058482	155.205541	F#5	64	112	0	4
1179	155.058482	155.560320	E4	64	105	0	5
1180	155.279070	155.411423	E5	64	111	0	2
1181	155.279070	155.521717	B3	64	82	1	-2
1182	155.499658	155.646716	D5	64	114	0	5
1183	155.720246	156.869140	B4	64	117	0	2
1184	155.720246	156.019877	B3	64	94	1	-2
1185	155.720246	156.435318	D4	64	87	0	3
1186	155.720246	157.139360	B1	64	102	1	-1
1187	155.720246	157.139360	B2	64	102	1	-4
1188	156.161421	156.679802	F#3	64	65	1	-2
1189	156.382009	156.666935	B3	64	100	1	-2
1190	156.602597	157.209213	F#4	64	109	0	2
1191	156.823184	157.041934	F#3	64	87	1	-2
1192	157.043772	157.187154	D5	64	105	0	5
1193	157.043772	157.330536	B3	64	94	1	-2
1194	157.264360	157.396713	B4	64	102	0	2
1195	157.264360	157.369139	D4	64	80	0	3
1196	157.484948	157.779065	A4	64	114	0	5
1197	157.484948	157.727594	A3	64	82	1	-4
1198	157.484948	157.880167	C4	64	84	0	1
1199	157.484948	158.904062	A1	64	102	1	-3
1200	157.484948	158.904062	A2	64	102	1	-1
1201	157.705535	158.205534	E3	64	52	1	-4
1202	157.926123	158.060314	A4	64	108	0	5
1203	157.926123	158.075020	A3	64	71	1	-4
1204	158.146711	158.538254	A4	64	120	0	5
1205	158.146711	158.817665	A4	64	102	0	5
1206	158.367299	158.911415	E3	64	76	1	-4
1207	158.587886	158.931636	A4	64	117	0	5
1208	158.587886	158.869136	E4	64	105	0	5
1209	158.808474	158.999650	C4	64	89	0	1
1210	159.029062	159.152223	G4	64	108	0	3
1211	159.029062	159.106268	A3	64	76	1	-4
1212	159.249650	159.420605	B4	64	108	0	2
1213	159.249650	159.749649	B3	64	87	1	-2
1214	159.249650	159.806634	D4	64	87	0	3
1215	159.249650	160.593397	B1	64	94	1	-1
1216	159.249650	160.593397	B2	64	94	1	-4
1217	159.470237	159.911413	F#4	64	111	0	2
1218	159.911413	160.205530	F#4	64	109	0	2
1219	159.911413	160.422441	F#4	64	102	0	2
1220	160.132001	160.383838	F#3	64	79	1	-2
1221	160.352588	160.462882	F#4	64	105	0	2
1222	160.352588	160.624647	D4	64	105	0	3
1223	160.573176	160.701852	F#4	64	105	0	2
1224	160.573176	160.826852	B3	64	92	1	-2
1225	160.793764	160.922440	D4	64	102	0	3
1226	161.014352	161.109940	E4	64	111	0	5
1227	161.014352	161.262513	B3	64	92	1	-2
1228	161.014352	161.615453	E4	64	100	0	5
1229	161.014352	162.681627	E2	64	100	1	-1
1230	161.014352	162.681627	E3	64	100	1	-4
1231	161.234939	161.336042	E4	64	108	0	5
1232	161.455527	161.569497	E4	64	105	0	5
1233	161.455527	161.628321	B3	64	58	1	-2
1234	161.676115	161.797438	E4	64	108	0	5
1235	161.676115	162.137511	G4	64	114	0	3
1236	161.896703	162.021702	D4	64	102	0	3
1237	162.117290	162.218393	E4	64	111	0	5
1238	162.117290	162.374643	E4	64	92	0	5
1239	162.337878	162.779054	F#4	64	102	0	2
1240	162.337878	162.690819	B3	64	100	1	-2
1241	162.779054	164.102580	E4	64	114	0	5
1242	162.779054	162.961039	B3	64	78	1	-2
1243	162.779054	163.233097	E4	64	84	0	5
1244	162.779054	163.556625	E2	64	97	1	-1
1245	162.779054	163.556625	E3	64	97	1	-4
1246	163.220229	163.358096	B3	64	92	1	-2
1247	163.440817	163.727581	B3	64	97	1	-2
1248	163.440817	163.745963	G4	64	108	0	3
1249	163.661405	164.389344	E2	64	89	1	-1
1250	163.661405	164.389344	E3	64	89	1	-4
1251	163.881992	164.196330	G4	64	108	0	3
1252	164.323168	164.481256	B4	64	120	0	2
1253	164.323168	164.536403	B3	64	71	1	-2
1254	164.543756	164.893020	E5	64	117	0	2
1255	164.543756	164.683461	B3	64	92	1	-2
1256	164.543756	164.858093	G4	64	89	0	3
1257	164.543756	166.168752	E2	64	97	1	-1
1258	164.543756	166.168752	E3	64	97	1	-4
1259	164.764343	165.073166	B3	64	84	1	-2
1260	164.984931	165.256989	E5	64	114	0	2
1261	164.984931	165.124637	E4	64	76	0	5
1262	165.205519	165.506989	G4	64	108	0	3
1263	165.426107	165.727577	E5	64	111	0	2
1264	165.867282	166.087870	E5	64	108	0	2
1265	166.087870	166.308458	E5	64	108	0	2
1266	166.087870	166.372796	B3	64	84	1	-2
1267	166.308458	166.427943	D5	64	111	0	5
1268	166.308458	166.626472	G4	64	100	0	3
1269	166.308458	167.497793	E2	64	111	1	-1
1270	166.308458	167.497793	E3	64	111	1	-4
1271	166.529045	166.637501	E5	64	111	0	2
1272	166.529045	166.863603	B3	64	84	1	-2
1273	166.749633	166.898530	F#5	64	116	0	4
1274	166.749633	166.850736	E4	64	92	0	5
1275	166.970221	167.484926	E5	64	114	0	2
1276	166.970221	167.475734	G4	64	108	0	3
1277	167.411396	167.655881	E4	64	114	0	5
1278	167.631984	167.780881	E5	64	112	0	2
1279	167.631984	167.764337	B3	64	100	1	-2
1280	167.852572	167.977572	E5	64	108	0	2
1281	168.073160	168.229409	D5	64	102	0	5
1282	168.073160	168.310291	G3	64	82	1	-1
1283	168.073160	168.393012	D4	64	87	0	3
1284	168.073160	169.731244	G1	64	102	1	-5
1285	168.073160	169.731244	G2	64	102	1	-3
1286	168.293747	168.389335	B4	64	100	0	2
1287	168.293747	168.826834	D3	64	64	1	-1
1288	168.514335	168.609923	B4	64	100	0	2
1289	168.514335	168.670585	G3	64	87	1	-1
1290	168.734923	168.843379	B4	64	102	0	2
1291	168.734923	169.216539	G4	64	117	0	3
1292	168.955511	169.073157	B4	64	102	0	2
1293	168.955511	169.745950	D3	64	57	1	-1
1294	169.176098	169.297422	B4	64	100	0	2
1295	169.176098	169.477568	D4	64	84	0	3
1296	169.396686	169.527201	A4	64	94	0	5
1297	169.396686	169.705509	G3	64	60	1	-1
1298	169.617274	171.005138	B4	64	105	0	2
1299	169.617274	170.404037	D4	64	84	0	3
1300	169.837862	170.091538	G3	64	9	1	-1
1301	169.837862	171.058447	G1	64	94	1	-5
1302	169.837862	171.058447	G2	64	94	1	-3
1303	170.058449	170.600728	D3	64	52	1	-1
1304	170.279037	170.387493	G3	64	57	1	-1
1305	170.499625	170.799257	G3	64	97	1	-1
1306	170.499625	170.832345	D4	64	92	0	3
1307	170.499625	171.034550	G4	64	100	0	3
1308	170.720213	171.073153	D3	64	69	1	-1
1309	170.940800	171.212859	G3	64	92	1	-1
1310	171.161388	171.284550	D4	64	80	0	3
1311	171.381976	171.538226	E4	64	105	0	5
1312	171.602564	171.907710	E5	64	111	0	2
1313	171.602564	171.768004	B3	64	89	1	-2
1314	171.602564	171.874622	E4	64	89	0	5
1315	171.602564	173.240428	E2	64	97	1	-1
1316	171.602564	173.240428	E3	64	97	1	-4
1317	171.823151	172.122783	B3	64	87	1	-2
1318	172.043739	172.302930	E5	64	111	0	2
1319	172.043739	172.361753	E4	64	80	0	5
1320	172.264327	172.736752	G4	64	102	0	3
1321	172.484915	172.813958	E5	64	105	0	2
1322	172.705502	173.019840	E4	64	97	0	5
1323	172.926090	173.063957	E5	64	108	0	2
1324	172.926090	173.198148	B3	64	78	1	-2
1325	173.146678	173.312119	E5	64	100	0	2
1326	173.146678	173.858073	G4	64	100	0	3
1327	173.367266	173.490427	D5	64	111	0	5
1328	173.367266	174.771674	E2	64	102	1	-1
1329	173.367266	174.771674	E3	64	102	1	-4
1330	173.587853	173.701824	E5	64	111	0	2
1331	173.587853	173.869103	B3	64	78	1	-2
1332	173.808441	173.981235	F#5	64	112	0	4
1333	173.808441	174.117264	E4	64	76	0	5
1334	174.029029	174.457337	E5	64	117	0	2
1335	174.029029	174.152190	B3	64	67	1	-2
1336	174.249617	174.411381	B3	64	102	1	-2
1337	174.249617	174.718366	G4	64	102	0	3
1338	174.470204	174.911380	E5	64	111	0	2
1339	174.470204	174.707336	B3	64	80	1	-2
1340	174.690792	174.801086	E4	64	100	0	5
1341	174.911380	175.060277	E5	64	105	0	2
1342	175.131968	175.352555	D5	64	105	0	5
1343	175.131968	175.380129	G3	64	89	1	-1
1344	175.131968	175.505129	B3	64	87	1	-2
1345	175.131968	176.771670	G1	64	102	1	-5
1346	175.131968	176.771670	G2	64	102	1	-3
1347	175.352555	175.573143	B4	64	114	0	2
1348	175.352555	175.881966	D3	64	66	1	-1
1349	175.573143	175.707334	B4	64	108	0	2
1350	175.573143	175.734907	G3	64	84	1	-1
1351	175.793731	175.907701	B4	64	97	0	2
1352	175.793731	176.128289	D4	64	102	0	3
1353	176.014319	176.128289	B4	64	108	0	2
1354	176.014319	176.804758	D3	64	76	1	-1
1355	176.234906	176.345200	B4	64	102	0	2
1356	176.234906	176.286377	D4	64	14	0	3
1357	176.234906	178.251446	G4	64	100	0	3
1358	176.455494	176.565788	A4	64	111	0	5
1359	176.455494	176.571303	G3	64	52	1	-1
1360	176.676082	177.790050	B4	64	111	0	2
1361	176.676082	177.396669	D4	64	97	0	3
1362	176.896670	178.486740	G1	64	94	1	-5
1363	176.896670	178.486740	G2	64	94	1	-3
1364	177.117257	177.665050	D3	64	64	1	-1
1365	177.337845	177.510639	G3	64	47	1	-1
1366	177.558433	178.282696	D4	64	84	0	3
1367	177.779021	178.521666	D3	64	82	1	-1
1368	177.999608	178.267990	G3	64	84	1	-1
1369	178.220196	178.348872	D5	64	114	0	5
1370	178.220196	178.472034	B3	64	80	1	-2
1371	178.440784	178.574975	B4	64	108	0	2
1372	178.440784	178.521666	G3	64	57	1	-1
1373	178.661372	178.946297	A4	64	114	0	5
1374	178.661372	179.146665	A3	64	89	1	-4
1375	178.661372	179.192620	C4	64	94	0	1
1376	178.661372	180.130118	A1	64	108	1	-3
1377	178.661372	180.130118	A2	64	108	1	-1
1378	179.102547	179.198135	A4	64	108	0	5
1379	179.102547	179.420561	E3	64	66	1	-4
1380	179.323135	179.479385	A4	64	111	0	5
1381	179.323135	179.797399	A3	64	105	1	-4
1382	179.543723	179.872766	B4	64	117	0	2
1383	179.543723	180.321294	E3	64	58	1	-4
1384	179.764310	180.074971	C4	64	111	0	1
1385	179.984898	180.122765	A4	64	111	0	5
1386	180.205486	180.304750	G4	64	114	0	3
1387	180.426074	180.551073	B4	64	108	0	2
1388	180.426074	180.937102	B3	64	92	1	-2
1389	180.426074	181.089675	D4	64	97	0	3
1390	180.426074	181.685262	B1	64	102	1	-1
1391	180.426074	181.685262	B2	64	102	1	-4
1392	180.646661	181.332322	D5	64	108	0	5
1393	180.867249	181.209160	F#3	64	19	1	-2
1394	181.087837	181.591512	F#4	64	105	0	2
1395	181.308425	181.551071	F#3	64	63	1	-2
1396	181.529012	181.782688	D4	64	114	0	3
1397	181.749600	182.034526	B3	64	84	1	-2
1398	181.970188	182.104379	E4	64	117	0	5
1399	181.970188	182.093349	D4	64	84	0	3
1400	182.190776	182.310261	E5	64	108	0	2
1401	182.190776	182.902171	E4	64	92	0	5
1402	182.190776	183.733052	E2	64	97	1	-1
1403	182.190776	183.733052	E3	64	97	1	-4
1404	182.411363	182.516143	E5	64	111	0	2
1405	182.631951	182.727539	E5	64	102	0	2
1406	182.631951	182.865407	B3	64	58	1	-2
1407	182.852539	182.953642	E5	64	105	0	2
1408	182.852539	183.376435	G4	64	105	0	3
1409	183.073127	183.192612	E5	64	105	0	2
1410	183.293714	183.440773	F#5	64	112	0	4
1411	183.293714	183.795552	E4	64	105	0	5
1412	183.514302	183.646655	E5	64	111	0	2
1413	183.514302	183.756949	B3	64	82	1	-2
1414	183.734890	183.881948	D5	64	114	0	5
1415	183.955478	185.104372	B4	64	117	0	2
1416	183.955478	184.255109	B3	64	94	1	-2
1417	183.955478	184.670550	D4	64	87	0	3
1418	183.955478	185.374592	B1	64	102	1	-1
1419	183.955478	185.374592	B2	64	102	1	-4
1420	184.396653	184.915034	F#3	64	65	1	-2
1421	184.617241	184.902167	B3	64	100	1	-2
1422	184.837829	185.444445	F#4	64	109	0	2
1423	185.058416	185.277166	F#3	64	87	1	-2
1424	185.279004	185.422386	D5	64	105	0	5
1425	185.279004	185.565768	B3	64	94	1	-2
1426	185.499592	185.631945	B4	64	102	0	2
1427	185.499592	185.604371	D4	64	80	0	3
1428	185.720180	186.014297	A4	64	114	0	5
1429	185.720180	185.962826	A3	64	82	1	-4
1430	185.720180	186.115399	C4	64	84	0	1
1431	185.720180	187.139294	A1	64	102	1	-3
1432	185.720180	187.139294	A2	64	102	1	-1
1433	185.940767	186.440766	E3	64	52	1	-4
1434	186.161355	186.295546	A4	64	108	0	5
1435	186.161355	186.310252	A3	64	71	1	-4
1436	186.381943	186.773486	A4	64	120	0	5
1437	186.381943	187.052897	A4	64	102	0	5
1438	186.602531	187.146647	E3	64	76	1	-4
1439	186.823118	187.166868	A4	64	117	0	5
1440	186.823118	187.104368	E4	64	105	0	5
1441	187.043706	187.234882	C4	64	89	0	1
1442	187.264294	187.387455	G4	64	108	0	3
1443	187.264294	187.341500	A3	64	76	1	-4
1444	187.484882	187.655837	B4	64	108	0	2
1445	187.484882	187.984881	B3	64	87	1	-2
1446	187.484882	188.041866	D4	64	87	0	3
1447	187.484882	188.828629	B1	64	94	1	-1
1448	187.484882	188.828629	B2	64	94	1	-4
1449	187.705469	188.146645	F#4	64	111	0	2
1450	188.146645	188.440762	F#4	64	109	0	2
1451	188.146645	188.657673	F#4	64	102	0	2
1452	188.367233	188.619070	F#3	64	79	1	-2
1453	188.587820	188.698114	F#4	64	105	0	2
1454	188.587820	188.859879	D4	64	105	0	3
1455	188.808408	188.937084	F#4	64	105	0	2
1456	188.808408	189.062084	B3	64	92	1	-2
1457	189.028996	189.157672	D4	64	102	0	3
1458	189.249584	189.345172	E4	64	111	0	5
1459	189.249584	189.497745	B3	64	92	1	-2
1460	189.249584	189.850685	E4	64	100	0	5
1461	189.249584	190.916859	E2	64	100	1	-1
1462	189.249584	190.916859	E3	64	100	1	-4
1463	189.470171	189.571274	E4	64	108	0	5
1464	189.690759	189.804729	E4	64	105	0	5
1465	189.690759	189.863553	B3	64	58	1	-2
1466	189.911347	190.032670	E4	64	108	0	5
1467	189.911347	190.372743	G4	64	114	0	3
1468	190.131935	190.256934	D4	64	102	0	3
1469	190.352522	190.453625	E4	64	111	0	5
1470	190.352522	190.609875	E4	64	92	0	5
1471	190.573110	191.014286	F#4	64	102	0	2
1472	190.573110	190.926051	B3	64	100	1	-2
1473	191.014286	192.337812	E4	64	114	0	5
1474	191.014286	191.196271	B3	64	78	1	-2
1475	191.014286	191.468329	E4	64	84	0	5
1476	191.014286	191.791857	E2	64	97	1	-1
1477	191.014286	191.791857	E3	64	97	1	-4
1478	191.455461	191.593328	B3	64	92	1	-2
1479	191.676049	191.962813	B3	64	97	1	-2
1480	191.676049	191.981195	G4	64	108	0	3
1481	191.896637	192.624576	E2	64	89	1	-1
1482	191.896637	192.624576	E3	64	89	1	-4
1483	192.117224	192.431562	G4	64	108	0	3
1484	192.558400	192.771635	B3	64	71	1	-2
1485	192.778988	193.869059	G#5	64	116	0	1
1486	192.778988	193.326781	F3	64	92	1	-3
1487	192.778988	193.359869	C4	64	92	0	1
1488	192.778988	194.460969	F1	64	105	1	-2
1489	192.778988	194.460969	F2	64	105	1	-5
1490	193.220163	193.766118	C3	64	80	1	-3
1491	193.440751	193.580456	G#3	64	102	1	-5
1492	193.440751	193.589648	F3	64	29	1	-3
1493	193.661339	193.722000	F3	64	41	1	-3
1494	193.661339	194.157661	F4	64	111	0	1
1495	193.881926	194.411337	C3	64	62	1	-3
1496	194.102514	194.255087	G5	64	108	0	5
1497	194.102514	194.422366	F3	64	87	1	-3
1498	194.323102	194.543690	F5	64	117	0	3
1499	194.323102	194.481190	G#3	64	93	1	-5
1500	194.543690	195.547364	C5	64	114	0	3
1501	194.543690	195.028983	F3	64	71	1	-3
1502	194.543690	195.063909	G#3	64	79	1	-5
1503	194.543690	195.082291	C4	64	102	0	1
1504	194.543690	195.858025	F1	64	97	1	-2
1505	194.543690	195.858025	F2	64	97	1	-5
1506	194.984865	195.271629	C3	64	45	1	-3
1507	195.205453	195.457291	F3	64	87	1	-3
1508	195.205453	195.525305	G#3	64	96	1	-5
1509	195.205453	195.549202	C4	64	97	0	1
1510	195.205453	195.606187	F4	64	97	0	1
1511	195.426041	195.812069	C3	64	64	1	-3
1512	195.646628	195.867216	F5	64	114	0	3
1513	195.646628	195.918687	F3	64	97	1	-3
1514	195.867216	196.001407	F5	64	105	0	3
1515	195.867216	196.258759	G3	64	120	1	-1
1516	196.087804	196.194421	D#5	64	116	0	1
1517	196.308392	196.416847	C5	64	108	0	3
1518	196.308392	196.403980	G#3	64	112	1	-5
1519	196.308392	197.323095	G#1	64	96	1	-4
1520	196.308392	197.323095	G#2	64	96	1	-2
1521	196.528979	197.095155	D#3	64	63	1	-5
1522	196.749567	196.869052	C5	64	102	0	3
1523	196.749567	196.878243	G#3	64	63	1	-5
1524	196.970155	197.089640	A#4	64	97	0	1
1525	196.970155	197.150302	G#3	64	82	1	-5
1526	196.970155	197.166846	C4	64	102	0	1
1527	197.190743	197.361698	G#4	64	100	0	4
1528	197.411330	197.701771	A#4	64	112	0	1
1529	197.631918	197.778977	G#3	64	87	1	-5
1530	197.631918	198.350667	C4	64	92	0	1
1531	197.631918	198.527137	D#4	64	96	0	4
1532	197.852506	199.609855	C5	64	111	0	3
1533	197.852506	198.210961	G#3	64	25	1	-5
1534	198.073094	198.835960	G#1	64	105	1	-4
1535	198.073094	198.835960	G#2	64	105	1	-2
1536	198.293681	198.823092	D#3	64	68	1	-5
1537	198.514269	198.628239	G#3	64	96	1	-5
1538	198.734857	198.977503	C4	64	108	0	1
1539	198.734857	199.040003	D#4	64	93	0	4
1540	198.734857	199.043680	G#3	64	102	1	-5
1541	198.955445	199.087797	D#3	64	72	1	-5
1542	199.176032	199.295517	G#3	64	99	1	-5
1543	199.176032	199.319414	C4	64	105	0	1
1544	199.176032	199.370885	D#4	64	105	0	4
1545	199.837796	200.762426	F5	64	111	0	3
1546	199.837796	200.080442	F3	64	89	1	-3
1547	199.837796	200.166839	G#3	64	90	1	-5
1548	199.837796	200.187060	C4	64	73	0	1
1549	199.837796	201.411322	F1	64	102	1	-2
1550	199.837796	201.411322	F2	64	102	1	-5
1551	200.058383	200.540000	C3	64	71	1	-3
1552	200.278971	200.378236	F3	64	105	1	-3
1553	200.499559	200.760588	G3	64	114	1	-1
1554	200.720147	200.988528	C3	64	58	1	-3
1555	200.940734	201.256910	D#5	64	116	0	1
1556	200.940734	201.098822	G#3	64	109	1	-5
1557	200.940734	201.122719	F3	64	92	1	-3
1558	201.161322	201.400292	C3	64	58	1	-3
1559	201.381910	201.556542	C5	64	102	0	3
1560	201.381910	201.718306	C4	64	108	0	1
1561	201.381910	201.736689	F3	64	89	1	-3
1562	201.602498	201.887423	A#4	64	112	0	1
1563	201.602498	202.931539	F1	64	97	1	-2
1564	201.602498	202.931539	F2	64	97	1	-5
1565	201.823085	202.343305	C3	64	64	1	-3
1566	202.043673	202.492202	C5	64	111	0	3
1567	202.043673	202.157643	F3	64	69	1	-3
1568	202.264261	202.525290	F4	64	97	0	1
1569	202.264261	202.530804	G#3	64	112	1	-5
1570	202.264261	202.541834	F3	64	97	1	-3
1571	202.484849	202.589628	C3	64	84	1	-3
1572	202.705436	202.876392	C3	64	94	1	-3
1573	202.926024	203.159480	G#4	64	116	0	4
1574	202.926024	203.074921	F3	64	120	1	-3
1575	203.146612	203.271612	A#4	64	116	0	1
1576	203.146612	203.409479	G3	64	100	1	-1
1577	203.367200	203.642934	C5	64	108	0	3
1578	203.367200	203.481170	G#3	64	112	1	-5
1579	203.367200	204.506903	G#1	64	109	1	-4
1580	203.367200	204.506903	G#2	64	109	1	-2
1581	203.808375	203.937051	C5	64	105	0	3
1582	203.808375	204.519771	D#3	64	102	1	-5
1583	204.028963	204.115360	A#4	64	112	0	1
1584	204.028963	204.196242	G#3	64	102	1	-5
1585	204.249551	204.381903	G#4	64	112	0	4
1586	204.470138	204.745873	A#4	64	116	0	1
1587	204.470138	204.631903	C4	64	114	0	1
1588	204.470138	204.666829	G#3	64	109	1	-5
1589	204.470138	204.694403	D#4	64	112	0	4
1590	204.690726	204.789991	D#3	64	93	1	-5
1591	204.911314	206.802854	G4	64	120	0	3
1592	205.131902	205.359842	C4	64	102	0	1
1593	205.131902	205.422342	E4	64	105	0	5
1594	205.131902	206.308370	C3	64	102	1	-3
1595	205.352489	205.834106	G3	64	71	1	-1
1596	205.573077	205.659474	C4	64	97	0	1
1597	205.793665	206.027120	G4	64	114	0	3
1598	205.793665	206.054694	C4	64	120	0	1
1599	206.014253	206.289987	G3	64	105	1	-1
1600	206.234840	206.374546	C4	64	117	0	1
1601	206.234840	206.521604	E4	64	120	0	5
1602	206.234840	206.707266	G4	64	114	0	3
1603	206.455428	206.716457	C4	64	89	0	1
1604	206.676016	206.876383	E4	64	100	0	5
1605	206.896604	207.986675	G#5	64	116	0	1
1606	206.896604	208.521600	F1	64	105	1	-2
1607	206.896604	208.521600	F2	64	105	1	-5
1608	207.117191	207.626381	C3	64	87	1	-3
1609	207.337779	207.484838	F3	64	102	1	-3
1610	207.558367	207.812043	F4	64	100	0	1
1611	207.558367	207.834102	F3	64	94	1	-3
1612	207.778955	208.464615	C3	64	69	1	-3
1613	207.999542	208.497703	C4	64	105	0	1
1614	208.220130	208.372703	G5	64	108	0	5
1615	208.440718	208.661306	F5	64	117	0	3
1616	208.440718	208.578585	F3	64	69	1	-3
1617	208.661306	209.664980	C5	64	114	0	3
1618	208.661306	209.119025	F3	64	82	1	-3
1619	208.661306	209.267922	F4	64	94	0	1
1620	208.661306	209.977479	F1	64	92	1	-2
1621	208.661306	209.977479	F2	64	92	1	-5
1622	209.102481	209.607995	C3	64	66	1	-3
1623	209.323069	209.505054	F3	64	89	1	-3
1624	209.543657	209.606157	F3	64	80	1	-3
1625	209.543657	209.771597	G#3	64	116	1	-5
1626	209.543657	209.780788	C4	64	120	0	1
1627	209.543657	209.801009	F4	64	102	0	1
1628	209.764244	209.984832	F5	64	114	0	3
1629	209.764244	209.977479	C3	64	76	1	-3
1630	209.984832	210.119023	F5	64	105	0	3
1631	209.984832	210.326743	G3	64	120	1	-1
1632	210.205420	210.312037	D#5	64	116	0	1
1633	210.426008	210.534463	C5	64	108	0	3
1634	210.426008	210.545493	G#3	64	105	1	-5
1635	210.426008	212.087769	G#1	64	96	1	-4
1636	210.426008	212.087769	G#2	64	96	1	-2
1637	210.646595	212.251371	D#3	64	87	1	-5
1638	210.867183	210.986668	C5	64	102	0	3
1639	210.867183	210.990345	G#3	64	82	1	-5
1640	211.087771	211.207256	A#4	64	97	0	1
1641	211.087771	211.282623	D#4	64	99	0	4
1642	211.087771	211.411300	G#3	64	90	1	-5
1643	211.308359	211.479314	G#4	64	100	0	4
1644	211.528946	211.819387	A#4	64	112	0	1
1645	211.528946	211.637402	C4	64	89	0	1
1646	211.528946	211.657623	G#3	64	93	1	-5
1647	211.528946	211.677843	D#4	64	96	0	4
1648	211.970122	213.727471	C5	64	111	0	3
1649	211.970122	212.422327	G#3	64	112	1	-5
1650	211.970122	212.628209	G#4	64	96	0	4
1651	212.190710	213.109825	G#1	64	99	1	-4
1652	212.190710	213.109825	G#2	64	99	1	-2
1653	212.411297	212.929679	D#3	64	63	1	-5
1654	212.631885	212.760561	G#3	64	99	1	-5
1655	212.852473	213.148428	C4	64	108	0	1
1656	212.852473	213.256884	D#4	64	109	0	4
1657	212.852473	213.282619	G#4	64	93	0	4
1658	212.852473	213.319384	G#3	64	99	1	-5
1659	213.073061	213.407619	D#3	64	77	1	-5
1660	213.293648	213.418648	G#1	64	82	1	-4
1661	213.293648	213.418648	G#2	64	82	1	-2
1662	213.734824	213.977470	G3	64	97	1	-1
1663	213.955412	214.880042	F5	64	111	0	3
1664	213.955412	214.240337	F3	64	89	1	-3
1665	213.955412	215.326732	F1	64	97	1	-2
1666	213.955412	215.326732	F2	64	97	1	-5
1667	214.175999	215.280776	C3	64	82	1	-3
1668	214.396587	214.596954	F3	64	92	1	-3
1669	214.617175	214.892910	F3	64	57	1	-3
1670	214.617175	214.937027	F4	64	108	0	1
1671	215.058350	215.374526	D#5	64	116	0	1
1672	215.058350	215.326732	C4	64	100	0	1
1673	215.278938	215.598790	G#3	64	96	1	-5
1674	215.499526	215.674158	C5	64	102	0	3
1675	215.499526	215.685187	F3	64	105	1	-3
1676	215.720114	216.005039	A#4	64	112	0	1
1677	215.720114	216.635553	G#1	64	102	1	-4
1678	215.720114	216.635553	G#2	64	102	1	-2
1679	215.940701	216.492171	D#3	64	87	1	-5
1680	216.161289	216.609818	C5	64	111	0	3
1681	216.161289	216.284451	G#3	64	93	1	-5
1682	216.381877	216.630038	C4	64	105	0	1
1683	216.381877	216.668641	G#3	64	105	1	-5
1684	216.381877	216.696214	D#4	64	105	0	4
1685	216.602465	216.973787	D#3	64	48	1	-5
1686	216.823052	216.975626	C4	64	102	0	1
1687	216.823052	217.041802	G#3	64	102	1	-5
1688	216.823052	217.113493	D#4	64	102	0	4
1689	217.043640	217.277096	G#4	64	116	0	4
1690	217.264228	217.389228	A#4	64	116	0	1
1691	217.484816	217.760550	C5	64	108	0	3
1692	217.484816	217.718271	G#3	64	85	1	-5
1693	217.484816	217.749521	C4	64	94	0	1
1694	217.484816	217.970109	D#4	64	87	0	4
1695	217.484816	218.370843	G#1	64	99	1	-4
1696	217.484816	218.370843	G#2	64	99	1	-2
1697	217.705403	218.258711	D#3	64	61	1	-5
1698	217.925991	218.054667	C5	64	105	0	3
1699	217.925991	218.087755	G#3	64	96	1	-5
1700	218.146579	218.232976	A#4	64	112	0	1
1701	218.146579	218.418637	G#3	64	19	1	-5
1702	218.146579	218.457240	G#4	64	109	0	4
1703	218.367167	218.499519	G#4	64	112	0	4
1704	218.367167	218.477461	D#3	64	90	1	-5
1705	218.587754	218.863489	A#4	64	116	0	1
1706	218.587754	218.703563	C4	64	105	0	1
1707	218.587754	218.911283	D#4	64	102	0	4
1708	218.808342	218.916798	G#3	64	99	1	-5
1709	219.028930	220.920470	G4	64	120	0	3
1710	219.249518	219.462752	C4	64	100	0	1
1711	219.249518	219.545473	E4	64	97	0	5
1712	219.249518	220.841426	C2	64	105	1	-5
1713	219.249518	220.841426	C3	64	105	1	-3
1714	219.470105	219.975619	G3	64	73	1	-1
1715	219.690693	219.819369	C4	64	82	0	1
1716	219.911281	219.959075	C4	64	38	0	1
1717	219.911281	220.100619	C5	64	123	0	3
1718	220.131869	220.425986	G3	64	76	1	-1
1719	220.352456	220.505030	G4	64	105	0	3
1720	220.352456	220.538118	C4	64	108	0	1
1721	220.573044	220.806500	G3	64	50	1	-1
1722	220.793632	220.889220	C4	64	82	0	1
1723	221.014220	221.234807	C4	64	92	0	1
1724	221.014220	221.286278	E4	64	102	0	5
1725	221.014220	222.517893	C2	64	102	1	-5
1726	221.014220	222.517893	C3	64	102	1	-3
1727	221.234807	221.734806	G3	64	58	1	-1
1728	221.455395	221.530763	C4	64	67	0	1
1729	221.675983	221.880027	G4	64	100	0	3
1730	221.675983	221.891056	C4	64	100	0	1
1731	221.896571	222.177820	G3	64	73	1	-1
1732	222.117158	222.249511	C4	64	114	0	1
1733	222.117158	222.356128	E4	64	111	0	5
1734	222.337746	222.595099	G3	64	76	1	-1
1735	222.558334	222.681495	C4	64	87	0	1
1736	222.778922	223.267891	C4	64	100	0	1
1737	222.778922	223.288112	E4	64	102	0	5
1738	222.778922	224.299139	C2	64	102	1	-5
1739	222.778922	224.299139	C3	64	102	1	-3
1740	223.220097	223.486641	G3	64	78	1	-1
1741	223.440685	223.668626	C4	64	44	0	1
1742	223.440685	223.677817	E4	64	73	0	5
1743	223.440685	223.694361	G4	64	100	0	3
1744	223.661273	223.929654	G3	64	80	1	-1
1745	223.881860	224.056492	C4	64	100	0	1
1746	223.881860	224.085904	G4	64	100	0	3
1747	223.881860	224.126345	C5	64	111	0	3
1748	223.881860	224.135536	E4	64	102	0	5
1749	224.102448	224.374506	G3	64	69	1	-1
1750	224.323036	224.479286	C4	64	87	0	1
1751	224.543624	225.039946	C4	64	92	0	1
1752	224.543624	225.126343	E4	64	97	0	5
1753	224.543624	225.273401	G4	64	97	0	3
1754	224.543624	226.319355	C2	64	100	1	-5
1755	224.543624	226.319355	C3	64	100	1	-3
1756	224.984799	225.460901	G3	64	51	1	-1
1757	225.205387	225.236637	E4	64	25	0	5
1758	225.205387	225.315681	C4	64	108	0	1
1759	225.425975	225.674136	C4	64	111	0	1
1760	225.425975	225.694356	C5	64	108	0	3
1761	225.425975	225.698033	E4	64	114	0	5
1762	225.425975	225.701709	G4	64	120	0	3
1763	225.646562	226.302811	G3	64	111	1	-1
1764	225.867150	225.951709	E4	64	49	0	5
1765	225.867150	225.962738	G4	64	25	0	3
1766	225.867150	226.249502	C4	64	102	0	1
1767	226.308326	226.576707	F4	64	100	0	1
1768	226.308326	229.617142	F2	64	93	1	-5
1769	226.308326	229.729274	F3	64	105	1	-3
1770	226.528913	227.019721	C4	64	84	0	1
1771	226.749501	226.859795	F4	64	108	0	1
1772	226.970089	227.245824	F4	64	92	0	1
1773	227.190677	227.455382	C4	64	71	0	1
1774	227.411264	227.641043	F4	64	78	0	1
1775	227.631852	228.142880	C4	64	82	0	1
1776	227.852440	227.973763	F4	64	94	0	1
1777	228.073028	228.490306	G4	64	116	0	3
1778	228.293615	228.813835	C4	64	78	0	1
1779	228.514203	228.630012	F4	64	82	0	1
1780	228.734791	229.003173	G4	64	109	0	3
1781	228.955379	229.039937	C4	64	67	0	1
1782	229.175966	229.751333	C4	64	73	0	1
1783	229.396554	229.641039	F4	64	102	0	1
1784	229.617142	229.731112	G4	64	109	0	3
1785	229.837730	230.139200	G#4	64	102	0	4
1786	229.837730	231.481108	F3	64	100	1	-3
1787	229.837730	233.146546	F2	64	93	1	-5
1788	230.058317	230.561993	C4	64	45	0	1
1789	230.278905	230.359787	F4	64	76	0	1
1790	230.499493	230.911257	F4	64	94	0	1
1791	230.499493	231.028903	G#4	64	100	0	4
1792	230.940668	231.556476	C4	64	84	0	1
1793	231.161256	231.411256	F4	64	105	0	1
1794	231.381844	231.519711	G#4	64	97	0	4
1795	231.602432	232.060151	G4	64	112	0	3
1796	231.823019	232.302798	C4	64	66	0	1
1797	232.043607	232.153901	D#4	64	82	0	4
1798	232.264195	232.949855	G4	64	116	0	3
1799	232.705370	233.315663	C4	64	80	0	1
1800	232.925958	233.073017	D#4	64	71	0	4
1801	233.146546	233.326693	G4	64	93	0	3
1802	233.367134	233.380001	F3	64	105	1	-3
1803	233.367134	233.635515	F4	64	100	0	1
1804	233.367134	236.675950	F2	64	93	1	-5
1805	233.587721	234.078529	C4	64	84	0	1
1806	233.808309	233.918603	F4	64	108	0	1
1807	234.028897	234.304632	F4	64	92	0	1
1808	234.249485	234.514190	C4	64	71	0	1
1809	234.470072	234.699851	F4	64	78	0	1
1810	234.690660	235.201688	C4	64	82	0	1
1811	234.911248	235.032571	F4	64	94	0	1
1812	235.131836	235.549114	G4	64	116	0	3
1813	235.352423	235.872643	C4	64	78	0	1
1814	235.573011	235.688820	F4	64	82	0	1
1815	235.793599	236.061981	G4	64	109	0	3
1816	236.014187	236.098745	C4	64	67	0	1
1817	236.234774	236.810141	C4	64	73	0	1
1818	236.455362	236.699847	F4	64	102	0	1
1819	236.675950	236.789920	G4	64	109	0	3
1820	236.896538	237.198008	G#4	64	102	0	4
1821	236.896538	238.539916	F3	64	100	1	-3
1822	236.896538	240.205354	F2	64	93	1	-5
1823	237.117125	237.620801	C4	64	45	0	1
1824	237.337713	237.418595	F4	64	76	0	1
1825	237.558301	237.970065	F4	64	94	0	1
1826	237.558301	238.087711	G#4	64	100	0	4
1827	237.999476	238.615284	C4	64	84	0	1
1828	238.220064	238.470064	F4	64	105	0	1
1829	238.440652	238.578519	G#4	64	97	0	4
1830	238.661240	239.118959	G4	64	112	0	3
1831	238.881827	239.361606	C4	64	66	0	1
1832	239.102415	239.212709	D#4	64	82	0	4
1833	239.323003	240.008663	G4	64	116	0	3
1834	239.764178	240.374471	C4	64	80	0	1
1835	239.984766	240.131825	D#4	64	71	0	4
1836	240.205354	240.385501	G4	64	93	0	3
1837	240.425942	240.438809	F3	64	105	1	-3
1838	240.425942	240.694323	F4	64	100	0	1
1839	240.425942	243.734758	F2	64	93	1	-5
1840	240.646529	241.137337	C4	64	84	0	1
1841	240.867117	240.977411	F4	64	108	0	1
1842	241.087705	241.363440	F4	64	92	0	1
1843	241.308293	241.572998	C4	64	71	0	1
1844	241.528880	241.758659	F4	64	78	0	1
1845	241.749468	242.260496	C4	64	82	0	1
1846	241.970056	242.091379	F4	64	94	0	1
1847	242.190644	242.607922	G4	64	116	0	3
1848	242.411231	242.931451	C4	64	78	0	1
1849	242.631819	242.747628	F4	64	82	0	1
1850	242.852407	243.120789	G4	64	109	0	3
1851	243.072995	243.157553	C4	64	67	0	1
1852	243.293582	243.868949	C4	64	73	0	1
1853	243.514170	243.758655	F4	64	102	0	1
1854	243.734758	243.848728	G4	64	109	0	3
1855	243.955346	244.256816	G#4	64	102	0	4
1856	243.955346	245.598724	F3	64	100	1	-3
1857	243.955346	247.264162	F2	64	93	1	-5
1858	244.175933	244.679609	C4	64	45	0	1
1859	244.396521	244.477403	F4	64	76	0	1
1860	244.617109	245.028873	F4	64	94	0	1
1861	244.617109	245.146519	G#4	64	100	0	4
1862	245.058284	245.674092	C4	64	84	0	1
1863	245.278872	245.528872	F4	64	105	0	1
1864	245.499460	245.637327	G#4	64	97	0	4
1865	245.720048	246.177767	G4	64	112	0	3
1866	245.940635	246.420414	C4	64	66	0	1
1867	246.161223	246.271517	D#4	64	82	0	4
1868	246.381811	247.067471	G4	64	116	0	3
1869	246.822986	247.433279	C4	64	80	0	1
1870	247.043574	247.190633	D#4	64	71	0	4
1871	247.264162	247.444309	G4	64	93	0	3
1872	247.484750	247.497617	F3	64	105	1	-3
1873	247.484750	247.753131	F4	64	100	0	1
1874	247.484750	250.793566	F2	64	93	1	-5
1875	247.705337	248.196145	C4	64	84	0	1
1876	247.925925	248.036219	F4	64	108	0	1
1877	248.146513	248.422248	F4	64	92	0	1
1878	248.367101	248.631806	C4	64	71	0	1
1879	248.587688	248.817467	F4	64	78	0	1
1880	248.808276	249.319304	C4	64	82	0	1
1881	249.028864	249.150187	F4	64	94	0	1
1882	249.249452	249.666730	G4	64	116	0	3
1883	249.470039	249.990259	C4	64	78	0	1
1884	249.690627	249.806436	F4	64	82	0	1
1885	249.911215	250.179597	G4	64	109	0	3
1886	250.131803	250.216361	C4	64	67	0	1
1887	250.352390	250.927757	C4	64	73	0	1
1888	250.572978	250.817463	F4	64	102	0	1
1889	250.793566	250.907536	G4	64	109	0	3
1890	251.014154	251.315624	G#4	64	102	0	4
1891	251.014154	252.657532	F3	64	100	1	-3
1892	251.014154	254.322970	F2	64	93	1	-5
1893	251.234741	251.738417	C4	64	45	0	1
1894	251.455329	251.536211	F4	64	76	0	1
1895	251.675917	252.087681	F4	64	94	0	1
1896	251.675917	252.205327	G#4	64	100	0	4
1897	252.117092	252.732900	C4	64	84	0	1
1898	252.337680	252.587680	F4	64	105	0	1
1899	252.558268	252.696135	G#4	64	97	0	4
1900	252.778856	253.236575	G4	64	112	0	3
1901	252.778856	254.556425	F3	64	94	1	-3
1902	252.999443	253.479222	C4	64	66	0	1
1903	253.220031	253.330325	D#4	64	82	0	4
1904	253.440619	254.126279	G4	64	116	0	3
1905	253.881794	254.492087	C4	64	80	0	1
1906	254.102382	254.249441	D#4	64	71	0	4
1907	254.322970	254.503117	G4	64	93	0	3
1908	254.556425	257.674065	F2	64	100	1	-5
1909	254.778851	257.661198	C3	64	66	1	-3
1910	254.916719	258.223697	F3	64	52	1	-3
1911	255.015983	258.203476	G#3	64	44	1	-5
1912	255.150174	258.232888	C4	64	64	0	1
1913	255.231056	258.275167	F4	64	40	0	1
