//Version: PianoFingering_v170101
0	0.431250	3.000000	A3	64	55	1	-4
1	0.503125	2.906250	D4	64	46	0	3
2	0.520313	3.465625	D3	64	51	1	-1
3	0.587500	3.526563	F4	64	57	0	1
4	3.492188	6.393750	G3	64	44	1	-1
5	3.570312	5.860938	C4	64	60	0	1
6	3.604688	6.342188	C3	64	71	1	-3
7	3.654688	6.378125	E4	64	22	0	5
8	6.531250	6.815625	G3	64	57	1	-1
9	6.568750	10.881250	A#3	64	45	1	-3
10	6.593750	10.898438	A#2	64	68	1	-5
11	6.639063	10.892188	D4	64	50	0	3
12	6.695312	10.884375	F4	64	34	0	1
13	11.128125	11.432813	G3	64	87	1	-1
14	11.128125	11.467188	D4	64	89	0	3
15	11.128125	11.503125	G2	64	102	1	-3
16	11.878125	12.529688	A2	64	105	1	-1
17	11.878125	12.534375	A3	64	92	1	-4
18	11.878125	12.534375	E4	64	97	0	5
19	11.878125	12.542188	C4	64	87	0	1
20	12.628125	13.018750	F4	64	97	0	1
21	12.628125	13.035938	D4	64	84	0	3
22	12.628125	15.076563	D2	64	100	1	-3
23	12.628125	15.076563	D3	64	100	1	-1
24	13.003125	13.542188	A3	64	69	1	-4
25	13.378125	13.714063	A4	64	102	0	5
26	13.378125	13.739063	F4	64	100	0	1
27	13.378125	13.767188	D4	64	84	0	3
28	13.753125	14.023438	A3	64	40	1	-4
29	13.940625	14.154688	D4	64	89	0	3
30	13.940625	14.167188	F4	64	89	0	1
31	14.128125	14.328125	A3	64	55	1	-4
32	14.315625	14.621875	D4	64	94	0	3
33	14.503125	15.084375	A3	64	92	1	-4
34	14.878125	15.201563	F4	64	105	0	1
35	14.878125	15.239063	D4	64	105	0	3
36	15.253125	15.604688	D2	64	97	1	-3
37	15.253125	15.604688	D3	64	97	1	-1
38	15.628125	16.054688	G4	64	89	0	3
39	15.628125	16.065625	D4	64	78	0	3
40	15.628125	16.498438	G2	64	92	1	-3
41	15.628125	16.498438	G3	64	92	1	-1
42	16.378125	16.748438	G4	64	105	0	3
43	16.378125	16.762500	D4	64	94	0	3
44	16.378125	16.768750	A#4	64	102	0	1
45	16.940625	17.164062	D4	64	84	0	3
46	16.940625	17.176562	G4	64	94	0	3
47	17.128125	17.725000	G2	64	49	1	-3
48	17.128125	17.725000	G3	64	49	1	-1
49	17.315625	17.417188	D4	64	94	0	3
50	17.503125	18.039062	D4	64	84	0	3
51	17.503125	18.079688	G4	64	105	0	3
52	17.878125	18.045313	G2	64	82	1	-3
53	17.878125	18.045313	G3	64	82	1	-1
54	18.253125	18.420313	F4	64	97	0	1
55	18.440625	18.581250	E4	64	67	0	5
56	18.628125	19.226562	F4	64	89	0	1
57	18.628125	19.564063	A#1	64	99	1	-2
58	18.628125	19.564063	A#2	64	99	1	-5
59	19.003125	19.479688	F3	64	40	1	-3
60	19.378125	19.789062	D4	64	84	0	3
61	19.378125	19.804688	A#3	64	82	1	-3
62	19.378125	19.818750	F4	64	97	0	1
63	19.753125	20.012500	A#1	64	28	1	-2
64	19.753125	20.012500	A#2	64	28	1	-5
65	19.753125	20.200000	F3	64	53	1	-3
66	19.940625	20.193750	A#3	64	85	1	-3
67	19.940625	20.235938	D4	64	89	0	3
68	19.940625	20.342188	F4	64	102	0	1
69	20.503125	21.045313	D4	64	97	0	3
70	20.503125	21.048438	A#3	64	99	1	-3
71	20.503125	21.081250	F4	64	102	0	1
72	20.878125	21.348438	A#1	64	39	1	-2
73	20.878125	21.348438	A#2	64	39	1	-5
74	21.065625	21.512500	F3	64	87	1	-3
75	21.253125	21.562500	A#3	64	109	1	-3
76	21.440625	21.571875	D4	64	80	0	3
77	21.628125	22.557813	A1	64	105	1	-3
78	21.628125	22.557813	A2	64	105	1	-1
79	22.003125	22.473438	E3	64	80	1	-4
80	22.378125	22.712500	C#4	64	102	0	2
81	22.378125	22.729688	A3	64	102	1	-4
82	22.378125	22.745313	E4	64	94	0	5
83	22.940625	23.093750	D4	64	97	0	3
84	22.940625	23.115625	A3	64	100	1	-4
85	23.128125	23.335938	A1	64	51	1	-3
86	23.128125	23.335938	A2	64	51	1	-1
87	23.315625	23.684375	A3	64	94	1	-4
88	23.315625	23.717188	C#4	64	105	0	2
89	23.503125	24.334375	A1	64	82	1	-3
90	23.503125	24.334375	A2	64	82	1	-1
91	23.690625	23.939063	E3	64	92	1	-4
92	23.878125	24.101562	A3	64	111	1	-4
93	23.878125	24.121875	C#4	64	102	0	2
94	23.878125	24.134375	E4	64	102	0	5
95	24.065625	24.259375	E3	64	71	1	-4
96	24.253125	24.470313	A3	64	114	1	-4
97	24.628125	25.131250	D4	64	105	0	3
98	24.628125	25.137500	A3	64	105	1	-4
99	24.628125	25.525000	D2	64	94	1	-3
100	24.628125	25.525000	D3	64	94	1	-1
101	25.378125	25.735938	D4	64	111	0	3
102	25.378125	25.756250	A3	64	111	1	-4
103	25.378125	25.789062	F4	64	111	0	1
104	25.753125	27.132812	D2	64	78	1	-3
105	25.753125	27.132812	D3	64	78	1	-1
106	25.940625	26.125000	E4	64	102	0	5
107	25.940625	26.131250	A3	64	105	1	-4
108	26.315625	26.581250	A3	64	105	1	-4
109	26.315625	26.660938	D4	64	105	0	3
110	26.315625	26.753125	F4	64	102	0	1
111	26.690625	26.798438	A3	64	89	1	-4
112	26.878125	27.265625	A3	64	108	1	-4
113	26.878125	27.325000	D4	64	108	0	3
114	27.253125	27.440625	D2	64	94	1	-3
115	27.253125	27.440625	D3	64	94	1	-1
116	27.440625	27.523438	A3	64	108	1	-4
117	27.628125	28.007812	A#3	64	72	1	-3
118	27.628125	28.079688	G3	64	82	1	-1
119	27.628125	30.320312	G1	64	74	1	-5
120	27.628125	30.320312	G2	64	105	1	-3
121	28.003125	28.462500	D2	64	62	1	-3
122	28.003125	28.462500	D3	64	62	1	-1
123	28.378125	28.634375	D4	64	97	0	3
124	28.378125	28.670313	A#3	64	109	1	-3
125	28.378125	28.765625	G3	64	100	1	-1
126	28.753125	29.045313	D2	64	43	1	-3
127	28.753125	29.045313	D3	64	43	1	-1
128	28.940625	29.176563	G3	64	97	1	-1
129	28.940625	29.209375	G4	64	94	0	3
130	29.128125	29.354688	D2	64	62	1	-3
131	29.128125	29.354688	D3	64	62	1	-1
132	29.315625	29.553125	D4	64	102	0	3
133	29.315625	29.556250	G3	64	108	1	-1
134	29.503125	30.023438	D2	64	82	1	-3
135	29.503125	30.023438	D3	64	82	1	-1
136	29.878125	30.181250	G3	64	84	1	-1
137	29.878125	30.193750	A#3	64	96	1	-3
138	29.878125	30.242188	D4	64	97	0	3
139	30.253125	30.404688	D3	64	82	1	-1
140	30.628125	31.212500	D4	64	97	0	3
141	30.628125	31.232813	A#3	64	90	1	-3
142	30.628125	33.040625	A#1	64	96	1	-2
143	30.628125	33.040625	A#2	64	96	1	-5
144	31.003125	31.498438	F3	64	34	1	-3
145	31.378125	31.696875	F4	64	105	0	1
146	31.378125	31.753125	D4	64	92	0	3
147	31.378125	31.815625	A#3	64	79	1	-3
148	31.753125	32.070312	F3	64	33	1	-3
149	31.940625	32.304688	A#3	64	90	1	-3
150	31.940625	32.423437	D4	64	100	0	3
151	32.315625	32.950000	F3	64	94	1	-3
152	32.503125	32.789062	A#3	64	102	1	-3
153	32.878125	33.170313	D4	64	97	0	3
154	32.878125	33.203125	A#3	64	90	1	-3
155	32.878125	33.259375	F4	64	105	0	1
156	33.253125	33.395313	A#1	64	99	1	-2
157	33.253125	33.395313	A#2	64	99	1	-5
158	33.628125	34.160938	C#4	64	77	0	2
159	33.628125	34.187500	E4	64	94	0	5
160	33.628125	34.193750	A3	64	97	1	-4
161	33.628125	35.056250	A1	64	100	1	-3
162	33.628125	35.056250	A2	64	100	1	-1
163	34.378125	34.548437	A3	64	111	1	-4
164	34.378125	34.562500	A4	64	100	0	5
165	34.565625	35.051563	E3	64	73	1	-4
166	34.753125	35.029688	A3	64	97	1	-4
167	34.940625	35.071875	C#4	64	87	0	2
168	35.128125	36.460938	A3	64	92	1	-4
169	35.128125	36.460938	C#4	64	85	0	2
170	35.128125	36.467188	E4	64	92	0	5
171	35.128125	36.479688	A1	64	97	1	-3
172	35.128125	36.479688	A2	64	97	1	-1
173	36.628125	37.376562	D4	64	94	0	3
174	36.628125	37.373438	F4	64	94	0	1
175	36.628125	38.942188	D2	64	92	1	-3
176	36.628125	38.942188	D3	64	92	1	-1
177	37.003125	37.526563	A3	64	60	1	-4
178	37.378125	37.753125	D4	64	80	0	3
179	37.378125	37.954687	D4	64	102	0	3
180	37.753125	38.128125	C4	64	100	0	1
181	37.753125	38.268750	A3	64	73	1	-4
182	38.128125	38.503125	D4	64	92	0	3
183	38.128125	38.684375	D4	64	105	0	3
184	38.128125	38.862500	A4	64	94	0	5
185	38.503125	38.878125	E4	64	97	0	5
186	38.503125	38.925000	A3	64	47	1	-4
187	38.878125	39.628125	F4	64	92	0	1
188	38.878125	38.967188	F4	64	84	0	1
189	38.878125	39.014063	D4	64	87	0	3
190	39.628125	40.003125	A#3	64	105	1	-3
191	39.628125	40.417188	A#3	64	61	1	-3
192	39.628125	40.450000	G3	64	69	1	-1
193	39.628125	42.187500	G1	64	97	1	-5
194	39.628125	42.187500	G2	64	97	1	-3
195	40.003125	40.378125	F4	64	97	0	1
196	40.003125	40.514063	D3	64	45	1	-1
197	40.378125	40.753125	E4	64	105	0	5
198	40.378125	40.885938	D4	64	100	0	3
199	40.753125	41.128125	F4	64	100	0	1
200	40.753125	41.246875	D3	64	52	1	-1
201	41.128125	42.626563	E4	64	97	0	5
202	41.128125	41.928125	G3	64	78	1	-1
203	41.128125	41.935938	G4	64	94	0	3
204	41.503125	42.284375	D3	64	52	1	-1
205	41.878125	42.162500	A#3	64	99	1	-3
206	41.878125	42.365625	D4	64	92	0	3
207	42.253125	42.362500	G3	64	49	1	-1
208	42.628125	43.376563	E4	64	100	0	5
209	42.628125	43.225000	C#4	64	55	0	2
210	42.628125	43.412500	A3	64	87	1	-4
211	42.628125	45.592188	A1	64	94	1	-3
212	42.628125	45.592188	A2	64	94	1	-1
213	43.003125	43.504688	E3	64	64	1	-4
214	43.378125	43.753125	E4	64	94	0	5
215	43.378125	43.681250	E4	64	108	0	5
216	43.753125	44.128125	D4	64	89	0	3
217	43.753125	45.503125	E3	64	76	1	-4
218	44.128125	44.690625	C#4	64	85	0	2
219	44.128125	44.529688	G3	64	89	1	-1
220	44.128125	44.648438	C#4	64	85	0	2
221	44.503125	45.245313	C#3	64	57	1	-2
222	44.690625	45.335938	A3	64	111	1	-4
223	44.878125	45.184375	E4	64	89	0	5
224	44.878125	45.240625	A3	64	94	1	-4
225	45.253125	46.003125	E4	64	108	0	5
226	45.628125	45.764063	A3	64	62	1	-4
227	45.628125	46.418750	F4	64	92	0	1
228	45.628125	48.412500	D2	64	92	1	-3
229	45.628125	48.412500	D3	64	92	1	-1
230	46.003125	48.626563	D4	64	92	0	3
231	46.003125	46.475000	A3	64	73	1	-4
232	46.378125	46.970313	D4	64	84	0	3
233	46.753125	47.193750	A3	64	80	1	-4
234	47.128125	47.762500	F4	64	94	0	1
235	47.503125	47.964063	A3	64	69	1	-4
236	47.878125	48.437500	E4	64	97	0	5
237	48.253125	48.503125	A3	64	92	1	-4
238	48.628125	49.376563	D4	64	89	0	3
239	48.628125	48.854688	A3	64	92	1	-4
240	48.628125	49.434375	D4	64	84	0	3
241	48.628125	51.114063	D2	64	100	1	-3
242	48.628125	51.114063	D3	64	100	1	-1
243	49.003125	49.434375	A3	64	69	1	-4
244	49.378125	49.753125	D4	64	92	0	3
245	49.378125	49.959375	F4	64	100	0	1
246	49.753125	50.128125	C4	64	111	0	1
247	49.753125	49.985938	A3	64	97	1	-4
248	50.128125	50.503125	D4	64	102	0	3
249	50.128125	50.295313	A3	64	111	1	-4
250	50.128125	50.759375	E4	64	94	0	5
251	50.503125	50.878125	E4	64	100	0	5
252	50.503125	51.048438	A3	64	62	1	-4
253	50.878125	51.628125	F4	64	105	0	1
254	50.878125	50.943750	E4	64	78	0	5
255	50.878125	51.500000	D4	64	117	0	3
256	51.253125	51.470313	A1	64	102	1	-3
257	51.253125	51.470313	A2	64	102	1	-1
258	51.628125	52.753125	A#3	64	93	1	-3
259	51.628125	52.154688	A#3	64	46	1	-3
260	51.628125	52.387500	G3	64	78	1	-1
261	51.628125	54.142188	G1	64	102	1	-5
262	51.628125	54.142188	G2	64	102	1	-3
263	52.003125	52.571875	D3	64	60	1	-1
264	52.378125	53.667188	D4	64	94	0	3
265	52.753125	53.128125	F4	64	105	0	1
266	52.753125	53.312500	D3	64	60	1	-1
267	52.940625	53.039062	G3	64	1	1	-1
268	53.128125	54.253125	E4	64	102	0	5
269	53.128125	53.703125	G4	64	97	0	3
270	53.503125	54.176563	D3	64	28	1	-1
271	53.878125	54.382812	A#3	64	87	1	-3
272	53.878125	54.409375	G4	64	92	0	3
273	53.878125	54.485938	D4	64	97	0	3
274	54.253125	54.628125	F4	64	114	0	1
275	54.253125	54.503125	G1	64	100	1	-5
276	54.253125	54.503125	G2	64	100	1	-3
277	54.628125	55.751563	G4	64	105	0	3
278	54.628125	54.828125	G3	64	84	1	-1
279	54.628125	55.384375	C4	64	94	0	1
280	54.628125	57.015625	C2	64	89	1	-5
281	54.628125	57.015625	C3	64	89	1	-3
282	55.003125	55.381250	G3	64	66	1	-1
283	55.378125	56.000000	E4	64	102	0	5
284	55.753125	56.128125	G4	64	102	0	3
285	55.753125	56.006250	G3	64	73	1	-1
286	56.128125	56.690625	E4	64	92	0	5
287	56.128125	56.331250	G3	64	87	1	-1
288	56.128125	56.626563	C4	64	92	0	1
289	56.503125	56.753125	G3	64	64	1	-1
290	56.690625	57.253125	E4	64	92	0	5
291	56.878125	57.003125	G3	64	102	1	-1
292	56.878125	57.020313	C4	64	102	0	1
293	56.878125	57.050000	E4	64	102	0	5
294	57.253125	57.628125	C4	64	94	0	1
295	57.628125	63.251563	D4	64	100	0	3
296	57.628125	58.110938	D4	64	94	0	3
297	57.628125	58.242188	G4	64	100	0	3
298	57.628125	58.639063	D2	64	102	1	-3
299	57.628125	58.639063	D3	64	102	1	-1
300	58.003125	58.637500	A3	64	71	1	-4
301	58.378125	58.520313	D4	64	114	0	3
302	58.753125	59.365625	D4	64	102	0	3
303	58.753125	59.571875	F#4	64	105	0	2
304	58.753125	59.973438	A3	64	100	1	-4
305	58.753125	59.995313	D2	64	100	1	-3
306	58.753125	59.995313	D3	64	100	1	-1
307	59.503125	59.795313	D4	64	76	0	3
308	60.253125	61.164062	A3	64	84	1	-4
309	60.253125	61.557813	D4	64	97	0	3
310	60.253125	61.584375	F4	64	108	0	1
311	60.253125	62.328125	D2	64	102	1	-3
312	60.253125	62.328125	D3	64	102	1	-1
313	61.378125	62.301563	A3	64	89	1	-4
314	61.753125	61.996875	D4	64	92	0	3
315	62.128125	62.650000	A4	64	100	0	5
316	62.128125	62.670313	F4	64	105	0	1
317	62.128125	62.706250	D4	64	92	0	3
318	62.503125	63.276563	A3	64	78	1	-4
319	62.503125	63.345313	D3	64	67	1	-1
320	62.878125	63.062500	D4	64	100	0	3
321	62.878125	63.064063	F4	64	111	0	1
322	62.878125	63.106250	A4	64	111	0	5
323	63.253125	63.628125	D4	64	100	0	3
324	63.253125	63.523438	D4	64	84	0	3
325	63.253125	63.545313	G4	64	89	0	3
326	63.628125	64.753125	F4	64	102	0	1
327	63.628125	64.056250	D4	64	87	0	3
328	63.628125	64.071875	F4	64	94	0	1
329	63.628125	66.117188	D3	64	105	1	-1
330	63.820312	66.310938	D2	64	93	1	-3
331	64.003125	64.496875	A3	64	78	1	-4
332	64.378125	64.868750	D4	64	105	0	3
333	64.378125	64.898438	F4	64	102	0	1
334	64.753125	65.128125	E4	64	111	0	5
335	64.753125	65.250000	A3	64	84	1	-4
336	65.128125	66.253125	D4	64	111	0	3
337	65.128125	65.568750	F4	64	100	0	1
338	65.128125	65.601562	D4	64	100	0	3
339	65.503125	65.960938	A3	64	71	1	-4
340	65.878125	66.207813	D4	64	105	0	3
341	65.878125	66.300000	F4	64	105	0	1
342	66.253125	67.003125	A4	64	100	0	5
343	66.253125	66.403125	A3	64	100	1	-4
344	66.628125	66.800000	G3	64	82	1	-1
345	66.628125	67.003125	D4	64	87	0	3
346	66.628125	67.045313	A#3	64	85	1	-3
347	66.628125	68.323437	G2	64	100	1	-3
348	66.820312	68.515625	G1	64	88	1	-5
349	67.003125	69.253125	G4	64	102	0	3
350	67.003125	67.323437	G3	64	62	1	-1
351	67.378125	67.431250	G3	64	27	1	-1
352	67.378125	67.800000	G4	64	94	0	3
353	67.378125	67.820312	A#3	64	102	1	-3
354	67.378125	67.889063	D4	64	102	0	3
355	67.753125	68.001563	G3	64	71	1	-1
356	68.128125	68.493750	G3	64	92	1	-1
357	68.128125	68.579688	A#3	64	102	1	-3
358	68.128125	68.635937	D4	64	102	0	3
359	68.503125	69.014063	D3	64	89	1	-1
360	68.690625	68.815625	G3	64	92	1	-1
361	68.695312	69.206250	D2	64	77	1	-3
362	68.878125	69.214062	G3	64	102	1	-1
363	68.878125	69.231250	A#3	64	105	1	-3
364	68.878125	69.501563	D4	64	105	0	3
365	69.253125	69.628125	F4	64	94	0	1
366	69.253125	69.535938	G2	64	105	1	-3
367	69.440625	69.550000	G3	64	105	1	-1
368	69.445312	69.728125	G1	64	93	1	-5
369	69.628125	71.126563	G4	64	102	0	3
370	69.628125	69.829688	G3	64	94	1	-1
371	69.628125	70.092188	C4	64	97	0	1
372	69.628125	70.606250	C3	64	111	1	-3
373	69.820312	70.798438	C2	64	99	1	-5
374	70.003125	70.146875	G3	64	58	1	-1
375	70.378125	70.615625	G3	64	108	1	-1
376	70.378125	70.850000	E4	64	92	0	5
377	70.753125	71.043750	C3	64	76	1	-3
378	70.940625	71.042187	G3	64	92	1	-1
379	70.945312	71.237500	C2	64	64	1	-5
380	71.128125	72.251563	G4	64	108	0	3
381	71.128125	71.345313	G3	64	94	1	-1
382	71.128125	71.589062	C4	64	102	0	1
383	71.128125	72.117188	C3	64	92	1	-3
384	71.320312	72.310938	C2	64	80	1	-5
385	71.503125	71.631250	G3	64	100	1	-1
386	71.878125	72.059375	G3	64	100	1	-1
387	71.878125	72.128125	C4	64	111	0	1
388	71.878125	72.231250	E4	64	102	0	5
389	72.253125	72.628125	G4	64	102	0	3
390	72.253125	72.392188	G3	64	92	1	-1
391	72.628125	73.760937	F4	64	102	0	1
392	72.628125	72.818750	A3	64	102	1	-4
393	72.628125	73.067188	D4	64	102	0	3
394	72.628125	75.559375	D3	64	94	1	-1
395	72.820312	75.751563	D2	64	82	1	-3
396	73.003125	73.176563	A3	64	82	1	-4
397	73.378125	73.514063	A3	64	105	1	-4
398	73.378125	73.959375	D4	64	108	0	3
399	73.378125	74.043750	F4	64	100	0	1
400	73.753125	75.628125	D4	64	100	0	3
401	73.753125	74.043750	A3	64	76	1	-4
402	74.128125	74.312500	A3	64	105	1	-4
403	74.128125	74.523438	E4	64	102	0	5
404	74.503125	74.598438	A3	64	82	1	-4
405	74.690625	74.781250	A3	64	97	1	-4
406	74.690625	74.793750	F4	64	105	0	1
407	74.878125	75.115625	A3	64	111	1	-4
408	74.878125	75.154688	F4	64	105	0	1
409	75.253125	75.503125	A3	64	111	1	-4
410	75.253125	75.531250	E4	64	108	0	5
411	75.628125	76.190625	A4	64	102	0	5
412	75.628125	75.831250	A3	64	94	1	-4
413	75.628125	76.134375	D4	64	84	0	3
414	75.628125	76.476562	D3	64	97	1	-1
415	75.820312	76.668750	D2	64	85	1	-3
416	76.003125	76.207813	A3	64	87	1	-4
417	76.190625	76.378125	G4	64	94	0	3
418	76.378125	76.753125	A4	64	108	0	5
419	76.378125	76.545313	A3	64	111	1	-4
420	76.378125	76.887500	D4	64	108	0	3
421	76.378125	76.893750	F4	64	105	0	1
422	76.753125	77.128125	G4	64	102	0	3
423	76.753125	76.992188	A3	64	80	1	-4
424	77.128125	77.878125	F4	64	105	0	1
425	77.128125	77.370313	A3	64	89	1	-4
426	77.128125	77.700000	D4	64	87	0	3
427	77.128125	77.960938	D3	64	67	1	-1
428	77.320312	78.153125	D2	64	55	1	-3
429	77.503125	77.982813	A3	64	87	1	-4
430	77.878125	78.628125	D4	64	105	0	3
431	77.878125	78.146875	D4	64	100	0	3
432	77.878125	78.296875	F4	64	102	0	1
433	78.253125	78.375000	A3	64	80	1	-4
434	78.628125	79.003125	G4	64	50	0	3
435	78.628125	79.025000	A#3	64	72	1	-3
436	78.628125	79.121875	D4	64	94	0	3
437	78.628125	79.218750	G3	64	80	1	-1
438	78.628125	79.739063	G2	64	102	1	-3
439	78.820312	79.931250	G1	64	90	1	-5
440	79.003125	79.378125	F4	64	100	0	1
441	79.003125	79.554688	D3	64	73	1	-1
442	79.195312	79.748438	D2	64	61	1	-3
443	79.378125	79.753125	G4	64	105	0	3
444	79.378125	79.551563	G3	64	87	1	-1
445	79.378125	79.860938	A#3	64	99	1	-3
446	79.378125	79.879688	D4	64	100	0	3
447	79.753125	80.128125	F4	64	97	0	1
448	79.753125	80.359375	D3	64	62	1	-1
449	79.945312	80.551563	D2	64	50	1	-3
450	80.128125	80.878125	E4	64	105	0	5
451	80.128125	80.439063	G3	64	102	1	-1
452	80.128125	80.659375	D4	64	105	0	3
453	80.128125	80.662500	G4	64	97	0	3
454	80.128125	80.767188	A#3	64	109	1	-3
455	80.503125	80.770313	G3	64	82	1	-1
456	80.878125	81.628125	D4	64	102	0	3
457	80.878125	81.292188	D4	64	108	0	3
458	80.878125	81.298438	A#3	64	109	1	-3
459	81.253125	81.506250	G3	64	89	1	-1
460	81.628125	82.753125	F4	64	100	0	1
461	81.628125	82.179688	A#3	64	96	1	-3
462	81.628125	82.198438	D4	64	92	0	3
463	81.628125	82.612500	A#2	64	96	1	-5
464	81.820312	82.806250	A#1	64	84	1	-2
465	82.003125	82.579688	F3	64	30	1	-3
466	82.378125	83.001563	A#3	64	102	1	-3
467	82.378125	83.014063	D4	64	100	0	3
468	82.378125	83.020313	F4	64	87	0	1
469	82.753125	83.128125	E4	64	100	0	5
470	82.753125	83.018750	A#2	64	90	1	-5
471	82.945312	83.210938	A#1	64	78	1	-2
472	83.128125	84.251563	F4	64	100	0	1
473	83.128125	83.406250	A#3	64	87	1	-3
474	83.128125	83.701563	F4	64	87	0	1
475	83.128125	83.737500	D4	64	82	0	3
476	83.128125	84.068750	A#2	64	96	1	-5
477	83.320312	84.260938	A#1	64	84	1	-2
478	83.503125	83.759375	A#3	64	70	1	-3
479	83.878125	84.206250	A#3	64	112	1	-3
480	83.878125	84.251563	D4	64	108	0	3
481	83.878125	84.314063	F4	64	100	0	1
482	84.253125	84.628125	F4	64	100	0	1
483	84.253125	84.404688	A#2	64	77	1	-5
484	84.445312	84.598438	A#1	64	65	1	-2
485	84.628125	85.753125	G4	64	108	0	3
486	84.628125	85.114063	E4	64	82	0	5
487	84.628125	85.120313	C4	64	80	0	1
488	84.628125	85.568750	C3	64	111	1	-3
489	84.820312	85.760938	C2	64	99	1	-5
490	85.003125	85.540625	G3	64	76	1	-1
491	85.378125	85.739063	C4	64	108	0	1
492	85.378125	85.754688	E4	64	117	0	5
493	85.378125	85.771875	G4	64	111	0	3
494	85.753125	86.128125	F4	64	82	0	1
495	85.753125	86.025000	G3	64	80	1	-1
496	86.128125	88.376563	G4	64	108	0	3
497	86.128125	86.534375	C5	64	92	0	3
498	86.128125	86.584375	G4	64	105	0	3
499	86.128125	86.625000	E4	64	105	0	5
500	86.128125	86.635938	C4	64	100	0	1
501	86.128125	86.709375	C3	64	108	1	-3
502	86.320312	86.901563	C2	64	96	1	-5
503	86.503125	86.731250	G3	64	73	1	-1
504	86.878125	87.120313	C4	64	89	0	1
505	86.878125	87.382812	C3	64	108	1	-3
506	86.878125	87.473438	E4	64	102	0	5
507	86.878125	87.481250	G4	64	100	0	3
508	87.070312	87.575000	C2	64	96	1	-5
509	87.253125	87.515625	C4	64	102	0	1
510	87.628125	88.440625	E4	64	97	0	5
511	87.628125	88.478125	G4	64	97	0	3
512	87.628125	88.481250	C4	64	84	0	1
513	87.628125	88.526563	C3	64	105	1	-3
514	87.820312	88.718750	C2	64	93	1	-5
515	88.378125	88.753125	G4	64	102	0	3
516	88.378125	88.598438	G3	64	57	1	-1
517	88.753125	89.128125	A4	64	100	0	5
518	88.753125	89.576563	E4	64	102	0	5
519	88.753125	89.592188	C4	64	102	0	1
520	88.753125	89.592188	G4	64	97	0	3
521	88.753125	90.064063	C3	64	105	1	-3
522	88.945312	90.256250	C2	64	93	1	-5
523	89.128125	90.253125	G4	64	108	0	3
524	89.503125	90.026563	G3	64	69	1	-1
525	89.878125	90.051563	C4	64	102	0	1
526	89.878125	90.056250	E4	64	102	0	5
527	89.878125	90.104688	G4	64	100	0	3
528	90.253125	90.628125	C4	64	105	0	1
529	90.253125	90.406250	C3	64	100	1	-3
530	90.445312	90.598438	C2	64	88	1	-5
531	90.628125	95.250000	D4	64	102	0	3
532	90.628125	91.628125	D3	64	105	1	-1
533	90.628125	91.634375	D4	64	97	0	3
534	90.628125	91.681250	G4	64	97	0	3
535	90.820312	91.820312	D2	64	93	1	-3
536	91.378125	91.628125	A3	64	62	1	-4
537	91.753125	92.651563	D4	64	108	0	3
538	91.753125	92.687500	F#4	64	109	0	2
539	91.753125	93.017188	D3	64	102	1	-1
540	91.945312	93.210938	D2	64	90	1	-3
541	92.503125	92.971875	A3	64	92	1	-4
542	92.878125	93.059375	D4	64	102	0	3
543	92.878125	93.084375	F#4	64	112	0	2
544	93.253125	94.512500	D4	64	105	0	3
545	93.253125	94.551563	F4	64	114	0	1
546	93.253125	95.321875	D3	64	108	1	-1
547	93.445312	95.514063	D2	64	96	1	-3
548	94.378125	95.287500	A3	64	94	1	-4
549	94.753125	94.964063	D4	64	71	0	3
550	95.128125	95.523438	F4	64	64	0	1
551	95.128125	95.550000	D4	64	66	0	3
552	95.503125	96.146875	D3	64	89	1	-1
553	95.695312	96.339063	D2	64	77	1	-3
554	95.878125	96.032813	F4	64	111	0	1
555	95.878125	96.042188	D4	64	105	0	3
556	95.878125	96.064063	A4	64	114	0	5
557	96.065625	96.353125	A3	64	97	1	-4
558	96.253125	96.543750	D4	64	100	0	3
559	96.496875	96.945312	G3	64	57	1	-1
560	96.545313	97.160938	A#3	64	85	1	-3
561	96.601562	99.415625	G2	64	100	1	-3
562	96.628125	97.179688	D4	64	87	0	3
563	96.940625	98.307813	D3	64	52	1	-1
564	97.323438	98.715625	G3	64	100	1	-1
565	97.690625	98.693750	A#3	64	82	1	-3
566	97.712500	98.700000	D4	64	73	0	3
567	97.718750	98.682813	G4	64	92	0	3
568	98.507812	99.154688	D3	64	34	1	-1
569	98.867188	99.053125	A#3	64	99	1	-3
570	98.870313	99.181250	D4	64	97	0	3
571	98.876563	99.109375	G3	64	92	1	-1
572	99.457813	99.843750	G3	64	51	1	-1
573	99.534375	101.367188	C4	64	78	0	1
574	99.620313	102.346875	C3	64	87	1	-3
575	99.634375	101.031250	E4	64	94	0	5
576	100.735938	101.409375	G3	64	73	1	-1
577	101.495313	101.928125	F4	64	102	0	1
578	101.875000	102.293750	E4	64	105	0	5
579	102.245313	102.434375	C4	64	100	0	1
580	102.621875	103.389063	A3	64	89	1	-4
581	102.631250	104.926563	F2	64	89	1	-5
582	102.634375	103.153125	F3	64	71	1	-3
583	102.917188	104.989063	C3	64	60	1	-3
584	103.335938	104.926563	F3	64	102	1	-3
585	103.725000	104.653125	C4	64	97	0	1
586	104.881250	105.273438	F4	64	102	0	1
587	105.507812	105.928125	A#3	64	59	1	-3
588	105.598438	107.992188	A#2	64	105	1	-5
589	105.632812	105.998438	D4	64	82	0	3
590	105.929688	106.984375	F3	64	37	1	-3
591	106.325000	106.601562	A#3	64	36	1	-3
592	106.703125	107.076563	A#4	64	77	0	1
593	106.714063	107.659375	A#3	64	72	1	-3
594	106.717188	107.210938	D4	64	100	0	3
595	107.493750	107.985938	F3	64	53	1	-3
596	107.834375	108.054688	A4	64	100	0	5
597	107.837500	108.035938	A#3	64	96	1	-3
598	107.843750	107.992188	D4	64	100	0	3
599	108.464063	109.100000	G3	64	82	1	-1
600	108.515625	109.390625	A#3	64	40	1	-3
601	108.618750	111.298438	G2	64	102	1	-3
602	108.620313	109.353125	D4	64	100	0	3
603	108.671875	109.346875	G4	64	92	0	3
604	108.993750	110.629688	D3	64	67	1	-1
605	109.376563	109.542188	G3	64	80	1	-1
606	109.748438	110.154688	A3	64	108	1	-4
607	110.098438	110.659375	A#3	64	112	1	-3
608	110.457813	111.254688	D4	64	94	0	3
609	110.823438	111.343750	D3	64	60	1	-1
610	111.625000	114.007812	A#2	64	105	1	-5
611	111.973438	113.928125	F3	64	84	1	-3
612	112.348438	112.614063	A#3	64	116	1	-3
613	112.715625	112.932813	A#3	64	90	1	-3
614	112.729688	112.953125	D4	64	89	0	3
615	113.850000	114.031250	A#3	64	68	1	-3
616	113.853125	114.001563	D4	64	87	0	3
617	113.862500	114.114063	F4	64	97	0	1
618	114.495313	115.079688	G3	64	57	1	-1
619	114.564063	115.437500	C#4	64	63	0	2
620	114.626563	117.332813	A2	64	100	1	-1
621	114.670313	115.439063	E4	64	71	0	5
622	114.970313	117.165625	E3	64	87	1	-4
623	115.356250	115.682813	G3	64	111	1	-1
624	115.757812	117.000000	C#4	64	82	0	2
625	115.771875	116.173438	G3	64	89	1	-1
626	117.370313	117.748438	A3	64	58	1	-4
627	117.442188	118.439063	C#4	64	77	0	2
628	117.540625	118.118750	E4	64	67	0	5
629	117.603125	119.370313	A2	64	100	1	-1
630	117.617188	118.475000	A4	64	89	0	5
631	117.950000	118.853125	E3	64	78	1	-4
632	118.326563	118.564063	G3	64	87	1	-1
633	118.718750	119.657813	C#4	64	105	0	2
634	118.723438	119.690625	E4	64	105	0	5
635	119.450000	119.740625	A3	64	60	1	-4
636	119.882812	120.448438	C#4	64	96	0	2
637	119.889063	120.448438	E4	64	92	0	5
638	119.895313	120.448438	A4	64	87	0	5
639	119.903125	120.448438	A3	64	89	1	-4
640	120.628125	121.376563	D4	64	94	0	3
641	120.628125	121.373438	F4	64	94	0	1
642	120.628125	122.942188	D2	64	92	1	-3
643	120.628125	122.942188	D3	64	92	1	-1
644	121.003125	121.526563	A3	64	60	1	-4
645	121.378125	121.753125	D4	64	80	0	3
646	121.378125	121.954688	D4	64	102	0	3
647	121.753125	122.128125	C4	64	100	0	1
648	121.753125	122.268750	A3	64	73	1	-4
649	122.128125	122.503125	D4	64	92	0	3
650	122.128125	122.684375	D4	64	105	0	3
651	122.128125	122.862500	A4	64	94	0	5
652	122.503125	122.878125	E4	64	97	0	5
653	122.503125	122.925000	A3	64	47	1	-4
654	122.878125	123.628125	F4	64	92	0	1
655	122.878125	122.967188	F4	64	84	0	1
656	122.878125	123.014063	D4	64	87	0	3
657	123.628125	124.003125	A#3	64	105	1	-3
658	123.628125	124.417188	A#3	64	61	1	-3
659	123.628125	124.450000	G3	64	69	1	-1
660	123.628125	126.187500	G1	64	97	1	-5
661	123.628125	126.187500	G2	64	97	1	-3
662	124.003125	124.378125	F4	64	97	0	1
663	124.003125	124.514063	D3	64	45	1	-1
664	124.378125	124.753125	E4	64	105	0	5
665	124.378125	124.885938	D4	64	100	0	3
666	124.753125	125.128125	F4	64	100	0	1
667	124.753125	125.246875	D3	64	52	1	-1
668	125.128125	126.626563	E4	64	97	0	5
669	125.128125	125.928125	G3	64	78	1	-1
670	125.128125	125.935938	G4	64	94	0	3
671	125.503125	126.284375	D3	64	52	1	-1
672	125.878125	126.162500	A#3	64	99	1	-3
673	125.878125	126.365625	D4	64	92	0	3
674	126.253125	126.362500	G3	64	49	1	-1
675	126.628125	127.376563	E4	64	100	0	5
676	126.628125	127.225000	C#4	64	55	0	2
677	126.628125	127.412500	A3	64	87	1	-4
678	126.628125	129.592187	A1	64	94	1	-3
679	126.628125	129.592187	A2	64	94	1	-1
680	127.003125	127.504688	E3	64	64	1	-4
681	127.378125	127.753125	E4	64	94	0	5
682	127.378125	127.681250	E4	64	108	0	5
683	127.753125	128.128125	D4	64	89	0	3
684	127.753125	129.503125	E3	64	76	1	-4
685	128.128125	128.690625	C#4	64	85	0	2
686	128.128125	128.529687	G3	64	89	1	-1
687	128.128125	128.648438	C#4	64	85	0	2
688	128.503125	129.245313	C#3	64	57	1	-2
689	128.690625	129.335938	A3	64	111	1	-4
690	128.878125	129.184375	E4	64	89	0	5
691	128.878125	129.240625	A3	64	94	1	-4
692	129.253125	130.003125	E4	64	108	0	5
693	129.628125	129.764062	A3	64	62	1	-4
694	129.628125	130.418750	F4	64	92	0	1
695	129.628125	132.412500	D2	64	92	1	-3
696	129.628125	132.412500	D3	64	92	1	-1
697	130.003125	132.626563	D4	64	92	0	3
698	130.003125	130.475000	A3	64	73	1	-4
699	130.378125	130.970313	D4	64	84	0	3
700	130.753125	131.193750	A3	64	80	1	-4
701	131.128125	131.762500	F4	64	94	0	1
702	131.503125	131.964063	A3	64	69	1	-4
703	131.878125	132.437500	E4	64	97	0	5
704	132.253125	132.503125	A3	64	92	1	-4
705	132.628125	133.376563	D4	64	89	0	3
706	132.628125	132.854688	A3	64	92	1	-4
707	132.628125	133.434375	D4	64	84	0	3
708	132.628125	135.114063	D2	64	100	1	-3
709	132.628125	135.114063	D3	64	100	1	-1
710	133.003125	133.434375	A3	64	69	1	-4
711	133.378125	133.753125	D4	64	92	0	3
712	133.378125	133.959375	F4	64	100	0	1
713	133.753125	134.128125	C4	64	111	0	1
714	133.753125	133.985938	A3	64	97	1	-4
715	134.128125	134.503125	D4	64	102	0	3
716	134.128125	134.295312	A3	64	111	1	-4
717	134.128125	134.759375	E4	64	94	0	5
718	134.503125	134.878125	E4	64	100	0	5
719	134.503125	135.048438	A3	64	62	1	-4
720	134.878125	135.628125	F4	64	105	0	1
721	134.878125	134.943750	E4	64	78	0	5
722	134.878125	135.500000	D4	64	117	0	3
723	135.253125	135.470313	A1	64	102	1	-3
724	135.253125	135.470313	A2	64	102	1	-1
725	135.628125	136.753125	A#3	64	93	1	-3
726	135.628125	136.154687	A#3	64	46	1	-3
727	135.628125	136.387500	G3	64	78	1	-1
728	135.628125	138.142188	G1	64	102	1	-5
729	135.628125	138.142188	G2	64	102	1	-3
730	136.003125	136.571875	D3	64	60	1	-1
731	136.378125	137.667188	D4	64	94	0	3
732	136.753125	137.128125	F4	64	105	0	1
733	136.753125	137.312500	D3	64	60	1	-1
734	136.940625	137.039062	G3	64	1	1	-1
735	137.128125	138.253125	E4	64	102	0	5
736	137.128125	137.703125	G4	64	97	0	3
737	137.503125	138.176563	D3	64	28	1	-1
738	137.878125	138.382812	A#3	64	87	1	-3
739	137.878125	138.409375	G4	64	92	0	3
740	137.878125	138.485938	D4	64	97	0	3
741	138.253125	138.628125	F4	64	114	0	1
742	138.253125	138.503125	G1	64	100	1	-5
743	138.253125	138.503125	G2	64	100	1	-3
744	138.628125	139.751563	G4	64	105	0	3
745	138.628125	138.828125	G3	64	84	1	-1
746	138.628125	139.384375	C4	64	94	0	1
747	138.628125	141.015625	C2	64	89	1	-5
748	138.628125	141.015625	C3	64	89	1	-3
749	139.003125	139.381250	G3	64	66	1	-1
750	139.378125	140.000000	E4	64	102	0	5
751	139.753125	140.128125	G4	64	102	0	3
752	139.753125	140.006250	G3	64	73	1	-1
753	140.128125	140.690625	E4	64	92	0	5
754	140.128125	140.331250	G3	64	87	1	-1
755	140.128125	140.626563	C4	64	92	0	1
756	140.503125	140.753125	G3	64	64	1	-1
757	140.690625	141.253125	E4	64	92	0	5
758	140.878125	141.003125	G3	64	102	1	-1
759	140.878125	141.020313	C4	64	102	0	1
760	140.878125	141.050000	E4	64	102	0	5
761	141.253125	141.628125	C4	64	94	0	1
762	141.628125	147.251563	D4	64	100	0	3
763	141.628125	142.110938	D4	64	94	0	3
764	141.628125	142.242188	G4	64	100	0	3
765	141.628125	142.639062	D2	64	102	1	-3
766	141.628125	142.639062	D3	64	102	1	-1
767	142.003125	142.637500	A3	64	71	1	-4
768	142.378125	142.520313	D4	64	114	0	3
769	142.753125	143.365625	D4	64	102	0	3
770	142.753125	143.571875	F#4	64	105	0	2
771	142.753125	143.973438	A3	64	100	1	-4
772	142.753125	143.995313	D2	64	100	1	-3
773	142.753125	143.995313	D3	64	100	1	-1
774	143.503125	143.795312	D4	64	76	0	3
775	144.253125	145.164062	A3	64	84	1	-4
776	144.253125	145.557813	D4	64	97	0	3
777	144.253125	145.584375	F4	64	108	0	1
778	144.253125	146.328125	D2	64	102	1	-3
779	144.253125	146.328125	D3	64	102	1	-1
780	145.378125	146.301563	A3	64	89	1	-4
781	145.753125	145.996875	D4	64	92	0	3
782	146.128125	146.650000	A4	64	100	0	5
783	146.128125	146.670312	F4	64	105	0	1
784	146.128125	146.706250	D4	64	92	0	3
785	146.503125	147.276563	A3	64	78	1	-4
786	146.503125	147.345313	D3	64	67	1	-1
787	146.878125	147.062500	D4	64	100	0	3
788	146.878125	147.064063	F4	64	111	0	1
789	146.878125	147.106250	A4	64	111	0	5
790	147.253125	147.628125	D4	64	100	0	3
791	147.253125	147.523438	D4	64	84	0	3
792	147.253125	147.545312	G4	64	89	0	3
793	147.628125	148.753125	F4	64	102	0	1
794	147.628125	148.056250	D4	64	87	0	3
795	147.628125	148.071875	F4	64	94	0	1
796	147.628125	150.117188	D3	64	105	1	-1
797	147.820312	150.310937	D2	64	93	1	-3
798	148.003125	148.496875	A3	64	78	1	-4
799	148.378125	148.868750	D4	64	105	0	3
800	148.378125	148.898438	F4	64	102	0	1
801	148.753125	149.128125	E4	64	111	0	5
802	148.753125	149.250000	A3	64	84	1	-4
803	149.128125	150.253125	D4	64	111	0	3
804	149.128125	149.568750	F4	64	100	0	1
805	149.128125	149.601562	D4	64	100	0	3
806	149.503125	149.960938	A3	64	71	1	-4
807	149.878125	150.207813	D4	64	105	0	3
808	149.878125	150.300000	F4	64	105	0	1
809	150.253125	151.003125	A4	64	100	0	5
810	150.253125	150.403125	A3	64	100	1	-4
811	150.628125	150.800000	G3	64	82	1	-1
812	150.628125	151.003125	D4	64	87	0	3
813	150.628125	151.045312	A#3	64	85	1	-3
814	150.628125	152.323438	G2	64	100	1	-3
815	150.820312	152.515625	G1	64	88	1	-5
816	151.003125	153.253125	G4	64	102	0	3
817	151.003125	151.323438	G3	64	62	1	-1
818	151.378125	151.431250	G3	64	27	1	-1
819	151.378125	151.800000	G4	64	94	0	3
820	151.378125	151.820312	A#3	64	102	1	-3
821	151.378125	151.889062	D4	64	102	0	3
822	151.753125	152.001563	G3	64	71	1	-1
823	152.128125	152.493750	G3	64	92	1	-1
824	152.128125	152.579688	A#3	64	102	1	-3
825	152.128125	152.635938	D4	64	102	0	3
826	152.503125	153.014062	D3	64	89	1	-1
827	152.690625	152.815625	G3	64	92	1	-1
828	152.695312	153.206250	D2	64	77	1	-3
829	152.878125	153.214063	G3	64	102	1	-1
830	152.878125	153.231250	A#3	64	105	1	-3
831	152.878125	153.501563	D4	64	105	0	3
832	153.253125	153.628125	F4	64	94	0	1
833	153.253125	153.535938	G2	64	105	1	-3
834	153.440625	153.550000	G3	64	105	1	-1
835	153.445312	153.728125	G1	64	93	1	-5
836	153.628125	155.126563	G4	64	102	0	3
837	153.628125	153.829688	G3	64	94	1	-1
838	153.628125	154.092188	C4	64	97	0	1
839	153.628125	154.606250	C3	64	111	1	-3
840	153.820312	154.798438	C2	64	99	1	-5
841	154.003125	154.146875	G3	64	58	1	-1
842	154.378125	154.615625	G3	64	108	1	-1
843	154.378125	154.850000	E4	64	92	0	5
844	154.753125	155.043750	C3	64	76	1	-3
845	154.940625	155.042188	G3	64	92	1	-1
846	154.945312	155.237500	C2	64	64	1	-5
847	155.128125	156.251563	G4	64	108	0	3
848	155.128125	155.345313	G3	64	94	1	-1
849	155.128125	155.589063	C4	64	102	0	1
850	155.128125	156.117188	C3	64	92	1	-3
851	155.320312	156.310938	C2	64	80	1	-5
852	155.503125	155.631250	G3	64	100	1	-1
853	155.878125	156.059375	G3	64	100	1	-1
854	155.878125	156.128125	C4	64	111	0	1
855	155.878125	156.231250	E4	64	102	0	5
856	156.253125	156.628125	G4	64	102	0	3
857	156.253125	156.392188	G3	64	92	1	-1
858	156.628125	157.760938	F4	64	102	0	1
859	156.628125	156.818750	A3	64	102	1	-4
860	156.628125	157.067188	D4	64	102	0	3
861	156.628125	159.559375	D3	64	94	1	-1
862	156.820312	159.751563	D2	64	82	1	-3
863	157.003125	157.176563	A3	64	82	1	-4
864	157.378125	157.514063	A3	64	105	1	-4
865	157.378125	157.959375	D4	64	108	0	3
866	157.378125	158.043750	F4	64	100	0	1
867	157.753125	159.628125	D4	64	100	0	3
868	157.753125	158.043750	A3	64	76	1	-4
869	158.128125	158.312500	A3	64	105	1	-4
870	158.128125	158.523438	E4	64	102	0	5
871	158.503125	158.598438	A3	64	82	1	-4
872	158.690625	158.781250	A3	64	97	1	-4
873	158.690625	158.793750	F4	64	105	0	1
874	158.878125	159.115625	A3	64	111	1	-4
875	158.878125	159.154688	F4	64	105	0	1
876	159.253125	159.503125	A3	64	111	1	-4
877	159.253125	159.531250	E4	64	108	0	5
878	159.628125	160.190625	A4	64	102	0	5
879	159.628125	159.831250	A3	64	94	1	-4
880	159.628125	160.134375	D4	64	84	0	3
881	159.628125	160.476562	D3	64	97	1	-1
882	159.820312	160.668750	D2	64	85	1	-3
883	160.003125	160.207813	A3	64	87	1	-4
884	160.190625	160.378125	G4	64	94	0	3
885	160.378125	160.753125	A4	64	108	0	5
886	160.378125	160.545313	A3	64	111	1	-4
887	160.378125	160.887500	D4	64	108	0	3
888	160.378125	160.893750	F4	64	105	0	1
889	160.753125	161.128125	G4	64	102	0	3
890	160.753125	160.992188	A3	64	80	1	-4
891	161.128125	161.878125	F4	64	105	0	1
892	161.128125	161.370313	A3	64	89	1	-4
893	161.128125	161.700000	D4	64	87	0	3
894	161.128125	161.960938	D3	64	67	1	-1
895	161.320312	162.153125	D2	64	55	1	-3
896	161.503125	161.982813	A3	64	87	1	-4
897	161.878125	162.628125	D4	64	105	0	3
898	161.878125	162.146875	D4	64	100	0	3
899	161.878125	162.296875	F4	64	102	0	1
900	162.253125	162.375000	A3	64	80	1	-4
901	162.628125	163.003125	G4	64	50	0	3
902	162.628125	163.025000	A#3	64	72	1	-3
903	162.628125	163.121875	D4	64	94	0	3
904	162.628125	163.218750	G3	64	80	1	-1
905	162.628125	163.739063	G2	64	102	1	-3
906	162.820312	163.931250	G1	64	90	1	-5
907	163.003125	163.378125	F4	64	100	0	1
908	163.003125	163.554688	D3	64	73	1	-1
909	163.195312	163.748438	D2	64	61	1	-3
910	163.378125	163.753125	G4	64	105	0	3
911	163.378125	163.551563	G3	64	87	1	-1
912	163.378125	163.860938	A#3	64	99	1	-3
913	163.378125	163.879688	D4	64	100	0	3
914	163.753125	164.128125	F4	64	97	0	1
915	163.753125	164.359375	D3	64	62	1	-1
916	163.945312	164.551563	D2	64	50	1	-3
917	164.128125	164.878125	E4	64	105	0	5
918	164.128125	164.439063	G3	64	102	1	-1
919	164.128125	164.659375	D4	64	105	0	3
920	164.128125	164.662500	G4	64	97	0	3
921	164.128125	164.767188	A#3	64	109	1	-3
922	164.503125	164.770313	G3	64	82	1	-1
923	164.878125	165.628125	D4	64	102	0	3
924	164.878125	165.292188	D4	64	108	0	3
925	164.878125	165.298438	A#3	64	109	1	-3
926	165.253125	165.506250	G3	64	89	1	-1
927	165.628125	166.753125	F4	64	100	0	1
928	165.628125	166.179688	A#3	64	96	1	-3
929	165.628125	166.198438	D4	64	92	0	3
930	165.628125	166.612500	A#2	64	96	1	-5
931	165.820312	166.806250	A#1	64	84	1	-2
932	166.003125	166.579688	F3	64	30	1	-3
933	166.378125	167.001563	A#3	64	102	1	-3
934	166.378125	167.014063	D4	64	100	0	3
935	166.378125	167.020313	F4	64	87	0	1
936	166.753125	167.128125	E4	64	100	0	5
937	166.753125	167.018750	A#2	64	90	1	-5
938	166.945312	167.210938	A#1	64	78	1	-2
939	167.128125	168.251563	F4	64	100	0	1
940	167.128125	167.406250	A#3	64	87	1	-3
941	167.128125	167.701563	F4	64	87	0	1
942	167.128125	167.737500	D4	64	82	0	3
943	167.128125	168.068750	A#2	64	96	1	-5
944	167.320312	168.260938	A#1	64	84	1	-2
945	167.503125	167.759375	A#3	64	70	1	-3
946	167.878125	168.206250	A#3	64	112	1	-3
947	167.878125	168.251563	D4	64	108	0	3
948	167.878125	168.314063	F4	64	100	0	1
949	168.253125	168.628125	F4	64	100	0	1
950	168.253125	168.404688	A#2	64	77	1	-5
951	168.445312	168.598438	A#1	64	65	1	-2
952	168.628125	169.753125	G4	64	108	0	3
953	168.628125	169.114063	E4	64	82	0	5
954	168.628125	169.120313	C4	64	80	0	1
955	168.628125	169.568750	C3	64	111	1	-3
956	168.820312	169.760938	C2	64	99	1	-5
957	169.003125	169.540625	G3	64	76	1	-1
958	169.378125	169.739063	C4	64	108	0	1
959	169.378125	169.754688	E4	64	117	0	5
960	169.378125	169.771875	G4	64	111	0	3
961	169.753125	170.128125	F4	64	82	0	1
962	169.753125	170.025000	G3	64	80	1	-1
963	170.128125	172.376563	G4	64	108	0	3
964	170.128125	170.534375	C5	64	92	0	3
965	170.128125	170.584375	G4	64	105	0	3
966	170.128125	170.625000	E4	64	105	0	5
967	170.128125	170.635938	C4	64	100	0	1
968	170.128125	170.709375	C3	64	108	1	-3
969	170.320312	170.901563	C2	64	96	1	-5
970	170.503125	170.731250	G3	64	73	1	-1
971	170.878125	171.120313	C4	64	89	0	1
972	170.878125	171.382812	C3	64	108	1	-3
973	170.878125	171.473438	E4	64	102	0	5
974	170.878125	171.481250	G4	64	100	0	3
975	171.070312	171.575000	C2	64	96	1	-5
976	171.253125	171.515625	C4	64	102	0	1
977	171.628125	172.440625	E4	64	97	0	5
978	171.628125	172.478125	G4	64	97	0	3
979	171.628125	172.481250	C4	64	84	0	1
980	171.628125	172.526563	C3	64	105	1	-3
981	171.820312	172.718750	C2	64	93	1	-5
982	172.378125	172.753125	G4	64	102	0	3
983	172.378125	172.598438	G3	64	57	1	-1
984	172.753125	173.128125	A4	64	100	0	5
985	172.753125	173.576563	E4	64	102	0	5
986	172.753125	173.592188	C4	64	102	0	1
987	172.753125	173.592188	G4	64	97	0	3
988	172.753125	174.064063	C3	64	105	1	-3
989	172.945312	174.256250	C2	64	93	1	-5
990	173.128125	174.253125	G4	64	108	0	3
991	173.503125	174.026563	G3	64	69	1	-1
992	173.878125	174.051563	C4	64	102	0	1
993	173.878125	174.056250	E4	64	102	0	5
994	173.878125	174.104688	G4	64	100	0	3
995	174.253125	174.628125	C4	64	105	0	1
996	174.253125	174.406250	C3	64	100	1	-3
997	174.445312	174.598438	C2	64	88	1	-5
998	174.628125	179.250000	D4	64	102	0	3
999	175.354688	175.535938	A3	64	57	1	-4
1000	175.746875	176.312500	A3	64	102	1	-4
1001	175.746875	176.667188	F4	64	97	0	1
1002	176.470313	176.687500	A3	64	87	1	-4
1003	176.864063	177.000000	A3	64	102	1	-4
1004	176.870313	177.625000	F4	64	102	0	1
1005	177.235938	177.598438	A3	64	92	1	-4
1006	177.628125	177.640625	D2	64	92	1	-3
1007	177.628125	178.373438	F4	64	94	0	1
1008	177.628125	179.942188	D3	64	92	1	-1
1009	178.003125	178.526563	A3	64	60	1	-4
1010	178.378125	178.954688	D4	64	102	0	3
1011	178.753125	179.268750	A3	64	73	1	-4
1012	179.128125	179.684375	D4	64	105	0	3
1013	179.128125	179.862500	A4	64	94	0	5
1014	179.503125	179.925000	A3	64	47	1	-4
1015	179.878125	179.967188	F4	64	84	0	1
1016	179.878125	180.014063	D4	64	87	0	3
1017	180.628125	181.417188	A#3	64	61	1	-3
1018	180.628125	181.450000	G3	64	69	1	-1
1019	180.628125	183.187500	G1	64	97	1	-5
1020	180.628125	183.187500	G2	64	97	1	-3
1021	181.003125	181.514063	D3	64	45	1	-1
1022	181.378125	181.885938	D4	64	100	0	3
1023	181.753125	182.246875	D3	64	52	1	-1
1024	182.128125	182.928125	G3	64	78	1	-1
1025	182.128125	182.935938	G4	64	94	0	3
1026	182.503125	183.284375	D3	64	52	1	-1
1027	182.878125	183.162500	A#3	64	99	1	-3
1028	182.878125	183.365625	D4	64	92	0	3
1029	183.253125	183.362500	G3	64	49	1	-1
1030	183.628125	184.225000	C#4	64	55	0	2
1031	183.628125	184.412500	A3	64	87	1	-4
1032	183.628125	186.592188	A1	64	94	1	-3
1033	183.628125	186.592188	A2	64	94	1	-1
1034	184.003125	184.504688	E3	64	64	1	-4
1035	184.378125	184.681250	E4	64	108	0	5
1036	184.753125	186.503125	E3	64	76	1	-4
1037	185.128125	185.529688	G3	64	89	1	-1
1038	185.128125	185.648438	C#4	64	85	0	2
1039	185.503125	186.245313	C#3	64	57	1	-2
1040	185.878125	186.184375	E4	64	89	0	5
1041	185.878125	186.240625	A3	64	94	1	-4
1042	186.628125	186.764063	A3	64	62	1	-4
1043	186.628125	187.418750	F4	64	92	0	1
1044	186.628125	189.412500	D2	64	92	1	-3
1045	186.628125	189.412500	D3	64	92	1	-1
1046	187.003125	187.475000	A3	64	73	1	-4
1047	187.378125	187.970313	D4	64	84	0	3
1048	187.753125	188.193750	A3	64	80	1	-4
1049	188.128125	188.762500	F4	64	94	0	1
1050	188.503125	188.964063	A3	64	69	1	-4
1051	188.878125	189.437500	E4	64	97	0	5
1052	189.253125	189.503125	A3	64	92	1	-4
1053	189.628125	189.854688	A3	64	92	1	-4
1054	189.628125	190.434375	D4	64	84	0	3
1055	189.628125	192.114063	D2	64	100	1	-3
1056	189.628125	192.114063	D3	64	100	1	-1
1057	190.003125	190.434375	A3	64	69	1	-4
1058	190.378125	190.959375	F4	64	100	0	1
1059	190.753125	190.985938	A3	64	97	1	-4
1060	191.128125	191.295313	A3	64	111	1	-4
1061	191.128125	191.759375	E4	64	94	0	5
1062	191.503125	192.048438	A3	64	62	1	-4
1063	191.878125	191.943750	E4	64	78	0	5
1064	191.878125	192.500000	D4	64	117	0	3
1065	192.253125	192.470313	A1	64	102	1	-3
1066	192.253125	192.470313	A2	64	102	1	-1
1067	192.628125	193.154688	A#3	64	46	1	-3
1068	192.628125	193.387500	G3	64	78	1	-1
1069	192.628125	195.142188	G1	64	102	1	-5
1070	192.628125	195.142188	G2	64	102	1	-3
1071	193.003125	193.571875	D3	64	60	1	-1
1072	193.378125	194.667188	D4	64	94	0	3
1073	193.753125	194.312500	D3	64	60	1	-1
1074	193.940625	194.039062	G3	64	1	1	-1
1075	194.128125	194.703125	G4	64	97	0	3
1076	194.503125	195.176563	D3	64	28	1	-1
1077	194.878125	195.382812	A#3	64	87	1	-3
1078	194.878125	195.409375	G4	64	92	0	3
1079	194.878125	195.485938	D4	64	97	0	3
1080	195.253125	195.503125	G1	64	100	1	-5
1081	195.253125	195.503125	G2	64	100	1	-3
1082	195.628125	195.828125	G3	64	84	1	-1
1083	195.628125	196.384375	C4	64	94	0	1
1084	195.628125	198.015625	C2	64	89	1	-5
1085	195.628125	198.015625	C3	64	89	1	-3
1086	196.003125	196.381250	G3	64	66	1	-1
1087	196.378125	197.000000	E4	64	102	0	5
1088	196.753125	197.006250	G3	64	73	1	-1
1089	197.128125	197.331250	G3	64	87	1	-1
1090	197.128125	197.626563	C4	64	92	0	1
1091	197.503125	197.753125	G3	64	64	1	-1
1092	197.878125	198.003125	G3	64	102	1	-1
1093	197.878125	198.020313	C4	64	102	0	1
1094	197.878125	198.050000	E4	64	102	0	5
1095	198.628125	199.110938	D4	64	94	0	3
1096	198.628125	199.242188	G4	64	100	0	3
1097	198.628125	199.639063	D2	64	102	1	-3
1098	198.628125	199.639063	D3	64	102	1	-1
1099	199.003125	199.637500	A3	64	71	1	-4
1100	199.378125	199.520313	D4	64	114	0	3
1101	199.753125	200.365625	D4	64	102	0	3
1102	199.753125	200.571875	F#4	64	105	0	2
1103	199.753125	200.973438	A3	64	100	1	-4
1104	199.753125	200.995313	D2	64	100	1	-3
1105	199.753125	200.995313	D3	64	100	1	-1
1106	200.503125	200.795313	D4	64	76	0	3
1107	201.253125	202.164062	A3	64	84	1	-4
1108	201.253125	202.557813	D4	64	97	0	3
1109	201.253125	202.584375	F4	64	108	0	1
1110	201.253125	203.328125	D2	64	102	1	-3
1111	201.253125	203.328125	D3	64	102	1	-1
1112	202.378125	203.301563	A3	64	89	1	-4
1113	202.753125	202.996875	D4	64	92	0	3
1114	203.128125	203.650000	A4	64	100	0	5
1115	203.128125	203.670313	F4	64	105	0	1
1116	203.128125	203.706250	D4	64	92	0	3
1117	203.503125	204.276563	A3	64	78	1	-4
1118	203.503125	204.345313	D3	64	67	1	-1
1119	203.878125	204.062500	D4	64	100	0	3
1120	203.878125	204.064063	F4	64	111	0	1
1121	203.878125	204.106250	A4	64	111	0	5
1122	204.253125	204.628125	D4	64	100	0	3
1123	204.253125	204.523438	D4	64	84	0	3
1124	204.253125	204.545313	G4	64	89	0	3
1125	204.628125	205.753125	F4	64	102	0	1
1126	204.628125	205.056250	D4	64	87	0	3
1127	204.628125	205.071875	F4	64	94	0	1
1128	204.628125	207.117188	D3	64	105	1	-1
1129	204.820312	207.310938	D2	64	93	1	-3
1130	205.003125	205.496875	A3	64	78	1	-4
1131	205.378125	205.868750	D4	64	105	0	3
1132	205.378125	205.898438	F4	64	102	0	1
1133	205.753125	206.128125	E4	64	111	0	5
1134	205.753125	206.250000	A3	64	84	1	-4
1135	206.128125	207.253125	D4	64	111	0	3
1136	206.128125	206.568750	F4	64	100	0	1
1137	206.128125	206.601562	D4	64	100	0	3
1138	206.503125	206.960938	A3	64	71	1	-4
1139	206.878125	207.207813	D4	64	105	0	3
1140	206.878125	207.300000	F4	64	105	0	1
1141	207.253125	208.003125	A4	64	100	0	5
1142	207.253125	207.403125	A3	64	100	1	-4
1143	207.628125	207.800000	G3	64	82	1	-1
1144	207.628125	208.003125	D4	64	87	0	3
1145	207.628125	208.045313	A#3	64	85	1	-3
1146	207.628125	209.323438	G2	64	100	1	-3
1147	207.820312	209.515625	G1	64	88	1	-5
1148	208.003125	210.253125	G4	64	102	0	3
1149	208.003125	208.323438	G3	64	62	1	-1
1150	208.378125	208.431250	G3	64	27	1	-1
1151	208.378125	208.800000	G4	64	94	0	3
1152	208.378125	208.820312	A#3	64	102	1	-3
1153	208.378125	208.889063	D4	64	102	0	3
1154	208.753125	209.001563	G3	64	71	1	-1
1155	209.128125	209.493750	G3	64	92	1	-1
1156	209.128125	209.579688	A#3	64	102	1	-3
1157	209.128125	209.635938	D4	64	102	0	3
1158	209.503125	210.014063	D3	64	89	1	-1
1159	209.690625	209.815625	G3	64	92	1	-1
1160	209.695312	210.206250	D2	64	77	1	-3
1161	209.878125	210.214063	G3	64	102	1	-1
1162	209.878125	210.231250	A#3	64	105	1	-3
1163	209.878125	210.501563	D4	64	105	0	3
1164	210.253125	210.628125	F4	64	94	0	1
1165	210.253125	210.535938	G2	64	105	1	-3
1166	210.440625	210.550000	G3	64	105	1	-1
1167	210.445312	210.728125	G1	64	93	1	-5
1168	210.628125	212.126563	G4	64	102	0	3
1169	210.628125	210.829688	G3	64	94	1	-1
1170	210.628125	211.092188	C4	64	97	0	1
1171	210.628125	211.606250	C3	64	111	1	-3
1172	210.820312	211.798438	C2	64	99	1	-5
1173	211.003125	211.146875	G3	64	58	1	-1
1174	211.378125	211.615625	G3	64	108	1	-1
1175	211.378125	211.850000	E4	64	92	0	5
1176	211.753125	212.043750	C3	64	76	1	-3
1177	211.940625	212.042188	G3	64	92	1	-1
1178	211.945312	212.237500	C2	64	64	1	-5
1179	212.128125	213.251563	G4	64	108	0	3
1180	212.128125	212.345313	G3	64	94	1	-1
1181	212.128125	212.589063	C4	64	102	0	1
1182	212.128125	213.117188	C3	64	92	1	-3
1183	212.320312	213.310938	C2	64	80	1	-5
1184	212.503125	212.631250	G3	64	100	1	-1
1185	212.878125	213.059375	G3	64	100	1	-1
1186	212.878125	213.128125	C4	64	111	0	1
1187	212.878125	213.231250	E4	64	102	0	5
1188	213.253125	213.628125	G4	64	102	0	3
1189	213.253125	213.392188	G3	64	92	1	-1
1190	213.628125	214.760938	F4	64	102	0	1
1191	213.628125	213.818750	A3	64	102	1	-4
1192	213.628125	214.067188	D4	64	102	0	3
1193	213.628125	216.559375	D3	64	94	1	-1
1194	213.820312	216.751563	D2	64	82	1	-3
1195	214.003125	214.176563	A3	64	82	1	-4
1196	214.378125	214.514063	A3	64	105	1	-4
1197	214.378125	214.959375	D4	64	108	0	3
1198	214.378125	215.043750	F4	64	100	0	1
1199	214.753125	216.628125	D4	64	100	0	3
1200	214.753125	215.043750	A3	64	76	1	-4
1201	215.128125	215.312500	A3	64	105	1	-4
1202	215.128125	215.523438	E4	64	102	0	5
1203	215.503125	215.598438	A3	64	82	1	-4
1204	215.690625	215.781250	A3	64	97	1	-4
1205	215.690625	215.793750	F4	64	105	0	1
1206	215.878125	216.115625	A3	64	111	1	-4
1207	215.878125	216.154688	F4	64	105	0	1
1208	216.253125	216.503125	A3	64	111	1	-4
1209	216.253125	216.531250	E4	64	108	0	5
1210	216.628125	217.190625	A4	64	102	0	5
1211	216.628125	216.831250	A3	64	94	1	-4
1212	216.628125	217.134375	D4	64	84	0	3
1213	216.628125	217.476562	D3	64	97	1	-1
1214	216.820312	217.668750	D2	64	85	1	-3
1215	217.003125	217.207813	A3	64	87	1	-4
1216	217.190625	217.378125	G4	64	94	0	3
1217	217.378125	217.753125	A4	64	108	0	5
1218	217.378125	217.545313	A3	64	111	1	-4
1219	217.378125	217.887500	D4	64	108	0	3
1220	217.378125	217.893750	F4	64	105	0	1
1221	217.753125	218.128125	G4	64	102	0	3
1222	217.753125	217.992188	A3	64	80	1	-4
1223	218.128125	218.878125	F4	64	105	0	1
1224	218.128125	218.370313	A3	64	89	1	-4
1225	218.128125	218.700000	D4	64	87	0	3
1226	218.128125	218.960938	D3	64	67	1	-1
1227	218.320312	219.153125	D2	64	55	1	-3
1228	218.503125	218.982813	A3	64	87	1	-4
1229	218.878125	219.628125	D4	64	105	0	3
1230	218.878125	219.146875	D4	64	100	0	3
1231	218.878125	219.296875	F4	64	102	0	1
1232	219.253125	219.375000	A3	64	80	1	-4
1233	219.628125	220.003125	G4	64	50	0	3
1234	219.628125	220.025000	A#3	64	72	1	-3
1235	219.628125	220.121875	D4	64	94	0	3
1236	219.628125	220.218750	G3	64	80	1	-1
1237	219.628125	220.739063	G2	64	102	1	-3
1238	219.820312	220.931250	G1	64	90	1	-5
1239	220.003125	220.378125	F4	64	100	0	1
1240	220.003125	220.554688	D3	64	73	1	-1
1241	220.195312	220.748438	D2	64	61	1	-3
1242	220.378125	220.753125	G4	64	105	0	3
1243	220.378125	220.551563	G3	64	87	1	-1
1244	220.378125	220.860938	A#3	64	99	1	-3
1245	220.378125	220.879688	D4	64	100	0	3
1246	220.753125	221.128125	F4	64	97	0	1
1247	220.753125	221.359375	D3	64	62	1	-1
1248	220.945312	221.551563	D2	64	50	1	-3
1249	221.128125	221.878125	E4	64	105	0	5
1250	221.128125	221.439063	G3	64	102	1	-1
1251	221.128125	221.659375	D4	64	105	0	3
1252	221.128125	221.662500	G4	64	97	0	3
1253	221.128125	221.767188	A#3	64	109	1	-3
1254	221.503125	221.770313	G3	64	82	1	-1
1255	221.878125	222.628125	D4	64	102	0	3
1256	221.878125	222.292188	D4	64	108	0	3
1257	221.878125	222.298438	A#3	64	109	1	-3
1258	222.253125	222.506250	G3	64	89	1	-1
1259	222.628125	223.753125	F4	64	100	0	1
1260	222.628125	223.179688	A#3	64	96	1	-3
1261	222.628125	223.198438	D4	64	92	0	3
1262	222.628125	223.612500	A#2	64	96	1	-5
1263	222.820312	223.806250	A#1	64	84	1	-2
1264	223.003125	223.579688	F3	64	30	1	-3
1265	223.378125	224.001563	A#3	64	102	1	-3
1266	223.378125	224.014063	D4	64	100	0	3
1267	223.378125	224.020313	F4	64	87	0	1
1268	223.753125	224.128125	E4	64	100	0	5
1269	223.753125	224.018750	A#2	64	90	1	-5
1270	223.945312	224.210938	A#1	64	78	1	-2
1271	224.128125	225.251563	F4	64	100	0	1
1272	224.128125	224.406250	A#3	64	87	1	-3
1273	224.128125	224.701563	F4	64	87	0	1
1274	224.128125	224.737500	D4	64	82	0	3
1275	224.128125	225.068750	A#2	64	96	1	-5
1276	224.320312	225.260938	A#1	64	84	1	-2
1277	224.503125	224.759375	A#3	64	70	1	-3
1278	224.878125	225.206250	A#3	64	112	1	-3
1279	224.878125	225.251563	D4	64	108	0	3
1280	224.878125	225.314063	F4	64	100	0	1
1281	225.253125	225.628125	F4	64	100	0	1
1282	225.253125	225.404688	A#2	64	77	1	-5
1283	225.445312	225.598438	A#1	64	65	1	-2
1284	225.628125	226.753125	G4	64	108	0	3
1285	225.628125	226.114063	E4	64	82	0	5
1286	225.628125	226.120313	C4	64	80	0	1
1287	225.628125	226.568750	C3	64	111	1	-3
1288	225.820312	226.760938	C2	64	99	1	-5
1289	226.003125	226.540625	G3	64	76	1	-1
1290	226.378125	226.739063	C4	64	108	0	1
1291	226.378125	226.754688	E4	64	117	0	5
1292	226.378125	226.771875	G4	64	111	0	3
1293	226.753125	227.128125	F4	64	82	0	1
1294	226.753125	227.025000	G3	64	80	1	-1
1295	227.128125	229.376563	G4	64	108	0	3
1296	227.128125	227.534375	C5	64	92	0	3
1297	227.128125	227.584375	G4	64	105	0	3
1298	227.128125	227.625000	E4	64	105	0	5
1299	227.128125	227.635938	C4	64	100	0	1
1300	227.128125	227.709375	C3	64	108	1	-3
1301	227.320312	227.901563	C2	64	96	1	-5
1302	227.503125	227.731250	G3	64	73	1	-1
1303	227.878125	228.120313	C4	64	89	0	1
1304	227.878125	228.382812	C3	64	108	1	-3
1305	227.878125	228.473438	E4	64	102	0	5
1306	227.878125	228.481250	G4	64	100	0	3
1307	228.070312	228.575000	C2	64	96	1	-5
1308	228.253125	228.515625	C4	64	102	0	1
1309	228.628125	229.440625	E4	64	97	0	5
1310	228.628125	229.478125	G4	64	97	0	3
1311	228.628125	229.481250	C4	64	84	0	1
1312	228.628125	229.526563	C3	64	105	1	-3
1313	228.820312	229.718750	C2	64	93	1	-5
1314	229.378125	229.753125	G4	64	102	0	3
1315	229.378125	229.598438	G3	64	57	1	-1
1316	229.753125	230.128125	A4	64	100	0	5
1317	229.753125	230.576563	E4	64	102	0	5
1318	229.753125	230.592188	C4	64	102	0	1
1319	229.753125	230.592188	G4	64	97	0	3
1320	229.753125	231.064063	C3	64	105	1	-3
1321	229.945312	231.256250	C2	64	93	1	-5
1322	230.128125	231.253125	G4	64	108	0	3
1323	230.503125	231.026563	G3	64	69	1	-1
1324	230.878125	231.051563	C4	64	102	0	1
1325	230.878125	231.056250	E4	64	102	0	5
1326	230.878125	231.104688	G4	64	100	0	3
1327	231.253125	231.628125	C4	64	105	0	1
1328	231.253125	231.406250	C3	64	100	1	-3
1329	231.445312	231.598438	C2	64	88	1	-5
1330	231.592188	232.610938	D2	64	105	1	-3
1331	231.600000	232.618750	D3	64	105	1	-1
1332	231.609375	232.128125	D4	64	108	0	3
1333	231.628125	236.250000	D4	64	102	0	3
1334	231.940625	232.657813	A3	64	47	1	-4
1335	232.323438	232.573438	D4	64	89	0	3
1336	232.731250	233.768750	C2	64	105	1	-5
1337	232.739063	233.776563	C3	64	105	1	-3
1338	232.739063	233.853125	C4	64	114	0	1
1339	234.246875	235.960938	A#1	64	105	1	-2
1340	234.256250	235.970313	A#2	64	105	1	-5
1341	234.264063	234.856250	A#3	64	105	1	-3
1342	234.271875	235.157813	D4	64	89	0	3
1343	234.957813	235.148438	A#3	64	63	1	-3
1344	235.381250	235.559375	A#3	64	105	1	-3
1345	235.385938	236.210938	D4	64	92	0	3
1346	235.737500	235.979688	A#3	64	46	1	-3
1347	236.131250	237.757812	A1	64	94	1	-3
1348	236.139063	237.765625	A2	64	94	1	-1
1349	236.151563	236.734375	A3	64	58	1	-4
1350	236.164062	237.139063	C4	64	87	0	1
1351	236.585938	237.618750	E2	64	71	1	-1
1352	236.595313	237.628125	E3	64	71	1	-4
1353	237.082813	238.042188	G3	64	97	1	-1
1354	237.576563	238.279688	C4	64	69	0	1
1355	238.181250	240.700000	D2	64	80	1	-3
1356	238.190625	240.707813	D3	64	80	1	-1
1357	238.454688	240.681250	A3	64	58	1	-4
1358	238.700000	240.907813	D4	64	78	0	3
1359	239.815625	240.904688	A4	64	57	0	5
