//Version: PianoFingering_v170101
0	1.223880	2.027984	G3	64	73	1	-1
1	1.223880	2.027984	D4	64	86	0	3
2	1.223880	4.822759	D#2	64	77	1	-2
3	1.671641	4.744401	A#2	64	56	1	-5
4	2.119402	2.895521	G3	64	67	1	-1
5	2.119402	2.895521	D4	64	79	0	3
6	2.567163	3.249999	D#3	64	51	1	-5
7	3.014924	3.749998	G3	64	65	1	-1
8	3.014924	3.761192	D4	64	85	0	3
9	3.462685	4.736938	D#3	64	51	1	-5
10	3.910446	4.628729	G3	64	81	1	-1
11	3.910446	4.682834	D4	64	86	0	3
12	4.805968	5.617535	D#4	64	73	0	4
13	4.805968	5.623132	G#3	64	72	1	-5
14	4.805968	8.345146	G#2	64	65	1	-2
15	5.701490	6.513057	D#4	64	75	0	4
16	5.701490	6.520520	G#3	64	63	1	-5
17	6.597012	7.348877	G#3	64	74	1	-5
18	6.597012	7.352609	D#4	64	70	0	4
19	6.597012	8.227608	D#3	64	60	1	-5
20	7.492534	8.046638	G#3	64	85	1	-5
21	7.492534	8.274250	D#4	64	81	0	4
22	8.388056	9.208951	D4	64	85	0	3
23	8.388056	9.220145	G3	64	83	1	-1
24	8.388056	12.039174	D#2	64	93	1	-2
25	8.835817	11.923502	A#2	64	59	1	-5
26	9.283578	10.011190	D4	64	85	0	3
27	9.283578	10.013055	G3	64	72	1	-1
28	9.283578	10.417906	D#3	64	58	1	-5
29	10.179100	10.975742	D4	64	85	0	3
30	10.179100	10.979473	G3	64	73	1	-1
31	10.626861	11.880592	D#3	64	52	1	-5
32	11.074622	11.738801	G3	64	71	1	-1
33	11.074622	11.781711	D4	64	81	0	3
34	11.970144	12.832084	G#3	64	77	1	-5
35	11.970144	12.850741	D#4	64	7	0	4
36	11.970144	15.557829	G#2	64	67	1	-2
37	12.865666	13.623128	D#4	64	74	0	4
38	12.865666	13.626860	G#3	64	65	1	-5
39	13.761188	15.485068	G#3	64	67	1	-5
40	13.761188	15.494396	D#4	64	73	0	4
41	15.552232	16.307829	G3	64	72	1	-1
42	15.552232	16.320888	D4	64	81	0	3
43	15.552232	18.688425	D#2	64	87	1	-2
44	15.999993	18.958947	A#2	64	60	1	-5
45	16.447754	17.207082	D4	64	77	0	3
46	16.447754	17.208948	G3	64	64	1	-1
47	16.895515	17.479470	D#3	64	50	1	-5
48	17.343276	17.464545	G4	64	81	0	3
49	17.343276	18.082082	G3	64	69	1	-1
50	17.343276	18.085813	D4	64	83	0	3
51	17.567157	17.671634	G4	64	64	0	3
52	17.791037	17.925365	G4	64	59	0	3
53	17.791037	18.283574	D#3	64	51	1	-5
54	18.014918	18.393649	A#4	64	73	0	1
55	18.238798	18.708947	G3	64	81	1	-1
56	18.238798	18.714544	D4	64	81	0	3
57	18.462679	18.934693	C5	64	75	0	3
58	18.686559	19.108201	D#3	64	48	1	-5
59	19.134320	19.628723	C5	64	90	0	3
60	19.134320	22.466408	G#2	64	67	1	-2
61	19.582081	19.826484	A#4	64	58	0	1
62	19.582081	20.227603	G#3	64	57	1	-5
63	19.805962	22.589542	G#4	64	65	0	4
64	20.029842	20.527976	D#4	64	79	0	4
65	20.029842	20.565290	A#3	64	75	1	-3
66	20.477603	21.009319	G#3	64	60	1	-5
67	20.925364	21.705214	D#4	64	74	0	4
68	20.925364	21.708946	A#3	64	74	1	-3
69	21.373125	21.850737	G#3	64	57	1	-5
70	21.820886	22.680960	D#4	64	86	0	4
71	21.820886	22.716408	A#3	64	83	1	-3
72	22.268647	22.707080	G#3	64	61	1	-5
73	22.716408	25.884317	D#2	64	90	1	-2
74	23.164169	25.916034	A#2	64	64	1	-5
75	23.611930	24.154840	G3	64	79	1	-1
76	23.611930	24.166034	D4	64	87	0	3
77	24.059691	24.557825	D#3	64	50	1	-5
78	24.507452	24.639915	G4	64	71	0	3
79	24.507452	25.281705	G3	64	83	1	-1
80	24.507452	25.281705	D4	64	85	0	3
81	24.731333	24.830213	G4	64	64	0	3
82	24.955213	25.119392	G4	64	63	0	3
83	24.955213	25.427228	D#3	64	55	1	-5
84	25.179094	25.583944	A#4	64	72	0	1
85	25.402974	25.876854	D4	64	85	0	3
86	25.402974	25.880586	G3	64	79	1	-1
87	25.626855	26.072750	C5	64	70	0	3
88	25.850735	26.214541	D#3	64	49	1	-5
89	26.074616	26.585809	C5	64	104	0	3
90	26.298496	29.255584	G#2	64	66	1	-2
91	26.746257	27.029839	A#4	64	74	0	1
92	26.746257	27.464540	G#3	64	52	1	-5
93	26.970138	28.727599	G#4	64	74	0	4
94	27.194018	27.897376	D#4	64	74	0	4
95	27.194018	27.927227	A#3	64	67	1	-3
96	27.641779	29.352599	G#3	64	71	1	-5
97	28.089540	29.477599	D#4	64	86	0	4
98	28.089540	29.490659	A#3	64	72	1	-3
99	29.432823	29.621256	C5	64	65	0	3
100	29.656704	29.770509	D5	64	71	0	5
101	29.880584	30.210808	D5	64	87	0	5
102	29.880584	30.671629	D#3	64	73	1	-5
103	29.880584	30.695882	G3	64	77	1	-1
104	29.880584	31.231330	C2	64	75	1	-5
105	30.328345	30.445882	D#5	64	74	0	1
106	30.328345	31.210807	G2	64	65	1	-3
107	30.552226	31.194016	D#5	64	76	0	1
108	30.776106	31.231330	C4	64	74	0	1
109	30.776106	31.233195	D#3	64	71	1	-5
110	30.776106	31.240658	G3	64	85	1	-1
111	31.223867	31.634315	G4	64	85	0	3
112	31.671628	32.124986	C5	64	95	0	3
113	31.671628	32.173494	G#3	64	73	1	-5
114	31.671628	32.175359	C4	64	77	0	1
115	31.671628	33.091404	G2	64	73	1	-3
116	32.119389	32.444016	A#4	64	67	0	1
117	32.119389	33.410433	D3	64	73	1	-1
118	32.343270	32.410434	D4	64	56	0	3
119	32.567150	32.878717	A#4	64	86	0	1
120	32.567150	33.037299	A#3	64	86	1	-3
121	32.567150	33.046627	D4	64	93	0	3
122	33.014911	33.253717	A#4	64	67	0	1
123	33.014911	33.324612	G3	64	42	1	-1
124	33.462672	36.024238	G#4	64	86	0	4
125	33.462672	34.054090	D#4	64	76	0	4
126	33.462672	34.251851	C4	64	72	0	1
127	33.462672	36.537298	G#2	64	74	1	-2
128	33.910433	36.358193	D#3	64	65	1	-5
129	34.134314	34.223866	D#4	64	14	0	4
130	34.358194	34.833940	C4	64	72	0	1
131	34.358194	35.076477	D#4	64	75	0	4
132	34.805955	35.348865	G#3	64	54	1	-5
133	35.253716	36.039163	C4	64	74	0	1
134	35.253716	36.042895	D#4	64	76	0	4
135	35.701477	36.195880	G#3	64	58	1	-5
136	36.149238	36.585805	C4	64	83	0	1
137	36.149238	36.585805	D#4	64	83	0	4
138	36.596999	36.768641	C5	64	74	0	3
139	36.820880	36.917894	D5	64	74	0	5
140	37.044760	37.332073	D5	64	90	0	5
141	37.044760	37.845133	D#3	64	81	1	-5
142	37.044760	37.852596	G3	64	79	1	-1
143	37.044760	38.406700	C2	64	75	1	-5
144	37.492521	37.596999	D#5	64	83	0	1
145	37.492521	38.425356	G2	64	71	1	-3
146	37.716402	38.270506	D#5	64	87	0	1
147	37.940282	38.393640	D#3	64	81	1	-5
148	37.940282	38.393640	G3	64	77	1	-1
149	38.388043	38.751849	F5	64	71	0	3
150	38.388043	38.804088	C3	64	54	1	-3
151	38.835804	39.231326	D5	64	86	0	5
152	38.835804	39.686550	A#3	64	87	1	-3
153	38.835804	39.692147	D4	64	90	0	3
154	38.835804	40.277968	G2	64	69	1	-3
155	39.283565	39.399237	C5	64	63	0	3
156	39.283565	40.619385	D3	64	66	1	-1
157	39.507446	39.833938	C5	64	74	0	3
158	39.731326	40.223863	A#3	64	77	1	-3
159	39.731326	40.236923	D4	64	87	0	3
160	39.955207	40.401102	A#4	64	83	0	1
161	40.179087	40.548490	G3	64	60	1	-1
162	40.626848	43.578339	G#4	64	76	0	4
163	40.626848	41.447743	D#4	64	90	0	4
164	40.626848	41.453340	C4	64	72	0	1
165	40.626848	43.755578	G#2	64	72	1	-2
166	41.074609	43.583936	D#3	64	67	1	-5
167	41.522370	42.255579	D#4	64	76	0	4
168	41.522370	42.296623	C4	64	68	0	1
169	41.970131	42.488788	G#3	64	54	1	-5
170	42.417892	42.613788	D#4	64	74	0	4
171	42.417892	43.227593	C4	64	70	0	1
172	42.641773	42.917892	G3	64	59	1	-1
173	42.865653	43.007444	G#3	64	85	1	-5
174	43.313414	43.876847	D#4	64	93	0	4
175	43.313414	43.914160	C4	64	74	0	1
176	43.761175	44.054085	G4	64	104	0	3
177	44.208936	46.322741	F4	64	85	0	1
178	44.208936	46.929084	A#1	64	83	1	-2
179	44.656697	45.367518	F3	64	66	1	-3
180	44.656697	46.910427	F2	64	70	1	-5
181	45.104458	45.664159	A#3	64	81	1	-3
182	45.104458	45.882443	D#4	64	77	0	4
183	45.104458	45.906697	D3	64	66	1	-1
184	45.552219	46.033562	A#2	64	55	1	-5
185	45.776100	45.867517	A#3	64	40	1	-3
186	45.776100	45.906697	F3	64	43	1	-3
187	45.999980	46.731323	A#3	64	87	1	-3
188	45.999980	46.755577	F3	64	83	1	-3
189	45.999980	46.777965	D3	64	65	1	-1
190	45.999980	46.785427	D4	64	85	0	3
191	46.447741	46.763039	A#2	64	59	1	-5
192	46.895502	47.080203	F5	64	86	0	3
193	47.119383	47.358188	G5	64	74	0	5
194	47.343263	47.621248	F5	64	64	0	3
195	47.567144	47.684681	D#5	64	67	0	1
196	47.791024	48.221994	C5	64	90	0	3
197	47.791024	48.606322	C4	64	60	0	1
198	47.791024	48.619382	D#4	64	74	0	4
199	47.791024	49.253710	G#2	64	75	1	-2
200	48.238785	48.548486	F5	64	87	0	3
201	48.238785	49.544755	D#3	64	66	1	-5
202	48.686546	49.951471	F5	64	100	0	3
203	48.686546	49.145501	C4	64	64	0	1
204	48.686546	49.164158	D#4	64	75	0	4
205	49.134307	49.535426	G#3	64	52	1	-5
206	49.582068	50.391769	D4	64	72	0	3
207	49.582068	50.391769	F4	64	75	0	1
208	49.582068	50.763038	A#2	64	77	1	-5
209	50.029829	50.682814	F3	64	72	1	-3
210	50.477590	50.626844	F5	64	77	0	3
211	50.477590	50.884306	A#4	64	76	0	1
212	50.477590	50.889903	D4	64	68	0	3
213	50.477590	50.910426	F4	64	75	0	1
214	50.701471	50.964530	G5	64	76	0	5
215	50.925351	51.192142	F5	64	59	0	3
216	51.149232	51.266769	D#5	64	64	0	1
217	51.373112	51.781694	A#4	64	76	0	1
218	51.373112	52.235052	A#3	64	66	1	-3
219	51.373112	52.238783	D4	64	75	0	3
220	51.373112	52.751843	G2	64	76	1	-3
221	51.820873	52.160425	F5	64	81	0	3
222	51.820873	52.757440	D3	64	70	1	-1
223	52.268634	52.610052	F5	64	104	0	3
224	52.268634	52.718261	G4	64	68	0	3
225	52.268634	52.727589	D4	64	71	0	3
226	52.268634	52.733186	A#3	64	60	1	-3
227	52.716395	53.044753	D5	64	74	0	5
228	52.716395	53.147365	G3	64	59	1	-1
229	53.164156	54.134305	D#5	64	86	0	1
230	53.164156	53.942141	G4	64	77	0	3
231	53.164156	53.951469	D#4	64	74	0	4
232	53.164156	54.499976	C3	64	68	1	-3
233	53.611917	54.546618	G3	64	58	1	-1
234	54.059678	54.574603	D#4	64	68	0	4
235	54.059678	54.578335	G4	64	77	0	3
236	54.507439	54.787290	D#5	64	74	0	1
237	54.507439	54.962663	C4	64	58	0	1
238	54.731320	54.895499	F5	64	72	0	3
239	54.955200	55.315275	G5	64	90	0	5
240	54.955200	55.783558	G#4	64	81	0	4
241	54.955200	55.794752	C5	64	74	0	3
242	54.955200	56.186543	F3	64	81	1	-3
243	55.402961	55.509304	G#5	64	74	0	1
244	55.402961	56.033558	C4	64	60	0	1
245	55.626842	55.904827	G#5	64	86	0	1
246	55.850722	56.236916	G#4	64	74	0	4
247	55.850722	56.246244	C5	64	75	0	3
248	56.074603	56.630572	C5	64	87	0	3
249	56.746244	57.091393	D#5	64	74	0	1
250	56.746244	57.563408	F4	64	76	0	1
251	56.746244	57.576468	D4	64	74	0	3
252	56.746244	58.123109	A#2	64	76	1	-5
253	57.194005	57.542886	D5	64	77	0	5
254	57.194005	58.117512	F3	64	74	1	-3
255	57.641766	57.971990	C5	64	76	0	3
256	57.641766	58.123109	A#4	64	71	0	1
257	57.641766	58.128706	F4	64	74	0	1
258	57.641766	58.132437	D4	64	68	0	3
259	58.089527	58.496243	D5	64	112	0	5
260	58.089527	58.505572	A#3	64	52	1	-3
261	58.537288	60.518630	A#4	64	100	0	1
262	58.537288	58.708930	D#5	64	70	0	1
263	58.537288	59.346989	G4	64	67	0	3
264	58.537288	59.352586	A#4	64	70	0	1
265	58.537288	61.628705	D#3	64	93	1	-5
266	58.985049	61.541018	A#3	64	67	1	-3
267	59.432810	60.188407	D#5	64	75	0	1
268	59.432810	60.216392	A#4	64	83	0	1
269	59.432810	60.221989	G4	64	73	0	3
270	59.880571	61.449600	D#4	64	50	0	4
271	60.328332	61.048481	D#5	64	71	0	1
272	60.328332	61.082063	A#4	64	79	0	1
273	60.328332	61.087660	G4	64	67	0	3
274	61.223854	61.361914	F5	64	90	0	3
275	61.223854	61.513033	D#5	64	54	0	1
276	61.223854	61.643630	C#5	64	74	0	4
277	61.223854	61.656690	A#4	64	81	0	1
278	61.223854	61.660421	G4	64	70	0	3
279	61.447735	61.591391	G5	64	83	0	5
280	61.671615	61.772361	F5	64	65	0	3
281	61.895496	62.007436	D#5	64	85	0	1
282	62.119376	62.277958	D#5	64	100	0	1
283	62.119376	62.893629	C4	64	76	0	1
284	62.119376	62.902958	D#4	64	79	0	4
285	62.119376	63.736913	G#2	64	73	1	-2
286	62.518630	62.781689	C5	64	93	0	3
287	62.567137	63.888032	D#3	64	77	1	-5
288	62.791018	63.188405	G#3	64	9	1	-5
289	63.014898	63.147361	F5	64	93	0	3
290	63.014898	63.514898	C4	64	79	0	1
291	63.014898	63.535420	D#4	64	85	0	4
292	63.238779	63.378704	G5	64	74	0	5
293	63.462659	63.626838	F5	64	67	0	3
294	63.462659	63.824599	G#3	64	58	1	-5
295	63.686540	63.809674	D#5	64	76	0	1
296	63.686540	63.751838	D4	64	35	0	3
297	63.910420	64.016763	D#5	64	86	0	1
298	63.910420	64.731315	F4	64	74	0	1
299	63.910420	64.733181	D4	64	75	0	3
300	63.910420	65.417882	A#2	64	75	1	-5
301	64.358181	64.694002	C5	64	104	0	3
302	64.358181	65.305942	F3	64	69	1	-3
303	64.805942	64.914151	F5	64	95	0	3
304	64.805942	65.257434	F4	64	90	0	1
305	64.805942	65.263031	D4	64	90	0	3
306	65.029823	65.162285	G5	64	86	0	5
307	65.253703	65.380569	F5	64	74	0	3
308	65.253703	65.371240	A#3	64	58	1	-3
309	65.477584	65.583927	D#5	64	87	0	1
310	65.701464	65.886165	D#5	64	104	0	1
311	65.701464	66.259300	A#3	64	77	1	-3
312	65.701464	66.274225	D4	64	77	0	3
313	65.701464	67.080195	G2	64	76	1	-3
314	66.149225	66.419747	A#4	64	93	0	1
315	66.149225	66.664150	G3	64	60	1	-1
316	66.149225	67.108180	D3	64	64	1	-1
317	66.596986	66.977583	F5	64	111	0	3
318	66.596986	67.083926	D4	64	62	0	3
319	66.596986	67.091389	A#3	64	62	1	-3
320	67.044747	67.378702	D5	64	100	0	5
321	67.044747	67.436538	G3	64	61	1	-1
322	67.492508	68.677209	D#5	64	86	0	1
323	67.492508	68.238776	D#4	64	79	0	4
324	67.492508	68.253702	G4	64	77	0	3
325	67.492508	68.839522	C3	64	75	1	-3
326	67.940269	68.845119	G3	64	59	1	-1
327	68.388030	68.882433	G4	64	81	0	3
328	68.388030	68.901090	D#4	64	87	0	4
329	68.835791	69.080194	A#4	64	74	0	1
330	68.835791	69.257433	C4	64	58	0	1
331	69.059672	69.382433	G4	64	65	0	3
332	69.283552	69.723850	G#4	64	76	0	4
333	69.283552	70.093253	G#4	64	77	0	4
334	69.283552	70.096985	C5	64	74	0	3
335	69.283552	70.779820	F3	64	81	1	-3
336	69.731313	69.839522	D#5	64	63	0	1
337	69.731313	70.697731	C4	64	62	0	1
338	69.955194	70.858178	D#5	64	72	0	1
339	70.179074	70.645492	C5	64	79	0	3
340	70.179074	70.664148	G#4	64	87	0	4
341	70.611910	70.882432	C5	64	67	0	3
342	70.626835	70.721984	F4	64	50	0	1
343	70.845119	70.983178	D5	64	72	0	5
344	71.074596	71.891760	C4	64	65	0	1
345	71.074596	71.895491	D#4	64	74	0	4
346	71.074596	71.895491	G#4	64	81	0	4
347	71.074596	72.477581	G#2	64	74	1	-2
348	71.093253	71.522357	D#5	64	83	0	1
349	71.513029	71.850715	D5	64	67	0	5
350	71.522357	72.753700	D#3	64	67	1	-5
351	71.785417	72.078327	D#5	64	81	0	1
352	71.970118	72.466387	D#4	64	90	0	4
353	71.970118	72.466387	G#4	64	95	0	4
354	71.970118	72.473849	C4	64	69	0	1
355	72.221984	72.621237	F5	64	98	0	3
356	72.417879	72.763028	G#3	64	60	1	-5
357	72.776088	74.781684	F5	64	98	0	3
358	72.865640	73.679073	A#4	64	75	0	1
359	72.865640	73.693998	D4	64	67	0	3
360	72.865640	73.693998	F4	64	77	0	1
361	72.865640	76.096982	A#2	64	81	1	-5
362	73.313401	75.971982	F3	64	74	1	-3
363	73.761162	74.240639	A#4	64	93	0	1
364	73.761162	74.259296	F4	64	85	0	1
365	73.761162	74.294744	D4	64	67	0	3
366	74.208923	74.664147	A#3	64	60	1	-3
367	74.432804	74.483177	A#4	64	13	0	1
368	74.432804	74.548475	F4	64	40	0	1
369	74.432804	74.593251	D4	64	47	0	3
370	74.656684	75.205191	A#4	64	95	0	1
371	74.656684	75.227579	F4	64	90	0	1
372	74.656684	75.238773	D4	64	74	0	3
373	74.656684	76.057803	D3	64	65	1	-1
374	75.104445	75.414146	A#3	64	54	1	-3
375	75.550340	75.725713	F5	64	90	0	3
376	75.552206	76.013027	F4	64	81	0	1
377	75.552206	76.020489	A#4	64	85	0	1
378	75.552206	76.033549	D4	64	71	0	3
379	75.763027	75.942131	G5	64	90	0	5
380	75.776087	75.923475	A#3	64	54	1	-3
381	75.983176	76.197728	F5	64	74	0	3
382	76.192131	76.305937	D#5	64	86	0	1
383	76.447728	76.779817	C5	64	83	0	3
384	76.447728	77.279817	C4	64	77	0	1
385	76.447728	77.279817	G#4	64	95	0	4
386	76.447728	77.281683	D#4	64	85	0	4
387	76.447728	77.873101	G#2	64	90	1	-2
388	76.895489	77.180937	F5	64	90	0	3
389	76.895489	78.190265	D#3	64	72	1	-5
390	77.343250	78.416011	F5	64	108	0	3
391	77.343250	77.813399	G#4	64	90	0	4
392	77.343250	77.826459	D#4	64	87	0	4
393	77.343250	77.848847	C4	64	81	0	1
394	77.791011	78.117503	G#3	64	53	1	-5
395	78.238772	79.020488	D4	64	73	0	3
396	78.238772	79.022354	F4	64	85	0	1
397	78.238772	79.024219	A#4	64	93	0	1
398	78.238772	79.783548	A#2	64	77	1	-5
399	78.686533	79.651085	F3	64	79	1	-3
400	79.134294	79.289145	F5	64	87	0	3
401	79.134294	79.639891	A#4	64	100	0	1
402	79.134294	79.645488	F4	64	86	0	1
403	79.134294	79.666010	D4	64	77	0	3
404	79.358175	79.557801	G5	64	81	0	5
405	79.582055	79.822727	F5	64	63	0	3
406	79.582055	79.712652	A#3	64	54	1	-3
407	79.805936	79.916010	D#5	64	75	0	1
408	80.029816	80.356308	A#4	64	95	0	1
409	80.029816	80.837652	G4	64	90	0	3
410	80.029816	80.858174	A#3	64	77	1	-3
411	80.029816	80.858174	D4	64	86	0	3
412	80.029816	81.410412	G2	64	75	1	-3
413	80.477577	80.809666	F5	64	98	0	3
414	80.477577	81.451457	D3	64	79	1	-1
415	80.925338	81.268621	F5	64	108	0	3
416	80.925338	81.389890	D4	64	86	0	3
417	80.925338	81.389890	G4	64	93	0	3
418	80.925338	81.395487	A#3	64	74	1	-3
419	81.373099	81.639890	D5	64	98	0	5
420	81.373099	81.777950	G3	64	58	1	-1
421	81.596980	82.830188	D#5	64	95	0	1
422	81.820860	82.574591	D#4	64	79	0	4
423	81.820860	82.615636	G4	64	81	0	3
424	81.820860	83.214516	C3	64	79	1	-3
425	82.044741	83.317128	G3	64	64	1	-1
426	82.268621	82.557800	C4	64	72	0	1
427	82.492502	83.201456	D#3	64	86	1	-5
428	82.716382	82.768621	D#4	64	62	0	4
429	82.716382	82.962651	G4	64	83	0	3
430	82.716382	83.264889	C5	64	87	0	3
431	82.940263	83.425337	C4	64	64	0	1
432	83.164143	83.438397	D#5	64	90	0	1
433	83.164143	83.608173	D#4	64	85	0	4
434	83.388024	83.561531	F5	64	68	0	3
435	83.388024	83.641755	G4	64	76	0	3
436	83.611904	83.942128	G5	64	95	0	5
437	83.611904	85.091381	F3	64	95	1	-3
438	84.059665	84.210784	G#5	64	86	0	1
439	84.059665	84.970112	C4	64	71	0	1
440	84.283546	84.541008	G#5	64	77	0	1
441	84.507426	85.014889	C5	64	76	0	3
442	84.507426	85.048471	G#4	64	87	0	4
443	84.731307	85.289142	C5	64	95	0	3
444	84.955187	85.102575	F4	64	60	0	1
445	85.402948	85.746232	D5	64	98	0	5
446	85.402948	85.945858	F4	64	74	0	1
447	85.402948	85.945858	A#4	64	81	0	1
448	85.402948	85.957052	D4	64	67	0	3
449	85.402948	86.759291	A#2	64	85	1	-5
450	85.850709	86.083918	C5	64	72	0	3
451	85.850709	86.807798	F3	64	72	1	-3
452	86.074590	86.490634	A#4	64	81	0	1
453	86.074590	86.212649	F4	64	40	0	1
454	86.074590	86.233172	D4	64	40	0	3
455	86.074590	86.238769	A#4	64	51	0	1
456	86.298470	86.776082	F4	64	83	0	1
457	86.298470	86.781679	D4	64	74	0	3
458	86.298470	86.783544	A#4	64	93	0	1
459	86.522351	87.044738	D5	64	79	0	5
460	86.746231	87.128694	A#3	64	57	1	-3
461	87.193992	89.768618	A#4	64	95	0	1
462	87.193992	88.018619	G4	64	74	0	3
463	87.193992	88.020484	D#5	64	74	0	1
464	87.193992	88.027947	A#4	64	83	0	1
465	87.193992	90.587647	D#3	64	93	1	-5
466	87.641753	90.475707	A#3	64	62	1	-3
467	88.089514	88.843245	D#5	64	76	0	1
468	88.089514	88.858170	G4	64	70	0	3
469	88.089514	88.858170	A#4	64	77	0	1
470	88.537275	90.432797	D#4	64	58	0	4
471	88.985036	89.645484	D#5	64	77	0	1
472	88.985036	89.770483	C#5	64	98	0	4
473	88.985036	89.777946	G4	64	81	0	3
474	88.985036	89.779812	A#4	64	95	0	1
475	89.880558	89.999961	F5	64	90	0	3
476	89.880558	90.552200	A#4	64	98	0	1
477	89.880558	90.557797	C#5	64	104	0	4
478	89.880558	90.576453	G4	64	90	0	3
479	90.104439	90.216379	G5	64	73	0	5
480	90.328319	90.425334	F5	64	72	0	3
481	90.552200	90.651080	D#5	64	74	0	1
482	90.776080	91.029811	D#5	64	73	0	1
483	90.776080	91.503692	G#4	64	72	0	4
484	90.776080	91.516751	C4	64	65	0	1
485	90.776080	91.520483	D#4	64	70	0	4
486	90.776080	92.177199	G#2	64	75	1	-2
487	91.223841	91.468244	C5	64	87	0	3
488	91.223841	92.511154	D#3	64	75	1	-5
489	91.671602	91.785408	F5	64	86	0	3
490	91.671602	92.160408	G#4	64	93	0	4
491	91.671602	92.169736	D#4	64	86	0	4
492	91.671602	92.190259	C4	64	81	0	1
493	91.895483	92.005557	G5	64	67	0	5
494	92.119363	92.201453	F5	64	74	0	3
495	92.119363	92.475706	G#3	64	59	1	-5
496	92.343244	92.455184	D#5	64	66	0	1
497	92.567124	92.761154	D#5	64	74	0	1
498	92.567124	93.401079	D4	64	72	0	3
499	92.567124	93.401079	A#4	64	86	0	1
500	92.567124	93.404810	F4	64	81	0	1
501	92.567124	93.957049	G#2	64	79	1	-2
502	92.996228	93.391751	C5	64	87	0	3
503	93.014885	93.891750	D#3	64	79	1	-5
504	93.462646	93.585780	F5	64	79	0	3
505	93.462646	93.929064	F4	64	74	0	1
506	93.462646	93.932795	D4	64	67	0	3
507	93.462646	93.942123	A#4	64	85	0	1
508	93.686527	93.826452	G5	64	104	0	5
509	93.910407	94.031676	F5	64	74	0	3
510	94.134288	94.259288	D#5	64	81	0	1
511	94.358168	94.494362	D#5	64	98	0	1
512	94.358168	95.173466	G4	64	86	0	3
513	94.358168	95.175332	D4	64	83	0	3
514	94.358168	95.177198	A#3	64	67	1	-3
515	94.358168	95.764884	G2	64	73	1	-3
516	94.805929	95.089511	A#4	64	95	0	1
517	94.805929	95.809660	D3	64	70	1	-1
518	95.253690	95.608168	A#5	64	111	0	3
519	95.253690	95.736899	D4	64	81	0	3
520	95.253690	95.738764	G4	64	81	0	3
521	95.253690	95.749959	A#3	64	70	1	-3
522	95.701451	95.970108	D5	64	104	0	5
523	95.701451	96.041003	G3	64	55	1	-1
524	96.149212	97.369361	D#5	64	90	0	1
525	96.149212	96.940257	C5	64	79	0	3
526	96.149212	96.943988	G4	64	81	0	3
527	96.149212	96.945854	D#4	64	73	0	4
528	96.149212	97.651077	C3	64	74	1	-3
529	96.596973	97.908540	G3	64	63	1	-1
530	97.044734	97.518614	G4	64	86	0	3
531	97.044734	97.546600	D#4	64	83	0	4
532	97.044734	97.570853	C5	64	85	0	3
533	97.492495	97.733167	A#4	64	85	0	1
534	97.492495	97.776077	C4	64	52	0	1
535	97.716376	98.009286	G4	64	71	0	3
536	97.940256	98.179062	G#4	64	77	0	4
537	97.940256	98.759286	G#3	64	63	1	-5
538	97.940256	98.759286	F4	64	76	0	1
539	97.940256	98.781674	C4	64	67	0	1
540	97.940256	99.313390	F2	64	59	1	-5
541	98.388017	98.492495	D#5	64	73	0	1
542	98.388017	99.307793	C3	64	61	1	-3
543	98.611898	99.268614	D#5	64	83	0	1
544	98.835778	99.458912	F4	64	74	0	1
545	98.835778	99.470106	G#3	64	69	1	-5
546	98.835778	99.470106	C4	64	73	0	1
547	99.283539	99.757419	F3	64	58	1	-3
548	99.318987	99.501823	G5	64	83	0	5
549	99.546599	99.675330	G#5	64	74	0	1
550	99.731300	100.574583	A#4	64	75	0	1
551	99.731300	100.585777	D4	64	66	0	3
552	99.731300	100.587643	F4	64	70	0	1
553	99.731300	101.147344	A#2	64	68	1	-5
554	99.783539	100.289136	G5	64	93	0	5
555	100.179061	101.182792	F3	64	70	1	-3
556	100.259285	100.570852	F5	64	74	0	3
557	100.529807	100.998091	D#5	64	72	0	1
558	100.626822	101.147344	D4	64	67	0	3
559	100.626822	101.149210	F4	64	74	0	1
560	100.626822	101.158538	A#4	64	76	0	1
561	101.074583	101.499956	A#3	64	52	1	-3
562	101.128688	101.514881	D5	64	75	0	5
563	101.522344	102.037269	G4	64	66	0	3
564	101.522344	102.104433	D#3	64	81	1	-5
565	101.522344	102.296597	A#4	64	79	0	1
566	101.522344	102.300329	D#5	64	71	0	1
567	101.585777	105.082044	D#5	64	85	0	1
568	102.417866	102.888015	D3	64	85	1	-1
569	102.417866	102.929060	F4	64	60	0	1
570	102.417866	102.929060	D#5	64	63	0	1
571	102.417866	102.957045	A#4	64	73	0	1
572	103.313388	105.037268	D#5	64	68	0	1
573	103.313388	105.044731	A#4	64	76	0	1
574	103.313388	105.048462	G4	64	68	0	3
575	103.313388	105.095104	D#3	64	90	1	-5
576	105.104432	105.817118	D#3	64	57	1	-5
577	105.104432	105.832044	D4	64	65	0	3
578	105.104432	106.985028	G#2	64	69	1	-2
579	105.999954	106.639879	D#3	64	58	1	-5
580	105.999954	106.723834	D4	64	68	0	3
581	106.895476	107.016745	G4	64	81	0	3
582	106.895476	107.634282	G3	64	69	1	-1
583	106.895476	107.638013	D4	64	83	0	3
584	107.119357	107.223834	G4	64	64	0	3
585	107.343237	107.477565	G4	64	59	0	3
586	107.343237	107.835774	D#3	64	51	1	-5
587	107.567118	107.945849	A#4	64	73	0	1
588	107.790998	108.261147	G3	64	81	1	-1
589	107.790998	108.266744	D4	64	81	0	3
590	108.014879	108.486893	C5	64	75	0	3
591	108.238759	108.660401	D#3	64	48	1	-5
592	108.686520	109.180923	C5	64	90	0	3
593	108.686520	112.018608	G#2	64	67	1	-2
594	109.134281	109.378684	A#4	64	58	0	1
595	109.134281	109.779803	G#3	64	57	1	-5
596	109.358162	112.141742	G#4	64	65	0	4
597	109.582042	110.080176	D#4	64	79	0	4
598	109.582042	110.117490	A#3	64	75	1	-3
599	110.029803	110.561519	G#3	64	60	1	-5
600	110.477564	111.257414	D#4	64	74	0	4
601	110.477564	111.261146	A#3	64	74	1	-3
602	110.925325	111.402937	G#3	64	57	1	-5
603	111.373086	111.910399	D#4	64	86	0	4
604	111.373086	111.943981	A#3	64	83	1	-3
605	111.820847	111.936519	G#3	64	61	1	-5
606	112.268608	115.436517	D#2	64	90	1	-2
607	112.716369	115.468234	A#2	64	64	1	-5
608	113.164130	113.707040	G3	64	79	1	-1
609	113.164130	113.718234	D4	64	87	0	3
610	113.611891	114.110025	D#3	64	50	1	-5
611	114.059652	114.192115	G4	64	71	0	3
612	114.059652	114.833905	G3	64	83	1	-1
613	114.059652	114.833905	D4	64	85	0	3
614	114.283533	114.382413	G4	64	64	0	3
615	114.507413	114.671592	G4	64	63	0	3
616	114.507413	114.979428	D#3	64	55	1	-5
617	114.731294	115.136144	A#4	64	72	0	1
618	114.955174	115.429054	D4	64	85	0	3
619	114.955174	115.432786	G3	64	79	1	-1
620	115.179055	115.624950	C5	64	70	0	3
621	115.402935	115.766741	D#3	64	49	1	-5
622	115.626816	116.138009	C5	64	104	0	3
623	115.850696	118.807784	G#2	64	66	1	-2
624	116.298457	116.582039	A#4	64	74	0	1
625	116.298457	117.016740	G#3	64	52	1	-5
626	116.522338	118.279799	G#4	64	74	0	4
627	116.746218	117.449576	D#4	64	74	0	4
628	116.746218	117.479427	A#3	64	67	1	-3
629	117.193979	118.904799	G#3	64	71	1	-5
630	117.641740	119.029799	D#4	64	86	0	4
631	117.641740	119.042859	A#3	64	72	1	-3
632	118.985023	119.173456	C5	64	65	0	3
633	119.208904	119.322709	D5	64	71	0	5
634	119.432784	119.763008	D5	64	87	0	5
635	119.432784	120.223828	D#3	64	73	1	-5
636	119.432784	120.248082	G3	64	77	1	-1
637	119.432784	120.783530	C2	64	75	1	-5
638	119.880545	119.998082	D#5	64	74	0	1
639	119.880545	120.763007	G2	64	65	1	-3
640	120.104426	120.746216	D#5	64	76	0	1
641	120.328306	120.783530	C4	64	74	0	1
642	120.328306	120.785395	D#3	64	71	1	-5
643	120.328306	120.792858	G3	64	85	1	-1
644	120.776067	121.186515	G4	64	85	0	3
645	121.223828	121.677186	D5	64	95	0	5
646	121.223828	121.725694	G#3	64	73	1	-5
647	121.223828	121.727559	C4	64	77	0	1
648	121.223828	122.643604	G2	64	73	1	-3
649	121.671589	121.996216	C5	64	67	0	3
650	121.671589	122.962633	D3	64	73	1	-1
651	121.895470	121.962634	D4	64	56	0	3
652	122.119350	122.430917	A#4	64	86	0	1
653	122.119350	122.589499	A#3	64	86	1	-3
654	122.119350	122.598827	D4	64	93	0	3
655	122.567111	122.805917	A#4	64	67	0	1
656	122.567111	122.876812	G3	64	42	1	-1
657	123.014872	125.576438	G#4	64	86	0	4
658	123.014872	123.606290	D#4	64	76	0	4
659	123.014872	123.804051	C4	64	72	0	1
660	123.014872	126.089498	G#2	64	74	1	-2
661	123.462633	125.910393	D#3	64	65	1	-5
662	123.686514	123.776066	D#4	64	14	0	4
663	123.910394	124.386140	C4	64	72	0	1
664	123.910394	124.628677	D#4	64	75	0	4
665	124.358155	124.901065	G#3	64	54	1	-5
666	124.805916	125.591363	C4	64	74	0	1
667	124.805916	125.595095	D#4	64	76	0	4
668	125.253677	125.748080	G#3	64	58	1	-5
669	125.701438	126.138005	C4	64	83	0	1
670	125.701438	126.138005	D#4	64	83	0	4
671	126.149199	126.320841	C5	64	74	0	3
672	126.373080	126.470094	D5	64	74	0	5
673	126.596960	126.884273	D5	64	90	0	5
674	126.596960	127.397333	D#3	64	81	1	-5
675	126.596960	127.404796	G3	64	79	1	-1
676	126.596960	127.958900	C2	64	75	1	-5
677	127.044721	127.149199	D#5	64	83	0	1
678	127.044721	127.977556	G2	64	71	1	-3
679	127.268602	127.822706	D#5	64	87	0	1
680	127.492482	127.945840	D#3	64	81	1	-5
681	127.492482	127.945840	G3	64	77	1	-1
682	127.940243	128.304049	F5	64	71	0	3
683	127.940243	128.356288	C3	64	54	1	-3
684	128.388004	128.783526	D5	64	86	0	5
685	128.388004	129.238750	A#3	64	87	1	-3
686	128.388004	129.244347	D4	64	90	0	3
687	128.388004	129.830168	G2	64	69	1	-3
688	128.835765	128.951437	C5	64	63	0	3
689	128.835765	130.171585	D3	64	66	1	-1
690	129.059646	129.386138	C5	64	74	0	3
691	129.283526	129.776063	A#3	64	77	1	-3
692	129.283526	129.789123	D4	64	87	0	3
693	129.507407	129.953302	A#4	64	83	0	1
694	129.731287	130.100690	G3	64	60	1	-1
695	130.179048	133.130539	G#4	64	76	0	4
696	130.179048	130.999943	D#4	64	90	0	4
697	130.179048	131.005540	C4	64	72	0	1
698	130.179048	133.307778	G#2	64	72	1	-2
699	130.626809	133.136136	D#3	64	67	1	-5
700	131.074570	131.807779	D#4	64	76	0	4
701	131.074570	131.848823	C4	64	68	0	1
702	131.522331	132.040988	G#3	64	54	1	-5
703	131.970092	132.165988	D#4	64	74	0	4
704	131.970092	132.779793	C4	64	70	0	1
705	132.193973	132.470092	G3	64	59	1	-1
706	132.417853	132.559644	G#3	64	85	1	-5
707	132.865614	133.429047	D#4	64	93	0	4
708	132.865614	133.466360	C4	64	74	0	1
709	133.313375	133.606285	G4	64	104	0	3
710	133.761136	135.874941	F4	64	85	0	1
711	133.761136	136.481284	A#1	64	83	1	-2
712	134.208897	134.919718	F3	64	66	1	-3
713	134.208897	136.462627	F2	64	70	1	-5
714	134.656658	135.216359	A#3	64	81	1	-3
715	134.656658	135.434643	D#4	64	77	0	4
716	134.656658	135.458897	D3	64	66	1	-1
717	135.104419	135.585762	A#2	64	55	1	-5
718	135.328300	135.419717	A#3	64	40	1	-3
719	135.328300	135.458897	F3	64	43	1	-3
720	135.552180	136.283523	A#3	64	87	1	-3
721	135.552180	136.307777	F3	64	83	1	-3
722	135.552180	136.330165	D3	64	65	1	-1
723	135.552180	136.337627	D4	64	85	0	3
724	135.999941	136.315239	A#2	64	59	1	-5
725	136.447702	136.632403	F5	64	86	0	3
726	136.671583	136.910388	G5	64	74	0	5
727	136.895463	137.173448	F5	64	64	0	3
728	137.119344	137.236881	D#5	64	67	0	1
729	137.343224	137.774194	C5	64	90	0	3
730	137.343224	138.158522	C4	64	60	0	1
731	137.343224	138.171582	D#4	64	74	0	4
732	137.343224	138.805910	G#2	64	75	1	-2
733	137.790985	138.100686	F5	64	87	0	3
734	137.790985	139.096955	D#3	64	66	1	-5
735	138.238746	139.503671	F5	64	100	0	3
736	138.238746	138.697701	C4	64	64	0	1
737	138.238746	138.716358	D#4	64	75	0	4
738	138.686507	139.087626	G#3	64	52	1	-5
739	139.134268	139.943969	D4	64	72	0	3
740	139.134268	139.943969	F4	64	75	0	1
741	139.134268	140.315238	A#2	64	77	1	-5
742	139.582029	140.235014	F3	64	72	1	-3
743	140.029790	140.179044	F5	64	77	0	3
744	140.029790	140.436506	A#4	64	76	0	1
745	140.029790	140.442103	D4	64	68	0	3
746	140.029790	140.462626	F4	64	75	0	1
747	140.253671	140.516730	G5	64	76	0	5
748	140.477551	140.744342	F5	64	59	0	3
749	140.701432	140.818969	D#5	64	64	0	1
750	140.925312	141.333894	A#4	64	76	0	1
751	140.925312	141.787252	A#3	64	66	1	-3
752	140.925312	141.790983	D4	64	75	0	3
753	140.925312	142.304043	G2	64	76	1	-3
754	141.373073	141.712625	F5	64	81	0	3
755	141.373073	142.309640	D3	64	70	1	-1
756	141.820834	142.162252	F5	64	104	0	3
757	141.820834	142.270461	G4	64	68	0	3
758	141.820834	142.279789	D4	64	71	0	3
759	141.820834	142.285386	A#3	64	60	1	-3
760	142.268595	142.596953	D5	64	74	0	5
761	142.268595	142.699565	G3	64	59	1	-1
762	142.716356	143.686505	D#5	64	86	0	1
763	142.716356	143.494341	G4	64	77	0	3
764	142.716356	143.503669	D#4	64	74	0	4
765	142.716356	144.052176	C3	64	68	1	-3
766	143.164117	144.098818	G3	64	58	1	-1
767	143.611878	144.126803	D#4	64	68	0	4
768	143.611878	144.130535	G4	64	77	0	3
769	144.059639	144.339490	D#5	64	74	0	1
770	144.059639	144.514863	C4	64	58	0	1
771	144.283520	144.447699	F5	64	72	0	3
772	144.507400	144.867475	G5	64	90	0	5
773	144.507400	145.335758	G#4	64	81	0	4
774	144.507400	145.346952	C5	64	74	0	3
775	144.507400	145.738743	F3	64	81	1	-3
776	144.955161	145.061504	G#5	64	74	0	1
777	144.955161	145.585758	C4	64	60	0	1
778	145.179042	145.457027	G#5	64	86	0	1
779	145.402922	145.789116	G#4	64	74	0	4
780	145.402922	145.798444	C5	64	75	0	3
781	145.626803	146.182772	C5	64	87	0	3
782	146.298444	146.643593	D#5	64	74	0	1
783	146.298444	147.115608	F4	64	76	0	1
784	146.298444	147.128668	D4	64	74	0	3
785	146.298444	147.675309	A#2	64	76	1	-5
786	146.746205	147.095086	D5	64	77	0	5
787	146.746205	147.669712	F3	64	74	1	-3
788	147.193966	147.524190	C5	64	76	0	3
789	147.193966	147.675309	A#4	64	71	0	1
790	147.193966	147.680906	F4	64	74	0	1
791	147.193966	147.684637	D4	64	68	0	3
792	147.641727	148.048443	D5	64	112	0	5
793	147.641727	148.057772	A#3	64	52	1	-3
794	148.089488	150.070830	A#4	64	100	0	1
795	148.089488	148.261130	D#5	64	70	0	1
796	148.089488	148.899189	G4	64	67	0	3
797	148.089488	148.904786	A#4	64	70	0	1
798	148.089488	151.180905	D#3	64	93	1	-5
799	148.537249	151.093218	A#3	64	67	1	-3
800	148.985010	149.740607	D#5	64	75	0	1
801	148.985010	149.768592	A#4	64	83	0	1
802	148.985010	149.774189	G4	64	73	0	3
803	149.432771	151.001800	D#4	64	50	0	4
804	149.880532	150.600681	D#5	64	71	0	1
805	149.880532	150.634263	A#4	64	79	0	1
806	149.880532	150.639860	G4	64	67	0	3
807	150.776054	150.914114	F5	64	90	0	3
808	150.776054	151.065233	D#5	64	54	0	1
809	150.776054	151.195830	C#5	64	74	0	4
810	150.776054	151.208890	A#4	64	81	0	1
811	150.776054	151.212621	G4	64	70	0	3
812	150.999935	151.143591	G5	64	83	0	5
813	151.223815	151.324561	F5	64	65	0	3
814	151.447696	151.559636	D#5	64	85	0	1
815	151.671576	151.830158	D#5	64	100	0	1
816	151.671576	152.445829	C4	64	76	0	1
817	151.671576	152.455158	D#4	64	79	0	4
818	151.671576	153.289113	G#2	64	73	1	-2
819	152.070830	152.333889	C5	64	93	0	3
820	152.119337	153.440232	D#3	64	77	1	-5
821	152.343218	152.740605	G#3	64	9	1	-5
822	152.567098	152.699561	F5	64	93	0	3
823	152.567098	153.067098	C4	64	79	0	1
824	152.567098	153.087620	D#4	64	85	0	4
825	152.790979	152.930904	G5	64	74	0	5
826	153.014859	153.179038	F5	64	67	0	3
827	153.014859	153.376799	G#3	64	58	1	-5
828	153.238740	153.361874	D#5	64	76	0	1
829	153.238740	153.304038	D4	64	35	0	3
830	153.462620	153.568963	D#5	64	86	0	1
831	153.462620	154.283515	F4	64	74	0	1
832	153.462620	154.285381	D4	64	75	0	3
833	153.462620	154.970082	A#2	64	75	1	-5
834	153.910381	154.246202	C5	64	104	0	3
835	153.910381	154.858142	F3	64	69	1	-3
836	154.358142	154.466351	F5	64	95	0	3
837	154.358142	154.809634	F4	64	90	0	1
838	154.358142	154.815231	D4	64	90	0	3
839	154.582023	154.714485	G5	64	86	0	5
840	154.805903	154.932769	F5	64	74	0	3
841	154.805903	154.923440	A#3	64	58	1	-3
842	155.029784	155.136127	D#5	64	87	0	1
843	155.253664	155.438365	D#5	64	104	0	1
844	155.253664	155.811500	A#3	64	77	1	-3
845	155.253664	155.826425	D4	64	77	0	3
846	155.253664	156.632395	G2	64	76	1	-3
847	155.701425	155.971947	A#4	64	93	0	1
848	155.701425	156.216350	G3	64	60	1	-1
849	155.701425	156.660380	D3	64	64	1	-1
850	156.149186	156.529783	F5	64	111	0	3
851	156.149186	156.636126	D4	64	62	0	3
852	156.149186	156.643589	A#3	64	62	1	-3
853	156.596947	156.930902	D5	64	100	0	5
854	156.596947	156.988738	G3	64	61	1	-1
855	157.044708	158.229409	D#5	64	86	0	1
856	157.044708	157.790976	D#4	64	79	0	4
857	157.044708	157.805902	G4	64	77	0	3
858	157.044708	158.391722	C3	64	75	1	-3
859	157.492469	158.397319	G3	64	59	1	-1
860	157.940230	158.434633	G4	64	81	0	3
861	157.940230	158.453290	D#4	64	87	0	4
862	158.387991	158.632394	A#4	64	74	0	1
863	158.387991	158.809633	C4	64	58	0	1
864	158.611872	158.934633	G4	64	65	0	3
865	158.835752	159.276050	G#4	64	76	0	4
866	158.835752	159.645453	G#4	64	77	0	4
867	158.835752	159.649185	C5	64	74	0	3
868	158.835752	160.332020	F3	64	81	1	-3
869	159.283513	159.391722	D#5	64	63	0	1
870	159.283513	160.249931	C4	64	62	0	1
871	159.507394	160.410378	D#5	64	72	0	1
872	159.731274	160.197692	C5	64	79	0	3
873	159.731274	160.216348	G#4	64	87	0	4
874	160.164110	160.434632	C5	64	67	0	3
875	160.179035	160.274184	F4	64	50	0	1
876	160.397319	160.535378	D5	64	72	0	5
877	160.626796	161.443960	C4	64	65	0	1
878	160.626796	161.447691	D#4	64	74	0	4
879	160.626796	161.447691	G#4	64	81	0	4
880	160.626796	162.029781	G#2	64	74	1	-2
881	160.645453	161.074557	D#5	64	83	0	1
882	161.065229	161.402915	D5	64	67	0	5
883	161.074557	162.305900	D#3	64	67	1	-5
884	161.337617	161.630527	D#5	64	81	0	1
885	161.522318	162.018587	D#4	64	90	0	4
886	161.522318	162.018587	G#4	64	95	0	4
887	161.522318	162.026049	C4	64	69	0	1
888	161.774184	162.173437	F5	64	98	0	3
889	161.970079	162.315228	G#3	64	60	1	-5
890	162.193960	162.268586	F4	64	42	0	1
891	162.193960	162.300303	D4	64	57	0	3
892	162.328288	164.333884	F5	64	98	0	3
893	162.417840	163.231273	A#4	64	75	0	1
894	162.417840	163.246198	D4	64	67	0	3
895	162.417840	163.246198	F4	64	77	0	1
896	162.417840	165.649182	A#2	64	81	1	-5
897	162.865601	165.524182	F3	64	74	1	-3
898	163.313362	163.792839	A#4	64	93	0	1
899	163.313362	163.811496	F4	64	85	0	1
900	163.313362	163.846944	D4	64	67	0	3
901	163.761123	164.216347	A#3	64	60	1	-3
902	163.985004	164.035377	A#4	64	13	0	1
903	163.985004	164.100675	F4	64	40	0	1
904	163.985004	164.145451	D4	64	47	0	3
905	164.208884	164.757391	A#4	64	95	0	1
906	164.208884	164.779779	F4	64	90	0	1
907	164.208884	164.790973	D4	64	74	0	3
908	164.208884	165.610003	D3	64	65	1	-1
909	164.656645	164.966346	A#3	64	54	1	-3
910	164.880526	164.940227	D4	64	49	0	3
911	164.880526	164.955152	F4	64	55	0	1
912	164.880526	164.968212	A#4	64	63	0	1
913	165.102540	165.277913	F5	64	90	0	3
914	165.104406	165.565227	F4	64	81	0	1
915	165.104406	165.572689	A#4	64	85	0	1
916	165.104406	165.585749	D4	64	71	0	3
917	165.315227	165.494331	G5	64	90	0	5
918	165.328287	165.475675	A#3	64	54	1	-3
919	165.535376	165.749928	F5	64	74	0	3
920	165.744331	165.858137	D#5	64	86	0	1
921	165.999928	166.332017	C5	64	83	0	3
922	165.999928	166.832017	C4	64	77	0	1
923	165.999928	166.832017	G#4	64	95	0	4
924	165.999928	166.833883	D#4	64	85	0	4
925	165.999928	167.425301	G#2	64	90	1	-2
926	166.447689	166.733137	F5	64	90	0	3
927	166.447689	167.742465	D#3	64	72	1	-5
928	166.895450	167.968211	F5	64	108	0	3
929	166.895450	167.365599	G#4	64	90	0	4
930	166.895450	167.378659	D#4	64	87	0	4
931	166.895450	167.401047	C4	64	81	0	1
932	167.343211	167.669703	G#3	64	53	1	-5
933	167.790972	168.572688	D4	64	73	0	3
934	167.790972	168.574554	F4	64	85	0	1
935	167.790972	168.576419	A#4	64	93	0	1
936	167.790972	169.335748	A#2	64	77	1	-5
937	168.238733	169.203285	F3	64	79	1	-3
938	168.686494	168.841345	F5	64	87	0	3
939	168.686494	169.192091	A#4	64	100	0	1
940	168.686494	169.197688	F4	64	86	0	1
941	168.686494	169.218210	D4	64	77	0	3
942	168.910375	169.110001	G5	64	81	0	5
943	169.134255	169.374927	F5	64	63	0	3
944	169.134255	169.264852	A#3	64	54	1	-3
945	169.358136	169.468210	D#5	64	75	0	1
946	169.582016	169.908508	A#4	64	95	0	1
947	169.582016	170.389852	G4	64	90	0	3
948	169.582016	170.410374	A#3	64	77	1	-3
949	169.582016	170.410374	D4	64	86	0	3
950	169.582016	170.962612	G2	64	75	1	-3
951	170.029777	170.361866	F5	64	98	0	3
952	170.029777	171.003657	D3	64	79	1	-1
953	170.477538	170.820821	F5	64	108	0	3
954	170.477538	170.942090	D4	64	86	0	3
955	170.477538	170.942090	G4	64	93	0	3
956	170.477538	170.947687	A#3	64	74	1	-3
957	170.925299	171.192090	D5	64	98	0	5
958	170.925299	171.330150	G3	64	58	1	-1
959	171.149180	172.382388	D#5	64	95	0	1
960	171.373060	172.126791	D#4	64	79	0	4
961	171.373060	172.167836	G4	64	81	0	3
962	171.373060	172.766716	C3	64	79	1	-3
963	171.596941	172.869328	G3	64	64	1	-1
964	171.820821	172.110000	C4	64	72	0	1
965	172.044702	172.753656	D#3	64	86	1	-5
966	172.268582	172.320821	D#4	64	62	0	4
967	172.268582	172.514851	G4	64	83	0	3
968	172.268582	172.817089	C5	64	87	0	3
969	172.492463	172.977537	C4	64	64	0	1
970	172.716343	172.990597	D#5	64	90	0	1
971	172.716343	173.160373	D#4	64	85	0	4
972	172.940224	173.113731	F5	64	68	0	3
973	172.940224	173.193955	G4	64	76	0	3
974	173.164104	173.494328	G5	64	95	0	5
975	173.164104	174.643581	F3	64	95	1	-3
976	173.611865	173.762984	G#5	64	86	0	1
977	173.611865	174.522312	C4	64	71	0	1
978	173.835746	174.093208	G#5	64	77	0	1
979	174.059626	174.567089	C5	64	76	0	3
980	174.059626	174.600671	G#4	64	87	0	4
981	174.283507	174.841342	C5	64	95	0	3
982	174.507387	174.654775	F4	64	60	0	1
983	174.955148	175.298431	D5	64	98	0	5
984	174.955148	175.498058	F4	64	74	0	1
985	174.955148	175.498058	A#4	64	81	0	1
986	174.955148	175.509252	D4	64	67	0	3
987	174.955148	176.311491	A#2	64	85	1	-5
988	175.402909	175.636118	C5	64	72	0	3
989	175.402909	176.359998	F3	64	72	1	-3
990	175.626790	176.042834	A#4	64	81	0	1
991	175.626790	175.764849	F4	64	40	0	1
992	175.626790	175.785372	D4	64	40	0	3
993	175.626790	175.790969	A#4	64	51	0	1
994	175.850670	176.328282	F4	64	83	0	1
995	175.850670	176.333879	D4	64	74	0	3
996	175.850670	176.335744	A#4	64	93	0	1
997	176.074551	176.596938	D5	64	79	0	5
998	176.298431	176.680894	A#3	64	57	1	-3
999	176.746192	179.320818	A#4	64	95	0	1
1000	176.746192	177.570819	G4	64	74	0	3
1001	176.746192	177.572684	D#5	64	74	0	1
1002	176.746192	177.580147	A#4	64	83	0	1
1003	176.746192	179.845071	D#3	64	93	1	-5
1004	177.193953	179.733131	A#3	64	62	1	-3
1005	177.641714	178.395445	D#5	64	76	0	1
1006	177.641714	178.410370	G4	64	70	0	3
1007	177.641714	178.410370	A#4	64	77	0	1
1008	178.089475	179.690221	D#4	64	58	0	4
1009	178.537236	179.197684	D#5	64	77	0	1
1010	178.537236	179.322683	C#5	64	98	0	4
1011	178.537236	179.330146	G4	64	81	0	3
1012	178.537236	179.332012	A#4	64	95	0	1
1013	179.432758	179.552161	F5	64	90	0	3
1014	179.432758	179.809624	A#4	64	98	0	1
1015	179.432758	179.815221	C#5	64	104	0	4
1016	179.432758	179.833877	G4	64	90	0	3
1017	179.656639	179.768579	G5	64	73	0	5
1018	179.880519	179.977534	F5	64	72	0	3
1019	180.104400	180.203280	D#5	64	74	0	1
1020	180.328280	180.582011	D#5	64	73	0	1
1021	180.328280	181.055892	G#4	64	72	0	4
1022	180.328280	181.068951	C4	64	65	0	1
1023	180.328280	181.072683	D#4	64	70	0	4
1024	180.328280	181.729399	G#2	64	75	1	-2
1025	180.776041	181.020444	C5	64	87	0	3
1026	180.776041	182.063354	D#3	64	75	1	-5
1027	181.223802	181.337608	F5	64	86	0	3
1028	181.223802	181.712608	G#4	64	93	0	4
1029	181.223802	181.721936	D#4	64	86	0	4
1030	181.223802	181.742459	C4	64	81	0	1
1031	181.447683	181.557757	G5	64	67	0	5
1032	181.671563	181.753653	F5	64	74	0	3
1033	181.671563	182.027906	G#3	64	59	1	-5
1034	181.895444	182.007384	D#5	64	66	0	1
1035	182.119324	182.313354	D#5	64	74	0	1
1036	182.119324	182.953279	D4	64	72	0	3
1037	182.119324	182.953279	A#4	64	86	0	1
1038	182.119324	182.957010	F4	64	81	0	1
1039	182.119324	183.509249	G#2	64	79	1	-2
1040	182.548428	182.943951	C5	64	87	0	3
1041	182.567085	183.443950	D#3	64	79	1	-5
1042	183.014846	183.137980	F5	64	79	0	3
1043	183.014846	183.481264	F4	64	74	0	1
1044	183.014846	183.484995	D4	64	67	0	3
1045	183.014846	183.494323	A#4	64	85	0	1
1046	183.238727	183.378652	G5	64	104	0	5
1047	183.462607	183.583876	F5	64	74	0	3
1048	183.686488	183.811488	D#5	64	81	0	1
1049	183.910368	184.046562	D#5	64	98	0	1
1050	183.910368	184.725666	G4	64	86	0	3
1051	183.910368	184.727532	D4	64	83	0	3
1052	183.910368	184.729398	A#3	64	67	1	-3
1053	183.910368	185.317084	G2	64	73	1	-3
1054	184.358129	184.641711	A#4	64	95	0	1
1055	184.358129	185.361860	D3	64	70	1	-1
1056	184.805890	185.160368	A#5	64	111	0	3
1057	184.805890	185.289099	D4	64	81	0	3
1058	184.805890	185.290964	G4	64	81	0	3
1059	184.805890	185.302159	A#3	64	70	1	-3
1060	185.253651	185.522308	D5	64	104	0	5
1061	185.253651	185.593203	G3	64	55	1	-1
1062	185.701412	186.921561	D#5	64	90	0	1
1063	185.701412	186.266710	D#2	64	79	1	-2
1064	185.701412	186.328277	D#3	64	93	1	-5
1065	186.373054	186.940218	F2	64	86	1	-5
1066	186.373054	186.958874	F3	64	86	1	-3
1067	187.044695	187.285367	A#4	64	85	0	1
1068	187.044695	187.430889	G2	64	108	1	-3
1069	187.044695	187.443949	G3	64	104	1	-1
1070	187.268576	187.561486	G4	64	71	0	3
1071	187.492456	187.731262	G#4	64	77	0	4
1072	187.492456	188.311486	G#3	64	63	1	-5
1073	187.492456	188.311486	F4	64	76	0	1
1074	187.492456	188.333874	C4	64	67	0	1
1075	187.492456	188.865590	F2	64	59	1	-5
1076	187.940217	188.044695	D#5	64	73	0	1
1077	187.940217	188.859993	C3	64	61	1	-3
1078	188.164098	188.820814	D#5	64	83	0	1
1079	188.387978	188.820814	F4	64	74	0	1
1080	188.387978	188.832008	G#3	64	69	1	-5
1081	188.387978	188.832008	C4	64	73	0	1
1082	188.835739	189.119321	F3	64	58	1	-3
1083	188.871187	189.054023	G5	64	83	0	5
1084	189.098799	189.227530	G#5	64	74	0	1
1085	189.283500	190.126783	A#4	64	75	0	1
1086	189.283500	190.137977	D4	64	66	0	3
1087	189.283500	190.139843	F4	64	70	0	1
1088	189.283500	190.699544	A#2	64	68	1	-5
1089	189.335739	189.841336	G5	64	93	0	5
1090	189.731261	190.734992	F3	64	70	1	-3
1091	189.811485	190.123052	F5	64	74	0	3
1092	190.082007	190.550291	D#5	64	72	0	1
1093	190.179022	190.699544	D4	64	67	0	3
1094	190.179022	190.701410	F4	64	74	0	1
1095	190.179022	190.710738	A#4	64	76	0	1
1096	190.626783	191.052156	A#3	64	52	1	-3
1097	190.680888	191.067081	D5	64	75	0	5
1098	191.074544	191.828275	G4	64	85	0	3
1099	191.074544	191.833872	D#4	64	85	0	4
1100	191.074544	191.839469	C5	64	77	0	3
1101	191.074544	192.326409	C3	64	76	1	-3
1102	191.137977	194.634244	D#5	64	85	0	1
1103	191.522305	192.481260	G3	64	60	1	-1
1104	191.970066	192.384245	C5	64	85	0	3
1105	191.970066	192.389842	G4	64	87	0	3
1106	191.970066	192.402902	D#4	64	76	0	4
1107	192.865588	193.641707	D4	64	83	0	3
1108	192.865588	193.643573	F4	64	98	0	1
1109	192.865588	193.651035	A#4	64	93	0	1
1110	192.865588	194.145438	A#2	64	83	1	-5
1111	193.313349	194.171558	F3	64	73	1	-3
1112	193.761110	194.128647	F4	64	90	0	1
1113	193.761110	194.130513	D4	64	95	0	3
1114	193.761110	194.158498	A#4	64	100	0	1
1115	194.208871	194.453274	A#3	64	54	1	-3
1116	194.656632	195.468199	A4	64	85	0	5
1117	194.656632	195.477527	C5	64	95	0	3
1118	194.656632	197.886108	F3	64	81	1	-3
1119	195.104393	196.830139	C4	64	53	0	1
1120	195.104393	197.677153	A3	64	14	1	-4
1121	195.552154	196.132378	C5	64	95	0	3
1122	195.552154	196.363721	A4	64	87	0	5
1123	195.999915	196.529766	F4	64	57	0	1
1124	196.223796	196.333870	C5	64	46	0	3
1125	196.447676	197.253646	A4	64	76	0	5
1126	196.447676	197.257377	C5	64	93	0	3
1127	196.895437	197.305885	F4	64	60	0	1
1128	196.895437	197.755511	C4	64	35	0	1
1129	197.343198	197.748049	C5	64	90	0	3
1130	197.343198	197.796556	A4	64	104	0	5
1131	197.567079	197.800287	F4	64	61	0	1
1132	198.238720	199.067078	D#4	64	69	0	4
1133	198.238720	199.067078	C5	64	73	0	3
1134	198.238720	199.068944	G4	64	75	0	3
1135	198.238720	199.802152	C3	64	71	1	-3
1136	198.686481	199.734988	G3	64	72	1	-1
1137	199.134242	199.623048	C5	64	93	0	3
1138	199.134242	199.637973	G4	64	95	0	3
1139	199.134242	199.651033	D#4	64	81	0	4
1140	199.582003	199.714466	C4	64	49	0	1
1141	200.029764	200.839465	D4	64	73	0	3
1142	200.029764	200.850659	F4	64	83	0	1
1143	200.029764	200.850659	A#4	64	83	0	1
1144	200.029764	201.354390	A#2	64	74	1	-5
1145	200.477525	201.359987	F3	64	64	1	-3
1146	200.925286	201.363719	D4	64	86	0	3
1147	200.925286	201.374913	F4	64	90	0	1
1148	200.925286	201.410360	A#4	64	93	0	1
1149	201.820808	201.887972	D#4	64	74	0	4
1150	201.820808	202.611852	F4	64	74	0	1
1151	201.820808	202.617450	A4	64	98	0	5
1152	201.820808	205.220060	F3	64	86	1	-3
1153	202.268569	202.559614	C5	64	56	0	3
1154	202.716330	203.471927	F4	64	90	0	1
1155	202.716330	203.481255	A4	64	90	0	5
1156	202.716330	203.496180	C5	64	90	0	3
1157	203.611852	204.427150	F4	64	81	0	1
1158	203.611852	204.430882	A4	64	83	0	5
1159	203.611852	204.438344	C5	64	83	0	3
1160	204.507374	205.199538	C5	64	85	0	3
1161	204.507374	205.216329	C4	64	67	0	1
1162	204.507374	205.216329	F4	64	95	0	1
1163	204.507374	205.218195	A4	64	93	0	5
1164	205.402896	205.630508	C5	64	77	0	3
1165	205.402896	206.197672	G#4	64	93	0	4
1166	205.402896	206.201403	C4	64	79	0	1
1167	205.402896	206.203269	D#4	64	86	0	4
1168	205.402896	206.830134	G#2	64	93	1	-2
1169	205.626777	205.757374	D5	64	81	0	5
1170	205.850657	206.121179	D#5	64	93	0	1
1171	205.850657	207.123045	D#3	64	74	1	-5
1172	206.298418	206.595060	D#5	64	112	0	1
1173	206.298418	206.798418	D#4	64	90	0	4
1174	206.298418	206.807746	C4	64	90	0	1
1175	206.298418	206.807746	G#4	64	100	0	4
1176	206.746179	206.966328	C5	64	79	0	3
1177	206.746179	207.100657	G#3	64	53	1	-5
1178	206.970060	207.087597	D5	64	77	0	5
1179	207.193940	207.455134	D#5	64	86	0	1
1180	207.193940	207.992447	D4	64	77	0	3
1181	207.193940	207.992447	F4	64	87	0	1
1182	207.193940	208.001776	A#4	64	95	0	1
1183	207.193940	208.725656	A#2	64	79	1	-5
1184	207.641701	208.688342	F5	64	100	0	3
1185	207.641701	208.598790	F3	64	79	1	-3
1186	208.089462	208.542820	A#4	64	108	0	1
1187	208.089462	208.548417	F4	64	98	0	1
1188	208.089462	208.567074	D4	64	95	0	3
1189	208.537223	208.641701	A#3	64	53	1	-3
1190	208.984984	209.259238	D5	64	108	0	5
1191	208.984984	209.807745	G4	64	86	0	3
1192	208.984984	209.811476	D4	64	86	0	3
1193	208.984984	209.815208	A#3	64	74	1	-3
1194	208.984984	210.414088	G2	64	74	1	-3
1195	209.208865	209.328268	D#5	64	75	0	1
1196	209.432745	209.720058	F5	64	98	0	3
1197	209.432745	210.496177	D3	64	66	1	-1
1198	209.880506	210.167819	F5	64	112	0	3
1199	209.880506	210.386103	G4	64	98	0	3
1200	209.880506	210.387969	D4	64	98	0	3
1201	209.880506	210.395431	A#3	64	79	1	-3
1202	209.880506	210.664088	G3	64	10	1	-1
1203	210.328267	210.537222	D5	64	98	0	5
1204	210.328267	210.458864	B2	64	87	1	-4
1205	210.552148	210.686476	D#5	64	85	0	1
1206	210.776028	211.063341	F5	64	100	0	3
1207	210.776028	211.568938	G4	64	93	0	3
1208	210.776028	211.576401	D#4	64	90	0	4
1209	210.776028	211.581998	C5	64	85	0	3
1210	210.776028	211.671550	C3	64	77	1	-3
1211	211.223789	212.341326	G5	64	114	0	5
1212	211.671550	212.244311	F4	64	98	0	1
1213	211.671550	212.251774	A#4	64	100	0	1
1214	211.671550	212.270430	A#2	64	83	1	-5
1215	211.671550	212.270430	D4	64	85	0	3
1216	212.567072	213.065206	G#5	64	112	0	1
1217	212.567072	213.376773	G#4	64	93	0	4
1218	212.567072	213.380505	C5	64	81	0	3
1219	212.567072	213.934609	F3	64	90	1	-3
1220	213.014833	213.501773	G5	64	81	0	5
1221	213.014833	213.843191	C4	64	63	0	1
1222	213.462594	213.975654	D#5	64	74	0	1
1223	213.462594	213.917818	C5	64	95	0	3
1224	213.462594	213.921549	G#4	64	104	0	4
1225	213.910355	214.404758	G#5	64	100	0	1
1226	214.358116	214.830131	G5	64	76	0	5
1227	214.358116	215.149160	D#4	64	100	0	4
1228	214.358116	215.156623	G#4	64	98	0	4
1229	214.358116	215.160355	C4	64	90	0	1
1230	214.358116	215.774160	G#2	64	83	1	-2
1231	214.805877	215.292817	D#5	64	69	0	1
1232	214.805877	216.096921	D#3	64	73	1	-5
1233	215.253638	215.742444	G#5	64	112	0	1
1234	215.253638	215.757369	D#4	64	95	0	4
1235	215.253638	215.759235	G#4	64	104	0	4
1236	215.253638	215.766698	C4	64	86	0	1
1237	215.701399	216.130503	G5	64	90	0	5
1238	215.701399	216.055877	G#3	64	59	1	-5
1239	216.149160	217.908488	F5	64	100	0	3
1240	216.149160	216.595055	A#3	64	56	1	-3
1241	216.149160	216.619309	F3	64	83	1	-3
1242	216.149160	216.626772	D4	64	83	0	3
1243	216.149160	216.632369	A#4	64	86	0	1
1244	216.149160	216.634234	A#2	64	69	1	-5
1245	216.149160	216.634234	F4	64	90	0	1
1246	216.820802	217.859980	F4	64	95	0	1
1247	216.820802	217.867443	A#4	64	108	0	1
1248	216.820802	217.876771	D4	64	85	0	3
1249	216.820802	217.940204	A#3	64	70	1	-3
1250	216.820802	217.970055	A#2	64	73	1	-5
1251	216.820802	217.973786	F3	64	104	1	-3
1252	217.940204	218.216323	D#4	64	68	0	4
1253	217.940204	218.225652	B3	64	68	1	-2
1254	217.940204	218.238711	F#4	64	67	0	2
1255	217.940204	218.244308	B4	64	59	0	2
1256	217.940204	219.121174	B2	64	58	1	-4
1257	218.387965	218.660353	D#4	64	63	0	4
1258	218.387965	218.673413	B3	64	62	1	-2
1259	218.387965	218.718189	F#4	64	72	0	2
1260	218.387965	218.731248	B4	64	70	0	2
1261	218.835726	219.113711	B3	64	69	1	-2
1262	218.835726	219.130502	F#4	64	68	0	2
1263	218.835726	219.132368	D#4	64	74	0	4
1264	218.835726	219.141696	B4	64	68	0	2
1265	219.283487	219.539084	B3	64	70	1	-2
1266	219.283487	219.555875	B2	64	68	1	-4
1267	219.283487	219.567069	F#4	64	79	0	2
1268	219.283487	219.574532	D#4	64	70	0	4
1269	219.283487	219.574532	B4	64	67	0	2
1270	219.731248	219.990576	B3	64	71	1	-2
1271	219.731248	219.992442	F#4	64	100	0	2
1272	219.731248	219.999905	D#4	64	90	0	4
1273	219.731248	220.001770	B4	64	93	0	2
1274	219.731248	220.035352	B2	64	79	1	-4
1275	220.626770	221.087591	F#4	64	81	0	2
1276	220.626770	221.095053	B4	64	85	0	2
1277	220.626770	221.108113	D#4	64	71	0	4
1278	220.837591	221.016695	G#5	64	90	0	1
1279	220.850651	220.998039	B3	64	54	1	-2
1280	221.057740	221.272292	F#5	64	74	0	4
1281	221.266695	221.380501	E5	64	86	0	2
1282	221.522292	221.854381	C#5	64	83	0	4
1283	221.522292	222.354381	C#4	64	77	0	2
1284	221.522292	222.354381	A4	64	95	0	5
1285	221.522292	222.356247	E4	64	85	0	5
1286	221.522292	222.947665	A2	64	90	1	-1
1287	221.970053	222.255501	F#5	64	90	0	4
1288	221.970053	223.264829	E3	64	72	1	-4
1289	222.417814	223.490575	F#5	64	108	0	4
1290	222.417814	222.887963	A4	64	90	0	5
1291	222.417814	222.901023	E4	64	87	0	5
1292	222.417814	222.923411	C#4	64	81	0	2
1293	222.865575	223.192067	A3	64	53	1	-4
1294	223.313336	224.095052	D#4	64	73	0	4
1295	223.313336	224.096918	F#4	64	85	0	2
1296	223.313336	224.098783	B4	64	93	0	2
1297	223.313336	224.858112	B2	64	77	1	-4
1298	223.761097	224.725649	F#3	64	79	1	-2
1299	224.208858	224.363709	F#5	64	87	0	4
1300	224.208858	224.714455	B4	64	100	0	2
1301	224.208858	224.720052	F#4	64	86	0	2
1302	224.208858	224.740574	D#4	64	77	0	4
1303	224.432739	224.632365	G#5	64	81	0	1
1304	224.656619	224.897291	F#5	64	63	0	4
1305	224.656619	224.787216	B3	64	54	1	-2
1306	224.880500	224.990574	E5	64	75	0	2
1307	225.104380	225.430872	B4	64	95	0	2
1308	225.104380	225.912216	G#4	64	90	0	4
1309	225.104380	225.932738	B3	64	77	1	-2
1310	225.104380	225.932738	D#4	64	86	0	4
1311	225.104380	226.484976	G#2	64	75	1	-2
1312	225.552141	225.884230	F#5	64	98	0	4
1313	225.552141	226.526021	D#3	64	79	1	-5
1314	225.999902	226.343186	F#5	64	108	0	4
1315	225.999902	226.464454	D#4	64	86	0	4
1316	225.999902	226.464454	G#4	64	93	0	4
1317	225.999902	226.470051	B3	64	74	1	-2
1318	226.447663	226.714454	D#5	64	98	0	1
1319	226.447663	226.852514	G#3	64	58	1	-5
1320	226.671544	227.904752	E5	64	95	0	2
1321	226.895424	227.649155	E4	64	79	0	5
1322	226.895424	227.690200	G#4	64	81	0	4
1323	226.895424	228.289080	C#3	64	79	1	-2
1324	227.119305	228.391692	G#3	64	64	1	-5
1325	227.343185	227.632364	C#4	64	72	0	2
1326	227.567066	228.276020	E3	64	86	1	-4
1327	227.790946	227.843185	E4	64	62	0	5
1328	227.790946	228.037215	G#4	64	83	0	4
1329	227.790946	228.339453	C#5	64	87	0	4
1330	228.014827	228.499901	C#4	64	64	0	2
1331	228.238707	228.512961	E5	64	90	0	2
1332	228.238707	228.682737	E4	64	85	0	5
1333	228.462588	228.636095	F#5	64	68	0	4
1334	228.462588	228.716319	G#4	64	76	0	4
1335	228.686468	229.016692	G#5	64	95	0	1
1336	228.686468	230.165945	F#3	64	95	1	-2
1337	229.134229	229.285348	A5	64	86	0	2
1338	229.134229	230.044676	C#4	64	71	0	2
1339	229.358110	229.615572	A5	64	77	0	2
1340	229.581990	230.089453	C#5	64	76	0	4
1341	229.581990	230.123035	A4	64	87	0	5
1342	229.805871	230.363706	C#5	64	95	0	4
1343	230.029751	230.177139	F#4	64	60	0	2
1344	230.477512	230.820796	D#5	64	98	0	1
1345	230.477512	230.498034	A2	64	86	1	-1
1346	230.477512	231.020422	F#4	64	74	0	2
1347	230.477512	231.020422	B4	64	81	0	2
1348	230.477512	231.031616	D#4	64	67	0	4
1349	230.477512	231.833855	B2	64	85	1	-4
1350	230.925273	231.158482	C#5	64	72	0	4
1351	230.925273	231.882362	F#3	64	72	1	-2
1352	231.149154	231.565198	B4	64	81	0	2
1353	231.149154	231.287213	F#4	64	40	0	2
1354	231.149154	231.307736	D#4	64	40	0	4
1355	231.149154	231.313333	B4	64	51	0	2
1356	231.373034	231.850646	F#4	64	83	0	2
1357	231.373034	231.856243	D#4	64	74	0	4
1358	231.373034	231.858108	B4	64	93	0	2
1359	231.596915	232.119302	D#5	64	79	0	1
1360	231.820795	232.203258	B3	64	57	1	-2
1361	232.268556	234.843182	B4	64	95	0	2
1362	232.268556	233.093183	G#4	64	74	0	4
1363	232.268556	233.095048	E5	64	74	0	2
1364	232.268556	233.102511	B4	64	83	0	2
1365	232.268556	235.367435	E3	64	93	1	-4
1366	232.716317	235.255495	B3	64	62	1	-2
1367	233.164078	233.917809	E5	64	76	0	2
1368	233.164078	233.932734	G#4	64	70	0	4
1369	233.164078	233.932734	B4	64	77	0	2
1370	233.611839	235.212585	E4	64	58	0	5
1371	234.059600	234.720048	E5	64	77	0	2
1372	234.059600	234.845047	D5	64	98	0	5
1373	234.059600	234.852510	G#4	64	81	0	4
1374	234.059600	234.854376	B4	64	95	0	2
1375	234.955122	235.074525	F#5	64	90	0	4
1376	234.955122	235.331988	B4	64	98	0	2
1377	234.955122	235.337585	D5	64	104	0	5
1378	234.955122	235.356241	G#4	64	90	0	4
1379	235.179003	235.290943	G#5	64	73	0	1
1380	235.402883	235.499898	F#5	64	72	0	4
1381	235.626764	235.725644	E5	64	74	0	2
1382	235.850644	236.104375	E5	64	73	0	2
1383	235.850644	236.578256	A4	64	72	0	5
1384	235.850644	236.591315	C#4	64	65	0	2
1385	235.850644	236.595047	E4	64	70	0	5
1386	235.850644	237.251763	A2	64	75	1	-1
1387	236.298405	236.542808	C#5	64	87	0	4
1388	236.298405	237.585718	E3	64	75	1	-4
1389	236.746166	236.859972	F#5	64	86	0	4
1390	236.746166	237.234972	A4	64	93	0	5
1391	236.746166	237.244300	E4	64	86	0	5
1392	236.746166	237.264823	C#4	64	81	0	2
1393	236.970047	237.080121	G#5	64	67	0	1
1394	237.193927	237.276017	F#5	64	74	0	4
1395	237.193927	237.550270	A3	64	59	1	-4
1396	237.417808	237.529748	E5	64	66	0	2
1397	237.641688	237.835718	E5	64	74	0	2
1398	237.641688	238.475643	D#4	64	72	0	4
1399	237.641688	238.475643	B4	64	86	0	2
1400	237.641688	238.479374	F#4	64	81	0	2
1401	237.641688	239.031613	A2	64	79	1	-1
1402	238.070792	238.466315	C#5	64	87	0	4
1403	238.089449	238.966314	E3	64	79	1	-4
1404	238.537210	238.660344	F#5	64	79	0	4
1405	238.537210	239.003628	F#4	64	74	0	2
1406	238.537210	239.007359	D#4	64	67	0	4
1407	238.537210	239.016687	B4	64	85	0	2
1408	238.761091	238.901016	G#5	64	104	0	1
1409	238.984971	239.106240	F#5	64	74	0	4
1410	239.208852	239.333852	E5	64	81	0	2
1411	239.432732	239.568926	E5	64	98	0	2
1412	239.432732	240.248030	G#4	64	86	0	4
1413	239.432732	240.249896	D#4	64	83	0	4
1414	239.432732	240.251762	B3	64	67	1	-2
1415	239.432732	240.839448	G#2	64	73	1	-2
1416	239.880493	240.164075	B4	64	95	0	2
1417	239.880493	240.884224	D#3	64	70	1	-5
1418	240.328254	240.682732	B5	64	111	0	4
1419	240.328254	240.811463	D#4	64	81	0	4
1420	240.328254	240.813328	G#4	64	81	0	4
1421	240.328254	240.824523	B3	64	70	1	-2
1422	240.776015	241.044672	D#5	64	104	0	1
1423	240.776015	241.115567	G#3	64	55	1	-5
1424	241.223776	242.443925	E5	64	90	0	2
1425	241.223776	242.014821	C#5	64	79	0	4
1426	241.223776	242.018552	G#4	64	81	0	4
1427	241.223776	242.020418	E4	64	73	0	5
1428	241.223776	242.725641	C#3	64	74	1	-2
1429	241.671537	242.983104	G#3	64	63	1	-5
1430	242.119298	242.593178	G#4	64	86	0	4
1431	242.119298	242.621164	E4	64	83	0	5
1432	242.119298	242.645417	C#5	64	85	0	4
1433	242.567059	242.807731	B4	64	85	0	2
1434	242.567059	242.850641	C#4	64	52	0	2
1435	242.790940	243.083850	G#4	64	71	0	4
1436	243.014820	243.253626	A4	64	77	0	5
1437	243.014820	243.833850	A3	64	63	1	-4
1438	243.014820	243.833850	F#4	64	76	0	2
1439	243.014820	243.856238	C#4	64	67	0	2
1440	243.014820	244.387954	F#2	64	59	1	-4
1441	243.462581	243.567059	E5	64	73	0	2
1442	243.462581	244.382357	C#3	64	61	1	-2
1443	243.686462	244.343178	E5	64	83	0	2
1444	243.910342	244.343178	F#4	64	74	0	2
1445	243.910342	244.354372	A3	64	69	1	-4
1446	243.910342	244.354372	C#4	64	73	0	2
1447	244.358103	244.641685	F#3	64	58	1	-2
1448	244.393551	244.576387	G#5	64	83	0	1
1449	244.621163	244.749894	A5	64	74	0	2
1450	244.805864	245.649147	B4	64	75	0	2
1451	244.805864	245.660341	D#4	64	66	0	4
1452	244.805864	245.662207	F#4	64	70	0	2
1453	244.805864	246.221908	B2	64	68	1	-4
1454	244.858103	245.363700	G#5	64	93	0	1
1455	245.253625	246.257356	F#3	64	70	1	-2
1456	245.333849	245.645416	F#5	64	74	0	4
1457	245.604371	246.072655	E5	64	72	0	2
1458	245.701386	246.221908	D#4	64	67	0	4
1459	245.701386	246.223774	F#4	64	74	0	2
1460	245.701386	246.233102	B4	64	76	0	2
1461	246.149147	246.574520	B3	64	52	1	-2
1462	246.203252	246.589445	D#5	64	75	0	1
1463	246.596908	247.350639	G#4	64	85	0	4
1464	246.596908	247.356236	E4	64	85	0	5
1465	246.596908	247.361833	C#5	64	77	0	4
1466	246.596908	247.848773	C#3	64	76	1	-2
1467	247.044669	248.003624	G#3	64	60	1	-5
1468	247.492430	247.906609	C#5	64	85	0	4
1469	247.492430	247.925266	E4	64	76	0	5
1470	248.387952	249.164071	D#4	64	83	0	4
1471	248.387952	249.165937	F#4	64	98	0	2
1472	248.387952	249.173399	B4	64	93	0	2
1473	248.387952	249.667802	B2	64	83	1	-4
1474	248.835713	249.693922	F#3	64	73	1	-2
1475	249.283474	249.402877	F#5	64	90	0	4
1476	249.285340	250.061459	D#4	64	83	0	4
1477	249.285340	250.063324	F#4	64	98	0	2
1478	249.285340	250.070787	B4	64	93	0	2
1479	249.507355	249.619295	G#5	64	73	0	1
1480	249.731235	249.828250	F#5	64	72	0	4
1481	249.731235	249.975638	B3	64	54	1	-2
1482	249.955116	250.053996	E5	64	74	0	2
1483	250.178996	250.432727	E5	64	73	0	2
1484	250.178996	250.906608	A4	64	72	0	5
1485	250.178996	250.919667	C#4	64	65	0	2
1486	250.178996	250.923399	E4	64	70	0	5
1487	250.178996	251.580115	A2	64	75	1	-1
1488	250.626757	250.871160	C#5	64	87	0	4
1489	250.626757	251.914070	E3	64	75	1	-4
1490	251.074518	251.188324	F#5	64	86	0	4
1491	251.074518	251.563324	A4	64	93	0	5
1492	251.074518	251.572652	E4	64	86	0	5
1493	251.074518	251.593175	C#4	64	81	0	2
1494	251.298399	251.408473	G#5	64	67	0	1
1495	251.522279	251.604369	F#5	64	74	0	4
1496	251.522279	251.878622	A3	64	59	1	-4
1497	251.746160	251.858100	E5	64	66	0	2
1498	251.970040	252.164070	E5	64	74	0	2
1499	251.970040	252.803995	D#4	64	72	0	4
1500	251.970040	252.803995	B4	64	86	0	2
1501	251.970040	252.807726	F#4	64	81	0	2
1502	251.970040	253.359965	A2	64	79	1	-1
1503	252.399144	252.794667	C#5	64	87	0	4
1504	252.417801	253.294666	E3	64	79	1	-4
1505	252.865562	252.988696	F#5	64	79	0	4
1506	252.865562	253.331980	F#4	64	74	0	2
1507	252.865562	253.335711	D#4	64	67	0	4
1508	252.865562	253.345039	B4	64	85	0	2
1509	253.089443	253.229368	G#5	64	104	0	1
1510	253.313323	253.434592	F#5	64	74	0	4
1511	253.537204	253.662204	E5	64	81	0	2
1512	253.761084	253.897278	E5	64	98	0	2
1513	253.761084	254.576382	G#4	64	86	0	4
1514	253.761084	254.578248	D#4	64	83	0	4
1515	253.761084	254.580114	B3	64	67	1	-2
1516	253.761084	255.167800	G#2	64	73	1	-2
1517	254.208845	254.492427	B4	64	95	0	2
1518	254.208845	255.212576	D#3	64	70	1	-5
1519	254.656606	255.011084	B5	64	111	0	4
1520	254.656606	255.139815	D#4	64	81	0	4
1521	254.656606	255.141680	G#4	64	81	0	4
1522	254.656606	255.152875	B3	64	70	1	-2
1523	255.104367	255.373024	D#5	64	104	0	1
1524	255.104367	255.443919	G#3	64	55	1	-5
1525	255.552128	256.772277	E5	64	90	0	2
1526	255.552128	256.343172	C#5	64	79	0	4
1527	255.552128	256.346904	G#4	64	81	0	4
1528	255.552128	256.348770	E4	64	73	0	5
1529	255.552128	257.053993	C#3	64	74	1	-2
1530	255.999889	257.311456	G#3	64	63	1	-5
1531	256.447650	256.921530	G#4	64	86	0	4
1532	256.447650	256.949516	E4	64	83	0	5
1533	256.447650	256.973769	C#5	64	85	0	4
1534	256.895411	257.136083	B4	64	85	0	2
1535	256.895411	257.178993	C#4	64	52	0	2
1536	257.119292	257.412202	G#4	64	71	0	4
1537	257.343172	257.581978	A4	64	77	0	5
1538	257.343172	258.162202	A3	64	63	1	-4
1539	257.343172	258.162202	F#4	64	76	0	2
1540	257.343172	258.184590	C#4	64	67	0	2
1541	257.343172	258.716306	F#2	64	59	1	-4
1542	257.790933	257.895411	E5	64	73	0	2
1543	257.790933	258.710709	C#3	64	61	1	-2
1544	258.014814	258.671530	E5	64	83	0	2
1545	258.238694	258.671530	F#4	64	74	0	2
1546	258.238694	258.682724	A3	64	69	1	-4
1547	258.238694	258.682724	C#4	64	73	0	2
1548	258.686455	258.970037	F#3	64	58	1	-2
1549	258.721903	258.904739	G#5	64	83	0	1
1550	258.949515	259.078246	A5	64	74	0	2
1551	259.134216	259.977499	B4	64	75	0	2
1552	259.134216	259.988693	D#4	64	66	0	4
1553	259.134216	259.990559	F#4	64	70	0	2
1554	259.134216	260.550260	B2	64	68	1	-4
1555	259.186455	259.692052	G#5	64	93	0	1
1556	259.581977	260.585708	F#3	64	70	1	-2
1557	259.662201	259.973768	F#5	64	74	0	4
1558	259.932723	262.716304	E5	64	72	0	2
1559	260.029738	260.550260	D#4	64	67	0	4
1560	260.029738	260.552126	F#4	64	74	0	2
1561	260.029738	260.561454	B4	64	76	0	2
1562	260.477499	260.902872	B3	64	52	1	-2
1563	260.925260	264.507348	F#3	64	60	1	-2
1564	260.949514	263.852498	F#4	64	85	0	2
1565	260.949514	263.859960	D#4	64	85	0	4
1566	260.949514	263.865557	B4	64	77	0	2
1567	260.949514	264.352497	B2	64	76	1	-4
1568	262.716304	263.178990	D#5	64	63	0	1
1569	263.164065	267.113690	E5	64	83	0	2
1570	264.507348	265.311452	G#3	64	73	1	-5
1571	264.507348	265.311452	D#4	64	86	0	4
1572	264.507348	268.106227	E2	64	77	1	-1
1573	264.955109	268.027869	B2	64	56	1	-4
1574	265.402870	266.178989	G#3	64	67	1	-5
1575	265.402870	266.178989	D#4	64	79	0	4
1576	265.850631	266.533467	E3	64	51	1	-4
1577	266.298392	267.033466	G#3	64	65	1	-5
1578	266.298392	267.044660	D#4	64	85	0	4
1579	266.746153	268.020406	E3	64	51	1	-4
1580	267.193914	267.912197	G#3	64	81	1	-5
1581	267.193914	267.966302	D#4	64	86	0	4
1582	268.089436	268.901003	E4	64	73	0	5
1583	268.089436	268.906600	A3	64	72	1	-4
1584	268.089436	271.628614	A2	64	65	1	-1
1585	268.984958	269.796525	E4	64	75	0	5
1586	268.984958	269.803988	A3	64	63	1	-4
1587	269.880480	270.632345	A3	64	74	1	-4
1588	269.880480	270.636077	E4	64	70	0	5
1589	269.880480	271.511076	E3	64	60	1	-4
1590	270.776002	271.330106	A3	64	85	1	-4
1591	270.776002	271.557718	E4	64	81	0	5
1592	271.671524	272.492419	D#4	64	85	0	4
1593	271.671524	272.503613	G#3	64	83	1	-5
1594	271.671524	275.322642	E2	64	93	1	-1
1595	272.119285	275.206970	B2	64	59	1	-4
1596	272.567046	273.294658	D#4	64	85	0	4
1597	272.567046	273.296523	G#3	64	72	1	-5
1598	272.567046	273.701374	E3	64	58	1	-4
1599	273.462568	274.259210	D#4	64	85	0	4
1600	273.462568	274.262941	G#3	64	73	1	-5
1601	273.910329	275.164060	E3	64	52	1	-4
1602	274.358090	275.022269	G#3	64	71	1	-5
1603	274.358090	275.065179	D#4	64	81	0	4
1604	275.253612	276.115552	A3	64	77	1	-4
1605	275.253612	276.134209	E4	64	7	0	5
1606	275.253612	278.841297	A2	64	67	1	-1
1607	276.149134	276.906596	E4	64	74	0	5
1608	276.149134	276.910328	A3	64	65	1	-4
1609	277.044656	278.768536	A3	64	67	1	-4
1610	277.044656	278.777864	E4	64	73	0	5
1611	278.835700	279.591297	G#3	64	72	1	-5
1612	278.835700	279.604356	D#4	64	81	0	4
1613	278.835700	285.999876	E2	64	87	1	-1
1614	279.283461	285.451369	B2	64	60	1	-4
1615	280.402864	285.874876	B3	64	56	1	-2
1616	280.626744	285.874876	G#4	64	62	0	4
1617	280.626744	286.031592	E4	64	45	0	5
