//Version: PianoFingering_v170101
0	0.716345	1.169871	D#4	64	66	0	4
1	0.716345	3.548073	G#3	64	60	1	-5
2	0.716345	3.564099	G#2	64	62	1	-2
3	0.716345	3.564099	B3	64	62	1	-2
4	0.716345	3.567304	E3	64	56	1	-4
5	1.485575	1.996793	D#4	64	66	0	4
6	2.254805	2.684292	D#4	64	69	0	4
7	3.024035	3.402240	D#4	64	73	0	4
8	3.408650	3.756407	E4	64	68	0	5
9	3.793265	4.379803	D#4	64	70	0	4
10	3.793265	6.641019	F#2	64	62	1	-4
11	3.793265	6.826916	F#3	64	64	1	-2
12	3.793265	9.777234	B3	64	59	1	-2
13	4.562495	5.102559	D#4	64	66	0	4
14	5.331725	5.887815	D#4	64	63	0	4
15	6.100955	6.540058	D#4	64	61	0	4
16	6.485570	6.892621	E4	64	65	0	5
17	6.870185	7.405441	D#4	64	67	0	4
18	6.870185	9.717939	G#2	64	62	1	-2
19	6.870185	9.722747	E3	64	63	1	-4
20	6.870185	9.732362	G#3	64	68	1	-5
21	7.639415	8.179479	D#4	64	63	0	4
22	8.408645	8.879799	D#4	64	62	0	4
23	9.177875	9.600952	D#4	64	67	0	4
24	9.562490	9.903836	E4	64	64	0	5
25	9.947105	12.794859	F#2	64	62	1	-4
26	9.947105	12.841333	D#4	64	65	0	4
27	9.947105	12.883000	F#3	64	63	1	-2
28	9.947105	13.024025	B3	64	61	1	-2
29	13.024025	13.477551	D#4	64	66	0	4
30	13.024025	15.855753	G#3	64	60	1	-5
31	13.024025	15.871779	G#2	64	62	1	-2
32	13.024025	15.871779	B3	64	62	1	-2
33	13.024025	15.874984	E3	64	56	1	-4
34	13.793255	14.304473	D#4	64	66	0	4
35	14.177870	14.416652	B4	64	74	0	2
36	14.562485	14.769216	B4	64	76	0	2
37	14.562485	14.991972	D#4	64	69	0	4
38	14.947100	15.399023	B4	64	74	0	2
39	15.331715	15.687484	C#5	64	81	0	4
40	15.331715	15.709920	D#4	64	73	0	4
41	15.716330	16.391009	B4	64	87	0	2
42	15.716330	16.064087	E4	64	68	0	5
43	16.100945	16.687483	D#4	64	70	0	4
44	16.100945	18.948699	F#2	64	62	1	-4
45	16.100945	19.134596	F#3	64	64	1	-2
46	16.100945	22.084914	B3	64	59	1	-2
47	16.485560	17.294854	F#4	64	86	0	2
48	16.870175	17.410239	D#4	64	66	0	4
49	17.639405	17.932674	B4	64	77	0	2
50	17.639405	18.195495	D#4	64	63	0	4
51	18.024020	18.304469	B4	64	69	0	2
52	18.408635	18.738763	C#5	64	81	0	4
53	18.408635	18.847738	D#4	64	61	0	4
54	18.793250	19.464724	B4	64	86	0	2
55	18.793250	19.200301	E4	64	65	0	5
56	19.177865	19.713121	D#4	64	67	0	4
57	19.177865	22.025619	G#2	64	62	1	-2
58	19.177865	22.030427	E3	64	63	1	-4
59	19.177865	22.040042	G#3	64	68	1	-5
60	19.562480	20.410236	G#4	64	69	0	4
61	19.947095	20.487159	D#4	64	63	0	4
62	20.331710	21.153825	B4	64	71	0	2
63	20.716325	21.187479	D#4	64	62	0	4
64	21.100940	21.520812	G#4	64	74	0	4
65	21.485555	21.874978	A#4	64	68	0	1
66	21.485555	21.908632	D#4	64	67	0	4
67	21.870170	25.562474	F#4	64	71	0	2
68	21.870170	22.211516	E4	64	64	0	5
69	22.254785	24.440681	D#4	64	65	0	4
70	22.254785	25.102539	F#2	64	62	1	-4
71	22.254785	25.190680	F#3	64	63	1	-2
72	22.254785	25.331705	B3	64	61	1	-2
73	24.562475	24.987154	D#4	64	79	0	4
74	24.947090	25.237154	E4	64	85	0	5
75	25.331705	25.785231	D#4	64	66	0	4
76	25.331705	28.163433	G#3	64	60	1	-5
77	25.331705	28.179459	G#2	64	62	1	-2
78	25.331705	28.179459	B3	64	62	1	-2
79	25.331705	28.182664	E3	64	56	1	-4
80	26.100935	26.612153	D#4	64	66	0	4
81	26.485550	26.631384	B4	64	61	0	2
82	26.870165	27.049652	B4	64	69	0	2
83	26.870165	27.299652	D#4	64	69	0	4
84	27.254780	27.711511	B4	64	63	0	2
85	27.639395	28.056062	C#5	64	74	0	4
86	27.639395	28.017600	D#4	64	73	0	4
87	28.024010	28.822087	E5	64	87	0	2
88	28.024010	28.371766	E4	64	68	0	5
89	28.408625	28.995163	D#4	64	70	0	4
90	28.408625	31.256379	F#2	64	62	1	-4
91	28.408625	31.442276	F#3	64	64	1	-2
92	28.408625	34.392594	B3	64	59	1	-2
93	28.793240	29.528817	D#5	64	74	0	1
94	29.177855	29.717919	D#4	64	66	0	4
95	29.562470	30.177854	B4	64	75	0	2
96	29.947085	30.503175	D#4	64	63	0	4
97	30.331700	30.762790	B4	64	63	0	2
98	30.716315	31.081700	C#5	64	76	0	4
99	30.716315	31.155418	D#4	64	61	0	4
100	31.100930	31.588109	B4	64	79	0	2
101	31.100930	31.507981	E4	64	65	0	5
102	31.485545	32.020801	D#4	64	67	0	4
103	31.485545	34.333299	G#2	64	62	1	-2
104	31.485545	34.338107	E3	64	63	1	-4
105	31.485545	34.347722	G#3	64	68	1	-5
106	31.870160	32.346122	G#4	64	66	0	4
107	32.254775	32.794839	D#4	64	63	0	4
108	32.639390	33.733941	B4	64	77	0	2
109	33.024005	33.495159	D#4	64	62	0	4
110	33.408620	33.844517	C#5	64	64	0	4
111	33.793235	34.216312	D#4	64	67	0	4
112	34.177850	35.176247	D#5	64	59	0	1
113	34.177850	34.519196	E4	64	64	0	5
114	34.562465	35.118555	A#3	64	61	1	-3
115	34.562465	35.144196	C#4	64	69	0	2
116	34.562465	36.592912	F#3	64	45	1	-2
117	34.562465	37.522398	C#3	64	65	1	-2
118	34.562465	37.639385	F#2	64	43	1	-4
119	34.947080	35.264388	A#4	64	68	0	1
120	35.331695	35.956695	C#4	64	65	0	2
121	35.331695	35.958297	A#3	64	60	1	-3
122	35.716310	36.546438	A#4	64	71	0	1
123	36.100925	36.741950	A#3	64	66	1	-3
124	36.100925	36.753168	C#4	64	72	0	2
125	36.485540	37.679450	B4	64	79	0	2
126	36.870155	37.365347	C#4	64	81	0	2
127	37.238745	37.639385	F#3	64	73	1	-2
128	37.639385	38.092911	D#4	64	66	0	4
129	37.639385	40.471113	G#3	64	60	1	-5
130	37.639385	40.487139	B3	64	62	1	-2
131	37.639385	40.490344	E3	64	56	1	-4
132	37.639385	40.716305	G#2	64	43	1	-2
133	38.408615	38.919833	D#4	64	66	0	4
134	38.793230	38.934256	B4	64	63	0	2
135	39.177845	39.304448	B4	64	67	0	2
136	39.177845	39.607332	D#4	64	69	0	4
137	39.562460	39.918229	B4	64	67	0	2
138	39.947075	40.362139	C#5	64	67	0	4
139	39.947075	40.325280	D#4	64	73	0	4
140	40.331690	40.985536	B4	64	74	0	2
141	40.331690	40.679446	E4	64	68	0	5
142	40.716305	41.302843	D#4	64	70	0	4
143	40.716305	43.749956	F#3	64	64	1	-2
144	40.716305	43.793225	F#2	64	43	1	-4
145	40.716305	46.700274	B3	64	59	1	-2
146	41.100920	41.874958	F#4	64	73	0	2
147	41.485535	42.025599	D#4	64	66	0	4
148	42.254765	42.408611	B4	64	75	0	2
149	42.254765	42.810855	D#4	64	63	0	4
150	42.639380	42.939060	B4	64	75	0	2
151	43.023995	43.286816	C#5	64	74	0	4
152	43.023995	43.463098	D#4	64	61	0	4
153	43.408610	43.892584	B4	64	74	0	2
154	43.408610	43.815661	E4	64	65	0	5
155	43.793225	44.328481	D#4	64	67	0	4
156	43.793225	46.645787	E3	64	63	1	-4
157	43.793225	46.655402	G#3	64	68	1	-5
158	43.793225	46.870145	G#2	64	43	1	-2
159	44.177840	44.775596	G#4	64	67	0	4
160	44.562455	45.102519	D#4	64	63	0	4
161	44.947070	45.608929	B4	64	69	0	2
162	45.331685	45.802839	D#4	64	62	0	4
163	45.716300	46.139377	A#4	64	77	0	1
164	46.100915	46.523992	D#4	64	67	0	4
165	46.485530	49.762771	F#4	64	69	0	2
166	46.485530	46.826876	E4	64	64	0	5
167	46.870145	47.246748	B3	64	72	1	-2
168	46.870145	47.288414	D#4	64	86	0	4
169	46.870145	49.806040	F#3	64	63	1	-2
170	46.870145	49.947065	F#2	64	43	1	-4
171	47.639375	48.139375	B3	64	73	1	-2
172	47.639375	48.139375	D#4	64	76	0	4
173	48.408605	48.849310	D#4	64	79	0	4
174	48.408605	48.903797	B3	64	79	1	-2
175	49.177835	49.668220	B3	64	77	1	-2
176	49.177835	49.757963	D#4	64	95	0	4
177	49.947065	50.400591	D#4	64	66	0	4
178	49.947065	52.778793	G#3	64	60	1	-5
179	49.947065	52.794819	B3	64	62	1	-2
180	49.947065	52.798024	E3	64	56	1	-4
181	49.947065	53.023985	G#2	64	43	1	-2
182	50.716295	51.227513	D#4	64	66	0	4
183	51.100910	51.240333	B4	64	63	0	2
184	51.485525	51.631359	B4	64	69	0	2
185	51.485525	51.915012	D#4	64	69	0	4
186	51.870140	52.110525	B4	64	74	0	2
187	52.254755	52.538409	C#5	64	71	0	4
188	52.254755	52.632960	D#4	64	73	0	4
189	52.639370	53.434241	E5	64	83	0	2
190	52.639370	52.987127	E4	64	68	0	5
191	53.023985	53.610523	D#4	64	70	0	4
192	53.023985	55.956675	B3	64	59	1	-2
193	53.023985	56.057636	F#3	64	64	1	-2
194	53.023985	56.100905	F#2	64	43	1	-4
195	53.408600	53.971100	C#5	64	67	0	4
196	53.793215	54.333279	D#4	64	66	0	4
197	54.177830	54.757958	B4	64	81	0	2
198	54.562445	55.118535	D#4	64	63	0	4
199	54.947060	55.291611	B4	64	68	0	2
200	55.331675	55.748342	C#5	64	79	0	4
201	55.331675	55.770778	D#4	64	61	0	4
202	55.716290	56.432636	B4	64	76	0	2
203	55.716290	56.123341	E4	64	65	0	5
204	56.100905	56.636161	D#4	64	67	0	4
205	56.100905	58.860518	B3	64	69	1	-2
206	56.100905	58.953467	E3	64	63	1	-4
207	56.100905	58.963082	G#3	64	68	1	-5
208	56.100905	59.177825	G#2	64	43	1	-2
209	56.485520	57.283597	G#4	64	76	0	4
210	56.870135	57.410199	D#4	64	63	0	4
211	57.254750	58.076865	B4	64	83	0	2
212	57.639365	58.110519	D#4	64	62	0	4
213	58.023980	58.636159	C#5	64	81	0	4
214	58.408595	58.831672	D#4	64	67	0	4
215	58.793210	59.235518	D#5	64	86	0	1
216	58.793210	59.134556	E4	64	64	0	5
217	59.177825	59.708274	A#3	64	62	1	-3
218	59.177825	59.733915	C#4	64	74	0	2
219	59.177825	62.235515	F#3	64	58	1	-2
220	59.177825	62.249938	C#3	64	77	1	-2
221	59.177825	62.280386	F#2	64	60	1	-4
222	59.562440	60.105709	A#4	64	75	0	1
223	59.947055	60.522375	A#3	64	65	1	-3
224	59.947055	60.530388	C#4	64	70	0	2
225	60.331670	61.165003	A#4	64	81	0	1
226	60.716285	61.288400	A#3	64	66	1	-3
227	60.716285	61.290003	C#4	64	71	0	2
228	61.100900	61.450259	B4	64	81	0	2
229	61.485515	61.926220	C#5	64	74	0	4
230	61.485515	61.972694	C#4	64	74	0	2
231	61.485515	61.983912	A#3	64	67	1	-3
232	61.870130	63.052822	B4	64	64	0	2
233	62.254745	62.871732	D#4	64	68	0	4
234	62.254745	62.913399	F#4	64	77	0	2
235	62.254745	64.894166	B2	64	76	1	-4
236	62.254745	65.155384	F#3	64	61	1	-2
237	63.023975	63.634552	D#4	64	68	0	4
238	63.023975	63.650577	F#4	64	81	0	2
239	63.408590	63.770770	B4	64	70	0	2
240	63.793205	64.219487	F#5	64	87	0	4
241	63.793205	64.411795	D#4	64	74	0	4
242	63.793205	64.416602	F#4	64	77	0	2
243	64.177820	64.937435	D#5	64	70	0	1
244	64.562435	64.942243	D#4	64	83	0	4
245	64.562435	65.205063	F#4	64	86	0	2
246	64.947050	66.225895	A#4	64	85	0	1
247	65.331665	65.953460	A#3	64	66	1	-3
248	65.331665	65.967883	F#3	64	62	1	-2
249	65.331665	68.072047	D#2	64	74	1	-2
250	66.100895	66.719485	F#3	64	65	1	-2
251	66.100895	66.727497	A#3	64	74	1	-3
252	66.485510	66.849292	A#4	64	62	0	1
253	66.485510	68.283586	A#2	64	54	1	-5
254	66.870125	67.293202	F#5	64	100	0	4
255	66.870125	67.471086	F#3	64	62	1	-2
256	66.870125	67.493522	A#3	64	74	1	-3
257	67.254740	67.738714	D#5	64	64	0	1
258	67.639355	68.118522	A#3	64	75	1	-3
259	67.639355	68.145765	F#3	64	69	1	-2
260	68.023970	69.620123	G#4	64	67	0	4
261	68.408585	69.088072	G#3	64	66	1	-5
262	68.408585	69.099290	B3	64	74	1	-2
263	68.408585	71.275570	E2	64	69	1	-1
264	68.793200	71.421403	B2	64	47	1	-4
265	69.177815	69.831661	G#3	64	60	1	-5
266	69.177815	69.858905	B3	64	59	1	-2
267	69.947045	70.556019	G#3	64	73	1	-5
268	69.947045	70.560827	B3	64	77	1	-2
269	70.331660	70.495122	G#4	64	71	0	4
270	70.331660	70.858903	E3	64	52	1	-4
271	70.716275	70.866916	G#4	64	64	0	4
272	70.716275	71.256339	B3	64	79	1	-2
273	70.716275	71.280377	G#3	64	76	1	-5
274	71.100890	71.261147	G#4	64	66	0	4
275	71.100890	71.368518	E3	64	49	1	-4
276	71.485505	71.905377	G#4	64	87	0	4
277	71.485505	72.128133	C#4	64	75	0	2
278	71.485505	72.131338	A#3	64	68	1	-3
279	71.485505	74.038387	F#2	64	76	1	-4
280	71.870120	72.414992	A#4	64	76	0	1
281	71.870120	74.213067	C#3	64	54	1	-2
282	72.254735	72.866914	C#4	64	85	0	2
283	72.254735	72.871722	A#3	64	72	1	-3
284	72.639350	73.173004	B4	64	95	0	2
285	73.023965	73.616914	A#3	64	79	1	-3
286	73.023965	73.618516	C#4	64	81	0	2
287	73.408580	73.931016	E5	64	81	0	2
288	73.793195	74.163387	A#3	64	87	1	-3
289	73.793195	74.187426	C#4	64	85	0	2
290	74.177810	75.673001	D#5	64	79	0	1
291	74.562425	75.193835	D#4	64	76	0	4
292	74.562425	75.203450	F#4	64	77	0	2
293	74.562425	76.991910	B2	64	85	1	-4
294	75.331655	75.961462	F#4	64	79	0	2
295	75.331655	75.966270	D#4	64	81	0	4
296	75.716270	76.070437	D#5	64	73	0	1
297	76.100885	76.472680	F#5	64	95	0	4
298	76.100885	76.705051	D#4	64	83	0	4
299	76.100885	76.711462	F#4	64	86	0	2
300	76.485500	77.256333	D#5	64	68	0	1
301	76.870115	77.325243	F#4	64	85	0	2
302	76.870115	77.330051	D#4	64	90	0	4
303	77.254730	78.565627	A#4	64	68	0	1
304	77.639345	78.302806	F#3	64	70	1	-2
305	77.639345	78.314024	A#3	64	77	1	-3
306	77.639345	80.447035	D#2	64	73	1	-2
307	78.408575	79.030370	F#3	64	75	1	-2
308	78.408575	79.030370	A#3	64	79	1	-3
309	78.793190	79.156972	A#4	64	61	0	1
310	79.177805	79.575241	F#5	64	87	0	4
311	79.177805	79.778766	A#3	64	77	1	-3
312	79.177805	79.785177	F#3	64	72	1	-2
313	79.562420	79.969471	D#5	64	65	0	1
314	79.562420	80.613701	A#2	64	62	1	-5
315	79.947035	80.344471	F#5	64	93	0	4
316	79.947035	80.466266	F#3	64	79	1	-2
317	79.947035	80.466266	A#3	64	83	1	-3
318	79.947035	80.698637	D#3	64	2	1	-5
319	80.331650	80.958252	A#4	64	74	0	1
320	80.716265	81.241906	G#3	64	64	1	-5
321	80.716265	81.264342	B3	64	73	1	-2
322	80.716265	83.469468	E2	64	81	1	-1
323	81.100880	82.171392	G#4	64	73	0	4
324	81.100880	83.817224	B2	64	64	1	-4
325	81.485495	82.134533	G#3	64	68	1	-5
326	81.485495	82.136136	B3	64	75	1	-2
327	82.254725	82.831648	G#3	64	68	1	-5
328	82.254725	82.831648	B3	64	75	1	-2
329	83.023955	83.490301	G#3	64	77	1	-5
330	83.023955	83.498314	B3	64	79	1	-2
331	83.408570	83.648955	E3	64	14	1	-4
332	83.793185	84.331646	A#3	64	68	1	-3
333	83.793185	84.349275	C#4	64	73	0	2
334	83.793185	86.431003	F#2	64	76	1	-4
335	84.177800	84.605685	E5	64	85	0	2
336	84.177800	86.466260	C#3	64	53	1	-2
337	84.562415	84.924595	D#5	64	65	0	1
338	84.562415	85.164979	A#3	64	76	1	-3
339	84.562415	85.179402	C#4	64	81	0	2
340	84.947030	85.371710	B4	64	68	0	2
341	85.139338	85.588055	E5	64	72	0	2
342	85.331645	85.882927	A#3	64	70	1	-3
343	85.331645	85.887735	C#4	64	73	0	2
344	85.690619	86.100875	D#5	64	65	0	1
345	86.075234	86.605683	E5	64	87	0	2
346	86.100875	86.519144	A#3	64	77	1	-3
347	86.100875	86.531965	C#4	64	77	0	2
348	86.459849	87.527156	F#5	64	81	0	4
349	86.485490	86.863695	F#3	64	47	1	-2
350	86.870105	87.414977	B3	64	61	1	-2
351	86.870105	87.443823	D#4	64	79	0	4
352	86.870105	89.487090	B2	64	67	1	-4
353	87.254720	89.844461	F#3	64	53	1	-2
354	87.639335	88.289976	B3	64	61	1	-2
355	87.639335	88.304399	D#4	64	74	0	4
356	88.408565	88.919783	D#4	64	74	0	4
357	88.408565	88.931001	B3	64	63	1	-2
358	89.177795	89.434205	D#4	64	72	0	4
359	89.177795	89.865295	B3	64	63	1	-2
360	89.562410	89.850872	E4	64	79	0	5
361	89.947025	90.552794	D#4	64	71	0	4
362	89.947025	90.639332	B3	64	71	1	-2
363	89.947025	92.764330	A#2	64	73	1	-5
364	90.331640	92.708241	F#3	64	60	1	-2
365	90.716255	91.382921	B3	64	73	1	-2
366	90.716255	91.387729	D#4	64	76	0	4
367	91.485485	92.067216	D#4	64	77	0	4
368	91.485485	92.073626	B3	64	62	1	-2
369	92.254715	92.564010	D#4	64	70	0	4
370	92.254715	92.815612	B3	64	65	1	-2
371	92.639330	92.966253	E4	64	68	0	5
372	93.023945	93.626509	D#4	64	74	0	4
373	93.023945	93.664970	B3	64	67	1	-2
374	93.023945	95.866891	G#2	64	62	1	-2
375	93.793175	94.427790	D#4	64	74	0	4
376	93.793175	94.430995	B3	64	61	1	-2
377	94.562405	95.057597	D#4	64	73	0	4
378	94.562405	95.086443	B3	64	63	1	-2
379	95.331635	95.748302	D#4	64	71	0	4
380	95.331635	96.100865	B3	64	67	1	-2
381	96.043173	96.051186	E4	64	63	0	5
382	96.065609	99.172978	G4	64	62	0	3
383	96.092853	99.189003	B4	64	63	0	2
384	96.100865	99.129709	E3	64	67	1	-4
385	99.177785	99.461439	A#4	64	72	0	1
386	99.177785	99.479067	F#4	64	88	0	2
387	99.177785	99.543170	D#4	64	81	0	4
388	99.177785	101.384514	D#2	64	92	1	-2
389	99.562400	100.129708	D#3	64	82	1	-5
390	99.947015	100.080028	F#4	64	117	0	2
391	99.947015	100.126502	A#4	64	92	0	1
392	99.947015	100.171374	D#4	64	97	0	4
393	100.331630	100.472656	B4	64	63	0	2
394	100.523938	100.820412	A#4	64	82	0	1
395	100.523938	100.834835	F#4	64	95	0	2
396	100.523938	100.878104	D#4	64	83	0	4
397	100.716245	100.842848	B4	64	67	0	2
398	100.716245	101.259514	D#3	64	53	1	-5
399	101.100860	101.456629	B4	64	67	0	2
400	101.100860	101.253104	F#4	64	81	0	2
401	101.100860	101.253104	A#4	64	62	0	1
402	101.100860	101.259514	D#4	64	75	0	4
403	101.485475	101.900539	C#5	64	67	0	4
404	101.485475	101.628104	D#4	64	97	0	4
405	101.485475	101.830026	F#4	64	127	0	2
406	101.485475	101.830026	A#4	64	100	0	1
407	101.870090	102.523936	B4	64	74	0	2
408	101.870090	101.913360	D#4	64	72	0	4
409	102.254705	102.672974	F#4	64	92	0	2
410	102.254705	102.700218	D#4	64	97	0	4
411	102.254705	102.783551	B3	64	90	1	-2
412	102.254705	103.669768	B2	64	72	1	-4
413	102.639320	103.413358	F#4	64	73	0	2
414	102.639320	103.108871	F#3	64	48	1	-2
415	103.023935	103.129705	B3	64	75	1	-2
416	103.023935	103.136115	F#4	64	89	0	2
417	103.023935	103.147333	D#4	64	97	0	4
418	103.600858	104.349255	B3	64	75	1	-2
419	103.600858	104.400537	F#4	64	82	0	2
420	103.600858	104.406947	D#4	64	90	0	4
421	103.793165	103.947011	B4	64	75	0	2
422	103.793165	104.451819	B2	64	76	1	-4
423	104.177780	104.477460	B4	64	75	0	2
424	104.177780	104.408549	F#3	64	77	1	-2
425	104.562395	104.825216	C#5	64	74	0	4
426	104.562395	104.663357	B3	64	38	1	-2
427	104.562395	104.959831	F#4	64	100	0	2
428	104.562395	104.980664	D#4	64	117	0	4
429	104.947010	105.430984	B4	64	74	0	2
430	104.947010	105.019126	B3	64	76	1	-2
431	105.331625	105.956625	B3	64	92	1	-2
432	105.331625	105.987074	G#4	64	97	0	4
433	105.331625	105.993484	E4	64	96	0	5
434	105.331625	107.895725	E2	64	78	1	-1
435	105.716240	106.313996	G#4	64	67	0	4
436	105.716240	107.937392	B2	64	42	1	-4
437	106.100855	106.208227	E4	64	89	0	5
438	106.100855	106.208227	G#4	64	92	0	4
439	106.100855	106.211432	B3	64	90	1	-2
440	106.485470	107.147329	B4	64	69	0	2
441	106.485470	107.014316	E3	64	34	1	-4
442	106.677778	107.387713	B3	64	79	1	-2
443	106.677778	107.424572	E4	64	89	0	5
444	106.677778	107.435790	G#4	64	92	0	4
445	107.254700	107.677777	A#4	64	77	0	1
446	107.254700	107.743482	E3	64	70	1	-4
447	107.639315	108.031943	E4	64	102	0	5
448	107.639315	108.044764	G#4	64	112	0	4
449	108.023930	111.301171	F#4	64	69	0	2
450	108.023930	108.267520	B3	64	77	1	-2
451	108.408545	108.955019	B3	64	92	1	-2
452	108.408545	108.964635	F#4	64	95	0	2
453	108.408545	108.993481	D#4	64	100	0	4
454	108.408545	110.713030	B2	64	72	1	-4
455	108.793160	110.128095	F#3	64	62	1	-2
456	109.177775	109.254698	F#4	64	90	0	2
457	109.177775	109.267519	B3	64	79	1	-2
458	109.177775	109.269121	D#4	64	100	0	4
459	109.754698	110.496684	B3	64	81	1	-2
460	109.754698	110.535146	F#4	64	93	0	2
461	109.754698	110.538351	D#4	64	100	0	4
462	110.331620	110.660146	F#3	64	74	1	-2
463	110.716235	111.131299	F#4	64	112	0	2
464	110.716235	111.142517	D#4	64	122	0	4
465	111.100850	111.192197	B3	64	86	1	-2
466	111.485465	111.906939	E4	64	92	0	5
467	111.485465	111.919760	G#4	64	95	0	4
468	111.485465	111.940593	B3	64	92	1	-2
469	111.485465	113.956617	E2	64	85	1	-1
470	111.870080	113.991873	B2	64	56	1	-4
471	112.254695	112.354054	B3	64	89	1	-2
472	112.254695	112.358862	E4	64	86	0	5
473	112.254695	112.358862	G#4	64	88	0	4
474	112.639310	112.778733	B4	64	63	0	2
475	112.639310	113.209823	E3	64	41	1	-4
476	112.831618	113.604053	B3	64	79	1	-2
477	112.831618	113.618476	E4	64	90	0	5
478	112.831618	113.629694	G#4	64	92	0	4
479	113.023925	113.169759	B4	64	69	0	2
480	113.408540	113.648925	B4	64	74	0	2
481	113.408540	113.934181	E3	64	63	1	-4
482	113.793155	114.076809	C#5	64	71	0	4
483	113.793155	114.150527	E4	64	102	0	5
484	113.793155	114.180976	G#4	64	112	0	4
485	114.177770	114.972641	E5	64	83	0	2
486	114.177770	114.450206	B3	64	83	1	-2
487	114.562385	115.166551	F#4	64	97	0	2
488	114.562385	115.177769	B3	64	89	1	-2
489	114.562385	115.185782	D#4	64	112	0	4
490	114.562385	116.738665	B2	64	76	1	-4
491	114.947000	115.509500	C#5	64	67	0	4
492	114.947000	115.469436	F#3	64	61	1	-2
493	115.331615	115.400526	B3	64	82	1	-2
494	115.331615	115.406936	F#4	64	85	0	2
495	115.331615	115.419756	D#4	64	95	0	4
496	115.716230	116.296358	B4	64	81	0	2
497	115.716230	116.264307	F#3	64	40	1	-2
498	115.908538	116.541550	B3	64	81	1	-2
499	115.908538	116.727447	F#4	64	99	0	2
500	115.908538	116.732255	D#4	64	107	0	4
501	116.485460	116.830011	B4	64	68	0	2
502	116.485460	116.713024	F#3	64	90	1	-2
503	116.870075	117.286742	C#5	64	79	0	4
504	116.870075	117.248280	F#4	64	107	0	2
505	116.870075	117.278729	D#4	64	117	0	4
506	117.254690	117.971036	B4	64	76	0	2
507	117.254690	117.313985	B3	64	75	1	-2
508	117.639305	118.068792	G#4	64	97	0	4
509	117.639305	118.076805	E4	64	92	0	5
510	117.639305	118.112061	B3	64	88	1	-2
511	117.639305	120.225841	E2	64	93	1	-1
512	118.023920	118.821997	G#4	64	76	0	4
513	118.023920	120.261098	B2	64	59	1	-4
514	118.408535	118.522317	G#4	64	92	0	4
515	118.408535	118.536740	B3	64	86	1	-2
516	118.408535	118.547958	E4	64	90	0	5
517	118.793150	119.615265	B4	64	83	0	2
518	118.793150	119.405329	E3	64	45	1	-4
519	118.985458	119.647316	B3	64	83	1	-2
520	118.985458	119.680970	E4	64	93	0	5
521	118.985458	119.685778	G#4	64	97	0	4
522	119.562380	120.174559	C#5	64	81	0	4
523	119.562380	120.038342	E3	64	78	1	-4
524	119.946995	120.374880	E4	64	100	0	5
525	119.946995	120.397316	G#4	64	107	0	4
526	120.139303	120.338021	E3	64	50	1	-4
527	120.331610	120.773918	D#5	64	86	0	1
528	120.331610	120.589623	B3	64	82	1	-2
529	120.716225	121.080007	A#4	64	95	0	1
530	120.716225	121.096033	F#4	64	99	0	2
531	120.716225	121.185776	C#4	64	100	0	2
532	120.716225	122.972633	F#2	64	89	1	-4
533	121.100840	121.644109	A#4	64	75	0	1
534	121.100840	121.198597	F#4	64	27	0	2
535	121.100840	123.030326	C#3	64	56	1	-2
536	121.485455	121.554366	F#4	64	102	0	2
537	121.485455	121.567186	A#4	64	93	0	1
538	121.485455	121.586417	C#4	64	95	0	2
539	121.870070	122.219429	D#5	64	81	0	1
540	121.870070	122.440583	F#3	64	55	1	-2
541	122.062378	122.666544	A#4	64	100	0	1
542	122.062378	122.680967	F#4	64	112	0	2
543	122.639300	123.080005	C#5	64	74	0	4
544	122.639300	123.107249	F#3	64	99	1	-2
545	123.023915	123.326800	F#4	64	127	0	2
546	123.023915	123.336415	A#4	64	117	0	1
547	123.408530	124.591222	B4	64	64	0	2
548	123.408530	123.471030	C#4	64	100	0	2
549	123.793145	124.147312	F#4	64	92	0	2
550	123.793145	124.272312	D#4	64	102	0	4
551	123.793145	124.325196	B3	64	93	1	-2
552	123.793145	125.818784	B2	64	74	1	-4
553	124.177760	124.751478	F#3	64	57	1	-2
554	124.562375	124.647311	B3	64	79	1	-2
555	124.562375	124.648914	F#4	64	95	0	2
556	124.562375	124.652119	D#4	64	107	0	4
557	124.946990	125.309170	B4	64	70	0	2
558	124.946990	125.580003	F#3	64	49	1	-2
559	125.139298	125.926156	B3	64	83	1	-2
560	125.139298	125.935772	D#4	64	102	0	4
561	125.139298	125.937374	F#4	64	96	0	2
562	125.331605	125.757887	F#5	64	87	0	4
563	125.716220	126.475835	D#5	64	70	0	1
564	125.716220	125.852438	F#3	64	93	1	-2
565	126.100835	126.530322	F#4	64	122	0	2
566	126.100835	126.536732	D#4	64	127	0	4
567	126.485450	127.764295	A#4	64	85	0	1
568	126.485450	126.563976	B3	64	96	1	-2
569	126.870065	126.982245	F#4	64	99	0	2
570	126.870065	126.998270	D#4	64	112	0	4
571	126.870065	127.043142	A#3	64	112	1	-3
572	126.870065	129.216217	D#2	64	97	1	-2
573	127.254680	127.309168	F#4	64	93	0	2
574	127.254680	127.330001	D#4	64	107	0	4
575	127.254680	127.344424	A#3	64	95	1	-3
576	127.639295	127.685770	F#4	64	102	0	2
577	127.639295	127.701795	D#4	64	127	0	4
578	127.639295	127.713013	A#3	64	99	1	-3
579	127.639295	127.767500	D#3	64	31	1	-5
580	128.023910	128.387692	A#4	64	62	0	1
581	128.023910	128.711410	D#3	64	89	1	-5
582	128.216218	128.265897	F#4	64	96	0	2
583	128.216218	128.275513	D#4	64	102	0	4
584	128.216218	128.297949	A#3	64	92	1	-3
585	128.408525	128.831602	F#5	64	100	0	4
586	128.600833	128.660128	F#4	64	97	0	2
587	128.600833	128.668141	D#4	64	122	0	4
588	128.600833	128.685769	A#3	64	95	1	-3
589	128.793140	129.277114	D#5	64	64	0	1
590	128.985448	129.243460	D#3	64	78	1	-5
591	129.177755	129.291537	A#3	64	96	1	-3
592	129.177755	129.296345	D#4	64	122	0	4
593	129.177755	129.301153	F#4	64	102	0	2
594	129.562370	131.158523	G#4	64	67	0	4
595	129.562370	129.594422	F#4	64	88	0	2
596	129.562370	129.612050	A#3	64	95	1	-3
597	129.562370	129.612050	D#4	64	107	0	4
598	129.946985	130.293139	G#4	64	95	0	4
599	129.946985	130.307562	E4	64	95	0	5
600	129.946985	130.503075	B3	64	93	1	-2
601	129.946985	132.499867	E2	64	93	1	-1
602	130.331600	130.946984	B2	64	61	1	-4
603	130.716215	130.807561	E4	64	96	0	5
604	130.716215	130.809164	G#4	64	96	0	4
605	130.716215	130.863651	B3	64	90	1	-2
606	130.716215	131.459804	E3	64	82	1	-4
607	130.908523	130.977433	B3	64	30	1	-2
608	131.100830	132.515893	B2	64	40	1	-4
609	131.293138	131.376471	G#4	64	97	0	4
610	131.293138	131.381279	E4	64	92	0	5
611	131.293138	131.398907	B3	64	89	1	-2
612	131.485445	131.753073	E3	64	63	1	-4
613	131.677753	132.108842	B3	64	88	1	-2
614	131.677753	132.129676	E4	64	90	0	5
615	131.677753	132.131278	G#4	64	96	0	4
616	131.870060	132.033522	G#4	64	71	0	4
617	132.062368	132.317175	E3	64	90	1	-4
618	132.254675	132.405316	G#4	64	64	0	4
619	132.254675	132.471021	B3	64	85	1	-2
620	132.254675	132.554355	E4	64	96	0	5
621	132.254675	132.684162	G#4	64	99	0	4
622	132.446983	132.584803	E3	64	82	1	-4
623	132.639290	132.799547	G#4	64	66	0	4
624	132.639290	132.701790	B3	64	93	1	-2
625	133.023905	133.443777	G#4	64	87	0	4
626	133.023905	133.397302	A#4	64	96	0	1
627	133.023905	133.414931	F#4	64	102	0	2
628	133.023905	133.432559	C#4	64	102	0	2
629	133.023905	135.613646	F#2	64	89	1	-4
630	133.408520	133.953392	A#4	64	76	0	1
631	133.408520	135.589608	C#3	64	70	1	-2
632	133.600828	133.850828	F#3	64	73	1	-2
633	133.793135	134.156917	A#4	64	112	0	1
634	133.793135	134.168135	C#4	64	107	0	2
635	133.793135	134.174545	F#4	64	122	0	2
636	134.177750	134.711404	B4	64	95	0	2
637	134.177750	134.886083	F#3	64	100	1	-2
638	134.370058	134.605635	A#4	64	107	0	1
639	134.370058	134.640891	F#4	64	122	0	2
640	134.370058	134.663327	C#4	64	107	0	2
641	134.754673	134.966211	F#4	64	112	0	2
642	134.754673	134.982237	A#4	64	112	0	1
643	134.946980	135.469416	E5	64	81	0	2
644	134.946980	135.483839	C#4	64	117	0	2
645	135.139288	135.443775	F#3	64	112	1	-2
646	135.331595	135.644095	A#4	64	127	0	1
647	135.523903	135.693775	F#3	64	93	1	-2
648	135.716210	137.211401	D#5	64	79	0	1
649	135.716210	135.807557	C#4	64	122	0	2
650	136.100825	136.458197	F#4	64	112	0	2
651	136.100825	136.544735	D#4	64	117	0	4
652	136.100825	138.376464	B2	64	81	1	-4
653	136.293133	137.041530	F#3	64	97	1	-2
654	136.485440	136.769094	B3	64	89	1	-2
655	136.677748	136.772299	D#4	64	72	0	4
656	136.870055	136.911722	B3	64	81	1	-2
657	136.870055	136.974222	D#4	64	127	0	4
658	136.870055	136.988645	F#4	64	112	0	2
659	137.062363	137.648901	F#3	64	71	1	-2
660	137.254670	137.608837	D#5	64	73	0	1
661	137.254670	137.714606	B3	64	88	1	-2
662	137.446978	137.802747	D#4	64	117	0	4
663	137.446978	137.807555	F#4	64	112	0	2
664	137.639285	138.011080	F#5	64	95	0	4
665	137.831593	138.328387	B3	64	88	1	-2
666	138.023900	138.794733	D#5	64	68	0	1
667	138.023900	138.180952	F#4	64	28	0	2
668	138.023900	138.333195	D#4	64	107	0	4
669	138.216208	138.323580	F#3	64	89	1	-2
670	138.408515	138.430951	D#4	64	82	0	4
671	138.408515	138.823579	F#4	64	127	0	2
672	138.793130	140.104027	A#4	64	68	0	1
673	138.793130	138.847618	B3	64	77	1	-2
674	139.177745	139.496655	A#4	64	76	0	1
675	139.177745	139.538322	D#4	64	99	0	4
676	139.177745	139.562360	F#4	64	83	0	2
677	139.177745	141.504666	D#2	64	97	1	-2
678	139.370053	141.477423	A#2	64	72	1	-5
679	139.562360	139.979027	D#3	64	93	1	-5
680	139.754668	139.879668	D#4	64	93	0	4
681	139.946975	140.014283	F#4	64	127	0	2
682	139.946975	140.014283	A#4	64	112	0	1
683	140.331590	140.695372	A#4	64	61	0	1
684	140.331590	141.100820	D#3	64	89	1	-5
685	140.523898	140.599218	F#4	64	117	0	2
686	140.523898	140.605629	A#4	64	90	0	1
687	140.523898	140.631270	D#4	64	97	0	4
688	140.716205	141.113641	F#5	64	87	0	4
689	140.908513	141.195372	F#4	64	112	0	2
690	140.908513	141.344410	A#4	64	95	0	1
691	141.100820	141.507871	D#5	64	65	0	1
692	141.100820	141.334795	D#4	64	90	0	4
693	141.293128	141.461397	D#3	64	92	1	-5
694	141.485435	141.882871	F#5	64	93	0	4
695	141.485435	141.765884	F#4	64	127	0	2
696	141.485435	141.789922	A#4	64	117	0	1
697	141.870050	142.496652	A#4	64	74	0	1
698	141.870050	141.919730	D#4	64	100	0	4
699	142.254665	142.721011	G#4	64	93	0	4
700	142.254665	142.722614	B3	64	90	1	-2
701	142.254665	142.751460	E4	64	92	0	5
702	142.254665	144.954983	E2	64	83	1	-1
703	142.446973	144.902099	B2	64	78	1	-4
704	142.639280	143.709792	G#4	64	73	0	4
705	142.639280	143.116844	E3	64	93	1	-4
706	142.831588	143.047934	B3	64	99	1	-2
707	143.023895	143.397292	G#4	64	107	0	4
708	143.023895	143.402100	E4	64	96	0	5
709	143.408510	144.193766	E3	64	83	1	-4
710	143.600818	143.645690	B3	64	64	1	-2
711	143.600818	143.871651	G#4	64	112	0	4
712	143.600818	143.876459	E4	64	93	0	5
713	143.985433	144.438958	E4	64	96	0	5
714	143.985433	144.446971	G#4	64	100	0	4
715	144.177740	144.522291	B3	64	83	1	-2
716	144.370048	144.616843	E3	64	79	1	-4
717	144.562355	144.926137	G#4	64	107	0	4
718	144.562355	144.958188	E4	64	99	0	5
719	144.754663	144.879663	E3	64	93	1	-4
720	144.946970	145.196970	B3	64	99	1	-2
721	145.139278	145.174534	E4	64	37	0	5
722	145.331585	145.789918	B3	64	100	1	-2
723	145.331585	145.873252	E4	64	102	0	5
724	145.331585	145.876457	G4	64	95	0	3
725	145.331585	147.983826	E2	64	85	1	-1
726	145.523893	147.993442	B2	64	71	1	-4
727	145.716200	146.144085	E5	64	85	0	2
728	145.716200	146.339597	E3	64	89	1	-4
729	145.908508	146.434148	B3	64	74	1	-2
730	146.100815	146.462995	D#5	64	65	0	1
731	146.100815	146.179341	E4	64	59	0	5
732	146.100815	146.759469	G4	64	93	0	3
733	146.485430	146.910110	B4	64	68	0	2
734	146.485430	147.190558	E3	64	66	1	-4
735	146.870045	147.318763	E5	64	72	0	2
736	146.870045	147.557545	E4	64	69	0	5
737	146.870045	147.562352	G4	64	44	0	3
738	146.870045	147.613634	B3	64	63	1	-2
739	147.229019	147.639275	D#5	64	65	0	1
740	147.254660	148.019083	E3	64	58	1	-4
741	147.613634	148.144083	E5	64	87	0	2
742	147.639275	148.350813	E4	64	78	0	5
743	147.639275	148.357223	G4	64	73	0	3
744	148.023890	148.344403	B3	64	82	1	-2
745	148.030301	149.097607	D#5	64	81	0	1
746	148.408505	148.560749	G#3	64	100	1	-5
747	148.408505	148.571967	G#2	64	90	1	-2
748	148.408505	148.591198	D#4	64	96	0	4
749	148.408505	148.605621	B3	64	85	1	-2
750	148.408505	148.612031	G#4	64	79	0	4
751	148.793120	149.946965	B4	64	74	0	2
752	148.793120	148.977415	G#2	64	70	1	-2
753	148.793120	148.977415	G#3	64	82	1	-5
754	148.793120	149.009466	D#4	64	79	0	4
755	148.793120	149.011069	B3	64	70	1	-2
756	148.793120	149.011069	G#4	64	71	0	4
757	149.177735	149.392479	G#3	64	72	1	-5
758	149.177735	149.400492	G#2	64	67	1	-2
759	149.177735	149.405299	G#4	64	70	0	4
760	149.177735	149.406902	D#4	64	78	0	4
761	149.177735	149.419722	B3	64	72	1	-2
762	149.562350	149.772286	G#3	64	79	1	-5
763	149.562350	149.777094	G#4	64	72	0	4
764	149.562350	149.781902	D#4	64	82	0	4
765	149.562350	149.786709	G#2	64	71	1	-2
766	149.562350	149.793119	B3	64	72	1	-2
767	149.946965	150.362029	B4	64	74	0	2
768	149.946965	150.124850	G#2	64	81	1	-2
769	149.946965	150.131260	G#3	64	88	1	-5
770	149.946965	150.161709	G#4	64	85	0	4
771	149.946965	150.163311	D#4	64	96	0	4
772	149.946965	150.184145	B3	64	81	1	-2
773	150.331580	150.714593	C#5	64	75	0	4
774	150.331580	150.507862	G#3	64	95	1	-5
775	150.331580	150.512670	G#2	64	81	1	-2
776	150.331580	150.527093	G#4	64	83	0	4
777	150.331580	150.531901	D#4	64	95	0	4
778	150.331580	150.539914	B3	64	78	1	-2
779	150.716195	151.097605	B4	64	73	0	2
780	150.716195	150.871644	G#3	64	96	1	-5
781	150.716195	150.886067	G#2	64	85	1	-2
782	150.716195	150.914913	D#4	64	107	0	4
783	150.716195	150.922926	G#4	64	95	0	4
784	150.716195	150.937349	B3	64	86	1	-2
785	151.100810	151.837989	D#5	64	98	0	1
786	151.100810	151.251451	G#3	64	99	1	-5
787	151.100810	151.269080	G#2	64	77	1	-2
788	151.100810	151.275490	G#4	64	97	0	4
789	151.100810	151.277092	D#4	64	117	0	4
790	151.100810	151.299528	B3	64	85	1	-2
791	151.485425	151.668118	D#4	64	107	0	4
792	151.485425	151.676130	B3	64	88	1	-2
793	151.485425	151.701771	G2	64	89	1	-3
794	151.870040	152.807539	A#4	64	93	0	1
795	151.870040	152.046322	D#4	64	88	0	4
796	151.870040	152.071963	B3	64	73	1	-2
797	151.870040	152.087989	G2	64	73	1	-3
798	152.254655	152.386066	G3	64	95	1	-1
799	152.254655	152.398886	D#4	64	99	0	4
800	152.254655	152.411707	G2	64	63	1	-3
801	152.254655	152.411707	B3	64	82	1	-2
802	152.639270	152.796322	G2	64	53	1	-3
803	152.639270	152.799527	D#4	64	95	0	4
804	152.639270	152.810745	G3	64	74	1	-1
805	152.639270	152.810745	B3	64	77	1	-2
806	153.023885	153.438949	A#4	64	108	0	1
807	153.023885	153.180937	D#4	64	100	0	4
808	153.023885	153.190552	G2	64	72	1	-3
809	153.023885	153.193757	B3	64	83	1	-2
810	153.023885	153.195360	G3	64	85	1	-1
811	153.408500	153.781898	B4	64	85	0	2
812	153.408500	153.531898	G2	64	53	1	-3
813	153.408500	153.568757	D#4	64	95	0	4
814	153.408500	153.575167	G3	64	78	1	-1
815	153.408500	153.581577	B3	64	77	1	-2
816	153.793115	154.225807	C#5	64	71	0	4
817	153.793115	153.934141	G2	64	75	1	-3
818	153.793115	153.959782	D#4	64	97	0	4
819	153.793115	153.961385	G3	64	88	1	-1
820	153.793115	153.980615	B3	64	78	1	-2
821	154.177730	155.006255	D#5	64	75	0	1
822	154.177730	154.211384	G2	64	47	1	-3
823	154.177730	154.289910	D#4	64	100	0	4
824	154.177730	154.305935	G3	64	96	1	-1
825	154.177730	154.371641	B3	64	92	1	-2
826	154.562345	154.679333	F#3	64	77	1	-2
827	154.562345	154.738627	C#4	64	102	0	2
828	154.562345	154.753050	F#2	64	89	1	-4
829	154.946960	155.121640	B4	64	61	0	2
830	154.946960	155.100806	F#4	64	66	0	2
831	154.946960	155.104012	F#2	64	77	1	-4
832	154.946960	155.107217	C#4	64	89	0	2
833	154.946960	155.110422	F#3	64	83	1	-2
834	155.331575	155.487024	B4	64	75	0	2
835	155.331575	155.496639	F#2	64	76	1	-4
836	155.331575	155.511062	F#3	64	78	1	-2
837	155.331575	155.511062	F#4	64	78	0	2
838	155.331575	155.519075	C#4	64	93	0	2
839	155.716190	156.067152	B4	64	74	0	2
840	155.716190	155.884459	F#4	64	92	0	2
841	155.716190	155.903690	F#2	64	81	1	-4
842	155.716190	155.913306	C#4	64	102	0	2
843	155.716190	155.924524	F#3	64	74	1	-2
844	156.100805	156.437344	G#5	64	108	0	1
845	156.100805	156.299523	F#3	64	76	1	-2
846	156.100805	156.299523	F#4	64	86	0	2
847	156.100805	156.307536	C#4	64	97	0	2
848	156.100805	156.312344	F#2	64	83	1	-4
849	156.485420	157.052728	F#5	64	117	0	4
850	156.485420	156.660100	F#3	64	89	1	-2
851	156.485420	156.661702	C#4	64	107	0	2
852	156.485420	156.677728	F#2	64	82	1	-4
853	156.485420	156.677728	F#4	64	97	0	2
854	156.870035	157.057535	F#3	64	92	1	-2
855	156.870035	157.062343	C#4	64	112	0	2
856	156.870035	157.081574	F#4	64	100	0	2
857	156.870035	157.091189	F#2	64	74	1	-4
858	157.254650	157.639265	C#5	64	98	0	4
859	157.254650	157.397278	F#3	64	88	1	-2
860	157.254650	157.430932	F#2	64	72	1	-4
861	157.254650	157.482214	C#4	64	112	0	2
862	157.254650	157.482214	F#4	64	112	0	2
863	157.639265	158.959777	B4	64	72	0	2
864	157.639265	157.847599	F4	64	95	0	1
865	157.639265	157.930932	F2	64	67	1	-5
866	158.023880	158.200162	F3	64	89	1	-3
867	158.023880	158.224201	F2	64	49	1	-5
868	158.023880	158.241829	F4	64	96	0	1
869	158.408495	158.616829	F2	64	70	1	-5
870	158.408495	158.618431	F3	64	78	1	-3
871	158.408495	158.652085	F4	64	93	0	1
872	158.793110	158.985418	F3	64	81	1	-3
873	158.793110	159.003046	F2	64	75	1	-5
874	158.793110	159.031892	F4	64	97	0	1
875	159.177725	159.565546	B4	64	74	0	2
876	159.177725	159.389264	F3	64	85	1	-3
877	159.177725	159.411700	F2	64	74	1	-5
878	159.177725	159.414905	F4	64	99	0	1
879	159.562340	159.959776	C#5	64	69	0	4
880	159.562340	159.778686	F3	64	90	1	-3
881	159.562340	159.794712	F2	64	75	1	-5
882	159.562340	159.799520	F4	64	107	0	1
883	159.946955	160.354006	B4	64	74	0	2
884	159.946955	160.132853	F3	64	89	1	-3
885	159.946955	160.195353	F2	64	81	1	-5
886	159.946955	160.196955	F4	64	100	0	1
887	160.331570	161.065544	D#5	64	93	0	1
888	160.331570	160.504647	F3	64	88	1	-3
889	160.331570	160.560737	F2	64	73	1	-5
890	160.331570	160.653685	F4	64	102	0	1
891	160.716185	160.930929	E2	64	69	1	-1
892	160.716185	160.934134	E3	64	83	1	-4
893	160.716185	160.956570	B2	64	70	1	-4
894	160.716185	160.962980	B3	64	85	1	-2
895	160.716185	160.967788	G#4	64	92	0	4
896	160.716185	160.990224	E4	64	90	0	5
897	161.100800	161.272275	B4	64	68	0	2
898	161.100800	161.381249	B3	64	73	1	-2
899	161.100800	161.384454	G#4	64	72	0	4
900	161.100800	161.394069	E3	64	69	1	-4
901	161.100800	161.395672	E4	64	74	0	5
902	161.100800	163.403683	E2	64	57	1	-1
903	161.100800	163.442144	B2	64	56	1	-4
904	161.485415	161.725800	B4	64	85	0	2
905	161.485415	161.756248	B3	64	69	1	-2
906	161.485415	161.762659	G#4	64	65	0	4
907	161.485415	161.767466	E4	64	66	0	5
908	161.485415	161.791505	E3	64	66	1	-4
909	161.870030	162.038299	B4	64	70	0	2
910	161.870030	162.148876	B3	64	67	1	-2
911	161.870030	162.160094	G#4	64	65	0	4
912	161.870030	162.168107	E4	64	69	0	5
913	161.870030	162.180928	E3	64	61	1	-4
914	162.254645	162.427722	B4	64	74	0	2
915	162.254645	162.506248	B3	64	83	1	-2
916	162.254645	162.511055	G#4	64	85	0	4
917	162.254645	162.520671	E4	64	81	0	5
918	162.254645	162.831568	E3	64	67	1	-4
919	162.639260	162.783491	G#4	64	74	0	4
920	162.639260	162.908491	B3	64	86	1	-2
921	162.639260	162.911696	G#4	64	102	0	4
922	162.639260	162.914901	E4	64	96	0	5
923	162.831568	163.124837	E3	64	47	1	-4
924	163.023875	163.294709	B4	64	83	0	2
925	163.023875	163.254644	B3	64	88	1	-2
926	163.023875	163.275478	E4	64	97	0	5
927	163.023875	163.277080	G#4	64	100	0	4
928	163.216183	163.362016	E3	64	57	1	-4
929	163.408490	165.123232	A#4	64	104	0	1
930	163.408490	163.520670	E4	64	96	0	5
931	163.408490	163.549516	G#4	64	100	0	4
932	163.408490	163.552721	B3	64	92	1	-2
933	163.793105	163.890862	A#4	64	95	0	1
934	163.793105	164.022272	C#4	64	96	0	2
935	163.793105	164.038297	F#4	64	112	0	2
936	163.793105	165.185732	F#2	64	99	1	-4
937	164.177720	164.450156	F#3	64	81	1	-2
938	164.177720	164.453361	A#4	64	99	0	1
939	164.177720	164.464579	C#4	64	90	0	2
940	164.177720	164.469387	F#4	64	100	0	2
941	164.562335	164.749835	F#3	64	86	1	-2
942	164.562335	164.791502	A#4	64	96	0	1
943	164.562335	164.805925	C#4	64	102	0	2
944	164.562335	164.813938	F#4	64	100	0	2
945	164.946950	165.192143	A#4	64	100	0	1
946	164.946950	165.203360	C#4	64	100	0	2
947	164.946950	165.209771	F#4	64	107	0	2
948	164.946950	165.249835	F#3	64	97	1	-2
949	165.331565	165.737014	B4	64	93	0	2
950	165.331565	165.584770	A#4	64	112	0	1
951	165.331565	165.602398	C#4	64	112	0	2
952	165.331565	165.612014	F#4	64	117	0	2
953	165.331565	166.256244	F#2	64	102	1	-4
954	165.331565	166.267462	F#3	64	76	1	-2
955	165.716180	166.075154	C#5	64	73	0	4
956	165.716180	165.975796	A#4	64	107	0	1
957	165.716180	165.999834	C#4	64	102	0	2
958	165.716180	165.999834	F#4	64	117	0	2
959	166.100795	166.549513	B4	64	79	0	2
960	166.100795	166.321949	A#4	64	127	0	1
961	166.100795	166.339577	F#4	64	127	0	2
962	166.100795	166.349193	C#4	64	117	0	2
963	166.485410	167.078359	D#5	64	104	0	1
964	166.485410	166.769064	C#4	64	112	0	2
965	166.485410	166.780282	F#3	64	107	1	-2
966	166.485410	166.789897	F#2	64	112	1	-4
967	166.485410	166.789897	F#4	64	127	0	2
968	166.485410	166.812333	A#4	64	127	0	1
969	166.870025	167.129641	E4	64	112	0	5
970	166.870025	167.132846	G#4	64	127	0	4
971	166.870025	167.140859	C#4	64	127	0	2
972	166.870025	167.618422	C#2	64	127	1	-4
973	167.254640	167.392461	B4	64	69	0	2
974	167.254640	167.525474	C#4	64	99	0	2
975	167.254640	167.528679	E4	64	95	0	5
976	167.254640	167.533486	G#4	64	99	0	4
977	167.254640	167.910089	C#3	64	92	1	-2
978	167.639255	167.788294	B4	64	93	0	2
979	167.639255	167.865217	C#4	64	100	0	2
980	167.639255	167.866819	E4	64	92	0	5
981	167.639255	167.868422	G#4	64	99	0	4
982	167.639255	168.270665	C#2	64	66	1	-4
983	168.023870	168.168101	B4	64	85	0	2
984	168.023870	168.286691	E4	64	97	0	5
985	168.023870	168.288293	C#4	64	112	0	2
986	168.023870	168.294703	C#3	64	71	1	-2
987	168.023870	168.294703	G#4	64	97	0	4
988	168.408485	168.693742	B4	64	111	0	2
989	168.408485	168.656883	E4	64	95	0	5
990	168.408485	168.660088	G#4	64	99	0	4
991	168.408485	168.663293	C#4	64	107	0	2
992	168.408485	168.680921	C#3	64	81	1	-2
993	168.408485	168.690536	C#2	64	83	1	-4
994	168.793100	169.224190	C#5	64	73	0	4
995	168.793100	169.059126	E4	64	95	0	5
996	168.793100	169.063933	G#4	64	92	0	4
997	168.793100	169.065536	C#3	64	75	1	-2
998	168.793100	169.073549	C#4	64	102	0	2
999	168.793100	169.113613	C#2	64	90	1	-4
1000	169.177715	169.434125	D#5	64	77	0	1
1001	169.177715	169.419702	G#4	64	102	0	4
1002	169.177715	169.421305	C#4	64	112	0	2
1003	169.177715	169.421305	E4	64	99	0	5
1004	169.177715	169.462972	C#2	64	63	1	-4
1005	169.177715	169.482202	C#3	64	102	1	-2
1006	169.562330	170.379637	E5	64	111	0	2
1007	169.562330	169.695343	G#4	64	102	0	4
1008	169.562330	169.716176	C#4	64	122	0	2
1009	169.562330	169.839574	E4	64	99	0	5
1010	169.946945	170.156881	E2	64	68	1	-1
1011	169.946945	170.161689	E3	64	95	1	-4
1012	169.946945	170.166496	B2	64	92	1	-4
1013	169.946945	170.196945	B3	64	100	1	-2
1014	169.946945	170.203355	G4	64	95	0	3
1015	169.946945	170.204958	E4	64	100	0	5
1016	170.331560	170.568740	E2	64	67	1	-1
1017	170.331560	170.570342	E3	64	83	1	-4
1018	170.331560	170.597586	B2	64	68	1	-4
1019	170.331560	170.612009	E4	64	89	0	5
1020	170.331560	170.613611	B3	64	93	1	-2
1021	170.331560	170.618419	G4	64	79	0	3
1022	170.716175	171.108803	D#5	64	85	0	1
1023	170.716175	170.950150	E2	64	69	1	-1
1024	170.716175	170.956560	E3	64	92	1	-4
1025	170.716175	170.967778	B2	64	65	1	-4
1026	170.716175	170.977393	B3	64	96	1	-2
1027	170.716175	170.978996	E4	64	95	0	5
1028	170.716175	170.983803	G4	64	90	0	3
1029	171.100790	172.004636	E5	64	83	0	2
1030	171.100790	171.307521	E2	64	72	1	-1
1031	171.100790	171.307521	E3	64	96	1	-4
1032	171.100790	171.325149	B2	64	78	1	-4
1033	171.100790	171.357200	E4	64	97	0	5
1034	171.100790	171.362008	B3	64	99	1	-2
1035	171.100790	171.368418	G4	64	92	0	3
1036	171.485405	171.714572	E3	64	99	1	-4
1037	171.485405	171.727392	E2	64	82	1	-1
1038	171.485405	171.738610	B2	64	86	1	-4
1039	171.485405	171.753033	E4	64	100	0	5
1040	171.485405	171.756238	B3	64	102	1	-2
1041	171.485405	171.762649	G4	64	99	0	3
1042	171.870020	172.113610	E3	64	97	1	-4
1043	171.870020	172.144059	B3	64	99	1	-2
1044	171.870020	172.144059	E4	64	99	0	5
1045	171.870020	172.145661	E2	64	83	1	-1
1046	171.870020	172.145661	B2	64	90	1	-4
1047	171.870020	172.153674	G4	64	93	0	3
1048	172.254635	172.616815	D#5	64	98	0	1
1049	172.254635	172.485404	E3	64	97	1	-4
1050	172.254635	172.507840	E2	64	64	1	-1
1051	172.254635	172.509443	B2	64	69	1	-4
1052	172.254635	172.517456	E4	64	102	0	5
1053	172.254635	172.525469	B3	64	117	1	-2
1054	172.254635	172.531879	G4	64	97	0	3
1055	172.639250	175.684119	F#5	64	117	0	4
1056	172.639250	172.926109	E3	64	102	1	-4
1057	172.639250	172.930917	B3	64	99	1	-2
1058	172.639250	172.934122	E4	64	99	0	5
1059	172.639250	172.942135	E2	64	63	1	-1
1060	172.639250	172.943737	B2	64	62	1	-4
1061	172.639250	172.964571	G4	64	90	0	3
1062	173.023865	173.424506	F#4	64	122	0	2
1063	173.023865	173.565532	B3	64	99	1	-2
1064	173.023865	173.607198	D#4	64	122	0	4
1065	173.023865	174.427710	B2	64	96	1	-4
1066	173.408480	174.552710	F#3	64	97	1	-2
1067	173.793095	174.262646	B3	64	93	1	-2
1068	173.793095	174.283480	F#4	64	117	0	2
1069	173.793095	174.293095	D#4	64	127	0	4
1070	174.370018	175.148863	B3	64	93	1	-2
1071	174.370018	175.171299	F#4	64	117	0	2
1072	174.370018	175.179312	D#4	64	127	0	4
1073	174.562325	174.804312	B2	64	99	1	-4
1074	174.946940	175.506235	B2	64	100	1	-4
1075	175.331555	175.477389	F#3	64	93	1	-2
1076	175.331555	175.692132	D#4	64	127	0	4
1077	175.331555	175.703350	F#4	64	127	0	2
1078	175.716170	177.035079	A#5	64	100	0	3
1079	175.716170	175.775465	B3	64	85	1	-2
1080	176.100785	176.498221	D#4	64	122	0	4
1081	176.100785	177.559117	D#2	64	117	1	-2
1082	176.485400	177.035079	D#3	64	100	1	-5
1083	176.870015	177.001426	D#4	64	100	0	4
1084	176.870015	177.278669	F#4	64	97	0	2
1085	176.870015	177.315528	A#3	64	117	1	-3
1086	177.254630	177.639245	F#5	64	112	0	4
1087	177.254630	177.485399	D#3	64	27	1	-5
1088	177.446938	178.009437	D#4	64	96	0	4
1089	177.446938	178.113604	F#4	64	92	0	2
1090	177.446938	178.123219	A#4	64	86	0	1
1091	177.446938	178.163283	A#3	64	90	1	-3
1092	177.639245	177.812322	D#2	64	90	1	-2
1093	178.023860	178.394052	E5	64	87	0	2
1094	178.023860	178.634437	D#2	64	117	1	-2
1095	178.408475	178.807513	D#5	64	90	0	1
1096	178.408475	178.695334	D#3	64	96	1	-5
1097	178.408475	178.874821	F#4	64	117	0	2
1098	178.408475	178.895654	D#4	64	127	0	4
1099	178.793090	181.116806	E5	64	104	0	2
1100	178.793090	178.959757	A#3	64	102	1	-3
1101	179.177705	179.759436	B3	64	95	1	-2
1102	179.177705	179.778666	E4	64	95	0	5
1103	179.177705	179.778666	G#4	64	100	0	4
1104	179.177705	180.579948	E2	64	90	1	-1
1105	179.562320	180.679306	B2	64	66	1	-4
1106	179.946935	180.392448	B3	64	89	1	-2
1107	179.946935	180.403666	G#4	64	112	0	4
1108	179.946935	180.406871	E4	64	102	0	5
1109	179.946935	180.652063	E3	64	96	1	-4
1110	180.523858	181.281870	B3	64	99	1	-2
1111	180.523858	181.288280	E4	64	107	0	5
1112	180.523858	181.296293	G#4	64	127	0	4
1113	180.716165	180.849178	E2	64	100	1	-1
1114	181.100780	181.844369	E2	64	90	1	-1
1115	181.485395	182.111997	E3	64	100	1	-4
1116	181.485395	182.163279	E4	64	107	0	5
1117	181.485395	182.180908	G#4	64	117	0	4
1118	181.870010	182.233792	G#4	64	74	0	4
1119	181.870010	182.166484	B3	64	102	1	-2
1120	182.254625	182.974176	E5	64	87	0	2
1121	182.254625	182.395651	F#4	64	122	0	2
1122	182.254625	182.525459	A#4	64	100	0	1
1123	182.254625	182.536676	C#4	64	107	0	2
1124	182.254625	183.674496	F#2	64	102	1	-4
1125	182.446933	182.546292	F#4	64	59	0	2
1126	182.446933	183.724175	C#3	64	42	1	-2
1127	182.639240	182.797894	F#4	64	112	0	2
1128	182.639240	182.871612	A#4	64	99	0	1
1129	182.639240	182.881227	C#4	64	100	0	2
1130	182.831548	183.111996	F#3	64	99	1	-2
1131	183.023855	183.235394	D#5	64	77	0	1
1132	183.023855	183.166483	F#4	64	107	0	2
1133	183.023855	183.201740	A#4	64	100	0	1
1134	183.023855	183.214560	C#4	64	99	0	2
1135	183.216163	183.620009	F#3	64	85	1	-2
1136	183.408470	183.937316	E5	64	81	0	2
1137	183.408470	183.535073	F#4	64	117	0	2
1138	183.408470	183.565522	A#4	64	100	0	1
1139	183.408470	183.581547	C#4	64	100	0	2
1140	183.793085	184.007829	C#4	64	102	0	2
1141	183.793085	184.009431	F#4	64	122	0	2
1142	183.793085	184.009431	A#4	64	102	0	1
1143	183.793085	184.365200	F#3	64	82	1	-2
1144	183.793085	185.240199	F#2	64	70	1	-4
1145	184.177700	184.700136	F#5	64	108	0	4
1146	184.177700	184.355585	F#4	64	117	0	2
1147	184.177700	184.374816	A#4	64	102	0	1
1148	184.177700	184.382828	C#4	64	107	0	2
1149	184.177700	185.193725	C#3	64	41	1	-2
1150	184.562315	184.805905	A#4	64	117	0	1
1151	184.562315	184.821931	F#4	64	122	0	2
1152	184.562315	185.214558	F#3	64	99	1	-2
1153	184.946930	186.228980	D#5	64	98	0	1
1154	184.946930	185.160071	F#4	64	127	0	2
1155	184.946930	185.192123	A#4	64	127	0	1
1156	185.331545	185.605584	F#4	64	122	0	2
1157	185.331545	185.620007	D#4	64	127	0	4
1158	185.331545	185.637635	B3	64	102	1	-2
1159	185.331545	187.712953	B2	64	96	1	-4
1160	185.716160	185.911673	B3	64	82	1	-2
1161	185.716160	185.911673	F#4	64	89	0	2
1162	185.716160	185.932506	D#4	64	89	0	4
1163	185.716160	187.530261	F#3	64	75	1	-2
1164	186.100775	186.257827	B3	64	92	1	-2
1165	186.100775	186.277057	F#4	64	99	0	2
1166	186.100775	186.280262	D#4	64	102	0	4
1167	186.485390	186.870005	D#5	64	79	0	1
1168	186.485390	186.751416	F#4	64	100	0	2
1169	186.485390	186.764236	B3	64	77	1	-2
1170	186.485390	186.775454	D#4	64	107	0	4
1171	186.870005	187.291479	F#5	64	90	0	4
1172	186.870005	187.100774	B3	64	82	1	-2
1173	186.870005	187.121608	D#4	64	97	0	4
1174	186.870005	187.121608	F#4	64	88	0	2
1175	187.254620	187.916479	D#5	64	81	0	1
1176	187.254620	187.461351	B3	64	78	1	-2
1177	187.254620	187.475774	F#4	64	96	0	2
1178	187.254620	187.480582	D#4	64	99	0	4
1179	187.639235	187.687312	B3	64	55	1	-2
1180	187.639235	187.725774	F#3	64	79	1	-2
1181	187.639235	188.059107	F#4	64	127	0	2
1182	187.639235	188.073530	D#4	64	127	0	4
1183	188.023850	189.262631	A#4	64	95	0	1
1184	188.023850	188.118402	B3	64	96	1	-2
1185	188.408465	188.674491	F#4	64	102	0	2
1186	188.408465	188.690516	D#4	64	112	0	4
1187	188.408465	188.695324	A#3	64	117	1	-3
1188	188.408465	190.836348	D#2	64	100	1	-2
1189	188.793080	188.881221	F#4	64	90	0	2
1190	188.793080	188.900452	D#4	64	100	0	4
1191	188.793080	188.908465	A#3	64	86	1	-3
1192	188.793080	189.317118	D#3	64	81	1	-5
1193	189.177695	189.304298	F#4	64	117	0	2
1194	189.177695	189.315516	D#4	64	127	0	4
1195	189.177695	189.333144	A#3	64	102	1	-3
1196	189.562310	190.020643	A#4	64	77	0	1
1197	189.562310	189.666477	F#4	64	48	0	2
1198	189.562310	189.704938	D#4	64	76	0	4
1199	189.562310	189.730580	A#3	64	81	1	-3
1200	189.754618	190.113592	D#3	64	69	1	-5
1201	189.946925	190.437310	F#5	64	93	0	4
1202	189.946925	190.169682	A#3	64	100	1	-3
1203	189.946925	190.179297	F#4	64	102	0	2
1204	189.946925	190.190515	D#4	64	127	0	4
1205	190.331540	190.559104	D#5	64	71	0	1
1206	190.331540	190.462951	F#4	64	39	0	2
1207	190.331540	190.563912	A#3	64	76	1	-3
1208	190.331540	190.568720	D#4	64	65	0	4
1209	190.331540	190.644040	D#3	64	63	1	-5
1210	190.716155	190.982181	F#5	64	95	0	4
1211	190.716155	190.874809	D#3	64	93	1	-5
1212	190.716155	190.932501	F#4	64	117	0	2
1213	190.716155	190.940514	A#3	64	112	1	-3
1214	190.716155	190.950130	D#4	64	122	0	4
1215	191.100770	191.573526	A#4	64	85	0	1
1216	191.100770	191.153655	F#4	64	82	0	2
1217	191.100770	191.179296	D#4	64	100	0	4
1218	191.485385	191.727372	G#4	64	102	0	4
1219	191.485385	191.735385	B3	64	92	1	-2
1220	191.485385	191.736988	E4	64	99	0	5
1221	191.485385	192.869999	E2	64	93	1	-1
1222	191.870000	194.514229	G#4	64	74	0	4
1223	191.870000	192.084744	B3	64	82	1	-2
1224	191.870000	192.107180	G#4	64	95	0	4
1225	191.870000	192.108782	E4	64	93	0	5
1226	191.870000	192.991794	B2	64	59	1	-4
1227	192.254615	192.408461	E4	64	102	0	5
1228	192.254615	192.434102	G#4	64	112	0	4
1229	192.254615	192.466154	B3	64	95	1	-2
1230	192.254615	192.954935	E3	64	96	1	-4
1231	192.639230	192.815512	E4	64	99	0	5
1232	192.639230	192.869999	G#4	64	117	0	4
1233	193.023845	193.257820	E4	64	96	0	5
1234	193.023845	193.261025	B3	64	95	1	-2
1235	193.023845	193.261025	G#4	64	102	0	4
1236	193.023845	194.052691	E2	64	89	1	-1
1237	193.408460	193.621601	B3	64	86	1	-2
1238	193.408460	193.632819	E4	64	93	0	5
1239	193.408460	193.634422	G#4	64	95	0	4
1240	193.408460	194.134421	B2	64	47	1	-4
1241	193.793075	194.100767	E4	64	122	0	5
1242	193.793075	194.156857	E3	64	92	1	-4
1243	193.793075	194.225767	G#4	64	122	0	4
1244	194.177690	194.289870	B3	64	96	1	-2
1245	194.562305	194.837946	G4	64	100	0	3
1246	194.562305	194.841151	B3	64	112	1	-2
1247	194.562305	194.844356	E4	64	112	0	5
1248	194.562305	195.919676	E2	64	97	1	-1
1249	194.946920	195.416471	E5	64	74	0	2
1250	194.946920	195.091151	G4	64	88	0	3
1251	194.946920	195.092754	E4	64	89	0	5
1252	194.946920	195.099164	B3	64	88	1	-2
1253	194.946920	195.993394	B2	64	49	1	-4
1254	195.331535	195.708138	D#5	64	68	0	1
1255	195.331535	195.525446	B3	64	95	1	-2
1256	195.331535	195.528651	E4	64	90	0	5
1257	195.331535	195.533458	G4	64	86	0	3
1258	195.331535	195.961343	E3	64	92	1	-4
1259	195.716150	196.203329	B4	64	63	0	2
1260	195.716150	195.978971	B3	64	86	1	-2
1261	195.716150	195.978971	G4	64	93	0	3
1262	195.716150	195.986984	E4	64	95	0	5
1263	196.100765	196.533457	E5	64	72	0	2
1264	196.100765	196.318714	B3	64	93	1	-2
1265	196.100765	196.326727	G4	64	100	0	3
1266	196.100765	196.331534	E4	64	102	0	5
1267	196.100765	196.858778	E3	64	102	1	-4
1268	196.100765	196.866790	B2	64	70	1	-4
1269	196.100765	196.876406	E2	64	77	1	-1
1270	196.485380	196.913265	D#5	64	74	0	1
1271	196.485380	196.837944	E4	64	127	0	5
1272	196.485380	196.845957	G4	64	117	0	3
1273	196.485380	196.855572	B3	64	112	1	-2
1274	196.869995	197.212944	E5	64	95	0	2
1275	196.869995	197.100764	A#3	64	95	1	-3
1276	196.869995	197.166470	C#4	64	100	0	2
1277	196.869995	197.187303	F#2	64	83	1	-4
1278	197.254610	202.110375	D#5	64	86	0	1
1279	197.639225	198.206533	B3	64	61	1	-2
1280	197.639225	198.227366	D#4	64	81	0	4
1281	197.639225	200.712940	B2	64	85	1	-4
1282	198.408455	199.033455	B3	64	60	1	-2
1283	198.408455	199.033455	D#4	64	70	0	4
1284	199.177685	199.716146	B3	64	67	1	-2
1285	199.177685	199.724159	D#4	64	85	0	4
1286	199.946915	200.357171	D#4	64	79	0	4
1287	199.946915	200.576723	B3	64	66	1	-2
1288	200.331530	200.623197	E4	64	74	0	5
1289	200.716145	201.344350	D#4	64	86	0	4
1290	200.716145	201.363581	B3	64	66	1	-2
1291	200.716145	203.429284	A#2	64	71	1	-5
1292	201.485375	202.111977	D#4	64	73	0	4
1293	201.485375	202.119990	B3	64	61	1	-2
1294	202.254605	202.833131	A#4	64	83	0	1
1295	202.254605	202.825118	D#4	64	75	0	4
1296	202.254605	202.845951	B3	64	62	1	-2
1297	203.023835	203.241784	B4	64	85	0	2
1298	203.023835	203.442104	D#4	64	76	0	4
1299	203.023835	203.663258	B3	64	62	1	-2
1300	203.408450	204.142424	B4	64	90	0	2
1301	203.408450	203.720950	E4	64	79	0	5
1302	203.793065	204.432488	D#4	64	73	0	4
1303	203.793065	204.450116	B3	64	63	1	-2
1304	203.793065	206.953319	E2	64	64	1	-1
1305	204.177680	206.717742	G#4	64	75	0	4
1306	204.562295	205.081526	D#4	64	76	0	4
1307	204.562295	205.091141	B3	64	63	1	-2
1308	205.331525	205.879602	D#4	64	74	0	4
1309	205.331525	205.895627	B3	64	60	1	-2
1310	206.100755	206.587934	D#4	64	75	0	4
1311	206.100755	206.764216	B3	64	63	1	-2
1312	206.485370	206.850755	E4	64	65	0	5
1313	206.869985	207.823510	F#4	64	73	0	2
1314	206.869985	207.839536	B3	64	45	1	-2
1315	206.869985	209.652034	F#2	64	52	1	-4
