//Version: PianoFingering_v170101
0	0.333333	1.517359	C#5	64	53	0	4
1	0.333333	1.944441	F#4	64	60	0	2
2	1.999997	2.640621	C#5	64	53	0	4
3	1.999997	3.286453	F4	64	64	0	1
4	3.666661	4.737840	D#4	64	50	0	4
5	3.666661	4.772562	A#4	64	57	0	1
6	3.666661	4.784715	C#5	64	58	0	4
7	5.333325	6.560753	A#4	64	48	0	1
8	5.333325	6.571170	C#4	64	49	0	2
9	6.999989	8.128459	B3	64	54	1	-2
10	8.666653	9.737832	A#3	64	62	1	-3
11	10.333317	10.951371	G#3	64	54	1	-5
12	10.333317	10.951371	D#4	64	58	0	4
13	10.333317	10.951371	F#4	64	57	0	2
14	10.333317	10.951371	B4	64	66	0	2
15	10.958316	11.576370	A#3	64	54	1	-3
16	11.583315	11.993036	B3	64	54	1	-2
17	11.999981	12.618035	C#4	64	54	0	2
18	11.999981	12.618035	G#4	64	45	0	4
19	13.666645	14.241297	C#5	64	55	0	4
20	13.666645	14.855879	F#4	64	49	0	2
21	14.291644	15.368031	A#4	64	48	0	1
22	14.499977	14.746504	C#5	64	66	0	4
23	15.333309	16.053794	C#5	64	59	0	4
24	15.333309	16.682265	F4	64	62	0	1
25	16.999973	17.472194	C#5	64	53	0	4
26	16.999973	18.265596	D#4	64	46	0	4
27	17.416639	18.317679	A#4	64	46	0	1
28	17.833305	18.145804	C#5	64	69	0	4
29	18.666637	19.881913	C#4	64	58	0	2
30	19.083303	19.416636	A#4	64	45	0	1
31	19.708302	19.887121	A#4	64	59	0	1
32	20.333301	21.546841	B3	64	66	1	-2
33	20.749967	21.522535	F#4	64	41	0	2
34	21.999965	23.215241	A#3	64	60	1	-3
35	23.666629	24.126698	F#4	64	72	0	2
36	23.666629	24.185725	D#4	64	63	0	4
37	23.666629	24.930516	G#3	64	58	1	-5
38	25.124960	25.303779	F#4	64	49	0	2
39	25.333293	26.732596	C#3	64	67	1	-2
40	25.749959	26.300305	C#4	64	58	0	2
41	25.958292	26.260375	F#4	64	91	0	2
42	26.583291	26.730860	C#4	64	53	0	2
43	26.999957	27.380165	G#4	64	62	0	4
44	26.999957	27.479123	F4	64	73	0	1
45	26.999957	27.833289	C#3	64	66	1	-2
46	27.416623	27.760372	C#4	64	36	0	2
47	27.833289	28.107594	F#4	64	61	0	2
48	27.833289	28.123219	D#4	64	72	0	4
49	27.833289	28.666621	D#3	64	66	1	-5
50	28.666621	29.239537	C#4	64	69	0	2
51	28.666621	29.383634	G#4	64	78	0	4
52	28.666621	29.428772	F3	64	54	1	-3
53	29.499953	29.689189	F4	64	51	0	1
54	29.499953	29.713494	C#4	64	59	0	2
55	29.499953	29.727383	F3	64	70	1	-3
56	29.499953	29.779466	G#4	64	62	0	4
57	30.333285	30.685715	A#4	64	69	0	1
58	30.333285	30.723909	C#4	64	64	0	2
59	30.333285	30.736062	F#4	64	63	0	2
60	30.333285	31.072867	F#2	64	70	1	-4
61	30.749951	31.303769	F#3	64	49	1	-2
62	30.958284	31.199603	C#5	64	64	0	4
63	31.166617	31.624949	F#5	64	81	0	4
64	31.166617	31.527727	C#4	64	75	0	2
65	31.583283	32.052032	G#5	64	86	0	1
66	31.583283	31.874949	A#4	64	69	0	1
67	31.999949	32.652726	F5	64	90	0	3
68	31.999949	32.427031	F4	64	82	0	1
69	31.999949	32.503420	G#4	64	75	0	4
70	31.999949	32.536406	C#4	64	63	0	2
71	31.999949	33.142308	F3	64	45	1	-3
72	32.416615	33.152725	A#3	64	61	1	-3
73	32.833281	33.253419	C#4	64	76	0	2
74	33.249947	33.453071	D#5	64	68	0	1
75	33.249947	33.534669	F4	64	69	0	1
76	33.458280	33.713488	F5	64	68	0	3
77	33.666613	34.302028	F#5	64	87	0	4
78	33.666613	34.083279	C#4	64	73	0	2
79	33.666613	34.098904	D#3	64	66	1	-5
80	33.666613	34.124945	F#4	64	80	0	2
81	34.083279	34.508625	A#3	64	59	1	-3
82	34.291612	34.935708	F5	64	87	0	3
83	34.499945	34.933972	F4	64	72	0	1
84	34.499945	34.935708	G#4	64	75	0	4
85	34.499945	34.937444	C#4	64	63	0	2
86	34.499945	35.043347	C#3	64	64	1	-2
87	34.916611	35.300291	A#4	64	66	0	1
88	34.916611	35.190916	A#3	64	66	1	-3
89	35.333277	35.668346	C#5	64	80	0	4
90	35.333277	35.880151	C#4	64	69	0	2
91	35.333277	35.994734	D#4	64	70	0	4
92	35.333277	36.065915	F#4	64	73	0	2
93	35.333277	36.600636	B2	64	63	1	-4
94	35.541610	36.475636	D#5	64	86	0	1
95	35.749943	36.659664	F#3	64	36	1	-2
96	36.166609	36.588483	B3	64	62	1	-2
97	36.583275	36.923552	F#5	64	92	0	4
98	36.583275	36.899247	C#4	64	76	0	2
99	36.791608	37.203065	D#5	64	87	0	1
100	36.999941	38.012092	C#5	64	66	0	4
101	36.999941	37.322857	F#4	64	73	0	2
102	36.999941	37.366260	B3	64	72	1	-2
103	36.999941	37.456537	D#4	64	75	0	4
104	36.999941	38.223897	G#2	64	69	1	-2
105	37.416607	37.980842	G#3	64	44	1	-5
106	37.833273	38.222161	B3	64	75	1	-2
107	37.833273	38.249939	F#4	64	76	0	2
108	37.833273	38.255147	D#4	64	76	0	4
109	38.249939	38.338480	C#5	64	82	0	4
110	38.249939	38.628410	G#3	64	66	1	-5
111	38.458272	38.583272	C#5	64	67	0	4
112	38.666605	39.265562	F5	64	93	0	3
113	38.666605	39.119729	F#4	64	75	0	2
114	38.666605	39.173548	D#4	64	80	0	4
115	38.666605	39.442645	B2	64	75	1	-4
116	39.083271	39.482576	B3	64	50	1	-2
117	39.291604	39.751673	C#5	64	87	0	4
118	39.291604	39.407923	D#4	64	35	0	4
119	39.499937	39.838478	C#4	64	78	0	2
120	39.499937	39.883617	G#4	64	75	0	4
121	39.499937	39.958269	F4	64	78	0	1
122	39.499937	40.024242	C#3	64	63	1	-2
123	39.916603	40.126672	C#5	64	87	0	4
124	39.916603	40.112783	C#4	64	49	0	2
125	40.333269	40.649241	B4	64	74	0	2
126	40.333269	40.704796	A#4	64	73	0	1
127	40.333269	40.732574	C#4	64	76	0	2
128	40.333269	40.814171	F#4	64	73	0	2
129	40.333269	41.656183	F#2	64	64	1	-4
130	40.749935	41.479100	A#4	64	65	0	1
131	40.749935	41.296809	F#3	64	42	1	-2
132	41.166601	41.558961	A#4	64	72	0	1
133	41.166601	41.586739	F#4	64	82	0	2
134	41.166601	41.597156	C#4	64	78	0	2
135	41.583267	41.814169	F#3	64	53	1	-2
136	41.999933	42.331529	F#3	64	55	1	-2
137	41.999933	42.383613	A#3	64	60	1	-3
138	41.999933	42.385349	C#4	64	66	0	2
139	41.999933	42.421807	F#4	64	63	0	2
140	41.999933	43.220417	F#2	64	58	1	-4
141	42.416599	43.197848	F#3	64	44	1	-2
142	42.833265	43.078056	C#4	64	67	0	2
143	42.833265	43.196111	G#4	64	69	0	4
144	43.249931	43.447847	A#4	64	80	0	1
145	43.249931	43.513819	C#4	64	48	0	2
146	43.249931	43.598889	A#4	64	67	0	1
147	43.458264	43.716944	C#5	64	72	0	4
148	43.664861	44.512082	D#4	64	72	0	4
149	43.664861	44.593679	B4	64	76	0	2
150	43.664861	45.055483	B2	64	73	1	-4
151	43.666597	44.269026	D#5	64	96	0	1
152	44.083263	45.166594	F#3	64	60	1	-2
153	44.291596	44.569373	F#5	64	69	0	4
154	44.499929	44.951317	G#5	64	72	0	1
155	44.499929	45.131872	B3	64	67	1	-2
156	44.916595	45.315900	F#5	64	87	0	4
157	44.916595	45.288122	F#4	64	67	0	2
158	45.333261	45.734302	D#5	64	67	0	1
159	45.333261	45.760343	C#4	64	69	0	2
160	45.333261	45.781177	G#4	64	70	0	4
161	45.333261	45.789857	F4	64	72	0	1
162	45.333261	46.623189	B2	64	69	1	-4
163	45.749927	46.213468	A#5	64	95	0	3
164	45.749927	46.621453	B3	64	45	1	-2
165	46.166593	46.588467	G#5	64	97	0	1
166	46.166593	46.503398	C#5	64	67	0	4
167	46.583259	46.946105	F#5	64	97	0	4
168	46.583259	46.949578	G#4	64	72	0	4
169	46.999925	47.394021	C#4	64	72	0	2
170	46.999925	47.397494	A#2	64	72	1	-5
171	46.999925	47.697840	F4	64	101	0	1
172	47.416591	47.803743	C#5	64	87	0	4
173	47.416591	47.880132	A#3	64	60	1	-3
174	47.833257	48.258603	A#5	64	98	0	3
175	47.833257	48.275964	C#4	64	61	0	2
176	48.249923	48.727353	G#5	64	96	0	1
177	48.249923	48.307214	C4	64	42	0	1
178	48.249923	48.354089	F4	64	75	0	1
179	48.666589	49.786379	F#5	64	105	0	4
180	48.666589	48.942630	C#4	64	67	0	2
181	48.666589	49.121449	F#4	64	64	0	2
182	48.666589	49.940892	D#3	64	72	1	-5
183	49.083255	49.451310	G#4	64	67	0	4
184	49.083255	49.939156	A#3	64	59	1	-3
185	49.499921	49.845406	D#4	64	60	0	4
186	49.499921	50.039850	F#4	64	60	0	2
187	49.499921	50.227350	A#4	64	64	0	1
188	50.331517	50.933946	D#4	64	64	0	4
189	50.331517	51.203043	B4	64	73	0	2
190	50.331517	51.590195	B2	64	73	1	-4
191	50.333253	52.258597	D#5	64	108	0	1
192	50.749919	51.581515	F#3	64	60	1	-2
193	51.166585	51.607556	B3	64	63	1	-2
194	51.583251	51.947834	F#4	64	76	0	2
195	51.999917	52.607555	F5	64	93	0	3
196	51.999917	52.477347	C#4	64	73	0	2
197	51.999917	52.550263	C#3	64	67	1	-2
198	51.999917	52.821096	F4	64	75	0	1
199	51.999917	52.847138	G#4	64	73	0	4
200	52.416583	52.937415	G#3	64	62	1	-5
201	52.624916	53.295054	C#5	64	82	0	4
202	52.833249	53.275956	F3	64	85	1	-3
203	53.249915	53.659636	F5	64	95	0	3
204	53.249915	53.572831	C#4	64	62	0	2
205	53.666581	55.058940	F#5	64	93	0	4
206	53.666581	54.032900	C#4	64	69	0	2
207	53.666581	54.053733	F#4	64	63	0	2
208	53.666581	54.366232	A#4	64	69	0	1
209	53.666581	54.444357	F#2	64	75	1	-4
210	54.083247	54.501649	C#3	64	53	1	-2
211	54.499913	54.713454	B4	64	70	0	2
212	54.499913	54.744704	F#4	64	66	0	2
213	54.499913	54.961718	F#3	64	46	1	-2
214	54.916579	55.074565	C#5	64	63	0	4
215	54.916579	56.553729	G#3	64	49	1	-5
216	55.333245	55.824563	C#4	64	55	0	2
217	55.333245	55.845397	F#4	64	56	0	2
218	55.333245	55.899216	A#4	64	54	0	1
219	55.333245	56.421785	A#3	64	53	1	-3
220	56.166577	56.426993	G#4	64	80	0	4
221	56.374910	56.650951	A#4	64	57	0	1
222	56.583243	56.722131	B4	64	56	0	2
223	56.999909	57.645741	F#4	64	64	0	2
224	56.999909	57.654422	C#4	64	58	0	2
225	56.999909	57.654422	A#4	64	63	0	1
226	56.999909	58.135324	F#2	64	54	1	-4
227	56.999909	58.223865	F#3	64	52	1	-2
228	57.624908	57.866227	C#5	64	64	0	4
229	57.833241	58.291573	F#5	64	81	0	4
230	57.833241	58.352337	C#4	64	60	0	2
231	57.833241	58.392268	F#4	64	67	0	2
232	57.833241	58.413101	A#4	64	64	0	1
233	58.249907	58.718656	G#5	64	86	0	1
234	58.666573	59.319350	F5	64	90	0	3
235	58.666573	59.334975	G#4	64	63	0	4
236	58.666573	59.338447	C#4	64	59	0	2
237	58.666573	59.359280	F4	64	69	0	1
238	58.666573	59.729071	F3	64	64	1	-3
239	59.499905	59.742960	C#4	64	63	0	2
240	59.499905	59.779418	F4	64	69	0	1
241	59.499905	59.779418	G#4	64	67	0	4
242	59.916571	60.119695	D#5	64	68	0	1
243	60.124904	60.380112	F5	64	68	0	3
244	60.333237	60.968652	F#5	64	87	0	4
245	60.333237	60.687403	D#3	64	67	1	-5
246	60.333237	60.697820	A#4	64	63	0	1
247	60.333237	60.718653	F#4	64	69	0	2
248	60.333237	60.722125	C#4	64	61	0	2
249	60.958236	61.602332	F5	64	87	0	3
250	61.166569	61.487749	F4	64	69	0	1
251	61.166569	61.499902	C#4	64	58	0	2
252	61.166569	61.501638	C#3	64	69	1	-2
253	61.166569	61.531152	G#4	64	64	0	4
254	61.583235	61.965179	A#4	64	66	0	1
255	61.999901	62.334970	C#5	64	80	0	4
256	61.999901	62.423511	F#4	64	58	0	2
257	61.999901	62.788094	D#4	64	62	0	4
258	61.999901	62.841913	A#4	64	59	0	1
259	61.999901	63.260315	B2	64	70	1	-4
260	62.208234	63.142260	D#5	64	86	0	1
261	62.416567	63.274204	F#3	64	43	1	-2
262	62.833233	63.268996	B3	64	58	1	-2
263	63.249899	63.590176	F#5	64	92	0	4
264	63.249899	63.446079	C#4	64	49	0	2
265	63.249899	63.676981	F#4	64	61	0	2
266	63.458232	63.869689	D#5	64	87	0	1
267	63.666565	64.678716	C#5	64	66	0	4
268	63.666565	64.053717	G#2	64	70	1	-2
269	63.666565	64.159620	B3	64	59	1	-2
270	63.666565	64.388786	D#4	64	60	0	4
271	63.666565	64.531147	G#4	64	60	0	4
272	64.083231	64.595383	G#3	64	60	1	-5
273	64.499897	65.008577	B3	64	67	1	-2
274	64.916563	65.005104	C#5	64	82	0	4
275	64.916563	65.018993	C#4	64	72	0	2
276	65.124896	65.249896	C#5	64	67	0	4
277	65.333229	65.720381	F5	64	93	0	3
278	65.333229	65.812395	C#4	64	64	0	2
279	65.333229	65.826284	F4	64	73	0	1
280	65.333229	65.867950	G#4	64	66	0	4
281	65.333229	66.536352	C#3	64	67	1	-2
282	65.749895	66.104061	C#5	64	87	0	4
283	65.749895	66.578018	G#3	64	63	1	-5
284	66.166561	66.376630	C#5	64	87	0	4
285	66.166561	66.367949	C#4	64	52	0	2
286	66.166561	66.593643	F#4	64	67	0	2
287	66.166561	66.605796	D#4	64	62	0	4
288	66.583227	66.899199	B4	64	74	0	2
289	66.583227	66.676977	G#4	64	63	0	4
290	66.583227	66.737740	C#4	64	52	0	2
291	66.999893	67.729058	A#4	64	65	0	1
292	66.999893	67.444337	C#4	64	62	0	2
293	66.999893	67.458225	A#4	64	73	0	1
294	66.999893	67.499892	F#4	64	69	0	2
295	66.999893	68.090169	F#3	64	55	1	-2
296	67.833225	68.154405	A#4	64	64	0	1
297	67.833225	68.176974	F#4	64	67	0	2
298	67.833225	68.187391	C#4	64	63	0	2
299	68.249891	68.359266	F#3	64	61	1	-2
300	68.666557	69.130098	C#4	64	63	0	2
301	68.666557	69.256834	E4	64	67	0	5
302	68.666557	69.260306	F#4	64	64	0	2
303	68.666557	69.277667	A#4	64	63	0	1
304	68.666557	69.755097	F#3	64	63	1	-2
305	69.499889	69.878360	C#4	64	66	0	2
306	69.499889	69.878360	A#4	64	66	0	1
307	69.499889	69.892249	E4	64	69	0	5
308	69.499889	69.900930	F#4	64	72	0	2
309	69.916555	70.100582	A#4	64	83	0	1
310	69.916555	70.074541	F#3	64	61	1	-2
311	70.124888	70.270721	C#5	64	90	0	4
312	70.333221	71.178706	D#5	64	93	0	1
313	70.333221	70.730790	F#4	64	60	0	2
314	70.333221	70.767248	D#4	64	64	0	4
315	70.333221	70.772456	A#4	64	60	0	1
316	70.333221	71.718635	B2	64	63	1	-4
317	70.749887	71.242942	F#3	64	52	1	-2
318	71.166553	72.756828	F#5	64	87	0	4
319	71.166553	71.571066	C#4	64	55	0	2
320	71.166553	71.600580	D#4	64	62	0	4
321	71.166553	71.610997	A#4	64	50	0	1
322	71.166553	71.612733	F#4	64	61	0	2
323	71.166553	71.654399	B3	64	53	1	-2
324	71.583219	72.036343	F#3	64	55	1	-2
325	71.998149	72.578009	G#4	64	69	0	4
326	71.998149	72.671759	D4	64	75	0	3
327	71.998149	72.671759	F#4	64	75	0	2
328	71.998149	73.036341	B3	64	51	1	-2
329	71.998149	73.383563	B2	64	63	1	-4
330	72.833217	73.234258	G#5	64	98	0	1
331	72.833217	73.225577	D4	64	72	0	3
332	72.833217	73.248147	G#4	64	70	0	4
333	72.833217	73.260299	F#4	64	72	0	2
334	73.248147	73.367938	B3	64	54	1	-2
335	73.249883	73.479049	F#5	64	93	0	4
336	73.458216	73.725576	G#5	64	90	0	1
337	73.666549	75.187380	A#5	64	106	0	3
338	73.666549	74.248145	A#4	64	69	0	1
339	73.666549	74.291548	F4	64	82	0	1
340	73.666549	74.295020	C#4	64	69	0	2
341	73.666549	74.812380	A#3	64	62	1	-3
342	73.666549	74.895713	A#2	64	67	1	-5
343	74.499881	74.874880	F4	64	69	0	1
344	74.499881	74.897450	C#4	64	57	0	2
345	74.499881	74.911338	A#4	64	70	0	1
346	74.916547	75.347102	G#5	64	106	0	1
347	75.333213	76.230781	F#5	64	111	0	4
348	75.333213	75.826268	A#4	64	72	0	1
349	75.333213	75.871406	C#4	64	70	0	2
350	75.333213	75.897448	F#4	64	72	0	2
351	75.333213	76.492933	D#3	64	70	1	-5
352	75.749879	76.458211	A#3	64	44	1	-3
353	76.166545	76.517239	C#4	64	67	0	2
354	76.166545	76.548489	G#4	64	70	0	4
355	76.583211	76.819322	C#5	64	96	0	4
356	76.583211	76.671752	C#4	64	48	0	2
357	76.583211	76.954738	A#4	64	72	0	1
358	76.791544	76.985988	D#5	64	91	0	1
359	76.999877	77.461682	F#5	64	108	0	4
360	76.999877	77.522445	B3	64	69	1	-2
361	76.999877	77.536334	D#4	64	72	0	4
362	76.999877	77.562376	G#4	64	67	0	4
363	76.999877	78.001611	G#3	64	66	1	-5
364	76.999877	78.333208	G#2	64	67	1	-2
365	77.624876	78.767235	D#5	64	106	0	1
366	77.833209	78.333208	B3	64	70	1	-2
367	77.833209	78.340152	D#4	64	72	0	4
368	77.833209	78.364458	G#4	64	72	0	4
369	78.249875	78.399180	G#3	64	57	1	-5
370	78.666541	79.343623	C4	64	75	0	1
371	78.666541	79.350567	D#4	64	76	0	4
372	78.666541	79.376609	G#4	64	66	0	4
373	78.666541	79.777650	G#2	64	66	1	-2
374	78.666541	79.788067	G#3	64	60	1	-5
375	79.291540	79.734247	C#5	64	127	0	4
376	79.499873	79.975566	C4	64	82	0	1
377	79.499873	80.001608	D#4	64	82	0	4
378	79.499873	80.170011	G#4	64	80	0	4
379	79.708206	79.930428	D#5	64	75	0	1
380	79.916539	80.145705	F#5	64	86	0	4
381	79.916539	80.032858	G#2	64	63	1	-2
382	80.124872	80.341885	D#5	64	85	0	1
383	80.333205	82.843617	G#5	64	90	0	1
384	80.333205	80.822787	D#4	64	80	0	4
385	80.333205	80.893968	G#4	64	72	0	4
386	80.333205	80.911329	C#4	64	72	0	2
387	80.333205	81.661328	C#2	64	76	1	-4
388	80.749871	81.293273	C#3	64	48	1	-2
389	81.166537	81.564106	C#4	64	69	0	2
390	81.166537	81.581467	D#4	64	78	0	4
391	81.166537	81.588411	G#4	64	72	0	4
392	81.581467	81.701258	C#3	64	57	1	-2
393	81.999869	82.119660	G#4	64	44	0	4
394	81.999869	82.296743	C#4	64	76	0	2
395	81.999869	82.327993	C#2	64	75	1	-4
396	81.999869	82.334938	C#3	64	82	1	-2
397	81.999869	82.348827	F4	64	80	0	1
398	82.416535	82.744659	D#4	64	73	0	4
399	82.416535	82.748131	F#4	64	76	0	2
400	82.416535	82.862715	D#2	64	63	1	-2
401	82.833201	83.277645	A#4	64	98	0	1
402	82.833201	82.920006	C#4	64	66	0	2
403	82.833201	82.937367	G#4	64	72	0	4
404	82.833201	82.982506	F2	64	93	1	-5
405	83.249867	83.682158	B4	64	103	0	2
406	83.249867	83.338408	F3	64	75	1	-3
407	83.249867	83.341881	F2	64	72	1	-5
408	83.249867	83.341881	F4	64	69	0	1
409	83.249867	83.357506	C#4	64	64	0	2
410	83.249867	83.539797	B4	64	78	0	2
411	83.666533	84.857503	C#5	64	100	0	4
412	83.666533	84.003338	F#2	64	64	1	-4
413	83.666533	84.565837	A#4	64	73	0	1
414	83.666533	84.572781	C#4	64	64	0	2
415	83.666533	84.584934	F#4	64	70	0	2
416	83.874866	84.097088	C#3	64	62	1	-2
417	84.083199	84.376601	F#3	64	60	1	-2
418	84.291532	84.647434	G#3	64	55	1	-5
419	84.499865	84.637017	A#3	64	73	1	-3
420	84.708198	84.859239	C#4	64	80	0	2
421	84.916531	85.091878	F#4	64	75	0	2
422	85.124864	85.400905	A#5	64	93	0	3
423	85.124864	85.418266	A#4	64	57	0	1
424	85.333197	85.763752	G#5	64	92	0	1
425	85.333197	85.593613	C#4	64	76	0	2
426	85.333197	85.654377	G#4	64	85	0	4
427	85.333197	86.548473	F3	64	93	1	-3
428	85.541530	86.159584	A#3	64	61	1	-3
429	85.749863	86.168265	F#5	64	98	0	4
430	85.749863	86.022432	C#4	64	67	0	2
431	85.958196	86.095348	F4	64	64	0	1
432	86.166529	86.466876	A#4	64	92	0	1
433	86.166529	86.196043	F4	64	46	0	1
434	86.166529	86.397431	C#4	64	82	0	2
435	86.166529	86.638750	C#5	64	75	0	4
436	86.374862	87.017222	C#5	64	87	0	4
437	86.374862	86.529375	A#3	64	63	1	-3
438	86.583195	86.762014	C#4	64	64	0	2
439	86.791528	86.987708	G#4	64	64	0	4
440	86.999861	88.223817	D#5	64	97	0	1
441	86.999861	87.265485	C#4	64	80	0	2
442	86.999861	87.270694	F#4	64	78	0	2
443	86.999861	88.175206	D#3	64	72	1	-5
444	87.208194	87.899165	A#3	64	57	1	-3
445	87.416527	87.621388	C#4	64	64	0	2
446	87.624860	87.786318	F#4	64	75	0	2
447	87.833193	88.109234	G#4	64	88	0	4
448	88.041526	88.173470	A#3	64	70	1	-3
449	88.041526	88.275900	A#4	64	49	0	1
450	88.249859	88.477289	C#4	64	76	0	2
451	88.458192	88.676941	A#5	64	101	0	3
452	88.458192	88.496386	A#4	64	35	0	1
453	88.458192	88.609233	F#4	64	49	0	2
454	88.666525	89.289788	G#5	64	96	0	1
455	88.666525	88.949510	C#4	64	85	0	2
456	88.666525	89.025899	G#4	64	80	0	4
457	88.666525	89.036316	E4	64	85	0	5
458	88.666525	89.152635	C#3	64	78	1	-2
459	88.874858	89.142218	G#3	64	75	1	-5
460	89.083191	89.289788	C#4	64	70	0	2
461	89.289788	89.421732	E4	64	70	0	5
462	89.289788	89.430412	G#4	64	62	0	4
463	89.291524	90.159578	F#5	64	99	0	4
464	89.499857	89.885273	C#4	64	75	0	2
465	89.499857	89.888745	A#4	64	73	0	1
466	89.499857	89.973814	F#2	64	75	1	-4
467	89.499857	89.998120	F#4	64	73	0	2
468	89.708190	90.018953	C#3	64	70	1	-2
469	89.916523	90.253328	F#3	64	72	1	-2
470	90.124856	90.229022	C#4	64	63	0	2
471	90.333189	90.697772	D#4	64	85	0	4
472	90.333189	90.826244	B4	64	73	0	2
473	90.333189	90.829716	F#4	64	75	0	2
474	90.333189	91.817561	B2	64	80	1	-4
475	90.541522	91.829714	F#3	64	66	1	-2
476	90.749855	90.930410	C#5	64	77	0	4
477	90.749855	91.374854	B3	64	70	1	-2
478	90.958188	91.074507	G#5	64	84	0	1
479	90.958188	91.093604	B4	64	40	0	2
480	90.958188	91.274160	C#4	64	73	0	2
481	91.166521	91.538048	G#5	64	92	0	1
482	91.374854	91.447770	B4	64	63	0	2
483	91.374854	91.623117	C#4	64	78	0	2
484	91.374854	91.647423	F#4	64	85	0	2
485	91.583187	91.939089	C#5	64	85	0	4
486	91.583187	91.803673	B3	64	63	1	-2
487	91.791520	91.907839	C#4	64	47	0	2
488	91.998117	92.239436	G#4	64	64	0	4
489	91.998117	92.279366	C#4	64	88	0	2
490	91.998117	92.583185	F4	64	97	0	1
491	91.998117	92.671727	C#3	64	75	1	-2
492	91.999853	92.541519	G#5	64	96	0	1
493	92.208186	92.562352	G#3	64	61	1	-5
494	92.416519	92.487699	D#4	64	30	0	4
495	92.624852	93.253323	A#5	64	100	0	3
496	92.624852	92.826240	C#4	64	78	0	2
497	92.624852	93.133532	F#4	64	85	0	2
498	92.624852	93.138740	D#4	64	59	0	4
499	92.624852	93.189087	D#3	64	78	1	-5
500	93.249851	93.696031	C#6	64	84	0	1
501	93.249851	93.294990	D#4	64	47	0	4
502	93.249851	93.355753	F4	64	76	0	1
503	93.249851	93.374851	F3	64	78	1	-3
504	93.249851	93.381795	G#4	64	78	0	4
505	93.249851	93.385267	C#4	64	76	0	2
506	93.666517	94.991167	A#5	64	97	0	3
507	93.666517	94.112697	C#4	64	64	0	2
508	93.666517	94.145683	A#4	64	73	0	1
509	93.666517	94.218599	F#4	64	76	0	2
510	93.666517	96.583179	F#2	64	72	1	-4
511	94.083183	96.069291	C#3	64	56	1	-2
512	94.291516	95.131792	F#3	64	73	1	-2
513	94.499849	94.638737	C#4	64	64	0	2
514	94.708182	94.854015	F#4	64	72	0	2
515	94.916515	95.077973	G#4	64	75	0	4
516	95.124848	95.173459	C#4	64	40	0	2
517	95.124848	95.286306	A#4	64	69	0	1
518	95.333181	95.468597	C#4	64	70	0	2
519	95.333181	95.479014	F#4	64	76	0	2
520	95.333181	95.591861	B4	64	69	0	2
521	95.333181	95.918249	F#3	64	69	1	-2
522	95.749847	95.850541	C#4	64	60	0	2
523	95.749847	95.899152	A#4	64	75	0	1
524	95.958180	96.156096	G#4	64	99	0	4
525	95.958180	96.218596	C#4	64	85	0	2
526	96.166513	96.621373	A#5	64	99	0	3
527	96.166513	96.395679	F#3	64	72	1	-2
528	96.166513	96.458179	C#3	64	33	1	-2
529	96.374846	96.590123	C#4	64	91	0	2
530	96.374846	96.635262	F#4	64	101	0	2
531	96.583179	97.015470	G#5	64	95	0	1
532	96.583179	96.848803	F#3	64	82	1	-2
533	96.791512	96.883526	D#4	64	63	0	4
534	96.999845	97.418247	D#5	64	90	0	1
535	96.999845	97.428664	F#4	64	93	0	2
536	96.999845	97.590122	D#4	64	88	0	4
537	96.999845	97.610955	A#4	64	80	0	1
538	96.999845	98.321023	B2	64	76	1	-4
539	97.416511	97.855746	A#5	64	98	0	3
540	97.416511	98.357482	F#3	64	56	1	-2
541	97.624844	98.076232	B3	64	76	1	-2
542	97.833177	98.248107	G#5	64	90	0	1
543	97.833177	98.072760	A#4	64	63	0	1
544	97.833177	98.098801	C#4	64	88	0	2
545	98.041510	98.189079	D#4	64	76	0	4
546	98.249843	98.692550	F#5	64	90	0	4
547	98.249843	98.371370	F#4	64	76	0	2
548	98.249843	98.393940	B3	64	64	1	-2
549	98.666509	99.232480	G#5	64	95	0	1
550	98.666509	98.958175	C#4	64	76	0	2
551	98.666509	99.039772	F4	64	80	0	1
552	98.666509	99.873104	C#3	64	66	1	-2
553	98.874842	99.322758	G#3	64	50	1	-5
554	99.083175	99.232480	F#4	64	62	0	2
555	99.083175	99.258522	D#4	64	64	0	4
556	99.291508	99.928660	D#5	64	87	0	1
557	99.291508	99.716854	C#4	64	78	0	2
558	99.291508	99.730743	G#4	64	76	0	4
559	99.708174	99.847062	G#3	64	73	1	-5
560	99.916507	100.161298	C#4	64	64	0	2
561	100.124840	100.770672	G#4	64	69	0	4
562	100.333173	100.774144	F4	64	76	0	1
563	100.333173	100.786297	C#4	64	80	0	2
564	100.333173	101.555393	A#2	64	69	1	-5
565	100.749839	101.069283	C#5	64	77	0	4
566	100.749839	101.267199	A#3	64	50	1	-3
567	100.958172	101.123102	C#4	64	67	0	2
568	101.166505	101.571018	A#5	64	87	0	3
569	101.166505	101.232477	C#4	64	35	0	2
570	101.166505	101.419977	F#4	64	64	0	2
571	101.374838	101.663032	G#4	64	60	0	4
572	101.583171	101.690810	G#5	64	64	0	1
573	101.583171	101.831434	A#4	64	66	0	1
574	101.791504	102.249836	G#5	64	87	0	1
575	101.791504	102.255045	C#5	64	69	0	4
576	101.999837	102.277614	C#4	64	66	0	2
577	101.999837	102.298447	F#4	64	66	0	2
578	101.999837	102.326225	A#4	64	72	0	1
579	101.999837	103.246363	D#3	64	69	1	-5
580	102.208170	103.196015	F#5	64	81	0	4
581	102.208170	102.696016	A#3	64	63	1	-3
582	102.416503	102.532822	C#4	64	57	0	2
583	102.624836	103.005044	C#4	64	78	0	2
584	102.624836	103.018932	F#4	64	91	0	2
585	103.041502	103.182127	A#3	64	73	1	-3
586	103.249835	103.480737	C#5	64	87	0	4
587	103.249835	103.345321	F#4	64	78	0	2
588	103.249835	103.347057	C#4	64	73	0	2
589	103.458168	103.656084	D#5	64	79	0	1
590	103.666501	104.107472	F#5	64	101	0	4
591	103.666501	103.774140	A#3	64	57	1	-3
592	103.666501	103.840112	E4	64	64	0	5
593	103.666501	104.192542	B3	64	54	1	-2
594	103.666501	104.197750	F#4	64	63	0	2
595	103.666501	105.643928	G#2	64	69	1	-2
596	104.083167	104.609208	G#3	64	47	1	-5
597	104.291500	104.388722	F#5	64	93	0	4
598	104.499833	104.777610	F#5	64	96	0	4
599	104.499833	104.992888	B3	64	88	1	-2
600	104.499833	104.999832	F#4	64	75	0	2
601	104.916499	105.211637	G#5	64	90	0	1
602	104.916499	105.067540	G#3	64	52	1	-5
603	105.124832	105.673442	A#5	64	90	0	3
604	105.333165	105.631775	F#3	64	55	1	-2
605	105.333165	105.643928	B3	64	69	1	-2
606	105.333165	105.647400	D#4	64	63	0	4
607	105.749831	106.010247	G#5	64	84	0	1
608	106.166497	106.470316	G#5	64	91	0	1
609	106.166497	106.645663	B3	64	91	1	-2
610	106.166497	106.652607	F#3	64	91	1	-2
611	106.166497	106.657815	D#4	64	80	0	4
612	106.583163	106.857468	F#5	64	90	0	4
613	106.583163	106.690802	B2	64	66	1	-4
614	106.583163	106.734204	A#2	64	46	1	-5
615	106.791496	106.914759	C#4	64	56	0	2
616	106.999829	107.534550	C#6	64	93	0	1
617	106.999829	107.329689	C#3	64	82	1	-2
618	106.999829	107.407814	F#3	64	78	1	-2
619	106.999829	107.421703	D#4	64	75	0	4
620	106.999829	107.426911	B3	64	75	1	-2
621	106.999829	108.303646	C#2	64	72	1	-4
622	107.624828	108.966840	G#5	64	83	0	1
623	107.624828	107.956424	C#3	64	45	1	-2
624	107.833161	108.187327	F#3	64	88	1	-2
625	107.833161	108.199480	B3	64	82	1	-2
626	107.833161	108.300174	D#4	64	73	0	4
627	108.249827	108.353993	C#3	64	70	1	-2
628	108.666493	108.928645	C#3	64	75	1	-2
629	108.666493	108.970312	G#3	64	70	1	-5
630	108.666493	108.985937	C#4	64	78	0	2
631	108.666493	109.053645	F4	64	72	0	1
632	108.666493	109.791491	C#2	64	70	1	-4
633	109.083159	109.739408	C#3	64	47	1	-2
634	109.499825	109.975518	A#4	64	93	0	1
635	109.499825	109.704686	C#4	64	73	0	2
636	109.499825	109.899130	F#4	64	88	0	2
637	109.916491	110.378296	B4	64	93	0	2
638	109.916491	110.024130	G#4	64	58	0	4
639	109.916491	110.031074	C#4	64	62	0	2
640	110.333157	111.175169	C#5	64	96	0	4
641	110.333157	110.696003	C#4	64	56	0	2
642	110.333157	110.727253	A#4	64	72	0	1
643	110.333157	110.735934	F#4	64	64	0	2
644	110.333157	111.645655	F#2	64	73	1	-4
645	110.749823	110.906073	C#4	64	57	0	2
646	110.749823	111.249822	F#3	64	48	1	-2
647	110.958156	111.058850	F#4	64	64	0	2
648	111.166489	111.367877	C#4	64	85	0	2
649	111.166489	111.400863	G#4	64	93	0	4
650	111.374822	111.595308	F#3	64	57	1	-2
651	111.583155	111.697738	C#4	64	70	0	2
652	111.583155	111.899127	A#4	64	97	0	1
653	111.791488	112.046696	A#5	64	93	0	3
654	111.791488	111.899127	C#5	64	63	0	4
655	111.999821	112.428640	G#5	64	92	0	1
656	111.999821	112.341834	C#4	64	91	0	2
657	111.999821	112.362667	F4	64	73	0	1
658	111.999821	112.388709	G#4	64	85	0	4
659	111.999821	113.091833	F2	64	67	1	-5
660	112.416487	112.673431	F#5	64	93	0	4
661	112.416487	112.926903	F3	64	70	1	-3
662	112.833153	113.251555	A#4	64	91	0	1
663	112.833153	113.071000	C#4	64	82	0	2
664	112.833153	113.135236	F4	64	93	0	1
665	112.833153	113.142180	G#4	64	88	0	4
666	113.041486	113.668221	C#5	64	98	0	4
667	113.041486	113.168222	F3	64	91	1	-3
668	113.249819	113.452943	C#4	64	82	0	2
669	113.458152	113.616138	C#5	64	63	0	4
670	113.666485	114.369609	D#5	64	105	0	1
671	113.666485	114.123081	C#5	64	56	0	4
672	113.666485	114.133498	F#4	64	91	0	2
673	113.666485	114.140442	C#4	64	85	0	2
674	113.666485	114.945997	D#3	64	72	1	-5
675	114.083151	114.873080	A#3	64	62	1	-3
676	114.291484	114.487664	C#4	64	76	0	2
677	114.499817	114.610928	C#4	64	39	0	2
678	114.499817	114.728983	F4	64	99	0	1
679	114.708150	114.987663	F#4	64	70	0	2
680	114.916483	115.135232	G#4	64	76	0	4
681	115.124816	115.400857	A#5	64	74	0	3
682	115.124816	115.274121	A#4	64	70	0	1
683	115.333149	115.975509	G#5	64	91	0	1
684	115.333149	115.775856	G#4	64	82	0	4
685	115.333149	115.826204	E4	64	91	0	5
686	115.333149	115.937314	C#4	64	82	0	2
687	115.333149	116.590091	C#3	64	73	1	-2
688	115.958148	116.845299	F#5	64	91	0	4
689	115.958148	116.300161	G#3	64	49	1	-5
690	116.166481	116.393911	C#4	64	75	0	2
691	116.166481	116.452939	G#4	64	76	0	4
692	116.166481	116.496341	E4	64	82	0	5
693	116.374814	116.551897	G#3	64	72	1	-5
694	116.583147	116.840091	C#4	64	69	0	2
695	116.791480	116.928632	F#4	64	61	0	2
696	116.999813	117.445993	C#4	64	85	0	2
697	116.999813	117.456409	F#4	64	78	0	2
698	116.999813	117.505020	D#4	64	91	0	4
699	116.999813	118.473769	B2	64	72	1	-4
700	117.416479	117.567520	C#5	64	72	0	4
701	117.416479	118.605713	F#3	64	54	1	-2
702	117.624812	117.730714	G#5	64	79	0	1
703	117.624812	118.227241	B3	64	80	1	-2
704	117.833145	118.128283	G#5	64	94	0	1
705	117.833145	118.135228	C#4	64	85	0	2
706	118.041478	118.195991	D#4	64	88	0	4
707	118.249811	118.520644	A#5	64	96	0	3
708	118.249811	118.459880	F#4	64	80	0	2
709	118.458144	118.612657	G#4	64	73	0	4
710	118.664741	119.006754	C#4	64	82	0	2
711	118.664741	119.093559	F4	64	93	0	1
712	118.664741	119.305365	C#3	64	82	1	-2
713	118.666477	119.083143	C#6	64	90	0	1
714	119.291476	119.770642	A#5	64	93	0	3
715	119.291476	119.331406	F4	64	53	0	1
716	119.291476	119.473767	C#4	64	69	0	2
717	119.291476	119.838350	D#4	64	64	0	4
718	119.291476	119.911266	D#3	64	64	1	-5
719	119.291476	119.954669	F#4	64	76	0	2
720	119.916475	120.222030	G#5	64	98	0	1
721	119.916475	119.952933	F4	64	46	0	1
722	119.916475	120.011961	G#4	64	53	0	4
723	119.916475	120.015433	C#4	64	75	0	2
724	119.916475	120.067516	F3	64	70	1	-3
725	120.333141	122.287999	A#5	64	103	0	3
726	120.333141	120.654321	F#2	64	76	1	-4
727	120.333141	121.124806	C#4	64	73	0	2
728	120.333141	121.161264	F#4	64	76	0	2
729	120.333141	121.161264	A#4	64	75	0	1
730	120.541474	120.725501	C#3	64	72	1	-2
731	120.749807	121.024112	F#3	64	59	1	-2
732	120.958140	121.333139	G#3	64	57	1	-5
733	121.166473	121.260223	B3	64	67	1	-2
734	121.166473	121.274112	A#3	64	48	1	-3
735	121.374806	121.505014	C#4	64	78	0	2
736	121.583139	121.718555	F#4	64	78	0	2
737	121.791472	121.923416	G#4	64	76	0	4
738	121.999805	122.249804	C#4	64	75	0	2
739	121.999805	122.324457	A#4	64	78	0	1
740	121.999805	122.329665	F#4	64	80	0	2
741	121.999805	122.452929	F#2	64	73	1	-4
742	122.416471	122.527582	F#3	64	67	1	-2
743	122.833137	123.263692	A#5	64	101	0	3
744	122.833137	123.100497	F#3	64	80	1	-2
745	122.833137	123.126539	F#4	64	76	0	2
746	122.833137	123.130011	C#4	64	76	0	2
747	122.833137	123.152581	F#2	64	70	1	-4
748	122.833137	123.169942	A#4	64	72	0	1
749	122.833137	123.176886	E4	64	95	0	5
750	123.249803	123.652580	G#5	64	93	0	1
751	123.249803	123.362650	A#4	64	61	0	1
752	123.249803	123.367858	A#2	64	69	1	-5
753	123.249803	123.406053	C#4	64	73	0	2
754	123.249803	123.416469	F#4	64	78	0	2
755	123.666469	124.048413	D#5	64	93	0	1
756	123.666469	123.815774	C#4	64	62	0	2
757	123.666469	124.037996	F#4	64	88	0	2
758	123.666469	124.043204	A#4	64	80	0	1
759	123.666469	124.100496	D#4	64	93	0	4
760	123.666469	124.956397	B2	64	69	1	-4
761	123.874802	125.005008	F#3	64	67	1	-2
762	124.083135	124.553620	A#5	64	100	0	3
763	124.083135	124.715078	B3	64	69	1	-2
764	124.291468	124.426884	C#4	64	67	0	2
765	124.499801	124.916467	G#5	64	93	0	1
766	124.499801	124.638689	D#4	64	78	0	4
767	124.708134	124.803620	D#4	64	53	0	4
768	124.708134	124.808828	F#4	64	62	0	2
769	124.916467	125.348758	F#5	64	93	0	4
770	124.916467	125.091814	B3	64	67	1	-2
771	124.916467	125.176883	F#4	64	75	0	2
772	125.124800	125.289730	G#4	64	72	0	4
773	125.333133	125.959868	G#5	64	98	0	1
774	125.333133	125.739382	C#4	64	69	0	2
775	125.333133	125.753271	F4	64	95	0	1
776	125.333133	125.765424	G#4	64	64	0	4
777	125.333133	126.662992	C#3	64	73	1	-2
778	125.749799	126.378270	G#3	64	60	1	-5
779	125.958132	126.883478	D#5	64	92	0	1
780	125.958132	126.057090	C#4	64	66	0	2
781	125.958132	126.077923	F4	64	99	0	1
782	126.166465	126.270631	D#4	64	78	0	4
783	126.166465	126.310562	F#4	64	76	0	2
784	126.374798	126.437298	D#4	64	47	0	4
785	126.374798	126.466812	F#4	64	54	0	2
786	126.583131	126.609172	F4	64	46	0	1
787	126.583131	126.624797	D#4	64	60	0	4
788	126.583131	126.657783	C#4	64	82	0	2
789	126.583131	126.690770	G#3	64	72	1	-5
790	126.583131	126.694242	G#4	64	82	0	4
791	126.999797	127.392157	A#4	64	75	0	1
792	126.999797	127.411254	D4	64	88	0	3
793	126.999797	127.428616	F4	64	85	0	1
794	126.999797	128.083128	A#2	64	73	1	-5
795	127.416463	127.683823	A#5	64	100	0	3
796	127.416463	128.022365	A#3	64	57	1	-3
797	127.624796	127.775837	D4	64	64	0	3
798	127.833129	128.505003	A#5	64	105	0	3
799	127.833129	128.097017	D4	64	85	0	3
800	127.833129	128.136948	A#4	64	80	0	1
801	128.041462	128.189031	D3	64	62	1	-1
802	128.249795	128.397364	D4	64	70	0	3
803	128.458128	128.900835	F5	64	87	0	3
804	128.458128	128.510211	F#4	64	42	0	2
805	128.458128	128.583128	A#4	64	70	0	1
806	128.666461	129.114377	F#4	64	73	0	2
807	128.666461	129.116113	C#4	64	82	0	2
808	128.666461	129.142154	A#4	64	69	0	1
809	128.666461	129.899098	D#2	64	73	1	-2
810	128.874794	129.588334	F#5	64	96	0	4
811	129.083127	129.730695	D#3	64	50	1	-5
812	129.291460	129.395626	A#4	64	58	0	1
813	129.291460	129.602223	C#4	64	78	0	2
814	129.291460	129.654306	F4	64	72	0	1
815	129.708126	129.739376	F4	64	56	0	1
816	129.708126	129.829653	F#4	64	85	0	2
817	129.708126	129.855695	C#4	64	85	0	2
818	129.916459	130.152570	C#5	64	90	0	4
819	129.916459	130.008473	D#3	64	61	1	-5
820	130.124792	130.286250	D#5	64	91	0	1
821	130.333125	130.911249	F#5	64	100	0	4
822	130.333125	130.965068	G#4	64	78	0	4
823	130.333125	130.968540	D#4	64	82	0	4
824	130.333125	130.972013	B3	64	82	1	-2
825	130.333125	133.237634	G#2	64	70	1	-2
826	130.958124	132.029303	D#5	64	105	0	1
827	130.958124	131.277568	G#3	64	13	1	-5
828	131.166457	131.845275	B3	64	73	1	-2
829	131.166457	131.845275	D#4	64	73	0	4
830	131.166457	131.864372	G#4	64	78	0	4
831	131.999789	132.499788	F#5	64	100	0	4
832	131.999789	132.044928	D#4	64	45	0	4
833	131.999789	132.277566	B3	64	85	1	-2
834	131.999789	132.392149	F#4	64	76	0	2
835	132.416455	132.647357	B3	64	69	1	-2
836	132.416455	132.751524	G#4	64	66	0	4
837	132.416455	132.787982	D#4	64	67	0	4
838	132.624788	133.216801	D#5	64	103	0	1
839	132.833121	133.105690	G#3	64	62	1	-5
840	132.833121	133.114370	B3	64	82	1	-2
841	132.833121	133.171662	F#4	64	73	0	2
842	133.249787	133.702911	C#5	64	90	0	4
843	133.249787	133.338328	D#4	64	88	0	4
844	133.666453	134.265410	A#5	64	100	0	3
845	133.666453	134.006730	D#4	64	82	0	4
846	133.666453	134.029299	F#3	64	82	1	-2
847	133.666453	134.032772	B3	64	75	1	-2
848	133.666453	135.404297	C#2	64	66	1	-4
849	134.083119	135.171659	G#5	64	98	0	1
850	134.083119	134.643882	C#3	64	48	1	-2
851	134.499785	134.777562	C#4	64	75	0	2
852	134.499785	134.815757	F4	64	103	0	1
853	134.916451	135.107423	C#3	64	56	1	-2
854	134.916451	135.223742	F#4	64	85	0	2
855	134.916451	135.234159	D#4	64	85	0	4
856	135.333117	135.961588	G#5	64	105	0	1
857	135.333117	135.378256	D#4	64	52	0	4
858	135.333117	135.456380	C#4	64	78	0	2
859	135.333117	135.465061	G#4	64	59	0	4
860	135.333117	135.513672	C#3	64	88	1	-2
861	135.749783	136.058810	C#4	64	61	0	2
862	135.958116	136.570962	D#5	64	98	0	1
863	136.166449	136.473740	F2	64	69	1	-5
864	136.166449	136.504990	F3	64	63	1	-3
865	136.166449	136.517143	F4	64	97	0	1
866	136.166449	136.544920	C#4	64	73	0	2
867	136.166449	136.662976	B4	64	76	0	2
868	136.583115	136.965059	G#5	64	97	0	1
869	136.583115	136.904295	G#4	64	69	0	4
870	136.999781	139.647346	F#5	64	91	0	4
871	136.999781	137.289711	A#4	64	72	0	1
872	136.999781	137.338322	F#5	64	70	0	4
873	136.999781	138.239362	F#3	64	70	1	-2
874	137.416447	137.982418	C#4	64	45	0	2
875	137.833113	138.121307	A#4	64	75	0	1
876	137.833113	138.182071	F5	64	80	0	3
877	137.833113	138.246307	F#4	64	55	0	2
878	138.249779	138.350473	A#4	64	61	0	1
879	138.249779	138.609153	C#4	64	64	0	2
880	138.249779	138.610889	F#5	64	62	0	4
881	138.666445	139.248041	F3	64	60	1	-3
882	138.666445	139.298388	G#4	64	60	0	4
883	139.083111	139.784499	C#4	64	61	0	2
884	139.291444	139.720263	F4	64	70	0	1
885	139.499777	139.657763	G#4	64	72	0	4
886	139.708110	139.859151	C#5	64	66	0	4
887	139.916443	140.195956	D#5	64	80	0	1
888	140.124776	140.340053	F5	64	66	0	3
889	140.333109	140.612622	A#4	64	73	0	1
890	140.333109	140.761928	F#5	64	67	0	4
891	140.333109	141.581371	D#3	64	63	1	-5
892	140.749775	140.916441	G#4	64	73	0	4
893	140.749775	141.124774	F5	64	64	0	3
894	140.749775	141.248038	A#3	64	61	1	-3
895	141.166441	141.454635	F#5	64	63	0	4
896	141.166441	141.466788	A#4	64	64	0	1
897	141.166441	141.537968	D#4	64	54	0	4
898	141.583107	141.635190	A#4	64	43	0	1
899	141.583107	141.706370	F5	64	69	0	3
900	141.583107	141.918176	A#3	64	70	1	-3
901	141.999773	142.324425	C#5	64	78	0	4
902	141.999773	143.190743	C#3	64	69	1	-2
903	142.416439	143.220257	A#3	64	64	1	-3
904	142.624772	143.123035	C#4	64	70	0	2
905	142.833105	142.989355	F4	64	70	0	1
906	143.041438	143.298382	F#4	64	63	0	2
907	143.249771	143.489354	G#4	64	73	0	4
908	143.458104	143.720256	A#4	64	70	0	1
909	143.666437	144.145603	C#4	64	72	0	2
910	143.666437	144.166436	F#4	64	75	0	2
911	143.666437	144.982407	B2	64	72	1	-4
912	144.083103	144.617824	F#3	64	66	1	-2
913	144.499769	144.926851	C#4	64	78	0	2
914	144.499769	144.932060	F#4	64	88	0	2
915	144.499769	144.956365	B3	64	78	1	-2
916	144.916435	145.343517	F#3	64	58	1	-2
917	145.333101	145.741086	C#4	64	73	0	2
918	145.333101	145.748031	F4	64	70	0	1
919	145.333101	145.754975	G#4	64	72	0	4
920	145.333101	146.586571	A#2	64	73	1	-5
921	145.748031	146.569210	A#3	64	55	1	-3
922	146.166433	146.444210	C#4	64	66	0	2
923	146.166433	146.466780	F#4	64	75	0	2
924	146.374766	146.656015	G#4	64	72	0	4
925	146.583099	146.808793	A#4	64	64	0	1
926	146.791432	147.053584	C#5	64	76	0	4
927	146.999765	147.320945	D#4	64	76	0	4
928	146.999765	147.327889	F#4	64	85	0	2
929	146.999765	147.373028	B2	64	85	1	-4
930	146.999765	147.386917	B3	64	73	1	-2
931	147.624764	148.043166	F4	64	80	0	1
932	147.624764	148.140388	C#4	64	78	0	2
933	147.624764	148.208096	G#4	64	76	0	4
934	147.624764	148.317471	C#3	64	72	1	-2
935	148.249763	148.557054	C#4	64	82	0	2
936	148.249763	148.638651	F#4	64	88	0	2
937	148.249763	148.748026	D#3	64	66	1	-5
938	148.666429	149.133442	C#4	64	91	0	2
939	148.666429	149.228928	G#4	64	75	0	4
940	148.666429	149.327886	F3	64	70	1	-3
941	149.291428	149.600455	C#4	64	91	0	2
942	149.291428	149.626497	A#4	64	91	0	1
943	149.291428	149.819205	F#4	64	91	0	2
944	149.291428	149.938996	F#3	64	95	1	-2
945	149.916427	150.029274	F#4	64	63	0	2
946	149.916427	150.246287	D#4	64	82	0	4
947	149.916427	150.315732	B4	64	99	0	2
948	149.916427	150.338301	G#3	64	80	1	-5
949	150.333093	150.725453	F#2	64	78	1	-4
950	150.333093	151.175105	C#4	64	78	0	2
951	150.333093	151.192466	F#4	64	75	0	2
952	150.333093	151.227189	C#5	64	85	0	4
953	150.749759	151.029272	F#3	64	59	1	-2
954	150.958092	151.565730	G#3	64	59	1	-5
955	151.166425	151.680313	A#3	64	78	1	-3
956	151.374758	151.529271	C#4	64	88	0	2
957	151.583091	151.812257	F#4	64	67	0	2
958	151.791424	152.942464	C#5	64	73	0	4
959	151.999757	152.911214	C#4	64	76	0	2
960	151.999757	152.925103	G#4	64	73	0	4
961	151.999757	153.435518	G#3	64	82	1	-5
962	152.833089	153.253227	A#3	64	60	1	-3
963	153.041422	153.107394	C#5	64	26	0	4
964	153.041422	153.197672	C#4	64	70	0	2
965	153.249755	153.510171	G#4	64	88	0	4
966	153.458088	154.423364	C#5	64	78	0	4
967	153.666421	154.131698	C#4	64	78	0	2
968	153.666421	154.147323	F#4	64	72	0	2
969	153.666421	155.069196	D#3	64	72	1	-5
970	154.083087	154.695933	A#3	64	46	1	-3
971	154.291420	154.451142	C#4	64	80	0	2
972	154.499753	154.803572	F#4	64	73	0	2
973	154.708086	155.044891	G#4	64	73	0	4
974	154.916419	155.143849	A#3	64	67	1	-3
975	154.916419	155.416418	A#4	64	72	0	1
976	155.124752	155.268849	C#5	64	69	0	4
977	155.333085	155.586557	C#4	64	93	0	2
978	155.333085	155.650793	F4	64	78	0	1
979	155.333085	155.857390	G#4	64	82	0	4
980	155.333085	156.475444	C#3	64	69	1	-2
981	155.541418	156.491069	G#3	64	58	1	-5
982	155.749751	156.379958	C4	64	47	0	1
983	155.958084	156.251486	D#4	64	67	0	4
984	156.166417	156.442458	F4	64	69	0	1
985	156.374750	156.687249	F#4	64	69	0	2
986	156.583083	156.881693	G#4	64	66	0	4
987	156.791416	157.077874	A#4	64	54	0	1
988	156.999749	157.367804	C#4	64	80	0	2
989	156.999749	157.470234	F#4	64	85	0	2
990	156.999749	158.331344	B2	64	80	1	-4
991	157.416415	157.694192	C#4	64	45	0	2
992	157.416415	157.890372	D#4	64	70	0	4
993	157.416415	158.253219	F#3	64	61	1	-2
994	157.833081	157.940720	F#4	64	76	0	2
995	157.833081	157.973706	C#4	64	70	0	2
996	157.833081	158.187247	B3	64	64	1	-2
997	158.249747	158.313983	C#4	64	56	0	2
998	158.249747	158.654260	G#4	64	82	0	4
999	158.666413	159.211551	F#4	64	75	0	2
1000	158.666413	159.305301	C#4	64	70	0	2
1001	158.666413	159.885161	A#2	64	75	1	-5
1002	159.083079	159.977175	F3	64	59	1	-3
1003	159.291412	159.867800	A#3	64	72	1	-3
1004	159.499745	159.635161	C#4	64	82	0	2
1005	159.708078	159.860855	F#4	64	73	0	2
1006	159.916411	160.098702	G#4	64	85	0	4
1007	160.124744	160.454604	C#5	64	73	0	4
1008	160.333077	160.631687	F#4	64	63	0	2
1009	160.333077	160.640368	D#4	64	69	0	4
1010	160.333077	160.640368	B4	64	82	0	2
1011	160.333077	161.853908	G#2	64	69	1	-2
1012	160.749743	161.003215	C#4	64	70	0	2
1013	160.749743	161.032728	A#4	64	75	0	1
1014	160.749743	161.902519	D#3	64	61	1	-5
1015	161.166409	161.195923	F#4	64	46	0	2
1016	161.166409	161.374742	G#3	64	55	1	-5
1017	161.166409	161.470228	D#4	64	70	0	4
1018	161.166409	161.499742	B4	64	101	0	2
1019	161.583075	161.871269	C#5	64	76	0	4
1020	161.583075	161.883422	G#3	64	91	1	-5
1021	161.583075	161.893838	F#4	64	64	0	2
1022	161.999741	162.465018	C#4	64	91	0	2
1023	161.999741	162.614323	A#4	64	70	0	1
1024	161.999741	162.624740	B2	64	76	1	-4
1025	162.624740	162.657726	A#4	64	43	0	1
1026	162.624740	163.119531	C#4	64	80	0	2
1027	162.624740	163.131683	G#4	64	85	0	4
1028	162.624740	163.249739	C#3	64	76	1	-2
1029	163.249739	163.583072	F#4	64	88	0	2
1030	163.666405	164.121265	F#4	64	93	0	2
1031	163.666405	164.136890	C#5	64	76	0	4
1032	163.666405	165.022305	C#3	64	82	1	-2
1033	163.874738	165.228902	G#3	64	67	1	-5
1034	164.083071	165.077861	C#4	64	93	0	2
1035	164.291404	164.546612	F#4	64	85	0	2
1036	164.499737	164.614320	G#4	64	82	0	4
1037	164.708070	164.963278	C#5	64	85	0	4
1038	164.916403	165.161194	F#5	64	80	0	4
1039	165.124736	165.303555	G#5	64	73	0	1
1040	165.333069	165.610846	C#6	64	82	0	1
1041	165.333069	165.695915	C#5	64	88	0	4
1042	165.333069	166.489317	C#3	64	64	1	-2
1043	165.541402	166.234109	G#3	64	73	1	-5
1044	165.749735	166.279248	C#4	64	82	0	2
1045	166.166401	166.610845	A#4	64	98	0	1
1046	166.166401	166.473692	A#4	64	91	0	1
1047	166.166401	166.494525	F#4	64	91	0	2
1048	166.374734	166.522303	G#3	64	69	1	-5
1049	166.583067	167.017094	B4	64	103	0	2
1050	166.583067	166.626470	F#4	64	45	0	2
1051	166.583067	166.756678	G#4	64	80	0	4
1052	166.791400	166.926816	A#4	64	67	0	1
1053	166.999733	168.188967	C#5	64	100	0	4
1054	166.999733	167.513621	C#5	64	85	0	4
1055	166.999733	167.610843	F#3	64	91	1	-2
1056	167.208066	167.367788	C#4	64	60	0	2
1057	167.416399	167.456329	C#4	64	34	0	2
1058	167.416399	167.576121	F#4	64	67	0	2
1059	167.624732	167.687232	C#5	64	51	0	4
1060	167.624732	167.872995	G#4	64	82	0	4
1061	167.833065	167.902509	C#5	64	31	0	4
1062	167.833065	168.128203	C#4	64	70	0	2
1063	167.833065	168.583064	F#3	64	73	1	-2
1064	168.041398	168.220217	F#4	64	69	0	2
1065	168.249731	168.753202	C#5	64	78	0	4
1066	168.458064	168.734105	A#5	64	93	0	3
1067	168.458064	168.744522	C#4	64	59	0	2
1068	168.666397	169.095216	G#5	64	92	0	1
1069	168.666397	168.838272	G#4	64	73	0	4
1070	168.666397	169.977159	F3	64	69	1	-3
1071	168.874730	169.152507	C#4	64	67	0	2
1072	169.083063	169.501465	F#5	64	98	0	4
1073	169.083063	169.353896	F4	64	69	0	1
1074	169.291396	169.789659	C#5	64	76	0	4
1075	169.499729	169.800076	A#4	64	92	0	1
1076	169.499729	169.760145	C#4	64	63	0	2
1077	169.708062	170.350422	C#5	64	87	0	4
1078	169.708062	169.859103	F4	64	67	0	1
1079	169.916395	170.246255	G#4	64	61	0	4
1080	170.124728	170.485838	C#5	64	75	0	4
1081	170.333061	171.555281	D#5	64	97	0	1
1082	170.333061	170.591741	F#4	64	73	0	2
1083	170.333061	170.626463	C#4	64	85	0	2
1084	170.333061	171.537920	D#3	64	73	1	-5
1085	170.541394	171.027504	A#3	64	66	1	-3
1086	170.749727	170.937226	F4	64	64	0	1
1087	170.958060	171.244518	C#4	64	66	0	2
1088	170.958060	171.268823	F#4	64	82	0	2
1089	171.166393	171.527503	A#3	64	66	1	-3
1090	171.374726	171.430281	F#4	64	66	0	2
1091	171.374726	171.524031	C#4	64	61	0	2
1092	171.374726	171.822642	G#4	64	91	0	4
1093	171.791392	172.010141	A#5	64	101	0	3
1094	171.791392	171.956322	A#4	64	93	0	1
1095	171.999725	172.622988	G#5	64	96	0	1
1096	171.999725	172.037919	A#4	64	69	0	1
1097	171.999725	172.254933	C#4	64	85	0	2
1098	171.999725	172.300072	E4	64	101	0	5
1099	171.999725	172.322641	G#4	64	99	0	4
1100	171.999725	173.348681	C#3	64	72	1	-2
1101	172.208058	173.100417	G#3	64	73	1	-5
1102	172.416391	172.702849	C#4	64	69	0	2
1103	172.624724	173.492778	F#5	64	99	0	4
1104	172.624724	172.966737	E4	64	99	0	5
1105	173.041390	173.287917	C#4	64	91	0	2
1106	173.041390	173.399028	F#4	64	82	0	2
1107	173.249723	173.313959	G#3	64	50	1	-5
1108	173.458056	173.600417	G#4	64	59	0	4
1109	173.664653	173.688958	C#4	64	60	0	2
1110	173.664653	173.800069	A#4	64	57	0	1
1111	173.664653	173.982361	D#4	64	52	0	4
1112	173.664653	174.015347	F#4	64	60	0	2
1113	173.664653	174.954581	B2	64	78	1	-4
1114	173.874722	174.489304	B3	64	45	1	-2
1115	174.083055	174.261874	C#5	64	77	0	4
1116	174.291388	174.407707	G#5	64	84	0	1
1117	174.291388	174.742776	C#4	64	88	0	2
1118	174.291388	174.772290	F#4	64	95	0	2
1119	174.499721	174.872984	G#5	64	92	0	1
1120	174.708054	175.053539	B3	64	62	1	-2
1121	174.916387	175.272289	C#5	64	85	0	4
1122	174.916387	175.004928	C#4	64	50	0	2
1123	174.916387	175.096942	G#4	64	63	0	4
1124	175.124720	175.239303	A#4	64	56	0	1
1125	175.333053	175.872982	G#5	64	96	0	1
1126	175.333053	175.730622	C#4	64	88	0	2
1127	175.333053	175.782705	G#4	64	80	0	4
1128	175.333053	175.791385	F4	64	82	0	1
1129	175.333053	176.624717	B2	64	73	1	-4
1130	175.749719	176.147288	B3	64	36	1	-2
1131	175.958052	176.586523	A#5	64	100	0	3
1132	175.958052	176.414648	C#4	64	95	0	2
1133	175.958052	176.421593	F#4	64	99	0	2
1134	176.166385	176.574370	B3	64	39	1	-2
1135	176.583051	177.029231	C#6	64	84	0	1
1136	176.583051	176.885134	C#4	64	88	0	2
1137	176.583051	176.918120	A#4	64	97	0	1
1138	176.999717	178.324367	A#5	64	97	0	3
1139	176.999717	177.280966	C#4	64	93	0	2
1140	176.999717	177.322633	G#4	64	82	0	4
1141	176.999717	178.497978	F#3	64	78	1	-2
1142	177.208050	177.727146	A#3	64	63	1	-3
1143	177.416383	177.527494	C#4	64	59	0	2
1144	177.624716	178.119507	F#4	64	93	0	2
1145	177.624716	178.122979	C#4	64	82	0	2
1146	178.041382	178.513603	A#3	64	69	1	-3
1147	178.249715	178.414645	C#4	64	73	0	2
1148	178.249715	178.518812	G#4	64	85	0	4
1149	178.458048	178.586520	A#4	64	70	0	1
1150	178.666381	178.741033	D#4	64	35	0	4
1151	178.666381	178.954575	B4	64	95	0	2
1152	178.666381	179.817421	F#3	64	99	1	-2
1153	179.083047	179.232352	A#4	64	88	0	1
1154	179.291380	179.605615	F#4	64	95	0	2
1155	179.499713	179.954573	A#5	64	99	0	3
1156	179.499713	179.768810	A#3	64	76	1	-3
1157	179.708046	179.845198	C#4	64	93	0	2
1158	179.916379	180.350406	G#5	64	95	0	1
1159	179.916379	180.093462	F#4	64	63	0	2
1160	180.124712	180.244503	G#4	64	76	0	4
1161	180.333045	180.751447	D#5	64	90	0	1
1162	180.333045	180.518808	D#5	64	67	0	1
1163	180.333045	180.708044	F5	64	72	0	3
1164	180.333045	181.662904	B2	64	72	1	-4
1165	180.541378	181.874709	F#3	64	69	1	-2
1166	180.749711	181.190682	A#5	64	98	0	3
1167	180.749711	181.126446	B3	64	76	1	-2
1168	180.958044	181.310474	C#5	64	95	0	4
1169	180.958044	181.310474	F#5	64	85	0	4
1170	181.166377	181.581307	G#5	64	90	0	1
1171	181.374710	181.735820	B3	64	76	1	-2
1172	181.583043	182.025750	F#5	64	90	0	4
1173	181.583043	181.791376	D#5	64	76	0	1
1174	181.791376	181.947626	F#5	64	67	0	4
1175	181.999709	182.567416	G#5	64	95	0	1
1176	181.999709	182.051792	F#5	64	59	0	4
1177	181.999709	182.480611	G#4	64	85	0	4
1178	181.999709	182.518805	F5	64	95	0	3
1179	181.999709	183.305262	B2	64	80	1	-4
1180	182.416375	183.194151	B3	64	70	1	-2
1181	182.624708	183.296582	D#5	64	87	0	1
1182	182.624708	182.912902	G#4	64	91	0	4
1183	182.624708	183.055263	D#5	64	91	0	1
1184	183.249707	183.322623	C#5	64	88	0	4
1185	183.249707	183.338248	G#4	64	88	0	4
1186	183.666373	183.994497	F4	64	85	0	1
1187	183.666373	184.003178	G#4	64	93	0	4
1188	183.666373	184.914635	A#2	64	85	1	-5
1189	184.083039	184.402483	C#5	64	77	0	4
1190	184.083039	184.372969	A#3	64	55	1	-3
1191	184.291372	184.496233	F4	64	85	0	1
1192	184.291372	184.716718	C#4	64	78	0	2
1193	184.499705	184.904218	A#5	64	87	0	3
1194	184.708038	184.874704	A#3	64	66	1	-3
1195	184.914635	185.242759	D#4	64	85	0	4
1196	184.916371	185.643800	G#5	64	87	0	1
1197	185.124704	185.268801	F4	64	67	0	1
1198	185.333037	186.539632	F#5	64	81	0	4
1199	185.333037	185.612550	A#3	64	93	1	-3
1200	185.333037	185.673314	F#4	64	63	0	2
1201	185.333037	185.777481	C#4	64	97	0	2
1202	185.333037	186.574354	D#3	64	82	1	-5
1203	185.541370	186.487549	F#3	64	61	1	-2
1204	185.749703	186.063938	A#3	64	66	1	-3
1205	185.958036	186.322619	C#4	64	91	0	2
1206	186.374702	186.737548	F4	64	97	0	1
1207	186.583035	186.813937	C#5	64	87	0	4
1208	186.791368	186.987548	D#5	64	79	0	1
1209	186.791368	186.956298	D#4	64	60	0	4
1210	186.999701	187.438936	F#5	64	101	0	4
1211	186.999701	187.228867	B3	64	95	1	-2
1212	186.999701	187.258381	F#4	64	72	0	2
1213	186.999701	187.317409	D#4	64	72	0	4
1214	186.999701	188.499698	G#2	64	76	1	-2
1215	187.208034	187.701089	G#3	64	66	1	-5
1216	187.416367	187.563936	A#3	64	52	1	-3
1217	187.624700	187.720186	F#5	64	93	0	4
1218	187.624700	187.675047	A#3	64	57	1	-3
1219	187.624700	188.004908	F#4	64	50	0	2
1220	187.624700	188.065671	B3	64	106	1	-2
1221	187.833033	188.110810	F#5	64	96	0	4
1222	188.041366	188.499698	G#3	64	66	1	-5
1223	188.249699	188.544837	G#5	64	90	0	1
1224	188.249699	188.433726	A#3	64	73	1	-3
1225	188.458032	189.008378	A#5	64	90	0	3
1226	188.458032	188.567407	B3	64	91	1	-2
1227	188.666365	188.999698	B3	64	85	1	-2
1228	188.666365	188.999698	F#4	64	82	0	2
1229	188.666365	189.911154	G#2	64	76	1	-2
1230	188.874698	189.372961	G#3	64	72	1	-5
1231	189.083031	189.343447	G#5	64	84	0	1
1232	189.291364	189.709766	F#4	64	82	0	2
1233	189.291364	189.741016	B3	64	101	1	-2
1234	189.499697	189.801780	G#5	64	91	0	1
1235	189.708030	189.959766	G#3	64	64	1	-5
1236	189.916363	190.190668	F#5	64	90	0	4
1237	189.916363	190.117751	B3	64	85	1	-2
1238	190.333029	190.867750	C#6	64	93	0	1
1239	190.333029	190.744486	C#5	64	85	0	4
1240	190.333029	190.800042	G#4	64	93	0	4
1241	190.333029	191.685457	C#3	64	88	1	-2
1242	190.541362	191.398999	G#3	64	62	1	-5
1243	190.749695	192.242748	G#5	64	83	0	1
1244	190.749695	191.652471	C#4	64	75	0	2
1245	190.958028	191.445874	F#4	64	99	0	2
1246	191.374694	191.702818	G#4	64	85	0	4
1247	191.583027	191.826082	G#3	64	72	1	-5
1248	191.791360	192.006637	F4	64	91	0	1
1249	191.791360	192.020526	G#4	64	82	0	4
1250	191.999693	193.352121	C#3	64	66	1	-2
1251	192.208026	192.463234	D#4	64	54	0	4
1252	192.208026	192.508373	F#4	64	85	0	2
1253	192.416359	193.011844	G#3	64	61	1	-5
1254	192.624692	192.725386	F4	64	80	0	1
1255	192.624692	192.744483	G#4	64	75	0	4
1256	192.833025	193.308718	A#4	64	93	0	1
1257	192.833025	193.041358	G#4	64	62	0	4
1258	192.833025	193.069136	F#4	64	57	0	2
1259	192.833025	193.100385	A#4	64	101	0	1
1260	192.833025	193.239274	C#4	64	62	0	2
1261	193.249691	193.711496	B4	64	93	0	2
1262	193.249691	193.360802	G#3	64	52	1	-5
1263	193.249691	193.366010	B4	64	106	0	2
1264	193.666357	194.508369	C#5	64	96	0	4
1265	193.666357	193.881634	F#2	64	70	1	-4
1266	193.666357	194.306981	A#4	64	85	0	1
1267	193.666357	194.334759	C#5	64	70	0	4
1268	193.666357	194.348647	C#4	64	88	0	2
1269	193.666357	194.352120	F#4	64	91	0	2
1270	193.874690	194.152467	F#3	64	57	1	-2
1271	194.083023	194.629897	G#3	64	70	1	-5
1272	194.291356	194.836494	A#3	64	93	1	-3
1273	194.499689	194.622952	C#4	64	91	0	2
1274	194.708022	194.839966	F#4	64	82	0	2
1275	194.916355	195.096910	G#4	64	69	0	4
1276	195.124688	195.379896	A#5	64	93	0	3
1277	195.124688	195.461493	C#5	64	82	0	4
1278	195.333021	195.761840	G#5	64	92	0	1
1279	195.333021	195.725381	G#4	64	93	0	4
1280	195.333021	196.699338	F3	64	73	1	-3
1281	195.541354	196.657671	C#4	64	60	0	2
1282	195.749687	196.006631	F#5	64	93	0	4
1283	195.749687	196.239269	F4	64	78	0	1
1284	195.958020	196.143783	G#4	64	78	0	4
1285	196.166353	196.583019	A#4	64	91	0	1
1286	196.166353	196.312186	C#5	64	82	0	4
1287	196.374686	197.001421	C#5	64	98	0	4
1288	196.374686	196.537880	D#5	64	95	0	1
1289	196.583019	196.768782	F5	64	66	0	3
1290	196.791352	197.058712	G#5	64	76	0	1
1291	196.999685	197.701073	D#5	64	105	0	1
1292	196.999685	197.362531	F#5	64	99	0	4
1293	196.999685	198.327808	D#3	64	67	1	-5
1294	197.208018	198.058711	A#3	64	61	1	-3
1295	197.416351	198.063919	D#4	64	75	0	4
1296	197.624684	197.935447	F#4	64	91	0	2
1297	198.041350	198.216697	A#4	64	88	0	1
1298	198.041350	198.249683	F#4	64	91	0	2
1299	198.249683	198.550030	A#3	64	55	1	-3
1300	198.458016	198.734057	A#5	64	74	0	3
1301	198.666349	199.308709	G#5	64	91	0	1
1302	198.666349	198.937182	F4	64	93	0	1
1303	198.666349	199.232320	G#4	64	97	0	4
1304	198.666349	199.879889	C#3	64	67	1	-2
1305	199.291348	200.178499	F#5	64	91	0	4
1306	199.291348	199.655931	E4	64	99	0	5
1307	199.291348	199.753153	G#4	64	44	0	4
1308	199.291348	199.810444	C#4	64	61	0	2
1309	199.708014	199.968430	F#4	64	85	0	2
1310	199.916347	200.225374	G#4	64	85	0	4
1311	200.124680	200.944123	A#4	64	60	0	1
1312	200.333013	200.810443	C#4	64	85	0	2
1313	200.333013	200.888567	F#4	64	93	0	2
1314	200.333013	201.793080	B2	64	76	1	-4
1315	200.749679	200.900720	C#5	64	72	0	4
1316	200.749679	201.845163	F#3	64	58	1	-2
1317	200.958012	201.065651	G#5	64	79	0	1
1318	200.958012	201.806969	B3	64	76	1	-2
1319	201.166345	201.461483	G#5	64	94	0	1
1320	201.166345	201.468428	C#4	64	67	0	2
1321	201.374678	201.692386	F#4	64	73	0	2
1322	201.583011	201.853844	A#5	64	96	0	3
1323	201.583011	201.834747	G#4	64	66	0	4
1324	201.791344	201.952802	A#4	64	72	0	1
1325	201.999677	202.416343	C#6	64	90	0	1
1326	201.999677	202.027455	A#4	64	52	0	1
1327	201.999677	202.277454	C#4	64	78	0	2
1328	201.999677	202.350371	F4	64	82	0	1
1329	201.999677	202.371204	G#4	64	91	0	4
1330	201.999677	203.367730	B2	64	85	1	-4
1331	202.208010	202.735787	B3	64	75	1	-2
1332	202.416343	202.563912	C#4	64	67	0	2
1333	202.624676	203.105578	A#5	64	93	0	3
1334	202.624676	202.933703	C#4	64	88	0	2
1335	202.624676	203.109050	F#4	64	95	0	2
1336	203.041342	203.303494	C#4	64	91	0	2
1337	203.041342	203.310439	B3	64	66	1	-2
1338	203.041342	203.508355	G#4	64	80	0	4
1339	203.249675	203.555230	G#5	64	98	0	1
1340	203.458008	203.520508	C#4	64	58	0	2
1341	203.458008	203.556966	A#4	64	73	0	1
1342	203.666341	205.621199	A#5	64	103	0	3
1343	203.666341	203.794813	C#4	64	85	0	2
1344	203.666341	203.966688	F#4	64	95	0	2
1345	203.666341	204.004882	A#4	64	88	0	1
1346	203.666341	204.867728	F#3	64	66	1	-2
1347	204.083007	205.117727	C#4	64	69	0	2
1348	204.291340	204.937172	F#4	64	78	0	2
1349	204.708006	204.810436	A#4	64	85	0	1
1350	204.708006	204.831269	F#5	64	67	0	4
1351	204.916339	205.022241	A#4	64	72	0	1
1352	204.916339	205.065644	F#5	64	82	0	4
1353	205.124672	205.232311	G#4	64	75	0	4
1354	205.124672	205.242727	F5	64	85	0	3
1355	205.333005	205.583004	G#4	64	73	0	4
1356	205.333005	205.591685	F5	64	91	0	3
1357	205.333005	206.591683	F#3	64	72	1	-2
1358	205.541338	205.951059	C#4	64	56	0	2
1359	205.749671	205.850365	F#4	64	73	0	2
1360	205.749671	205.850365	C#5	64	82	0	4
1361	205.958004	206.112517	F#4	64	91	0	2
1362	205.958004	206.129879	C#5	64	95	0	4
1363	206.166337	206.596892	A#5	64	101	0	3
1364	206.166337	206.463211	C#4	64	54	0	2
1365	206.583003	206.987516	G#5	64	93	0	1
1366	206.999669	207.379877	D#5	64	93	0	1
1367	206.999669	207.480571	C#4	64	76	0	2
1368	206.999669	207.536126	F#4	64	80	0	2
1369	206.999669	208.355569	B2	64	88	1	-4
1370	207.416335	207.886820	A#5	64	100	0	3
1371	207.416335	208.310431	F#3	64	46	1	-2
1372	207.624668	207.793070	C#4	64	64	0	2
1373	207.624668	208.017028	G#4	64	69	0	4
1374	207.833001	208.249667	G#5	64	93	0	1
1375	207.833001	208.114250	B3	64	64	1	-2
1376	208.041334	208.211472	F#4	64	63	0	2
1377	208.041334	208.359042	C#4	64	76	0	2
1378	208.041334	208.411125	A#4	64	75	0	1
1379	208.249667	208.681958	F#5	64	93	0	4
1380	208.249667	208.419805	B3	64	72	1	-2
1381	208.666333	209.291332	G#5	64	98	0	1
1382	208.666333	209.140290	B3	64	85	1	-2
1383	208.666333	209.336471	C#4	64	82	0	2
1384	208.666333	209.345151	F4	64	88	0	1
1385	208.666333	209.352096	G#4	64	80	0	4
1386	208.666333	209.364248	C#5	64	78	0	4
1387	208.666333	209.980567	B2	64	76	1	-4
1388	209.291332	210.216678	D#5	64	92	0	1
1389	209.291332	209.692373	B3	64	55	1	-2
1390	209.499665	209.963206	F4	64	85	0	1
1391	209.499665	209.990983	C#4	64	85	0	2
1392	209.499665	209.990983	G#4	64	80	0	4
1393	209.499665	210.039594	C#5	64	66	0	4
1394	209.916331	210.039594	B3	64	85	1	-2
1395	210.332997	210.692371	A#3	64	76	1	-3
1396	210.332997	210.921538	F4	64	91	0	1
1397	210.332997	210.940635	G#4	64	85	0	4
1398	210.332997	210.945843	C#4	64	88	0	2
1399	210.332997	211.768758	A#2	64	72	1	-5
1400	210.749663	211.017023	A#5	64	100	0	3
1401	210.957996	211.530912	A#3	64	48	1	-3
1402	211.166329	211.838203	A#5	64	105	0	3
1403	211.374662	211.466676	C#4	64	53	0	2
1404	211.374662	211.485773	G#4	64	52	0	4
1405	211.582995	211.798272	A#3	64	61	1	-3
1406	211.582995	211.860772	G#4	64	82	0	4
1407	211.582995	211.862508	D4	64	95	0	3
1408	211.582995	211.876397	F4	64	75	0	1
1409	211.791328	212.234035	F5	64	87	0	3
1410	211.999661	212.093411	G4	64	66	0	3
1411	211.999661	212.390285	A#4	64	70	0	1
1412	211.999661	212.530910	C#4	64	82	0	2
1413	211.999661	212.697576	F#4	64	76	0	2
1414	211.999661	212.800007	D#3	64	76	1	-5
1415	212.207994	212.921534	F#5	64	96	0	4
1416	212.416327	212.732299	F#3	64	47	1	-2
1417	212.832993	213.093409	C#4	64	91	0	2
1418	212.832993	213.183687	G#4	64	91	0	4
1419	212.832993	213.206256	F4	64	85	0	1
1420	212.832993	213.247923	C#3	64	82	1	-2
1421	213.249659	213.487506	C#5	64	90	0	4
1422	213.249659	213.553478	F#4	64	73	0	2
1423	213.457992	213.619450	D#5	64	91	0	1
1424	213.666325	214.246185	F#5	64	100	0	4
1425	213.666325	214.326046	A#4	64	76	0	1
1426	213.666325	214.359032	D#4	64	88	0	4
1427	213.666325	214.383338	F#4	64	78	0	2
1428	213.666325	214.791323	B3	64	85	1	-2
1429	213.666325	214.834726	B2	64	76	1	-4
1430	214.291324	215.364239	D#5	64	105	0	1
1431	214.499657	215.017017	A#4	64	80	0	1
1432	214.499657	215.060420	D#4	64	88	0	4
1433	214.499657	215.067364	F#4	64	97	0	2
1434	214.916323	215.642016	B3	64	62	1	-2
1435	214.916323	216.425001	B2	64	69	1	-4
1436	215.332989	215.834724	F#5	64	100	0	4
1437	215.332989	215.878127	D#4	64	76	0	4
1438	215.332989	215.926738	A#4	64	73	0	1
1439	215.332989	215.930210	F#4	64	78	0	2
1440	215.749655	216.317362	B3	64	35	1	-2
1441	215.957988	216.548265	D#5	64	103	0	1
1442	216.166321	216.374654	A#4	64	70	0	1
1443	216.166321	216.461459	F#4	64	80	0	2
1444	216.166321	216.501390	D#4	64	76	0	4
1445	216.582987	217.036111	C#5	64	90	0	4
1446	216.582987	216.707987	B2	64	78	1	-4
1447	216.999653	217.598610	A#5	64	100	0	3
1448	216.999653	217.480555	F#4	64	80	0	2
1449	216.999653	217.517013	C#4	64	80	0	2
1450	216.999653	217.668055	C#5	64	73	0	4
1451	216.999653	217.681943	G#4	64	82	0	4
1452	216.999653	219.921523	C#2	64	70	1	-4
1453	217.416319	218.503123	G#5	64	98	0	1
1454	217.416319	217.982290	C#3	64	56	1	-2
1455	217.832985	218.065623	C#4	64	88	0	2
1456	217.832985	218.086457	F#4	64	97	0	2
1457	217.832985	218.119443	G#4	64	95	0	4
1458	217.832985	218.142012	C#5	64	75	0	4
1459	218.249651	218.471873	C#3	64	78	1	-2
1460	218.666317	219.294788	G#5	64	105	0	1
1461	218.666317	218.852080	A#4	64	72	0	1
1462	218.666317	218.886803	C#5	64	88	0	4
1463	218.666317	218.900691	F#5	64	73	0	4
1464	218.666317	219.319094	C#3	64	76	1	-2
1465	219.082983	219.308677	G#4	64	70	0	4
1466	219.082983	219.447566	F5	64	63	0	3
1467	219.291316	219.904162	D#5	64	98	0	1
1468	219.499649	219.666315	A#4	64	72	0	1
1469	219.499649	219.676732	C#5	64	76	0	4
1470	219.499649	219.688885	F#5	64	66	0	4
1471	219.916315	220.298259	G#5	64	97	0	1
1472	219.916315	220.003120	C#3	64	70	1	-2
1473	220.331245	220.664577	D#4	64	95	0	4
1474	220.331245	220.692355	F#4	64	99	0	2
1475	220.331245	221.796520	B2	64	76	1	-4
1476	220.332981	224.707974	F#5	64	91	0	4
1477	220.749647	220.923258	F#4	64	78	0	2
1478	220.749647	221.890270	F#3	64	57	1	-2
1479	220.957980	221.069091	F4	64	69	0	1
1480	220.957980	221.072563	D#4	64	69	0	4
1481	221.166313	221.471868	F4	64	82	0	1
1482	221.166313	221.780895	B3	64	69	1	-2
1483	221.582979	221.770478	D#4	64	73	0	4
1484	221.582979	221.810409	F#4	64	91	0	2
1485	221.791312	221.937145	F4	64	67	0	1
1486	221.999645	222.253117	D#4	64	75	0	4
1487	221.999645	222.267005	F#4	64	88	0	2
1488	221.999645	223.267004	B2	64	78	1	-4
1489	222.207978	223.204504	F#3	64	60	1	-2
1490	222.416311	222.588186	F#4	64	76	0	2
1491	222.416311	222.605547	D#4	64	66	0	4
1492	222.624644	222.758324	F4	64	72	0	1
1493	222.832977	222.959713	D#4	64	67	0	4
1494	222.832977	222.997907	F#4	64	91	0	2
1495	222.832977	223.121171	B3	64	72	1	-2
1496	223.041310	223.112490	D#4	64	50	0	4
1497	223.041310	223.152421	F#4	64	55	0	2
1498	223.041310	223.279157	G#4	64	82	0	4
1499	223.249643	223.511795	A#4	64	73	0	1
1500	223.666309	223.949294	C#4	64	80	0	2
1501	223.666309	223.949294	F4	64	85	0	1
1502	223.666309	224.324294	A#3	64	88	1	-3
1503	223.666309	225.091654	A#2	64	70	1	-5
1504	224.082975	224.256586	C#4	64	70	0	2
1505	224.082975	224.258322	F4	64	85	0	1
1506	224.291308	224.464919	D#4	64	75	0	4
1507	224.499641	224.697557	C#4	64	72	0	2
1508	224.499641	224.718390	F4	64	78	0	1
1509	224.499641	225.006584	A#3	64	57	1	-3
1510	224.916307	225.048251	C#4	64	73	0	2
1511	224.916307	225.089918	F4	64	91	0	1
1512	225.124640	225.313876	D#4	64	64	0	4
1513	225.332973	225.517000	F4	64	76	0	1
1514	225.332973	225.968388	A#3	64	50	1	-3
1515	225.332973	226.360749	A#2	64	70	1	-5
1516	225.541306	225.674986	F#4	64	76	0	2
1517	225.749639	225.938875	C#4	64	72	0	2
1518	225.957972	226.221860	F#4	64	85	0	2
1519	226.166305	226.315610	G#4	64	80	0	4
1520	226.166305	226.480540	A#3	64	66	1	-3
1521	226.374638	226.596860	A#4	64	82	0	1
1522	226.582971	226.782623	C#5	64	88	0	4
1523	226.791304	226.978803	D#5	64	88	0	1
1524	226.984012	227.756580	E4	64	95	0	5
1525	226.987484	227.754844	C#4	64	80	0	2
1526	226.987484	228.428454	A2	64	70	1	-1
1527	226.989220	227.829497	A4	64	99	0	5
1528	226.997901	228.487482	A3	64	69	1	-4
1529	227.883316	228.390260	C#4	64	63	0	2
1530	228.322551	228.447551	E4	64	85	0	5
1531	228.681926	229.221855	B4	64	72	0	2
1532	228.683662	229.220119	F#4	64	70	0	2
1533	228.683662	229.221855	D#4	64	67	0	4
1534	228.687134	230.020465	B2	64	82	1	-4
1535	228.688870	230.095118	B3	64	80	1	-2
1536	229.574285	230.074285	D#4	64	64	0	4
1537	229.574285	230.079493	F#4	64	75	0	2
1538	230.001368	230.666298	B4	64	62	0	2
1539	230.282618	230.484006	F#4	64	19	0	2
1540	230.864214	234.096848	F#3	64	75	1	-2
1541	230.871158	231.022200	F#4	64	67	0	2
1542	230.874631	231.133311	G#4	64	73	0	4
1543	230.973589	231.501366	A#4	64	61	0	1
1544	231.345116	234.015251	C#4	64	49	0	2
1545	231.633310	234.029139	F#4	64	67	0	2
1546	231.865948	232.030879	A#4	64	69	0	1
1547	232.089906	232.306920	C#5	64	46	0	4
1548	232.298239	232.418031	F#5	64	53	0	4
1549	232.546503	232.704489	G#5	64	51	0	1
1550	232.791294	232.904141	A#5	64	57	0	3
1551	233.079488	233.197544	C#6	64	61	0	1
1552	233.381571	233.503099	F#6	64	55	0	1
1553	233.699279	233.860737	G#6	64	61	0	3
1554	234.070806	234.171500	A#6	64	58	0	5
1555	234.470111	234.546500	C#7	64	58	0	3
