//Version: PianoFingering_v170101
0	5.219989	5.698988	C#4	64	70	0	2
1	5.219989	5.721988	E4	64	72	0	5
2	5.219989	5.798988	A4	64	70	0	5
3	5.219989	6.751986	A2	64	70	1	-1
4	5.459989	6.509986	E3	64	58	1	-4
5	5.699988	6.649986	A3	64	64	1	-4
6	5.939988	6.278987	B3	64	70	1	-2
7	6.179987	6.551986	E4	64	66	0	5
8	6.419987	6.565986	F#4	64	58	0	2
9	6.659986	6.747986	E3	64	75	1	-4
10	6.659986	7.012985	A4	64	80	0	5
11	7.139985	7.248985	D4	64	82	0	3
12	7.139985	7.252985	D3	64	72	1	-1
13	7.139985	7.255985	A3	64	80	1	-4
14	7.259985	7.267985	F#4	64	70	0	2
15	7.259985	7.294985	D2	64	66	1	-3
16	7.259985	7.654984	D3	64	61	1	-1
17	7.259985	7.836984	D4	64	69	0	3
18	7.259985	7.845984	A3	64	75	1	-4
19	7.859984	8.431982	D3	64	54	1	-1
20	8.099983	8.463982	A3	64	72	1	-4
21	8.339983	8.569982	D4	64	70	0	3
22	8.579982	8.677982	D3	64	67	1	-1
23	9.059981	9.394980	C#4	64	76	0	2
24	9.059981	9.444980	F4	64	95	0	1
25	9.059981	9.673980	C#5	64	85	0	4
26	9.059981	10.549978	C#2	64	78	1	-4
27	9.299981	10.379978	C#3	64	55	1	-2
28	9.539980	10.200979	C#4	64	62	0	2
29	9.779980	10.325978	F4	64	57	0	1
30	10.499978	10.568978	C#5	64	47	0	4
31	10.499978	10.578978	C#4	64	60	0	2
32	10.499978	10.579978	F4	64	66	0	1
33	10.499978	10.603978	C#3	64	75	1	-2
34	10.739978	10.859977	F#3	64	76	1	-2
35	10.979977	11.099977	G#3	64	76	1	-5
36	11.219977	11.339976	A#3	64	76	1	-3
37	11.459976	11.579976	C#4	64	76	0	2
38	11.699976	11.819975	D#4	64	76	0	4
39	11.939975	12.059975	F#4	64	76	0	2
40	12.179975	12.299974	G#4	64	76	0	4
41	12.419974	12.539974	A#4	64	76	0	1
42	12.659974	12.779973	C#5	64	76	0	4
43	12.899973	13.320972	E2	64	70	1	-1
44	12.899973	13.760971	B3	64	75	1	-2
45	12.899973	13.885971	G#4	64	63	0	4
46	12.899973	13.885971	E5	64	63	0	2
47	12.899973	13.899971	E4	64	82	0	5
48	13.139973	13.365972	B2	64	58	1	-4
49	13.379972	13.696971	E3	64	62	1	-4
50	13.619972	14.250970	F#3	64	58	1	-2
51	13.859971	14.243970	G#3	64	76	1	-5
52	14.099971	14.252970	B3	64	67	1	-2
53	14.339970	14.617970	E4	64	52	0	5
54	14.579970	14.705969	A4	64	66	0	5
55	14.819969	15.316968	C#4	64	63	0	2
56	14.819969	15.319968	E4	64	67	0	5
57	14.819969	15.407968	A4	64	67	0	5
58	15.059969	16.323966	E3	64	62	1	-4
59	15.299968	15.874967	A3	64	69	1	-4
60	15.539968	15.973967	B3	64	59	1	-2
61	15.779967	16.132966	C#4	64	78	0	2
62	16.019967	16.271966	A3	64	51	1	-4
63	16.259966	16.490966	B3	64	56	1	-2
64	16.499966	16.728965	E4	64	67	0	5
65	16.739965	17.518964	A3	64	64	1	-4
66	16.739965	17.688963	D4	64	67	0	3
67	16.739965	17.715963	F#4	64	66	0	2
68	17.219964	17.527963	D3	64	55	1	-1
69	17.459964	18.085962	E3	64	80	1	-4
70	17.699963	18.087962	F#3	64	72	1	-2
71	17.939963	18.131962	A3	64	61	1	-4
72	18.179962	18.422962	D4	64	59	0	3
73	18.419962	18.589961	F#4	64	72	0	2
74	18.659961	19.205960	E4	64	76	0	5
75	18.659961	19.253960	A3	64	62	1	-4
76	19.139960	19.641959	D3	64	60	1	-1
77	19.379960	19.549959	A3	64	60	1	-4
78	19.619959	19.866959	A3	64	63	1	-4
79	19.619959	19.932958	D4	64	85	0	3
80	19.859959	20.177958	D3	64	49	1	-1
81	20.099958	20.298958	A3	64	59	1	-4
82	20.339958	20.505957	D4	64	64	0	3
83	20.579957	21.241956	E4	64	75	0	5
84	20.579957	21.310956	A4	64	76	0	5
85	20.579957	21.367955	C#4	64	78	0	2
86	21.059956	22.075954	E3	64	57	1	-4
87	21.299956	21.587955	A3	64	72	1	-4
88	21.539955	21.855954	C#4	64	75	0	2
89	21.539955	21.980954	G#4	64	73	0	4
90	21.779955	21.983954	A3	64	46	1	-4
91	22.019954	22.128954	C#4	64	76	0	2
92	22.019954	22.137954	E4	64	76	0	5
93	22.019954	22.164954	A4	64	82	0	5
94	22.499953	22.877952	B3	64	80	1	-2
95	22.499953	23.110952	E4	64	78	0	5
96	22.499953	23.370951	G#4	64	76	0	4
97	22.979952	23.243952	E3	64	64	1	-4
98	23.219952	23.756951	F#3	64	60	1	-2
99	23.459951	23.736951	G#3	64	60	1	-5
100	23.699951	23.842950	B3	64	55	1	-2
101	23.939950	24.129950	E4	64	57	0	5
102	24.179950	24.325949	A4	64	67	0	5
103	24.411949	26.023946	A3	64	71	1	-4
104	24.891948	24.964948	C#4	64	71	0	2
105	24.891948	25.018948	E4	64	71	0	5
106	25.131948	25.217947	C#4	64	73	0	2
107	25.131948	25.248947	E4	64	71	0	5
108	25.371947	25.964946	C#4	64	73	0	2
109	25.371947	25.986946	E4	64	73	0	5
110	26.331945	27.988942	A3	64	79	1	-4
111	26.811944	26.890944	C#4	64	82	0	2
112	26.811944	26.902944	E4	64	82	0	5
113	27.051944	27.117944	C#4	64	82	0	2
114	27.051944	27.139943	E4	64	82	0	5
115	27.287943	27.899942	C#4	64	77	0	2
116	27.291943	27.946942	E4	64	82	0	5
117	35.939925	36.504924	E4	64	70	0	5
118	35.939925	36.563924	C#4	64	63	0	2
119	35.939925	36.580924	A4	64	70	0	5
120	36.419924	36.895923	E4	64	54	0	5
121	36.899923	37.375922	A4	64	56	0	5
122	36.899923	37.399922	E4	64	51	0	5
123	36.899923	37.446922	C#4	64	44	0	2
124	36.899923	37.479922	A4	64	47	0	5
125	37.379922	37.615922	F#4	64	54	0	2
126	37.619922	37.855921	E4	64	61	0	5
127	37.859921	38.575920	E4	64	64	0	5
128	37.859921	38.340920	E4	64	45	0	5
129	37.859921	38.392920	C#4	64	40	0	2
130	37.859921	38.474920	A4	64	38	0	5
131	38.579920	38.815919	A4	64	87	0	5
132	38.579920	38.866919	A3	64	36	1	-4
133	38.819919	39.055919	F#4	64	77	0	2
134	38.819919	39.272918	E4	64	56	0	5
135	38.819919	39.279918	C#4	64	48	0	2
136	38.819919	39.386918	A4	64	40	0	5
137	39.059919	39.295918	E4	64	60	0	5
138	39.299918	40.255916	E4	64	85	0	5
139	39.299918	39.801917	A3	64	30	1	-4
140	39.779917	40.251916	C#4	64	49	0	2
141	39.779917	40.269916	E4	64	56	0	5
142	39.779917	40.286916	A4	64	45	0	5
143	40.259916	40.495916	A3	64	92	1	-4
144	40.499916	40.735915	B3	64	87	1	-2
145	40.739915	40.975915	C#4	64	87	0	2
146	40.739915	41.152914	E4	64	60	0	5
147	40.739915	41.159914	C#4	64	53	0	2
148	40.739915	41.409914	A4	64	47	0	5
149	40.979915	41.215914	B3	64	74	1	-2
150	41.219914	41.935913	E4	64	77	0	5
151	41.219914	41.695913	E3	64	33	1	-4
152	41.699913	42.222912	E4	64	55	0	5
153	41.699913	42.262912	C#4	64	51	0	2
154	41.699913	42.380912	A4	64	58	0	5
155	41.939913	42.655911	B3	64	87	1	-2
156	42.419912	42.763911	A3	64	20	1	-4
157	42.659911	47.935900	A3	64	81	1	-4
158	42.659911	43.079910	E4	64	57	0	5
159	42.659911	43.089910	C#4	64	50	0	2
160	42.659911	43.144910	A4	64	46	0	5
161	43.139910	43.257910	A3	64	62	1	-4
162	43.619909	44.123908	G#4	64	53	0	4
163	43.619909	44.238908	E4	64	50	0	5
164	43.619909	44.251908	B3	64	58	1	-2
165	43.619909	44.841907	E3	64	50	1	-4
166	44.579907	45.037906	B3	64	47	1	-2
167	44.579907	45.049906	G#4	64	50	0	4
168	44.579907	45.069906	E4	64	52	0	5
169	45.059906	45.656905	E3	64	44	1	-4
170	45.539905	46.028904	C#4	64	52	0	2
171	45.539905	46.035904	E4	64	53	0	5
172	45.539905	46.044904	A4	64	49	0	5
173	46.499903	46.946902	C#4	64	49	0	2
174	46.499903	46.965902	E4	64	55	0	5
175	46.499903	47.041902	A4	64	44	0	5
176	47.459901	47.987900	F#4	64	61	0	2
177	47.459901	48.007900	A3	64	62	1	-4
178	47.459901	48.010900	D4	64	62	0	3
179	47.459901	48.471899	D3	64	47	1	-1
180	47.939900	48.415899	A4	64	97	0	5
181	48.419899	48.895898	A4	64	97	0	5
182	48.419899	48.867898	A3	64	59	1	-4
183	48.419899	48.973898	D4	64	54	0	3
184	48.419899	48.988898	F#4	64	61	0	2
185	48.899898	49.135898	F#4	64	77	0	2
186	48.899898	49.605897	D3	64	49	1	-1
187	49.139898	49.375897	E4	64	66	0	5
188	49.379897	49.855896	A4	64	93	0	5
189	49.379897	49.908896	F#4	64	67	0	2
190	49.379897	49.927896	A3	64	64	1	-4
191	49.379897	49.927896	D4	64	64	0	3
192	49.859896	50.215895	A4	64	91	0	5
193	49.979896	50.417895	D3	64	13	1	-1
194	50.339895	50.935894	B4	64	66	0	2
195	50.339895	50.719894	A3	64	66	1	-4
196	50.339895	50.820894	D4	64	62	0	3
197	50.339895	50.923894	F#4	64	60	0	2
198	50.819894	51.775892	A4	64	93	0	5
199	50.819894	51.299893	D3	64	40	1	-1
200	51.299893	52.001892	E4	64	70	0	5
201	51.299893	52.018892	C#4	64	66	0	2
202	51.299893	52.079892	A4	64	66	0	5
203	51.299893	52.702890	A3	64	54	1	-4
204	51.779892	52.015892	C#4	64	73	0	2
205	52.019892	52.255891	E4	64	65	0	5
206	52.259891	52.735890	A4	64	62	0	5
207	52.259891	52.799890	E4	64	69	0	5
208	52.259891	52.804890	C#4	64	63	0	2
209	52.259891	52.977890	A4	64	67	0	5
210	52.739890	53.455889	E4	64	65	0	5
211	53.219889	53.813888	C#4	64	62	0	2
212	53.219889	53.889888	E4	64	56	0	5
213	53.219889	54.051887	A4	64	72	0	5
214	53.219889	54.357887	A3	64	44	1	-4
215	53.459889	53.695888	B3	64	84	1	-2
216	53.699888	53.935888	B3	64	75	1	-2
217	53.939888	54.175887	C#4	64	67	0	2
218	54.179887	54.655886	E4	64	93	0	5
219	54.179887	54.693886	C#4	64	70	0	2
220	54.179887	54.708886	E4	64	69	0	5
221	54.179887	54.789886	A4	64	73	0	5
222	54.659886	54.895886	F#4	64	64	0	2
223	54.659886	54.906886	A3	64	49	1	-4
224	54.899886	58.975877	E4	64	96	0	5
225	55.139885	55.508884	E3	64	49	1	-4
226	55.139885	55.725884	G#4	64	58	0	4
227	55.139885	55.809884	B3	64	58	1	-2
228	55.139885	55.811884	E4	64	54	0	5
229	55.859884	56.211883	E3	64	36	1	-4
230	56.099883	56.288883	B3	64	54	1	-2
231	56.099883	56.311883	E4	64	55	0	5
232	56.099883	56.341883	G#4	64	57	0	4
233	57.059881	57.574880	E3	64	59	1	-4
234	57.059881	57.697880	G#4	64	54	0	4
235	57.059881	57.764880	E4	64	58	0	5
236	57.059881	57.774880	B3	64	57	1	-2
237	57.779880	58.078879	E3	64	37	1	-4
238	58.019879	58.301879	B3	64	62	1	-2
239	58.019879	58.333878	G#4	64	63	0	4
240	58.019879	58.338878	E4	64	66	0	5
241	58.259879	58.472878	E3	64	51	1	-4
242	58.499878	58.706878	F#4	64	66	0	2
243	58.739878	58.937877	G#4	64	63	0	4
244	58.979877	59.455876	C#4	64	100	0	2
245	58.979877	59.702876	C#4	64	69	0	2
246	58.979877	59.705876	A4	64	70	0	5
247	58.979877	59.759875	F#4	64	72	0	2
248	59.459876	60.175875	C#4	64	96	0	2
249	59.939875	60.439874	F#4	64	62	0	2
250	59.939875	60.495874	C#4	64	59	0	2
251	59.939875	60.696874	A4	64	56	0	5
252	60.179875	60.415874	C#4	64	97	0	2
253	60.419874	60.655874	B3	64	85	1	-2
254	60.419874	60.567874	F#3	64	46	1	-2
255	60.659874	60.895873	A3	64	87	1	-4
256	60.899873	61.375872	G#3	64	90	1	-5
257	60.899873	61.505872	G#4	64	61	0	4
258	60.899873	61.600872	E4	64	63	0	5
259	60.899873	61.622872	B3	64	61	1	-2
260	60.899873	61.962871	E3	64	51	1	-4
261	61.379872	61.615872	A3	64	66	1	-4
262	61.619872	62.335870	B3	64	95	1	-2
263	61.859871	62.247870	E4	64	60	0	5
264	61.859871	62.295870	B3	64	59	1	-2
265	61.859871	62.310870	G#4	64	58	0	4
266	62.339870	62.575870	E4	64	92	0	5
267	62.339870	62.497870	E3	64	49	1	-4
268	62.579870	62.815869	A4	64	81	0	5
269	62.819869	63.295868	A4	64	62	0	5
270	62.819869	63.533868	F#4	64	62	0	2
271	62.819869	63.557868	C#4	64	57	0	2
272	62.819869	63.603867	A4	64	64	0	5
273	62.819869	63.953867	F#3	64	55	1	-2
274	63.299868	63.775867	E4	64	67	0	5
275	63.779867	64.495866	E4	64	91	0	5
276	63.779867	64.341866	F#4	64	70	0	2
277	63.779867	64.403866	C#4	64	69	0	2
278	63.779867	64.449866	A4	64	67	0	5
279	64.259866	64.445866	F#3	64	49	1	-2
280	64.499866	64.735865	C#4	64	52	0	2
281	64.739865	67.135860	C#4	64	61	0	2
282	64.739865	65.384864	A4	64	31	0	5
283	64.739865	65.403864	C#4	64	58	0	2
284	64.739865	65.423864	F#4	64	70	0	2
285	65.459864	65.800863	F#3	64	31	1	-2
286	65.699863	66.229862	B3	64	66	1	-2
287	65.699863	66.246862	E4	64	66	0	5
288	65.699863	66.507861	G#4	64	64	0	4
289	65.699863	66.673861	E3	64	58	1	-4
290	66.659861	67.361860	E4	64	63	0	5
291	66.659861	67.374860	C#4	64	60	0	2
292	66.659861	67.423860	A4	64	66	0	5
293	67.139860	67.615859	A4	64	87	0	5
294	67.619859	68.095858	A4	64	79	0	5
295	67.619859	68.116858	E4	64	62	0	5
296	67.619859	68.263858	C#4	64	57	0	2
297	67.619859	68.337858	A4	64	58	0	5
298	68.099858	68.575857	C#5	64	90	0	4
299	68.579857	68.815857	B4	64	73	0	2
300	68.579857	69.154856	E4	64	51	0	5
301	68.579857	69.188856	C#4	64	50	0	2
302	68.579857	69.279856	A4	64	54	0	5
303	68.819857	69.175856	B4	64	66	0	2
304	69.539855	69.655855	A4	64	73	0	5
305	69.539855	70.054854	E4	64	70	0	5
306	69.539855	70.091854	A4	64	67	0	5
307	69.539855	70.098854	C#4	64	66	0	2
308	69.779855	70.015854	G#4	64	73	0	4
309	70.019854	70.975852	A4	64	65	0	5
310	70.499853	70.933852	C#4	64	56	0	2
311	70.499853	70.936852	E4	64	61	0	5
312	70.499853	70.992852	A4	64	62	0	5
313	70.499853	72.188850	A2	64	57	1	-1
314	70.739853	71.927850	E3	64	57	1	-4
315	70.979852	71.455851	E4	64	77	0	5
316	70.979852	71.497851	A3	64	53	1	-4
317	71.219852	71.843850	C#4	64	60	0	2
318	71.459851	71.695851	A4	64	90	0	5
319	71.459851	71.951850	A4	64	61	0	5
320	71.459851	71.974850	E4	64	66	0	5
321	71.699851	72.055850	F#4	64	79	0	2
322	71.939850	72.192850	A3	64	34	1	-4
323	72.179850	72.424849	E3	64	57	1	-4
324	72.419849	72.535849	E4	64	87	0	5
325	72.419849	73.037848	C#4	64	50	0	2
326	72.419849	73.049848	E4	64	59	0	5
327	72.419849	73.070848	A4	64	49	0	5
328	72.419849	73.866846	A2	64	57	1	-1
329	72.899848	73.906846	E3	64	34	1	-4
330	73.139848	73.413847	A3	64	46	1	-4
331	73.379847	73.615847	A3	64	85	1	-4
332	73.379847	73.849846	C#4	64	70	0	2
333	73.379847	73.857846	E4	64	75	0	5
334	73.379847	73.899846	A4	64	70	0	5
335	73.619847	73.975846	B3	64	82	1	-2
336	73.859846	74.095846	C#4	64	90	0	2
337	73.859846	74.230845	A3	64	52	1	-4
338	74.339845	78.655836	B3	64	94	1	-2
339	74.339845	74.543845	B3	64	62	1	-2
340	74.339845	74.704844	F#4	64	64	0	2
341	74.339845	74.715844	D4	64	64	0	3
342	74.339845	76.036842	B2	64	69	1	-4
343	74.579845	76.312841	F#3	64	51	1	-2
344	74.819844	75.383843	B3	64	54	1	-2
345	75.059844	75.275843	C#4	64	52	0	2
346	75.299843	75.733842	D4	64	75	0	3
347	75.779842	75.969842	D4	64	60	0	3
348	75.779842	76.005842	B3	64	44	1	-2
349	76.259841	76.590840	D4	64	56	0	3
350	76.259841	76.612840	F#4	64	53	0	2
351	76.259841	76.666840	B4	64	73	0	2
352	76.259841	77.808838	B2	64	61	1	-4
353	76.739840	78.211837	F#3	64	44	1	-2
354	76.979840	77.795838	B3	64	44	1	-2
355	77.219839	77.550838	F#4	64	54	0	2
356	77.219839	77.615838	D5	64	60	0	5
357	77.699838	77.815838	F#4	64	57	0	2
358	77.699838	77.857838	B4	64	61	0	2
359	78.179837	78.812836	C#4	64	70	0	2
360	78.179837	78.841836	A3	64	69	1	-4
361	78.179837	78.922836	F#4	64	73	0	2
362	78.179837	81.781830	F#2	64	64	1	-4
363	78.659836	79.135835	F#4	64	103	0	2
364	79.139835	79.615834	F#4	64	99	0	2
365	79.139835	79.733834	A3	64	57	1	-4
366	79.139835	79.774834	C#4	64	63	0	2
367	79.139835	79.802834	F#4	64	64	0	2
368	79.619834	79.855834	F#4	64	95	0	2
369	79.739834	81.278831	F#3	64	24	1	-2
370	79.859834	80.095833	E4	64	90	0	5
371	80.099833	80.575832	A4	64	96	0	5
372	80.099833	80.747832	A3	64	58	1	-4
373	80.099833	80.762832	C#4	64	70	0	2
374	80.099833	80.763832	F#4	64	56	0	2
375	80.579832	81.055831	A4	64	105	0	5
376	81.059831	82.495828	A4	64	111	0	5
377	81.059831	81.671830	A3	64	64	1	-4
378	81.059831	81.678830	C#4	64	72	0	2
379	81.059831	81.714830	F#4	64	64	0	2
380	81.539830	81.808830	F#3	64	44	1	-2
381	82.019829	82.684828	C#4	64	61	0	2
382	82.019829	82.704828	A3	64	59	1	-4
383	82.019829	82.747828	F#4	64	56	0	2
384	82.019829	83.130827	F#3	64	54	1	-2
385	82.019829	83.525826	F#2	64	62	1	-4
386	82.499828	82.735828	F#4	64	101	0	2
387	82.739828	82.975827	E4	64	93	0	5
388	82.979827	83.575826	F#4	64	97	0	2
389	82.979827	83.411826	C#4	64	69	0	2
390	82.979827	83.425826	A3	64	62	1	-4
391	82.979827	83.515826	F#4	64	62	0	2
392	83.459826	84.175825	A4	64	90	0	5
393	83.459826	83.576826	F#3	64	58	1	-2
394	83.939825	84.563824	C#4	64	66	0	2
395	83.939825	84.621824	A3	64	60	1	-4
396	83.939825	84.638824	F#4	64	59	0	2
397	83.939825	85.049823	F#3	64	56	1	-2
398	83.939825	85.489822	F#2	64	50	1	-4
399	84.179825	84.535824	C#4	64	95	0	2
400	84.659824	84.895823	E4	64	98	0	5
401	84.899823	85.135823	F#4	64	103	0	2
402	84.899823	85.278822	F#4	64	64	0	2
403	84.899823	85.286822	C#4	64	70	0	2
404	84.899823	85.326822	A3	64	66	1	-4
405	85.139823	85.375822	E4	64	103	0	5
406	85.239822	86.195820	F#4	64	103	0	2
407	85.379822	85.512822	F#3	64	53	1	-2
408	85.859821	86.411820	B3	64	64	1	-2
409	85.859821	86.429820	G#3	64	63	1	-5
410	85.859821	86.465820	E4	64	61	0	5
411	85.859821	87.119819	E3	64	51	1	-4
412	85.859821	89.251814	E2	64	66	1	-1
413	86.339820	86.815819	B3	64	80	1	-2
414	86.819819	87.535818	C#4	64	83	0	2
415	86.819819	87.347818	B3	64	61	1	-2
416	86.819819	87.404818	G#3	64	53	1	-5
417	86.819819	87.439818	E4	64	55	0	5
418	87.299818	87.926817	E3	64	32	1	-4
419	87.539818	87.775817	B3	64	63	1	-2
420	87.779817	88.255816	E4	64	85	0	5
421	87.779817	88.200816	B3	64	66	1	-2
422	87.779817	88.229816	E4	64	53	0	5
423	87.779817	88.231816	G#3	64	57	1	-5
424	88.019817	89.545813	B2	64	38	1	-4
425	88.259816	88.495816	F#4	64	62	0	2
426	88.259816	88.801815	E3	64	46	1	-4
427	88.499816	88.975815	E4	64	68	0	5
428	88.499816	88.856815	G#3	64	44	1	-5
429	88.739815	89.010815	E4	64	63	0	5
430	88.739815	89.046814	B3	64	63	1	-2
431	88.979815	89.335814	C#4	64	91	0	2
432	88.979815	89.425814	E3	64	47	1	-4
433	89.219814	89.612813	G#3	64	46	1	-5
434	89.459814	89.695813	B3	64	97	1	-2
435	89.459814	89.699813	B3	64	53	1	-2
436	89.699813	90.295812	E4	64	97	0	5
437	89.699813	90.439812	C#4	64	78	0	2
438	89.699813	90.441812	A4	64	75	0	5
439	89.699813	90.442812	E4	64	78	0	5
440	89.699813	90.911811	A3	64	49	1	-4
441	89.699813	91.243810	A2	64	64	1	-1
442	90.179812	90.535811	B3	64	97	1	-2
443	90.419812	90.535811	A3	64	64	1	-4
444	90.659811	90.895811	A3	64	80	1	-4
445	90.659811	91.247810	E4	64	64	0	5
446	90.659811	91.250810	C#4	64	60	0	2
447	90.659811	91.430810	A4	64	70	0	5
448	90.899811	91.135810	B3	64	84	1	-2
449	91.139810	91.375810	C#4	64	82	0	2
450	91.139810	91.243810	A3	64	76	1	-4
451	91.379810	91.615809	E4	64	71	0	5
452	91.619809	91.735809	B3	64	64	1	-2
453	91.619809	92.202808	E4	64	69	0	5
454	91.619809	92.282808	B3	64	63	1	-2
455	91.619809	92.294808	G#4	64	70	0	4
456	91.619809	92.319808	E2	64	67	1	-1
457	91.619809	92.389808	E3	64	61	1	-4
458	92.099808	92.335808	A3	64	72	1	-4
459	92.339808	92.579807	G#3	64	72	1	-5
460	92.579807	93.055806	A3	64	93	1	-4
461	92.579807	93.093806	E4	64	73	0	5
462	92.579807	93.126806	C#4	64	70	0	2
463	92.579807	93.208806	A4	64	73	0	5
464	92.579807	95.095802	A2	64	66	1	-1
465	93.179806	93.922804	A3	64	35	1	-4
466	93.299806	93.535805	B3	64	98	1	-2
467	93.539805	97.375797	A3	64	96	1	-4
468	93.539805	94.141804	E4	64	67	0	5
469	93.539805	94.146804	A4	64	69	0	5
470	93.539805	94.201804	C#4	64	66	0	2
471	94.259804	94.640803	A3	64	48	1	-4
472	94.499803	94.977802	E4	64	67	0	5
473	94.499803	95.049802	B4	64	70	0	2
474	94.499803	95.072802	C#4	64	63	0	2
475	94.979802	95.288801	A3	64	58	1	-4
476	95.339801	95.414801	C#4	64	43	0	2
477	95.459801	95.942800	E4	64	73	0	5
478	95.459801	95.999800	C#4	64	70	0	2
479	95.459801	96.058800	A4	64	75	0	5
480	95.459801	96.423799	A2	64	73	1	-1
481	95.939800	96.075800	A3	64	45	1	-4
482	96.419799	96.776798	B3	64	85	1	-2
483	96.419799	96.802798	E4	64	93	0	5
484	96.419799	96.848798	A4	64	75	0	5
485	96.659799	96.951798	A2	64	72	1	-1
486	96.899798	97.019798	E3	64	75	1	-4
487	97.139798	97.283797	E4	64	91	0	5
488	97.379797	98.815794	A4	64	92	0	5
489	97.379797	97.803796	D3	64	70	1	-1
490	97.379797	98.027796	F#4	64	76	0	2
491	97.379797	98.085796	D4	64	67	0	3
492	97.379797	98.104796	A3	64	69	1	-4
493	97.379797	98.162795	A4	64	67	0	5
494	97.379797	98.979794	D2	64	75	1	-3
495	98.099796	98.400795	D3	64	56	1	-1
496	98.339795	98.607795	A3	64	73	1	-4
497	98.339795	98.632795	F#4	64	72	0	2
498	98.339795	98.654794	D4	64	75	0	3
499	98.579795	99.249793	D3	64	80	1	-1
500	98.819794	99.055794	B4	64	93	0	2
501	98.819794	99.002794	A3	64	69	1	-4
502	99.059794	99.295793	A4	64	84	0	5
503	99.059794	99.385793	A4	64	75	0	5
504	99.299793	100.015792	C#5	64	93	0	4
505	99.299793	99.766792	E2	64	72	1	-1
506	99.299793	100.324791	E4	64	91	0	5
507	99.299793	100.336791	G#4	64	80	0	4
508	99.299793	100.339791	B3	64	76	1	-2
509	99.539793	99.831792	B2	64	61	1	-4
510	99.779792	100.117791	E3	64	80	1	-4
511	100.019792	100.855790	C#5	64	91	0	4
512	100.019792	100.634790	F#3	64	53	1	-2
513	100.139791	100.297791	A4	64	1	0	5
514	100.259791	100.634790	G#3	64	95	1	-5
515	100.499791	100.649790	B3	64	78	1	-2
516	100.739790	100.932790	E4	64	91	0	5
517	100.979790	101.215789	B4	64	90	0	2
518	100.979790	101.170789	G#4	64	75	0	4
519	101.219789	101.695788	A4	64	80	0	5
520	101.219789	101.640788	C#4	64	80	0	2
521	101.219789	101.727788	E4	64	88	0	5
522	101.219789	101.729788	A4	64	67	0	5
523	101.219789	102.684786	A2	64	73	1	-1
524	101.459789	102.388787	E3	64	69	1	-4
525	101.699788	101.935788	B4	64	82	0	2
526	101.699788	101.949788	A3	64	72	1	-4
527	101.939788	102.415787	A4	64	90	0	5
528	101.939788	102.141787	B3	64	91	1	-2
529	101.939788	102.273787	E4	64	91	0	5
530	102.179787	102.611786	A3	64	60	1	-4
531	102.419787	102.775786	F#4	64	62	0	2
532	102.419787	102.710786	C#4	64	91	0	2
533	102.419787	102.776786	G#4	64	93	0	4
534	102.659786	103.026785	E3	64	69	1	-4
535	102.899786	105.295781	E4	64	64	0	5
536	102.899786	103.521784	C#4	64	75	0	2
537	102.899786	103.616784	A4	64	78	0	5
538	102.899786	103.634784	E4	64	85	0	5
539	103.139785	104.627782	A2	64	70	1	-1
540	103.379785	104.251783	E3	64	60	1	-4
541	103.619784	104.138783	A3	64	76	1	-4
542	103.859784	104.013783	C#4	64	75	0	2
543	104.099783	104.352783	C#4	64	85	0	2
544	104.099783	104.387783	E4	64	99	0	5
545	104.099783	104.387783	A4	64	76	0	5
546	104.339783	104.516782	A3	64	82	1	-4
547	104.339783	104.547782	E3	64	42	1	-4
548	104.579782	104.786782	C#4	64	88	0	2
549	104.819782	104.946781	A4	64	69	0	5
550	105.059781	106.495778	A4	64	101	0	5
551	105.059781	105.536780	F3	64	82	1	-3
552	105.059781	105.707780	C4	64	85	0	1
553	105.059781	105.716780	A3	64	78	1	-4
554	105.059781	105.773780	F4	64	82	0	1
555	105.059781	106.548778	F2	64	85	1	-5
556	105.779780	106.025779	F3	64	64	1	-3
557	106.019779	106.293779	A3	64	93	1	-4
558	106.019779	106.316779	F4	64	103	0	1
559	106.019779	106.318779	C4	64	106	0	1
560	106.259779	106.503778	F3	64	91	1	-3
561	106.499778	106.735778	B4	64	99	0	2
562	106.499778	106.581778	A3	64	78	1	-4
563	106.499778	106.599778	C4	64	97	0	1
564	106.499778	106.607778	F4	64	99	0	1
565	106.739778	106.975777	A4	64	90	0	5
566	106.979777	107.695776	C#5	64	95	0	4
567	106.979777	107.299776	E3	64	88	1	-4
568	106.979777	107.547776	G#3	64	93	1	-5
569	106.979777	107.588776	B3	64	97	1	-2
570	106.979777	107.594776	E4	64	66	0	5
571	106.979777	108.440774	E2	64	76	1	-1
572	107.459776	108.030775	E3	64	62	1	-4
573	107.699776	108.655774	C#5	64	91	0	4
574	107.939775	108.378774	B3	64	85	1	-2
575	107.939775	108.381774	G#3	64	80	1	-5
576	107.939775	108.412774	E4	64	85	0	5
577	108.419774	108.551774	E3	64	80	1	-4
578	108.659774	108.895773	B4	64	74	0	2
579	108.899773	109.375772	A4	64	84	0	5
580	108.899773	109.284772	E4	64	76	0	5
581	108.899773	109.362772	D4	64	80	0	3
582	108.899773	109.367772	A4	64	76	0	5
583	108.899773	110.513770	A2	64	80	1	-1
584	109.139773	110.118771	E3	64	64	1	-4
585	109.379772	109.615772	B4	64	72	0	2
586	109.379772	109.680771	A3	64	59	1	-4
587	109.619772	110.095771	A4	64	90	0	5
588	109.619772	110.086771	C#4	64	95	0	2
589	109.619772	110.098771	A4	64	67	0	5
590	109.619772	110.121771	E4	64	80	0	5
591	110.099771	110.335770	F#4	64	66	0	2
592	110.099771	110.537770	A3	64	56	1	-4
593	110.339770	112.735765	E4	64	84	0	5
594	110.339770	111.270768	E4	64	72	0	5
595	110.339770	111.283768	B3	64	78	1	-2
596	110.579770	110.806769	E3	64	62	1	-4
597	110.819769	112.073767	A2	64	78	1	-1
598	111.059769	111.622767	E3	64	53	1	-4
599	111.299768	111.818767	A3	64	60	1	-4
600	111.539768	111.686767	B3	64	76	1	-2
601	111.779767	112.119766	B3	64	73	1	-2
602	111.779767	112.210766	E4	64	93	0	5
603	112.019767	112.376766	E3	64	67	1	-4
604	112.499766	112.601765	B3	64	78	1	-2
605	112.739765	112.975765	C#4	64	97	0	2
606	112.739765	113.291764	C#3	64	73	1	-2
607	112.739765	113.396764	G#4	64	62	0	4
608	112.739765	113.528763	E4	64	76	0	5
609	112.739765	113.551763	B3	64	73	1	-2
610	112.739765	114.207762	C#2	64	63	1	-4
611	112.979765	113.455764	C#4	64	94	0	2
612	113.442764	113.720763	C#3	64	100	1	-2
613	113.459764	113.695763	B3	64	90	1	-2
614	113.699763	114.175762	C#4	64	94	0	2
615	113.699763	114.183762	G#4	64	69	0	4
616	113.699763	114.187762	E4	64	67	0	5
617	113.699763	114.226762	B3	64	63	1	-2
618	114.179762	114.415762	C#4	64	94	0	2
619	114.179762	114.309762	C#3	64	70	1	-2
620	114.419762	114.655761	E4	64	93	0	5
621	114.659761	115.135760	F#4	64	98	0	2
622	114.659761	115.432760	C#4	64	73	0	2
623	114.659761	115.439760	A4	64	67	0	5
624	114.659761	115.458759	F#4	64	75	0	2
625	114.659761	115.916759	F#3	64	69	1	-2
626	114.659761	116.300758	F#2	64	70	1	-4
627	115.139760	115.615759	A4	64	91	0	5
628	115.619759	115.735759	C#4	64	91	0	2
629	115.619759	116.242758	F#4	64	72	0	2
630	115.619759	116.252758	C#4	64	67	0	2
631	115.619759	116.266758	A4	64	70	0	5
632	115.739759	116.575757	E4	64	91	0	5
633	116.099758	116.235758	F#3	64	69	1	-2
634	116.579757	116.815757	A3	64	90	1	-4
635	116.589757	117.122756	C#4	64	81	0	2
636	116.598757	117.099756	A3	64	87	1	-4
637	116.598757	117.108756	A4	64	86	0	5
638	116.598757	117.111756	E4	64	81	0	5
639	116.614757	116.987756	E3	64	77	1	-4
640	116.614757	117.766755	A2	64	79	1	-1
641	116.819757	117.295756	A3	64	75	1	-4
642	117.285756	117.568755	E3	64	81	1	-4
643	117.299756	117.535755	B3	64	87	1	-2
644	117.527755	117.852754	E4	64	84	0	5
645	117.537755	117.839754	A3	64	100	1	-4
646	117.537755	117.872754	C#4	64	90	0	2
647	117.539755	118.015754	C#4	64	87	0	2
648	117.540755	117.859754	A4	64	92	0	5
649	117.746755	118.020754	E3	64	85	1	-4
650	118.001754	118.044754	A2	64	72	1	-1
651	118.019754	118.495753	E4	64	87	0	5
652	118.470753	118.960752	F#4	64	95	0	2
653	118.474753	119.003752	A3	64	91	1	-4
654	118.477753	118.974752	D4	64	90	0	3
655	118.486753	118.901752	D3	64	84	1	-1
656	118.486753	119.675751	D2	64	89	1	-3
657	118.499753	118.975752	A4	64	84	0	5
658	118.979752	119.215752	F#4	64	92	0	2
659	119.166752	119.477751	D3	64	83	1	-1
660	119.219752	119.455751	E4	64	68	0	5
661	119.422751	119.840750	F#4	64	97	0	2
662	119.429751	119.831750	A3	64	99	1	-4
663	119.432751	119.824750	D4	64	91	0	3
664	119.459751	120.895748	F#4	64	96	0	2
665	119.661751	119.979750	D3	64	88	1	-1
666	119.918750	120.029750	D2	64	93	1	-3
667	120.127750	120.176750	D2	64	68	1	-3
668	120.385749	120.961748	G#3	64	91	1	-5
669	120.385749	121.001748	C#4	64	84	0	2
670	120.390749	120.930748	E4	64	85	0	5
671	120.391749	120.909748	C#3	64	90	1	-2
672	120.394749	121.612747	C#2	64	90	1	-4
673	120.899748	121.375747	E4	64	97	0	5
674	121.095748	121.419747	C#3	64	87	1	-2
675	121.354747	121.635747	E4	64	94	0	5
676	121.354747	121.643747	G#3	64	104	1	-5
677	121.354747	121.722746	C#4	64	95	0	2
678	121.379747	121.855746	E4	64	97	0	5
679	121.591747	121.883746	C#3	64	83	1	-2
680	121.828746	121.882746	C#2	64	91	1	-4
681	121.859746	122.095746	E4	64	91	0	5
682	122.099746	123.295743	E4	64	95	0	5
683	122.309745	122.876744	F#4	64	97	0	2
684	122.311745	122.918744	C#4	64	92	0	2
685	122.314745	122.939744	A3	64	97	1	-4
686	122.316745	123.355743	F#2	64	95	1	-4
687	122.319745	122.791744	F#3	64	95	1	-2
688	123.035744	123.550743	F#3	64	95	1	-2
689	123.273743	123.554743	F#4	64	103	0	2
690	123.273743	123.568743	C#4	64	97	0	2
691	123.276743	123.513743	A3	64	104	1	-4
692	123.299743	123.775742	F#4	64	103	0	2
693	123.497743	123.707742	F#2	64	69	1	-4
694	123.760742	123.919742	E3	64	88	1	-4
695	123.760742	123.960742	E4	64	85	0	5
696	123.760742	123.978742	G#3	64	100	1	-5
697	123.767742	123.973742	B3	64	80	1	-2
698	123.768742	124.109741	E2	64	85	1	-1
699	123.779742	124.015742	A4	64	105	0	5
700	124.000742	124.101741	E3	64	79	1	-4
701	124.019742	125.095739	A4	64	109	0	5
702	124.233741	124.819740	F#3	64	100	1	-2
703	124.238741	124.820740	D4	64	90	0	3
704	124.244741	124.775740	A3	64	79	1	-4
705	124.244741	124.811740	D3	64	100	1	-1
706	124.248741	125.471739	D2	64	105	1	-3
707	124.965740	125.307739	D3	64	95	1	-1
708	125.190739	125.593738	F#3	64	104	1	-2
709	125.198739	125.634738	D4	64	92	0	3
710	125.198739	125.670738	A3	64	91	1	-4
711	125.219739	125.455739	A4	64	96	0	5
712	125.410739	125.761738	D3	64	74	1	-1
713	125.459739	125.695738	A4	64	95	0	5
714	125.641738	125.761738	D2	64	95	1	-3
715	125.699738	125.935738	A4	64	92	0	5
716	125.939738	126.175737	B4	64	90	0	2
717	126.148737	126.830736	G#3	64	92	1	-5
718	126.155737	126.731736	E3	64	92	1	-4
719	126.155737	126.811736	E4	64	88	0	5
720	126.155737	126.842736	B3	64	90	1	-2
721	126.155737	127.450734	E2	64	93	1	-1
722	126.179737	126.655736	C#5	64	99	0	4
723	126.659736	127.135735	C#5	64	105	0	4
724	126.912736	127.234735	E3	64	83	1	-4
725	127.136735	127.399735	G#3	64	104	1	-5
726	127.139735	127.375735	B4	64	95	0	2
727	127.141735	127.442734	E4	64	88	0	5
728	127.141735	127.471734	B3	64	95	1	-2
729	127.354735	127.657734	E3	64	79	1	-4
730	127.379735	128.095733	A4	64	94	0	5
731	127.584734	127.639734	E2	64	84	1	-1
732	128.050733	128.498732	E4	64	88	0	5
733	128.050733	128.526732	C#4	64	91	0	2
734	128.058733	128.480732	A4	64	96	0	5
735	128.058733	128.518732	A3	64	102	1	-4
736	128.058733	131.217727	A2	64	92	1	-1
737	128.060733	128.940731	E3	64	88	1	-4
738	128.099733	128.815732	A4	64	98	0	5
739	128.764732	129.147731	C#4	64	87	0	2
740	128.764732	129.147731	E4	64	90	0	5
741	128.769732	129.097731	A3	64	100	1	-4
742	128.769732	129.109731	A4	64	95	0	5
743	128.819732	131.935725	C#4	64	100	0	2
744	129.268731	129.645730	E3	64	87	1	-4
745	129.491730	129.702730	B4	64	92	0	2
746	129.491730	129.730730	C#4	64	80	0	2
747	129.494730	129.670730	B3	64	100	1	-2
748	129.494730	129.749730	E4	64	88	0	5
749	130.017729	130.326728	E3	64	90	1	-4
750	130.222729	130.402728	B4	64	99	0	2
751	130.228729	130.422728	C#4	64	100	0	2
752	130.460728	130.716728	E3	64	91	1	-4
753	130.684728	131.081727	C#4	64	63	0	2
754	130.691728	130.851727	B4	64	92	0	2
755	130.691728	130.918727	B3	64	95	1	-2
756	130.698728	131.122727	E4	64	75	0	5
757	130.951727	131.475726	E3	64	108	1	-4
758	131.176727	131.450726	A4	64	99	0	5
759	131.176727	131.499726	E4	64	47	0	5
760	131.181727	131.485726	C#4	64	68	0	2
761	131.181727	131.503726	A3	64	104	1	-4
762	131.425726	131.473726	A2	64	88	1	-1
763	131.905725	132.467724	F#4	64	94	0	2
764	131.905725	132.475724	A3	64	99	1	-4
765	131.905725	132.478724	C#4	64	87	0	2
766	131.907725	132.446724	F#3	64	99	1	-2
767	131.910725	133.143723	F#2	64	94	1	-4
768	131.939725	132.295724	F#4	64	108	0	2
769	132.299724	132.655724	F#4	64	97	0	2
770	132.621724	132.970723	F#3	64	95	1	-2
771	132.659724	132.895723	E4	64	101	0	5
772	132.862723	133.366722	F#4	64	101	0	2
773	132.862723	133.415722	C#4	64	99	0	2
774	132.863723	133.386722	A3	64	110	1	-4
775	132.899723	133.375722	A4	64	94	0	5
776	133.115723	133.417722	F#3	64	88	1	-2
777	133.363722	133.476722	F#2	64	90	1	-4
778	133.379722	133.615722	F#4	64	100	0	2
779	133.619722	133.855721	E4	64	100	0	5
780	133.819721	134.486720	G#3	64	95	1	-5
781	133.827721	134.404720	E3	64	94	1	-4
782	133.827721	134.475720	B3	64	92	1	-2
783	133.827721	134.498720	E4	64	90	0	5
784	133.827721	135.060719	E2	64	93	1	-1
785	133.859721	134.215720	C#4	64	79	0	2
786	134.219720	134.575720	E4	64	75	0	5
787	134.550720	134.884719	E3	64	102	1	-4
788	134.579720	134.815719	F#4	64	96	0	2
789	134.797719	135.121718	E4	64	97	0	5
790	134.797719	135.143718	G#3	64	106	1	-5
791	134.797719	135.161718	B3	64	104	1	-2
792	134.819719	137.455714	E4	64	95	0	5
793	135.021719	135.365718	E3	64	79	1	-4
794	135.277718	135.368718	E2	64	102	1	-1
795	135.759717	136.448716	G#3	64	99	1	-5
796	135.761717	136.444716	E4	64	92	0	5
797	135.763717	136.448716	B3	64	95	1	-2
798	135.770717	136.380716	E3	64	102	1	-4
799	135.770717	136.980715	E2	64	103	1	-1
800	136.461716	136.807715	E3	64	88	1	-4
801	136.726715	137.047714	E4	64	100	0	5
802	136.726715	137.059714	G#3	64	111	1	-5
803	136.726715	137.074714	B3	64	102	1	-2
804	136.942715	137.341714	E3	64	87	1	-4
805	137.215714	137.335714	E2	64	107	1	-1
806	137.459714	137.695713	E4	64	91	0	5
807	137.680713	138.201712	G#3	64	90	1	-5
808	137.684713	138.221712	E4	64	88	0	5
809	137.688713	138.187712	B3	64	88	1	-2
810	137.699713	138.175712	B4	64	101	0	2
811	137.700713	138.267712	E3	64	77	1	-4
812	137.702713	138.916711	E2	64	80	1	-1
813	138.179712	139.135710	B4	64	103	0	2
814	138.421712	138.693711	E3	64	92	1	-4
815	138.651711	139.154710	G#3	64	102	1	-5
816	138.658711	139.174710	B3	64	92	1	-2
817	138.658711	139.178710	E4	64	92	0	5
818	138.868711	139.183710	E3	64	90	1	-4
819	139.138710	139.188710	E2	64	105	1	-1
820	139.139710	139.615709	E4	64	87	0	5
821	139.619709	140.095708	C#5	64	97	0	4
822	139.621709	141.570705	A#3	64	92	1	-3
823	139.621709	141.594705	C#4	64	90	0	2
824	139.621709	141.604705	F#4	64	94	0	2
825	139.626709	141.582705	F#3	64	87	1	-2
826	139.626709	141.588705	F#2	64	84	1	-4
827	140.099708	141.535705	C#5	64	101	0	4
828	141.539705	141.775705	B4	64	99	0	2
829	141.779705	142.015704	A4	64	87	0	5
830	142.019704	142.255704	F#4	64	77	0	2
831	142.259704	142.735703	E4	64	62	0	5
832	142.499703	143.011702	B3	64	73	1	-2
833	142.499703	143.014702	D4	64	72	0	3
834	142.499703	143.039702	G#3	64	70	1	-5
835	142.739703	143.215702	A4	64	83	0	5
836	142.979702	143.075702	E3	64	69	1	-4
837	143.219702	143.455701	B4	64	96	0	2
838	143.459701	155.455676	A4	64	103	0	5
839	143.459701	143.872700	A2	64	69	1	-1
840	143.459701	144.170700	C#4	64	75	0	2
841	143.459701	144.177700	A3	64	78	1	-4
842	143.459701	144.206700	E3	64	67	1	-4
843	143.459701	144.902698	A1	64	75	1	-3
844	144.179700	144.616699	A2	64	50	1	-1
845	144.419699	144.955698	E3	64	73	1	-4
846	144.419699	144.987698	A3	64	78	1	-4
847	144.419699	144.997698	C#4	64	70	0	2
848	144.899698	145.044698	A2	64	63	1	-1
849	145.379697	145.590697	C#4	64	76	0	2
850	145.379697	145.618697	A4	64	72	0	5
851	145.379697	145.639697	E4	64	66	0	5
852	145.379697	146.897694	A2	64	69	1	-1
853	145.739696	145.878696	B3	64	69	1	-2
854	145.739696	146.056696	G#4	64	70	0	4
855	146.099696	146.584695	E4	64	67	0	5
856	146.099696	146.634695	C#4	64	70	0	2
857	146.099696	146.679694	A4	64	72	0	5
858	146.459695	146.691694	A3	64	48	1	-4
859	146.819694	147.221693	E4	64	76	0	5
860	147.059694	147.192693	F#4	64	46	0	2
861	147.299693	147.828692	A3	64	62	1	-4
862	147.299693	147.835692	E3	64	60	1	-4
863	147.299693	147.836692	B3	64	78	1	-2
864	147.299693	147.843692	C#4	64	80	0	2
865	147.299693	147.858692	E4	64	70	0	5
866	147.299693	147.880692	A2	64	64	1	-1
867	147.299693	147.881692	A4	64	56	0	5
868	154.986677	155.592676	C#4	64	59	0	2
869	154.986677	155.598676	A4	64	62	0	5
870	154.992677	155.589676	E4	64	62	0	5
871	155.003677	155.506676	A3	64	48	1	-4
872	155.007677	156.194675	E3	64	56	1	-4
873	155.007677	156.430674	A2	64	58	1	-1
874	155.459676	155.935675	E4	64	54	0	5
875	155.700676	155.978675	A3	64	57	1	-4
876	155.932675	156.487674	C#4	64	67	0	2
877	155.932675	156.488674	A4	64	73	0	5
878	155.935675	156.507674	E4	64	71	0	5
879	155.939675	156.415674	A4	64	56	0	5
880	156.177675	156.509674	A3	64	55	1	-4
881	156.408674	156.530674	E3	64	63	1	-4
882	156.419674	156.655674	F#4	64	54	0	2
883	156.659674	156.895673	E4	64	61	0	5
884	156.873673	157.484672	C#4	64	64	0	2
885	156.883673	157.513672	E4	64	65	0	5
886	156.883673	157.530672	A4	64	70	0	5
887	156.893673	158.349670	A2	64	57	1	-1
888	156.899673	157.615672	E4	64	64	0	5
889	156.902673	158.101671	E3	64	63	1	-4
890	156.904673	157.394672	A3	64	56	1	-4
891	157.619672	157.855671	A4	64	87	0	5
892	157.629672	157.908671	A3	64	55	1	-4
893	157.859671	158.095671	F#4	64	77	0	2
894	157.866671	158.445670	A4	64	80	0	5
895	157.869671	158.426670	C#4	64	76	0	2
896	157.871671	158.446670	E4	64	76	0	5
897	158.083671	158.398670	A3	64	56	1	-4
898	158.099671	158.335670	E4	64	60	0	5
899	158.339670	159.295668	E4	64	85	0	5
900	158.356670	158.406670	E3	64	63	1	-4
901	158.819669	159.353668	C#4	64	64	0	2
902	158.831669	159.381668	E4	64	68	0	5
903	158.831669	159.385668	A4	64	64	0	5
904	158.839669	160.025667	E3	64	56	1	-4
905	158.843669	159.324668	A3	64	52	1	-4
906	158.847669	160.266666	A2	64	51	1	-1
907	159.299668	159.535668	A3	64	92	1	-4
908	159.476668	159.767667	A3	64	45	1	-4
909	159.539668	159.775667	B3	64	87	1	-2
910	159.747667	160.263666	A4	64	71	0	5
911	159.747667	160.281666	C#4	64	75	0	2
912	159.751667	160.276666	E4	64	69	0	5
913	159.779667	160.015667	C#4	64	87	0	2
914	159.970667	160.280666	A3	64	62	1	-4
915	160.019667	160.255666	B3	64	74	1	-2
916	160.232666	160.305666	E3	64	54	1	-4
917	160.238666	160.511666	F#4	64	60	0	2
918	160.259666	160.975665	E4	64	77	0	5
919	160.460666	161.311664	E4	64	67	0	5
920	160.728665	161.300664	C#4	64	59	0	2
921	160.728665	161.320664	A4	64	57	0	5
922	160.738665	161.197664	A3	64	62	1	-4
923	160.738665	161.929663	E3	64	63	1	-4
924	160.738665	162.185662	A2	64	61	1	-1
925	160.979665	161.455664	B3	64	87	1	-2
926	161.448664	161.724663	A3	64	69	1	-4
927	161.459664	161.695663	A3	64	87	1	-4
928	161.685663	162.180662	A4	64	80	0	5
929	161.689663	162.047662	C#4	64	81	0	2
930	161.689663	162.199662	E4	64	76	0	5
931	161.699663	166.975652	A3	64	81	1	-4
932	161.926663	162.204662	A3	64	72	1	-4
933	162.183662	162.420662	E3	64	71	1	-4
934	162.392662	162.438662	A2	64	65	1	-1
935	162.640661	163.166660	G#3	64	76	1	-5
936	162.645661	163.196660	E3	64	50	1	-4
937	162.652661	163.170660	E4	64	67	0	5
938	162.658661	163.190660	B3	64	67	1	-2
939	162.658661	163.892659	E2	64	59	1	-1
940	163.348660	163.680659	E3	64	79	1	-4
941	163.612659	163.913659	G#3	64	90	1	-5
942	163.612659	164.015658	B3	64	84	1	-2
943	163.612659	164.074658	E4	64	87	0	5
944	163.844659	164.130658	E3	64	72	1	-4
945	164.088658	164.130658	E2	64	71	1	-1
946	164.568657	165.246656	C#4	64	71	0	2
947	164.577657	165.220656	A3	64	72	1	-4
948	164.577657	165.237656	E4	64	72	0	5
949	164.586657	165.134656	E3	64	62	1	-4
950	164.589657	165.801655	A2	64	59	1	-1
951	165.299656	165.585655	E3	64	90	1	-4
952	165.519655	165.938654	C#4	64	85	0	2
953	165.522655	165.983654	A3	64	91	1	-4
954	165.522655	166.003654	E4	64	83	0	5
955	165.766655	166.033654	E3	64	85	1	-4
956	165.999654	166.050654	A2	64	69	1	-1
957	166.485653	167.070652	A3	64	74	1	-4
958	166.485653	167.070652	F#4	64	73	0	2
959	166.490653	167.080652	D4	64	72	0	3
960	166.499653	167.740651	D2	64	62	1	-3
961	166.503653	167.003652	D3	64	61	1	-1
962	166.979652	167.455651	A4	64	97	0	5
963	167.208652	167.520651	D3	64	83	1	-1
964	167.459651	167.935650	A4	64	97	0	5
965	167.463651	168.046650	F#4	64	89	0	2
966	167.468651	168.048650	A3	64	94	1	-4
967	167.468651	168.067650	D4	64	87	0	3
968	167.699651	167.983650	D3	64	81	1	-1
969	167.939650	168.175650	F#4	64	77	0	2
970	167.940650	167.995650	D2	64	75	1	-3
971	168.179650	168.415649	E4	64	66	0	5
972	168.419649	168.895648	A4	64	93	0	5
973	168.426649	169.069648	A3	64	75	1	-4
974	168.426649	169.079648	F#4	64	79	0	2
975	168.434649	168.934648	D3	64	62	1	-1
976	168.434649	169.100648	D4	64	69	0	3
977	168.440649	169.643647	D2	64	62	1	-3
978	168.899648	169.375647	A4	64	91	0	5
979	169.123648	169.419647	D3	64	83	1	-1
980	169.366647	169.956646	F#4	64	91	0	2
981	169.371647	169.944646	A3	64	94	1	-4
982	169.375647	169.925646	D4	64	85	0	3
983	169.379647	169.855646	B4	64	66	0	2
984	169.613647	169.880646	D3	64	76	1	-1
985	169.843646	169.888646	D2	64	69	1	-3
986	169.859646	170.695644	A4	64	93	0	5
987	170.362645	170.988644	E4	64	67	0	5
988	170.362645	170.991644	C#4	64	67	0	2
989	170.369645	170.976644	A3	64	67	1	-4
990	170.369645	171.796642	A2	64	56	1	-1
991	170.372645	170.882644	E3	64	64	1	-4
992	170.819644	171.055644	C#4	64	73	0	2
993	171.040644	171.363643	E3	64	81	1	-4
994	171.059644	171.295643	E4	64	65	0	5
995	171.289643	171.917642	C#4	64	90	0	2
996	171.297643	171.903642	A3	64	90	1	-4
997	171.297643	171.905642	E4	64	84	0	5
998	171.299643	171.775642	A4	64	62	0	5
999	171.527643	171.586643	E3	64	63	1	-4
1000	171.779642	172.615640	E4	64	65	0	5
1001	171.780642	171.830642	E3	64	71	1	-4
1002	172.269641	172.903640	C#4	64	72	0	2
1003	172.274641	172.878640	A3	64	76	1	-4
1004	172.274641	172.884640	E4	64	75	0	5
1005	172.292641	172.742640	E3	64	62	1	-4
1006	172.293641	173.456639	A2	64	58	1	-1
1007	172.499641	172.735640	B3	64	84	1	-2
1008	172.739640	172.975640	B3	64	75	1	-2
1009	172.963640	173.246639	E3	64	74	1	-4
1010	172.979640	173.215639	C#4	64	67	0	2
1011	173.201639	173.671638	E4	64	80	0	5
1012	173.201639	173.698638	A3	64	90	1	-4
1013	173.201639	173.724638	C#4	64	90	0	2
1014	173.219639	173.575638	E4	64	93	0	5
1015	173.434639	173.702638	E3	64	74	1	-4
1016	173.688638	173.733638	A2	64	67	1	-1
1017	173.699638	173.935638	F#4	64	64	0	2
1018	173.939638	178.015629	E4	64	96	0	5
1019	174.172637	174.800636	G#3	64	81	1	-5
1020	174.181637	174.785636	B3	64	76	1	-2
1021	174.181637	174.787636	E4	64	74	0	5
1022	174.185637	174.734636	E3	64	74	1	-4
1023	174.188637	175.586634	E2	64	76	1	-1
1024	174.912636	175.196635	E3	64	69	1	-4
1025	175.137635	175.694634	G#3	64	90	1	-5
1026	175.137635	175.701634	B3	64	85	1	-2
1027	175.143635	175.699634	E4	64	83	0	5
1028	175.373635	175.641634	E3	64	61	1	-4
1029	175.613634	175.705634	B2	64	76	1	-4
1030	176.088633	176.563632	G#3	64	99	1	-5
1031	176.090633	176.549632	B3	64	87	1	-2
1032	176.094633	176.563632	E4	64	87	0	5
1033	176.099633	177.529630	E2	64	81	1	-1
1034	176.102633	176.491632	E3	64	76	1	-4
1035	176.829632	177.291631	G#3	64	102	1	-5
1036	176.832632	177.304631	B3	64	91	1	-2
1037	176.838632	177.315631	E4	64	88	0	5
1038	177.308631	177.807630	E3	64	75	1	-4
1039	177.525630	177.680630	G#3	64	84	1	-5
1040	177.531630	177.695630	B3	64	79	1	-2
1041	177.538630	177.682630	E4	64	72	0	5
1042	177.766630	177.809630	E2	64	68	1	-1
1043	178.019629	178.495628	C#4	64	100	0	2
1044	178.023629	178.597628	F#4	64	97	0	2
1045	178.023629	178.622628	A3	64	92	1	-4
1046	178.026629	178.550628	F#3	64	64	1	-2
1047	178.026629	178.629628	C#4	64	87	0	2
1048	178.029629	179.228627	F#2	64	69	1	-4
1049	178.499628	179.215627	C#4	64	96	0	2
1050	178.739628	179.063627	F#3	64	83	1	-2
1051	178.996627	179.531626	A3	64	95	1	-4
1052	178.996627	179.576626	F#4	64	97	0	2
1053	178.996627	179.602626	C#4	64	88	0	2
1054	179.219627	179.455626	C#4	64	97	0	2
1055	179.241627	179.544626	F#3	64	77	1	-2
1056	179.459626	179.695626	B3	64	85	1	-2
1057	179.468626	179.533626	F#2	64	69	1	-4
1058	179.658626	179.784625	F#2	64	63	1	-4
1059	179.699626	179.935625	A3	64	87	1	-4
1060	179.925625	180.274624	G#3	64	90	1	-5
1061	179.925625	180.310624	E4	64	83	0	5
1062	179.931625	180.293624	B3	64	79	1	-2
1063	179.939625	180.535624	G#3	64	90	1	-5
1064	179.940625	180.517624	E3	64	75	1	-4
1065	179.947625	181.317622	E2	64	74	1	-1
1066	180.384624	180.934623	E4	64	76	0	5
1067	180.386624	180.926623	B3	64	72	1	-2
1068	180.389624	180.926623	G#3	64	75	1	-5
1069	180.419624	180.655624	A3	64	66	1	-4
1070	180.659624	181.375622	B3	64	95	1	-2
1071	180.909623	181.174623	E3	64	92	1	-4
1072	181.102623	181.461622	G#3	64	94	1	-5
1073	181.107623	181.461622	E4	64	84	0	5
1074	181.107623	181.476622	B3	64	84	1	-2
1075	181.349622	181.600622	E3	64	88	1	-4
1076	181.379622	181.495622	E4	64	92	0	5
1077	181.560622	181.603622	E2	64	77	1	-1
1078	181.619622	181.855621	A4	64	81	0	5
1079	181.827621	182.178620	F#4	64	94	0	2
1080	181.827621	182.182620	A3	64	92	1	-4
1081	181.830621	182.194620	C#4	64	87	0	2
1082	181.839621	182.608620	F#3	64	77	1	-2
1083	181.842621	183.313618	F#2	64	76	1	-4
1084	181.859621	182.335620	A4	64	62	0	5
1085	182.276620	182.863619	C#4	64	63	0	2
1086	182.288620	182.831619	F#4	64	63	0	2
1087	182.288620	182.841619	A3	64	77	1	-4
1088	182.339620	182.815619	E4	64	67	0	5
1089	182.804619	183.333618	F#3	64	87	1	-2
1090	182.819619	183.535618	E4	64	91	0	5
1091	183.004619	183.150618	A3	64	90	1	-4
1092	183.257618	183.553618	F#4	64	91	0	2
1093	183.257618	183.557618	A3	64	90	1	-4
1094	183.257618	183.577618	C#4	64	87	0	2
1095	183.419618	183.775617	C#4	64	52	0	2
1096	183.489618	183.570618	F#2	64	77	1	-4
1097	183.503618	183.573618	F#3	64	83	1	-2
1098	183.738617	183.999617	A3	64	91	1	-4
1099	183.738617	184.012617	F#4	64	92	0	2
1100	183.742617	184.033617	C#4	64	94	0	2
1101	183.742617	184.384616	F#3	64	85	1	-2
1102	183.744617	184.741615	F#2	64	77	1	-4
1103	183.779617	186.175612	C#4	64	61	0	2
1104	184.247616	184.838615	F#4	64	95	0	2
1105	184.254616	184.792615	A3	64	94	1	-4
1106	184.254616	184.917615	C#4	64	84	0	2
1107	184.737615	184.958615	F#3	64	85	1	-2
1108	184.959615	185.179614	F#2	64	64	1	-4
1109	185.199614	185.389614	G#3	64	95	1	-5
1110	185.201614	185.494614	E3	64	75	1	-4
1111	185.204614	185.293614	E2	64	75	1	-1
1112	185.204614	185.399614	E4	64	87	0	5
1113	185.207614	185.389614	B3	64	84	1	-2
1114	185.406614	185.453614	E2	64	57	1	-1
1115	185.699613	186.373612	E3	64	68	1	-4
1116	185.699613	186.432612	A4	64	93	0	5
1117	185.699613	186.454612	A3	64	97	1	-4
1118	185.699613	186.471612	E4	64	80	0	5
1119	185.699613	186.473612	C#4	64	87	0	2
1120	185.699613	187.004610	A2	64	67	1	-1
1121	186.179612	186.655611	A4	64	87	0	5
1122	186.399612	186.872611	E3	64	74	1	-4
1123	186.659611	187.135610	A4	64	79	0	5
1124	186.659611	187.332610	A3	64	99	1	-4
1125	186.659611	187.381610	E4	64	85	0	5
1126	186.659611	187.390610	C#4	64	88	0	2
1127	186.679611	187.290610	A4	64	99	0	5
1128	186.899611	187.045610	E3	64	58	1	-4
1129	187.139610	187.615609	C#5	64	90	0	4
1130	187.139610	187.221610	E3	64	69	1	-4
1131	187.379610	187.440609	E3	64	76	1	-4
1132	187.619609	187.855609	B4	64	73	0	2
1133	187.619609	188.130608	E3	64	67	1	-4
1134	187.619609	188.248608	A4	64	80	0	5
1135	187.619609	188.259608	E4	64	72	0	5
1136	187.619609	188.273608	A3	64	85	1	-4
1137	187.619609	188.295608	C#4	64	76	0	2
1138	187.619609	188.831607	A2	64	74	1	-1
1139	187.859609	188.215608	B4	64	66	0	2
1140	188.219608	188.575607	B4	64	69	0	2
1141	188.339608	188.643607	E3	64	80	1	-4
1142	188.579607	188.695607	A4	64	73	0	5
1143	188.579607	189.117606	E4	64	79	0	5
1144	188.579607	189.122606	A3	64	95	1	-4
1145	188.579607	189.122606	A4	64	93	0	5
1146	188.579607	189.132606	C#4	64	84	0	2
1147	188.819607	189.059606	G#4	64	73	0	4
1148	188.819607	189.113606	E3	64	75	1	-4
1149	189.059606	189.895604	A4	64	65	0	5
1150	189.059606	189.103606	A2	64	75	1	-1
1151	189.539605	190.025604	E3	64	79	1	-4
1152	189.539605	190.153604	A3	64	88	1	-4
1153	189.539605	190.163604	E4	64	77	0	5
1154	189.539605	190.163604	A4	64	90	0	5
1155	189.539605	190.184604	C#4	64	85	0	2
1156	189.539605	190.774603	A2	64	76	1	-1
1157	190.019604	190.495603	E4	64	77	0	5
1158	190.259604	190.559603	E3	64	88	1	-4
1159	190.499603	190.735603	A4	64	90	0	5
1160	190.499603	191.068602	A4	64	89	0	5
1161	190.499603	191.071602	A3	64	92	1	-4
1162	190.499603	191.073602	E4	64	77	0	5
1163	190.499603	191.084602	C#4	64	83	0	2
1164	190.739603	191.215602	A4	64	79	0	5
1165	190.739603	191.029602	E3	64	81	1	-4
1166	190.979602	191.039602	A2	64	77	1	-1
1167	191.219602	191.455601	E4	64	62	0	5
1168	191.459601	192.415599	E4	64	87	0	5
1169	191.459601	191.800600	A4	64	89	0	5
1170	191.459601	191.812600	E4	64	80	0	5
1171	191.459601	191.830600	A3	64	91	1	-4
1172	191.459601	191.841600	C#4	64	85	0	2
1173	191.459601	192.294599	E3	64	80	1	-4
1174	191.459601	192.787598	A2	64	80	1	-1
1175	191.939600	192.415599	A3	64	79	1	-4
1176	192.179600	192.658599	A4	64	89	0	5
1177	192.179600	192.681599	A3	64	91	1	-4
1178	192.179600	192.685599	E4	64	76	0	5
1179	192.179600	192.691599	C#4	64	81	0	2
1180	192.419599	192.895598	B3	64	82	1	-2
1181	192.659599	193.124598	E3	64	88	1	-4
1182	192.899598	192.963598	E4	64	61	0	5
1183	192.899598	193.010598	A3	64	87	1	-4
1184	192.899598	193.037598	C#4	64	74	0	2
1185	192.899598	193.058598	A4	64	87	0	5
1186	193.139598	193.375597	C#4	64	90	0	2
1187	193.139598	193.204597	A2	64	64	1	-1
1188	193.379597	197.695588	B3	64	94	1	-2
1189	193.379597	193.866596	F#3	64	75	1	-2
1190	193.379597	193.890596	B4	64	84	0	2
1191	193.379597	193.896596	B3	64	84	1	-2
1192	193.379597	193.897596	B2	64	72	1	-4
1193	193.379597	193.903596	D4	64	74	0	3
1194	193.379597	193.927596	F#4	64	83	0	2
1195	194.099596	194.529595	B3	64	100	1	-2
1196	194.099596	194.564595	B4	64	93	0	2
1197	194.099596	194.657594	F#4	64	87	0	2
1198	194.099596	194.661594	D4	64	88	0	3
1199	194.339595	194.953594	B2	64	80	1	-4
1200	194.339595	194.964594	F#3	64	83	1	-2
1201	194.579595	194.621595	B3	64	76	1	-2
1202	194.819594	194.935594	B3	64	99	1	-2
1203	194.819594	194.942594	D4	64	83	0	3
1204	194.819594	194.956594	B4	64	90	0	2
1205	194.819594	194.972594	F#4	64	78	0	2
1206	195.299593	195.628592	F#3	64	81	1	-2
1207	195.299593	195.878592	B4	64	92	0	2
1208	195.299593	195.898592	B3	64	97	1	-2
1209	195.299593	195.944592	F#4	64	84	0	2
1210	195.299593	195.948592	D4	64	88	0	3
1211	195.299593	196.520591	B2	64	80	1	-4
1212	196.019592	196.300591	F#3	64	85	1	-2
1213	196.259591	196.685590	B4	64	99	0	2
1214	196.259591	196.701590	B3	64	99	1	-2
1215	196.259591	196.745590	F#4	64	82	0	2
1216	196.259591	196.747590	D4	64	88	0	3
1217	196.499591	196.781590	F#3	64	85	1	-2
1218	196.739590	196.892590	B2	64	76	1	-4
1219	197.219589	197.564588	A3	64	90	1	-4
1220	197.219589	197.576588	F#4	64	92	0	2
1221	197.219589	197.589588	C#4	64	85	0	2
1222	197.219589	197.879588	F#3	64	80	1	-2
1223	197.219589	198.744586	F#2	64	85	1	-4
1224	197.699588	198.175587	F#4	64	103	0	2
1225	197.699588	198.243587	F#4	64	64	0	2
1226	197.699588	198.261587	A3	64	79	1	-4
1227	197.699588	198.278587	C#4	64	62	0	2
1228	198.179587	198.655586	F#4	64	99	0	2
1229	198.299587	198.867586	F#3	64	91	1	-2
1230	198.539586	198.724586	E4	64	79	0	5
1231	198.659586	199.135585	E4	64	95	0	5
1232	199.139585	199.615584	A4	64	96	0	5
1233	199.139585	199.404585	A3	64	87	1	-4
1234	199.139585	199.431585	C#4	64	84	0	2
1235	199.139585	199.432585	F#4	64	91	0	2
1236	199.139585	199.648584	F#3	64	85	1	-2
1237	199.139585	200.311583	F#2	64	85	1	-4
1238	199.619584	200.095583	A4	64	105	0	5
1239	199.619584	199.877584	A3	64	85	1	-4
1240	199.619584	199.895584	F#4	64	89	0	2
1241	199.619584	199.901584	C#4	64	77	0	2
1242	199.859584	200.176583	F#3	64	87	1	-2
1243	200.099583	200.335583	A4	64	111	0	5
1244	200.099583	200.670582	A3	64	97	1	-4
1245	200.099583	200.670582	F#4	64	92	0	2
1246	200.099583	200.681582	C#4	64	87	0	2
1247	200.339583	201.535580	A4	64	111	0	5
1248	200.339583	200.614582	F#3	64	84	1	-2
1249	200.579582	200.624582	F#2	64	87	1	-4
1250	201.059581	201.349581	A3	64	94	1	-4
1251	201.059581	201.359580	F#4	64	92	0	2
1252	201.059581	201.379580	C#4	64	90	0	2
1253	201.059581	201.854579	F#3	64	87	1	-2
1254	201.059581	201.889579	F#2	64	84	1	-4
1255	201.539580	201.775580	F#4	64	101	0	2
1256	201.539580	201.795580	F#4	64	95	0	2
1257	201.539580	201.827580	A3	64	90	1	-4
1258	201.539580	201.849579	C#4	64	90	0	2
1259	201.779580	202.015579	E4	64	93	0	5
1260	201.779580	202.073579	E4	64	75	0	5
1261	202.019579	202.495578	F#4	64	97	0	2
1262	202.019579	202.130579	A3	64	87	1	-4
1263	202.019579	202.158579	C#4	64	84	0	2
1264	202.019579	202.163579	F#4	64	94	0	2
1265	202.259579	202.733578	F#4	64	62	0	2
1266	202.259579	202.749578	A3	64	85	1	-4
1267	202.259579	202.796578	C#4	64	62	0	2
1268	202.499578	203.335576	A4	64	90	0	5
1269	202.499578	202.593578	F#2	64	90	1	-4
1270	202.499578	202.618578	F#3	64	94	1	-2
1271	202.739578	202.880577	E4	64	83	0	5
1272	202.979577	203.282576	A3	64	91	1	-4
1273	202.979577	203.295576	F#4	64	92	0	2
1274	202.979577	203.302576	C#4	64	72	0	2
1275	202.979577	203.516576	F#3	64	97	1	-2
1276	202.979577	204.157575	F#2	64	91	1	-4
1277	203.339576	203.695576	C#4	64	95	0	2
1278	203.459576	203.766575	F#4	64	95	0	2
1279	203.459576	203.809575	A3	64	94	1	-4
1280	203.459576	203.844575	C#4	64	87	0	2
1281	203.699576	203.935575	E4	64	98	0	5
1282	203.699576	204.000575	E4	64	81	0	5
1283	203.699576	204.019575	F#3	64	97	1	-2
1284	203.939575	204.175575	F#4	64	103	0	2
1285	203.939575	204.450574	A3	64	87	1	-4
1286	203.939575	204.454574	F#4	64	97	0	2
1287	203.939575	204.486574	C#4	64	71	0	2
1288	204.179575	204.415574	E4	64	103	0	5
1289	204.179575	204.463574	F#3	64	87	1	-2
1290	204.419574	205.375572	F#4	64	103	0	2
1291	204.419574	204.619574	F#2	64	84	1	-4
1292	204.899573	205.348572	B3	64	85	1	-2
1293	204.899573	205.374572	G#3	64	90	1	-5
1294	204.899573	205.398572	E4	64	83	0	5
1295	204.899573	205.675572	E3	64	80	1	-4
1296	204.899573	206.319570	E2	64	87	1	-1
1297	205.379572	205.855571	B3	64	80	1	-2
1298	205.619572	205.977571	G#3	64	88	1	-5
1299	205.619572	205.996571	B3	64	88	1	-2
1300	205.619572	206.007571	E4	64	88	0	5
1301	205.859571	206.099571	C#4	64	83	0	2
1302	205.859571	206.364570	E3	64	95	1	-4
1303	206.099571	206.339570	C#4	64	83	0	2
1304	206.099571	206.548570	E4	64	69	0	5
1305	206.099571	206.561570	G#3	64	71	1	-5
1306	206.099571	206.573570	B3	64	72	1	-2
1307	206.339570	206.582570	B2	64	83	1	-4
1308	206.579570	206.815569	B3	64	63	1	-2
1309	206.819569	207.295568	E4	64	85	0	5
1310	206.819569	207.218568	G#3	64	85	1	-5
1311	206.819569	207.230568	E4	64	74	0	5
1312	206.819569	207.232568	B3	64	79	1	-2
1313	206.819569	207.407568	E3	64	90	1	-4
1314	206.819569	208.320566	E2	64	85	1	-1
1315	207.299568	207.535568	F#4	64	62	0	2
1316	207.299568	207.899567	G#3	64	81	1	-5
1317	207.299568	207.907567	E4	64	81	0	5
1318	207.299568	207.923567	B3	64	84	1	-2
1319	207.539568	207.895567	E4	64	68	0	5
1320	207.539568	208.296566	E3	64	91	1	-4
1321	208.019567	208.495566	C#4	64	91	0	2
1322	208.019567	208.306566	G#3	64	81	1	-5
1323	208.019567	208.322566	E4	64	72	0	5
1324	208.019567	208.324566	B3	64	79	1	-2
1325	208.259566	208.471566	B2	64	80	1	-4
1326	208.499566	208.735565	B3	64	97	1	-2
1327	208.499566	208.549566	E3	64	83	1	-4
1328	208.739565	209.335564	E4	64	97	0	5
1329	208.739565	209.479564	C#4	64	78	0	2
1330	208.739565	209.481564	A4	64	75	0	5
1331	208.739565	209.482564	E4	64	78	0	5
1332	208.739565	209.951563	A3	64	49	1	-4
1333	208.739565	210.283562	A2	64	64	1	-1
1334	209.219564	209.575563	B3	64	97	1	-2
1335	209.459564	209.575563	A3	64	64	1	-4
1336	209.699563	209.935563	A3	64	80	1	-4
1337	209.699563	210.287562	E4	64	64	0	5
1338	209.699563	210.290562	C#4	64	60	0	2
1339	209.699563	210.470562	A4	64	70	0	5
1340	209.939563	210.175562	B3	64	84	1	-2
1341	210.179562	210.415562	C#4	64	82	0	2
1342	210.179562	210.283562	A3	64	76	1	-4
1343	210.419562	210.655561	E4	64	71	0	5
1344	210.659561	211.015560	B3	64	66	1	-2
1345	210.659561	211.242560	E4	64	69	0	5
1346	210.659561	211.322560	B3	64	63	1	-2
1347	210.659561	211.334560	G#4	64	70	0	4
1348	210.659561	211.359560	E2	64	67	1	-1
1349	210.659561	211.429560	E3	64	61	1	-4
1350	211.019560	211.855559	G#3	64	72	1	-5
1351	211.619559	212.133558	E4	64	73	0	5
1352	211.619559	212.166558	C#4	64	70	0	2
1353	211.619559	212.248558	A4	64	73	0	5
1354	211.619559	214.135554	A2	64	66	1	-1
1355	211.859559	212.335558	A3	64	93	1	-4
1356	212.219558	212.962556	A3	64	35	1	-4
1357	212.339558	212.575557	B3	64	98	1	-2
1358	212.579557	216.415549	A3	64	96	1	-4
1359	212.579557	213.181556	E4	64	67	0	5
1360	212.579557	213.186556	A4	64	69	0	5
1361	212.579557	213.241556	C#4	64	66	0	2
1362	213.299556	213.680555	A3	64	48	1	-4
1363	213.539555	214.017554	E4	64	67	0	5
1364	213.539555	214.089554	B4	64	70	0	2
1365	213.539555	214.112554	C#4	64	63	0	2
1366	214.019554	214.328553	A3	64	58	1	-4
1367	214.379553	214.454553	C#4	64	43	0	2
1368	214.499553	214.982552	E4	64	73	0	5
1369	214.499553	215.039552	C#4	64	70	0	2
1370	214.499553	215.098552	A4	64	75	0	5
1371	214.499553	215.463551	A2	64	73	1	-1
1372	214.979552	215.115552	A3	64	45	1	-4
1373	215.459551	215.816550	B3	64	85	1	-2
1374	215.459551	215.842550	E4	64	93	0	5
1375	215.459551	215.888550	A4	64	75	0	5
1376	215.699551	215.991550	A2	64	72	1	-1
1377	215.939550	216.059550	E3	64	75	1	-4
1378	216.179550	216.323549	E4	64	91	0	5
1379	216.419549	217.855546	A4	64	92	0	5
1380	216.419549	216.843548	D3	64	70	1	-1
1381	216.419549	217.067548	F#4	64	76	0	2
1382	216.419549	217.125548	D4	64	67	0	3
1383	216.419549	217.144548	A3	64	69	1	-4
1384	216.419549	217.202547	A4	64	67	0	5
1385	216.419549	218.019546	D2	64	75	1	-3
1386	217.139548	217.440547	D3	64	56	1	-1
1387	217.379547	217.647547	A3	64	73	1	-4
1388	217.379547	217.672547	F#4	64	72	0	2
1389	217.379547	217.694546	D4	64	75	0	3
1390	217.619547	218.289545	D3	64	80	1	-1
1391	217.859546	218.095546	B4	64	93	0	2
1392	217.859546	218.042546	A3	64	69	1	-4
1393	218.099546	218.335545	A4	64	84	0	5
1394	218.099546	218.425545	A4	64	75	0	5
1395	218.339545	219.055544	C#5	64	93	0	4
1396	218.339545	218.806544	E2	64	72	1	-1
1397	218.339545	219.364543	E4	64	91	0	5
1398	218.339545	219.376543	G#4	64	80	0	4
1399	218.339545	219.379543	B3	64	76	1	-2
1400	218.579545	218.871544	B2	64	61	1	-4
1401	218.819544	219.157543	E3	64	80	1	-4
1402	219.059544	219.895542	C#5	64	91	0	4
1403	219.059544	219.674542	F#3	64	53	1	-2
1404	219.179543	219.337543	A4	64	1	0	5
1405	219.299543	219.674542	G#3	64	95	1	-5
1406	219.539543	219.689542	B3	64	78	1	-2
1407	219.779542	219.972542	E4	64	91	0	5
1408	220.019542	220.255541	B4	64	90	0	2
1409	220.019542	220.210541	G#4	64	75	0	4
1410	220.259541	220.735540	A4	64	80	0	5
1411	220.259541	220.680540	C#4	64	80	0	2
1412	220.259541	220.767540	E4	64	88	0	5
1413	220.259541	220.769540	A4	64	67	0	5
1414	220.259541	221.724538	A2	64	73	1	-1
1415	220.499541	221.428539	E3	64	69	1	-4
1416	220.739540	220.975540	B4	64	82	0	2
1417	220.739540	220.989540	A3	64	72	1	-4
1418	220.979540	221.455539	A4	64	90	0	5
1419	220.979540	221.181539	B3	64	91	1	-2
1420	220.979540	221.313539	E4	64	91	0	5
1421	221.219539	221.651538	A3	64	60	1	-4
1422	221.459539	221.815538	F#4	64	62	0	2
1423	221.459539	221.750538	C#4	64	91	0	2
1424	221.459539	221.816538	G#4	64	93	0	4
1425	221.699538	223.975533	E4	64	64	0	5
1426	221.699538	222.066537	E3	64	69	1	-4
1427	221.939538	222.561536	C#4	64	75	0	2
1428	221.939538	222.656536	A4	64	78	0	5
1429	221.939538	222.674536	E4	64	85	0	5
1430	222.179537	223.667534	A2	64	70	1	-1
1431	222.419537	223.291535	E3	64	60	1	-4
1432	222.659536	223.178535	A3	64	76	1	-4
1433	222.899536	223.053535	C#4	64	75	0	2
1434	223.139535	223.392535	C#4	64	85	0	2
1435	223.139535	223.427535	E4	64	99	0	5
1436	223.139535	223.427535	A4	64	76	0	5
1437	223.379535	223.556534	A3	64	82	1	-4
1438	223.379535	223.587534	E3	64	42	1	-4
1439	223.619534	223.826534	C#4	64	88	0	2
1440	223.859534	223.986533	A4	64	69	0	5
1441	224.099533	225.535530	A4	64	101	0	5
1442	224.099533	224.576532	F3	64	82	1	-3
1443	224.099533	224.747532	C4	64	85	0	1
1444	224.099533	224.756532	A3	64	78	1	-4
1445	224.099533	224.813532	F4	64	82	0	1
1446	224.099533	225.588530	F2	64	85	1	-5
1447	224.819532	225.065531	F3	64	64	1	-3
1448	225.059531	225.333531	A3	64	93	1	-4
1449	225.059531	225.356531	F4	64	103	0	1
1450	225.059531	225.358531	C4	64	106	0	1
1451	225.299531	225.543530	F3	64	91	1	-3
1452	225.539530	225.775530	B4	64	99	0	2
1453	225.539530	225.621530	A3	64	78	1	-4
1454	225.539530	225.639530	C4	64	97	0	1
1455	225.539530	225.647530	F4	64	99	0	1
1456	225.779530	226.015529	A4	64	90	0	5
1457	226.019529	226.339528	E3	64	88	1	-4
1458	226.019529	226.587528	G#3	64	93	1	-5
1459	226.019529	226.628528	B3	64	97	1	-2
1460	226.019529	226.634528	E4	64	66	0	5
1461	226.019529	227.480526	E2	64	76	1	-1
1462	226.499528	227.070527	E3	64	62	1	-4
1463	226.739528	226.855527	C#5	64	91	0	4
1464	226.979527	227.418526	B3	64	85	1	-2
1465	226.979527	227.421526	G#3	64	80	1	-5
1466	226.979527	227.452526	E4	64	85	0	5
1467	227.459526	227.591526	E3	64	80	1	-4
1468	227.699526	227.935525	B4	64	74	0	2
1469	227.939525	228.415524	A4	64	84	0	5
1470	227.939525	228.324524	E4	64	76	0	5
1471	227.939525	228.402524	D4	64	80	0	3
1472	227.939525	228.407524	A4	64	76	0	5
1473	227.939525	229.553522	A2	64	80	1	-1
1474	228.179525	229.158523	E3	64	64	1	-4
1475	228.419524	228.655524	B4	64	72	0	2
1476	228.419524	228.720523	A3	64	59	1	-4
1477	228.659524	229.135523	A4	64	90	0	5
1478	228.659524	229.126523	C#4	64	95	0	2
1479	228.659524	229.138523	A4	64	67	0	5
1480	228.659524	229.161523	E4	64	80	0	5
1481	229.139523	229.375522	F#4	64	66	0	2
1482	229.139523	229.577522	A3	64	56	1	-4
1483	229.379522	231.775517	E4	64	84	0	5
1484	229.379522	230.310520	E4	64	72	0	5
1485	229.379522	230.323520	B3	64	78	1	-2
1486	229.619522	229.846521	E3	64	62	1	-4
1487	229.859521	231.113519	A2	64	78	1	-1
1488	230.099521	230.662519	E3	64	53	1	-4
1489	230.339520	230.858519	A3	64	60	1	-4
1490	230.579520	230.726519	B3	64	76	1	-2
1491	230.819519	231.159518	B3	64	73	1	-2
1492	230.819519	231.250518	E4	64	93	0	5
1493	231.059519	231.416518	E3	64	67	1	-4
1494	231.539518	231.641517	B3	64	78	1	-2
1495	231.779517	232.015517	C#4	64	97	0	2
1496	231.779517	232.436516	G#4	64	62	0	4
1497	231.779517	232.568515	E4	64	76	0	5
1498	231.779517	232.591515	B3	64	73	1	-2
1499	231.779517	232.965515	C#3	64	73	1	-2
1500	231.779517	233.247514	C#2	64	63	1	-4
1501	232.019517	232.495516	C#4	64	94	0	2
1502	232.499516	232.735515	B3	64	90	1	-2
1503	232.739515	233.215514	C#4	64	94	0	2
1504	232.739515	233.223514	G#4	64	69	0	4
1505	232.739515	233.227514	E4	64	67	0	5
1506	232.739515	233.266514	B3	64	63	1	-2
1507	233.219514	233.455514	C#4	64	94	0	2
1508	233.219514	233.349514	C#3	64	70	1	-2
1509	233.459514	233.695513	E4	64	93	0	5
1510	233.699513	234.175512	F#4	64	98	0	2
1511	233.699513	234.472512	C#4	64	73	0	2
1512	233.699513	234.479512	A4	64	67	0	5
1513	233.699513	234.498511	F#4	64	75	0	2
1514	233.699513	234.956511	F#3	64	69	1	-2
1515	233.699513	235.340510	F#2	64	70	1	-4
1516	234.179512	234.655511	A4	64	91	0	5
1517	234.659511	234.895511	C#4	64	91	0	2
1518	234.659511	235.282510	F#4	64	72	0	2
1519	234.659511	235.292510	C#4	64	67	0	2
1520	234.659511	235.306510	A4	64	70	0	5
1521	234.899511	235.615509	E4	64	91	0	5
1522	235.139510	235.275510	F#3	64	69	1	-2
1523	235.619509	235.855509	A3	64	90	1	-4
1524	235.619509	236.374508	E4	64	75	0	5
1525	235.619509	236.388508	A3	64	69	1	-4
1526	235.619509	236.395508	C#4	64	76	0	2
1527	235.619509	236.917506	A2	64	67	1	-1
1528	235.619509	237.090506	A1	64	75	1	-3
1529	235.859509	236.335508	A3	64	75	1	-4
1530	236.339508	236.575507	B3	64	87	1	-2
1531	236.579507	237.055506	C#4	64	87	0	2
1532	236.579507	237.148506	E4	64	70	0	5
1533	236.579507	237.159506	A3	64	70	1	-4
1534	236.579507	237.185506	C#4	64	73	0	2
1535	237.059506	237.535505	E4	64	87	0	5
1536	237.059506	237.237506	A2	64	59	1	-1
1537	237.539505	237.775505	A4	64	84	0	5
1538	237.539505	238.282504	F#4	64	66	0	2
1539	237.539505	238.293504	D4	64	64	0	3
1540	237.539505	238.297504	A3	64	64	1	-4
1541	237.539505	238.798503	D3	64	67	1	-1
1542	237.779505	238.015504	F#4	64	84	0	2
1543	238.019504	238.255504	F#4	64	92	0	2
1544	238.259504	238.495503	E4	64	68	0	5
1545	238.499503	239.935500	F#4	64	96	0	2
1546	238.499503	239.003502	A3	64	63	1	-4
1547	238.499503	239.156502	F#4	64	67	0	2
1548	238.499503	239.235502	D4	64	70	0	3
1549	238.979502	239.558501	D3	64	63	1	-1
1550	239.459501	240.165500	G#4	64	72	0	4
1551	239.459501	240.220500	B3	64	70	1	-2
1552	239.459501	240.246499	E4	64	72	0	5
1553	239.459501	240.699499	C#3	64	66	1	-2
1554	239.939500	240.415499	E4	64	97	0	5
1555	240.419499	240.895498	E4	64	97	0	5
1556	240.419499	240.913498	G#4	64	69	0	4
1557	240.419499	240.931498	E4	64	73	0	5
1558	240.419499	240.967498	B3	64	73	1	-2
1559	240.899498	241.135498	E4	64	91	0	5
1560	240.899498	241.016498	C#3	64	72	1	-2
1561	241.139498	242.335495	E4	64	95	0	5
1562	241.379497	242.107496	A4	64	73	0	5
1563	241.379497	242.133496	F#4	64	69	0	2
1564	241.379497	242.134496	C#4	64	69	0	2
1565	241.379497	242.254495	F#2	64	75	1	-4
1566	242.339495	242.815494	F#4	64	103	0	2
1567	242.339495	242.775494	E2	64	80	1	-1
1568	242.339495	242.871494	G#4	64	72	0	4
1569	242.339495	242.891494	B3	64	80	1	-2
1570	242.339495	242.921494	E4	64	70	0	5
1571	242.819494	243.055494	A4	64	105	0	5
1572	243.059494	244.255491	A4	64	109	0	5
1573	243.299493	244.042492	D4	64	72	0	3
1574	243.299493	244.057492	F#4	64	65	0	2
1575	243.299493	244.073492	A3	64	68	1	-4
1576	243.299493	244.459491	D3	64	59	1	-1
1577	243.299493	244.809490	D2	64	66	1	-3
1578	243.539493	244.000492	A4	64	1	0	5
1579	244.259491	244.495491	A4	64	96	0	5
1580	244.259491	244.803490	A3	64	75	1	-4
1581	244.259491	244.864490	D4	64	75	0	3
1582	244.259491	244.867490	F#4	64	72	0	2
1583	244.499491	244.735490	A4	64	95	0	5
1584	244.739490	244.975490	A4	64	92	0	5
1585	244.739490	244.879490	D3	64	62	1	-1
1586	244.979490	245.215489	B4	64	90	0	2
1587	245.219489	245.695488	C#5	64	99	0	4
1588	245.219489	245.943488	G#4	64	73	0	4
1589	245.219489	245.954488	E4	64	75	0	5
1590	245.219489	245.963488	B3	64	73	1	-2
1591	245.219489	246.338487	E3	64	72	1	-4
1592	245.219489	246.704486	E2	64	72	1	-1
1593	245.699488	246.175487	C#5	64	105	0	4
1594	246.179487	246.415487	B4	64	95	0	2
1595	246.179487	246.728486	G#4	64	73	0	4
1596	246.179487	246.751486	B3	64	75	1	-2
1597	246.179487	246.758486	E4	64	72	0	5
1598	246.419487	247.135485	A4	64	94	0	5
1599	246.659486	246.796486	E3	64	62	1	-4
1600	247.139485	247.855484	A4	64	98	0	5
1601	247.139485	247.823484	C#4	64	75	0	2
1602	247.139485	247.823484	A4	64	70	0	5
1603	247.139485	247.824484	E4	64	70	0	5
1604	247.139485	248.777482	A2	64	73	1	-1
1605	247.859484	250.975477	C#4	64	100	0	2
1606	247.859484	248.179483	A3	64	40	1	-4
1607	248.099483	248.601482	C#4	64	78	0	2
1608	248.099483	248.646482	A4	64	73	0	5
1609	248.099483	248.658482	E4	64	76	0	5
1610	248.459482	248.769482	A3	64	54	1	-4
1611	248.699482	248.938481	E3	64	59	1	-4
1612	249.059481	249.749480	E4	64	67	0	5
1613	249.059481	249.824480	C#4	64	62	0	2
1614	249.059481	249.824480	A4	64	64	0	5
1615	249.059481	250.392478	A2	64	69	1	-1
1616	249.779480	250.202479	A3	64	39	1	-4
1617	250.019479	250.536478	E4	64	70	0	5
1618	250.019479	250.569478	C#4	64	66	0	2
1619	250.019479	250.623478	A4	64	64	0	5
1620	250.499478	250.633478	A2	64	75	1	-1
1621	250.979477	251.215477	F#4	64	108	0	2
1622	250.979477	251.687476	E4	64	67	0	5
1623	250.979477	251.692476	A4	64	67	0	5
1624	250.979477	251.704476	C#4	64	62	0	2
1625	250.979477	252.295474	F#2	64	73	1	-4
1626	251.219477	251.695476	F#4	64	97	0	2
1627	251.699476	251.935475	E4	64	101	0	5
1628	251.699476	252.102475	F#3	64	36	1	-2
1629	251.939475	252.415474	A4	64	94	0	5
1630	251.939475	252.447474	E4	64	73	0	5
1631	251.939475	252.495474	C#4	64	67	0	2
1632	251.939475	252.524474	A4	64	70	0	5
1633	252.419474	253.255472	C#4	64	100	0	2
1634	252.419474	252.471474	F#3	64	46	1	-2
1635	252.419474	252.563474	F#2	64	64	1	-4
1636	252.899473	253.461472	G#4	64	64	0	4
1637	252.899473	253.596472	E4	64	63	0	5
1638	252.899473	253.612472	B3	64	66	1	-2
1639	252.899473	254.019471	E3	64	60	1	-4
1640	252.899473	254.398470	E2	64	72	1	-1
1641	253.139473	253.495472	E4	64	75	0	5
1642	253.619472	253.855471	F#4	64	96	0	2
1643	253.859471	256.495466	E4	64	95	0	5
1644	253.859471	254.380470	G#4	64	66	0	4
1645	253.859471	254.381470	B3	64	66	1	-2
1646	253.859471	254.391470	E4	64	67	0	5
1647	254.339470	254.458470	E3	64	67	1	-4
1648	254.819469	255.431468	G#4	64	66	0	4
1649	254.819469	255.483468	E4	64	62	0	5
1650	254.819469	255.537468	B3	64	61	1	-2
1651	254.819469	256.277466	E3	64	58	1	-4
1652	254.819469	256.278466	E2	64	63	1	-1
1653	255.779467	256.439466	G#4	64	69	0	4
1654	255.779467	256.472466	E4	64	73	0	5
1655	255.779467	256.481466	B3	64	69	1	-2
1656	256.259466	256.711465	B2	64	43	1	-4
1657	256.499466	256.735465	E4	64	91	0	5
1658	256.499466	256.748465	G#2	64	52	1	-2
1659	256.739465	257.215464	B4	64	101	0	2
1660	256.739465	257.299464	E4	64	72	0	5
1661	256.739465	257.302464	G#4	64	66	0	4
1662	256.739465	257.377464	B3	64	61	1	-2
1663	256.739465	257.890463	E3	64	55	1	-4
1664	256.739465	258.303462	E2	64	73	1	-1
1665	257.219464	258.175462	B4	64	103	0	2
1666	257.699463	258.219462	G#4	64	64	0	4
1667	257.699463	258.224462	B3	64	66	1	-2
1668	257.699463	258.237462	E4	64	69	0	5
1669	258.179462	258.655461	E4	64	87	0	5
1670	258.179462	258.337462	E3	64	50	1	-4
1671	258.659461	259.135460	C#5	64	97	0	4
1672	258.659461	259.014460	A#3	64	73	1	-3
1673	258.659461	259.016460	C#4	64	76	0	2
1674	258.659461	259.021460	F#2	64	72	1	-4
1675	258.659461	259.028460	F#3	64	69	1	-2
1676	258.659461	259.035460	F#4	64	80	0	2
1677	259.139460	262.015454	E5	64	101	0	2
1678	259.139460	262.249454	A#3	64	76	1	-3
1679	259.139460	262.314454	F#3	64	85	1	-2
1680	259.139460	262.325453	F#2	64	75	1	-4
1681	259.139460	262.352453	F#4	64	76	0	2
1682	259.139460	262.355453	C#4	64	75	0	2
1683	262.019454	262.375453	C#5	64	66	0	4
1684	262.379453	262.495453	B4	64	57	0	2
1685	262.499453	262.735453	A4	64	55	0	5
1686	262.739453	262.975452	F#4	64	59	0	2
1687	262.979452	263.695451	E4	64	61	0	5
1688	263.699451	264.055450	A4	64	51	0	5
1689	264.059450	264.415449	B4	64	63	0	2
1690	264.419449	271.646434	A4	64	63	0	5
