//Version: PianoFingering_v170101
0	2.519640	3.777675	F#3	64	70	1	-2
1	2.948211	3.906246	C#4	64	42	0	2
2	3.376782	3.738389	F#4	64	48	0	2
3	4.233924	6.004458	E3	64	69	1	-4
4	4.662495	5.386602	C#4	64	49	0	2
5	5.091066	5.420530	E4	64	46	0	5
6	5.948208	7.254457	D3	64	72	1	-1
7	6.376779	7.185707	A3	64	32	1	-4
8	6.805350	7.136600	C#4	64	53	0	2
9	7.662492	8.383027	B2	64	73	1	-4
10	8.091063	8.508920	F#3	64	38	1	-2
11	8.519634	9.082134	B3	64	50	1	-2
12	8.948205	9.379455	C#4	64	60	0	2
13	9.162491	9.461598	F#4	64	60	0	2
14	9.376776	9.528562	G#4	64	66	0	4
15	9.376776	9.746419	A4	64	51	0	5
16	9.376776	10.828561	F#3	64	70	1	-2
17	9.805347	10.468740	C#4	64	44	0	2
18	10.233918	10.662489	F#4	64	51	0	2
19	10.233918	10.916953	B4	64	61	0	2
20	10.233918	10.933025	G#4	64	60	0	4
21	10.555347	11.008025	C#4	64	44	0	2
22	11.091060	11.655345	G#4	64	70	0	4
23	11.091060	11.742845	B4	64	69	0	2
24	11.091060	12.743737	E3	64	61	1	-4
25	11.519631	12.299988	C#4	64	48	0	2
26	11.733917	12.286595	E4	64	54	0	5
27	11.948202	12.229452	F#4	64	61	0	2
28	12.162488	12.332131	G#4	64	61	0	4
29	12.376773	12.575880	A4	64	60	0	5
30	12.591059	12.823201	B4	64	57	0	2
31	12.806237	13.304451	A4	64	70	0	5
32	12.806237	13.320522	F#4	64	63	0	2
33	12.806237	14.247307	D3	64	58	1	-1
34	13.233915	13.908022	A3	64	38	1	-4
35	13.662486	14.096414	D4	64	47	0	3
36	13.662486	14.126772	E4	64	59	0	5
37	13.662486	14.172307	F#4	64	58	0	2
38	13.662486	14.208914	A4	64	63	0	5
39	14.091057	14.381236	A3	64	42	1	-4
40	14.519628	14.997306	E4	64	62	0	5
41	14.519628	15.171413	A4	64	69	0	5
42	14.519628	15.704449	D3	64	61	1	-1
43	14.948199	15.412485	A3	64	54	1	-4
44	15.162485	15.598199	D4	64	55	0	3
45	15.376770	15.614270	E4	64	69	0	5
46	15.376770	15.637484	G#4	64	82	0	4
47	15.591056	15.841056	A3	64	53	1	-4
48	15.805341	15.966055	E4	64	62	0	5
49	15.805341	16.192841	A4	64	66	0	5
50	16.233912	16.362484	F4	64	64	0	1
51	16.233912	16.368734	G#4	64	61	0	4
52	16.233912	16.401769	C#4	64	57	0	2
53	16.233912	16.414269	C#3	64	63	1	-2
54	16.662483	16.791055	G#4	64	69	0	4
55	16.662483	16.800876	F4	64	75	0	1
56	16.662483	16.818733	C#4	64	66	0	2
57	16.662483	16.846412	C#3	64	70	1	-2
58	17.520518	19.066052	G#4	64	69	0	4
59	17.520518	19.068731	F4	64	70	0	1
60	17.520518	19.081231	C#2	64	70	1	-4
61	17.520518	19.086588	C#3	64	63	1	-2
62	19.662480	20.475872	F#2	64	67	1	-4
63	19.662480	20.718729	C#4	64	61	0	2
64	19.662480	20.975872	F#4	64	66	0	2
65	19.662480	21.028550	A4	64	69	0	5
66	20.091051	20.522301	C#3	64	44	1	-2
67	20.519622	21.000872	F#3	64	45	1	-2
68	20.948193	22.715156	G#3	64	54	1	-5
69	21.162479	22.696406	A3	64	56	1	-4
70	21.376764	21.592836	C#4	64	51	0	2
71	21.591050	21.844621	F#4	64	63	0	2
72	21.805335	21.944621	G#4	64	62	0	4
73	22.019621	22.301763	A4	64	64	0	5
74	22.876763	23.087477	F#4	64	61	0	2
75	23.091048	23.944619	C#5	64	87	0	4
76	23.091048	23.635691	A4	64	63	0	5
77	23.091048	23.665155	C#4	64	60	0	2
78	23.091048	23.681226	F#4	64	63	0	2
79	23.091048	24.110690	F#3	64	54	1	-2
80	23.091048	24.517833	F#2	64	61	1	-4
81	23.948190	24.373190	C#5	64	90	0	4
82	23.948190	24.368726	A4	64	50	0	5
83	23.948190	24.384797	F#4	64	62	0	2
84	23.948190	24.411583	C#4	64	57	0	2
85	24.376761	24.587475	F#5	64	83	0	4
86	24.376761	24.499976	F#3	64	40	1	-2
87	24.591047	25.658903	B4	64	79	0	2
88	24.805332	25.237475	E4	64	58	0	5
89	24.805332	25.238368	G#4	64	59	0	4
90	24.805332	25.280332	B3	64	53	1	-2
91	24.805332	25.321403	E3	64	47	1	-4
92	24.805332	26.197295	E2	64	42	1	-1
93	25.233903	26.345509	B2	64	47	1	-4
94	25.662474	26.087474	A4	64	86	0	5
95	25.662474	25.924974	G#4	64	49	0	4
96	25.662474	25.977653	E4	64	53	0	5
97	25.662474	25.986581	B3	64	56	1	-2
98	25.662474	26.189260	E3	64	47	1	-4
99	26.091045	26.516045	G#4	64	79	0	4
100	26.519616	26.944616	A4	64	94	0	5
101	26.519616	26.921402	A4	64	50	0	5
102	26.519616	26.948187	C#4	64	53	0	2
103	26.519616	26.962473	F#4	64	54	0	2
104	26.519616	27.286580	F#2	64	52	1	-4
105	26.948187	27.373187	G#4	64	93	0	4
106	26.948187	27.366044	C#3	64	47	1	-2
107	27.376758	27.801758	F#4	64	68	0	2
108	27.377651	27.696401	A4	64	40	0	5
109	27.377651	27.754437	C#4	64	43	0	2
110	27.377651	27.791044	F#4	64	48	0	2
111	27.377651	27.865151	F#3	64	44	1	-2
112	27.805329	28.016043	E4	64	66	0	5
113	27.805329	28.287472	G#3	64	41	1	-5
114	28.019615	28.230329	F#4	64	66	0	2
115	28.233900	29.087471	F#4	64	86	0	2
116	28.233900	28.626757	A4	64	47	0	5
117	28.233900	28.650864	F#4	64	55	0	2
118	28.233900	28.667828	C#4	64	46	0	2
119	28.233900	28.902650	A3	64	44	1	-4
120	28.662471	29.390149	G#3	64	48	1	-5
121	29.091042	29.516042	A4	64	99	0	5
122	29.091042	29.265149	A4	64	69	0	5
123	29.091042	29.268721	C#4	64	69	0	2
124	29.091042	29.280328	F#4	64	80	0	2
125	29.305328	29.496399	F#3	64	55	1	-2
126	29.519613	29.944613	B4	64	83	0	2
127	29.519613	29.686577	C#4	64	70	0	2
128	29.733899	29.890149	A4	64	66	0	5
129	29.948184	30.373184	C#5	64	97	0	4
130	29.948184	30.369612	A4	64	61	0	5
131	29.948184	30.386577	C#4	64	60	0	2
132	29.948184	30.396398	F#4	64	66	0	2
133	29.948184	30.954433	F#2	64	69	1	-4
134	30.376755	30.801755	B4	64	91	0	2
135	30.376755	30.847291	C#3	64	40	1	-2
136	30.805326	31.230326	B4	64	91	0	2
137	30.805326	31.225862	F#3	64	48	1	-2
138	30.805326	31.293719	C#4	64	66	0	2
139	30.805326	31.318719	F#4	64	64	0	2
140	30.805326	31.355326	A4	64	66	0	5
141	31.233897	31.658897	A4	64	79	0	5
142	31.233897	31.643718	C#3	64	41	1	-2
143	31.662468	32.087468	G#4	64	98	0	4
144	31.662468	32.118718	G#4	64	62	0	4
145	31.662468	32.159789	E4	64	64	0	5
146	31.662468	32.204432	B3	64	64	1	-2
147	31.662468	32.984788	E2	64	60	1	-1
148	32.091039	32.944610	F#4	64	77	0	2
149	32.091039	32.586575	B2	64	44	1	-4
150	32.519610	33.006217	E4	64	60	0	5
151	32.519610	33.008003	B3	64	58	1	-2
152	32.519610	33.064253	G#4	64	60	0	4
153	32.519610	33.073181	E3	64	47	1	-4
154	32.948181	33.373181	E4	64	95	0	5
155	32.948181	33.375859	B2	64	58	1	-4
156	33.376752	35.944607	C#5	64	103	0	4
157	33.376752	33.841038	E4	64	59	0	5
158	33.376752	33.864252	C#4	64	63	0	2
159	33.376752	33.866038	A4	64	64	0	5
160	33.376752	35.579429	A2	64	56	1	-1
161	33.805323	34.296394	E3	64	53	1	-4
162	34.233894	34.632108	E4	64	61	0	5
163	34.233894	34.649965	B3	64	53	1	-2
164	34.233894	34.749072	A3	64	44	1	-4
165	34.662465	35.134786	E3	64	40	1	-4
166	35.091036	35.441036	E4	64	53	0	5
167	35.091036	35.472286	C#4	64	56	0	2
168	35.091036	35.539250	A3	64	44	1	-4
169	35.519607	36.026750	E3	64	39	1	-4
170	35.948178	36.291035	E4	64	54	0	5
171	35.948178	36.303535	B3	64	53	1	-2
172	35.948178	36.377642	G#4	64	56	0	4
173	35.948178	36.430321	G#2	64	48	1	-2
174	35.949071	36.374071	A4	64	91	0	5
175	36.376749	36.657999	F#4	64	56	0	2
176	36.377642	36.802642	B4	64	77	0	2
177	36.591035	36.756213	G#4	64	62	0	4
178	36.805320	37.317820	A4	64	66	0	5
179	36.805320	37.320498	F#4	64	54	0	2
180	36.805320	37.328534	C#4	64	61	0	2
181	36.805320	38.085676	F#2	64	70	1	-4
182	36.806213	37.659784	C#5	64	95	0	4
183	37.233891	37.694605	C#3	64	36	1	-2
184	37.662462	38.067819	F#3	64	42	1	-2
185	37.662462	38.095498	C#4	64	58	0	2
186	37.662462	38.102640	A4	64	57	0	5
187	37.662462	38.112462	F#4	64	56	0	2
188	37.663355	38.088355	B4	64	96	0	2
189	38.091033	38.489247	C#3	64	44	1	-2
190	38.091926	38.516926	A4	64	89	0	5
191	38.519604	39.059782	D4	64	61	0	3
192	38.519604	39.091032	F#4	64	55	0	2
193	38.519604	39.099068	B3	64	55	1	-2
194	38.519604	39.760675	B1	64	47	1	-1
195	38.519604	39.832996	B2	64	50	1	-4
196	38.520497	39.374068	B4	64	100	0	2
197	39.376746	39.788353	F#4	64	57	0	2
198	39.376746	39.816924	D4	64	59	0	3
199	39.376746	39.832996	B3	64	49	1	-2
200	39.376746	39.989246	G#4	64	46	0	4
201	39.377639	39.802639	G#4	64	97	0	4
202	39.806210	40.231210	A4	64	91	0	5
203	40.233888	40.689245	G#4	64	57	0	4
204	40.233888	40.692816	B3	64	53	1	-2
205	40.233888	40.705316	E4	64	57	0	5
206	40.233888	41.429423	E2	64	53	1	-1
207	40.233888	41.507101	E3	64	48	1	-4
208	40.234781	40.659781	B4	64	86	0	2
209	40.663352	41.088352	C#5	64	86	0	4
210	41.091030	41.471387	B3	64	56	1	-2
211	41.091030	41.513351	E4	64	62	0	5
212	41.091030	41.530316	G#4	64	62	0	4
213	41.091923	41.516923	B4	64	90	0	2
214	41.520494	41.945494	E4	64	87	0	5
215	41.948172	42.426743	A4	64	57	0	5
216	41.948172	42.452636	F#4	64	61	0	2
217	41.948172	42.460672	C#4	64	60	0	2
218	41.948172	43.274064	F#2	64	61	1	-4
219	41.949065	42.801743	F#4	64	87	0	2
220	42.376743	43.210671	C#3	64	44	1	-2
221	42.805314	43.230314	F#4	64	84	0	2
222	42.805314	43.075850	A4	64	44	0	5
223	42.805314	43.172278	F#3	64	36	1	-2
224	42.805314	43.247278	C#4	64	49	0	2
225	42.805314	43.282100	F#4	64	45	0	2
226	43.233885	43.658885	G#4	64	83	0	4
227	43.233885	43.333885	G#4	64	61	0	4
228	43.662456	44.301741	A4	64	90	0	5
229	43.662456	44.112456	A3	64	54	1	-4
230	43.662456	44.112456	D4	64	66	0	3
231	43.662456	44.119599	F#4	64	66	0	2
232	43.662456	44.949955	D2	64	60	1	-3
233	44.091027	45.013348	A2	64	39	1	-1
234	44.305313	44.516027	A4	64	93	0	5
235	44.519598	44.944598	B4	64	84	0	2
236	44.519598	44.930312	A3	64	60	1	-4
237	44.519598	44.946384	F#4	64	62	0	2
238	44.519598	44.963348	D3	64	44	1	-1
239	44.519598	45.107991	D4	64	62	0	3
240	44.948169	45.373169	A4	64	93	0	5
241	45.376740	45.801740	G#4	64	96	0	4
242	45.376740	45.821383	G#4	64	61	0	4
243	45.376740	45.874954	B3	64	55	1	-2
244	45.376740	45.896383	E4	64	57	0	5
245	45.376740	46.076740	E2	64	63	1	-1
246	45.805311	46.230311	F#4	64	91	0	2
247	45.805311	46.261561	B2	64	41	1	-4
248	46.233882	46.658882	E4	64	80	0	5
249	46.233882	46.367811	G#4	64	31	0	4
250	46.233882	46.597275	E4	64	62	0	5
251	46.233882	46.623168	B3	64	55	1	-2
252	46.233882	46.754418	E3	64	48	1	-4
253	46.662453	47.087453	F#4	64	84	0	2
254	46.662453	46.791025	F#3	64	48	1	-2
255	47.091024	50.301735	F#4	64	91	0	2
256	47.091024	47.902631	F#2	64	64	1	-4
257	47.091024	48.358880	C#4	64	57	0	2
258	47.091024	48.399059	F#4	64	66	0	2
259	47.519595	47.948166	C#3	64	39	1	-2
260	47.948166	48.394594	F#3	64	40	1	-2
261	48.377630	48.983880	G#3	64	44	1	-5
262	48.805308	49.476736	C#4	64	43	0	2
263	48.805308	49.541915	F#4	64	47	0	2
264	48.805308	49.700843	A4	64	49	0	5
265	48.805308	49.947271	A3	64	46	1	-4
266	50.091021	50.290128	G#4	64	52	0	4
267	50.305307	50.516021	F#4	64	85	0	2
268	50.305307	50.519592	A4	64	61	0	5
269	50.519592	51.373163	C#5	64	97	0	4
270	50.519592	50.968699	C#4	64	60	0	2
271	50.519592	51.020485	F#4	64	60	0	2
272	50.519592	51.809770	F#2	64	69	1	-4
273	50.948163	51.399056	C#3	64	34	1	-2
274	51.376734	51.801734	C#5	64	97	0	4
275	51.376734	51.767805	F#3	64	39	1	-2
276	51.376734	51.861555	C#4	64	53	0	2
277	51.376734	51.871377	A4	64	57	0	5
278	51.376734	51.889234	F#4	64	54	0	2
279	51.805305	52.016019	F#5	64	87	0	4
280	51.805305	52.209769	C#3	64	46	1	-2
281	52.019591	53.087447	B4	64	98	0	2
282	52.233876	52.732983	B3	64	51	1	-2
283	52.233876	52.741912	G#4	64	53	0	4
284	52.233876	52.747269	E4	64	60	0	5
285	52.233876	53.511554	E2	64	66	1	-1
286	52.662447	53.548161	B2	64	37	1	-4
287	53.091018	53.516018	A4	64	97	0	5
288	53.091018	53.441018	G#4	64	64	0	4
289	53.091018	53.516911	E4	64	67	0	5
290	53.091018	53.566018	B3	64	61	1	-2
291	53.091018	53.573161	E3	64	45	1	-4
292	53.519589	53.944589	G#4	64	91	0	4
293	53.948160	54.373160	A4	64	95	0	5
294	53.948160	54.268696	A4	64	59	0	5
295	53.948160	54.288339	C#4	64	58	0	2
296	53.948160	54.368696	F#4	64	59	0	2
297	53.948160	54.659767	F#2	64	62	1	-4
298	54.376731	54.801731	G#4	64	67	0	4
299	54.376731	54.789231	C#3	64	47	1	-2
300	54.805302	55.230302	F#4	64	85	0	2
301	54.805302	55.318695	F#3	64	48	1	-2
302	55.233873	55.658873	E4	64	96	0	5
303	55.233873	56.877622	G#3	64	54	1	-5
304	55.257980	55.732087	C#4	64	44	0	2
305	55.662444	56.516015	F#4	64	96	0	2
306	55.662444	56.845479	A3	64	42	1	-4
307	55.679409	56.561551	F#4	64	50	0	2
308	56.519586	56.944586	A4	64	100	0	5
309	56.519586	56.758872	B3	64	53	1	-2
310	56.948157	57.373157	B4	64	91	0	2
311	57.376728	57.801728	C#5	64	90	0	4
312	57.376728	58.751727	F#2	64	59	1	-4
313	57.805299	58.230299	B4	64	90	0	2
314	57.805299	58.282977	C#3	64	47	1	-2
315	58.233870	58.658870	B4	64	90	0	2
316	58.233870	58.591906	C#4	64	60	0	2
317	58.233870	58.599049	A3	64	64	1	-4
318	58.233870	58.630299	F#3	64	49	1	-2
319	58.662441	59.087441	A4	64	77	0	5
320	58.662441	59.038334	G#3	64	53	1	-5
321	58.662441	59.076727	B3	64	69	1	-2
322	59.091012	59.516012	G#4	64	84	0	4
323	59.091012	59.150834	A3	64	51	1	-4
324	59.091012	59.482976	B3	64	49	1	-2
325	59.091012	59.533869	E4	64	69	0	5
326	59.091012	60.027619	E2	64	62	1	-1
327	59.519583	59.944583	F#4	64	71	0	2
328	59.519583	60.038333	B2	64	44	1	-4
329	59.948154	60.373154	E4	64	84	0	5
330	59.948154	60.376725	E4	64	66	0	5
331	59.948154	60.389225	B3	64	58	1	-2
332	59.948154	60.480297	E3	64	49	1	-4
333	59.948154	60.593689	G#4	64	60	0	4
334	60.376725	60.801725	C#5	64	87	0	4
335	60.376725	60.811546	F#3	64	49	1	-2
336	60.805296	63.373151	C#5	64	103	0	4
337	60.805296	61.533867	E4	64	67	0	5
338	60.805296	61.541903	C#4	64	63	0	2
339	60.805296	61.914224	A4	64	70	0	5
340	60.805296	63.192794	A2	64	64	1	-1
341	61.233867	63.354401	E3	64	45	1	-4
342	61.662438	62.512437	A3	64	59	1	-4
343	62.091009	62.479402	E4	64	63	0	5
344	62.091009	62.592795	B3	64	63	1	-2
345	62.519580	62.983866	C#4	64	72	0	2
346	62.948151	63.172258	A3	64	40	1	-4
347	63.162437	63.390115	B3	64	59	1	-2
348	63.376722	63.801722	A4	64	98	0	5
349	63.376722	63.539222	E4	64	63	0	5
350	63.591008	63.756186	B3	64	62	1	-2
351	63.805293	64.230293	B4	64	90	0	2
352	63.805293	63.985650	E4	64	72	0	5
353	63.805293	64.217793	G#2	64	73	1	-2
354	64.019579	64.216007	G#4	64	69	0	4
355	64.233864	65.087435	C#5	64	97	0	4
356	64.233864	64.772257	A4	64	75	0	5
357	64.233864	64.786542	C#4	64	66	0	2
358	64.233864	64.885649	E4	64	63	0	5
359	64.233864	65.574934	F#2	64	61	1	-4
360	64.662435	65.197256	C#3	64	46	1	-2
361	65.091006	65.516006	B4	64	97	0	2
362	65.091006	65.515113	E4	64	70	0	5
363	65.091006	65.525827	F#3	64	48	1	-2
364	65.091006	65.614220	C#4	64	67	0	2
365	65.091006	65.716899	A4	64	70	0	5
366	65.519577	65.944577	A4	64	89	0	5
367	65.519577	65.804398	C#3	64	50	1	-2
368	65.948148	66.801719	B4	64	97	0	2
369	65.948148	66.354398	B1	64	66	1	-1
370	65.948148	66.450826	B3	64	66	1	-2
371	65.948148	66.469576	D4	64	70	0	3
372	65.948148	66.473148	F#4	64	64	0	2
373	66.376719	66.830290	B2	64	58	1	-4
374	66.805290	67.230290	G#4	64	90	0	4
375	66.805290	67.247254	B3	64	66	1	-2
376	66.805290	67.311540	D4	64	70	0	3
377	66.805290	67.324933	D3	64	66	1	-1
378	66.805290	67.558861	F#4	64	67	0	2
379	67.233861	67.658861	A4	64	87	0	5
380	67.233861	67.314218	F#3	64	56	1	-2
381	67.662432	68.087432	B4	64	91	0	2
382	67.662432	68.062432	B3	64	66	1	-2
383	67.662432	68.077610	G#4	64	72	0	4
384	67.662432	68.098146	E4	64	69	0	5
385	67.662432	68.470467	E2	64	75	1	-1
386	68.091003	68.516003	C#5	64	84	0	4
387	68.091003	68.546360	B2	64	50	1	-4
388	68.324039	68.378503	F#4	64	71	0	2
389	68.519574	68.944574	B4	64	79	0	2
390	68.519574	68.988324	E3	64	54	1	-4
391	68.552610	69.399038	E4	64	67	0	5
392	68.948145	69.373145	E4	64	64	0	5
393	68.948145	69.049038	F#3	64	62	1	-2
394	69.376716	70.230287	F#4	64	91	0	2
395	69.376716	70.180287	F#2	64	69	1	-4
396	69.398145	70.211537	A4	64	63	0	5
397	69.398145	70.220465	F#4	64	47	0	2
398	69.805287	70.216001	C#3	64	39	1	-2
399	70.233858	70.658858	F#4	64	98	0	2
400	70.233858	70.685644	F#3	64	49	1	-2
401	70.662429	71.087429	G#4	64	85	0	4
402	70.662429	70.749036	A3	64	70	1	-4
403	71.091000	71.730285	A4	64	93	0	5
404	71.091000	72.473142	D2	64	72	1	-3
405	71.519571	72.809749	A2	64	47	1	-1
406	71.733857	71.944571	A4	64	97	0	5
407	71.948142	72.373142	B4	64	81	0	2
408	71.948142	72.572249	D3	64	66	1	-1
409	72.162428	72.302606	A3	64	75	1	-4
410	72.376713	72.801713	A4	64	94	0	5
411	72.376713	72.549035	D4	64	67	0	3
412	72.590999	72.830284	A4	64	67	0	5
413	72.805284	73.230284	G#4	64	97	0	4
414	72.805284	73.494569	G#4	64	67	0	4
415	72.805284	73.495462	B3	64	69	1	-2
416	72.805284	73.520462	E4	64	69	0	5
417	72.805284	74.061533	E2	64	67	1	-1
418	73.233855	73.658855	F#4	64	85	0	2
419	73.233855	74.406176	B2	64	59	1	-4
420	73.662426	74.087426	E4	64	90	0	5
421	73.662426	73.971355	B3	64	63	1	-2
422	73.662426	74.019569	E4	64	70	0	5
423	73.662426	74.042783	G#4	64	66	0	4
424	73.662426	74.229390	E3	64	48	1	-4
425	74.090997	74.944568	F#4	64	92	0	2
426	74.090997	74.320461	F#4	64	62	0	2
427	74.305283	74.476711	G#4	64	63	0	4
428	74.519568	74.638318	A4	64	54	0	5
429	74.519568	74.935639	F#4	64	78	0	2
430	74.519568	74.952604	C#4	64	69	0	2
431	74.519568	75.763317	F#2	64	73	1	-4
432	74.948139	77.515994	F#4	64	92	0	2
433	74.948139	76.068674	C#3	64	48	1	-2
434	75.162425	75.804388	F#3	64	55	1	-2
435	75.376710	75.579389	G#3	64	75	1	-5
436	75.590996	75.720460	A3	64	57	1	-4
437	75.805281	75.963317	C#4	64	80	0	2
438	76.019567	76.327602	F#4	64	69	0	2
439	76.233852	76.469566	D3	64	78	1	-1
440	76.233852	76.683852	A3	64	80	1	-4
441	76.233852	76.684745	D4	64	75	0	3
442	76.233852	76.689209	D2	64	72	1	-3
443	76.233852	76.699923	F#3	64	76	1	-2
444	76.662423	76.796352	D3	64	70	1	-1
445	76.876709	77.018673	A3	64	49	1	-4
446	77.090994	77.530280	G#3	64	88	1	-5
447	77.090994	77.537422	E4	64	75	0	5
448	77.090994	77.540994	B3	64	80	1	-2
449	77.090994	77.618672	E2	64	80	1	-1
450	77.519565	77.944565	C#5	64	100	0	4
451	77.519565	77.917779	E3	64	70	1	-4
452	77.948136	78.801707	F#5	64	97	0	4
453	77.948136	78.310636	F#2	64	82	1	-4
454	77.948136	78.482957	A3	64	82	1	-4
455	77.948136	78.607957	C#4	64	82	0	2
456	77.948136	78.863314	F#4	64	76	0	2
457	78.162422	78.387422	C#3	64	61	1	-2
458	78.376707	78.674028	F#3	64	56	1	-2
459	78.590993	79.014207	G#3	64	60	1	-5
460	78.805278	79.230278	F#5	64	98	0	4
461	78.805278	79.045457	A3	64	67	1	-4
462	79.019564	79.341885	B3	64	62	1	-2
463	79.233849	79.658849	E5	64	85	0	2
464	79.233849	79.512420	C#4	64	66	0	2
465	79.448135	79.701706	F#4	64	70	0	2
466	79.662420	80.087420	B4	64	86	0	2
467	79.662420	80.008849	E2	64	72	1	-1
468	79.662420	80.112420	A3	64	75	1	-4
469	79.662420	80.347241	E4	64	78	0	5
470	79.876706	80.100813	B2	64	64	1	-4
471	80.090991	80.515991	C#5	64	66	0	4
472	80.090991	80.369562	E3	64	58	1	-4
473	80.305277	80.809741	F#3	64	56	1	-2
474	80.519562	80.944562	E5	64	76	0	2
475	80.519562	80.791883	G#3	64	51	1	-5
476	80.733848	80.886526	B3	64	66	1	-2
477	80.948133	81.373133	C#5	64	91	0	4
478	80.948133	81.204383	E4	64	76	0	5
479	81.162419	81.453490	A4	64	75	0	5
480	81.376704	81.801704	F#4	64	90	0	2
481	81.376704	81.777597	A3	64	85	1	-4
482	81.376704	81.818668	D4	64	72	0	3
483	81.376704	81.836525	F#4	64	73	0	2
484	81.376704	81.951704	D2	64	73	1	-3
485	81.590990	82.216882	A2	64	66	1	-1
486	81.805275	82.230275	F#5	64	101	0	4
487	81.805275	82.111525	D3	64	60	1	-1
488	82.019561	82.274025	A4	64	73	0	5
489	82.233846	82.873131	E5	64	91	0	2
490	82.233846	82.588310	E2	64	70	1	-1
491	82.233846	82.804381	B3	64	95	1	-2
492	82.233846	82.907060	E4	64	93	0	5
493	82.233846	83.056167	G#4	64	91	0	4
494	82.448132	82.669560	B2	64	63	1	-4
495	82.662417	83.061524	E3	64	76	1	-4
496	82.876703	83.087417	B4	64	74	0	2
497	82.876703	83.093667	F#3	64	62	1	-2
498	83.090988	84.373130	C#5	64	96	0	4
499	83.090988	83.395452	C#4	64	72	0	2
500	83.090988	83.420452	A2	64	72	1	-1
501	83.090988	83.424917	E4	64	69	0	5
502	83.090988	83.465988	A4	64	80	0	5
503	83.305274	83.555274	E3	64	70	1	-4
504	83.519559	83.772238	A3	64	66	1	-4
505	83.733845	84.207952	B3	64	61	1	-2
506	83.948130	84.194559	C#4	64	73	0	2
507	84.162416	84.313309	A5	64	72	0	2
508	84.376701	84.587415	C#5	64	99	0	4
509	84.376701	84.549915	G#5	64	76	0	1
510	84.590987	84.801701	B4	64	97	0	2
511	84.590987	84.792772	E5	64	73	0	2
512	84.805272	85.444557	A4	64	96	0	5
513	84.805272	85.142772	F#2	64	72	1	-4
514	84.805272	85.616879	A4	64	78	0	5
515	84.805272	85.644557	C#4	64	80	0	2
516	84.805272	85.646343	F#4	64	80	0	2
517	85.019558	85.209736	C#3	64	64	1	-2
518	85.233843	85.508843	F#3	64	54	1	-2
519	85.448129	85.658843	A4	64	90	0	5
520	85.448129	85.942771	G#3	64	67	1	-5
521	85.662414	86.087414	A4	64	94	0	5
522	85.662414	85.944557	A3	64	69	1	-4
523	85.876700	86.034735	C#4	64	80	0	2
524	86.090985	86.515985	F#4	64	85	0	2
525	86.090985	86.406164	F#4	64	62	0	2
526	86.305271	86.434735	A4	64	75	0	5
527	86.519556	86.944556	C#5	64	95	0	4
528	86.519556	86.864199	E2	64	69	1	-1
529	86.519556	87.178484	B3	64	73	1	-2
530	86.519556	87.426698	E4	64	70	0	5
531	86.519556	87.436520	G#4	64	57	0	4
532	86.733842	86.963306	B2	64	66	1	-4
533	86.948127	88.015983	B4	64	99	0	2
534	86.948127	87.220448	E3	64	61	1	-4
535	87.162413	87.593662	F#3	64	62	1	-2
536	87.376698	87.599020	G#3	64	73	1	-5
537	87.590984	87.754377	B3	64	69	1	-2
538	87.805269	88.122233	E4	64	76	0	5
539	88.019555	88.230269	F#4	64	85	0	2
540	88.019555	88.194555	A4	64	70	0	5
541	88.233840	88.873125	F#5	64	90	0	4
542	88.233840	88.599911	A3	64	78	1	-4
543	88.233840	88.771340	F#4	64	88	0	2
544	88.233840	88.848125	D4	64	80	0	3
545	88.233840	88.935625	D2	64	70	1	-3
546	88.448126	89.622232	A2	64	76	1	-1
547	88.662411	89.049018	D3	64	59	1	-1
548	88.769554	88.879375	A3	64	58	1	-4
549	88.876697	89.087411	E5	64	93	0	2
550	88.983840	89.307946	A3	64	78	1	-4
551	88.983840	89.310625	F#4	64	78	0	2
552	88.983840	89.330268	D4	64	82	0	3
553	89.090982	89.515982	F#5	64	89	0	4
554	89.198125	89.519553	D2	64	32	1	-3
555	89.305268	89.576696	D3	64	61	1	-1
556	89.519553	89.944553	E5	64	93	0	2
557	89.519553	89.638303	D4	64	54	0	3
558	89.519553	89.706160	A3	64	78	1	-4
559	89.733839	89.815982	D4	64	49	0	3
560	89.733839	89.857053	F#4	64	73	0	2
561	89.948124	91.230266	C#5	64	99	0	4
562	89.948124	90.080267	C#4	64	75	0	2
563	89.948124	90.096338	B3	64	78	1	-2
564	89.948124	90.146338	C#2	64	70	1	-4
565	89.948124	90.563302	G#4	64	80	0	4
566	89.948124	90.649016	F#4	64	91	0	2
567	90.162410	90.440981	C#3	64	66	1	-2
568	90.376695	90.496338	E3	64	62	1	-4
569	90.376695	90.881159	F#3	64	49	1	-2
570	90.590981	90.893659	G#3	64	70	1	-5
571	90.805266	90.974016	C#4	64	88	0	2
572	91.019552	91.295444	F#4	64	91	0	2
573	91.233837	91.658837	C#5	64	106	0	4
574	91.233837	91.464194	G#4	64	75	0	4
575	91.448123	91.516873	C#5	64	50	0	4
576	91.448123	91.524016	B4	64	45	0	2
577	91.662408	92.301693	F#5	64	96	0	4
578	91.662408	91.799908	B4	64	70	0	2
579	91.662408	91.803480	A4	64	73	0	5
580	91.662408	92.049015	F#2	64	76	1	-4
581	91.662408	92.122229	C#4	64	66	0	2
582	91.876694	92.083836	A4	64	48	0	5
583	91.876694	92.115086	C#3	64	67	1	-2
584	92.090979	92.386515	F#3	64	59	1	-2
585	92.305265	92.515979	F#5	64	97	0	4
586	92.305265	92.398122	C#4	64	80	0	2
587	92.305265	92.408836	A4	64	78	0	5
588	92.305265	92.887407	G#3	64	54	1	-5
589	92.519550	92.944550	F#5	64	98	0	4
590	92.519550	92.797229	A4	64	88	0	5
591	92.519550	92.828479	C#4	64	85	0	2
592	92.733836	92.886514	A3	64	76	1	-4
593	92.733836	92.940978	G#4	64	72	0	4
594	92.948121	93.373121	C#5	64	97	0	4
595	92.948121	93.342764	F#4	64	93	0	2
596	93.376692	94.015977	B4	64	98	0	2
597	93.376692	93.648121	E2	64	72	1	-1
598	93.376692	93.746335	B3	64	64	1	-2
599	93.376692	93.824906	E4	64	75	0	5
600	93.376692	93.944549	G#4	64	72	0	4
601	93.590978	93.807049	B2	64	67	1	-4
602	93.805263	94.075799	E3	64	59	1	-4
603	94.019549	94.230263	C#5	64	98	0	4
604	94.019549	94.632048	F#3	64	55	1	-2
605	94.233834	94.658834	E5	64	105	0	2
606	94.233834	94.608834	G#3	64	70	1	-5
607	94.448120	94.572227	A4	64	85	0	5
608	94.662405	95.087405	C#5	64	105	0	4
609	94.662405	94.860619	B4	64	91	0	2
610	94.876691	95.033834	E5	64	60	0	2
611	95.090976	95.515976	F#4	64	93	0	2
612	95.090976	95.565083	F#4	64	66	0	2
613	95.090976	95.609726	D3	64	70	1	-1
614	95.090976	95.632940	C#5	64	69	0	4
615	95.305262	95.811511	A3	64	66	1	-4
616	95.519547	95.944547	F#5	64	90	0	4
617	95.519547	95.767761	D4	64	78	0	3
618	95.733833	95.828476	F#4	64	73	0	2
619	95.733833	96.141868	D5	64	69	0	5
620	95.948118	96.373118	F#5	64	94	0	4
621	95.948118	96.299904	E4	64	91	0	5
622	95.948118	96.331154	C#5	64	62	0	4
623	95.948118	96.377582	E3	64	69	1	-4
624	96.163297	96.377582	B3	64	69	1	-2
625	96.376689	96.801689	E5	64	100	0	2
626	96.377582	96.615082	A4	64	85	0	5
627	96.590975	96.753475	B4	64	80	0	2
628	96.805260	98.087402	C#5	64	98	0	4
629	96.805260	97.106153	C#5	64	69	0	4
630	96.805260	97.114189	A4	64	78	0	5
631	96.805260	97.140974	E4	64	63	0	5
632	96.805260	98.312402	A2	64	73	1	-1
633	97.019546	97.983831	E3	64	67	1	-4
634	97.233831	97.496331	A3	64	58	1	-4
635	97.448117	97.554367	C#4	64	64	0	2
636	97.448117	97.607045	A4	64	66	0	5
637	97.662402	97.692759	A4	64	43	0	5
638	97.662402	97.895438	B3	64	82	1	-2
639	97.662402	98.149902	G#4	64	78	0	4
640	97.876688	98.178473	A3	64	48	1	-4
641	98.090973	98.301687	C#5	64	98	0	4
642	98.090973	98.241866	E3	64	73	1	-4
643	98.090973	98.247223	C#4	64	62	0	2
644	98.090973	98.345437	A4	64	76	0	5
645	98.305259	98.515973	B4	64	97	0	2
646	98.305259	98.461509	F#4	64	61	0	2
647	98.519544	99.158829	A4	64	101	0	5
648	98.519544	98.830258	F#2	64	70	1	-4
649	98.519544	99.215079	C#4	64	76	0	2
650	98.519544	99.292758	A4	64	78	0	5
651	98.519544	99.449008	F#4	64	78	0	2
652	98.733830	98.938294	C#3	64	62	1	-2
653	98.948115	99.221329	F#3	64	63	1	-2
654	99.162401	99.373115	A4	64	106	0	5
655	99.162401	99.619543	G#3	64	50	1	-5
656	99.376686	99.801686	A4	64	100	0	5
657	99.376686	99.583829	A3	64	64	1	-4
658	99.590972	99.724900	C#4	64	95	0	2
659	99.805257	100.230257	F#4	64	96	0	2
660	99.805257	100.038293	F#4	64	80	0	2
661	100.019543	100.185614	A4	64	80	0	5
662	100.233828	100.873113	B4	64	106	0	2
663	100.233828	100.620435	E2	64	57	1	-1
664	100.233828	101.123113	B3	64	76	1	-2
665	100.233828	101.131149	E4	64	85	0	5
666	100.233828	101.134720	G#4	64	91	0	4
667	100.448114	100.647221	B2	64	41	1	-4
668	100.662399	100.954363	E3	64	59	1	-4
669	100.876685	101.087399	C#5	64	111	0	4
670	100.876685	101.320434	F#3	64	56	1	-2
671	101.090970	101.515970	C#5	64	95	0	4
672	101.090970	101.322220	G#3	64	76	1	-5
673	101.305256	101.441863	B3	64	80	1	-2
674	101.519541	101.944541	B4	64	105	0	2
675	101.519541	101.830255	E4	64	82	0	5
676	101.733827	101.980255	A4	64	66	0	5
677	101.948112	102.373112	F#4	64	96	0	2
678	101.948112	102.237398	D2	64	67	1	-3
679	101.948112	102.768647	F#4	64	85	0	2
680	101.948112	102.797219	A3	64	78	1	-4
681	101.948112	102.829361	D4	64	91	0	3
682	102.162398	102.340969	A2	64	69	1	-1
683	102.376683	102.801683	A4	64	90	0	5
684	102.376683	102.659719	D3	64	60	1	-1
685	102.590969	102.923111	E3	64	61	1	-4
686	102.805254	103.230254	A4	64	101	0	5
687	102.805254	102.964183	F#3	64	76	1	-2
688	103.019540	103.143647	A3	64	85	1	-4
689	103.233825	103.658825	C#5	64	109	0	4
690	103.233825	103.420432	D4	64	91	0	3
691	103.448111	103.704361	F#4	64	70	0	2
692	103.662396	106.015965	C#5	64	111	0	4
693	103.662396	104.035610	G#4	64	82	0	4
694	103.662396	105.237395	C#3	64	67	1	-2
695	103.876682	106.403465	F#3	64	61	1	-2
696	104.090967	106.332929	G#3	64	52	1	-5
697	104.305253	105.243645	C#4	64	73	0	2
698	104.519538	104.712395	F#4	64	72	0	2
699	104.733824	104.831145	G#4	64	69	0	4
700	104.948109	105.199002	C#5	64	82	0	4
701	105.162395	105.367752	F#5	64	69	0	4
702	105.376680	106.337394	G#5	64	67	0	1
703	105.376680	106.384715	C#5	64	72	0	4
704	105.376680	106.457036	C#3	64	45	1	-2
705	106.019537	106.230251	C#4	64	81	0	2
706	106.233822	106.658822	A4	64	91	0	5
707	106.662393	107.087393	G#4	64	96	0	4
708	107.090964	107.515964	E4	64	100	0	5
709	107.090964	107.583821	C#4	64	73	0	2
710	107.090964	107.597214	A3	64	75	1	-4
711	107.090964	110.485604	F#2	64	75	1	-4
712	107.519535	109.511498	F#4	64	98	0	2
713	107.519535	108.016856	C#3	64	40	1	-2
714	107.948106	108.381142	G#3	64	64	1	-5
715	107.948106	108.401677	F#3	64	46	1	-2
716	107.948106	108.403463	C#4	64	69	0	2
717	107.948106	108.431142	A3	64	69	1	-4
718	108.376677	111.257032	C#3	64	43	1	-2
719	108.805248	109.567748	F#3	64	38	1	-2
720	108.805248	109.771319	C#4	64	44	0	2
721	108.805248	109.772212	G#3	64	43	1	-5
722	108.805248	109.788283	A3	64	51	1	-4
723	110.519532	111.032032	A3	64	75	1	-4
724	110.519532	111.049889	C#4	64	72	0	2
725	110.519532	111.240960	F#3	64	61	1	-2
726	110.519532	111.861495	F#2	64	57	1	-4
727	111.376674	111.908817	C#4	64	67	0	2
728	111.376674	111.925781	A3	64	73	1	-4
729	111.805245	111.904352	F#3	64	40	1	-2
730	112.233816	112.714173	E4	64	59	0	5
731	112.233816	112.886494	B3	64	73	1	-2
732	112.233816	112.900780	G#3	64	62	1	-5
733	112.233816	113.276672	E3	64	48	1	-4
734	112.233816	113.681136	E2	64	62	1	-1
735	113.090958	113.543636	E4	64	59	0	5
736	113.090958	113.595422	G#3	64	63	1	-5
737	113.090958	113.644529	B3	64	70	1	-2
738	113.519529	113.640958	E3	64	56	1	-4
739	113.948100	114.373993	F#3	64	69	1	-2
740	113.948100	114.395421	A3	64	73	1	-4
741	113.948100	114.459707	C#4	64	72	0	2
742	114.055243	114.936492	D3	64	60	1	-1
743	114.055243	115.252563	D2	64	66	1	-3
744	114.805242	115.304349	A3	64	76	1	-4
745	114.805242	115.311492	C#4	64	72	0	2
746	114.805242	115.317742	F#3	64	69	1	-2
747	115.233813	115.380242	D3	64	64	1	-1
748	115.662384	115.900777	A3	64	70	1	-4
749	115.662384	115.982027	C#4	64	70	0	2
750	115.662384	116.860597	A2	64	75	1	-1
751	116.090955	116.574883	E3	64	42	1	-4
752	116.519526	116.789169	C#4	64	57	0	2
753	116.519526	116.793633	B3	64	61	1	-2
754	116.519526	116.822205	E4	64	64	0	5
755	116.519526	116.829347	A3	64	44	1	-4
756	116.840955	117.025776	E3	64	48	1	-4
757	117.162383	117.342740	G#2	64	38	1	-2
758	117.269526	118.019525	F#4	64	50	0	2
759	117.376668	117.840061	A4	64	69	0	5
760	117.376668	117.893632	C#4	64	69	0	2
761	117.376668	118.624881	F#2	64	73	1	-4
762	117.805239	118.238275	C#3	64	44	1	-2
763	118.233810	118.589167	F#3	64	44	1	-2
764	118.233810	118.758810	C#4	64	73	0	2
765	118.233810	118.783810	F#4	64	76	0	2
766	118.233810	118.986488	A4	64	72	0	5
767	118.662381	118.879345	C#3	64	43	1	-2
768	119.090952	119.453452	B3	64	70	1	-2
769	119.090952	119.537380	E4	64	69	0	5
770	119.090952	119.623988	G#4	64	70	0	4
771	119.090952	120.278451	E2	64	66	1	-1
772	119.519523	120.304344	B2	64	40	1	-4
773	119.948094	120.305237	E3	64	46	1	-4
774	119.948094	120.413272	B3	64	69	1	-2
775	119.948094	120.445415	E4	64	69	0	5
776	120.805236	121.219522	A3	64	58	1	-4
777	120.805236	121.276664	F#4	64	59	0	2
778	120.805236	121.278450	D4	64	62	0	3
779	120.805236	122.071307	D2	64	62	1	-3
780	121.233807	121.973985	A2	64	37	1	-1
781	121.662378	121.995414	A3	64	78	1	-4
782	121.662378	121.998985	D3	64	55	1	-1
783	121.662378	122.042735	D4	64	91	0	3
784	121.662378	122.137378	F#4	64	75	0	2
785	122.519520	122.678449	C#2	64	70	1	-4
786	122.519520	123.018627	C#4	64	78	0	2
787	122.519520	123.185591	G#4	64	75	0	4
788	122.519520	123.220412	F4	64	78	0	1
789	122.733806	122.998091	C#3	64	58	1	-2
790	122.948091	122.973091	G#3	64	49	1	-5
791	122.948091	123.619519	F#3	64	54	1	-2
792	123.162377	123.635591	G#3	64	75	1	-5
793	123.376662	123.636484	C#4	64	78	0	2
794	123.590948	123.767733	F#4	64	72	0	2
795	123.805233	123.851662	F#4	64	42	0	2
796	123.805233	124.061483	G#4	64	73	0	4
797	124.019519	124.133804	A4	64	78	0	5
798	124.233804	124.598090	C#4	64	78	0	2
799	124.233804	124.683804	F#2	64	75	1	-4
800	124.233804	124.826661	F#4	64	73	0	2
801	124.233804	124.874875	A4	64	85	0	5
802	125.090946	125.314160	C#4	64	76	0	2
803	125.090946	125.338268	F#4	64	85	0	2
804	125.090946	125.359696	A4	64	70	0	5
805	125.305232	125.907017	F#2	64	57	1	-4
806	125.519517	125.705231	C#4	64	80	0	2
807	125.733803	126.089160	A4	64	72	0	5
808	125.948088	126.447195	B3	64	85	1	-2
809	125.948088	126.490945	G#4	64	80	0	4
810	125.948088	126.492731	E4	64	80	0	5
811	125.948088	127.303444	E2	64	63	1	-1
812	126.376659	127.272194	B2	64	57	1	-4
813	126.590945	127.254337	E3	64	69	1	-4
814	126.805230	127.084694	B3	64	88	1	-2
815	127.019516	127.190944	E4	64	82	0	5
816	127.233801	127.293623	E4	64	44	0	5
817	127.233801	127.498087	F#4	64	66	0	2
818	127.448087	128.581121	A4	64	85	0	5
819	127.662372	127.997193	D2	64	70	1	-3
820	127.662372	128.541836	A3	64	91	1	-4
821	127.662372	128.565943	D4	64	72	0	3
822	127.662372	128.575764	F#4	64	66	0	2
823	127.876658	128.080229	A2	64	62	1	-1
824	128.090943	128.361479	D3	64	49	1	-1
825	128.305229	128.859693	E3	64	58	1	-4
826	128.519514	128.821300	F#3	64	66	1	-2
827	128.733800	128.798085	A4	64	34	0	5
828	128.733800	128.885585	A3	64	88	1	-4
829	128.948085	129.221299	D4	64	82	0	3
830	129.162371	129.307014	E4	64	73	0	5
831	129.376656	129.674870	C#4	64	80	0	2
832	129.376656	129.723977	E4	64	75	0	5
833	129.376656	129.744513	A4	64	76	0	5
834	129.376656	129.766835	A2	64	70	1	-1
835	129.590942	129.816834	E3	64	58	1	-4
836	129.805227	130.093620	A3	64	53	1	-4
837	130.019513	130.349870	B3	64	47	1	-2
838	130.233798	130.363262	C#4	64	82	0	2
839	130.448084	130.723084	A5	64	75	0	2
840	130.662369	130.849869	G#5	64	67	0	1
841	130.876655	131.099869	F#5	64	80	0	4
842	131.090940	131.446297	F#2	64	70	1	-4
843	131.090940	131.474869	A5	64	82	0	2
844	131.090940	131.607904	C#5	64	70	0	4
845	131.305226	131.536476	C#3	64	58	1	-2
846	131.519511	131.826654	F#3	64	50	1	-2
847	131.733797	131.838261	A5	64	72	0	2
848	131.733797	131.855225	C#5	64	63	0	4
849	131.840940	132.141832	G#3	64	57	1	-5
850	131.948082	132.030225	A5	64	72	0	2
851	131.948082	132.046297	C#5	64	73	0	4
852	131.948082	132.354332	A3	64	60	1	-4
853	132.162368	132.255225	G#5	64	72	0	1
854	132.162368	132.264153	B4	64	75	0	2
855	132.376653	132.498975	G#3	64	69	1	-5
856	132.376653	132.600760	A4	64	66	0	5
857	132.376653	132.642725	F#5	64	63	0	4
858	132.805224	133.013260	G#5	64	75	0	1
859	132.805224	133.053438	B4	64	73	0	2
860	132.805224	134.166830	E2	64	70	1	-1
861	133.019510	134.124866	B2	64	66	1	-4
862	133.233795	134.074866	E3	64	59	1	-4
863	133.448081	133.735581	G#3	64	85	1	-5
864	133.662366	133.851652	A3	64	76	1	-4
865	133.876652	134.278437	B3	64	73	1	-2
866	134.090937	134.361473	C#4	64	63	0	2
867	134.305223	134.427544	E4	64	82	0	5
868	134.519508	134.934686	D4	64	80	0	3
869	134.519508	135.022186	A3	64	69	1	-4
870	134.519508	135.033794	F#3	64	76	1	-2
871	134.519508	135.844507	D2	64	69	1	-3
872	134.733794	135.900757	A2	64	72	1	-1
873	134.948079	135.469507	D3	64	70	1	-1
874	135.162365	135.303436	F#3	64	66	1	-2
875	135.376650	135.609686	F#3	64	70	1	-2
876	135.376650	135.649864	D4	64	72	0	3
877	135.376650	135.673971	A3	64	93	1	-4
878	135.590936	135.919507	D3	64	58	1	-1
879	135.698079	136.047185	F#3	64	67	1	-2
880	135.912364	136.072185	D4	64	72	0	3
881	136.233792	136.649863	C#2	64	69	1	-4
882	136.233792	136.776649	G#3	64	73	1	-5
883	136.233792	136.916827	C#4	64	76	0	2
884	136.662363	136.969506	C#3	64	62	1	-2
885	136.876649	137.507005	F#3	64	46	1	-2
886	137.090934	137.484684	G#3	64	59	1	-5
887	137.412363	137.672184	C#4	64	57	0	2
888	137.733791	137.939148	F#4	64	69	0	2
889	137.948076	138.947182	F4	64	75	0	1
890	137.948076	139.063254	C#4	64	64	0	2
891	137.948076	139.108789	C#2	64	62	1	-4
892	137.948076	139.149861	C#3	64	54	1	-2
893	137.948076	139.149861	G#4	64	57	0	4
894	139.663253	140.123967	C#4	64	64	0	2
895	139.663253	140.130217	F#4	64	67	0	2
896	139.663253	140.166824	A4	64	62	0	5
897	139.663253	142.680214	F#2	64	57	1	-4
898	140.090931	140.600752	C#3	64	37	1	-2
899	140.519502	140.969502	F#3	64	43	1	-2
900	140.519502	141.043609	C#4	64	61	0	2
901	140.519502	141.055216	A4	64	67	0	5
902	140.519502	141.089145	F#4	64	64	0	2
903	140.948073	142.581107	C#3	64	37	1	-2
904	141.376644	142.581107	C#4	64	40	0	2
905	141.376644	142.586465	F#4	64	44	0	2
906	141.376644	142.595393	A4	64	35	0	5
907	141.376644	142.624857	F#3	64	33	1	-2
908	142.876643	143.087357	F#4	64	61	0	2
909	143.090928	143.944499	C#5	64	87	0	4
910	143.090928	143.540035	C#4	64	60	0	2
911	143.090928	143.591821	F#4	64	60	0	2
912	143.090928	144.381106	F#2	64	69	1	-4
913	143.519499	143.970392	C#3	64	34	1	-2
914	143.948070	144.373070	C#5	64	90	0	4
915	143.948070	144.339141	F#3	64	39	1	-2
916	143.948070	144.432891	C#4	64	53	0	2
917	143.948070	144.442713	A4	64	57	0	5
918	143.948070	144.460570	F#4	64	54	0	2
919	144.376641	144.587355	F#5	64	83	0	4
920	144.376641	144.781105	C#3	64	46	1	-2
921	144.590927	145.658783	B4	64	79	0	2
922	144.805212	145.304319	B3	64	51	1	-2
923	144.805212	145.313248	G#4	64	53	0	4
924	144.805212	145.318605	E4	64	60	0	5
925	144.805212	146.082890	E2	64	66	1	-1
926	145.233783	146.119497	B2	64	37	1	-4
927	145.662354	146.087354	A4	64	86	0	5
928	145.662354	146.012354	G#4	64	64	0	4
929	145.662354	146.088247	E4	64	67	0	5
930	145.662354	146.137354	B3	64	61	1	-2
931	145.662354	146.144497	E3	64	45	1	-4
932	146.090925	146.515925	G#4	64	79	0	4
933	146.519496	146.944496	A4	64	94	0	5
934	146.519496	146.840032	A4	64	59	0	5
935	146.519496	146.859675	C#4	64	58	0	2
936	146.519496	146.940032	F#4	64	59	0	2
937	146.519496	147.231103	F#2	64	62	1	-4
938	146.948067	147.373067	G#4	64	93	0	4
939	146.948067	147.360567	C#3	64	47	1	-2
940	147.376638	147.801638	F#4	64	68	0	2
941	147.376638	147.890031	F#3	64	48	1	-2
942	147.805209	148.015923	E4	64	66	0	5
943	147.805209	148.443602	C#5	64	45	0	4
944	147.805209	149.448958	G#3	64	54	1	-5
945	148.019495	148.230209	F#4	64	66	0	2
946	148.233780	149.087351	F#4	64	86	0	2
947	148.233780	148.506994	A5	64	59	0	2
948	148.233780	149.416815	A3	64	42	1	-4
949	148.662351	148.876637	G#5	64	48	0	1
950	149.090922	149.515922	A4	64	99	0	5
951	149.090922	149.330208	B3	64	53	1	-2
952	149.090922	149.471279	E5	64	55	0	2
953	149.519493	149.944493	B4	64	83	0	2
954	149.519493	149.878422	C#5	64	59	0	4
955	149.948064	150.373064	C#5	64	97	0	4
956	149.948064	150.232885	F#5	64	69	0	4
957	149.948064	151.323063	F#2	64	59	1	-4
958	150.376635	150.801635	B4	64	91	0	2
959	150.376635	150.854313	C#3	64	47	1	-2
960	150.805206	151.230206	B4	64	91	0	2
961	150.805206	151.163242	C#4	64	60	0	2
962	150.805206	151.170385	A3	64	64	1	-4
963	150.805206	151.201635	F#3	64	49	1	-2
964	151.233777	151.658777	A4	64	79	0	5
965	151.233777	151.609670	G#3	64	53	1	-5
966	151.233777	151.648063	B3	64	69	1	-2
967	151.662348	152.301633	G#4	64	98	0	4
968	151.662348	151.722170	A3	64	51	1	-4
969	151.662348	152.054312	B3	64	49	1	-2
970	151.662348	152.105205	E4	64	69	0	5
971	151.662348	152.598955	E2	64	62	1	-1
972	152.090919	152.609669	B2	64	44	1	-4
973	152.305205	152.515919	F#4	64	77	0	2
974	152.519490	152.944490	E4	64	95	0	5
975	152.519490	152.948061	E4	64	66	0	5
976	152.519490	152.960561	B3	64	58	1	-2
977	152.519490	153.051633	E3	64	49	1	-4
978	152.519490	153.165025	G#4	64	60	0	4
979	152.948061	153.373061	C#5	64	103	0	4
980	152.948061	153.382882	F#3	64	49	1	-2
981	153.376632	155.944487	C#5	64	103	0	4
982	153.376632	154.105203	E4	64	67	0	5
983	153.376632	154.113239	C#4	64	63	0	2
984	153.376632	154.485560	A4	64	70	0	5
985	153.376632	155.764130	A2	64	64	1	-1
986	153.805203	155.925737	E3	64	45	1	-4
987	154.233774	155.083773	A3	64	59	1	-4
988	154.662345	155.050738	E4	64	63	0	5
989	154.662345	155.164131	B3	64	63	1	-2
990	155.090916	155.555202	C#4	64	72	0	2
991	155.519487	155.743594	A3	64	40	1	-4
992	155.733773	155.961451	B3	64	59	1	-2
993	155.948058	156.373058	A4	64	91	0	5
994	155.948058	156.110558	E4	64	63	0	5
995	156.162344	156.327522	B3	64	62	1	-2
996	156.376629	156.801629	B4	64	77	0	2
997	156.376629	156.556986	E4	64	72	0	5
998	156.376629	156.789129	G#2	64	73	1	-2
999	156.590915	156.787343	G#4	64	69	0	4
1000	156.805200	157.658771	C#5	64	95	0	4
1001	156.805200	157.343593	A4	64	75	0	5
1002	156.805200	157.357878	C#4	64	66	0	2
1003	156.805200	157.456985	E4	64	63	0	5
1004	156.805200	158.146270	F#2	64	61	1	-4
1005	157.233771	157.768592	C#3	64	46	1	-2
1006	157.662342	158.087342	B4	64	96	0	2
1007	157.662342	158.086449	E4	64	70	0	5
1008	157.662342	158.097163	F#3	64	48	1	-2
1009	157.662342	158.185556	C#4	64	67	0	2
1010	157.662342	158.288235	A4	64	70	0	5
1011	158.090913	158.301627	A4	64	89	0	5
1012	158.090913	158.375734	C#3	64	50	1	-2
1013	158.305199	158.515913	B4	64	89	0	2
1014	158.519484	158.925734	B1	64	66	1	-1
1015	158.519484	159.022162	B4	64	66	0	2
1016	158.519484	159.040912	D4	64	70	0	3
1017	158.519484	159.044484	F#4	64	64	0	2
1018	158.526627	159.373055	B4	64	100	0	2
1019	158.948055	159.401626	B2	64	58	1	-4
1020	159.376626	159.801626	G#4	64	97	0	4
1021	159.376626	159.818590	B4	64	66	0	2
1022	159.376626	159.882876	D4	64	70	0	3
1023	159.376626	159.896269	D3	64	66	1	-1
1024	159.376626	160.130197	F#4	64	67	0	2
1025	159.805197	160.230197	A4	64	91	0	5
1026	159.805197	159.885554	F#3	64	56	1	-2
1027	160.233768	160.658768	B4	64	86	0	2
1028	160.233768	160.633768	B3	64	66	1	-2
1029	160.233768	160.648946	G#4	64	72	0	4
1030	160.233768	160.669482	E4	64	69	0	5
1031	160.233768	161.041803	E2	64	75	1	-1
1032	160.662339	161.087339	C#5	64	86	0	4
1033	160.662339	161.117696	B2	64	50	1	-4
1034	161.090910	161.515910	B4	64	90	0	2
1035	161.090910	161.192696	C#4	64	64	0	2
1036	161.090910	161.237339	G#4	64	76	0	4
1037	161.090910	161.559660	E3	64	54	1	-4
1038	161.519481	161.944481	E4	64	87	0	5
1039	161.519481	161.620374	F#3	64	62	1	-2
1040	161.519481	161.625731	E4	64	63	0	5
1041	161.519481	161.647160	B4	64	70	0	2
1042	161.948052	162.801623	F#4	64	87	0	2
1043	161.948052	162.216802	F#4	64	41	0	2
1044	161.948052	162.662337	C#5	64	70	0	4
1045	161.948052	162.751623	F#2	64	69	1	-4
1046	162.376623	162.787337	C#3	64	39	1	-2
1047	162.805194	163.230194	F#4	64	84	0	2
1048	162.805194	163.065016	C#5	64	72	0	4
1049	162.805194	163.256980	F#3	64	49	1	-2
1050	163.019480	163.222158	B4	64	75	0	2
1051	163.233765	163.658765	G#4	64	83	0	4
1052	163.233765	163.320372	G#3	64	70	1	-5
1053	163.233765	163.445372	A4	64	69	0	5
1054	163.448051	163.685551	G#4	64	64	0	4
1055	163.662336	164.301621	A4	64	90	0	5
1056	163.662336	164.139122	F#4	64	66	0	2
1057	163.662336	165.044478	D2	64	72	1	-3
1058	164.090907	165.381085	A2	64	47	1	-1
1059	164.305193	164.515907	A4	64	93	0	5
1060	164.519478	164.944478	B4	64	84	0	2
1061	164.519478	165.143585	D3	64	66	1	-1
1062	164.733764	164.873942	A3	64	75	1	-4
1063	164.948049	165.373049	A4	64	93	0	5
1064	164.948049	165.120371	D4	64	67	0	3
1065	165.162335	165.401620	A4	64	67	0	5
1066	165.376620	165.801620	G#4	64	96	0	4
1067	165.376620	166.065905	G#4	64	67	0	4
1068	165.376620	166.066798	B3	64	69	1	-2
1069	165.376620	166.091798	E4	64	69	0	5
1070	165.376620	166.632869	E2	64	67	1	-1
1071	165.805191	166.230191	F#4	64	91	0	2
1072	165.805191	166.977512	B2	64	59	1	-4
1073	166.233762	166.658762	E4	64	80	0	5
1074	166.233762	166.542691	B3	64	63	1	-2
1075	166.233762	166.590905	E4	64	70	0	5
1076	166.233762	166.614119	G#4	64	66	0	4
1077	166.233762	166.800726	E3	64	48	1	-4
1078	166.662333	167.515904	F#4	64	84	0	2
1079	166.662333	166.891797	F#4	64	62	0	2
1080	166.876619	167.048047	G#4	64	63	0	4
1081	167.090904	167.209654	A4	64	54	0	5
1082	167.090904	167.506975	F#4	64	78	0	2
1083	167.090904	167.523940	C#4	64	69	0	2
1084	167.090904	168.334653	F#2	64	73	1	-4
1085	167.519475	170.087330	F#4	64	91	0	2
1086	167.519475	168.640010	C#3	64	48	1	-2
1087	167.733761	168.375724	F#3	64	55	1	-2
1088	167.948046	168.150725	G#3	64	75	1	-5
1089	168.162332	168.291796	A3	64	57	1	-4
1090	168.376617	168.534653	C#4	64	80	0	2
1091	168.590903	168.898938	F#4	64	69	0	2
1092	168.805188	169.040902	D3	64	78	1	-1
1093	168.805188	169.255188	A3	64	80	1	-4
1094	168.805188	169.256081	D4	64	75	0	3
1095	168.805188	169.260545	D2	64	72	1	-3
1096	168.805188	169.271259	F#3	64	76	1	-2
1097	169.233759	169.367688	D3	64	70	1	-1
1098	169.448045	169.590009	A3	64	49	1	-4
1099	169.662330	170.101616	G#3	64	88	1	-5
1100	169.662330	170.108758	E4	64	75	0	5
1101	169.662330	170.112330	B3	64	80	1	-2
1102	169.662330	170.190008	E2	64	80	1	-1
1103	170.090901	170.515901	C#5	64	100	0	4
1104	170.090901	170.489115	E3	64	70	1	-4
1105	170.519472	171.373043	F#5	64	97	0	4
1106	170.519472	170.881972	F#2	64	82	1	-4
1107	170.519472	171.054293	A3	64	82	1	-4
1108	170.519472	171.179293	C#4	64	82	0	2
1109	170.519472	171.434650	F#4	64	76	0	2
1110	170.733758	170.958758	C#3	64	61	1	-2
1111	170.948043	171.245364	F#3	64	56	1	-2
1112	171.162329	171.585543	G#3	64	60	1	-5
1113	171.376614	171.801614	F#5	64	98	0	4
1114	171.376614	171.616793	A3	64	67	1	-4
1115	171.590900	171.913221	B3	64	62	1	-2
1116	171.805185	172.230185	E5	64	85	0	2
1117	171.805185	172.083756	C#4	64	66	0	2
1118	172.019471	172.273042	F#4	64	70	0	2
1119	172.233756	172.873041	B4	64	86	0	2
1120	172.233756	172.580185	E2	64	72	1	-1
1121	172.233756	172.683756	A3	64	75	1	-4
1122	172.233756	172.918577	E4	64	78	0	5
1123	172.448042	172.672149	B2	64	64	1	-4
1124	172.662327	172.940898	E3	64	58	1	-4
1125	172.876613	173.194470	C#5	64	66	0	4
1126	172.876613	173.381077	F#3	64	56	1	-2
1127	173.090898	173.363219	G#3	64	51	1	-5
1128	173.198041	173.515898	E5	64	76	0	2
1129	173.305184	173.457862	B3	64	66	1	-2
1130	173.519469	173.944469	C#5	64	91	0	4
1131	173.519469	173.775719	E4	64	76	0	5
1132	173.733755	174.024826	A4	64	75	0	5
1133	173.948040	174.373040	F#4	64	90	0	2
1134	173.948040	174.348933	A3	64	85	1	-4
1135	173.948040	174.390004	D4	64	72	0	3
1136	173.948040	174.407861	F#4	64	73	0	2
1137	173.948040	174.523040	D2	64	73	1	-3
1138	174.162326	174.788218	A2	64	66	1	-1
1139	174.376611	174.801611	F#5	64	101	0	4
1140	174.376611	174.682861	D3	64	60	1	-1
1141	174.590897	174.845361	A4	64	73	0	5
1142	174.805182	175.444467	E5	64	91	0	2
1143	174.805182	175.159646	E2	64	70	1	-1
1144	174.805182	175.375717	B3	64	95	1	-2
1145	174.805182	175.478396	E4	64	93	0	5
1146	174.805182	175.627503	G#4	64	91	0	4
1147	175.019468	175.240896	B2	64	63	1	-4
1148	175.233753	175.632860	E3	64	76	1	-4
1149	175.448039	175.658753	B4	64	74	0	2
1150	175.448039	175.665003	F#3	64	62	1	-2
1151	175.662324	176.944466	C#5	64	96	0	4
1152	175.662324	175.966788	C#4	64	72	0	2
1153	175.662324	175.991788	A2	64	72	1	-1
1154	175.662324	175.996253	E4	64	69	0	5
1155	175.662324	176.037324	A4	64	80	0	5
1156	175.876610	176.126610	E3	64	70	1	-4
1157	176.090895	176.343574	A3	64	66	1	-4
1158	176.305181	176.779288	B3	64	61	1	-2
1159	176.519466	176.765895	C#4	64	73	0	2
1160	176.733752	176.884645	A5	64	72	0	2
1161	176.948037	177.158751	C#5	64	99	0	4
1162	176.948037	177.121251	G#5	64	76	0	1
1163	177.162323	177.373037	B4	64	97	0	2
1164	177.162323	177.364108	E5	64	73	0	2
1165	177.376608	178.015893	A4	64	96	0	5
1166	177.376608	177.714108	F#2	64	72	1	-4
1167	177.376608	178.188215	A4	64	78	0	5
1168	177.376608	178.215893	C#4	64	80	0	2
1169	177.376608	178.217679	F#4	64	80	0	2
1170	177.590894	177.781072	C#3	64	64	1	-2
1171	177.805179	178.080179	F#3	64	54	1	-2
1172	178.019465	178.230179	A4	64	90	0	5
1173	178.019465	178.514107	G#3	64	67	1	-5
1174	178.233750	178.658750	A4	64	94	0	5
1175	178.233750	178.515893	A3	64	69	1	-4
1176	178.448036	178.606071	C#4	64	80	0	2
1177	178.662321	179.087321	F#4	64	85	0	2
1178	178.662321	178.977500	F#4	64	62	0	2
1179	178.876607	179.006071	A4	64	75	0	5
1180	179.090892	179.515892	C#5	64	95	0	4
1181	179.090892	179.435535	E2	64	69	1	-1
1182	179.090892	179.749820	B3	64	73	1	-2
1183	179.090892	179.998034	E4	64	70	0	5
1184	179.090892	180.007856	G#4	64	57	0	4
1185	179.305178	179.534642	B2	64	66	1	-4
1186	179.519463	180.587319	B4	64	99	0	2
1187	179.519463	179.791784	E3	64	61	1	-4
1188	179.733749	180.164998	F#3	64	62	1	-2
1189	179.948034	180.170356	G#3	64	73	1	-5
1190	180.162320	180.325713	B3	64	69	1	-2
1191	180.376605	180.693569	E4	64	76	0	5
1192	180.590891	180.801605	F#4	64	85	0	2
1193	180.590891	180.765891	A4	64	70	0	5
1194	180.805176	181.444461	F#5	64	90	0	4
1195	180.805176	181.171247	A3	64	78	1	-4
1196	180.805176	181.342676	F#4	64	88	0	2
1197	180.805176	181.419461	D4	64	80	0	3
1198	180.805176	181.506961	D2	64	70	1	-3
1199	181.019462	182.193568	A2	64	76	1	-1
1200	181.233747	181.620354	D3	64	59	1	-1
1201	181.340890	181.450711	A3	64	58	1	-4
1202	181.448033	181.658747	E5	64	93	0	2
1203	181.555176	181.879282	A3	64	78	1	-4
1204	181.555176	181.881961	F#4	64	78	0	2
1205	181.555176	181.901604	D4	64	82	0	3
1206	181.662318	182.087318	F#5	64	89	0	4
1207	181.769461	182.090889	D2	64	32	1	-3
1208	181.876604	182.148032	D3	64	61	1	-1
1209	182.090889	182.515889	E5	64	93	0	2
1210	182.090889	182.209639	D4	64	54	0	3
1211	182.090889	182.277496	A3	64	78	1	-4
1212	182.305175	182.387318	D4	64	49	0	3
1213	182.305175	182.428389	F#4	64	73	0	2
1214	182.519460	183.801602	C#5	64	99	0	4
1215	182.519460	182.651603	C#4	64	75	0	2
1216	182.519460	182.667674	B3	64	78	1	-2
1217	182.519460	182.717674	C#2	64	70	1	-4
1218	182.519460	183.134638	G#4	64	80	0	4
1219	182.519460	183.220352	F#4	64	91	0	2
1220	182.733746	183.012317	C#3	64	66	1	-2
1221	182.948031	183.067674	E3	64	62	1	-4
1222	182.948031	183.452495	F#3	64	49	1	-2
1223	183.162317	183.464995	G#3	64	70	1	-5
1224	183.376602	183.545352	C#4	64	88	0	2
1225	183.590888	183.866780	F#4	64	91	0	2
1226	183.805173	184.230173	C#5	64	106	0	4
1227	183.805173	184.035530	G#4	64	75	0	4
1228	184.019459	184.088209	C#5	64	50	0	4
1229	184.019459	184.095352	B4	64	45	0	2
1230	184.233744	184.873029	F#5	64	96	0	4
1231	184.233744	184.371244	B4	64	70	0	2
1232	184.233744	184.374816	A4	64	73	0	5
1233	184.233744	184.620351	F#2	64	76	1	-4
1234	184.233744	184.693565	C#4	64	66	0	2
1235	184.448030	184.655172	A4	64	48	0	5
1236	184.448030	184.686422	C#3	64	67	1	-2
1237	184.662315	184.957851	F#3	64	59	1	-2
1238	184.876601	185.087315	F#5	64	97	0	4
1239	184.876601	184.969458	C#4	64	80	0	2
1240	184.876601	184.980172	A4	64	78	0	5
1241	184.876601	185.458743	G#3	64	54	1	-5
1242	185.090886	185.515886	F#5	64	98	0	4
1243	185.090886	185.368565	A4	64	88	0	5
1244	185.090886	185.399815	C#4	64	85	0	2
1245	185.305172	185.457850	A3	64	76	1	-4
1246	185.305172	185.512314	G#4	64	72	0	4
1247	185.519457	185.944457	C#5	64	97	0	4
1248	185.519457	185.914100	F#4	64	93	0	2
1249	185.948028	186.587313	B4	64	98	0	2
1250	185.948028	186.219457	E2	64	72	1	-1
1251	185.948028	186.317671	B3	64	64	1	-2
1252	185.948028	186.396242	E4	64	75	0	5
1253	185.948028	186.515885	G#4	64	72	0	4
1254	186.162314	186.378385	B2	64	67	1	-4
1255	186.376599	186.647135	E3	64	59	1	-4
1256	186.590885	186.801599	C#5	64	98	0	4
1257	186.590885	187.203384	F#3	64	55	1	-2
1258	186.805170	187.230170	E5	64	105	0	2
1259	186.805170	187.180170	G#3	64	70	1	-5
1260	187.019456	187.143563	A4	64	85	0	5
1261	187.233741	187.658741	C#5	64	105	0	4
1262	187.233741	187.431955	B4	64	91	0	2
1263	187.448027	187.605170	E5	64	60	0	2
1264	187.662312	188.087312	F#4	64	93	0	2
1265	187.662312	188.136419	F#4	64	66	0	2
1266	187.662312	188.181062	D3	64	70	1	-1
1267	187.662312	188.204276	C#5	64	69	0	4
1268	187.876598	188.382847	A3	64	66	1	-4
1269	188.090883	188.515883	F#5	64	90	0	4
1270	188.090883	188.339097	D4	64	78	0	3
1271	188.305169	188.399812	F#4	64	73	0	2
1272	188.305169	188.713204	D5	64	69	0	5
1273	188.519454	188.944454	F#5	64	94	0	4
1274	188.519454	188.871240	E4	64	91	0	5
1275	188.519454	188.902490	C#5	64	62	0	4
1276	188.519454	188.948918	E3	64	69	1	-4
1277	188.734633	188.948918	B3	64	69	1	-2
1278	188.948025	189.373025	E5	64	100	0	2
1279	188.948918	189.186418	A4	64	85	0	5
1280	189.162311	189.324811	B4	64	80	0	2
1281	189.376596	190.658738	C#5	64	98	0	4
1282	189.376596	189.677489	C#5	64	69	0	4
1283	189.376596	189.685525	A4	64	78	0	5
1284	189.376596	189.712310	E4	64	63	0	5
1285	189.376596	190.883738	A2	64	73	1	-1
1286	189.590882	190.555167	E3	64	67	1	-4
1287	189.805167	190.067667	A3	64	58	1	-4
1288	190.019453	190.125703	C#4	64	64	0	2
1289	190.019453	190.178381	A4	64	66	0	5
1290	190.233738	190.264095	A4	64	43	0	5
1291	190.233738	190.466774	B3	64	82	1	-2
1292	190.233738	190.721238	G#4	64	78	0	4
1293	190.448024	190.749809	A3	64	48	1	-4
1294	190.662309	190.873023	C#5	64	98	0	4
1295	190.662309	190.813202	E3	64	73	1	-4
1296	190.662309	190.818559	C#4	64	62	0	2
1297	190.662309	190.916773	A4	64	76	0	5
1298	190.876595	191.087309	B4	64	97	0	2
1299	190.876595	191.032845	F#4	64	61	0	2
1300	191.090880	191.730165	A4	64	101	0	5
1301	191.090880	191.401594	F#2	64	70	1	-4
1302	191.090880	191.786415	C#4	64	76	0	2
1303	191.090880	191.864094	A4	64	78	0	5
1304	191.090880	192.020344	F#4	64	78	0	2
1305	191.305166	191.509630	C#3	64	62	1	-2
1306	191.519451	191.792665	F#3	64	63	1	-2
1307	191.733737	191.944451	A4	64	106	0	5
1308	191.733737	192.190879	G#3	64	50	1	-5
1309	191.948022	192.373022	A4	64	100	0	5
1310	191.948022	192.155165	A3	64	64	1	-4
1311	192.162308	192.296236	C#4	64	95	0	2
1312	192.376593	192.801593	F#4	64	96	0	2
1313	192.376593	192.609629	F#4	64	80	0	2
1314	192.590879	192.756950	A4	64	80	0	5
1315	192.805164	193.444449	B4	64	106	0	2
1316	192.805164	193.191771	E2	64	57	1	-1
1317	192.805164	193.694449	B3	64	76	1	-2
1318	192.805164	193.702485	E4	64	85	0	5
1319	192.805164	193.706056	G#4	64	91	0	4
1320	193.019450	193.218557	B2	64	41	1	-4
1321	193.233735	193.525699	E3	64	59	1	-4
1322	193.448021	193.658735	C#5	64	111	0	4
1323	193.448021	193.891770	F#3	64	56	1	-2
1324	193.662306	193.980163	C#5	64	95	0	4
1325	193.662306	193.893556	G#3	64	76	1	-5
1326	193.876592	194.013199	B3	64	80	1	-2
1327	193.983735	194.515877	B4	64	105	0	2
1328	194.090877	194.401591	E4	64	82	0	5
1329	194.305163	194.551591	A4	64	66	0	5
1330	194.519448	194.944448	F#4	64	96	0	2
1331	194.519448	194.808734	D2	64	67	1	-3
1332	194.519448	195.339983	F#4	64	85	0	2
1333	194.519448	195.368555	A3	64	78	1	-4
1334	194.519448	195.400697	D4	64	91	0	3
1335	194.733734	194.912305	A2	64	69	1	-1
1336	194.948019	195.373019	A4	64	90	0	5
1337	194.948019	195.231055	D3	64	60	1	-1
1338	195.162305	195.494447	E3	64	61	1	-4
1339	195.376590	195.801590	A4	64	101	0	5
1340	195.376590	195.535519	F#3	64	76	1	-2
1341	195.590876	195.714983	A3	64	85	1	-4
1342	195.805161	196.230161	C#5	64	109	0	4
1343	195.805161	195.991768	D4	64	91	0	3
1344	196.019447	196.275697	F#4	64	70	0	2
1345	196.233732	198.480159	C#5	64	111	0	4
1346	196.233732	196.606946	G#4	64	82	0	4
1347	196.233732	197.808731	C#3	64	67	1	-2
1348	196.448018	198.974801	F#3	64	61	1	-2
1349	196.662303	198.904265	G#3	64	52	1	-5
1350	196.876589	197.814981	C#4	64	73	0	2
1351	197.090874	197.283731	F#4	64	72	0	2
1352	197.305160	197.402481	G#4	64	69	0	4
1353	197.519445	197.770338	C#5	64	82	0	4
1354	197.733731	197.939088	F#5	64	69	0	4
1355	197.948016	198.908730	G#5	64	67	0	1
1356	197.948016	198.956051	C#5	64	72	0	4
1357	197.948016	199.028372	C#3	64	45	1	-2
1358	198.483730	198.801587	C#4	64	81	0	2
1359	198.805158	199.123015	A4	64	91	0	5
1360	199.126587	199.658729	G#4	64	96	0	4
1361	199.662300	200.087300	E4	64	100	0	5
1362	199.662300	200.155157	C#4	64	73	0	2
1363	199.662300	200.168550	A3	64	75	1	-4
1364	199.662300	203.056940	F#2	64	75	1	-4
1365	200.090871	202.658726	F#4	64	98	0	2
1366	200.090871	200.588192	C#3	64	40	1	-2
1367	200.519442	200.952478	G#3	64	64	1	-5
1368	200.519442	200.973013	F#3	64	46	1	-2
1369	200.519442	200.974799	C#4	64	69	0	2
1370	200.519442	201.002478	A3	64	69	1	-4
1371	200.948013	203.090868	C#3	64	43	1	-2
1372	201.376584	202.139084	F#3	64	38	1	-2
1373	201.376584	202.342655	C#4	64	44	0	2
1374	201.376584	202.343548	G#3	64	43	1	-5
1375	201.376584	202.359619	A3	64	51	1	-4
1376	202.340869	203.090868	F#3	64	33	1	-2
1377	202.662297	203.087297	C#5	64	100	0	4
1378	203.090868	203.944439	F#5	64	97	0	4
1379	203.090868	203.453368	F#2	64	67	1	-4
1380	203.090868	203.737296	A4	64	72	0	5
1381	203.305154	203.506939	C#3	64	47	1	-2
1382	203.519439	203.786403	F#3	64	44	1	-2
1383	203.733725	204.198903	G#3	64	58	1	-5
1384	203.948010	204.373010	F#5	64	98	0	4
1385	203.948010	204.172117	A3	64	63	1	-4
1386	204.162296	204.293546	C#4	64	69	0	2
1387	204.376581	204.801581	C#5	64	85	0	4
1388	204.376581	204.589081	F#4	64	73	0	2
1389	204.590867	204.768545	A4	64	73	0	5
1390	204.805152	205.444437	B4	64	86	0	2
1391	204.805152	205.106938	E2	64	70	1	-1
1392	204.805152	205.661401	G#4	64	78	0	4
1393	205.019438	205.214080	B2	64	53	1	-4
1394	205.233723	205.490866	E3	64	42	1	-4
1395	205.448009	205.658723	C#5	64	66	0	4
1396	205.448009	205.859616	F#3	64	59	1	-2
1397	205.662294	206.087294	E5	64	76	0	2
1398	205.662294	205.867651	G#3	64	66	1	-5
1399	205.876580	206.013187	B3	64	70	1	-2
1400	206.090865	206.515865	C#5	64	91	0	4
1401	206.090865	206.286401	E4	64	76	0	5
1402	206.305151	206.831936	A4	64	72	0	5
1403	206.519436	206.944436	F#4	64	90	0	2
1404	206.519436	206.827472	F#4	64	73	0	2
1405	206.519436	207.034614	D2	64	72	1	-3
1406	206.733722	206.881936	A3	64	67	1	-4
1407	206.733722	207.420328	A2	64	60	1	-1
1408	206.948007	207.373007	F#5	64	101	0	4
1409	206.948007	207.165864	D4	64	70	0	3
1410	206.948007	207.174793	D3	64	44	1	-1
1411	207.162293	207.423007	A4	64	72	0	5
1412	207.376578	207.801578	E5	64	91	0	2
1413	207.376578	207.635507	G#4	64	67	0	4
1414	207.376578	207.831935	E2	64	72	1	-1
1415	207.590864	207.890864	B2	64	63	1	-4
1416	207.590864	207.907828	B3	64	62	1	-2
1417	207.805149	208.230149	B4	64	74	0	2
1418	207.805149	208.039971	E4	64	70	0	5
1419	207.805149	208.167649	E3	64	60	1	-4
1420	208.019435	208.214970	G#4	64	66	0	4
1421	208.233720	209.515862	C#5	64	96	0	4
1422	208.233720	208.373899	C#4	64	57	0	2
1423	208.233720	208.520327	E4	64	64	0	5
1424	208.233720	208.523006	A2	64	67	1	-1
1425	208.233720	208.603363	A4	64	75	0	5
1426	208.448006	208.675684	E3	64	64	1	-4
1427	208.662291	208.936398	A3	64	66	1	-4
1428	208.876577	209.247112	B3	64	54	1	-2
1429	209.090862	209.253362	C#4	64	73	0	2
1430	209.090862	209.364969	A5	64	80	0	2
1431	209.305148	209.480148	G#5	64	59	0	1
1432	209.519433	209.730147	C#5	64	99	0	4
1433	209.519433	209.697112	E5	64	64	0	2
1434	209.733719	209.944433	B4	64	97	0	2
1435	209.733719	210.043540	C#5	64	70	0	4
1436	209.948004	210.587289	A4	64	96	0	5
1437	209.948004	210.270325	A5	64	72	0	2
1438	209.948004	210.277468	F#2	64	70	1	-4
1439	210.162290	210.373897	C#3	64	67	1	-2
1440	210.376575	210.672111	F#3	64	50	1	-2
1441	210.590861	210.801575	A4	64	90	0	5
1442	210.590861	211.058718	G#3	64	66	1	-5
1443	210.805146	211.230146	A4	64	94	0	5
1444	210.805146	211.056039	A3	64	69	1	-4
1445	211.019432	211.156039	C#4	64	67	0	2
1446	211.233717	211.658717	F#4	64	85	0	2
1447	211.233717	211.442646	F#4	64	82	0	2
1448	211.448003	211.606038	A4	64	63	0	5
1449	211.662288	212.087288	C#5	64	95	0	4
1450	211.662288	212.052467	E2	64	73	1	-1
1451	211.662288	212.281931	B3	64	66	1	-2
1452	211.662288	212.411395	E4	64	72	0	5
1453	211.662288	212.414073	G#4	64	63	0	4
1454	211.876574	212.084609	C#3	64	53	1	-2
1455	212.090859	213.158715	B4	64	99	0	2
1456	212.090859	212.371216	E3	64	69	1	-4
1457	212.305145	212.629252	F#3	64	40	1	-2
1458	212.519430	212.658716	B3	64	75	1	-2
1459	212.733716	212.864966	E4	64	82	0	5
1460	212.948001	213.139073	F#4	64	78	0	2
1461	213.162287	213.373001	F#4	64	85	0	2
1462	213.162287	213.777465	A4	64	73	0	5
1463	213.376572	214.015857	F#5	64	90	0	4
1464	213.376572	213.761393	D2	64	72	1	-3
1465	213.376572	213.844429	F#4	64	76	0	2
1466	213.376572	213.892643	A3	64	93	1	-4
1467	213.376572	214.031929	D4	64	88	0	3
1468	213.590858	213.823000	A2	64	75	1	-1
1469	213.805143	214.086393	D3	64	95	1	-1
1470	214.019429	214.230143	E5	64	93	0	2
1471	214.019429	214.539964	E3	64	72	1	-4
1472	214.233714	214.658714	F#5	64	89	0	4
1473	214.233714	214.451571	A3	64	95	1	-4
1474	214.233714	214.505143	D4	64	101	0	3
1475	214.233714	214.512285	F#4	64	103	0	2
1476	214.340857	214.480143	F#3	64	91	1	-2
1477	214.662285	215.087285	E5	64	93	0	2
1478	214.662285	214.842642	A3	64	88	1	-4
1479	214.876571	215.056035	F#4	64	63	0	2
1480	215.090856	216.372998	C#5	64	99	0	4
1481	215.090856	215.219428	C#4	64	93	0	2
1482	215.090856	215.254249	C#2	64	80	1	-4
1483	215.090856	215.316749	B3	64	93	1	-2
1484	215.090856	215.720320	G#4	64	75	0	4
1485	215.090856	215.796213	F#4	64	75	0	2
1486	215.305142	215.572106	C#3	64	75	1	-2
1487	215.519427	215.890856	F#3	64	93	1	-2
1488	215.733713	215.881927	G#3	64	76	1	-5
1489	215.947998	216.047998	F#4	64	99	0	2
1490	215.947998	216.114070	C#4	64	95	0	2
1491	216.162284	216.216748	C#4	64	40	0	2
1492	216.162284	216.335498	F#4	64	99	0	2
1493	216.376569	216.801569	C#5	64	106	0	4
1494	216.376569	216.441748	C#4	64	48	0	2
1495	216.376569	216.595319	G#4	64	59	0	4
1496	216.376569	216.622105	C#2	64	78	1	-4
1497	216.590855	216.659605	C#4	64	51	0	2
1498	216.590855	216.746212	F4	64	103	0	1
1499	216.590855	216.756033	C#3	64	78	1	-2
1500	216.805140	217.444425	F#5	64	96	0	4
1501	216.805140	217.105140	C#4	64	95	0	2
1502	216.805140	217.136390	F#2	64	76	1	-4
1503	216.805140	217.153354	A4	64	91	0	5
1504	216.805140	217.154247	F#4	64	99	0	2
1505	217.019426	217.237283	C#3	64	75	1	-2
1506	217.233711	217.513175	F#3	64	78	1	-2
1507	217.447997	217.658711	F#5	64	97	0	4
1508	217.447997	217.509604	G#5	64	70	0	1
1509	217.447997	217.518532	A5	64	67	0	2
1510	217.447997	217.547997	C#5	64	88	0	4
1511	217.447997	218.056032	G#3	64	69	1	-5
1512	217.662282	218.087282	F#5	64	98	0	4
1513	217.662282	217.778354	C#5	64	91	0	4
1514	217.662282	217.850675	A5	64	91	0	2
1515	217.876568	217.997103	B4	64	61	0	2
1516	217.876568	218.006925	A3	64	76	1	-4
1517	217.876568	218.036389	G#5	64	70	0	1
1518	218.090853	218.515853	C#5	64	97	0	4
1519	218.090853	218.305139	F#5	64	101	0	4
1520	218.305139	218.344425	G#5	64	51	0	1
1521	218.305139	218.574781	A5	64	73	0	2
1522	218.519424	219.158709	B4	64	98	0	2
1523	218.519424	218.825674	E2	64	70	1	-1
1524	218.519424	219.024781	B4	64	88	0	2
1525	218.519424	219.032817	E5	64	91	0	2
1526	218.519424	219.050674	G#5	64	78	0	1
1527	218.733710	218.939067	B2	64	66	1	-4
1528	218.947995	219.231924	E3	64	66	1	-4
1529	219.162281	219.372995	C#5	64	98	0	4
1530	219.162281	219.613173	F#3	64	58	1	-2
1531	219.376566	219.801566	E5	64	105	0	2
1532	219.376566	219.570316	G#3	64	73	1	-5
1533	219.483709	219.639066	B3	64	88	1	-2
1534	219.590852	219.797994	D4	64	67	0	3
1535	219.697995	219.914066	E4	64	49	0	5
1536	219.805137	220.230137	C#5	64	105	0	4
1537	219.805137	219.893530	G#4	64	53	0	4
1538	219.805137	219.935494	F#4	64	35	0	2
1539	219.912280	220.092637	A4	64	78	0	5
1540	220.019423	220.707815	F#4	64	72	0	2
1541	220.233708	220.658708	F#4	64	93	0	2
1542	220.233708	220.651565	A3	64	101	1	-4
1543	220.233708	220.720315	D4	64	93	0	3
1544	220.233708	220.866743	D2	64	73	1	-3
1545	220.447994	221.034600	A2	64	66	1	-1
1546	220.662279	221.087279	F#5	64	90	0	4
1547	220.662279	220.986386	D3	64	72	1	-1
1548	220.876565	221.003350	A3	64	70	1	-4
1549	220.876565	221.121207	A4	64	40	0	5
1550	221.090850	221.515850	F#5	64	94	0	4
1551	221.090850	221.525671	B3	64	95	1	-2
1552	221.090850	221.579243	E2	64	78	1	-1
1553	221.090850	221.594421	E4	64	85	0	5
1554	221.090850	221.607814	G#4	64	78	0	4
1555	221.305136	221.620314	B2	64	69	1	-4
1556	221.519421	221.944421	E5	64	100	0	2
1557	221.520314	221.833707	E3	64	85	1	-4
1558	221.733707	221.940849	F#4	64	38	0	2
1559	221.840850	221.971207	G#4	64	66	0	4
1560	221.947992	223.230134	C#5	64	98	0	4
1561	221.947992	222.156028	C#4	64	82	0	2
1562	221.947992	222.203349	E4	64	82	0	5
1563	221.947992	222.247099	A4	64	80	0	5
1564	221.947992	222.353349	A2	64	88	1	-1
1565	222.162278	222.398885	E3	64	62	1	-4
1566	222.376563	222.655134	A3	64	78	1	-4
1567	222.590849	223.072098	B3	64	57	1	-2
1568	222.805134	223.037277	C#4	64	85	0	2
1569	223.019420	223.181920	C#5	64	88	0	4
1570	223.019420	223.291741	A5	64	76	0	2
1571	223.233705	223.444419	C#5	64	98	0	4
1572	223.233705	223.432812	G#5	64	70	0	1
1573	223.447991	223.658705	B4	64	97	0	2
1574	223.447991	223.567634	F#5	64	78	0	4
1575	223.662276	224.301561	A4	64	101	0	5
1576	223.662276	223.923883	F#2	64	70	1	-4
1577	223.662276	224.459597	C#4	64	80	0	2
1578	223.662276	224.564954	A4	64	80	0	5
1579	223.662276	224.569418	F#4	64	80	0	2
1580	223.876562	224.065847	C#3	64	72	1	-2
1581	224.090847	224.400668	F#3	64	55	1	-2
1582	224.305133	224.515847	A4	64	106	0	5
1583	224.305133	224.800668	G#3	64	67	1	-5
1584	224.519418	224.944418	A4	64	100	0	5
1585	224.519418	224.774775	A3	64	78	1	-4
1586	224.733704	224.875668	C#4	64	95	0	2
1587	224.947989	225.372989	F#4	64	96	0	2
1588	224.947989	225.131025	F#4	64	91	0	2
1589	225.162275	226.183702	A4	64	82	0	5
1590	225.376560	226.015845	B4	64	106	0	2
1591	225.376560	225.675667	E2	64	70	1	-1
1592	225.376560	226.135488	B3	64	88	1	-2
1593	225.376560	226.174774	E4	64	88	0	5
1594	225.376560	226.377452	G#4	64	76	0	4
1595	225.590846	225.782810	B2	64	69	1	-4
1596	225.805131	226.100667	E3	64	45	1	-4
1597	226.019417	226.230131	C#5	64	111	0	4
1598	226.019417	226.512273	F#3	64	52	1	-2
1599	226.233702	226.658702	C#5	64	95	0	4
1600	226.233702	226.467631	G#3	64	52	1	-5
1601	226.447988	226.605131	B3	64	88	1	-2
1602	226.662273	227.087273	B4	64	105	0	2
1603	226.662273	226.950666	E4	64	88	0	5
1604	226.876559	227.022987	F#4	64	69	0	2
1605	227.090844	227.515844	F#4	64	96	0	2
1606	227.090844	227.406915	D2	64	73	1	-3
1607	227.090844	227.947093	A4	64	78	0	5
1608	227.090844	227.958701	A3	64	80	1	-4
1609	227.090844	227.972986	D4	64	91	0	3
1610	227.090844	228.038165	F#4	64	80	0	2
1611	227.305130	227.521201	A2	64	73	1	-1
1612	227.519415	227.944415	A4	64	90	0	5
1613	227.519415	227.781022	D3	64	73	1	-1
1614	227.733701	228.076558	E3	64	72	1	-4
1615	227.947986	228.372986	A4	64	101	0	5
1616	227.947986	228.083700	F#3	64	91	1	-2
1617	228.162272	228.301557	A3	64	88	1	-4
1618	228.376557	228.801557	C#5	64	109	0	4
1619	228.376557	228.596200	D4	64	75	0	3
1620	228.590843	228.697093	F#4	64	69	0	2
1621	228.754236	228.874771	B3	64	45	1	-2
1622	228.766736	228.868521	C#4	64	48	0	2
1623	228.805128	231.158697	C#5	64	111	0	4
1624	228.809593	229.014057	C#2	64	66	1	-4
1625	228.825664	229.456913	G#4	64	91	0	4
1626	229.006914	229.269414	C#3	64	59	1	-2
1627	229.212271	229.864056	F#3	64	95	1	-2
1628	229.411378	229.846199	G#3	64	72	1	-5
1629	229.632806	229.922092	C#4	64	85	0	2
1630	229.850663	230.133698	F#4	64	101	0	2
1631	230.078341	230.377448	G#4	64	78	0	4
1632	230.329234	230.386377	C#5	64	36	0	4
1633	230.499770	231.573876	F4	64	101	0	1
1634	230.506912	231.698875	C#4	64	76	0	2
1635	230.508698	231.616733	C#5	64	85	0	4
1636	230.513162	231.565840	C#2	64	70	1	-4
1637	230.520305	231.696197	C#3	64	72	1	-2
1638	231.162269	231.372983	C#4	64	81	0	2
1639	231.376554	231.801554	A4	64	91	0	5
1640	231.805125	232.230125	G#4	64	96	0	4
1641	232.233696	232.658696	E4	64	100	0	5
1642	232.237268	232.812267	F#4	64	82	0	2
1643	232.243518	232.759589	C#4	64	76	0	2
1644	232.244411	232.814946	A4	64	66	0	5
1645	232.254232	233.032803	F#2	64	67	1	-4
1646	232.606910	233.070303	C#3	64	56	1	-2
1647	232.662267	235.621193	F#4	64	98	0	2
1648	233.058696	233.381017	F#4	64	64	0	2
1649	233.060481	233.382802	A4	64	69	0	5
1650	233.064946	233.302445	C#4	64	64	0	2
1651	233.081910	233.663159	F#3	64	44	1	-2
1652	233.495302	234.907801	G#3	64	52	1	-5
1653	233.965837	234.921194	F#6	64	62	0	1
1654	233.976552	234.881015	F#5	64	56	0	4
1655	233.977445	234.922979	A3	64	61	1	-4
1656	235.233693	235.648871	G#6	64	67	0	3
1657	235.662264	236.052443	A6	64	63	0	4
1658	235.662264	236.920299	F#3	64	70	1	-2
1659	236.090835	237.048870	C#4	64	42	0	2
1660	236.519406	236.881013	F#4	64	48	0	2
1661	236.733692	236.939942	A5	64	46	0	2
1662	236.947977	237.072084	C#6	64	54	0	1
1663	237.162263	237.402441	A6	64	82	0	4
1664	237.376548	238.076548	G#6	64	76	0	3
1665	237.376548	239.147082	E3	64	69	1	-4
1666	237.805119	238.529226	C#4	64	49	0	2
1667	238.233690	238.563154	E4	64	46	0	5
1668	238.447976	238.643511	A5	64	49	0	2
1669	238.662261	238.796190	B5	64	44	0	4
1670	238.876547	239.110475	F#6	64	66	0	1
1671	239.090832	239.943510	E6	64	58	0	4
1672	239.090832	240.397081	D3	64	72	1	-1
1673	239.519403	240.328331	A3	64	32	1	-4
1674	239.947974	240.279224	C#4	64	53	0	2
1675	240.162260	240.291724	G#5	64	57	0	1
1676	240.376545	240.522974	D6	64	70	0	2
1677	240.590831	240.756902	C#6	64	76	0	1
1678	240.805116	241.525651	B2	64	73	1	-4
1679	240.805116	241.738151	D6	64	64	0	2
1680	241.233687	241.651544	F#3	64	38	1	-2
1681	241.662258	242.224758	B3	64	50	1	-2
1682	241.876544	241.966722	F#5	64	85	0	4
1683	241.876544	241.970294	A5	64	97	0	2
1684	242.090829	242.204222	F#5	64	80	0	4
1685	242.090829	242.228329	A5	64	93	0	2
1686	242.090829	242.522079	C#4	64	60	0	2
1687	242.305115	242.403329	G#5	64	73	0	1
1688	242.305115	242.449758	B5	64	78	0	4
1689	242.305115	242.604222	F#4	64	60	0	2
1690	242.519400	242.671186	G#4	64	66	0	4
1691	242.519400	242.889043	A4	64	51	0	5
1692	242.519400	243.331007	C#6	64	76	0	1
1693	242.519400	243.369399	A5	64	91	0	2
1694	242.519400	243.971185	F#3	64	70	1	-2
1695	242.947971	243.611364	C#4	64	44	0	2
1696	243.376542	243.805113	F#4	64	51	0	2
1697	243.376542	244.059577	B4	64	61	0	2
1698	243.376542	244.075649	G#4	64	60	0	4
1699	243.590828	243.797078	A5	64	46	0	2
1700	243.697971	244.150649	C#4	64	44	0	2
1701	243.805113	243.930113	C#6	64	54	0	1
1702	244.020292	244.189042	F#5	64	95	0	4
1703	244.020292	244.206006	A5	64	78	0	2
1704	244.233684	244.797969	G#4	64	70	0	4
1705	244.233684	244.885469	B4	64	69	0	2
1706	244.233684	245.110469	E5	64	91	0	2
1707	244.233684	245.110469	G#5	64	80	0	1
1708	244.233684	245.886361	E3	64	61	1	-4
1709	244.662255	245.442612	C#4	64	48	0	2
1710	244.876541	245.429219	E4	64	54	0	5
1711	245.090826	245.372076	F#4	64	61	0	2
1712	245.305112	245.474755	G#4	64	61	0	4
1713	245.305112	245.500647	A5	64	49	0	2
1714	245.519397	245.653326	B5	64	44	0	4
1715	245.519397	245.718504	A4	64	60	0	5
1716	245.733683	245.899754	G#5	64	72	0	1
1717	245.733683	245.909576	E5	64	95	0	2
1718	245.733683	245.965825	B4	64	57	0	2
1719	245.948861	246.447075	A4	64	70	0	5
1720	245.948861	246.463146	F#4	64	63	0	2
1721	245.948861	247.096181	D5	64	91	0	5
1722	245.948861	247.123860	F#5	64	80	0	4
1723	245.948861	247.389931	D3	64	58	1	-1
1724	246.376539	247.050646	A3	64	38	1	-4
1725	246.805110	247.239038	D4	64	47	0	3
1726	246.805110	247.269396	E4	64	59	0	5
1727	246.805110	247.314931	F#4	64	58	0	2
1728	246.805110	247.351538	A4	64	63	0	5
1729	247.019396	247.148860	G#5	64	57	0	1
1730	247.233681	247.523860	A3	64	42	1	-4
1731	247.662252	248.390823	C#5	64	70	0	4
1732	247.662252	249.222965	C#2	64	70	1	-4
1733	247.662252	249.228322	C#3	64	63	1	-2
1734	248.146180	248.557787	C#4	64	71	0	2
1735	248.518501	248.761358	C#5	64	76	0	4
1736	248.536359	249.057787	F4	64	75	0	1
1737	248.961358	249.207787	G#4	64	81	0	4
1738	249.367608	249.602429	C#5	64	81	0	4
1739	249.772965	250.215821	F5	64	82	0	3
1740	250.195286	250.494392	G#5	64	83	0	1
1741	250.589035	251.034570	C#6	64	87	0	1
1742	251.034570	251.725641	F6	64	98	0	5
1743	252.805104	253.512246	F#5	64	97	0	4
1744	252.805104	253.618496	F#2	64	67	1	-4
1745	252.805104	253.861353	C#4	64	61	0	2
1746	252.805104	254.118496	F#4	64	66	0	2
1747	252.805104	254.171174	A4	64	69	0	5
1748	253.233675	253.664925	C#3	64	44	1	-2
1749	253.662246	254.143496	F#3	64	45	1	-2
1750	254.090817	255.857780	G#3	64	54	1	-5
1751	254.305103	255.839030	A3	64	56	1	-4
1752	254.519388	254.735460	C#4	64	51	0	2
1753	254.733674	254.987245	F#4	64	63	0	2
1754	254.947959	255.087245	G#4	64	62	0	4
1755	255.162245	255.444387	A4	64	64	0	5
1756	255.376530	255.539923	C#5	64	48	0	4
