//Version: PianoFingering_v170101
0	0.450231	0.608796	B3	64	46	1	-2
1	0.450231	0.771990	E4	64	69	0	5
2	0.450231	0.978008	C#4	64	64	0	2
3	0.589120	2.035878	A4	64	73	0	5
4	0.589120	2.135415	A2	64	75	1	-1
5	0.866897	2.314812	E3	64	69	1	-4
6	1.144675	1.717591	A3	64	67	1	-4
7	1.422452	1.827544	B3	64	73	1	-2
8	1.700230	2.187498	E4	64	70	0	5
9	1.978007	2.208331	A3	64	51	1	-4
10	2.255785	2.872682	E4	64	51	0	5
11	2.255785	2.891201	C#4	64	72	0	2
12	2.255785	2.893516	B3	64	66	1	-2
13	2.255785	3.445598	A2	64	78	1	-1
14	2.533562	3.856478	E3	64	64	1	-4
15	2.811340	2.909719	A4	64	1	0	5
16	2.811340	3.763885	A3	64	69	1	-4
17	3.089117	3.148145	C#4	64	44	0	2
18	3.089117	3.445598	B3	64	70	1	-2
19	3.366895	3.644672	E4	64	62	0	5
20	3.644672	4.793977	A4	64	72	0	5
21	3.922450	4.728005	D4	64	69	0	3
22	3.922450	4.759254	F4	64	73	0	1
23	3.922450	5.440967	B2	64	63	1	-4
24	4.200227	5.532402	D3	64	50	1	-1
25	4.478005	5.623837	F3	64	63	1	-3
26	4.755782	5.528930	B3	64	58	1	-2
27	5.033560	5.629624	D4	64	69	0	3
28	5.311337	6.304392	A4	64	67	0	5
29	5.589115	6.027772	F4	64	63	0	1
30	5.589115	6.793975	B2	64	69	1	-4
31	5.866892	6.856475	D3	64	49	1	-1
32	6.144670	6.570595	E4	64	80	0	5
33	6.144670	6.752308	F3	64	60	1	-3
34	6.422447	6.679391	B3	64	59	1	-2
35	6.700225	6.925919	D4	64	80	0	3
36	6.978002	7.181706	B3	64	80	1	-2
37	7.255780	7.410872	B3	64	63	1	-2
38	7.255780	8.506936	A2	64	73	1	-1
39	7.394669	7.965270	C#4	64	66	0	2
40	7.533557	8.070594	E3	64	57	1	-4
41	7.811335	8.451380	A3	64	62	1	-4
42	8.089112	8.466427	B3	64	72	1	-2
43	8.089112	8.512723	E4	64	67	0	5
44	8.366890	8.871519	E3	64	56	1	-4
45	8.644667	8.793973	E4	64	46	0	5
46	8.644667	8.937491	B3	64	67	1	-2
47	8.922445	9.283556	A3	64	59	1	-4
48	8.922445	9.318278	C#4	64	69	0	2
49	8.922445	10.081008	A2	64	72	1	-1
50	9.200222	9.497676	E3	64	50	1	-4
51	9.478000	9.863416	E4	64	76	0	5
52	9.478000	9.893509	B3	64	80	1	-2
53	9.755777	10.221055	E3	64	67	1	-4
54	10.033555	10.325221	A3	64	72	1	-4
55	10.311332	10.538184	E4	64	67	0	5
56	10.589110	11.047443	B3	64	66	1	-2
57	10.589110	11.083322	D4	64	70	0	3
58	10.589110	11.158554	F4	64	70	0	1
59	10.589110	11.480313	A4	64	59	0	5
60	10.589110	13.506931	B2	64	73	1	-4
61	10.866887	13.457162	D3	64	49	1	-1
62	11.144665	11.847210	F3	64	72	1	-3
63	11.422442	11.977997	B3	64	73	1	-2
64	11.700220	12.084479	D4	64	67	0	3
65	11.977997	12.693274	A4	64	66	0	5
66	12.255775	12.467580	F4	64	70	0	1
67	12.255775	12.555543	B3	64	72	1	-2
68	12.255775	12.844895	F3	64	72	1	-3
69	12.811330	13.136561	B3	64	55	1	-2
70	12.811330	13.146978	E4	64	66	0	5
71	13.089107	13.410866	F3	64	69	1	-3
72	13.366885	13.444431	B3	64	48	1	-2
73	13.366885	13.697903	D4	64	70	0	3
74	13.644662	13.887718	B3	64	57	1	-2
75	13.922440	14.197902	C#5	64	93	0	4
76	13.922440	14.223365	A4	64	69	0	5
77	13.922440	15.106466	A3	64	67	1	-4
78	14.200217	14.475680	B4	64	59	0	2
79	14.200217	14.643504	C#4	64	53	0	2
80	14.477995	14.753457	C#5	64	62	0	4
81	14.477995	14.724522	E4	64	61	0	5
82	14.755772	15.309012	B4	64	66	0	2
83	14.755772	15.091420	B4	64	75	0	2
84	15.033550	15.255772	C#4	64	49	0	2
85	15.311327	15.586790	A4	64	54	0	5
86	15.311327	15.598364	E4	64	56	0	5
87	15.589105	15.864567	C#5	64	66	0	4
88	15.589105	15.846049	G#4	64	67	0	4
89	15.589105	16.848363	C#3	64	72	1	-2
90	15.866882	16.142345	E5	64	65	0	2
91	15.866882	16.187484	B3	64	54	1	-2
92	16.144660	16.420122	C#5	64	66	0	4
93	16.144660	16.468734	E4	64	56	0	5
94	16.422437	17.253455	E5	64	76	0	2
95	16.422437	16.674752	G#4	64	63	0	4
96	16.422437	16.839104	G#3	64	66	1	-5
97	16.700215	16.916650	C#4	64	48	0	2
98	16.977992	17.194427	E4	64	63	0	5
99	17.255770	17.531232	F#5	64	79	0	4
100	17.255770	17.627297	A4	64	75	0	5
101	17.255770	18.523130	F#3	64	60	1	-2
102	17.533547	17.809010	G#5	64	61	0	1
103	17.533547	18.102991	A3	64	64	1	-4
104	17.811325	18.086787	A5	64	63	0	2
105	17.811325	18.052065	C#4	64	56	0	2
106	18.089102	18.642342	G#5	64	67	0	1
107	18.089102	18.432852	F#4	64	63	0	2
108	18.366880	18.505769	A3	64	62	1	-4
109	18.644657	18.929379	C#5	64	65	0	4
110	18.644657	18.952527	C#4	64	56	0	2
111	18.922435	19.212944	E5	64	68	0	2
112	18.922435	19.314795	E4	64	75	0	5
113	18.922435	19.324055	G#4	64	70	0	4
114	18.922435	20.159702	C#3	64	70	1	-2
115	19.200212	19.753452	F#5	64	83	0	4
116	19.200212	20.186322	G#3	64	70	1	-5
117	19.477990	19.717573	C#4	64	52	0	2
118	19.755767	20.586785	E5	64	73	0	2
119	19.755767	20.062480	E4	64	72	0	5
120	20.033545	20.254609	F#4	64	72	0	2
121	20.311322	20.548591	G#4	64	73	0	4
122	20.589100	20.864562	F#5	64	80	0	4
123	20.589100	20.976831	C#4	64	67	0	2
124	20.589100	20.989562	A4	64	82	0	5
125	20.589100	21.005766	E4	64	70	0	5
126	20.589100	21.836784	F#3	64	62	1	-2
127	20.866877	21.142340	G#5	64	66	0	1
128	20.866877	21.409701	A3	64	60	1	-4
129	21.144655	21.449053	A5	64	79	0	2
130	21.144655	21.538173	C#4	64	53	0	2
131	21.422432	21.975672	G#5	64	91	0	1
132	21.422432	21.817108	A4	64	72	0	5
133	21.700210	21.830997	A3	64	66	1	-4
134	21.977987	22.253450	C#5	64	63	0	4
135	21.977987	22.247663	G#4	64	47	0	4
136	22.255765	22.550903	E5	64	75	0	2
137	22.255765	22.561320	B3	64	69	1	-2
138	22.255765	22.597200	G#4	64	75	0	4
139	22.255765	22.621505	E4	64	72	0	5
140	22.255765	22.730301	C#3	64	69	1	-2
141	22.533542	22.809005	C#5	64	66	0	4
142	22.533542	22.692107	F#3	64	61	1	-2
143	22.811320	23.094884	B4	64	72	0	2
144	22.811320	22.932847	F#4	64	58	0	2
145	22.811320	23.042801	G#4	64	63	0	4
146	23.089097	23.642337	A4	64	63	0	5
147	23.089097	23.589097	E4	64	75	0	5
148	23.089097	23.602986	C#4	64	72	0	2
149	23.089097	23.642337	F#2	64	72	1	-4
150	23.089097	23.725671	A4	64	75	0	5
151	23.366875	23.687476	C#3	64	59	1	-2
152	23.644652	23.920115	F#4	64	63	0	2
153	23.644652	23.936319	F#3	64	61	1	-2
154	23.922430	24.226828	B4	64	89	0	2
155	23.922430	24.168957	A3	64	75	1	-4
156	23.922430	24.438633	D4	64	78	0	3
157	23.922430	24.452522	F#4	64	75	0	2
158	23.922430	25.149280	B2	64	69	1	-4
159	24.200207	24.475670	C#5	64	87	0	4
160	24.200207	25.098355	F#3	64	63	1	-2
161	24.477985	24.773123	B4	64	76	0	2
162	24.477985	25.015021	B3	64	78	1	-2
163	24.755762	25.309002	A4	64	75	0	5
164	24.755762	24.990716	C#4	64	63	0	2
165	25.033540	25.309002	D4	64	73	0	3
166	25.311317	25.592567	F#4	64	62	0	2
167	25.311317	25.535854	F#4	64	53	0	2
168	25.589095	26.142335	C#5	64	96	0	4
169	25.589095	25.979141	B3	64	70	1	-2
170	25.589095	26.005761	G#4	64	66	0	4
171	25.589095	26.008076	E4	64	64	0	5
172	25.589095	26.920112	E2	64	75	1	-1
173	26.144650	27.253445	B4	64	97	0	2
174	26.144650	26.866871	B2	64	59	1	-4
175	26.422427	26.895806	E3	64	44	1	-4
176	26.422427	26.934001	F#5	64	45	0	4
177	26.422427	26.981455	F#4	64	61	0	2
178	27.255760	27.531222	C#5	64	99	0	4
179	27.255760	27.708306	A2	64	67	1	-1
180	27.255760	28.032379	A5	64	67	0	2
181	27.533537	27.822889	B4	64	65	0	2
182	27.533537	27.782380	E3	64	56	1	-4
183	27.811315	28.086777	C#5	64	73	0	4
184	27.811315	28.120342	A3	64	52	1	-4
185	28.089092	28.642332	B4	64	79	0	2
186	28.089092	28.293953	E5	64	72	0	2
187	28.089092	28.505759	B3	64	57	1	-2
188	28.366870	28.523120	C#4	64	69	0	2
189	28.644647	28.930527	A4	64	71	0	5
190	28.644647	28.903906	C#5	64	72	0	4
191	28.922425	29.197887	C#5	64	93	0	4
192	28.922425	29.306684	G#4	64	76	0	4
193	28.922425	30.020803	C#3	64	69	1	-2
194	29.200202	29.475665	E5	64	85	0	2
195	29.200202	29.731452	G#3	64	60	1	-5
196	29.477980	29.753442	C#5	64	81	0	4
197	29.477980	29.873813	C#4	64	76	0	2
198	29.755757	30.586775	E5	64	86	0	2
199	29.755757	30.101822	E4	64	85	0	5
200	30.033535	30.247655	F#4	64	69	0	2
201	30.311312	30.576358	G#4	64	64	0	4
202	30.589090	30.900432	F#5	64	98	0	4
203	30.589090	31.074043	F#2	64	75	1	-4
204	30.589090	31.189784	A4	64	78	0	5
205	30.589090	31.324043	C#4	64	85	0	2
206	30.866867	31.143487	G#5	64	80	0	1
207	30.866867	31.128441	C#3	64	57	1	-2
208	31.144645	31.446728	A5	64	93	0	2
209	31.144645	31.469876	F#3	64	63	1	-2
210	31.144645	31.473348	G#4	64	70	0	4
211	31.422422	31.980292	G#5	64	93	0	1
212	31.422422	31.714089	C#4	64	70	0	2
213	31.422422	31.747653	F#4	64	72	0	2
214	31.422422	31.925894	G#3	64	64	1	-5
215	31.700200	31.909690	A3	64	67	1	-4
216	31.977977	32.284690	C#5	64	90	0	4
217	31.977977	32.167792	C#4	64	63	0	2
218	32.255755	32.538162	E5	64	84	0	2
219	32.255755	32.621495	B3	64	76	1	-2
220	32.255755	32.630754	E4	64	70	0	5
221	32.255755	33.436309	C#3	64	75	1	-2
222	32.533532	33.180522	F#5	64	90	0	4
223	32.533532	33.086772	G#3	64	67	1	-5
224	32.811310	33.083300	B3	64	56	1	-2
225	33.089087	33.920105	E5	64	100	0	2
226	33.089087	33.422420	E4	64	88	0	5
227	33.366865	33.497652	G#3	64	75	1	-5
228	33.366865	33.589087	F#4	64	80	0	2
229	33.644642	33.887698	G#4	64	67	0	4
230	33.922420	34.207142	F#5	64	93	0	4
231	33.922420	34.439780	A4	64	82	0	5
232	33.922420	34.443253	C#4	64	72	0	2
233	33.922420	34.495336	F#4	64	73	0	2
234	33.922420	34.574039	F#2	64	75	1	-4
235	34.200197	34.475660	G#5	64	87	0	1
236	34.200197	34.578669	C#3	64	69	1	-2
237	34.477975	34.777743	A5	64	93	0	2
238	34.477975	35.077511	F#3	64	69	1	-2
239	34.755752	35.308992	G#5	64	87	0	1
240	34.755752	35.253437	C#4	64	80	0	2
241	35.033530	35.400428	G#3	64	63	1	-5
242	35.311307	35.586770	C#5	64	63	0	4
243	35.311307	35.555520	A3	64	78	1	-4
244	35.589085	35.864547	E5	64	97	0	2
245	35.589085	35.916631	E4	64	72	0	5
246	35.589085	35.933992	B3	64	73	1	-2
247	35.589085	35.965242	C#3	64	72	1	-2
248	35.589085	35.968714	G#4	64	61	0	4
249	35.866862	36.142325	C#5	64	91	0	4
250	35.866862	35.989547	G#3	64	63	1	-5
251	36.144640	36.420102	B4	64	66	0	2
252	36.144640	36.280056	B3	64	60	1	-2
253	36.422417	36.975657	A4	64	82	0	5
254	36.422417	36.620334	C#4	64	80	0	2
255	36.422417	36.649269	A4	64	76	0	5
256	36.422417	36.944407	F#2	64	75	1	-4
257	36.700195	36.980287	C#3	64	63	1	-2
258	36.977972	37.253435	F#4	64	87	0	2
259	36.977972	37.205981	C#5	64	48	0	4
260	36.977972	37.255750	F#3	64	64	1	-2
261	37.255750	37.568249	B4	64	91	0	2
262	37.255750	37.745333	F#4	64	76	0	2
263	37.255750	37.785842	B4	64	69	0	2
264	37.255750	37.886536	B2	64	72	1	-4
265	37.255750	37.903897	D5	64	70	0	5
266	37.533527	37.808990	C#5	64	77	0	4
267	37.533527	37.895795	F#3	64	69	1	-2
268	37.811305	38.119175	F#5	64	79	0	4
269	37.811305	37.890008	B3	64	82	1	-2
270	38.089082	38.364545	E5	64	87	0	2
271	38.089082	38.429360	A4	64	70	0	5
272	38.089082	38.460610	E4	64	69	0	5
273	38.089082	38.641165	E2	64	78	1	-1
274	38.366860	38.920100	B4	64	66	0	2
275	38.366860	38.690934	B2	64	70	1	-4
276	38.644637	38.908526	E3	64	76	1	-4
277	38.922415	39.475655	C#5	64	87	0	4
278	38.922415	40.091395	A2	64	70	1	-1
279	39.200192	40.172414	E3	64	70	1	-4
280	39.477970	40.586765	A4	64	69	0	5
281	39.477970	40.150423	A3	64	93	1	-4
282	39.755747	39.991858	B3	64	66	1	-2
283	40.033525	40.201349	C#4	64	66	0	2
284	40.311302	40.440932	E4	64	75	0	5
285	40.589080	41.420097	F#5	64	97	0	4
286	40.589080	41.043940	C#4	64	78	0	2
287	40.589080	41.118014	F#2	64	70	1	-4
288	40.589080	41.211764	A4	64	80	0	5
289	40.866857	41.155051	C#3	64	60	1	-2
290	41.144635	41.481440	F#3	64	73	1	-2
291	41.144635	41.776579	C#4	64	78	0	2
292	41.144635	41.817088	G#4	64	70	0	4
293	41.422412	41.754588	F#5	64	98	0	4
294	41.422412	41.837921	G#3	64	54	1	-5
295	41.700190	41.975652	E5	64	92	0	2
296	41.700190	41.807829	A3	64	75	1	-4
297	41.977967	42.253430	C#5	64	93	0	4
298	41.977967	42.200189	F#4	64	78	0	2
299	42.255745	43.086762	E5	64	95	0	2
300	42.255745	42.656207	B3	64	91	1	-2
301	42.255745	42.672411	E4	64	88	0	5
302	42.255745	43.469864	C#3	64	67	1	-2
303	42.533522	43.140003	G#3	64	53	1	-5
304	42.811300	43.036994	B3	64	61	1	-2
305	43.089077	43.364540	E5	64	105	0	2
306	43.089077	43.402734	E4	64	82	0	5
307	43.366855	43.642317	C#5	64	90	0	4
308	43.366855	43.481438	G#3	64	69	1	-5
309	43.366855	43.636530	F#4	64	73	0	2
310	43.644632	43.958289	B4	64	86	0	2
311	43.644632	43.952502	A4	64	62	0	5
312	43.922410	44.508057	C#5	64	90	0	4
313	43.922410	44.328659	C#4	64	73	0	2
314	43.922410	44.343706	G#4	64	78	0	4
315	43.922410	44.351807	F4	64	95	0	1
316	43.922410	44.773103	C#3	64	67	1	-2
317	44.200187	44.846020	G#3	64	64	1	-5
318	44.477965	44.763844	E5	64	61	0	2
319	44.477965	44.833289	C#4	64	76	0	2
320	44.477965	44.878427	F#4	64	72	0	2
321	44.755742	45.057825	C#5	64	93	0	4
322	44.755742	45.172409	F3	64	82	1	-3
323	45.033520	45.586760	B4	64	83	0	2
324	45.033520	45.364538	G#4	64	101	0	4
325	45.311297	45.453658	A4	64	72	0	5
326	45.589075	46.003426	A4	64	66	0	5
327	45.589075	46.114537	F#2	64	72	1	-4
328	45.589075	46.737222	C#4	64	73	0	2
329	45.589075	46.746481	A4	64	78	0	5
330	45.866852	46.153889	C#3	64	63	1	-2
331	46.144630	46.488379	F#3	64	52	1	-2
332	46.422407	46.797407	G#3	64	62	1	-5
333	46.700185	46.840231	A3	64	75	1	-4
334	46.977962	47.174721	F#4	64	88	0	2
335	47.255740	47.392314	F#4	64	72	0	2
336	47.255740	47.637684	F#4	64	64	0	2
337	47.255740	47.652730	A3	64	80	1	-4
338	47.255740	47.655045	D4	64	75	0	3
339	47.255740	48.536988	D3	64	67	1	-1
340	47.533517	47.835600	A4	64	66	0	5
341	47.533517	48.177035	F#3	64	62	1	-2
342	47.811295	48.086757	B4	64	75	0	2
343	47.811295	48.055507	A3	64	82	1	-4
344	48.089072	48.700183	A4	64	74	0	5
345	48.089072	48.411989	A3	64	75	1	-4
346	48.089072	48.439766	D4	64	82	0	3
347	48.089072	48.474489	F#4	64	75	0	2
348	48.366850	48.501109	F#3	64	69	1	-2
349	48.644627	48.952497	B4	64	81	0	2
350	48.644627	48.793933	A3	64	80	1	-4
351	48.922405	49.241849	C#5	64	68	0	4
352	48.922405	49.313608	C#4	64	69	0	2
353	48.922405	49.337914	E4	64	78	0	5
354	48.922405	49.381895	G#4	64	75	0	4
355	48.922405	49.410830	C#3	64	63	1	-2
356	49.200182	49.475645	E5	64	66	0	2
357	49.200182	49.377265	G#3	64	57	1	-5
358	49.477960	49.768469	F#5	64	66	0	4
359	49.477960	50.296246	F#4	64	66	0	2
360	49.616849	49.740691	G#4	64	67	0	4
361	49.755737	50.308977	E5	64	87	0	2
362	49.755737	50.308977	C#4	64	67	0	2
363	49.755737	50.313607	F#2	64	69	1	-4
364	49.755737	50.374950	A4	64	78	0	5
365	50.033515	50.363376	C#3	64	53	1	-2
366	50.311292	50.621477	C#5	64	90	0	4
367	50.311292	50.530042	F#3	64	72	1	-2
368	50.589070	50.866847	B4	64	63	0	2
369	50.589070	51.026569	B3	64	73	1	-2
370	50.589070	51.437449	D4	64	79	0	3
371	50.589070	51.680504	F#4	64	78	0	2
372	50.589070	51.933976	B2	64	82	1	-4
373	50.727959	51.714069	A4	64	4	0	5
374	50.866847	51.142310	C#5	64	64	0	4
375	50.866847	51.928189	F#3	64	72	1	-2
376	51.144625	51.420087	B4	64	46	0	2
377	51.144625	51.839069	B3	64	75	1	-2
378	51.422402	51.700180	A4	64	72	0	5
379	51.422402	52.016152	C#4	64	70	0	2
380	51.700180	52.013837	B4	64	61	0	2
381	51.700180	51.971013	D4	64	80	0	3
382	51.977957	52.253420	C#5	64	75	0	4
383	51.977957	52.300874	A4	64	83	0	5
384	52.255735	53.920085	E5	64	91	0	2
385	52.255735	52.921243	B3	64	73	1	-2
386	52.255735	52.921243	E4	64	68	0	5
387	52.255735	52.952493	G#4	64	90	0	4
388	52.255735	53.785826	E2	64	74	1	-1
389	52.533512	53.738372	B2	64	76	1	-4
390	52.811290	53.863372	E3	64	76	1	-4
391	53.089067	53.229113	E4	64	84	0	5
392	53.194391	53.292771	F#4	64	82	0	2
393	53.308974	53.351799	G#4	64	84	0	4
394	53.366845	53.504576	A4	64	95	0	5
395	53.472169	53.599483	B4	64	90	0	2
396	53.562446	53.609900	C#5	64	90	0	4
397	53.644622	53.792770	D5	64	86	0	5
398	53.734900	53.918928	E5	64	80	0	2
399	53.833280	53.951335	F#5	64	80	0	4
400	53.922400	54.197862	C#5	64	97	0	4
401	53.922400	54.291612	E5	64	85	0	2
402	53.922400	54.362214	A5	64	90	0	2
403	53.922400	54.380733	A2	64	67	1	-1
404	54.200177	54.510362	B4	64	76	0	2
405	54.200177	54.447862	E3	64	64	1	-4
406	54.200177	54.591381	E4	64	58	0	5
407	54.477955	54.761519	C#5	64	89	0	4
408	54.477955	54.740686	A4	64	66	0	5
409	54.477955	54.782353	A3	64	50	1	-4
410	54.755732	55.308972	B4	64	84	0	2
411	54.755732	55.122630	B4	64	70	0	2
412	54.755732	55.156195	B3	64	50	1	-2
413	55.033510	55.135362	C#4	64	73	0	2
414	55.311287	55.638833	A4	64	67	0	5
415	55.311287	55.707120	E4	64	85	0	5
416	55.589065	55.864527	C#5	64	87	0	4
417	55.589065	56.067074	A4	64	82	0	5
418	55.589065	56.778878	C#3	64	73	1	-2
419	55.866842	56.160823	E5	64	89	0	2
420	55.866842	56.762675	G#3	64	56	1	-5
421	56.144620	56.455962	C#5	64	91	0	4
422	56.144620	56.465221	G#4	64	82	0	4
423	56.422397	57.253415	E5	64	97	0	2
424	56.422397	56.718693	C#4	64	76	0	2
425	56.422397	56.762675	E4	64	64	0	5
426	56.700175	56.910823	G#4	64	73	0	4
427	56.977952	58.056655	A4	64	70	0	5
428	57.255730	57.576331	F#5	64	93	0	4
429	57.255730	57.768461	E4	64	66	0	5
430	57.255730	57.788137	F#2	64	47	1	-4
431	57.255730	58.116840	C#5	64	72	0	4
432	57.533507	57.808970	G#5	64	81	0	1
433	57.533507	57.805498	C#3	64	66	1	-2
434	57.811285	58.123784	A5	64	91	0	2
435	57.811285	58.219849	F#3	64	76	1	-2
436	58.089062	58.642302	G#5	64	87	0	1
437	58.089062	58.254571	B4	64	78	0	2
438	58.089062	58.479108	G#3	64	59	1	-5
439	58.089062	58.509201	E4	64	76	0	5
440	58.366840	58.497627	A3	64	66	1	-4
441	58.644617	58.922395	C#5	64	77	0	4
442	58.644617	58.855265	A4	64	73	0	5
443	58.922395	59.233737	E5	64	84	0	2
444	58.922395	59.302024	G#4	64	73	0	4
445	58.922395	59.310126	E4	64	72	0	5
446	58.922395	59.355265	B3	64	70	1	-2
447	58.922395	60.149245	C#3	64	69	1	-2
448	59.200172	59.804338	F#5	64	93	0	4
449	59.200172	59.795079	G#3	64	69	1	-5
450	59.477950	59.609894	B3	64	37	1	-2
451	59.755727	60.586745	E5	64	90	0	2
452	59.755727	59.942070	E4	64	78	0	5
453	59.755727	60.011514	G#4	64	76	0	4
454	59.755727	60.091375	B3	64	78	1	-2
455	60.033505	60.150403	G#3	64	78	1	-5
456	60.311282	60.520773	E4	64	76	0	5
457	60.589060	60.907347	F#5	64	92	0	4
458	60.589060	61.115680	G#4	64	76	0	4
459	60.589060	61.117994	B3	64	80	1	-2
460	60.589060	61.804336	F#2	64	67	1	-4
461	60.866837	61.163133	G#5	64	87	0	1
462	60.866837	61.819383	C#3	64	63	1	-2
463	61.144615	61.466374	A5	64	90	0	2
464	61.144615	61.455957	F#3	64	78	1	-2
465	61.422392	61.975632	G#5	64	89	0	1
466	61.422392	61.815910	A4	64	75	0	5
467	61.422392	61.820540	C#4	64	88	0	2
468	61.700170	61.857577	F#3	64	72	1	-2
469	61.977947	62.263827	C#5	64	85	0	4
470	61.977947	62.233734	F#4	64	82	0	2
471	62.255725	62.538132	E5	64	91	0	2
472	62.255725	62.563595	C#4	64	80	0	2
473	62.255725	62.597160	E4	64	85	0	5
474	62.255725	62.601789	G#4	64	75	0	4
475	62.255725	62.613363	C#3	64	76	1	-2
476	62.533502	62.808965	C#5	64	82	0	4
477	62.533502	62.650400	G#3	64	70	1	-5
478	62.811280	63.086742	B4	64	81	0	2
479	62.811280	63.389983	F#4	64	63	0	2
480	62.950169	63.074011	G#4	64	59	0	4
481	63.089057	63.642297	A4	64	91	0	5
482	63.089057	63.406187	C#4	64	67	0	2
483	63.089057	63.604103	F#2	64	70	1	-4
484	63.089057	63.759196	A4	64	62	0	5
485	63.366835	63.682807	C#3	64	55	1	-2
486	63.644612	63.920075	F#4	64	97	0	2
487	63.644612	63.947853	F#3	64	82	1	-2
488	63.922390	64.226788	B4	64	91	0	2
489	63.922390	64.299704	A3	64	78	1	-4
490	63.922390	64.328639	F#4	64	75	0	2
491	63.922390	64.335584	D4	64	76	0	3
492	63.922390	64.437436	B2	64	75	1	-4
493	64.200167	64.479102	C#5	64	87	0	4
494	64.200167	64.428176	F#3	64	72	1	-2
495	64.477945	64.812435	F#5	64	90	0	4
496	64.477945	64.642296	A3	64	72	1	-4
497	64.755722	65.031185	E5	64	94	0	2
498	64.755722	65.060120	G#4	64	75	0	4
499	64.755722	65.199009	E2	64	75	1	-1
500	64.755722	65.201324	B3	64	91	1	-2
501	64.755722	65.210583	E4	64	78	0	5
502	65.033500	65.586740	B4	64	93	0	2
503	65.033500	65.322851	B2	64	69	1	-4
504	65.311277	65.567064	E3	64	62	1	-4
505	65.589055	66.142295	C#5	64	105	0	4
506	65.589055	66.057804	C#4	64	78	0	2
507	65.589055	66.072851	E4	64	76	0	5
508	65.589055	66.089054	A4	64	75	0	5
509	65.589055	67.006877	A2	64	69	1	-1
510	65.866832	67.837895	E3	64	63	1	-4
511	66.144610	66.895766	A4	64	105	0	5
512	66.144610	67.045072	A3	64	85	1	-4
513	66.422387	66.763822	B3	64	76	1	-2
514	66.700165	66.929331	C#4	64	67	0	2
515	66.977942	67.189748	E4	64	57	0	5
516	67.255720	67.519608	C#5	64	76	0	4
517	67.255720	68.715209	F#3	64	73	1	-2
518	67.533497	67.870302	G#4	64	61	0	4
519	67.533497	68.406182	C#4	64	64	0	2
520	67.811275	68.180487	A4	64	59	0	5
521	68.089052	68.483728	E5	64	75	0	2
522	68.089052	68.489515	F#4	64	57	0	2
523	68.366830	68.644607	G#4	64	51	0	4
524	68.644607	68.994144	C#4	64	50	0	2
525	68.644607	69.006875	A4	64	59	0	5
526	68.922385	69.258033	C#5	64	69	0	4
527	68.922385	70.155022	F#3	64	46	1	-2
528	69.200162	69.457106	G#4	64	48	0	4
529	69.200162	70.157337	C#4	64	52	0	2
530	69.477940	69.827476	A4	64	58	0	5
531	69.755717	69.901550	F#4	64	45	0	2
532	69.755717	70.056643	E5	64	72	0	2
533	70.033495	70.361041	G#4	64	56	0	4
534	70.311272	70.484883	A4	64	63	0	5
535	70.589050	71.104096	C#5	64	75	0	4
536	70.589050	71.105253	A4	64	75	0	5
537	70.589050	71.742984	E3	64	64	1	-4
538	70.866827	71.709419	C#4	64	62	0	2
539	71.144605	71.476780	E4	64	59	0	5
540	71.422382	71.694373	F#4	64	70	0	2
541	71.700160	71.964048	G#4	64	61	0	4
542	71.977937	72.254557	F#4	64	61	0	2
543	72.255715	72.569372	A4	64	60	0	5
544	72.255715	72.576316	E4	64	63	0	5
545	72.255715	72.601779	C#4	64	56	0	2
546	72.255715	73.530019	F#2	64	66	1	-4
547	72.533492	73.185112	C#3	64	67	1	-2
548	72.811270	73.315899	F#3	64	55	1	-2
549	73.089047	73.492982	G#3	64	70	1	-5
550	73.089047	73.516130	C#4	64	73	0	2
551	73.089047	73.539278	A3	64	72	1	-4
552	73.366825	73.598306	C#3	64	70	1	-2
553	73.922380	74.343676	C#4	64	70	0	2
554	73.922380	74.364509	A3	64	67	1	-4
555	73.922380	75.153860	D#2	64	82	1	-2
556	74.200157	74.784647	D#3	64	82	1	-5
557	74.477935	74.661962	F#3	64	66	1	-2
558	74.755712	75.101777	A3	64	76	1	-4
559	74.755712	75.104092	C#4	64	75	0	2
560	74.755712	75.105249	F#3	64	70	1	-2
561	75.033490	75.389971	D#3	64	64	1	-5
562	75.311267	75.464045	F#3	64	44	1	-2
563	75.311267	75.483721	A#2	64	40	1	-5
564	75.589045	75.977933	C#4	64	67	0	2
565	75.589045	75.990665	A3	64	75	1	-4
566	75.589045	75.994137	F#3	64	69	1	-2
567	75.589045	76.799692	D#2	64	72	1	-2
568	75.866822	76.520757	D#3	64	73	1	-5
569	76.144600	76.333257	F#3	64	57	1	-2
570	76.422377	76.792747	C#4	64	76	0	2
571	76.422377	76.836729	A3	64	78	1	-4
572	76.422377	77.019599	F#3	64	75	1	-2
573	76.700155	76.774229	D#3	64	64	1	-5
574	77.255710	77.682793	F#4	64	75	0	2
575	77.255710	77.803163	A3	64	73	1	-4
576	77.255710	77.837885	F#3	64	72	1	-2
577	77.255710	78.432792	D2	64	72	1	-3
578	77.533487	78.467514	A2	64	67	1	-1
579	77.811265	78.160801	D3	64	78	1	-1
580	78.089042	78.351774	D4	64	78	0	3
581	78.089042	78.438579	A3	64	78	1	-4
582	78.089042	78.450153	F#3	64	75	1	-2
583	78.366820	78.542746	D3	64	70	1	-1
584	78.644597	78.783486	F#3	64	50	1	-2
585	78.922375	79.452467	B3	64	72	1	-2
586	78.922375	79.504550	E4	64	72	0	5
587	78.922375	79.571680	G#3	64	82	1	-5
588	78.922375	80.188577	E2	64	73	1	-1
589	79.477930	80.142281	B2	64	67	1	-4
590	79.755707	80.070522	G#3	64	80	1	-5
591	79.755707	80.071679	E4	64	76	0	5
592	79.755707	80.092512	B3	64	82	1	-2
593	80.033485	80.177003	E3	64	53	1	-4
594	80.311262	80.443207	A3	64	76	1	-4
595	80.589040	81.215197	D4	64	75	0	3
596	80.589040	81.233715	E4	64	76	0	5
597	80.589040	81.251076	G4	64	73	0	3
598	80.589040	81.582094	C5	64	75	0	3
599	80.589040	81.948992	C3	64	78	1	-3
600	80.866817	81.974455	G3	64	66	1	-1
601	81.144595	81.898066	C4	64	88	0	1
602	81.422372	81.805474	D4	64	70	0	3
603	81.700150	81.938575	E4	64	72	0	5
604	81.977927	82.211723	G4	64	75	0	3
605	82.255705	82.754547	E4	64	82	0	5
606	82.255705	82.879547	G4	64	82	0	3
607	82.255705	83.476768	C#3	64	75	1	-2
608	82.533482	83.359870	C#4	64	82	0	2
609	82.811260	83.259176	D4	64	60	0	3
610	83.089037	83.431630	E4	64	75	0	5
611	83.366815	83.724453	G4	64	67	0	3
612	83.644592	83.995286	C5	64	73	0	3
613	83.922370	84.510332	A4	64	78	0	5
614	83.922370	84.561258	F4	64	82	0	1
615	83.922370	85.160794	D3	64	67	1	-1
616	84.200147	85.149220	A3	64	62	1	-4
617	84.477925	85.033480	D4	64	88	0	3
618	84.755702	85.119128	E4	64	99	0	5
619	85.033480	85.258017	F4	64	95	0	1
620	85.311257	85.486026	G4	64	73	0	3
621	85.589035	86.108710	G4	64	93	0	3
622	85.589035	86.112182	B4	64	73	0	2
623	85.589035	86.115655	D4	64	93	0	3
624	85.589035	86.214034	G2	64	72	1	-3
625	85.866812	86.267275	D3	64	67	1	-1
626	86.144590	86.252229	G3	64	76	1	-1
627	86.422367	86.812413	C4	64	95	0	1
628	86.422367	86.847135	F4	64	95	0	1
629	86.422367	86.857552	A4	64	78	0	5
630	86.422367	86.931626	F2	64	85	1	-5
631	86.700145	86.905006	F3	64	64	1	-3
632	86.977922	87.152691	C4	64	85	0	1
633	87.255700	87.395746	E4	64	72	0	5
634	87.255700	87.539264	E2	64	78	1	-1
635	87.255700	88.094819	G4	64	76	0	3
636	87.255700	88.106393	B4	64	73	0	2
637	87.255700	88.204773	D4	64	78	0	3
638	87.533477	87.878384	E3	64	63	1	-4
639	87.811255	88.547365	G3	64	59	1	-1
640	88.089032	88.465189	B3	64	88	1	-2
641	88.366810	88.606393	D4	64	91	0	3
642	88.644587	88.862180	G4	64	95	0	3
643	88.922365	89.374911	E4	64	78	0	5
644	88.922365	89.512642	C4	64	82	0	1
645	88.922365	90.201299	A2	64	75	1	-1
646	89.200142	90.229076	E3	64	70	1	-4
647	89.477920	90.323984	A3	64	80	1	-4
648	89.755697	90.083243	B3	64	85	1	-2
649	90.033475	90.136484	C4	64	73	0	1
650	90.311252	90.410789	F4	64	54	0	1
651	90.450141	90.564724	G4	64	57	0	3
652	90.589030	91.071668	F2	64	73	1	-5
653	90.589030	91.683936	C4	64	70	0	1
654	90.589030	91.719816	F4	64	75	0	1
655	90.589030	91.726760	A4	64	73	0	5
656	90.727919	91.746436	C5	64	16	0	3
657	90.866807	91.137640	C3	64	58	1	-3
658	91.144585	91.467501	F3	64	56	1	-3
659	91.422362	91.780001	G3	64	61	1	-1
660	91.700140	91.807779	A3	64	73	1	-4
661	91.977917	92.200139	C4	64	80	0	1
662	92.255695	92.859861	F4	64	75	0	1
663	92.255695	92.907314	C4	64	64	0	1
664	92.255695	92.914259	A4	64	70	0	5
665	92.255695	93.524212	F2	64	73	1	-5
666	92.533472	92.902685	C5	64	23	0	3
667	92.533472	93.524212	C3	64	63	1	-3
668	92.811250	93.200138	F3	64	91	1	-3
669	93.089027	93.339027	C4	64	95	0	1
670	93.089027	93.446666	F4	64	76	0	1
671	93.089027	93.499906	A4	64	78	0	5
672	93.366805	93.488332	F3	64	85	1	-3
673	93.922360	94.234859	E2	64	75	1	-1
674	93.922360	94.852914	B4	64	73	0	2
675	93.922360	94.855229	A4	64	80	0	5
676	93.922360	94.858701	E4	64	85	0	5
677	94.200137	94.536942	E3	64	88	1	-4
678	94.477915	94.962868	A3	64	76	1	-4
679	94.755692	94.973285	B3	64	82	1	-2
680	95.033470	95.423516	E4	64	91	0	5
681	95.311247	95.555460	A4	64	88	0	5
682	95.589025	96.408468	G#3	64	78	1	-5
683	95.589025	96.425830	B3	64	75	1	-2
684	95.589025	96.426987	E4	64	78	0	5
685	95.589025	96.446663	E3	64	60	1	-4
686	95.589025	96.461709	E2	64	66	1	-1
687	97.255690	97.531152	C#5	64	93	0	4
688	97.255690	97.556615	A4	64	69	0	5
689	97.255690	98.439716	A3	64	67	1	-4
690	97.533467	97.808930	B4	64	59	0	2
691	97.533467	97.976754	C#4	64	53	0	2
692	97.811245	98.086707	C#5	64	62	0	4
693	97.811245	98.057772	E4	64	61	0	5
694	98.089022	98.642262	B4	64	66	0	2
695	98.089022	98.424670	B4	64	75	0	2
696	98.366800	98.589022	C#4	64	49	0	2
697	98.644577	98.920040	A4	64	54	0	5
698	98.644577	98.931614	E4	64	56	0	5
699	98.922355	99.197817	C#5	64	66	0	4
700	98.922355	99.179299	G#4	64	67	0	4
701	98.922355	100.181613	C#3	64	72	1	-2
702	99.200132	99.475595	E5	64	65	0	2
703	99.200132	99.520734	B3	64	54	1	-2
704	99.477910	99.753372	C#5	64	66	0	4
705	99.477910	99.801984	E4	64	56	0	5
706	99.755687	100.586705	E5	64	76	0	2
707	99.755687	100.008002	G#4	64	63	0	4
708	99.755687	100.172354	G#3	64	66	1	-5
709	100.033465	100.249900	C#4	64	48	0	2
710	100.311242	100.527677	E4	64	63	0	5
711	100.589020	100.864482	F#5	64	79	0	4
712	100.589020	100.960547	A4	64	75	0	5
713	100.589020	101.856380	F#3	64	60	1	-2
714	100.866797	101.142260	G#5	64	61	0	1
715	100.866797	101.436241	A3	64	64	1	-4
716	101.144575	101.420037	A5	64	63	0	2
717	101.144575	101.385315	C#4	64	56	0	2
718	101.422352	101.975592	G#5	64	67	0	1
719	101.422352	101.766102	F#4	64	63	0	2
720	101.700130	101.839019	A3	64	62	1	-4
721	101.977907	102.262629	C#5	64	65	0	4
722	101.977907	102.285777	C#4	64	56	0	2
723	102.255685	102.546194	E5	64	68	0	2
724	102.255685	102.648045	E4	64	75	0	5
725	102.255685	102.657305	G#4	64	70	0	4
726	102.255685	103.492952	C#3	64	70	1	-2
727	102.533462	103.086702	F#5	64	83	0	4
728	102.533462	103.519572	G#3	64	70	1	-5
729	102.811240	103.050823	C#4	64	52	0	2
730	103.089017	103.920035	E5	64	73	0	2
731	103.089017	103.395730	E4	64	72	0	5
732	103.366795	103.587859	F#4	64	72	0	2
733	103.644572	103.881841	G#4	64	73	0	4
734	103.922350	104.197812	F#5	64	80	0	4
735	103.922350	104.310081	C#4	64	67	0	2
736	103.922350	104.322812	A4	64	82	0	5
737	103.922350	104.339016	E4	64	70	0	5
738	103.922350	105.170034	F#3	64	62	1	-2
739	104.200127	104.475590	G#5	64	66	0	1
740	104.200127	104.742951	A3	64	60	1	-4
741	104.477905	104.782303	A5	64	79	0	2
742	104.477905	104.871423	C#4	64	53	0	2
743	104.755682	105.308922	G#5	64	91	0	1
744	104.755682	105.150358	A4	64	72	0	5
745	105.033460	105.164247	A3	64	66	1	-4
746	105.311237	105.586700	C#5	64	63	0	4
747	105.311237	105.580913	G#4	64	47	0	4
748	105.589015	105.884153	E5	64	75	0	2
749	105.589015	105.894570	B3	64	69	1	-2
750	105.589015	105.930450	G#4	64	75	0	4
751	105.589015	105.954755	E4	64	72	0	5
752	105.589015	106.063551	C#3	64	69	1	-2
753	105.866792	106.142255	C#5	64	66	0	4
754	105.866792	106.025357	F#3	64	61	1	-2
755	106.144570	106.428134	B4	64	72	0	2
756	106.144570	106.266097	F#4	64	58	0	2
757	106.144570	106.376051	G#4	64	63	0	4
758	106.422347	106.975587	A4	64	63	0	5
759	106.422347	106.922347	E4	64	75	0	5
760	106.422347	106.936236	C#4	64	72	0	2
761	106.422347	106.975587	F#2	64	72	1	-4
762	106.422347	107.058921	A4	64	75	0	5
763	106.700125	107.020726	C#3	64	59	1	-2
764	106.977902	107.253365	F#4	64	63	0	2
765	106.977902	107.269569	F#3	64	61	1	-2
766	107.255680	107.560078	B4	64	89	0	2
767	107.255680	107.502207	A3	64	75	1	-4
768	107.255680	107.771883	D4	64	78	0	3
769	107.255680	107.785772	F#4	64	75	0	2
770	107.255680	108.482530	B2	64	69	1	-4
771	107.533457	107.808920	C#5	64	87	0	4
772	107.533457	108.431605	F#3	64	63	1	-2
773	107.811235	108.106373	B4	64	76	0	2
774	107.811235	108.348271	B3	64	78	1	-2
775	108.089012	108.364475	A4	64	75	0	5
776	108.089012	108.323966	C#4	64	63	0	2
777	108.366790	108.642252	F#4	64	62	0	2
778	108.366790	108.428132	C#4	64	40	0	2
779	108.366790	108.642252	D4	64	73	0	3
780	108.644567	109.197807	C#5	64	96	0	4
781	108.644567	108.869104	F#4	64	53	0	2
782	108.922345	109.312391	B3	64	70	1	-2
783	108.922345	109.339011	G#4	64	66	0	4
784	108.922345	109.341326	E4	64	64	0	5
785	108.922345	110.253362	E2	64	75	1	-1
786	109.200122	110.586695	B4	64	97	0	2
787	109.477900	110.200121	B2	64	59	1	-4
788	109.755677	110.229056	E3	64	44	1	-4
789	109.755677	110.267251	F#5	64	45	0	4
790	109.755677	110.314705	F#4	64	61	0	2
791	110.589010	110.864472	C#5	64	99	0	4
792	110.589010	111.041556	A2	64	67	1	-1
793	110.589010	111.365629	A5	64	67	0	2
794	110.866787	111.156139	B4	64	65	0	2
795	110.866787	111.115630	E3	64	56	1	-4
796	111.144565	111.420027	C#5	64	73	0	4
797	111.144565	111.453592	A3	64	52	1	-4
798	111.422342	111.975582	B4	64	79	0	2
799	111.422342	111.627203	E5	64	72	0	2
800	111.422342	111.839009	B3	64	57	1	-2
801	111.700120	111.856370	C#4	64	69	0	2
802	111.977897	112.263777	A4	64	71	0	5
803	111.977897	112.237156	B4	64	72	0	2
804	112.255675	112.531137	C#5	64	93	0	4
805	112.255675	112.639934	G#4	64	76	0	4
806	112.255675	113.354053	C#3	64	69	1	-2
807	112.533452	112.808915	E5	64	85	0	2
808	112.533452	113.064702	G#3	64	60	1	-5
809	112.811230	113.086692	C#5	64	81	0	4
810	112.811230	113.207063	C#4	64	76	0	2
811	113.089007	113.920025	E5	64	86	0	2
812	113.089007	113.435072	E4	64	85	0	5
813	113.366785	113.580905	F#4	64	69	0	2
814	113.644562	113.909608	G#4	64	64	0	4
815	113.922340	114.233682	F#5	64	98	0	4
816	113.922340	114.407293	F#2	64	75	1	-4
817	113.922340	114.523034	A4	64	78	0	5
818	113.922340	114.657293	C#4	64	85	0	2
819	114.200117	114.476737	G#5	64	80	0	1
820	114.200117	114.461691	C#3	64	57	1	-2
821	114.477895	114.779978	A5	64	93	0	2
822	114.477895	114.803126	F#3	64	63	1	-2
823	114.477895	114.806598	G#4	64	70	0	4
824	114.755672	115.313542	G#5	64	93	0	1
825	114.755672	115.047339	C#4	64	70	0	2
826	114.755672	115.080903	F#4	64	72	0	2
827	114.755672	115.259144	G#3	64	64	1	-5
828	115.033450	115.242940	A3	64	67	1	-4
829	115.311227	115.617940	C#5	64	90	0	4
830	115.311227	115.501042	C#4	64	63	0	2
831	115.589005	115.871412	E5	64	84	0	2
832	115.589005	115.954745	B3	64	76	1	-2
833	115.589005	115.964004	E4	64	70	0	5
834	115.589005	116.769559	C#3	64	75	1	-2
835	115.866782	116.420022	F#5	64	90	0	4
836	115.866782	116.420022	G#3	64	67	1	-5
837	116.144560	116.416550	B3	64	56	1	-2
838	116.422337	117.392244	E5	64	100	0	2
839	116.422337	116.755670	E4	64	88	0	5
840	116.561226	116.692013	G#3	64	75	1	-5
841	116.700115	116.922337	F#4	64	80	0	2
842	116.977892	117.220948	G#4	64	67	0	4
843	117.255670	117.540392	F#5	64	93	0	4
844	117.255670	117.773030	A4	64	82	0	5
845	117.255670	117.776503	C#4	64	72	0	2
846	117.255670	117.828586	F#4	64	73	0	2
847	117.255670	117.907290	F#2	64	75	1	-4
848	117.533447	117.808910	G#5	64	87	0	1
849	117.533447	117.911919	C#3	64	69	1	-2
850	117.811225	118.110993	A5	64	93	0	2
851	117.811225	118.410761	F#3	64	69	1	-2
852	118.089002	118.642242	G#5	64	87	0	1
853	118.089002	118.586687	C#4	64	80	0	2
854	118.366780	118.733678	G#3	64	63	1	-5
855	118.644557	118.920020	C#5	64	63	0	4
856	118.644557	118.888770	A3	64	78	1	-4
857	118.922335	119.197797	E5	64	97	0	2
858	118.922335	119.249881	E4	64	72	0	5
859	118.922335	119.267242	B3	64	73	1	-2
860	118.922335	119.298492	C#3	64	72	1	-2
861	118.922335	119.301964	G#4	64	61	0	4
862	119.200112	119.475575	C#5	64	91	0	4
863	119.200112	119.322797	G#3	64	63	1	-5
864	119.477890	119.753352	B4	64	66	0	2
865	119.477890	119.613306	B3	64	60	1	-2
866	119.755667	120.308907	A4	64	82	0	5
867	119.755667	119.953584	C#4	64	80	0	2
868	119.755667	119.982519	A4	64	76	0	5
869	119.755667	120.277658	F#2	64	75	1	-4
870	120.033445	120.313537	C#3	64	63	1	-2
871	120.311222	120.586685	F#4	64	87	0	2
872	120.311222	120.393398	D5	64	64	0	5
873	120.311222	120.539231	C#5	64	48	0	4
874	120.311222	120.589000	F#3	64	64	1	-2
875	120.589000	120.901499	B4	64	91	0	2
876	120.589000	121.078583	F#4	64	76	0	2
877	120.589000	121.119092	B4	64	69	0	2
878	120.589000	121.219786	B2	64	72	1	-4
879	120.589000	121.237147	D5	64	70	0	5
880	120.866777	121.142240	C#5	64	77	0	4
881	120.866777	121.229045	F#3	64	69	1	-2
882	121.144555	121.452425	F#5	64	79	0	4
883	121.144555	121.223258	B3	64	82	1	-2
884	121.422332	121.697795	E5	64	87	0	2
885	121.422332	121.762610	A4	64	70	0	5
886	121.422332	121.793860	E4	64	69	0	5
887	121.422332	121.974415	E2	64	78	1	-1
888	121.700110	122.253350	B4	64	66	0	2
889	121.700110	122.024184	B2	64	70	1	-4
890	121.977887	122.241776	E3	64	76	1	-4
891	122.255665	122.808905	C#5	64	87	0	4
892	122.255665	123.424645	A2	64	70	1	-1
893	122.533442	123.505664	E3	64	70	1	-4
894	122.811220	123.920015	A4	64	69	0	5
895	122.811220	123.483673	A3	64	93	1	-4
896	123.088997	123.325108	B3	64	66	1	-2
897	123.366775	123.534599	C#4	64	66	0	2
898	123.644552	123.774182	E4	64	75	0	5
899	123.922330	124.753347	F#5	64	97	0	4
900	123.922330	124.377190	C#4	64	78	0	2
901	123.922330	124.451264	F#2	64	70	1	-4
902	123.922330	124.545014	A4	64	80	0	5
903	124.200107	124.488301	C#3	64	60	1	-2
904	124.477885	124.814690	F#3	64	73	1	-2
905	124.477885	125.109829	C#4	64	78	0	2
906	124.477885	125.150338	G#4	64	70	0	4
907	124.755662	125.087838	F#5	64	98	0	4
908	124.755662	125.171171	G#3	64	54	1	-5
909	125.033440	125.308902	E5	64	92	0	2
910	125.033440	125.141079	A3	64	75	1	-4
911	125.311217	125.586680	C#5	64	93	0	4
912	125.311217	125.533439	F#4	64	78	0	2
913	125.588995	126.420012	E5	64	95	0	2
914	125.588995	125.989457	B3	64	91	1	-2
915	125.588995	126.005661	E4	64	88	0	5
916	125.588995	126.803114	C#3	64	67	1	-2
917	125.866772	126.473253	G#3	64	53	1	-5
918	126.144550	126.370244	B3	64	61	1	-2
919	126.422327	126.697790	E5	64	105	0	2
920	126.422327	126.735984	E4	64	82	0	5
921	126.700105	126.975567	C#5	64	90	0	4
922	126.700105	126.814688	G#3	64	69	1	-5
923	126.700105	126.969780	F#4	64	73	0	2
924	126.977882	127.291539	B4	64	86	0	2
925	126.977882	127.285752	A4	64	62	0	5
926	127.255660	127.841307	C#5	64	90	0	4
927	127.255660	127.661909	C#4	64	73	0	2
928	127.255660	127.676956	G#4	64	78	0	4
929	127.255660	127.685057	F4	64	95	0	1
930	127.255660	128.106353	C#3	64	67	1	-2
931	127.533437	128.179270	G#3	64	64	1	-5
932	127.811215	128.097094	F#5	64	61	0	4
933	127.811215	128.166539	C#4	64	76	0	2
934	127.811215	128.211677	F#4	64	72	0	2
935	128.088992	128.391075	C#5	64	93	0	4
936	128.088992	128.505659	F3	64	82	1	-3
937	128.366770	128.920010	B4	64	83	0	2
938	128.366770	128.697788	G#4	64	101	0	4
939	128.644547	128.786908	A4	64	72	0	5
940	128.922325	129.197787	A4	64	66	0	5
941	128.922325	129.447787	F#2	64	72	1	-4
942	128.922325	130.070472	C#4	64	73	0	2
943	128.922325	130.079731	A4	64	78	0	5
944	129.200102	130.586675	F#4	64	71	0	2
945	129.200102	129.487139	C#3	64	63	1	-2
946	129.477880	129.821629	F#3	64	52	1	-2
947	129.755657	130.130657	G#3	64	62	1	-5
948	130.033435	130.173481	A3	64	75	1	-4
949	130.311212	130.507971	F#4	64	88	0	2
950	130.588990	130.872554	F#4	64	72	0	2
951	130.588990	130.970934	F#4	64	64	0	2
952	130.588990	130.985980	A3	64	80	1	-4
953	130.588990	130.988295	D4	64	75	0	3
954	130.588990	131.870238	D3	64	67	1	-1
955	130.866767	131.168850	A4	64	66	0	5
956	130.866767	131.510285	F#3	64	62	1	-2
957	131.144545	131.420007	B4	64	75	0	2
958	131.144545	131.388757	A3	64	82	1	-4
959	131.422322	132.033433	A4	64	74	0	5
960	131.422322	131.745239	A3	64	75	1	-4
961	131.422322	131.773016	D4	64	82	0	3
962	131.422322	131.807739	F#4	64	75	0	2
963	131.700100	131.834359	F#3	64	69	1	-2
964	131.977877	132.285747	B4	64	81	0	2
965	131.977877	132.127183	A3	64	80	1	-4
966	132.255655	132.575099	C#5	64	68	0	4
967	132.255655	132.646858	C#4	64	69	0	2
968	132.255655	132.671164	E4	64	78	0	5
969	132.255655	132.715145	G#4	64	75	0	4
970	132.255655	132.744080	C#3	64	63	1	-2
971	132.533432	132.808895	E5	64	66	0	2
972	132.533432	132.710515	G#3	64	57	1	-5
973	132.811210	133.101719	F#5	64	66	0	4
974	132.811210	133.629496	F#4	64	66	0	2
975	132.950099	133.073941	G#4	64	67	0	4
976	133.088987	133.642227	E5	64	87	0	2
977	133.088987	133.642227	C#4	64	67	0	2
978	133.088987	133.646857	F#2	64	69	1	-4
979	133.088987	133.708200	A4	64	78	0	5
980	133.366765	133.696626	C#3	64	53	1	-2
981	133.644542	133.954727	C#5	64	90	0	4
982	133.644542	133.863292	F#3	64	72	1	-2
983	133.922320	134.200097	B4	64	63	0	2
984	133.922320	134.359819	B3	64	73	1	-2
985	133.922320	134.770699	D4	64	79	0	3
986	133.922320	135.013754	F#4	64	78	0	2
987	133.922320	135.267226	B2	64	82	1	-4
988	134.061209	135.047319	A4	64	4	0	5
989	134.200097	134.475560	C#5	64	64	0	4
990	134.200097	135.261439	F#3	64	72	1	-2
991	134.477875	134.753337	B4	64	46	0	2
992	134.477875	135.172319	B3	64	75	1	-2
993	134.755652	135.033430	A4	64	72	0	5
994	134.755652	135.349402	C#4	64	70	0	2
995	135.033430	135.347087	B4	64	61	0	2
996	135.033430	135.304263	D4	64	80	0	3
997	135.311207	135.586670	C#5	64	75	0	4
998	135.311207	135.634124	A4	64	83	0	5
999	135.588985	137.253335	E5	64	91	0	2
1000	135.588985	136.254493	B3	64	73	1	-2
1001	135.588985	136.254493	E4	64	68	0	5
1002	135.588985	136.285743	G#4	64	90	0	4
1003	135.588985	137.119076	E2	64	74	1	-1
1004	135.866762	137.071622	B2	64	76	1	-4
1005	136.144540	137.196622	E3	64	76	1	-4
1006	136.422317	136.562363	E4	64	84	0	5
1007	136.527641	136.626021	F#4	64	82	0	2
1008	136.642224	136.685048	G#4	64	84	0	4
1009	136.700095	136.837826	A4	64	95	0	5
1010	136.805419	136.932733	B4	64	90	0	2
1011	136.895696	136.943150	C#5	64	90	0	4
1012	136.977872	137.126020	D5	64	86	0	5
1013	137.068150	137.252178	E5	64	80	0	2
1014	137.166529	137.284585	F#5	64	80	0	4
1015	137.255650	137.531112	C#5	64	97	0	4
1016	137.255650	137.624862	E5	64	85	0	2
1017	137.255650	137.695464	A5	64	90	0	2
1018	137.255650	137.713983	A2	64	67	1	-1
1019	137.533427	137.843612	B4	64	76	0	2
1020	137.533427	137.781112	E3	64	64	1	-4
1021	137.533427	137.924631	E4	64	58	0	5
1022	137.811205	138.094769	C#5	64	89	0	4
1023	137.811205	138.073936	A4	64	66	0	5
1024	137.811205	138.115603	A3	64	50	1	-4
1025	138.088982	138.642222	B4	64	84	0	2
1026	138.088982	138.455880	B4	64	70	0	2
1027	138.088982	138.489445	B3	64	50	1	-2
1028	138.366760	138.468612	C#4	64	73	0	2
1029	138.644537	138.972083	A4	64	67	0	5
1030	138.644537	139.040370	E4	64	85	0	5
1031	138.922315	139.197777	C#5	64	87	0	4
1032	138.922315	139.400324	B4	64	82	0	2
1033	138.922315	140.112128	C#3	64	73	1	-2
1034	139.200092	139.494073	E5	64	89	0	2
1035	139.200092	140.095925	G#3	64	56	1	-5
1036	139.477870	139.789212	C#5	64	91	0	4
1037	139.477870	139.798471	G#4	64	82	0	4
1038	139.755647	140.586665	E5	64	97	0	2
1039	139.755647	140.051943	C#4	64	76	0	2
1040	139.755647	140.095925	E4	64	64	0	5
1041	140.033425	140.244073	G#4	64	73	0	4
1042	140.311202	141.389905	A4	64	70	0	5
1043	140.588980	140.909581	F#5	64	93	0	4
1044	140.588980	141.101711	E4	64	66	0	5
1045	140.588980	141.121387	F#2	64	47	1	-4
1046	140.588980	141.450090	C#5	64	72	0	4
1047	140.866757	141.142220	G#5	64	81	0	1
1048	140.866757	141.138748	C#3	64	66	1	-2
1049	141.144535	141.457034	A5	64	91	0	2
1050	141.144535	141.553099	F#3	64	76	1	-2
1051	141.422312	141.975552	G#5	64	87	0	1
1052	141.422312	141.587821	B4	64	78	0	2
1053	141.422312	141.812358	G#3	64	59	1	-5
1054	141.422312	141.842451	E4	64	76	0	5
1055	141.700090	141.830877	A3	64	66	1	-4
1056	141.977867	142.255645	C#5	64	77	0	4
1057	141.977867	142.188515	A4	64	73	0	5
1058	142.255645	142.566987	E5	64	84	0	2
1059	142.255645	142.635274	G#4	64	73	0	4
1060	142.255645	142.643376	E4	64	72	0	5
1061	142.255645	142.688515	B3	64	70	1	-2
1062	142.255645	143.482495	C#3	64	69	1	-2
1063	142.533422	143.137588	F#5	64	93	0	4
1064	142.533422	143.128329	G#3	64	69	1	-5
1065	142.811200	142.943144	B3	64	37	1	-2
1066	143.088977	143.919995	E5	64	90	0	2
1067	143.088977	143.275320	E4	64	78	0	5
1068	143.088977	143.344764	G#4	64	76	0	4
1069	143.088977	143.424625	B3	64	78	1	-2
1070	143.366755	143.483653	G#3	64	78	1	-5
1071	143.644532	143.854023	E4	64	76	0	5
1072	143.922310	144.240597	F#5	64	92	0	4
1073	143.922310	144.448930	G#4	64	76	0	4
1074	143.922310	144.451244	B3	64	80	1	-2
1075	143.922310	145.137586	F#2	64	67	1	-4
1076	144.200087	144.496383	G#5	64	87	0	1
1077	144.200087	145.152633	C#3	64	63	1	-2
1078	144.477865	144.799624	A5	64	90	0	2
1079	144.477865	144.789207	F#3	64	78	1	-2
1080	144.755642	145.308882	G#5	64	89	0	1
1081	144.755642	145.149160	A4	64	75	0	5
1082	144.755642	145.153790	C#4	64	88	0	2
1083	145.033420	145.190827	F#3	64	72	1	-2
1084	145.311197	145.597077	C#5	64	85	0	4
1085	145.311197	145.566984	F#4	64	82	0	2
1086	145.588975	145.871382	E5	64	91	0	2
1087	145.588975	145.896845	C#4	64	80	0	2
1088	145.588975	145.930410	E4	64	85	0	5
1089	145.588975	145.935039	G#4	64	75	0	4
1090	145.588975	145.946613	C#3	64	76	1	-2
1091	145.866752	146.142215	C#5	64	82	0	4
1092	145.866752	145.983650	G#3	64	70	1	-5
1093	146.144530	146.419992	B4	64	81	0	2
1094	146.144530	146.723233	F#4	64	63	0	2
1095	146.283419	146.407261	G#4	64	59	0	4
1096	146.422307	146.975547	A4	64	91	0	5
1097	146.422307	146.739437	C#4	64	67	0	2
1098	146.422307	146.937353	F#2	64	70	1	-4
1099	146.422307	147.092445	A4	64	62	0	5
1100	146.700085	147.016057	C#3	64	55	1	-2
1101	146.977862	147.253325	F#4	64	97	0	2
1102	146.977862	147.281103	F#3	64	82	1	-2
1103	147.255640	147.560038	B4	64	91	0	2
1104	147.255640	147.632954	A3	64	78	1	-4
1105	147.255640	147.661889	F#4	64	75	0	2
1106	147.255640	147.668834	D4	64	76	0	3
1107	147.255640	147.770686	B2	64	75	1	-4
1108	147.533417	147.812352	C#5	64	87	0	4
1109	147.533417	147.761426	F#3	64	72	1	-2
1110	147.811195	148.145685	F#5	64	90	0	4
1111	147.811195	147.975546	A3	64	72	1	-4
1112	148.088972	148.503324	E5	64	94	0	2
1113	148.088972	148.393370	G#4	64	75	0	4
1114	148.088972	148.532259	E2	64	75	1	-1
1115	148.088972	148.534574	B3	64	91	1	-2
1116	148.088972	148.543833	E4	64	78	0	5
1117	148.366750	148.656101	B2	64	69	1	-4
1118	148.505639	148.919990	B4	64	93	0	2
1119	148.644527	148.900314	E3	64	62	1	-4
1120	148.922305	149.336656	C#5	64	105	0	4
1121	148.922305	149.391054	C#4	64	78	0	2
1122	148.922305	149.406101	E4	64	76	0	5
1123	148.922305	149.422304	A4	64	75	0	5
1124	148.922305	150.340127	A2	64	69	1	-1
1125	149.200082	151.171145	E3	64	63	1	-4
1126	149.338971	150.229016	A4	64	105	0	5
1127	149.477860	150.378322	A3	64	85	1	-4
1128	149.755637	150.097072	B3	64	76	1	-2
1129	150.033415	150.262581	C#4	64	67	0	2
1130	150.311192	150.522998	E4	64	57	0	5
1131	150.588970	151.419987	F#5	64	97	0	4
1132	150.588970	151.043830	C#4	64	78	0	2
1133	150.588970	151.117904	F#2	64	70	1	-4
1134	150.588970	151.211654	A4	64	80	0	5
1135	150.866747	151.154941	C#3	64	60	1	-2
1136	151.144525	151.481330	F#3	64	73	1	-2
1137	151.144525	151.776469	C#4	64	78	0	2
1138	151.144525	151.816978	G#4	64	70	0	4
1139	151.422302	151.754478	F#5	64	98	0	4
1140	151.422302	151.837811	G#3	64	54	1	-5
1141	151.700080	151.975542	E5	64	92	0	2
1142	151.700080	151.807719	A3	64	75	1	-4
1143	151.977857	152.253320	C#5	64	93	0	4
1144	151.977857	152.200079	F#4	64	78	0	2
1145	152.255635	153.086652	E5	64	95	0	2
1146	152.255635	152.656097	B3	64	91	1	-2
1147	152.255635	152.672301	E4	64	88	0	5
1148	152.255635	153.469754	C#3	64	67	1	-2
1149	152.533412	153.139893	G#3	64	53	1	-5
1150	152.811190	153.036884	B3	64	61	1	-2
1151	153.088967	153.364430	E5	64	105	0	2
1152	153.088967	153.402624	E4	64	82	0	5
1153	153.366745	153.642207	C#5	64	90	0	4
1154	153.366745	153.481328	G#3	64	69	1	-5
1155	153.366745	153.636420	F#4	64	73	0	2
1156	153.644522	153.958179	B4	64	86	0	2
1157	153.644522	153.952392	A4	64	62	0	5
1158	153.922300	154.507947	C#5	64	90	0	4
1159	153.922300	154.328549	C#4	64	73	0	2
1160	153.922300	154.343596	G#4	64	78	0	4
1161	153.922300	154.351698	F4	64	95	0	1
1162	153.922300	154.772993	C#3	64	67	1	-2
1163	154.200077	154.845910	G#3	64	64	1	-5
1164	154.477855	154.763734	F#5	64	61	0	4
1165	154.477855	154.833179	C#4	64	76	0	2
1166	154.477855	154.878317	F#4	64	72	0	2
1167	154.755632	155.057715	C#5	64	93	0	4
1168	154.755632	155.172299	F3	64	82	1	-3
1169	155.033410	155.586650	B4	64	83	0	2
1170	155.033410	155.364428	G#4	64	101	0	4
1171	155.311187	155.453548	A4	64	72	0	5
1172	155.588965	155.864427	A4	64	66	0	5
1173	155.588965	156.114427	F#2	64	72	1	-4
1174	155.588965	156.737112	C#4	64	73	0	2
1175	155.588965	156.746371	A4	64	78	0	5
1176	155.866742	157.253315	F#4	64	71	0	2
1177	155.866742	156.153779	C#3	64	63	1	-2
1178	156.144520	156.488269	F#3	64	52	1	-2
1179	156.422297	156.797297	G#3	64	62	1	-5
1180	156.700075	156.840121	A3	64	75	1	-4
1181	156.977852	157.174611	F#4	64	88	0	2
1182	157.255630	157.539194	F#4	64	72	0	2
1183	157.255630	157.637574	F#4	64	64	0	2
1184	157.255630	157.652620	A3	64	80	1	-4
1185	157.255630	157.654935	D4	64	75	0	3
1186	157.255630	158.536879	D3	64	67	1	-1
1187	157.533407	157.835490	A4	64	66	0	5
1188	157.533407	158.176925	F#3	64	62	1	-2
1189	157.811185	158.086647	B4	64	75	0	2
1190	157.811185	158.055397	A3	64	82	1	-4
1191	158.088962	158.700073	A4	64	74	0	5
1192	158.088962	158.411879	A3	64	75	1	-4
1193	158.088962	158.439656	D4	64	82	0	3
1194	158.088962	158.474379	F#4	64	75	0	2
1195	158.366740	158.500999	F#3	64	69	1	-2
1196	158.644517	158.952387	B4	64	81	0	2
1197	158.644517	158.793823	A3	64	80	1	-4
1198	158.922295	159.241739	C#5	64	68	0	4
1199	158.922295	159.313498	C#4	64	69	0	2
1200	158.922295	159.337804	E4	64	78	0	5
1201	158.922295	159.381785	G#4	64	75	0	4
1202	158.922295	159.410720	C#3	64	63	1	-2
1203	159.200072	159.475535	E5	64	66	0	2
1204	159.200072	159.377155	G#3	64	57	1	-5
1205	159.477850	159.768359	F#5	64	66	0	4
1206	159.477850	160.296136	F#4	64	66	0	2
1207	159.616739	159.740581	G#4	64	67	0	4
1208	159.755627	160.308867	E5	64	87	0	2
1209	159.755627	160.308867	C#4	64	67	0	2
1210	159.755627	160.313497	F#2	64	69	1	-4
1211	159.755627	160.374840	A4	64	78	0	5
1212	160.033405	160.363266	C#3	64	53	1	-2
1213	160.311182	160.621367	C#5	64	90	0	4
1214	160.311182	160.529932	F#3	64	72	1	-2
1215	160.588960	160.864422	B4	64	63	0	2
1216	160.588960	161.026459	B3	64	73	1	-2
1217	160.588960	161.437339	D4	64	79	0	3
1218	160.588960	161.680394	F#4	64	78	0	2
1219	160.588960	161.933866	B2	64	82	1	-4
1220	160.727849	161.713959	A4	64	4	0	5
1221	160.866737	161.142200	C#5	64	64	0	4
1222	160.866737	161.928079	F#3	64	72	1	-2
1223	161.144515	161.419977	B4	64	46	0	2
1224	161.144515	161.838959	B3	64	75	1	-2
1225	161.422292	161.700070	A4	64	72	0	5
1226	161.422292	162.016042	C#4	64	70	0	2
1227	161.700070	162.013727	B4	64	61	0	2
1228	161.700070	161.970903	D4	64	80	0	3
1229	161.977847	162.253310	C#5	64	75	0	4
1230	161.977847	162.300764	A4	64	83	0	5
1231	162.255625	163.919975	E5	64	91	0	2
1232	162.255625	162.921133	B3	64	73	1	-2
1233	162.255625	162.921133	E4	64	68	0	5
1234	162.255625	162.952383	G#4	64	90	0	4
1235	162.255625	163.785716	E2	64	74	1	-1
1236	162.533402	163.738262	B2	64	76	1	-4
1237	162.811180	163.863262	E3	64	76	1	-4
1238	163.088957	163.229003	E4	64	84	0	5
1239	163.194281	163.292661	F#4	64	82	0	2
1240	163.308864	163.351688	G#4	64	84	0	4
1241	163.366735	163.504466	A4	64	95	0	5
1242	163.472059	163.599373	B4	64	90	0	2
1243	163.562336	163.609790	C#5	64	90	0	4
1244	163.644512	163.792660	D5	64	86	0	5
1245	163.734790	163.918818	E5	64	80	0	2
1246	163.833169	163.951225	F#5	64	80	0	4
1247	163.922290	164.197752	C#5	64	97	0	4
1248	163.922290	164.291502	E5	64	85	0	2
1249	163.922290	164.362104	A5	64	90	0	2
1250	163.922290	164.380623	A2	64	67	1	-1
1251	164.200067	164.510252	B4	64	76	0	2
1252	164.200067	164.447752	E3	64	64	1	-4
1253	164.200067	164.591271	E4	64	58	0	5
1254	164.477845	164.761409	C#5	64	89	0	4
1255	164.477845	164.740576	A4	64	66	0	5
1256	164.477845	164.782243	A3	64	50	1	-4
1257	164.755622	165.308862	B4	64	84	0	2
1258	164.755622	165.122520	B4	64	70	0	2
1259	164.755622	165.156085	B3	64	50	1	-2
1260	165.033400	165.135252	C#4	64	73	0	2
1261	165.311177	165.638723	A4	64	67	0	5
1262	165.311177	165.707010	E4	64	85	0	5
1263	165.588955	165.864417	C#5	64	87	0	4
1264	165.588955	166.066964	B4	64	82	0	2
1265	165.588955	166.778768	C#3	64	73	1	-2
1266	165.866732	166.160713	E5	64	89	0	2
1267	165.866732	166.762565	G#3	64	56	1	-5
1268	166.144510	166.455852	C#5	64	91	0	4
1269	166.144510	166.465111	G#4	64	82	0	4
1270	166.422287	167.253305	E5	64	97	0	2
1271	166.422287	166.718583	C#4	64	76	0	2
1272	166.422287	166.762565	E4	64	64	0	5
1273	166.700065	166.910713	G#4	64	73	0	4
1274	166.977842	168.056545	A4	64	70	0	5
1275	167.255620	167.576221	F#5	64	93	0	4
1276	167.255620	167.768351	E4	64	66	0	5
1277	167.255620	167.788027	F#2	64	47	1	-4
1278	167.255620	168.116730	C#5	64	72	0	4
1279	167.533397	167.808860	G#5	64	81	0	1
1280	167.533397	167.805388	C#3	64	66	1	-2
1281	167.811175	168.123674	A5	64	91	0	2
1282	167.811175	168.219739	F#3	64	76	1	-2
1283	168.088952	168.642192	G#5	64	87	0	1
1284	168.088952	168.254461	B4	64	78	0	2
1285	168.088952	168.478998	G#3	64	59	1	-5
1286	168.088952	168.509091	E4	64	76	0	5
1287	168.366730	168.497517	A3	64	66	1	-4
1288	168.644507	168.922285	C#5	64	77	0	4
1289	168.644507	168.855155	A4	64	73	0	5
1290	168.922285	169.233627	E5	64	84	0	2
1291	168.922285	169.301914	G#4	64	73	0	4
1292	168.922285	169.310016	E4	64	72	0	5
1293	168.922285	169.355155	B3	64	70	1	-2
1294	168.922285	170.149135	C#3	64	69	1	-2
1295	169.200062	169.753302	F#5	64	93	0	4
1296	169.200062	169.794969	G#3	64	69	1	-5
1297	169.477840	169.609784	B3	64	37	1	-2
1298	169.755617	170.586635	E5	64	90	0	2
1299	169.755617	169.941960	E4	64	78	0	5
1300	169.755617	170.011404	G#4	64	76	0	4
1301	169.755617	170.091265	B3	64	78	1	-2
1302	170.033395	170.150293	G#3	64	78	1	-5
1303	170.311172	170.520663	E4	64	76	0	5
1304	170.588950	170.907237	F#5	64	92	0	4
1305	170.588950	171.115570	G#4	64	76	0	4
1306	170.588950	171.117884	B3	64	80	1	-2
1307	170.588950	171.804226	F#2	64	67	1	-4
1308	170.866727	171.163023	G#5	64	87	0	1
1309	170.866727	171.819273	C#3	64	63	1	-2
1310	171.144505	171.466264	A5	64	90	0	2
1311	171.144505	171.455847	F#3	64	78	1	-2
1312	171.422282	171.975522	G#5	64	89	0	1
1313	171.422282	171.815800	A4	64	75	0	5
1314	171.422282	171.820430	C#4	64	88	0	2
1315	171.700060	171.857467	F#3	64	72	1	-2
1316	171.977837	172.263717	C#5	64	85	0	4
1317	171.977837	172.233624	F#4	64	82	0	2
1318	172.255615	172.538022	E5	64	91	0	2
1319	172.255615	172.563485	C#4	64	80	0	2
1320	172.255615	172.597050	E4	64	85	0	5
1321	172.255615	172.601679	G#4	64	75	0	4
1322	172.255615	172.613253	C#3	64	76	1	-2
1323	172.533392	172.808855	C#5	64	82	0	4
1324	172.533392	172.650290	G#3	64	70	1	-5
1325	172.811170	173.086632	B4	64	81	0	2
1326	172.811170	173.389873	F#4	64	63	0	2
1327	172.950059	173.073901	G#4	64	59	0	4
1328	173.088947	173.642187	A4	64	91	0	5
1329	173.088947	173.406077	C#4	64	67	0	2
1330	173.088947	173.603993	F#2	64	70	1	-4
1331	173.088947	173.759085	A4	64	62	0	5
1332	173.366725	173.682697	C#3	64	55	1	-2
1333	173.644502	173.919965	F#4	64	97	0	2
1334	173.644502	173.947743	F#3	64	82	1	-2
1335	173.922280	174.226678	B4	64	91	0	2
1336	173.922280	174.299594	A3	64	78	1	-4
1337	173.922280	174.328529	F#4	64	75	0	2
1338	173.922280	174.335474	D4	64	76	0	3
1339	173.922280	174.437326	B2	64	75	1	-4
1340	174.200057	174.475520	C#5	64	87	0	4
1341	174.200057	174.428066	F#3	64	72	1	-2
1342	174.477835	174.753297	F#5	64	90	0	4
1343	174.477835	174.642186	A3	64	72	1	-4
1344	174.755612	175.031075	E5	64	94	0	2
1345	174.755612	175.060010	G#4	64	75	0	4
1346	174.755612	175.198899	E2	64	75	1	-1
1347	174.755612	175.201214	B3	64	91	1	-2
1348	174.755612	175.210473	E4	64	78	0	5
1349	175.033390	175.447741	B4	64	93	0	2
1350	175.033390	175.322741	B2	64	69	1	-4
1351	175.311167	175.566954	E3	64	62	1	-4
1352	175.450056	176.003296	C#5	64	105	0	4
1353	175.588945	176.057694	C#4	64	78	0	2
1354	175.588945	176.072741	E4	64	76	0	5
1355	175.588945	176.088944	A4	64	75	0	5
1356	175.588945	177.006767	A2	64	69	1	-1
1357	175.866722	177.837785	E3	64	63	1	-4
1358	176.005611	176.895656	A4	64	105	0	5
1359	176.144500	177.044962	A3	64	85	1	-4
1360	176.422277	176.763712	B3	64	76	1	-2
1361	176.700055	176.929221	C#4	64	67	0	2
1362	176.977832	177.189638	E4	64	57	0	5
1363	177.255610	177.531072	C#5	64	93	0	4
1364	177.255610	178.282229	A4	64	64	0	5
1365	177.255610	178.304220	E4	64	66	0	5
1366	177.255610	178.321581	A2	64	66	1	-1
1367	177.255610	178.323896	C#4	64	63	0	2
1368	177.255610	178.338942	A3	64	57	1	-4
1369	177.533387	177.808850	B4	64	59	0	2
1370	177.811165	178.086627	C#5	64	62	0	4
1371	178.088942	178.642182	B4	64	66	0	2
1372	178.644497	179.058849	A4	64	54	0	5
1373	178.922275	179.711626	B4	64	33	0	2
1374	178.922275	179.740561	E4	64	62	0	5
1375	178.922275	179.766024	B3	64	57	1	-2
1376	178.922275	179.766024	G#4	64	57	0	4
1377	178.922275	179.882922	G#3	64	63	1	-5
1378	178.922275	179.885237	C#3	64	56	1	-2
1379	179.061164	179.336626	C#5	64	66	0	4
1380	179.338941	179.614404	E5	64	65	0	2
1381	179.616719	179.892181	C#5	64	66	0	4
1382	179.894496	180.586625	E5	64	76	0	2
1383	180.727829	181.003291	F#5	64	79	0	4
1384	180.727829	181.275282	C#4	64	67	0	2
1385	180.727829	181.437319	A4	64	67	0	5
1386	180.727829	181.475513	F#4	64	60	0	2
1387	180.727829	181.541485	C#5	64	67	0	4
1388	180.727829	181.939633	F#3	64	55	1	-2
1389	181.005606	181.281069	G#5	64	61	0	1
1390	181.283384	181.558846	A5	64	63	0	2
1391	181.561161	182.114401	G#5	64	67	0	1
1392	181.561161	181.922272	C#4	64	48	0	2
1393	182.116716	182.401438	C#5	64	65	0	4
1394	182.394494	182.685002	E5	64	68	0	2
1395	182.394494	183.004447	E4	64	62	0	5
1396	182.394494	183.085465	G#4	64	64	0	4
1397	182.394494	183.094724	B3	64	61	1	-2
1398	182.394494	183.510233	G#3	64	55	1	-5
1399	182.394494	183.621344	C#3	64	49	1	-2
1400	182.672271	183.225511	F#5	64	83	0	4
1401	183.227826	184.058844	E5	64	73	0	2
1402	183.505604	183.761390	F#4	64	58	0	2
1403	183.783381	184.006760	G#4	64	51	0	4
1404	184.061159	184.336621	F#5	64	80	0	4
1405	184.061159	185.009074	F#3	64	62	1	-2
1406	184.061159	185.036852	A4	64	62	0	5
1407	184.061159	185.040324	F#4	64	61	0	2
1408	184.061159	185.048426	C#4	64	60	0	2
1409	184.338936	184.614399	G#5	64	66	0	1
1410	184.616714	184.921111	A5	64	79	0	2
1411	184.894491	185.447731	G#5	64	91	0	1
1412	185.450046	185.725509	C#5	64	63	0	4
1413	185.727824	186.022962	E5	64	75	0	2
1414	185.727824	186.176897	G#4	64	64	0	4
1415	185.727824	186.198888	E4	64	64	0	5
1416	185.727824	186.210462	C#4	64	63	0	2
1417	185.727824	186.253286	C#3	64	52	1	-2
1418	185.727824	186.269490	G#3	64	64	1	-5
1419	186.005601	186.281064	C#5	64	66	0	4
1420	186.283379	186.566943	B4	64	72	0	2
1421	186.561156	187.253285	A4	64	63	0	5
1422	186.561156	186.929211	A4	64	59	0	5
1423	186.561156	186.965091	C#4	64	63	0	2
1424	186.561156	186.966248	F#4	64	62	0	2
1425	186.561156	186.978980	F#3	64	64	1	-2
1426	187.255600	187.531062	F#4	64	63	0	2
1427	187.394489	187.709303	A4	64	48	0	5
1428	187.394489	187.759072	D4	64	61	0	3
1429	187.394489	187.779905	F#4	64	56	0	2
1430	187.394489	187.791479	B3	64	58	1	-2
1431	187.394489	187.820414	B2	64	53	1	-4
1432	187.394489	187.866710	F#3	64	62	1	-2
1433	187.533377	187.808840	B4	64	89	0	2
1434	187.811155	188.086617	C#5	64	87	0	4
1435	188.088932	188.364395	F#5	64	76	0	4
1436	188.227821	188.771802	G#4	64	61	0	4
1437	188.227821	188.776432	E3	64	62	1	-4
1438	188.227821	188.797265	B3	64	58	1	-2
1439	188.227821	188.805367	E4	64	64	0	5
1440	188.366710	188.642172	E5	64	75	0	2
1441	188.644487	189.058839	B4	64	62	0	2
1442	189.061154	189.475505	C#5	64	96	0	4
1443	189.061154	189.219718	B3	64	46	1	-2
1444	189.061154	189.382912	E4	64	69	0	5
1445	189.061154	189.588931	C#4	64	64	0	2
1446	189.061154	190.507911	A4	64	73	0	5
1447	189.061154	190.607448	A2	64	75	1	-1
1448	189.338931	190.786846	E3	64	69	1	-4
1449	189.616709	190.189625	A3	64	67	1	-4
1450	189.894486	190.299578	B3	64	73	1	-2
1451	190.172264	190.659532	E4	64	70	0	5
1452	190.450041	190.680365	A3	64	51	1	-4
1453	190.727819	191.344716	E4	64	51	0	5
1454	190.727819	191.363235	C#4	64	72	0	2
1455	190.727819	191.365549	B3	64	66	1	-2
1456	190.727819	191.917632	A2	64	78	1	-1
1457	191.005596	192.328511	E3	64	64	1	-4
1458	191.283374	191.381753	A4	64	1	0	5
1459	191.283374	192.235919	A3	64	69	1	-4
1460	191.561151	191.620179	C#4	64	44	0	2
1461	191.561151	191.917632	B3	64	70	1	-2
1462	191.838929	192.116706	E4	64	62	0	5
1463	192.116706	193.266010	A4	64	80	0	5
1464	192.394484	193.200038	D4	64	77	0	3
1465	192.394484	193.231288	F4	64	81	0	1
1466	192.394484	193.913001	B2	64	71	1	-4
1467	192.672261	194.004436	D3	64	58	1	-1
1468	192.950039	194.095871	F3	64	71	1	-3
1469	193.227816	194.000963	B3	64	66	1	-2
1470	193.505594	194.101658	D4	64	77	0	3
1471	193.783371	194.776426	A4	64	75	0	5
1472	194.061149	194.499806	F4	64	71	0	1
1473	194.061149	195.266008	B2	64	77	1	-4
1474	194.338926	195.328508	D3	64	57	1	-1
1475	194.616704	195.042629	E4	64	88	0	5
1476	194.616704	195.224342	F3	64	68	1	-3
1477	194.894481	195.151425	B3	64	67	1	-2
1478	195.172259	195.397953	D4	64	88	0	3
1479	195.450036	195.653740	B3	64	88	1	-2
1480	195.727814	195.882906	B3	64	71	1	-2
1481	195.727814	196.978970	A2	64	81	1	-1
1482	195.866702	196.437304	C#4	64	74	0	2
1483	196.005591	196.542628	E3	64	65	1	-4
1484	196.283369	196.923414	A3	64	70	1	-4
1485	196.561146	196.938460	B3	64	80	1	-2
1486	196.561146	196.984757	E4	64	75	0	5
1487	196.838924	197.343553	E3	64	64	1	-4
1488	197.116701	197.266006	E4	64	54	0	5
1489	197.116701	197.409525	B3	64	75	1	-2
1490	197.394479	197.755589	A3	64	67	1	-4
1491	197.394479	197.790311	C#4	64	77	0	2
1492	197.394479	198.553042	A2	64	80	1	-1
1493	197.672256	197.969709	E3	64	58	1	-4
1494	197.950034	198.335450	E4	64	84	0	5
1495	197.950034	198.365542	B3	64	88	1	-2
1496	198.227811	198.693088	E3	64	75	1	-4
1497	198.505589	198.797255	A3	64	80	1	-4
1498	198.783366	199.010218	E4	64	75	0	5
1499	199.072718	199.901420	F4	64	80	0	1
1500	199.076190	199.805356	D4	64	77	0	3
1501	199.081977	199.844708	B3	64	71	1	-2
1502	199.091236	200.389846	B2	64	80	1	-4
1503	199.744013	200.430355	D3	64	47	1	-1
1504	200.264846	200.498642	B3	64	61	1	-2
1505	200.598179	200.734753	D4	64	64	0	3
1506	201.503271	201.955817	F#3	64	66	1	-2
1507	201.855122	202.075029	A3	64	75	1	-4
1508	202.226650	202.631742	C#4	64	76	0	2
1509	202.642158	202.822714	D4	64	83	0	3
1510	203.056510	203.210445	E4	64	95	0	5
1511	203.860907	204.397944	E3	64	75	1	-4
1512	203.911833	204.235907	A1	64	73	1	-3
1513	203.941926	204.660675	G#3	64	81	1	-5
1514	204.051879	204.769471	C#4	64	86	0	2
1515	204.667619	208.193079	A2	64	78	1	-1
1516	204.853962	208.165301	E3	64	73	1	-4
1517	205.050721	208.124792	A3	64	82	1	-4
1518	205.222017	205.490535	B3	64	66	1	-2
1519	205.412989	205.622480	C#4	64	72	0	2
1520	205.617850	205.823868	E4	64	63	0	5
1521	205.811137	205.915303	G#4	64	75	0	4
1522	206.025257	206.268312	A4	64	82	0	5
1523	206.235905	206.463914	B4	64	73	0	2
1524	206.444238	206.550719	C#5	64	75	0	4
1525	206.647942	206.943080	E5	64	69	0	2
1526	206.863219	207.132895	A5	64	70	0	2
1527	207.095858	207.325024	B5	64	58	0	4
1528	207.331969	207.453496	C#6	64	69	0	1
1529	207.587755	207.931505	E6	64	62	0	4
1530	207.881737	208.311134	G#6	64	64	0	3
1531	208.245162	209.053032	A6	64	64	0	4
1532	208.805347	208.931504	A1	64	73	1	-3
1533	208.816921	209.039143	C#6	64	55	0	1
