//Version: PianoFingering_v170101
0	3.582231	4.123897	D4	64	66	0	3
1	3.582231	4.157888	G3	64	64	1	-1
2	3.582231	4.164467	A#3	64	67	1	-3
3	3.582231	4.275213	D#3	64	67	1	-5
4	4.634861	5.019729	F3	64	58	1	-3
5	4.634861	5.200650	D#3	64	48	1	-5
6	4.634861	5.231352	C4	64	59	0	1
7	4.634861	5.240124	A3	64	46	1	-4
8	5.687491	6.106350	A3	64	66	1	-4
9	5.687491	6.127184	F3	64	63	1	-3
10	5.687491	6.156789	C4	64	64	0	1
11	5.687491	6.195166	D3	64	72	1	-1
12	6.740121	7.345384	D4	64	56	0	3
13	6.740121	7.361831	G3	64	48	1	-1
14	6.740121	7.395822	A#3	64	57	1	-3
15	7.792751	8.255470	D#4	64	69	0	4
16	7.792751	8.281786	C4	64	72	0	1
17	7.792751	8.315777	A3	64	67	1	-4
18	7.792751	8.317970	A2	64	73	1	-1
19	8.845381	9.377179	D3	64	56	1	-1
20	8.845381	9.377179	A3	64	57	1	-4
21	8.845381	9.385951	F#3	64	64	1	-2
22	8.845381	9.490117	D4	64	51	0	3
23	9.898011	10.501081	D4	64	69	0	3
24	9.898011	10.505467	G3	64	67	1	-1
25	9.898011	10.507660	A#3	64	73	1	-3
26	9.898011	11.581123	G2	64	62	1	-3
27	10.950641	11.389237	D4	64	43	0	3
28	10.950641	11.395816	A#3	64	51	1	-3
29	10.950641	11.574544	G3	64	42	1	-1
30	12.003271	12.441867	G4	64	75	0	3
31	12.003271	12.451736	E4	64	73	0	5
32	12.003271	12.453929	C4	64	64	0	1
33	12.003271	12.546034	C3	64	73	1	-3
34	12.003271	12.575639	C5	64	70	0	3
35	13.055901	13.590988	C3	64	72	1	-3
36	13.055901	13.597567	C4	64	72	0	1
37	13.055901	13.607436	D#4	64	78	0	4
38	13.055901	13.638137	F#4	64	76	0	2
39	13.055901	13.643620	C5	64	75	0	3
40	14.108531	14.689671	C4	64	73	0	1
41	14.108531	14.692960	F4	64	76	0	1
42	14.108531	14.708311	A3	64	59	1	-4
43	14.108531	14.732434	A4	64	72	0	5
44	14.108531	14.734627	D3	64	70	1	-1
45	15.161161	16.017520	A#3	64	82	1	-3
46	15.161161	16.017520	G4	64	73	0	3
47	15.161161	16.025195	D#4	64	88	0	4
48	15.161161	16.056993	A#4	64	67	0	1
49	15.161161	16.118397	D#3	64	88	1	-5
50	16.213791	16.873878	C4	64	78	0	1
51	16.213791	16.965983	F4	64	80	0	1
52	16.213791	17.012036	A4	64	73	0	5
53	16.213791	20.383741	F3	64	82	1	-3
54	17.134843	17.367299	C4	64	67	0	1
55	17.134843	17.483526	F4	64	75	0	1
56	17.134843	17.555895	A4	64	73	0	5
57	18.319051	20.479136	F2	64	75	1	-5
58	20.292733	20.600846	F5	64	47	0	3
59	20.336592	20.739004	A5	64	62	0	2
60	20.380452	20.746679	C6	64	62	0	5
61	20.424311	20.794925	F6	64	64	0	5
62	21.740099	22.049309	D5	64	66	0	5
63	22.003256	22.266414	C5	64	59	0	3
64	22.266414	22.576721	A#4	64	45	0	1
65	22.529571	22.791632	C5	64	62	0	3
66	22.529571	23.266412	D4	64	78	0	3
67	22.529571	23.276281	A#4	64	72	0	1
68	22.529571	23.289439	F4	64	91	0	1
69	22.529571	25.967066	A#3	64	78	1	-3
70	22.529571	26.368381	A#2	64	73	1	-5
71	22.792729	23.845359	C5	64	56	0	3
72	23.582201	24.339876	D4	64	69	0	3
73	23.582201	24.360709	F4	64	85	0	1
74	23.582201	24.362902	A#4	64	69	0	1
75	23.845359	24.371674	F5	64	63	0	3
76	24.371674	25.950619	A#4	64	77	0	1
77	24.634831	25.360708	A#4	64	72	0	1
78	24.634831	25.394699	F4	64	63	0	1
79	24.634831	25.397988	D4	64	49	0	3
80	25.687461	26.324522	A#4	64	70	0	1
81	25.687461	26.330004	D4	64	73	0	3
82	25.687461	26.333294	F4	64	91	0	1
83	25.950619	26.213776	D5	64	66	0	5
84	26.213776	26.483513	C5	64	60	0	3
85	26.213776	26.326715	A#3	64	70	1	-3
86	26.476934	26.780662	A#4	64	63	0	1
87	26.740091	27.002152	C5	64	67	0	3
88	26.740091	27.480222	A#4	64	76	0	1
89	26.740091	27.487897	D4	64	72	0	3
90	26.740091	27.525178	F4	64	80	0	1
91	26.740091	29.142500	G3	64	63	1	-1
92	26.740091	30.706094	G2	64	76	1	-3
93	27.003249	27.265310	C5	64	53	0	3
94	27.266406	27.791625	C5	64	57	0	3
95	27.792721	28.090967	C5	64	56	0	3
96	27.792721	29.230219	A#4	64	76	0	1
97	27.792721	29.367281	D4	64	73	0	3
98	27.792721	29.396886	F4	64	82	0	1
99	28.055879	28.845351	F5	64	55	0	3
100	28.845351	29.371666	G5	64	79	0	5
101	29.371666	29.642499	F5	64	63	0	3
102	29.634824	30.160042	A#4	64	66	0	1
103	29.634824	29.956095	G3	64	64	1	-1
104	29.897981	30.223639	D4	64	95	0	3
105	29.897981	30.240086	F4	64	101	0	1
106	29.897981	30.257630	A#4	64	80	0	1
107	30.161139	30.423200	A#4	64	87	0	1
108	30.161139	30.531752	G3	64	73	1	-1
109	30.424296	30.686357	A#4	64	86	0	1
110	30.424296	30.775173	F4	64	97	0	1
111	30.687454	30.950611	A#4	64	67	0	1
112	30.687454	30.768594	D3	64	69	1	-1
113	30.687454	30.845348	G4	64	76	0	3
114	30.950611	31.476926	G5	64	98	0	5
115	30.950611	31.866180	D#3	64	78	1	-5
116	30.950611	32.133724	A#3	64	93	1	-3
117	30.950611	32.179776	D#4	64	97	0	4
118	30.950611	32.224732	G4	64	88	0	3
119	30.950611	32.387013	A#4	64	67	0	1
120	30.950611	32.901266	D#2	64	73	1	-2
121	31.476926	31.770786	F5	64	77	0	3
122	31.740084	32.266399	G5	64	93	0	5
123	32.266399	33.581090	A#5	64	97	0	3
124	32.266399	32.627144	A#3	64	99	1	-3
125	32.529556	32.755433	D#4	64	97	0	4
126	32.792714	32.961573	F4	64	78	0	1
127	33.055871	33.913326	D#3	64	88	1	-5
128	33.055871	34.799290	A#3	64	95	1	-3
129	33.055871	34.813544	D#2	64	72	1	-2
130	33.055871	34.851921	A#4	64	75	0	1
131	33.055871	34.951702	G4	64	78	0	3
132	33.055871	34.964860	D#4	64	97	0	4
133	33.582186	33.844247	A#5	64	92	0	3
134	33.845344	34.107405	A#5	64	95	0	3
135	34.108501	34.897974	A#5	64	92	0	3
136	34.897974	35.425385	A#4	64	97	0	1
137	35.161131	38.317925	F4	64	91	0	1
138	35.424289	35.950604	D5	64	99	0	5
139	35.950604	38.587661	C5	64	81	0	3
140	37.266391	38.492267	D#4	64	62	0	4
141	38.319021	38.444021	F3	64	72	1	-3
142	38.319021	38.445118	C4	64	72	0	1
143	38.319021	38.480205	F2	64	69	1	-5
144	38.319021	38.480205	A4	64	76	0	5
145	38.319021	39.187441	F4	64	78	0	1
146	38.582179	38.957178	D5	64	66	0	5
147	38.845336	39.184152	C5	64	67	0	3
148	39.108494	39.449502	A#4	64	67	0	1
149	39.371651	40.164413	D4	64	88	0	3
150	39.371651	40.196212	A#4	64	80	0	1
151	39.371651	40.243361	F4	64	93	0	1
152	39.371651	42.247744	A#3	64	80	1	-3
153	39.371651	43.155637	A#2	64	70	1	-5
154	39.897966	39.939633	C5	64	86	0	3
155	40.424281	40.689632	C5	64	79	0	3
156	40.424281	41.217043	A#4	64	75	0	1
157	40.424281	41.249938	D4	64	67	0	3
158	40.424281	41.269675	F4	64	72	0	1
159	40.687439	41.213754	F5	64	79	0	3
160	41.213754	41.740069	C5	64	74	0	3
161	41.476911	42.597524	A#4	64	75	0	1
162	41.476911	42.611778	D4	64	73	0	3
163	41.476911	42.621647	F4	64	76	0	1
164	41.740069	42.792699	A#4	64	83	0	1
165	42.529541	43.083269	A#3	64	66	1	-3
166	42.792699	43.072304	D5	64	87	0	5
167	42.792699	43.060242	A#4	64	72	0	1
168	42.792699	43.074497	D4	64	88	0	3
169	42.792699	43.229102	F4	64	73	0	1
170	43.055856	43.319014	C5	64	75	0	3
171	43.055856	43.244453	F3	64	72	1	-3
172	43.319014	43.630417	A#4	64	67	0	1
173	43.319014	43.510900	G4	64	69	0	3
174	43.450593	43.627128	A4	64	62	0	5
175	43.582171	43.844232	C5	64	71	0	3
176	43.582171	44.276249	A#4	64	62	0	1
177	43.582171	44.400153	D4	64	85	0	3
178	43.582171	44.404539	F4	64	85	0	1
179	43.582171	45.011994	G3	64	76	1	-1
180	43.582171	47.346420	G2	64	66	1	-3
181	43.845329	44.107390	C5	64	71	0	3
182	44.108486	44.371644	C5	64	65	0	3
183	44.371644	44.672082	A#4	64	66	0	1
184	44.634801	44.936336	C5	64	74	0	3
185	44.634801	45.228002	A#4	64	72	0	1
186	44.634801	45.249932	F4	64	73	0	1
187	44.634801	45.271862	D4	64	69	0	3
188	44.897959	45.423177	F5	64	66	0	3
189	45.292695	46.132606	G3	64	31	1	-1
190	45.424274	45.860677	F5	64	79	0	3
191	45.687431	46.219229	G5	64	66	0	5
192	45.687431	46.391378	D4	64	64	0	3
193	45.687431	46.461553	A#4	64	64	0	1
194	45.687431	46.485676	F4	64	70	0	1
195	46.213746	46.476904	A#5	64	72	0	3
196	46.476904	47.002122	G5	64	90	0	5
197	46.476904	46.820105	G3	64	46	1	-1
198	46.740061	47.082166	F4	64	88	0	1
199	46.740061	47.104096	D4	64	88	0	3
200	46.740061	47.130412	A#4	64	76	0	1
201	47.003219	47.265280	G5	64	90	0	5
202	47.003219	47.326683	G3	64	57	1	-1
203	47.266376	47.535016	G5	64	90	0	5
204	47.266376	47.613964	F4	64	99	0	1
205	47.529534	47.813525	F5	64	90	0	3
206	47.529534	47.618350	F3	64	48	1	-3
207	47.529534	47.694007	F2	64	76	1	-5
208	47.529534	47.759797	G4	64	72	0	3
209	47.792691	48.317910	A#5	64	97	0	3
210	47.792691	48.295980	D#2	64	70	1	-2
211	47.792691	48.904532	G4	64	75	0	3
212	47.792691	48.935234	A#3	64	76	1	-3
213	47.792691	48.937427	D#4	64	80	0	4
214	48.055849	48.319006	A#2	64	61	1	-5
215	48.319006	48.582164	A#5	64	93	0	3
216	48.319006	48.635892	D#3	64	61	1	-5
217	48.582164	50.290495	G5	64	106	0	5
218	48.582164	49.422075	F3	64	58	1	-3
219	48.845321	49.411110	G3	64	70	1	-1
220	49.108479	49.459356	A#3	64	85	1	-3
221	49.371636	49.689618	D#4	64	82	0	4
222	49.634794	49.848609	F4	64	69	0	1
223	49.897951	50.681942	D#4	64	76	0	4
224	49.897951	50.683038	A#4	64	76	0	1
225	49.897951	50.690713	A#3	64	64	1	-3
226	49.897951	51.572291	D#2	64	73	1	-2
227	50.161109	50.424266	A#5	64	97	0	3
228	50.424266	50.686327	A#5	64	95	0	3
229	50.687424	50.949485	A#5	64	94	0	3
230	50.687424	51.041590	D#3	64	53	1	-5
231	50.950581	51.213739	A#5	64	77	0	3
232	50.950581	51.339835	A#4	64	82	0	1
233	50.950581	51.343125	A#3	64	88	1	-3
234	50.950581	51.358476	D#4	64	97	0	4
235	51.213739	51.475800	G5	64	86	0	5
236	51.213739	51.488958	D#3	64	72	1	-5
237	51.476896	51.740054	G5	64	86	0	5
238	51.476896	51.772949	F4	64	93	0	1
239	51.740054	52.003211	A#5	64	66	0	3
240	52.003211	52.266369	G5	64	90	0	5
241	52.003211	52.571193	F3	64	91	1	-3
242	52.003211	52.576676	F4	64	93	0	1
243	52.003211	52.584351	A4	64	76	0	5
244	52.003211	52.606281	F2	64	76	1	-5
245	52.003211	52.628211	C4	64	95	0	1
246	52.266369	55.423162	F5	64	77	0	3
247	52.792684	55.134786	F3	64	80	1	-3
248	52.792684	55.497724	C4	64	80	0	1
249	52.792684	55.517461	F4	64	76	0	1
250	52.792684	55.535004	A4	64	78	0	5
251	52.792684	55.840925	F2	64	76	1	-5
252	55.424259	55.706057	F5	64	91	0	3
253	55.424259	55.925355	F3	64	59	1	-3
254	55.687416	55.969214	G5	64	91	0	5
255	55.687416	56.001012	A#3	64	82	1	-3
256	55.687416	56.021846	D#4	64	78	0	4
257	55.687416	56.028425	G4	64	72	0	3
258	55.950574	58.317895	A#5	64	106	0	3
259	55.950574	56.066802	F4	64	80	0	1
260	56.213731	57.908904	D#2	64	69	1	-2
261	56.476889	57.952764	A#2	64	73	1	-5
262	56.740046	57.914387	D#3	64	80	1	-5
263	57.003204	57.911097	A#3	64	72	1	-3
264	57.003204	57.971404	D#4	64	76	0	4
265	57.003204	58.019650	G4	64	75	0	3
266	58.318991	58.581052	A#5	64	109	0	3
267	58.318991	59.282806	A#3	64	67	1	-3
268	58.318991	59.420963	D#4	64	73	0	4
269	58.318991	59.426446	G4	64	73	0	3
270	58.318991	60.223594	F2	64	76	1	-5
271	58.582149	59.107367	A#5	64	103	0	3
272	59.108464	59.370525	A#5	64	99	0	3
273	59.108464	60.439602	C3	64	59	1	-3
274	59.371621	59.897936	A#5	64	100	0	3
275	59.371621	60.198375	F3	64	66	1	-3
276	59.634779	59.942893	A#3	64	62	1	-3
277	59.897936	60.424251	G5	64	105	0	5
278	59.897936	60.282804	D#4	64	73	0	4
279	60.161094	60.335436	F4	64	69	0	1
280	60.424251	63.845299	A#5	64	108	0	3
281	60.424251	61.006487	D4	64	76	0	3
282	60.424251	61.009777	F4	64	78	0	1
283	60.424251	61.074470	A#4	64	76	0	1
284	60.424251	62.269643	A#2	64	73	1	-5
285	60.687409	61.702758	F3	64	52	1	-3
286	60.950566	62.304731	A#3	64	76	1	-3
287	61.213724	61.644644	D4	64	85	0	3
288	61.740039	61.795960	D4	64	46	0	3
289	61.740039	62.030609	F4	64	95	0	1
290	62.529511	63.620519	A#4	64	25	0	1
291	62.529511	63.674247	A#3	64	67	1	-3
292	62.529511	63.901220	D4	64	75	0	3
293	62.529511	64.064597	A#2	64	67	1	-5
294	63.584334	63.693983	F4	64	75	0	1
295	63.590913	63.913281	C4	64	69	0	1
296	63.598589	64.281702	F2	64	60	1	-5
297	63.598589	64.318982	A4	64	69	0	5
298	63.621615	64.283895	F3	64	64	1	-3
299	63.845299	64.145737	D5	64	85	0	5
300	64.108456	64.371614	C5	64	73	0	3
301	64.371614	64.690692	A#4	64	82	0	1
302	64.634771	65.161086	C5	64	87	0	3
303	64.634771	65.226876	D4	64	78	0	3
304	64.634771	65.238937	F4	64	82	0	1
305	64.634771	65.265253	A#4	64	80	0	1
306	64.634771	66.207138	A#2	64	75	1	-5
307	64.897929	66.250997	F3	64	55	1	-3
308	65.161086	65.458235	A#4	64	86	0	1
309	65.161086	65.198367	A#3	64	82	1	-3
310	65.424244	65.988936	C5	64	91	0	3
311	65.424244	65.859550	D4	64	95	0	3
312	65.950559	66.740031	D5	64	86	0	5
313	65.950559	66.235646	D4	64	75	0	3
314	65.950559	66.235646	A#4	64	73	0	1
315	65.950559	66.263058	F4	64	101	0	1
316	66.213716	66.329944	A#3	64	56	1	-3
317	66.740031	67.265250	F#5	64	100	0	4
318	66.740031	67.125996	A4	64	91	0	5
319	66.740031	67.130382	C4	64	91	0	1
320	66.740031	67.143540	F#4	64	97	0	2
321	66.740031	68.505380	D3	64	76	1	-1
322	67.003189	68.042661	A3	64	59	1	-4
323	67.266346	67.529504	F#5	64	95	0	4
324	67.266346	67.938495	C4	64	78	0	1
325	67.529504	68.041565	G5	64	95	0	5
326	67.529504	68.002091	F#4	64	103	0	2
327	68.055819	68.582134	A5	64	93	0	2
328	68.055819	68.490029	A4	64	101	0	5
329	68.318976	68.482353	A3	64	62	1	-4
330	68.582134	68.845291	D5	64	90	0	5
331	68.582134	70.006474	G4	64	85	0	3
332	68.713713	68.814590	A4	64	63	0	5
333	68.845291	69.371606	C6	64	92	0	5
334	68.845291	69.348580	G2	64	72	1	-3
335	68.845291	69.961518	A#4	64	70	0	1
336	68.845291	70.002088	D4	64	82	0	3
337	69.108449	69.417659	D3	64	62	1	-1
338	69.371606	69.633667	A#5	64	94	0	3
339	69.371606	69.698360	G3	64	73	1	-1
340	69.634764	70.161079	A#5	64	96	0	3
341	69.634764	70.498798	A3	64	76	1	-4
342	69.897921	70.472482	A#3	64	64	1	-3
343	70.161079	70.423140	A5	64	91	0	2
344	70.161079	70.356254	D4	64	95	0	3
345	70.424236	70.687394	A5	64	93	0	2
346	70.424236	70.505377	D4	64	44	0	3
347	70.424236	70.661078	G4	64	88	0	3
348	70.687394	70.950551	G5	64	93	0	5
349	70.687394	70.848578	A#4	64	67	0	1
350	70.950551	71.476866	A5	64	90	0	2
351	70.950551	71.425331	F2	64	76	1	-5
352	70.950551	72.040462	A4	64	76	0	5
353	70.950551	72.045945	D4	64	88	0	3
354	71.213709	71.505375	D3	64	63	1	-1
355	71.476866	71.740024	A#5	64	90	0	3
356	71.476866	71.815682	F3	64	49	1	-3
357	71.740024	72.266339	D5	64	87	0	5
358	71.740024	72.019629	G3	64	70	1	-1
359	72.003181	72.521821	A#3	64	73	1	-3
360	72.266339	72.541558	C5	64	67	0	3
361	72.266339	72.474672	F4	64	101	0	1
362	72.529496	73.055811	A#4	64	65	0	1
363	72.529496	72.825549	A4	64	103	0	5
364	72.792654	74.000985	A#4	64	78	0	1
365	73.055811	73.317872	C5	64	103	0	3
366	73.055811	73.625986	A#3	64	99	1	-3
367	73.055811	73.811293	D#4	64	88	0	4
368	73.055811	73.862828	G4	64	88	0	3
369	73.055811	74.818967	D#2	64	73	1	-2
370	73.318969	73.581030	C5	64	87	0	3
371	73.318969	74.992212	A#2	64	69	1	-5
372	73.582126	73.845284	C5	64	91	0	3
373	73.582126	74.208222	D#3	64	63	1	-5
374	73.845284	74.108441	A#4	64	87	0	1
375	73.845284	73.998793	A#3	64	42	1	-3
376	74.108441	74.371599	C5	64	96	0	3
377	74.108441	74.381467	A#4	64	63	0	1
378	74.108441	74.437388	A#3	64	80	1	-3
379	74.108441	74.468090	D#4	64	73	0	4
380	74.108441	74.482344	G4	64	73	0	3
381	74.371599	75.161071	A#4	64	90	0	1
382	74.371599	74.798133	D#3	64	67	1	-5
383	74.634756	74.806905	G4	64	60	0	3
384	74.634756	74.877081	A#3	64	73	1	-3
385	74.897914	75.047037	D#4	64	63	0	4
386	74.897914	75.056905	G4	64	56	0	3
387	75.161071	75.424229	G5	64	100	0	5
388	75.161071	75.727957	G4	64	80	0	3
389	75.161071	75.748790	F4	64	64	0	1
390	75.161071	75.768527	C4	64	93	0	1
391	75.161071	76.949446	D2	64	88	1	-3
392	75.424229	75.950544	F5	64	98	0	3
393	75.424229	76.890236	A#2	64	62	1	-5
394	75.687386	76.379271	D3	64	66	1	-1
395	75.950544	76.507561	G5	64	100	0	5
396	75.950544	76.288263	C4	64	80	0	1
397	76.213701	76.402298	F4	64	85	0	1
398	76.476859	77.266331	F5	64	105	0	3
399	76.476859	76.715894	G4	64	91	0	3
400	76.740016	77.000981	A4	64	82	0	5
401	77.003174	78.036067	A#4	64	72	0	1
402	77.266331	77.529489	G5	64	108	0	5
403	77.266331	77.384752	A#3	64	82	1	-3
404	77.266331	77.385849	C2	64	75	1	-5
405	77.266331	77.394621	C3	64	88	1	-3
406	77.266331	77.399007	D#4	64	99	0	4
407	77.266331	77.416551	G4	64	99	0	3
408	77.529489	77.791550	A#5	64	94	0	3
409	77.529489	77.628173	A#3	64	85	1	-3
410	77.529489	77.633655	D2	64	80	1	-3
411	77.529489	77.639138	D3	64	99	1	-1
412	77.529489	77.668743	F4	64	88	0	1
413	77.792646	78.055804	A#5	64	101	0	3
414	77.792646	78.052514	A#3	64	97	1	-3
415	77.792646	78.060190	D#4	64	99	0	4
416	77.792646	78.075541	G4	64	93	0	3
417	77.792646	78.119400	D#3	64	101	1	-5
418	77.792646	78.125979	D#2	64	80	1	-2
419	78.055804	78.318961	G5	64	99	0	5
420	78.318961	78.582119	A#5	64	105	0	3
421	78.318961	78.823347	D#3	64	95	1	-5
422	78.318961	78.900101	A#4	64	69	0	1
423	78.318961	79.026197	G4	64	97	0	3
424	78.318961	79.067864	D#4	64	103	0	4
425	78.318961	79.083215	A#3	64	99	1	-3
426	78.318961	79.120495	D#2	64	88	1	-2
427	78.582119	79.107337	G5	64	91	0	5
428	79.108434	79.371591	G5	64	91	0	5
429	79.108434	79.235627	D#3	64	97	1	-5
430	79.371591	79.634749	D6	64	95	0	2
431	79.371591	79.885845	G4	64	97	0	3
432	79.371591	79.907775	A#4	64	67	0	1
433	79.371591	79.914354	A#3	64	93	1	-3
434	79.371591	79.929705	D#4	64	99	0	4
435	79.371591	81.284966	F2	64	91	1	-5
436	79.634749	80.161064	C6	64	103	0	5
437	79.634749	80.986721	C3	64	61	1	-3
438	79.897906	80.702730	F3	64	93	1	-3
439	80.161064	80.424221	F5	64	90	0	3
440	80.161064	80.340888	A#3	64	75	1	-3
441	80.424221	80.687379	D6	64	95	0	2
442	80.424221	80.568958	D#4	64	88	0	4
443	80.687379	81.212597	C6	64	92	0	5
444	80.687379	81.009747	A#3	64	95	1	-3
445	80.687379	81.065668	G4	64	97	0	3
446	80.687379	81.072247	D#4	64	101	0	4
447	80.950536	81.280580	F3	64	75	1	-3
448	81.213694	81.475755	C6	64	74	0	5
449	81.213694	81.294834	C3	64	62	1	-3
450	81.213694	81.316764	A#3	64	64	1	-3
451	81.476851	81.763035	C6	64	82	0	5
452	81.476851	81.954921	D4	64	85	0	3
453	81.476851	81.977947	F4	64	88	0	1
454	81.476851	81.993298	A#4	64	78	0	1
455	81.476851	83.151191	A#2	64	80	1	-5
456	81.740009	82.002070	A#5	64	66	0	3
457	81.740009	82.877069	F3	64	67	1	-3
458	82.003166	82.265227	A#5	64	66	0	3
459	82.003166	82.822244	A#3	64	97	1	-3
460	82.266324	82.529481	A#5	64	72	0	3
461	82.266324	82.431894	F4	64	47	0	1
462	82.529481	82.822244	G5	64	51	0	5
463	82.529481	82.605139	F4	64	40	0	1
464	82.529481	82.692858	A#4	64	67	0	1
465	82.792639	83.318954	F5	64	63	0	3
466	82.792639	83.075533	F5	64	85	0	3
467	82.792639	83.100753	A#4	64	101	0	1
468	82.792639	83.145709	F4	64	95	0	1
469	83.055796	83.136937	A#3	64	85	1	-3
470	83.055796	83.176410	F3	64	63	1	-3
471	83.318954	83.844172	F#5	64	89	0	4
472	83.582111	83.940664	D4	64	93	0	3
473	83.582111	83.962593	F#4	64	103	0	2
474	83.582111	84.503163	D2	64	80	1	-3
475	83.845269	84.107330	F#5	64	80	0	4
476	83.845269	84.515224	D3	64	50	1	-1
477	84.108426	84.370487	F#5	64	89	0	4
478	84.108426	84.445049	D4	64	75	0	3
479	84.371584	84.634741	F#5	64	75	0	4
480	84.371584	84.518514	F#4	64	82	0	2
481	84.634741	84.897899	G5	64	87	0	5
482	84.634741	84.727943	D3	64	76	1	-1
483	84.634741	84.754259	D4	64	82	0	3
484	84.634741	84.755355	D2	64	82	1	-3
485	84.634741	84.770706	G4	64	97	0	3
486	84.897899	85.424214	A5	64	77	0	2
487	84.897899	85.129258	D4	64	80	0	3
488	84.897899	85.370486	A4	64	95	0	5
489	84.897899	85.431889	F#4	64	103	0	2
490	85.424214	85.702722	D5	64	83	0	5
491	85.424214	85.591977	D4	64	72	0	3
492	85.424214	85.631450	D3	64	88	1	-1
493	85.687371	85.952722	C6	64	75	0	5
494	85.687371	86.263028	A#4	64	72	0	1
495	85.687371	86.279476	D4	64	78	0	3
496	85.687371	86.286055	F4	64	88	0	1
497	85.687371	87.591974	G2	64	82	1	-3
498	85.950529	86.475747	A#5	64	90	0	3
499	85.950529	87.314562	D3	64	66	1	-1
500	86.213686	87.067852	G3	64	70	1	-1
501	86.476844	87.003159	A#5	64	97	0	3
502	86.476844	86.647896	D4	64	75	0	3
503	86.740001	86.902282	F4	64	72	0	1
504	87.003159	87.265220	A5	64	95	0	2
505	87.003159	87.406667	D4	64	97	0	3
506	87.003159	87.485614	A#4	64	73	0	1
507	87.266316	87.529474	A5	64	80	0	2
508	87.266316	87.565658	G3	64	80	1	-1
509	87.529474	87.813465	G5	64	69	0	5
510	87.529474	87.677500	A#4	64	53	0	1
511	87.529474	87.770702	D3	64	70	1	-1
512	87.792631	88.324429	A5	64	94	0	2
513	87.792631	88.162148	A4	64	69	0	5
514	87.792631	88.173113	C4	64	73	0	1
515	87.792631	88.176403	F4	64	80	0	1
516	87.792631	89.352936	D3	64	80	1	-1
517	88.055789	88.784955	A3	64	63	1	-4
518	88.318946	88.582104	A#5	64	93	0	3
519	88.318946	88.517411	C4	64	62	0	1
520	88.582104	89.108419	D5	64	87	0	5
521	88.582104	89.083200	F4	64	75	0	1
522	88.582104	89.086489	C4	64	49	0	1
523	89.108419	89.401182	C5	64	90	0	3
524	89.108419	89.309077	A3	64	64	1	-4
525	89.371576	89.897891	A#4	64	84	0	1
526	89.371576	89.653374	C4	64	78	0	1
527	89.371576	89.807979	F4	64	97	0	1
528	89.897891	90.159952	C5	64	97	0	3
529	89.897891	90.247672	G4	64	69	0	3
530	89.897891	90.335391	A#3	64	82	1	-3
531	89.897891	90.352935	D#4	64	82	0	4
532	89.897891	91.648985	D#2	64	76	1	-2
533	90.161049	90.423110	C5	64	87	0	3
534	90.161049	91.116091	A#2	64	59	1	-5
535	90.424206	90.687364	C5	64	92	0	3
536	90.424206	90.977934	D#3	64	70	1	-5
537	90.687364	90.950521	A#4	64	82	0	1
538	90.687364	90.860609	A#3	64	63	1	-3
539	90.950521	91.358416	C5	64	94	0	3
540	90.950521	91.275082	G4	64	75	0	3
541	90.950521	91.284951	A#3	64	75	1	-3
542	90.950521	91.288240	D#4	64	73	0	4
543	91.213679	91.593064	A#2	64	31	1	-5
544	91.213679	91.602933	D#3	64	95	1	-5
545	91.345258	92.003151	A#4	64	77	0	1
546	91.476836	91.670915	A#3	64	80	1	-3
547	91.739994	91.929687	F4	64	78	0	1
548	92.003151	92.315651	G5	64	98	0	5
549	92.003151	92.396791	C4	64	85	0	1
550	92.003151	92.431879	F4	64	91	0	1
551	92.003151	92.473545	A4	64	80	0	5
552	92.003151	93.559070	D3	64	73	1	-1
553	92.266309	92.792624	F5	64	87	0	3
554	92.266309	92.947229	A3	64	67	1	-4
555	92.529466	92.716966	G4	64	61	0	3
556	92.792624	93.325518	G5	64	87	0	5
557	92.792624	92.997668	D4	64	70	0	3
558	92.792624	93.618281	A4	64	97	0	5
559	93.318939	94.108411	F5	64	86	0	3
560	93.318939	93.505342	A3	64	66	1	-4
561	93.582096	93.667623	D4	64	80	0	3
562	93.582096	93.897885	A#4	64	66	0	1
563	94.108411	94.371569	G5	64	90	0	5
564	94.108411	94.239990	C3	64	76	1	-3
565	94.108411	94.247666	C2	64	73	1	-5
566	94.108411	94.260824	D#4	64	85	0	4
567	94.108411	94.264113	A#3	64	76	1	-3
568	94.108411	94.294815	G4	64	91	0	3
569	94.371569	94.633630	A#5	64	97	0	3
570	94.371569	94.483411	D3	64	80	1	-1
571	94.371569	94.485604	D2	64	70	1	-3
572	94.371569	94.488893	A#3	64	80	1	-3
573	94.371569	94.515209	F4	64	82	0	1
574	94.634726	94.897884	A#5	64	99	0	3
575	94.634726	94.756437	D#3	64	85	1	-5
576	94.634726	94.930779	A#3	64	80	1	-3
577	94.634726	94.938454	G4	64	82	0	3
578	94.634726	94.970252	D#4	64	91	0	4
579	94.634726	95.279462	D#2	64	69	1	-2
580	94.897884	95.161041	G5	64	93	0	5
581	94.897884	95.281655	D#3	64	85	1	-5
582	95.161041	95.424199	A#5	64	101	0	3
583	95.161041	95.297006	A#3	64	63	1	-3
584	95.424199	96.606215	G5	64	91	0	5
585	95.424199	95.681874	D#3	64	93	1	-5
586	95.424199	95.784944	A#3	64	93	1	-3
587	95.424199	95.836479	G4	64	91	0	3
588	95.424199	95.891304	D#4	64	97	0	4
589	95.424199	95.979023	D#2	64	72	1	-2
590	95.950514	96.077707	D#3	64	66	1	-5
591	96.213671	96.643495	A#4	64	46	0	1
592	96.213671	96.676390	A#3	64	95	1	-3
593	96.213671	96.755337	G4	64	85	0	3
594	96.213671	96.888013	D#4	64	99	0	4
595	96.213671	97.840862	F2	64	88	1	-5
596	96.476829	97.003144	D6	64	98	0	2
597	97.003144	97.265205	C6	64	90	0	5
598	97.003144	97.340863	F3	64	75	1	-3
599	97.266301	97.658845	C6	64	87	0	5
600	97.266301	97.606213	A#3	64	95	1	-3
601	97.266301	97.629240	G4	64	97	0	3
602	97.266301	97.636915	D#4	64	103	0	4
603	97.529459	98.055774	A#5	64	95	0	3
604	97.529459	97.998757	F3	64	62	1	-3
605	97.792616	98.005335	F4	64	80	0	1
606	97.792616	98.052484	A#3	64	70	1	-3
607	98.055774	98.318931	G5	64	87	0	5
608	98.055774	98.243274	G4	64	64	0	3
609	98.318931	99.108404	C6	64	93	0	5
610	98.318931	98.780554	A#4	64	73	0	1
611	98.318931	98.820027	D4	64	91	0	3
612	98.318931	98.848536	F4	64	95	0	1
613	98.318931	102.157741	A#2	64	72	1	-5
614	98.582089	99.900069	F3	64	67	1	-3
615	98.845246	99.654456	A#3	64	75	1	-3
616	99.108404	103.157740	A#5	64	75	0	3
617	99.108404	99.536035	D#4	64	85	0	4
618	99.634719	99.852920	D4	64	93	0	3
619	99.634719	99.897876	F4	64	95	0	1
620	100.029455	100.747656	A#3	64	51	1	-3
621	100.424191	101.310155	A#4	64	54	0	1
622	100.424191	101.559058	A#5	64	66	0	3
623	101.476821	101.817830	A#4	64	55	0	1
624	101.476821	101.875944	F5	64	69	0	3
625	102.003136	102.087566	A#4	64	59	0	1
626	102.003136	102.087566	D#5	64	66	0	1
627	102.529451	103.249845	D#4	64	73	0	4
628	102.529451	103.325503	A#3	64	82	1	-3
629	102.529451	103.784932	D#3	64	69	1	-5
630	102.529451	104.171993	D#2	64	49	1	-2
631	102.661030	103.359494	G3	64	33	1	-1
632	103.582081	104.112782	D#4	64	62	0	4
633	103.582081	104.166510	G3	64	52	1	-1
634	103.582081	104.166510	A#3	64	66	1	-3
635	104.108396	104.223528	D#3	64	40	1	-5
636	104.634711	105.140193	F3	64	54	1	-3
637	104.634711	105.140193	A3	64	63	1	-4
638	104.634711	105.150062	C4	64	60	0	1
639	104.634711	105.318921	D3	64	48	1	-1
640	104.634711	105.453789	D2	64	64	1	-3
641	105.687341	106.100718	A3	64	62	1	-4
642	105.687341	106.244358	C4	64	64	0	1
643	105.687341	106.260806	F3	64	58	1	-3
644	106.476814	106.681858	C#2	64	57	1	-4
645	106.739971	106.989971	C2	64	70	1	-5
646	106.739971	107.521769	A#3	64	69	1	-3
647	106.739971	107.528347	G3	64	63	1	-1
648	106.739971	107.557953	D#4	64	66	0	4
649	107.661023	108.348522	D#4	64	46	0	4
650	107.661023	108.367162	G3	64	45	1	-1
651	107.661023	108.375934	A#3	64	59	1	-3
652	108.845231	109.503125	D4	64	72	0	3
653	108.845231	109.517380	F3	64	67	1	-3
654	108.845231	109.559046	A3	64	69	1	-4
655	108.845231	109.583169	A#1	64	56	1	-2
656	109.897861	110.010800	F3	64	67	1	-3
657	109.897861	110.016282	D4	64	72	0	3
658	109.897861	110.053563	A3	64	61	1	-4
659	109.897861	110.079879	A#1	64	63	1	-2
660	110.161019	110.292598	D4	64	66	0	3
661	110.161019	110.304659	G3	64	63	1	-1
662	110.161019	110.336457	A#3	64	64	1	-3
663	110.161019	110.506413	C2	64	64	1	-5
664	110.424176	110.564527	A#3	64	69	1	-3
665	110.424176	110.568913	D#4	64	67	0	4
666	110.424176	110.570010	D2	64	62	1	-3
667	110.950491	111.147860	D2	64	58	1	-3
668	110.950491	111.159921	D3	64	54	1	-1
669	110.950491	111.406631	D#3	64	54	1	-5
670	110.950491	111.481192	G3	64	63	1	-1
671	110.950491	111.520666	F4	64	75	0	1
672	110.950491	111.534920	A#3	64	75	1	-3
673	110.950491	112.778340	D#2	64	58	1	-2
674	111.608385	111.770666	D#3	64	34	1	-5
675	111.739964	112.268472	G4	64	75	0	3
676	111.739964	112.271761	A#3	64	73	1	-3
677	112.266279	112.664305	D#3	64	51	1	-5
678	112.529436	112.657726	A#3	64	91	1	-3
679	112.529436	112.846322	G4	64	80	0	3
680	112.792594	112.949392	A#2	64	66	1	-5
681	113.055751	113.512988	A3	64	76	1	-4
682	113.055751	113.517374	F4	64	69	0	1
683	113.055751	113.599610	C4	64	88	0	1
684	113.055751	114.747635	D2	64	70	1	-3
685	113.582066	114.360574	D3	64	44	1	-1
686	113.845224	114.209259	A3	64	53	1	-4
687	114.371539	114.695003	A3	64	73	1	-4
688	114.371539	114.731188	F4	64	75	0	1
689	114.371539	114.739959	C4	64	76	0	1
690	114.634696	114.744345	D3	64	54	1	-1
691	114.897854	115.029433	A3	64	47	1	-4
692	115.161011	115.587546	C3	64	60	1	-3
693	115.161011	115.805747	E4	64	73	0	5
694	115.161011	115.832063	G4	64	69	0	3
695	115.161011	115.857282	A4	64	70	0	5
696	115.161011	115.998730	C4	64	63	0	1
697	115.161011	116.796974	C2	64	69	1	-5
698	115.950484	116.363861	C3	64	44	1	-3
699	116.213641	116.654430	G4	64	75	0	3
700	116.213641	116.702676	E4	64	93	0	5
701	116.213641	116.825483	A4	64	76	0	5
702	116.213641	116.835351	C4	64	75	0	1
703	116.739956	116.877018	C3	64	58	1	-3
704	117.266271	117.401140	C#4	64	59	0	2
705	117.266271	117.402236	A2	64	56	1	-1
706	117.266271	117.406622	E4	64	57	0	5
707	117.266271	117.436227	A4	64	46	0	5
708	117.529429	117.657718	C#4	64	55	0	2
709	117.529429	117.671973	E4	64	62	0	5
710	117.529429	117.674166	A2	64	63	1	-1
711	117.529429	117.708157	A4	64	49	0	5
712	117.792586	117.934034	C#4	64	62	0	2
713	117.792586	117.946095	A2	64	69	1	-1
714	117.792586	117.946095	A4	64	61	0	5
715	117.792586	117.948288	E4	64	67	0	5
716	118.055744	118.369340	A2	64	76	1	-1
717	118.055744	118.473506	A4	64	82	0	5
718	118.055744	118.587541	C#4	64	85	0	2
719	118.055744	118.609471	E4	64	93	0	5
720	118.582059	118.889076	A2	64	63	1	-1
721	118.845216	119.020655	C#4	64	78	0	2
722	118.845216	119.030523	A4	64	82	0	5
723	118.845216	119.038199	E4	64	82	0	5
724	119.108374	119.211444	A2	64	59	1	-1
725	119.371531	120.006399	D4	64	72	0	3
726	119.371531	120.266267	E4	64	82	0	5
727	119.371531	120.303548	D5	64	80	0	5
728	119.371531	120.329863	A4	64	85	0	5
729	119.371531	120.336442	F#4	64	85	0	2
730	119.371531	120.723503	A3	64	67	1	-4
731	119.371531	120.776135	D3	64	72	1	-1
732	120.161004	120.735565	D4	64	38	0	3
733	120.424161	121.045871	D5	64	82	0	5
734	120.424161	121.050257	F#4	64	93	0	2
735	120.424161	121.053546	A4	64	95	0	5
736	120.950476	121.065608	D3	64	50	1	-1
737	120.950476	121.080959	A3	64	72	1	-4
738	121.476791	121.553546	D5	64	47	0	5
739	121.476791	122.154422	B4	64	75	0	2
740	121.476791	122.329860	D4	64	80	0	3
741	121.476791	122.364948	G4	64	91	0	3
742	121.476791	122.588632	B3	64	72	1	-2
743	121.476791	123.055736	E3	64	72	1	-4
744	122.529421	122.866044	D4	64	85	0	3
745	122.529421	122.898938	G4	64	88	0	3
746	122.529421	122.904421	B4	64	78	0	2
747	122.792579	123.123719	B3	64	61	1	-2
748	123.055736	123.372622	A4	64	75	0	5
749	123.318894	123.561218	B4	64	63	0	2
750	123.582051	123.937314	E4	64	80	0	5
751	123.582051	124.008586	A4	64	82	0	5
752	123.582051	124.998716	F#3	64	67	1	-2
753	123.845209	124.508585	C#4	64	63	0	2
754	124.108366	124.299156	E4	64	67	0	5
755	124.371524	124.852883	E5	64	85	0	2
756	124.371524	124.900032	E4	64	69	0	5
757	124.371524	124.925251	A4	64	93	0	5
758	124.897839	124.996523	C#4	64	72	0	2
759	125.160996	125.482268	B4	64	95	0	2
760	125.424154	125.598496	C#5	64	66	0	4
761	125.687311	126.114942	G2	64	69	1	-3
762	125.687311	126.244328	D4	64	76	0	3
763	125.687311	126.727880	G4	64	88	0	3
764	125.687311	126.745424	D5	64	80	0	5
765	125.950469	126.202662	D3	64	59	1	-1
766	126.213626	126.528319	G3	64	56	1	-1
767	126.476784	127.250906	A3	64	61	1	-4
768	126.739941	127.321081	B3	64	61	1	-2
769	127.003099	127.156608	D4	64	82	0	3
770	127.266256	127.465818	G4	64	95	0	3
771	127.529414	127.664282	D5	64	70	0	5
772	127.792571	128.197176	G#3	64	69	1	-5
773	127.792571	128.372614	G#4	64	76	0	4
774	127.792571	128.390158	D4	64	78	0	3
775	127.792571	128.421956	B3	64	75	1	-2
776	127.792571	129.371516	G#2	64	73	1	-2
777	128.318886	129.140157	G#3	64	45	1	-5
778	128.582044	128.998710	B3	64	61	1	-2
779	129.108359	129.428534	B3	64	72	1	-2
780	129.108359	129.437306	G#4	64	78	0	4
781	129.108359	129.450464	D4	64	82	0	3
782	129.371516	129.505288	G#3	64	58	1	-5
783	129.634674	129.719104	C#4	64	43	0	2
784	129.897831	130.267348	C#4	64	76	0	2
785	129.897831	130.398927	F4	64	99	0	1
786	129.897831	131.639057	C#3	64	72	1	-2
787	130.160989	131.248707	G#3	64	58	1	-5
788	130.424146	130.595199	C#4	64	58	0	2
789	130.687304	130.812304	G#4	64	56	0	4
790	130.687304	131.116031	D#4	64	80	0	4
791	131.213619	131.432917	G#4	64	80	0	4
792	131.213619	131.542566	C#4	64	76	0	2
793	131.476776	131.586425	G#3	64	73	1	-5
794	131.739934	131.838618	F#4	64	60	0	2
795	132.003091	132.315591	C#4	64	76	0	2
796	132.003091	132.378091	A#4	64	64	0	1
797	132.003091	132.478968	F#4	64	76	0	2
798	132.003091	133.867124	F#2	64	75	1	-4
799	132.266249	134.010764	C#3	64	70	1	-2
800	132.529406	133.385765	F#3	64	63	1	-2
801	132.792564	133.120414	C#4	64	69	0	2
802	132.792564	133.211423	G#4	64	85	0	4
803	133.318879	133.552431	C#4	64	78	0	2
804	133.318879	133.636861	A#4	64	75	0	1
805	133.318879	133.694975	F#4	64	78	0	2
806	133.582036	133.824361	F#3	64	57	1	-2
807	133.845194	134.032694	G#4	64	50	0	4
808	133.976773	134.087518	A#4	64	63	0	1
809	134.108351	134.720193	G4	64	80	0	3
810	134.108351	134.727868	A#4	64	72	0	1
811	134.108351	134.738833	D#4	64	82	0	4
812	134.108351	134.741026	A#3	64	85	1	-3
813	134.108351	135.863831	C3	64	66	1	-3
814	134.634666	135.807910	G3	64	69	1	-1
815	134.897824	135.134666	A#3	64	66	1	-3
816	135.160981	135.461420	D#4	64	70	0	4
817	135.424139	135.556814	G4	64	75	0	3
818	135.687296	136.017340	A#4	64	82	0	1
819	135.950454	136.186199	D#5	64	66	0	1
820	136.213611	137.279399	C5	64	88	0	3
821	136.213611	137.371504	A4	64	78	0	5
822	136.213611	139.771720	F2	64	75	1	-5
823	137.529399	137.771723	A#4	64	72	0	1
824	137.792556	137.844091	C5	64	45	0	3
825	138.055714	139.447159	F5	64	35	0	3
826	138.318871	139.198256	F6	64	75	0	5
827	138.318871	139.707027	C3	64	57	1	-3
828	139.634659	139.943869	D5	64	66	0	5
829	139.897816	140.160974	C5	64	59	0	3
830	140.160974	140.471281	A#4	64	45	0	1
831	140.424131	140.949350	C5	64	62	0	3
832	140.424131	141.160972	D4	64	78	0	3
833	140.424131	141.170841	A#4	64	72	0	1
834	140.424131	141.183999	F4	64	91	0	1
835	140.424131	143.861626	A#3	64	78	1	-3
836	140.424131	144.262941	A#2	64	73	1	-5
837	140.950446	141.739919	C5	64	56	0	3
838	141.476761	142.234436	D4	64	69	0	3
839	141.476761	142.255269	F4	64	85	0	1
840	141.476761	142.257462	A#4	64	69	0	1
841	141.739919	142.266234	F5	64	63	0	3
842	142.266234	143.852854	A#4	64	77	0	1
843	142.529391	143.255268	A#4	64	72	0	1
844	142.529391	143.289259	F4	64	63	0	1
845	142.529391	143.292548	D4	64	49	0	3
846	143.582021	144.219082	A#4	64	70	0	1
847	143.582021	144.224564	D4	64	73	0	3
848	143.582021	144.227854	F4	64	91	0	1
849	143.845179	144.108336	D5	64	66	0	5
850	144.108336	144.378073	C5	64	60	0	3
851	144.108336	144.221275	A#3	64	70	1	-3
852	144.371494	144.675222	A#4	64	63	0	1
853	144.634651	144.896712	C5	64	67	0	3
854	144.634651	145.374782	A#4	64	76	0	1
855	144.634651	145.382457	D4	64	72	0	3
856	144.634651	145.419738	F4	64	80	0	1
857	144.634651	147.037060	G3	64	63	1	-1
858	144.634651	148.600654	G2	64	76	1	-3
859	144.897809	145.159870	C5	64	53	0	3
860	145.160966	145.686185	C5	64	57	0	3
861	145.687281	145.985527	C5	64	56	0	3
862	145.687281	147.124779	A#4	64	76	0	1
863	145.687281	147.261841	D4	64	73	0	3
864	145.687281	147.291446	F4	64	82	0	1
865	145.950439	146.739911	F5	64	55	0	3
866	146.739911	147.031578	G5	64	79	0	5
867	147.003069	147.529384	F5	64	63	0	3
868	147.529384	148.054602	A#4	64	66	0	1
869	147.529384	147.850655	G3	64	64	1	-1
870	147.792541	148.118199	D4	64	95	0	3
871	147.792541	148.134646	F4	64	101	0	1
872	147.792541	148.152190	A#4	64	80	0	1
873	148.055699	148.317760	A#4	64	87	0	1
874	148.055699	148.426312	G3	64	73	1	-1
875	148.318856	148.580917	A#4	64	86	0	1
876	148.318856	148.669733	F4	64	97	0	1
877	148.582014	148.845171	A#4	64	67	0	1
878	148.582014	148.663154	D3	64	69	1	-1
879	148.582014	148.739908	G4	64	76	0	3
880	148.845171	149.371486	G5	64	98	0	5
881	148.845171	149.760740	D#3	64	78	1	-5
882	148.845171	150.028284	A#3	64	93	1	-3
883	148.845171	150.074336	D#4	64	97	0	4
884	148.845171	150.119292	G4	64	88	0	3
885	148.845171	150.281573	A#4	64	67	0	1
886	148.845171	150.795826	D#2	64	73	1	-2
887	149.371486	149.689468	F5	64	77	0	3
888	149.634644	150.160959	G5	64	93	0	5
889	150.160959	151.475650	A#5	64	97	0	3
890	150.160959	150.521704	A#3	64	99	1	-3
891	150.424116	150.649993	D#4	64	97	0	4
892	150.687274	150.856133	F4	64	78	0	1
893	150.950431	151.807886	D#3	64	88	1	-5
894	150.950431	152.693850	A#3	64	95	1	-3
895	150.950431	152.708104	D#2	64	72	1	-2
896	150.950431	152.746481	A#4	64	75	0	1
897	150.950431	152.846262	G4	64	78	0	3
898	150.950431	152.859420	D#4	64	97	0	4
899	151.476746	151.738807	A#5	64	92	0	3
900	151.739904	152.001965	A#5	64	95	0	3
901	152.003061	152.792534	A#5	64	92	0	3
902	152.792534	153.605033	A#4	64	97	0	1
903	153.055691	156.212485	F4	64	91	0	1
904	153.582006	153.855032	D5	64	99	0	5
905	153.845164	156.476739	C5	64	81	0	3
906	155.160951	156.386827	D#4	64	62	0	4
907	156.213581	156.338581	F3	64	72	1	-3
908	156.213581	156.339678	C4	64	72	0	1
909	156.213581	156.374765	F2	64	69	1	-5
910	156.213581	156.374765	A4	64	76	0	5
911	156.213581	157.082001	F4	64	78	0	1
912	156.476739	156.739896	D5	64	100	0	5
913	156.739896	157.003054	C5	64	67	0	3
914	157.003054	157.266211	A#4	64	67	0	1
915	157.266211	157.791430	C5	64	74	0	3
916	157.266211	158.058973	D4	64	88	0	3
917	157.266211	158.090772	A#4	64	80	0	1
918	157.266211	158.137921	F4	64	93	0	1
919	157.266211	160.142304	A#3	64	80	1	-3
920	157.266211	161.050197	A#2	64	70	1	-5
921	157.792526	158.317745	C5	64	86	0	3
922	158.318841	158.584192	C5	64	79	0	3
923	158.318841	159.111603	A#4	64	75	0	1
924	158.318841	159.144498	D4	64	67	0	3
925	158.318841	159.164235	F4	64	72	0	1
926	158.581999	159.108314	F5	64	79	0	3
927	159.108314	159.634629	C5	64	74	0	3
928	159.371471	160.492084	A#4	64	75	0	1
929	159.371471	160.506338	D4	64	73	0	3
930	159.371471	160.516207	F4	64	76	0	1
931	159.634629	160.687259	A#4	64	83	0	1
932	160.424101	160.977829	A#3	64	66	1	-3
933	160.687259	160.966864	D5	64	87	0	5
934	160.687259	160.954802	A#4	64	72	0	1
935	160.687259	160.969057	D4	64	88	0	3
936	160.687259	161.123662	F4	64	73	0	1
937	160.950416	161.213574	C5	64	75	0	3
938	160.950416	161.139013	F3	64	72	1	-3
939	161.213574	161.524977	A#4	64	67	0	1
940	161.213574	161.405460	G4	64	69	0	3
941	161.345153	161.521688	A4	64	62	0	5
942	161.476731	161.738792	C5	64	71	0	3
943	161.476731	162.170809	A#4	64	62	0	1
944	161.476731	162.294713	D4	64	85	0	3
945	161.476731	162.299099	F4	64	85	0	1
946	161.476731	162.906554	G3	64	76	1	-1
947	161.476731	165.240980	G2	64	66	1	-3
948	161.739889	162.001950	C5	64	71	0	3
949	162.003046	162.266204	C5	64	65	0	3
950	162.266204	162.566642	A#4	64	66	0	1
951	162.529361	162.830896	C5	64	74	0	3
952	162.529361	163.122562	A#4	64	72	0	1
953	162.529361	163.144492	F4	64	73	0	1
954	162.529361	163.166422	D4	64	69	0	3
955	162.792519	163.317737	F5	64	66	0	3
956	163.187255	164.027166	G3	64	31	1	-1
957	163.318834	163.581991	F5	64	79	0	3
958	163.581991	164.113789	G5	64	66	0	5
959	163.581991	164.285938	D4	64	64	0	3
960	163.581991	164.356113	A#4	64	64	0	1
961	163.581991	164.380236	F4	64	70	0	1
962	164.108306	164.371464	A#5	64	72	0	3
963	164.371464	164.896682	G5	64	90	0	5
964	164.371464	164.714665	G3	64	46	1	-1
965	164.634621	164.976726	F4	64	88	0	1
966	164.634621	164.998656	D4	64	88	0	3
967	164.634621	165.024972	A#4	64	76	0	1
968	164.897779	165.159840	G5	64	90	0	5
969	164.897779	165.221243	G3	64	57	1	-1
970	165.160936	165.456989	G5	64	90	0	5
971	165.160936	165.508524	F4	64	99	0	1
972	165.424094	165.725629	F5	64	90	0	3
973	165.424094	165.512910	F3	64	48	1	-3
974	165.424094	165.588567	F2	64	76	1	-5
975	165.424094	165.654357	G4	64	72	0	3
976	165.687251	166.212470	A#5	64	97	0	3
977	165.687251	166.190540	D#2	64	70	1	-2
978	165.687251	166.799092	G4	64	75	0	3
979	165.687251	166.829794	A#3	64	76	1	-3
980	165.687251	166.831987	D#4	64	80	0	4
981	165.950409	166.213566	A#2	64	61	1	-5
982	166.213566	166.476724	A#5	64	93	0	3
983	166.213566	166.530452	D#3	64	61	1	-5
984	166.476724	168.187248	G5	64	106	0	5
985	166.476724	167.316635	F3	64	58	1	-3
986	166.739881	167.305670	G3	64	70	1	-1
987	167.003039	167.353916	A#3	64	85	1	-3
988	167.266196	167.584178	D#4	64	82	0	4
989	167.529354	167.743169	F4	64	69	0	1
990	167.792511	168.576502	D#4	64	76	0	4
991	167.792511	168.577598	A#4	64	76	0	1
992	167.792511	168.585273	A#3	64	64	1	-3
993	167.792511	169.466851	D#2	64	73	1	-2
994	168.187248	168.580887	A#5	64	97	0	3
995	168.581984	168.844045	A#5	64	95	0	3
996	168.581984	168.936150	D#3	64	53	1	-5
997	168.845141	169.108299	A#5	64	94	0	3
998	168.845141	169.234395	A#4	64	82	0	1
999	168.845141	169.237685	A#3	64	88	1	-3
1000	168.845141	169.253036	D#4	64	97	0	4
1001	169.108299	169.370360	G5	64	86	0	5
1002	169.108299	169.383518	D#3	64	72	1	-5
1003	169.371456	169.634614	G5	64	86	0	5
1004	169.371456	169.667509	F4	64	93	0	1
1005	169.634614	169.897771	A#5	64	66	0	3
1006	169.897771	170.160929	G5	64	90	0	5
1007	169.897771	170.465753	F3	64	91	1	-3
1008	169.897771	170.471236	F4	64	93	0	1
1009	169.897771	170.478911	A4	64	76	0	5
1010	169.897771	170.500841	F2	64	76	1	-5
1011	169.897771	170.522771	C4	64	95	0	1
1012	170.160929	173.317722	F5	64	77	0	3
1013	170.687244	173.029346	F3	64	80	1	-3
1014	170.687244	173.392284	C4	64	80	0	1
1015	170.687244	173.412021	F4	64	76	0	1
1016	170.687244	173.429564	A4	64	78	0	5
1017	170.687244	173.735485	F2	64	76	1	-5
1018	173.318819	173.651055	F5	64	91	0	3
1019	173.318819	173.819915	F3	64	59	1	-3
1020	173.581976	173.871450	G5	64	91	0	5
1021	173.581976	173.895572	A#3	64	82	1	-3
1022	173.581976	173.916406	D#4	64	78	0	4
1023	173.581976	173.922985	G4	64	72	0	3
1024	173.845134	176.212455	A#5	64	106	0	3
1025	173.845134	173.961362	F4	64	80	0	1
1026	174.108291	175.803464	D#2	64	69	1	-2
1027	174.371449	175.847324	A#2	64	73	1	-5
1028	174.634606	175.808947	D#3	64	80	1	-5
1029	174.897764	175.805657	A#3	64	72	1	-3
1030	174.897764	175.865964	D#4	64	76	0	4
1031	174.897764	175.914210	G4	64	75	0	3
1032	176.213551	176.475612	A#5	64	109	0	3
1033	176.213551	177.177366	A#3	64	67	1	-3
1034	176.213551	177.315523	D#4	64	73	0	4
1035	176.213551	177.321006	G4	64	73	0	3
1036	176.213551	178.118154	F2	64	76	1	-5
1037	176.476709	177.001927	A#5	64	103	0	3
1038	177.003024	177.265085	A#5	64	99	0	3
1039	177.003024	178.334162	C3	64	59	1	-3
1040	177.266181	177.792496	A#5	64	100	0	3
1041	177.266181	178.092935	F3	64	66	1	-3
1042	177.529339	177.837453	A#3	64	62	1	-3
1043	177.792496	178.318811	G5	64	105	0	5
1044	177.792496	178.177364	D#4	64	73	0	4
1045	178.055654	178.229996	F4	64	69	0	1
1046	178.318811	181.739859	A#5	64	108	0	3
1047	178.318811	178.901047	D4	64	76	0	3
1048	178.318811	178.904337	F4	64	78	0	1
1049	178.318811	178.969030	A#4	64	76	0	1
1050	178.318811	180.164203	A#2	64	73	1	-5
1051	178.581969	179.597318	F3	64	52	1	-3
1052	178.845126	180.199291	A#3	64	76	1	-3
1053	179.108284	179.539204	D4	64	85	0	3
1054	179.634599	179.690520	D4	64	46	0	3
1055	179.634599	179.925169	F4	64	95	0	1
1056	180.424071	181.568807	A#3	64	67	1	-3
1057	180.424071	181.795780	D4	64	75	0	3
1058	180.424071	181.876920	A#4	64	25	0	1
1059	180.424071	181.959157	A#2	64	67	1	-5
1060	181.478894	181.588543	F4	64	75	0	1
1061	181.485473	181.807841	C4	64	69	0	1
1062	181.493149	182.176262	F2	64	60	1	-5
1063	181.493149	182.213542	A4	64	69	0	5
1064	181.516175	182.178455	F3	64	64	1	-3
1065	181.739859	182.040297	D5	64	85	0	5
1066	182.003016	182.266174	C5	64	73	0	3
1067	182.266174	182.585252	A#4	64	82	0	1
1068	182.529331	183.055646	C5	64	87	0	3
1069	182.529331	183.121436	D4	64	78	0	3
1070	182.529331	183.133497	F4	64	82	0	1
1071	182.529331	183.159813	A#4	64	80	0	1
1072	182.529331	184.101698	A#2	64	75	1	-5
1073	182.792489	184.145557	F3	64	55	1	-3
1074	183.055646	183.352795	A#4	64	86	0	1
1075	183.055646	183.092927	A#3	64	82	1	-3
1076	183.318804	183.883496	C5	64	91	0	3
1077	183.318804	183.754110	D4	64	95	0	3
1078	183.845119	184.634591	D5	64	86	0	5
1079	183.845119	184.130206	D4	64	75	0	3
1080	183.845119	184.130206	A#4	64	73	0	1
1081	183.845119	184.157618	F4	64	101	0	1
1082	184.108276	184.224504	A#3	64	56	1	-3
1083	184.634591	185.159810	F#5	64	100	0	4
1084	184.634591	185.020556	A4	64	91	0	5
1085	184.634591	185.024942	C4	64	91	0	1
1086	184.634591	185.038100	F#4	64	97	0	2
1087	184.634591	186.399940	D3	64	76	1	-1
1088	184.897749	185.937221	A3	64	59	1	-4
1089	185.160906	185.424064	F#5	64	95	0	4
1090	185.160906	185.833055	C4	64	78	0	1
1091	185.424064	185.950379	G5	64	95	0	5
1092	185.424064	185.896651	F#4	64	103	0	2
1093	185.950379	186.476694	A5	64	93	0	2
1094	185.950379	186.384589	A4	64	101	0	5
1095	186.213536	186.376913	A3	64	62	1	-4
1096	186.476694	186.739851	D5	64	90	0	5
1097	186.476694	187.901034	G4	64	85	0	3
1098	186.608273	186.709150	A4	64	63	0	5
1099	186.739851	187.266166	C6	64	92	0	5
1100	186.739851	187.243140	G2	64	72	1	-3
1101	186.739851	187.856078	A#4	64	70	0	1
1102	186.739851	187.896648	D4	64	82	0	3
1103	187.003009	187.312219	D3	64	62	1	-1
1104	187.266166	187.528227	A#5	64	94	0	3
1105	187.266166	187.592920	G3	64	73	1	-1
1106	187.529324	188.055639	A#5	64	96	0	3
1107	187.529324	188.393358	A3	64	76	1	-4
1108	187.792481	188.367042	A#3	64	64	1	-3
1109	188.055639	188.317700	A5	64	91	0	2
1110	188.055639	188.250814	D4	64	95	0	3
1111	188.318796	188.581954	A5	64	93	0	2
1112	188.318796	188.399937	D4	64	44	0	3
1113	188.318796	188.555638	G4	64	88	0	3
1114	188.581954	188.845111	G5	64	93	0	5
1115	188.581954	188.743138	A#4	64	67	0	1
1116	188.845111	189.371426	A5	64	90	0	2
1117	188.845111	189.319891	F2	64	76	1	-5
1118	188.845111	189.935022	A4	64	76	0	5
1119	188.845111	189.940505	D4	64	88	0	3
1120	189.108269	189.399935	D3	64	63	1	-1
1121	189.371426	189.634584	A#5	64	90	0	3
1122	189.371426	189.710242	F3	64	49	1	-3
1123	189.634584	190.160899	D5	64	87	0	5
1124	189.634584	189.914189	G3	64	70	1	-1
1125	189.634584	190.386776	A3	64	48	1	-4
1126	189.897741	190.416381	A#3	64	73	1	-3
1127	190.160899	190.436118	C5	64	67	0	3
1128	190.160899	190.369232	F4	64	101	0	1
1129	190.424056	190.950371	A#4	64	65	0	1
1130	190.424056	190.484363	F4	64	54	0	1
1131	190.424056	190.720109	A4	64	103	0	5
1132	190.687214	191.895545	A#4	64	78	0	1
1133	190.950371	191.212432	C5	64	103	0	3
1134	190.950371	191.520546	A#3	64	99	1	-3
1135	190.950371	191.705853	D#4	64	88	0	4
1136	190.950371	191.757388	G4	64	88	0	3
1137	190.950371	192.713527	D#2	64	73	1	-2
1138	191.213529	191.475590	C5	64	87	0	3
1139	191.213529	192.886772	A#2	64	69	1	-5
1140	191.476686	191.739844	C5	64	91	0	3
1141	191.476686	192.102782	D#3	64	63	1	-5
1142	191.739844	192.003001	A#4	64	87	0	1
1143	191.739844	191.893353	A#3	64	42	1	-3
1144	192.003001	192.266159	C5	64	96	0	3
1145	192.003001	192.276027	A#4	64	63	0	1
1146	192.003001	192.331948	A#3	64	80	1	-3
1147	192.003001	192.362650	D#4	64	73	0	4
1148	192.003001	192.376904	G4	64	73	0	3
1149	192.266159	193.055631	A#4	64	90	0	1
1150	192.266159	192.692693	D#3	64	67	1	-5
1151	192.529316	192.701465	G4	64	60	0	3
1152	192.529316	192.771641	A#3	64	73	1	-3
1153	192.792474	192.941597	D#4	64	63	0	4
1154	192.792474	192.951465	G4	64	56	0	3
1155	193.055631	193.318789	G5	64	100	0	5
1156	193.055631	193.622517	G4	64	80	0	3
1157	193.055631	193.643350	F4	64	64	0	1
1158	193.055631	193.663087	C4	64	93	0	1
1159	193.055631	194.844006	D2	64	88	1	-3
1160	193.318789	193.845104	F5	64	98	0	3
1161	193.318789	194.784796	A#2	64	62	1	-5
1162	193.581946	194.273831	D3	64	66	1	-1
1163	193.845104	194.402121	G5	64	100	0	5
1164	193.845104	194.182823	C4	64	80	0	1
1165	194.108261	194.296858	F4	64	85	0	1
1166	194.371419	195.160891	F5	64	105	0	3
1167	194.371419	194.610454	G4	64	91	0	3
1168	194.634576	194.895541	A4	64	82	0	5
1169	194.897734	195.930627	A#4	64	72	0	1
1170	195.160891	195.424049	G5	64	108	0	5
1171	195.160891	195.279312	A#3	64	82	1	-3
1172	195.160891	195.280409	C2	64	75	1	-5
1173	195.160891	195.289181	C3	64	88	1	-3
1174	195.160891	195.293567	D#4	64	99	0	4
1175	195.160891	195.311111	G4	64	99	0	3
1176	195.424049	195.686110	A#5	64	94	0	3
1177	195.424049	195.522733	A#3	64	85	1	-3
1178	195.424049	195.528215	D2	64	80	1	-3
1179	195.424049	195.533698	D3	64	99	1	-1
1180	195.424049	195.563303	F4	64	88	0	1
1181	195.687206	195.950364	A#5	64	101	0	3
1182	195.687206	195.947074	A#3	64	97	1	-3
1183	195.687206	195.954750	D#4	64	99	0	4
1184	195.687206	195.970101	G4	64	93	0	3
1185	195.687206	196.013960	D#3	64	101	1	-5
1186	195.687206	196.020539	D#2	64	80	1	-2
1187	195.950364	196.213521	G5	64	99	0	5
1188	196.213521	196.476679	A#5	64	105	0	3
1189	196.213521	196.717907	D#3	64	95	1	-5
1190	196.213521	196.794661	A#4	64	69	0	1
1191	196.213521	196.920757	G4	64	97	0	3
1192	196.213521	196.962424	D#4	64	103	0	4
1193	196.213521	196.977775	A#3	64	99	1	-3
1194	196.213521	197.015055	D#2	64	88	1	-2
1195	196.476679	197.001897	G5	64	91	0	5
1196	197.002994	197.266151	G5	64	91	0	5
1197	197.002994	197.130187	D#3	64	97	1	-5
1198	197.266151	197.529309	D6	64	95	0	2
1199	197.266151	197.780405	G4	64	97	0	3
1200	197.266151	197.802335	A#4	64	67	0	1
1201	197.266151	197.808914	A#3	64	93	1	-3
1202	197.266151	197.824265	D#4	64	99	0	4
1203	197.266151	199.179526	F2	64	91	1	-5
1204	197.529309	198.055624	C6	64	103	0	5
1205	197.529309	198.881281	C3	64	61	1	-3
1206	197.792466	198.597290	F3	64	93	1	-3
1207	198.055624	198.318781	F5	64	90	0	3
1208	198.055624	198.235448	A#3	64	75	1	-3
1209	198.318781	198.581939	D6	64	95	0	2
1210	198.318781	198.463518	D#4	64	88	0	4
1211	198.581939	199.107157	C6	64	92	0	5
1212	198.581939	198.904307	A#3	64	95	1	-3
1213	198.581939	198.960228	G4	64	97	0	3
1214	198.581939	198.966807	D#4	64	101	0	4
1215	198.845096	199.175140	F3	64	75	1	-3
1216	199.108254	199.370315	C6	64	74	0	5
1217	199.108254	199.189394	C3	64	62	1	-3
1218	199.108254	199.211324	A#3	64	64	1	-3
1219	199.371411	199.657595	C6	64	82	0	5
1220	199.371411	199.849481	D4	64	85	0	3
1221	199.371411	199.872507	F4	64	88	0	1
1222	199.371411	199.887858	A#4	64	78	0	1
1223	199.371411	201.045751	A#2	64	80	1	-5
1224	199.634569	199.896630	A#5	64	66	0	3
1225	199.634569	200.771629	F3	64	67	1	-3
1226	199.897726	200.159787	A#5	64	66	0	3
1227	199.897726	200.716804	A#3	64	97	1	-3
1228	200.160884	200.424041	A#5	64	72	0	3
1229	200.160884	200.326454	F4	64	47	0	1
1230	200.424041	200.716804	G5	64	51	0	5
1231	200.424041	200.499699	F4	64	40	0	1
1232	200.424041	200.587418	A#4	64	67	0	1
1233	200.687199	201.213514	F5	64	63	0	3
1234	200.687199	200.970093	F5	64	85	0	3
1235	200.687199	200.995313	A#4	64	101	0	1
1236	200.687199	201.040269	F4	64	95	0	1
1237	200.950356	201.031497	A#3	64	85	1	-3
1238	200.950356	201.070970	F3	64	63	1	-3
1239	201.213514	201.738732	F#5	64	89	0	4
1240	201.476671	201.835224	D4	64	93	0	3
1241	201.476671	201.857153	F#4	64	103	0	2
1242	201.476671	202.397723	D2	64	80	1	-3
1243	201.739829	202.001890	F#5	64	80	0	4
1244	201.739829	202.409784	D3	64	50	1	-1
1245	202.002986	202.265047	F#5	64	89	0	4
1246	202.002986	202.339609	D4	64	75	0	3
1247	202.266144	202.529301	F#5	64	75	0	4
1248	202.266144	202.413074	F#4	64	82	0	2
1249	202.529301	202.792459	G5	64	87	0	5
1250	202.529301	202.622503	D3	64	76	1	-1
1251	202.529301	202.648819	D4	64	82	0	3
1252	202.529301	202.649915	D2	64	82	1	-3
1253	202.529301	202.665266	G4	64	97	0	3
1254	202.792459	203.318774	A5	64	77	0	2
1255	202.792459	203.023818	D4	64	80	0	3
1256	202.792459	203.265046	A4	64	95	0	5
1257	202.792459	203.326449	F#4	64	103	0	2
1258	203.318774	203.581931	D5	64	83	0	5
1259	203.318774	203.486537	D4	64	72	0	3
1260	203.318774	203.526010	D3	64	88	1	-1
1261	203.581931	203.932808	C6	64	75	0	5
1262	203.581931	204.157588	A#4	64	72	0	1
1263	203.581931	204.174036	D4	64	78	0	3
1264	203.581931	204.180615	F4	64	88	0	1
1265	203.581931	205.486534	G2	64	82	1	-3
1266	203.845089	204.370307	A#5	64	90	0	3
1267	203.845089	205.209122	D3	64	66	1	-1
1268	204.108246	204.962412	G3	64	70	1	-1
1269	204.371404	204.897719	A#5	64	97	0	3
1270	204.371404	204.542456	D4	64	75	0	3
1271	204.634561	204.796842	F4	64	72	0	1
1272	204.897719	205.159780	A5	64	95	0	2
1273	204.897719	205.301227	D4	64	97	0	3
1274	204.897719	205.380174	A#4	64	73	0	1
1275	205.160876	205.424034	A5	64	80	0	2
1276	205.160876	205.460218	G3	64	80	1	-1
1277	205.424034	205.692674	G5	64	69	0	5
1278	205.424034	205.572060	A#4	64	53	0	1
1279	205.424034	205.665262	D3	64	70	1	-1
1280	205.687191	206.218989	A5	64	94	0	2
1281	205.687191	206.056708	A4	64	69	0	5
1282	205.687191	206.067673	C4	64	73	0	1
1283	205.687191	206.070963	F4	64	80	0	1
1284	205.687191	207.247496	D3	64	80	1	-1
1285	205.950349	206.679515	A3	64	63	1	-4
1286	206.213506	206.476664	A#5	64	93	0	3
1287	206.213506	206.411971	C4	64	62	0	1
1288	206.476664	207.002979	D5	64	87	0	5
1289	206.476664	206.897716	C5	64	76	0	3
1290	206.476664	206.977760	F4	64	75	0	1
1291	206.476664	206.981049	C4	64	49	0	1
1292	207.002979	207.295742	C5	64	90	0	3
1293	207.002979	207.203637	A3	64	64	1	-4
1294	207.266136	207.792451	A#4	64	84	0	1
1295	207.266136	207.547934	C4	64	78	0	1
1296	207.266136	207.702539	F4	64	97	0	1
1297	207.792451	208.054512	C5	64	97	0	3
1298	207.792451	208.142232	G4	64	69	0	3
1299	207.792451	208.229951	A#3	64	82	1	-3
1300	207.792451	208.247495	D#4	64	82	0	4
1301	207.792451	209.543545	D#2	64	76	1	-2
1302	208.055609	208.317670	C5	64	87	0	3
1303	208.055609	209.010651	A#2	64	59	1	-5
1304	208.318766	208.581924	C5	64	92	0	3
1305	208.318766	208.872494	D#3	64	70	1	-5
1306	208.581924	208.845081	A#4	64	82	0	1
1307	208.581924	208.755169	A#3	64	63	1	-3
1308	208.845081	209.123590	C5	64	94	0	3
1309	208.845081	209.169642	G4	64	75	0	3
1310	208.845081	209.179511	A#3	64	75	1	-3
1311	208.845081	209.182800	D#4	64	73	0	4
1312	209.108239	209.897711	A#4	64	77	0	1
1313	209.108239	209.487624	A#2	64	31	1	-5
1314	209.108239	209.497493	D#3	64	95	1	-5
1315	209.371396	209.565475	A#3	64	80	1	-3
1316	209.634554	209.824247	F4	64	78	0	1
1317	209.897711	210.210211	G5	64	98	0	5
1318	209.897711	210.291351	C4	64	85	0	1
1319	209.897711	210.326439	F4	64	91	0	1
1320	209.897711	210.368105	A4	64	80	0	5
1321	209.897711	211.453630	D3	64	73	1	-1
1322	210.160869	210.687184	F5	64	87	0	3
1323	210.160869	210.841789	A3	64	67	1	-4
1324	210.424026	210.611526	G4	64	61	0	3
1325	210.687184	211.362622	G5	64	87	0	5
1326	210.687184	210.892228	D4	64	70	0	3
1327	210.687184	211.512841	A4	64	97	0	5
1328	211.213499	212.002971	F5	64	86	0	3
1329	211.213499	211.399902	A3	64	66	1	-4
1330	211.476656	211.562183	D4	64	80	0	3
1331	211.476656	211.792445	A#4	64	66	0	1
1332	212.002971	212.386743	G5	64	90	0	5
1333	212.002971	212.134550	C3	64	76	1	-3
1334	212.002971	212.142226	C2	64	73	1	-5
1335	212.002971	212.155384	D#4	64	85	0	4
1336	212.002971	212.158673	A#3	64	76	1	-3
1337	212.002971	212.189375	G4	64	91	0	3
1338	212.266129	212.528190	A#5	64	97	0	3
1339	212.266129	212.377971	D3	64	80	1	-1
1340	212.266129	212.380164	D2	64	70	1	-3
1341	212.266129	212.383453	A#3	64	80	1	-3
1342	212.266129	212.409769	F4	64	82	0	1
1343	212.529286	212.792444	A#5	64	99	0	3
1344	212.529286	212.650997	D#3	64	85	1	-5
1345	212.529286	212.825339	A#3	64	80	1	-3
1346	212.529286	212.833014	G4	64	82	0	3
1347	212.529286	212.864812	D#4	64	91	0	4
1348	212.529286	213.174022	D#2	64	69	1	-2
1349	212.792444	213.055601	G5	64	93	0	5
1350	212.792444	213.176215	D#3	64	85	1	-5
1351	213.055601	213.318759	A#5	64	101	0	3
1352	213.055601	213.191566	A#3	64	63	1	-3
1353	213.318759	214.371389	G5	64	91	0	5
1354	213.318759	213.576434	D#3	64	93	1	-5
1355	213.318759	213.679504	A#3	64	93	1	-3
1356	213.318759	213.731039	G4	64	91	0	3
1357	213.318759	213.785864	D#4	64	97	0	4
1358	213.318759	213.873583	D#2	64	72	1	-2
1359	213.845074	213.972267	D#3	64	66	1	-5
1360	214.108231	214.538055	A#4	64	46	0	1
1361	214.108231	214.570950	A#3	64	95	1	-3
1362	214.108231	214.649897	G4	64	85	0	3
1363	214.108231	214.782573	D#4	64	99	0	4
1364	214.108231	215.735422	F2	64	88	1	-5
1365	214.371389	214.899897	D6	64	98	0	2
1366	214.897704	215.159765	C6	64	90	0	5
1367	214.897704	215.235423	F3	64	75	1	-3
1368	215.160861	215.555598	C6	64	87	0	5
1369	215.160861	215.500773	A#3	64	95	1	-3
1370	215.160861	215.523800	G4	64	97	0	3
1371	215.160861	215.531475	D#4	64	103	0	4
1372	215.424019	215.893317	F3	64	62	1	-3
1373	215.555598	215.950334	A#5	64	95	0	3
1374	215.687176	215.899895	F4	64	80	0	1
1375	215.687176	215.947044	A#3	64	70	1	-3
1376	215.950334	216.213491	G5	64	87	0	5
1377	215.950334	216.137834	G4	64	64	0	3
1378	216.213491	217.002964	C6	64	93	0	5
1379	216.213491	216.574237	A#3	64	85	1	-3
1380	216.213491	216.858227	A#4	64	73	0	1
1381	216.213491	216.879061	D4	64	70	0	3
1382	216.213491	216.891122	F4	64	88	0	1
1383	216.213491	217.486516	A#2	64	72	1	-5
1384	216.213491	217.508446	F3	64	80	1	-3
1385	216.739806	217.095069	A#3	64	39	1	-3
1386	217.002964	223.845059	A#5	64	75	0	3
1387	217.002964	217.407569	D4	64	72	0	3
1388	217.002964	217.451428	F4	64	85	0	1
1389	217.002964	217.464586	A#4	64	76	0	1
1390	217.529279	217.635638	G#4	64	80	0	4
1391	217.529279	217.638928	A#2	64	85	1	-5
1392	217.529279	217.643314	A3	64	82	1	-4
1393	217.529279	217.648796	A#4	64	70	0	1
1394	217.529279	217.663051	D#4	64	76	0	4
1395	217.529279	217.668533	A2	64	73	1	-1
1396	217.529279	217.677305	C4	64	78	0	1
1397	218.055594	218.400988	G#3	64	91	1	-5
1398	218.055594	218.583005	G#4	64	88	0	4
1399	218.055594	218.619190	D#4	64	82	0	4
1400	218.055594	218.622479	C4	64	76	0	1
1401	218.055594	218.702523	G#2	64	78	1	-2
1402	218.581909	218.667435	G#3	64	70	1	-5
1403	218.845066	218.984321	F4	64	61	0	1
1404	219.108224	219.406469	F3	64	93	1	-3
1405	219.108224	219.539144	G4	64	85	0	3
1406	219.108224	219.689363	D#4	64	95	0	4
1407	219.108224	219.703618	A#3	64	85	1	-3
1408	219.108224	219.991995	F2	64	75	1	-5
1409	219.634539	219.929495	F3	64	57	1	-3
1410	219.897696	219.996381	C3	64	70	1	-3
1411	219.897696	220.005152	A#3	64	88	1	-3
1412	219.897696	220.005152	D#4	64	99	0	4
1413	219.897696	220.038047	G4	64	99	0	3
1414	220.424011	220.904274	D#3	64	80	1	-5
1415	220.424011	221.053396	D4	64	93	0	3
1416	220.424011	221.131247	D#4	64	73	0	4
1417	220.424011	221.157563	A#3	64	76	1	-3
1418	220.424011	221.218966	G4	64	72	0	3
1419	220.424011	221.862606	D#2	64	70	1	-2
1420	221.213484	221.558878	D#3	64	56	1	-5
1421	221.476641	221.534755	D4	64	69	0	3
1422	221.476641	221.812167	A#3	64	80	1	-3
1423	221.476641	221.815457	G4	64	75	0	3
1424	221.476641	221.836290	D#4	64	93	0	4
1425	221.739799	221.853834	D#3	64	63	1	-5
1426	222.002956	222.129053	D2	64	67	1	-3
1427	222.266114	222.690455	C3	64	88	1	-3
1428	222.266114	222.786947	G4	64	82	0	3
1429	222.266114	222.931683	C4	64	82	0	1
1430	222.266114	222.938262	A#4	64	76	0	1
1431	222.266114	222.944841	D#4	64	82	0	4
1432	222.266114	224.145497	C2	64	75	1	-5
1433	222.792429	223.324226	C3	64	67	1	-3
1434	223.055586	223.159753	C4	64	48	0	1
1435	223.318744	223.802296	G4	64	76	0	3
1436	223.318744	223.843962	A#4	64	70	0	1
1437	223.318744	223.865892	C4	64	82	0	1
1438	223.318744	223.894401	D#4	64	91	0	4
1439	223.845059	224.190453	C3	64	72	1	-3
1440	224.108216	224.247471	A#4	64	73	0	1
1441	224.108216	224.258436	G4	64	66	0	3
1442	224.108216	224.267207	C4	64	82	0	1
1443	224.108216	224.279269	D#4	64	93	0	4
1444	224.634531	224.666330	C6	64	95	0	5
1445	224.634531	225.063259	D4	64	80	0	3
1446	224.634531	225.098347	A#4	64	69	0	1
1447	224.634531	225.130145	F4	64	93	0	1
1448	224.634531	225.995275	A#2	64	73	1	-5
1449	224.897689	225.159750	A#5	64	64	0	3
1450	224.897689	225.733214	F3	64	66	1	-3
1451	225.160846	225.422907	A#5	64	79	0	3
1452	225.160846	225.795714	A#3	64	66	1	-3
1453	225.424004	225.695933	A#5	64	79	0	3
1454	225.424004	225.552293	F4	64	42	0	1
1455	225.687161	225.965670	G5	64	71	0	5
1456	225.687161	225.921810	F4	64	80	0	1
1457	225.687161	225.950319	A#4	64	91	0	1
1458	225.687161	225.987600	D5	64	91	0	5
1459	225.818740	226.006240	F3	64	66	1	-3
1460	225.950319	226.476634	F5	64	87	0	3
1461	226.081898	226.216766	C5	64	95	0	3
1462	226.081898	226.218959	F4	64	91	0	1
1463	226.476634	227.001852	F#5	64	96	0	4
1464	226.739791	227.079703	D4	64	73	0	3
1465	226.739791	227.101633	F#4	64	97	0	2
1466	226.739791	227.104922	A4	64	88	0	5
1467	226.739791	227.247466	D2	64	69	1	-3
1468	227.002949	227.265010	F#5	64	89	0	4
1469	227.002949	227.470054	D3	64	69	1	-1
1470	227.266106	227.528167	F#5	64	89	0	4
1471	227.266106	227.374659	D4	64	67	0	3
1472	227.266106	227.490887	G4	64	91	0	3
1473	227.529264	227.811062	F#5	64	91	0	4
1474	227.529264	227.631237	D4	64	76	0	3
1475	227.529264	227.669615	A4	64	95	0	5
1476	227.792421	228.059965	G5	64	83	0	5
1477	227.792421	227.861500	F#4	64	37	0	2
1478	227.792421	228.051193	F#3	64	57	1	-2
1479	228.055579	228.614789	A5	64	93	0	2
1480	228.055579	228.255140	F#4	64	101	0	2
1481	228.055579	228.284745	D5	64	91	0	5
1482	228.055579	228.430578	D4	64	91	0	3
1483	228.318736	228.539131	F#3	64	66	1	-2
1484	228.581894	228.845051	D5	64	87	0	5
1485	228.581894	228.781455	G4	64	56	0	3
1486	228.713473	228.814350	A4	64	63	0	5
1487	228.845051	229.124656	C6	64	76	0	5
1488	228.845051	229.232112	D4	64	76	0	3
1489	228.845051	229.249656	A#4	64	73	0	1
1490	228.845051	229.405358	G4	64	78	0	3
1491	228.845051	230.529259	G2	64	73	1	-3
1492	229.108209	229.633427	A#5	64	94	0	3
1493	229.108209	230.168514	D3	64	53	1	-1
1494	229.371366	229.468954	D4	64	62	0	3
1495	229.371366	229.530357	A4	64	72	0	5
1496	229.371366	229.691541	G3	64	59	1	-1
1497	229.634524	230.187155	A#5	64	97	0	3
1498	229.634524	229.965664	A#4	64	59	0	1
1499	229.634524	229.986497	D4	64	91	0	3
1500	229.897681	230.251848	G3	64	49	1	-1
1501	230.160839	230.422900	A5	64	93	0	2
1502	230.160839	230.482110	D4	64	91	0	3
1503	230.160839	230.507330	A#4	64	76	0	1
1504	230.423996	230.687154	A5	64	84	0	2
1505	230.423996	230.570926	D3	64	69	1	-1
1506	230.687154	230.985399	G5	64	81	0	5
1507	230.687154	230.798996	D4	64	61	0	3
1508	230.687154	230.834084	A#4	64	73	0	1
1509	230.950311	231.476626	A5	64	74	0	2
1510	230.950311	231.433863	A4	64	91	0	5
1511	230.950311	231.485398	F4	64	93	0	1
1512	230.950311	231.548995	C4	64	80	0	1
1513	230.950311	232.733204	F2	64	70	1	-5
1514	231.213469	232.044608	D3	64	60	1	-1
1515	231.476626	231.751845	A#5	64	81	0	3
1516	231.476626	232.485397	F3	64	62	1	-3
1517	231.739784	232.285836	D5	64	86	0	5
1518	231.739784	231.933863	C4	64	73	0	1
1519	232.002941	232.085178	F4	64	97	0	1
1520	232.266099	232.544607	C5	64	83	0	3
1521	232.529256	233.072019	A#4	64	87	0	1
1522	232.529256	232.679476	D5	64	97	0	5
1523	232.529256	232.718949	A#5	64	70	0	3
1524	232.792414	232.919607	C5	64	88	0	3
1525	232.792414	232.923993	A5	64	76	0	2
1526	233.055571	233.317632	C5	64	105	0	3
1527	233.055571	233.515001	G5	64	97	0	5
1528	233.055571	234.733201	D#2	64	72	1	-2
1529	233.318729	233.581886	C5	64	90	0	3
1530	233.318729	234.405350	A#2	64	59	1	-5
1531	233.581886	233.845044	C5	64	91	0	3
1532	233.581886	234.403157	D#3	64	73	1	-5
1533	233.845044	234.136710	A#4	64	95	0	1
1534	233.845044	233.978816	A#3	64	95	1	-3
1535	233.845044	233.997456	F4	64	88	0	1
1536	234.108201	234.371359	C5	64	91	0	3
1537	234.371359	235.182761	A#4	64	96	0	1
1538	234.371359	234.675087	A#3	64	91	1	-3
1539	234.371359	234.752937	D#4	64	97	0	4
1540	234.634516	234.698113	D#3	64	47	1	-5
1541	234.634516	234.798990	A#2	64	72	1	-5
1542	234.897674	235.008419	A#3	64	78	1	-3
1543	235.160831	235.428375	G5	64	98	0	5
1544	235.160831	235.499647	A4	64	73	0	5
1545	235.160831	235.525962	C4	64	93	0	1
1546	235.160831	235.530348	F4	64	88	0	1
1547	235.160831	236.416312	D2	64	80	1	-3
1548	235.423989	235.950304	F5	64	93	0	3
1549	235.423989	235.997453	D3	64	80	1	-1
1550	235.687146	235.842848	C4	64	57	0	1
1551	235.950304	236.483198	G5	64	100	0	5
1552	235.950304	236.131225	A4	64	67	0	5
1553	235.950304	236.295698	C4	64	82	0	1
1554	235.950304	236.303374	F4	64	97	0	1
1555	236.213461	236.414119	D3	64	88	1	-1
1556	236.476619	237.266091	F5	64	106	0	3
1557	236.476619	236.624645	A4	64	72	0	5
1558	236.476619	236.807759	C4	64	93	0	1
1559	236.739776	236.872452	F4	64	66	0	1
1560	237.002934	237.135609	G4	64	78	0	3
1561	237.266091	237.529249	G5	64	101	0	5
1562	237.266091	237.545696	G4	64	99	0	3
1563	237.266091	237.607100	A#3	64	93	1	-3
1564	237.266091	237.672889	D#4	64	97	0	4
1565	237.266091	238.123546	D#3	64	95	1	-5
1566	237.266091	238.157537	D#2	64	66	1	-2
1567	237.529249	237.791310	A#5	64	84	0	3
1568	237.792406	238.055564	A#5	64	98	0	3
1569	237.792406	237.914117	A#3	64	72	1	-3
1570	238.055564	238.345037	G5	64	81	0	5
1571	238.055564	238.150959	D#4	64	78	0	4
1572	238.318721	238.587361	A#5	64	94	0	3
1573	238.318721	238.407537	A#3	64	82	1	-3
1574	238.318721	238.407537	D#4	64	99	0	4
1575	238.318721	238.429467	D#3	64	85	1	-5
1576	238.318721	238.432756	G4	64	95	0	3
1577	238.318721	238.471134	D#2	64	75	1	-2
1578	238.581879	238.664116	D#4	64	97	0	4
1579	238.581879	238.669598	D#3	64	88	1	-5
1580	238.581879	238.672888	A#3	64	75	1	-3
1581	238.581879	238.687142	G4	64	99	0	3
1582	238.581879	238.697010	D#2	64	80	1	-2
1583	239.108194	239.122448	G5	64	90	0	5
1584	239.371351	239.639991	D6	64	93	0	2
1585	239.371351	239.650956	F3	64	93	1	-3
1586	239.371351	239.671790	G4	64	99	0	3
1587	239.371351	239.734290	A#3	64	97	1	-3
1588	239.371351	239.814333	D#4	64	99	0	4
1589	239.371351	241.116963	F2	64	73	1	-5
1590	239.634509	240.160824	C6	64	96	0	5
1591	239.634509	240.865867	C3	64	64	1	-3
1592	239.897666	240.184947	F3	64	69	1	-3
1593	240.160824	240.428367	F5	64	94	0	3
1594	240.160824	240.264990	D#4	64	97	0	4
1595	240.160824	240.295692	A#3	64	91	1	-3
1596	240.160824	240.376832	G4	64	97	0	3
1597	240.423981	240.689332	D6	64	96	0	2
1598	240.555560	241.001831	F3	64	48	1	-3
1599	240.687139	241.213454	C6	64	106	0	5
1600	240.950296	241.069814	A#3	64	93	1	-3
1601	240.950296	241.073103	C3	64	64	1	-3
1602	240.950296	241.081875	D#4	64	101	0	4
1603	240.950296	241.130121	G4	64	97	0	3
1604	241.213454	241.475515	D6	64	98	0	2
1605	241.472226	241.911918	C4	64	91	0	1
1606	241.476611	241.775953	D6	64	99	0	2
1607	241.476611	241.918497	E4	64	78	0	5
1608	241.478804	241.898760	G3	64	91	1	-1
1609	241.482094	242.353803	C3	64	95	1	-3
1610	241.484287	243.262793	C2	64	80	1	-5
1611	242.001830	242.229900	D4	64	66	0	3
1612	242.002926	242.005119	C6	64	90	0	5
1613	242.020470	242.147663	G3	64	63	1	-1
1614	242.252926	242.619154	G3	64	82	1	-1
1615	242.258409	242.784724	C4	64	95	0	1
1616	242.261698	242.790206	E4	64	91	0	5
1617	242.266084	242.272663	C6	64	89	0	5
1618	242.529241	242.804460	A5	64	93	0	2
1619	242.733189	243.014986	C3	64	59	1	-3
1620	242.792399	243.327486	G5	64	98	0	5
1621	243.023758	243.197004	G4	64	78	0	3
1622	243.030337	243.263889	G3	64	99	1	-1
1623	243.277047	243.480994	C3	64	72	1	-3
1624	243.318714	243.843932	G#5	64	107	0	1
1625	243.341740	243.480994	B3	64	49	1	-2
1626	243.558845	243.843932	E2	64	76	1	-1
1627	243.568714	243.809941	B3	64	85	1	-2
1628	243.574196	243.798976	G#3	64	103	1	-5
1629	243.574196	243.849415	E4	64	82	0	5
1630	243.845029	244.107090	G#5	64	97	0	1
1631	244.108186	244.370247	G#5	64	93	0	1
1632	244.351607	244.697001	E4	64	88	0	5
1633	244.353800	244.539107	G#4	64	97	0	4
1634	244.360379	244.930554	G#3	64	99	1	-5
1635	244.371344	244.645466	G#5	64	91	0	1
1636	244.634501	244.922878	A5	64	89	0	2
1637	244.879019	245.314325	A4	64	95	0	5
1638	244.880115	245.211255	E4	64	80	0	5
1639	244.897659	245.460158	B5	64	103	0	4
1640	245.139983	245.301167	G#3	64	88	1	-5
1641	245.423974	245.687131	E5	64	93	0	2
1642	245.429456	245.649851	B4	64	85	0	2
1643	245.675070	246.846121	G4	64	91	0	3
1644	245.680553	246.835156	E4	64	80	0	5
1645	245.684938	246.788007	C5	64	66	0	3
1646	245.687131	245.950289	D6	64	87	0	2
1647	245.692614	246.135596	A2	64	70	1	-1
1648	245.950289	246.475507	C6	64	95	0	5
1649	245.950289	246.220025	E3	64	70	1	-4
1650	246.200289	246.532525	A3	64	62	1	-4
1651	246.460157	247.305550	B3	64	61	1	-2
1652	246.476604	247.039103	C6	64	100	0	5
1653	246.723314	247.273752	C4	64	67	0	1
1654	246.990858	247.207963	E4	64	80	0	5
1655	247.002919	247.264980	B5	64	97	0	4
1656	247.254015	247.484278	G4	64	75	0	3
1657	247.266076	247.529234	B5	64	92	0	4
1658	247.269366	247.342831	E4	64	45	0	5
1659	247.523752	247.676164	C5	64	75	0	3
1660	247.529234	247.823093	A5	64	87	0	2
1661	247.541295	247.659716	G4	64	54	0	3
1662	247.774848	248.647653	G4	64	82	0	3
1663	247.780330	248.673969	B4	64	73	0	2
1664	247.784716	248.522654	D4	64	80	0	3
1665	247.792391	248.351601	B5	64	93	0	4
1666	247.796777	248.204672	G2	64	72	1	-3
1667	248.032523	248.305549	E3	64	60	1	-4
1668	248.307742	248.623531	G3	64	50	1	-1
1669	248.318706	248.581864	C6	64	90	0	5
1670	248.569803	249.341731	B3	64	59	1	-2
1671	248.581864	249.121337	E5	64	89	0	2
1672	248.837346	249.309933	D4	64	69	0	3
1673	249.096118	249.436029	G4	64	91	0	3
1674	249.108179	249.371336	D5	64	87	0	5
1675	249.369143	249.681643	C5	64	72	0	3
1676	249.371336	249.920678	C5	64	72	0	3
1677	249.638880	249.926160	B4	64	69	0	2
1678	249.897651	250.159712	D5	64	91	0	5
1679	249.899844	251.550061	F2	64	70	1	-5
1680	249.902037	250.653133	A4	64	97	0	5
1681	250.154230	251.607079	C3	64	66	1	-3
1682	250.160809	250.422870	D5	64	91	0	5
1683	250.423966	250.687124	D5	64	93	0	5
1684	250.429449	250.880106	F3	64	76	1	-3
1685	250.687124	251.019360	C5	64	84	0	3
1686	250.687124	251.274842	F4	64	85	0	1
1687	250.692606	251.267167	C4	64	85	0	1
1688	250.950281	251.213439	D5	64	93	0	5
1689	251.198088	251.496333	F3	64	75	1	-3
1690	251.213439	252.087341	C5	64	97	0	3
1691	251.467825	251.721114	C4	64	85	0	1
1692	251.751815	251.993043	A4	64	70	0	5
1693	252.002911	252.289095	A5	64	100	0	2
1694	252.007297	252.352692	D4	64	85	0	3
1695	252.011683	252.412999	G4	64	99	0	3
1696	252.013876	253.647646	E2	64	67	1	-1
1697	252.241946	252.993042	E3	64	63	1	-4
1698	252.266069	252.792384	G5	64	87	0	5
1699	252.524841	252.667384	D4	64	62	0	3
1700	252.792384	253.343918	A5	64	100	0	2
1701	252.798963	252.931638	G4	64	88	0	3
1702	252.802252	252.943700	D4	64	75	0	3
1703	252.804445	253.011682	D5	64	82	0	5
1704	253.306638	253.728786	E3	64	59	1	-4
1705	253.318699	254.108171	G5	64	93	0	5
1706	253.595014	253.779225	E5	64	75	0	2
1707	253.597207	253.758391	C6	64	69	0	5
1708	253.859268	253.926154	C6	64	56	0	5
1709	253.871330	253.945891	B5	64	61	0	4
1710	254.104882	254.449180	A5	64	88	0	2
1711	254.107075	255.840625	F2	64	69	1	-5
1712	254.108171	254.371329	A5	64	108	0	2
1713	254.110364	254.460145	F5	64	91	0	3
1714	254.113654	254.512776	C5	64	91	0	3
1715	254.368039	255.842818	C3	64	67	1	-3
1716	254.371329	254.633390	C6	64	97	0	5
1717	254.633390	255.404222	F3	64	78	1	-3
1718	254.634486	254.904223	C6	64	100	0	5
1719	254.893258	255.241942	A3	64	75	1	-4
1720	254.897644	255.170670	A5	64	95	0	2
1721	255.146547	255.341722	C4	64	73	0	1
1722	255.160801	255.437117	C6	64	109	0	5
1723	255.402029	255.502906	C4	64	56	0	1
1724	255.407512	255.530318	A3	64	60	1	-4
1725	255.408608	255.809923	E4	64	76	0	5
1726	255.423959	256.476589	A5	64	101	0	2
1727	255.669573	255.852686	F3	64	61	1	-3
1728	255.942599	256.099397	A3	64	63	1	-4
1729	256.213431	257.614745	G2	64	59	1	-3
1730	256.215624	256.673957	C4	64	76	0	1
1731	256.217817	256.816501	A3	64	73	1	-4
1732	256.221107	256.517159	F4	64	78	0	1
1733	256.223300	256.597203	G3	64	62	1	-1
1734	256.236458	256.769352	D3	64	57	1	-1
1735	256.476589	257.002904	E6	64	98	0	4
1736	256.948079	257.295667	D3	64	31	1	-1
1737	256.957948	257.408605	G3	64	76	1	-1
1738	257.233167	257.543473	F4	64	76	0	1
1739	257.235360	257.589526	C4	64	80	0	1
1740	257.236456	257.578561	A3	64	78	1	-4
1741	257.266061	257.290184	D6	64	93	0	2
1742	257.516061	257.656412	D3	64	70	1	-1
1743	257.660798	258.077464	C6	64	94	0	5
1744	257.752903	257.988648	A3	64	69	1	-4
1745	257.760578	257.828561	F4	64	46	0	1
1746	258.007288	258.150929	F4	64	63	0	1
1747	258.055534	258.318691	A5	64	81	0	2
1748	258.286893	258.737550	C4	64	70	0	1
1749	258.286893	260.216715	C2	64	69	1	-5
1750	258.289086	258.696980	C3	64	72	1	-3
1751	258.291279	258.728779	E4	64	69	0	5
1752	258.293472	258.786893	G3	64	76	1	-1
1753	258.318691	259.155313	D6	64	96	0	2
1754	258.463428	258.836235	D4	64	15	0	3
1755	258.828559	259.214523	C3	64	50	1	-3
1756	259.092813	259.578558	D4	64	73	0	3
1757	259.098296	259.656409	G3	64	67	1	-1
1758	259.108164	263.649824	C6	64	95	0	5
1759	259.600488	260.192592	C3	64	51	1	-3
1760	259.850487	260.224390	G3	64	69	1	-1
1761	260.130092	260.294566	C4	64	72	0	1
1762	260.179434	260.279215	G2	64	40	1	-3
1763	260.389960	260.723293	C4	64	75	0	1
1764	260.392153	261.135573	C2	64	67	1	-5
1765	260.394346	260.684916	G3	64	78	1	-1
1766	260.395443	260.727679	E4	64	80	0	5
1767	260.397636	261.124608	C3	64	93	1	-3
1768	263.581841	264.374603	G5	64	90	0	5
1769	264.108156	264.634471	A5	64	99	0	2
1770	264.634471	266.738635	C6	64	105	0	5
1771	264.634471	265.977671	C4	64	95	0	1
1772	264.634471	266.002890	A3	64	85	1	-4
1773	264.634471	266.093899	F4	64	72	0	1
1774	264.634471	266.508372	F3	64	93	1	-3
1775	264.634471	266.553328	F2	64	69	1	-5
1776	265.950259	266.570872	C3	64	60	1	-3
1777	266.344995	266.699161	A3	64	62	1	-4
1778	266.344995	266.895433	E4	64	69	0	5
1779	266.608153	266.858152	C4	64	75	0	1
1780	266.739731	267.264950	C6	64	106	0	5
1781	266.871310	269.881174	G3	64	56	1	-1
1782	266.871310	269.896525	D4	64	70	0	3
1783	266.871310	269.918455	B3	64	73	1	-2
1784	266.871310	269.960121	G2	64	67	1	-3
1785	266.871310	270.002884	G4	64	66	0	3
1786	267.266046	267.791265	C6	64	98	0	5
1787	267.792361	268.317580	C6	64	97	0	5
1788	268.318676	268.844991	C6	64	99	0	5
1789	268.844991	269.465605	A5	64	97	0	2
1790	269.371306	273.683800	C6	64	100	0	5
