//Version: PianoFingering_v170101
0	0.388587	1.516305	A3	64	76	1	-4
1	0.442935	1.573370	F#3	64	71	1	-2
2	0.491848	1.652174	F#1	64	84	1	-1
3	0.491848	1.652174	F#2	64	84	1	-4
4	2.448370	2.605979	A3	64	84	1	-4
5	2.603261	2.760870	E4	64	84	0	5
6	2.774457	2.932066	F#4	64	84	0	2
7	2.885870	3.043479	B4	64	84	0	2
8	2.991848	3.149457	C#5	64	84	0	4
9	3.100544	3.258153	F#5	64	84	0	4
10	4.078805	4.236414	F#5	64	84	0	4
11	4.176631	4.334240	G5	64	84	0	5
12	4.269022	4.426631	B5	64	84	0	4
13	4.334240	4.494566	D6	64	84	0	2
14	4.404892	4.562501	F#6	64	84	0	1
15	9.622284	10.144023	A#4	64	84	0	1
16	9.622284	10.269023	A#3	64	76	1	-3
17	9.622284	10.285327	F#4	64	78	0	2
18	9.622284	10.288045	D#4	64	79	0	4
19	9.622284	10.331523	D#3	64	69	1	-5
20	10.926632	11.377719	B4	64	70	0	2
21	10.926632	11.432067	E3	64	79	1	-4
22	10.926632	11.437502	E4	64	83	0	5
23	10.926632	11.464675	B3	64	80	1	-2
24	10.926632	11.532610	G#4	64	79	0	4
25	12.230980	12.442936	D#3	64	80	1	-5
26	12.230980	12.595110	A#4	64	90	0	1
27	12.230980	12.703806	C#4	64	80	0	2
28	12.230980	12.703806	F#4	64	82	0	2
29	12.230980	12.720110	D#2	64	90	1	-2
30	12.557067	12.638589	D#3	64	86	1	-5
31	13.535328	13.690219	C#2	64	90	1	-4
32	13.535328	14.250002	C#4	64	39	0	2
33	13.535328	14.345111	G#4	64	78	0	4
34	13.535328	14.350545	E4	64	72	0	5
35	13.535328	14.377719	C#5	64	79	0	4
36	14.187502	15.410328	C#3	64	76	1	-2
37	14.839676	15.404893	C#5	64	73	0	4
38	14.839676	15.464676	E4	64	82	0	5
39	14.839676	15.500002	G#4	64	81	0	4
40	14.839676	15.654893	G#3	64	71	1	-5
41	15.491850	15.619567	C#4	64	84	0	2
42	16.144024	16.641307	C#4	64	79	0	2
43	16.144024	16.646741	G#4	64	79	0	4
44	16.144024	16.660328	E4	64	81	0	5
45	16.144024	16.698372	A#2	64	84	1	-5
46	16.796198	17.540763	A#3	64	78	1	-3
47	17.448372	17.991850	C#4	64	82	0	2
48	17.448372	18.046198	G4	64	76	0	3
49	17.448372	18.051633	A#4	64	91	0	1
50	17.448372	19.904894	D#3	64	81	1	-5
51	18.100546	18.779894	A#3	64	58	1	-3
52	18.752720	18.904894	D5	64	49	0	5
53	18.752720	19.127720	A#4	64	46	0	1
54	18.752720	19.513590	G4	64	63	0	3
55	18.752720	19.557068	D#5	64	62	0	1
56	18.752720	19.671198	D#4	64	61	0	4
57	19.404894	19.801633	A#3	64	70	1	-3
58	20.383155	21.807068	D#4	64	55	0	4
59	20.383155	21.820655	G4	64	73	0	3
60	20.709242	20.910329	D#2	64	79	1	-2
61	20.709242	21.923916	D#5	64	72	0	1
62	22.665764	23.451090	D#4	64	69	0	4
63	22.665764	23.456525	F#4	64	76	0	2
64	22.665764	23.625003	B4	64	76	0	2
65	22.665764	29.149460	G#2	64	79	1	-2
66	23.317938	29.051634	G#3	64	58	1	-5
67	23.644025	24.057068	A#4	64	83	0	1
68	24.296199	24.853264	D#4	64	46	0	4
69	24.296199	25.013590	G#4	64	59	0	4
70	24.948373	25.171199	B4	64	73	0	2
71	25.274460	27.364134	D#5	64	72	0	1
72	26.578808	29.084243	G#5	64	72	0	1
73	32.448374	33.089678	D#5	64	95	0	1
74	33.100548	35.372287	B5	64	95	0	4
75	33.100548	34.733700	G#3	64	60	1	-5
76	33.752722	35.654896	B3	64	71	1	-2
77	34.404896	35.733700	D#4	64	60	0	4
78	35.057070	35.698374	D#5	64	86	0	1
79	35.709244	37.654896	A#5	64	94	0	3
80	35.709244	38.043483	F#3	64	62	1	-2
81	36.361418	38.105983	A#3	64	50	1	-3
82	37.013592	38.633157	F#4	64	57	0	2
83	37.665766	38.307070	F#5	64	84	0	4
84	38.317940	38.959244	G#5	64	91	0	1
85	38.317940	40.394027	E3	64	71	1	-4
86	38.970114	39.611418	F#5	64	93	0	4
87	38.970114	40.921201	G#3	64	26	1	-5
88	39.622288	40.263592	E5	64	91	0	2
89	39.622288	40.801636	B3	64	61	1	-2
90	40.274462	43.524462	F#5	64	95	0	4
91	40.926636	43.146745	D#3	64	63	1	-5
92	41.578810	43.788049	F#3	64	35	1	-2
93	42.230984	44.027180	D#4	64	61	0	4
94	43.535332	44.176636	E5	64	95	0	2
95	43.535332	45.910332	C#3	64	71	1	-2
96	44.187506	44.828810	D#5	64	95	0	1
97	44.187506	45.679354	G#3	64	35	1	-5
98	44.839680	45.480984	E5	64	90	0	2
99	44.839680	46.133158	E4	64	75	0	5
100	45.491854	48.089680	G#5	64	98	0	1
101	46.144028	48.828811	F#3	64	60	1	-2
102	46.796202	47.779898	A#3	64	50	1	-3
103	47.448376	48.663050	C#4	64	68	0	2
104	48.100550	48.741854	F#5	64	86	0	4
105	48.752724	52.980985	D#5	64	95	0	1
106	48.752724	49.902181	B2	64	70	1	-4
107	49.404898	50.461963	B3	64	55	1	-2
108	50.057072	50.673920	C#4	64	59	0	2
109	50.709246	51.741855	D#4	64	68	0	4
110	51.361420	52.711964	A#3	64	73	1	-3
111	51.361420	53.429355	G4	64	69	0	3
112	52.665768	53.926638	D#3	64	78	1	-5
113	52.991855	53.959246	D#5	64	91	0	1
114	53.970116	55.915768	B5	64	95	0	4
115	53.970116	55.831529	B3	64	61	1	-2
116	53.970116	56.057073	D#4	64	72	0	4
117	53.970116	56.250008	G#3	64	72	1	-5
118	55.274464	56.133160	G#4	64	75	0	4
119	55.926638	56.567942	D#5	64	95	0	1
120	56.578812	58.524464	A#5	64	98	0	3
121	56.578812	57.350551	A#3	64	67	1	-3
122	56.578812	57.489138	F#4	64	72	0	2
123	56.578812	58.589682	F#3	64	60	1	-2
124	57.883160	58.480986	D#4	64	72	0	4
125	58.535334	59.176638	F#5	64	90	0	4
126	58.535334	59.048921	A#4	64	79	0	1
127	59.187508	59.828812	G#5	64	91	0	1
128	59.187508	60.459247	E4	64	73	0	5
129	59.187508	60.752725	B3	64	63	1	-2
130	59.187508	60.785334	G#4	64	72	0	4
131	59.187508	61.105986	E3	64	67	1	-4
132	59.839682	60.480986	F#5	64	90	0	4
133	60.491856	60.807073	E5	64	98	0	2
134	60.491856	61.105986	F#4	64	76	0	2
135	60.817943	61.133160	F#5	64	75	0	4
136	61.144030	64.394030	F#5	64	93	0	4
137	61.144030	61.442943	E4	64	72	0	5
138	61.796204	62.875008	B3	64	56	1	-2
139	61.796204	62.980987	D#4	64	60	0	4
140	61.796204	63.182074	F#4	64	71	0	2
141	61.796204	63.404900	D#3	64	75	1	-5
142	63.100552	63.410335	G#4	64	69	0	4
143	64.404900	65.046204	G#5	64	84	0	1
144	64.404900	65.100552	B3	64	69	1	-2
145	64.404900	65.127726	E4	64	78	0	5
146	64.404900	66.078813	C#3	64	73	1	-2
147	65.057074	65.698378	G#5	64	95	0	1
148	65.057074	66.198378	G#3	64	60	1	-5
149	65.709248	66.350552	G#5	64	98	0	1
150	65.709248	66.320661	B3	64	63	1	-2
151	66.361422	68.307074	G5	64	101	0	5
152	66.361422	66.524465	F#4	64	71	0	2
153	67.013596	67.317944	D#4	64	50	0	4
154	67.013596	67.736422	C#4	64	49	0	2
155	67.013596	67.801639	G4	64	68	0	3
156	67.013596	68.404900	D#3	64	76	1	-5
157	67.665770	68.570661	A#3	64	57	1	-3
158	68.317944	69.285335	G#5	64	94	0	1
159	68.317944	68.597835	C#4	64	60	0	2
160	69.296205	73.524466	G#5	64	84	0	1
161	69.622292	69.801640	D#4	64	48	0	4
162	69.622292	74.211966	G#3	64	72	1	-5
163	70.274466	71.714683	D#4	64	71	0	4
164	70.926640	71.646749	G#4	64	80	0	4
165	71.578814	72.019031	C#5	64	80	0	4
166	71.904901	73.763597	D#4	64	49	0	4
167	72.230988	73.994575	D#5	64	80	0	1
168	73.535336	74.176640	B4	64	98	0	2
169	73.535336	73.635879	G#4	64	83	0	4
170	74.187510	74.828814	C#5	64	94	0	4
171	74.839684	75.480988	D#5	64	95	0	1
172	74.839684	75.630445	D#4	64	80	0	4
173	74.839684	75.682075	B4	64	93	0	2
174	74.839684	78.932076	B2	64	80	1	-4
175	75.491858	76.133162	D#5	64	98	0	1
176	75.491858	77.429358	B3	64	73	1	-2
177	76.144032	76.785336	D#5	64	104	0	1
178	76.144032	78.239141	F#4	64	80	0	2
179	76.796206	78.741858	D#5	64	103	0	1
180	76.796206	77.728271	B4	64	84	0	2
181	78.100554	79.282619	B3	64	57	1	-2
182	78.752728	79.394032	C#5	64	94	0	4
183	78.752728	79.103271	G#4	64	84	0	4
184	80.057076	80.600554	C#4	64	77	0	2
185	80.057076	80.717402	F#4	64	79	0	2
186	80.057076	82.521750	A#3	64	79	1	-3
187	80.709250	81.733707	C#4	64	71	0	2
188	81.361424	82.057076	F#4	64	76	0	2
189	82.013598	82.486424	A#4	64	90	0	1
190	83.970120	84.285337	C#5	64	93	0	4
191	83.970120	84.459250	G#4	64	84	0	4
192	83.970120	84.472837	C4	64	84	0	1
193	83.970120	84.472837	D#4	64	83	0	4
194	83.970120	84.603272	G#2	64	80	1	-2
195	84.622294	85.263598	D#5	64	90	0	1
196	84.622294	85.195664	G#3	64	61	1	-5
197	85.274468	85.915772	E5	64	98	0	2
198	85.274468	85.986425	B3	64	78	1	-2
199	85.274468	86.019033	E4	64	84	0	5
200	85.274468	86.298925	B4	64	93	0	2
201	85.274468	89.486425	C#3	64	82	1	-2
202	85.926642	86.567946	E5	64	100	0	2
203	85.926642	89.706534	G#3	64	62	1	-5
204	86.578816	87.220120	E5	64	101	0	2
205	86.578816	87.638599	E4	64	84	0	5
206	87.230990	88.524468	E5	64	100	0	2
207	87.230990	87.782620	B4	64	90	0	2
208	88.535338	89.176642	D#5	64	90	0	1
209	88.535338	89.630447	B3	64	42	1	-2
210	89.187512	89.828816	B4	64	90	0	2
211	89.187512	89.823382	D#5	64	83	0	1
212	89.187512	89.858708	G#4	64	78	0	4
213	89.839686	95.046208	D#5	64	84	0	1
214	90.491860	91.086969	D#5	64	79	0	1
215	90.491860	91.255447	F#4	64	72	0	2
216	90.491860	93.771752	G#3	64	59	1	-5
217	91.144034	91.684795	C#5	64	84	0	4
218	91.144034	93.000012	B3	64	73	1	-2
219	91.796208	92.426643	B4	64	90	0	2
220	92.448382	93.187512	A#4	64	79	0	1
221	93.100556	93.741860	B4	64	84	0	2
222	93.752730	94.470121	B3	64	83	1	-2
223	94.404904	94.994578	D#5	64	91	0	1
224	94.404904	95.184795	F#3	64	83	1	-2
225	95.057078	95.372295	B4	64	90	0	2
226	95.057078	95.402187	B4	64	84	0	2
227	95.057078	95.570665	B3	64	84	1	-2
228	95.383165	95.698382	B4	64	90	0	2
229	95.709252	96.350556	G#5	64	94	0	1
230	95.709252	97.160339	G#4	64	83	0	4
231	95.709252	100.502731	E3	64	82	1	-4
232	96.361426	97.002730	G#5	64	91	0	1
233	96.361426	100.035339	B3	64	79	1	-2
234	97.013600	97.654904	G#5	64	95	0	1
235	97.013600	98.326100	E4	64	79	0	5
236	97.665774	98.959252	G#5	64	94	0	1
237	97.665774	98.505448	G#4	64	78	0	4
238	98.970122	99.611426	F#5	64	84	0	4
239	98.970122	99.198383	F#4	64	78	0	2
240	99.622296	100.263600	E5	64	91	0	2
241	99.622296	100.035339	E4	64	73	0	5
242	99.622296	100.089687	G#4	64	76	0	4
243	99.622296	100.187513	B4	64	83	0	2
244	100.274470	101.567948	F#5	64	84	0	4
245	100.274470	100.880448	B3	64	80	1	-2
246	100.926644	101.823383	C#5	64	90	0	4
247	100.926644	101.842405	F#4	64	83	0	2
248	100.926644	105.423927	D#3	64	82	1	-5
249	101.578818	102.220122	F#5	64	86	0	4
250	101.578818	102.570666	B3	64	78	1	-2
251	102.230992	102.872296	E5	64	98	0	2
252	102.230992	102.752731	D#4	64	76	0	4
253	102.230992	103.396753	B4	64	91	0	2
254	102.883166	106.133166	D#5	64	95	0	1
255	102.883166	103.616862	F#4	64	84	0	2
256	103.535340	104.285340	B3	64	69	1	-2
257	104.187514	105.019036	D#4	64	82	0	4
258	104.513601	105.307079	B3	64	79	1	-2
259	104.839688	105.290775	E4	64	86	0	5
260	105.165775	105.426644	F#4	64	79	0	2
261	105.491862	105.910340	G#4	64	79	0	4
262	105.817949	106.964688	B4	64	83	0	2
263	106.144036	106.785340	C#5	64	98	0	4
264	106.144036	107.029906	C#4	64	78	0	2
265	106.144036	107.051645	E4	64	80	0	5
266	106.144036	107.456536	C#3	64	90	1	-2
267	106.796210	107.437514	C#5	64	95	0	4
268	106.796210	107.673927	G#3	64	77	1	-5
269	107.448384	108.089688	C#5	64	90	0	4
270	107.448384	108.567949	C#4	64	86	0	2
271	108.100558	109.394036	C#5	64	98	0	4
272	108.100558	108.317949	B2	64	90	1	-4
273	108.752732	109.551645	G#4	64	90	0	4
274	108.752732	109.654906	E4	64	90	0	5
275	108.752732	109.709254	C#4	64	81	0	2
276	108.752732	110.798928	A#2	64	98	1	-5
277	109.404906	110.046210	D#5	64	98	0	1
278	109.404906	110.554363	A#3	64	73	1	-3
279	110.057080	111.024471	E5	64	94	0	2
280	110.057080	110.812515	C#4	64	84	0	2
281	110.709254	111.252732	G#4	64	93	0	4
282	111.035341	115.263602	D#5	64	95	0	1
283	111.361428	111.891319	D#4	64	82	0	4
284	111.361428	111.923928	D#2	64	91	1	-2
285	111.361428	112.119580	G4	64	83	0	3
286	112.013602	112.497298	D#4	64	78	0	4
287	112.013602	112.706537	D#3	64	68	1	-5
288	112.013602	112.744580	G#4	64	84	0	4
289	112.665776	113.182080	D#4	64	69	0	4
290	112.665776	113.201102	A#4	64	99	0	1
291	112.665776	115.964689	G3	64	79	1	-1
292	113.317950	114.222841	A#3	64	80	1	-3
293	113.970124	114.209254	G4	64	82	0	3
294	113.970124	114.255450	G5	64	94	0	5
295	113.970124	114.752733	D#4	64	58	0	4
296	114.622298	114.807081	G#4	64	73	0	4
297	114.622298	114.896754	G#5	64	90	0	1
298	114.622298	115.875015	A#3	64	74	1	-3
299	115.274472	115.915776	B4	64	106	0	2
300	115.274472	115.442950	B4	64	84	0	2
301	115.274472	115.472841	A#5	64	94	0	3
302	115.274472	115.679363	D#4	64	77	0	4
303	115.926646	116.567950	C#5	64	95	0	4
304	115.926646	116.059798	F#5	64	82	0	4
305	115.926646	116.108711	B5	64	83	0	4
306	116.578820	117.220124	D#5	64	91	0	1
307	116.578820	116.788059	D#5	64	67	0	1
308	116.578820	116.807081	D#6	64	84	0	3
309	116.578820	120.959255	B2	64	81	1	-4
310	117.230994	117.872298	D#5	64	104	0	1
311	117.230994	118.445668	F#3	64	77	1	-2
312	117.883168	118.524472	D#5	64	104	0	1
313	117.883168	118.703820	B3	64	84	1	-2
314	118.535342	119.828820	D#5	64	108	0	1
315	118.535342	118.910342	D#4	64	79	0	4
316	118.535342	119.157625	B4	64	94	0	2
317	119.187516	119.353277	B4	64	50	0	2
318	119.187516	119.529907	D#4	64	81	0	4
319	119.187516	119.559799	F#4	64	83	0	2
320	119.839690	120.480994	E5	64	95	0	2
321	119.839690	120.654907	F#3	64	73	1	-2
322	120.491864	121.133168	F#5	64	84	0	4
323	120.491864	121.010886	B3	64	72	1	-2
324	120.491864	121.095125	F#4	64	84	0	2
325	120.491864	121.225560	D#5	64	90	0	1
326	121.144038	121.785342	D#5	64	101	0	1
327	121.144038	121.614147	F#3	64	81	1	-2
328	121.470125	121.730994	D#5	64	81	0	1
329	121.796212	125.698386	C#5	64	95	0	4
330	121.796212	122.671212	A#2	64	86	1	-5
331	121.796212	123.423929	F#4	64	84	0	2
332	121.796212	123.456538	C#5	64	90	0	4
333	122.448386	122.758169	F#3	64	75	1	-2
334	122.774473	123.192951	A#3	64	68	1	-3
335	123.100560	123.880451	C#4	64	79	0	2
336	123.426647	123.877734	D#4	64	84	0	4
337	123.752734	124.029908	F#4	64	82	0	2
338	124.078821	124.328821	C#5	64	84	0	4
339	124.404908	124.894038	F#4	64	79	0	2
340	124.404908	125.108712	D#5	64	84	0	1
341	124.404908	125.236430	A#2	64	91	1	-5
342	125.057082	125.086973	C#5	64	49	0	4
343	125.057082	125.233712	F#4	64	84	0	2
344	125.057082	125.258169	A#3	64	83	1	-3
345	125.709256	126.350560	C#5	64	84	0	4
346	125.709256	126.331539	D#4	64	82	0	4
347	125.709256	126.358713	G#4	64	90	0	4
348	125.709256	126.380452	C4	64	84	0	1
349	125.709256	126.434799	G#2	64	84	1	-2
350	126.361430	127.002734	D#5	64	98	0	1
351	126.361430	126.872300	G#3	64	84	1	-5
352	127.013604	127.654908	E5	64	101	0	2
353	127.013604	127.741865	E4	64	90	0	5
354	127.013604	128.081539	B3	64	94	1	-2
355	127.013604	128.198387	B4	64	84	0	2
356	127.013604	129.100561	C#3	64	90	1	-2
357	127.665778	128.307082	E5	64	100	0	2
358	127.665778	128.538061	G#3	64	76	1	-5
359	128.317952	128.959256	E5	64	101	0	2
360	128.317952	128.614148	B3	64	86	1	-2
361	128.644039	129.067952	E4	64	78	0	5
362	128.970126	130.263604	G#5	64	106	0	1
363	128.970126	129.144039	F#4	64	83	0	2
364	128.970126	129.519039	G#3	64	72	1	-5
365	129.296213	129.788061	G#4	64	83	0	4
366	129.622300	130.000017	E5	64	84	0	2
367	129.622300	131.720126	C#3	64	82	1	-2
368	129.948387	130.190235	D#5	64	84	0	1
369	130.274474	130.915778	A#5	64	90	0	3
370	130.274474	130.548930	B4	64	84	0	2
371	130.274474	131.138604	G#3	64	67	1	-5
372	130.600561	130.839691	G#4	64	80	0	4
373	130.926648	131.567952	B5	64	84	0	4
374	130.926648	131.236431	E4	64	83	0	5
375	130.926648	131.285344	C#4	64	77	0	2
376	131.252735	131.698387	D#4	64	86	0	4
377	131.578822	132.220126	A#5	64	94	0	3
378	131.578822	131.741865	G#3	64	79	1	-5
379	131.578822	132.043496	E4	64	84	0	5
380	131.904909	132.114148	F#4	64	79	0	2
381	132.230996	136.785344	G#5	64	91	0	1
382	132.230996	133.016322	G#4	64	80	0	4
383	132.230996	133.097844	B3	64	91	1	-2
384	132.230996	133.505453	G#2	64	83	1	-2
385	132.883170	133.570670	D#3	64	78	1	-5
386	133.535344	133.635887	B3	64	80	1	-2
387	133.535344	133.641322	D#4	64	84	0	4
388	133.535344	133.706540	G#4	64	86	0	4
389	133.535344	134.298931	G#3	64	72	1	-5
390	134.187518	134.972844	A#3	64	80	1	-3
391	134.839692	135.201105	D#5	64	83	0	1
392	134.839692	135.247301	F#4	64	82	0	2
393	134.839692	135.600562	B3	64	84	1	-2
394	135.491866	135.872301	C#5	64	79	0	4
395	135.491866	135.951105	E4	64	84	0	5
396	135.491866	136.709257	A#3	64	79	1	-3
397	136.144040	136.483714	B4	64	96	0	2
398	136.144040	136.540779	D#4	64	94	0	4
399	136.796214	137.111431	G#5	64	80	0	1
400	136.796214	137.000018	C#4	64	84	0	2
401	136.796214	137.000018	A#4	64	94	0	1
402	137.122301	137.437518	A#5	64	82	0	3
403	137.448388	138.089692	B5	64	84	0	4
404	137.448388	138.179366	E4	64	82	0	5
405	137.448388	138.228279	G#4	64	83	0	4
406	137.448388	138.230997	B4	64	90	0	2
407	137.448388	138.312518	B3	64	86	1	-2
408	137.448388	142.092410	E2	64	86	1	-1
409	138.100562	138.741866	B5	64	83	0	4
410	138.100562	139.059801	E3	64	54	1	-4
411	138.752736	139.394040	B5	64	82	0	4
412	138.752736	138.934801	B4	64	75	0	2
413	138.752736	139.391323	E4	64	90	0	5
414	138.752736	139.432084	G#4	64	82	0	4
415	138.752736	139.456540	B3	64	86	1	-2
416	139.404910	140.698388	B5	64	84	0	4
417	139.404910	140.247301	E3	64	52	1	-4
418	140.057084	140.709258	B3	64	82	1	-2
419	140.057084	140.730997	F#4	64	81	0	2
420	140.709258	141.350562	A#5	64	84	0	3
421	140.709258	141.391323	E3	64	76	1	-4
422	141.361432	142.002736	G#5	64	84	0	1
423	141.361432	141.750019	B3	64	94	1	-2
424	141.361432	141.831541	E4	64	96	0	5
425	141.687519	141.989149	E3	64	80	1	-4
426	142.013606	143.307084	F#5	64	78	0	4
427	142.013606	142.255454	B3	64	76	1	-2
428	142.665780	143.421215	B3	64	84	1	-2
429	142.665780	143.573389	F#4	64	79	0	2
430	142.665780	143.633171	D#4	64	84	0	4
431	142.665780	143.817954	B2	64	80	1	-4
432	143.317954	143.959258	F#5	64	80	0	4
433	143.317954	144.097845	D#3	64	82	1	-5
434	143.970128	144.611432	E5	64	84	0	2
435	143.970128	144.489150	F#4	64	76	0	2
436	143.970128	144.524476	C#4	64	82	0	2
437	143.970128	147.206541	B2	64	77	1	-4
438	144.622302	147.546215	D#5	64	82	0	1
439	144.622302	144.673932	C#4	64	47	0	2
440	144.622302	145.228280	D#4	64	81	0	4
441	144.622302	145.244585	F#4	64	81	0	2
442	144.622302	147.195672	F#3	64	71	1	-2
443	145.274476	146.214693	B3	64	76	1	-2
444	145.926650	146.323389	D#4	64	80	0	4
445	146.252737	146.785346	F#4	64	83	0	2
446	146.578824	147.092411	B3	64	84	1	-2
447	146.904911	147.285346	E4	64	91	0	5
448	147.230998	147.500020	D#4	64	78	0	4
449	147.557085	147.872302	B4	64	79	0	2
450	147.883172	148.524476	G#5	64	84	0	1
451	147.883172	148.888607	B3	64	94	1	-2
452	147.883172	148.899476	E4	64	86	0	5
453	147.883172	149.312520	G#3	64	75	1	-5
454	147.883172	149.934803	C#3	64	84	1	-2
455	148.535346	149.176650	G#5	64	78	0	1
456	149.187520	149.828824	G#5	64	80	0	1
457	149.187520	149.842411	E4	64	94	0	5
458	149.187520	150.040781	B3	64	91	1	-2
459	149.839694	151.133172	G#5	64	82	0	1
460	149.839694	150.029911	G#3	64	79	1	-5
461	150.491868	151.328825	C#4	64	84	0	2
462	150.491868	151.347846	E4	64	91	0	5
463	150.491868	152.595129	A#2	64	91	1	-5
464	151.144042	151.785346	A#5	64	84	0	3
465	151.144042	151.774477	A#3	64	73	1	-3
466	151.796216	152.437520	B5	64	86	0	4
467	151.796216	152.508173	C#4	64	93	0	2
468	151.796216	152.910346	E4	64	99	0	5
469	152.448390	158.307086	A#5	64	90	0	3
470	152.448390	152.608716	A#3	64	90	1	-3
471	152.774477	153.141325	D#4	64	52	0	4
472	153.100564	153.763607	D#2	64	86	1	-2
473	153.100564	155.029912	A#4	64	90	0	1
474	153.100564	155.184803	G4	64	62	0	3
475	153.752738	154.453825	D#3	64	82	1	-5
476	154.404912	157.220130	G#3	64	79	1	-5
477	155.057086	157.141325	A#3	64	81	1	-3
478	155.709260	155.972847	D#4	64	84	0	4
479	156.035347	156.388608	G#4	64	75	0	4
480	156.361434	156.491869	A#4	64	84	0	1
481	156.687521	156.894043	D#5	64	83	0	1
482	157.013608	157.410347	G#5	64	76	0	1
483	157.339695	157.788065	A#5	64	78	0	3
484	157.665782	157.991869	C#6	64	77	0	1
485	157.991869	158.122304	D#6	64	84	0	3
486	158.317956	159.421217	E2	64	76	1	-1
487	158.970130	159.595130	B2	64	80	1	-4
488	159.622304	160.339695	E3	64	69	1	-4
489	160.274478	162.372304	G#3	64	78	1	-5
490	161.578826	162.239152	B3	64	52	1	-2
491	163.535348	164.739152	D#2	64	63	1	-2
492	164.187522	164.788065	B2	64	59	1	-4
493	164.839696	165.554370	D#3	64	61	1	-5
494	165.491870	166.989153	F#3	64	77	1	-2
495	166.796218	167.027196	B3	64	73	1	-2
496	168.752740	169.084262	D2	64	82	1	-3
497	169.404914	170.584262	D2	64	81	1	-3
498	170.057088	170.663066	F2	64	84	1	-5
499	170.709262	171.239153	G#2	64	80	1	-2
500	172.665784	172.820675	G#3	64	75	1	-5
501	173.970132	175.201110	D#2	64	79	1	-2
502	174.622306	175.247306	A#2	64	79	1	-5
503	175.274480	175.421219	D#3	64	72	1	-5
504	175.926654	176.782632	G#3	64	58	1	-5
505	176.578828	177.260893	A#3	64	82	1	-3
506	177.231002	177.377741	D#4	64	81	0	4
507	177.883176	178.127741	D#4	64	83	0	4
508	179.187524	180.084263	B4	64	84	0	2
509	179.187524	182.972850	G#3	64	72	1	-5
510	180.491872	181.073394	E4	64	86	0	5
511	180.491872	181.135894	G#4	64	78	0	4
512	181.144046	181.608720	D#4	64	58	0	4
513	181.144046	181.663068	F#4	64	80	0	2
514	181.144046	181.834263	B3	64	74	1	-2
515	181.796220	182.048937	E4	64	84	0	5
516	181.796220	182.595133	G#4	64	82	0	4
517	182.448394	182.788068	B3	64	61	1	-2
518	182.774481	183.301655	E4	64	86	0	5
519	182.774481	183.317959	B4	64	90	0	2
520	183.100568	183.410351	B3	64	79	1	-2
521	183.426655	183.562524	E4	64	82	0	5
522	183.426655	183.622307	G#4	64	84	0	4
523	184.404916	185.182090	C#4	64	80	0	2
524	184.404916	185.489155	F#4	64	83	0	2
525	184.404916	186.875025	D#3	64	83	1	-5
526	185.057090	187.073395	A#3	64	72	1	-3
527	185.383177	186.847851	D#4	64	81	0	4
528	185.709264	186.114155	F#4	64	75	0	2
529	186.035351	186.228286	G#4	64	76	0	4
530	186.361438	186.565242	A#4	64	83	0	1
531	186.687525	187.032634	C#5	64	80	0	4
532	187.013612	187.407634	F#5	64	80	0	4
533	187.013612	188.945677	D#3	64	82	1	-5
534	187.339699	187.635895	D#5	64	78	0	1
535	187.665786	187.951112	C#5	64	78	0	4
536	187.991873	188.195677	A#4	64	82	0	1
537	188.317960	188.654916	F#4	64	79	0	2
538	188.317960	188.782634	A#3	64	78	1	-3
539	188.644047	188.915786	D#4	64	80	0	4
540	188.970134	189.179373	B3	64	90	1	-2
541	189.296221	189.423938	B3	64	43	1	-2
542	189.622308	190.293504	E4	64	84	0	5
543	189.622308	190.467417	G#3	64	84	1	-5
544	189.622308	190.475569	B3	64	90	1	-2
545	189.622308	191.437526	C#2	64	83	1	-4
546	190.274482	191.084265	C#3	64	39	1	-2
547	190.926656	191.690243	B3	64	86	1	-2
548	190.926656	191.711982	E4	64	84	0	5
549	190.926656	191.771765	G#3	64	77	1	-5
550	191.578830	191.725569	C#3	64	71	1	-2
551	191.578830	191.766330	C#2	64	76	1	-4
552	192.231004	192.948395	C#4	64	83	0	2
553	192.231004	192.956547	E4	64	84	0	5
554	192.231004	192.972852	G#4	64	84	0	4
555	192.231004	194.345135	A#2	64	84	1	-5
556	192.883178	193.611439	G3	64	56	1	-1
557	193.535352	194.081548	A#3	64	75	1	-3
558	193.535352	194.236439	C#4	64	84	0	2
559	193.535352	194.258178	G#4	64	84	0	4
560	194.187526	194.331548	G3	64	83	1	-1
561	194.839700	195.456548	D#2	64	86	1	-2
562	194.839700	196.369591	D#4	64	82	0	4
563	194.839700	196.375026	G4	64	82	0	3
564	194.839700	196.410352	A#4	64	90	0	1
565	195.491874	195.630461	D#3	64	73	1	-5
566	196.144048	196.331548	G#3	64	71	1	-5
567	196.796222	196.983722	D#4	64	76	0	4
568	197.448396	198.426657	A4	64	79	0	5
569	197.448396	198.535353	D4	64	77	0	3
570	197.448396	198.535353	F#4	64	76	0	2
571	197.448396	199.426657	D2	64	82	1	-3
572	197.448396	199.437527	D3	64	69	1	-1
573	199.078831	199.394048	D4	64	73	0	3
574	199.404918	199.557092	A4	64	79	0	5
575	200.057092	200.646766	A#4	64	82	0	1
576	200.057092	200.695679	D#4	64	72	0	4
577	200.057092	201.122309	G#2	64	60	1	-2
578	200.709266	201.228288	D#3	64	71	1	-5
579	201.361440	202.163070	G#3	64	63	1	-5
580	201.361440	202.171223	D#4	64	77	0	4
581	202.013614	203.565245	A#4	64	83	0	1
582	202.013614	205.932093	A#3	64	76	1	-3
583	205.274484	205.972854	D#5	64	38	0	1
584	209.839702	210.481006	D#5	64	95	0	1
585	210.491876	212.763615	B5	64	95	0	4
586	210.491876	211.891333	G#4	64	83	0	4
587	210.491876	211.899485	D#4	64	82	0	4
588	210.491876	212.029920	B3	64	82	1	-2
589	210.491876	212.557094	G#2	64	82	1	-2
590	211.144050	213.059811	D#3	64	62	1	-5
591	211.796224	212.461985	G#3	64	76	1	-5
592	212.448398	213.089702	D#5	64	86	0	1
593	212.448398	212.845137	B3	64	81	1	-2
594	212.774485	213.005463	G#4	64	81	0	4
595	213.100572	215.046224	A#5	64	94	0	3
596	213.100572	214.551659	F#4	64	83	0	2
597	213.100572	215.048942	F#2	64	78	1	-4
598	213.752746	215.008181	D#3	64	78	1	-5
599	214.404920	214.845137	F#3	64	78	1	-2
600	214.731007	215.168507	A#3	64	79	1	-3
601	215.057094	215.698398	F#5	64	84	0	4
602	215.057094	215.421224	B3	64	73	1	-2
603	215.383181	215.831551	F#4	64	75	0	2
604	215.709268	216.350572	G#5	64	91	0	1
605	215.709268	216.578833	G#3	64	72	1	-5
606	215.709268	216.592420	B3	64	80	1	-2
607	215.709268	216.932094	D#4	64	82	0	4
608	215.709268	218.019051	E2	64	81	1	-1
609	216.361442	217.002746	F#5	64	93	0	4
610	216.361442	217.410355	E3	64	73	1	-4
611	217.013616	217.654920	E5	64	91	0	2
612	217.013616	217.097855	B3	64	39	1	-2
613	217.013616	217.687529	E4	64	82	0	5
614	217.013616	217.731007	G#3	64	75	1	-5
615	217.665790	218.051660	E3	64	61	1	-4
616	217.665790	218.135899	D#4	64	77	0	4
617	217.991877	221.241877	F#5	64	95	0	4
618	218.317964	218.989160	D#2	64	86	1	-2
619	218.317964	219.130464	B3	64	81	1	-2
620	218.317964	219.195681	D#4	64	82	0	4
621	218.317964	219.309812	F#3	64	75	1	-2
622	218.970138	220.059812	D#3	64	69	1	-5
623	219.622312	220.051660	B3	64	78	1	-2
624	219.948399	220.326116	C#4	64	76	0	2
625	220.274486	220.592421	D#4	64	71	0	4
626	220.600573	221.046225	F#4	64	72	0	2
627	220.926660	221.567964	E5	64	95	0	2
628	220.926660	221.472856	E4	64	79	0	5
629	220.926660	222.961986	C#3	64	73	1	-2
630	221.578834	222.220138	D#5	64	95	0	1
631	221.578834	222.402204	D#4	64	74	0	4
632	221.578834	222.429377	G#3	64	68	1	-5
633	222.231008	222.872312	E5	64	90	0	2
634	222.231008	222.790791	C#4	64	63	0	2
635	222.231008	222.875030	E4	64	76	0	5
636	222.883182	225.481008	G#5	64	98	0	1
637	222.883182	223.078834	G#3	64	76	1	-5
638	222.883182	223.470138	B4	64	84	0	2
639	223.535356	224.619595	F#2	64	78	1	-4
640	223.535356	225.437530	C#4	64	71	0	2
641	223.535356	225.440247	A#4	64	91	0	1
642	224.187530	224.771769	C#3	64	75	1	-2
643	224.839704	225.481008	F#5	64	86	0	4
644	224.839704	225.589704	F#3	64	60	1	-2
645	225.491878	229.720139	D#5	64	95	0	1
646	225.491878	225.654921	A#3	64	82	1	-3
647	226.144052	226.828835	A#4	64	84	0	1
648	226.144052	227.027204	D#4	64	76	0	4
649	226.144052	228.277204	B2	64	83	1	-4
650	226.796226	227.271769	B4	64	74	0	2
651	226.796226	228.611444	F#3	64	63	1	-2
652	227.448400	228.078835	F#4	64	79	0	2
653	228.100574	228.366878	A#3	64	59	1	-3
654	228.100574	228.554378	D#4	64	79	0	4
655	228.752748	229.470139	C#4	64	74	0	2
656	228.752748	229.470139	E4	64	80	0	5
657	228.752748	229.519052	A#2	64	90	1	-5
658	229.404922	229.847857	G#4	64	79	0	4
659	230.057096	230.649487	A#4	64	90	0	1
660	230.057096	230.687531	G4	64	73	0	3
661	230.057096	230.722857	D#2	64	84	1	-2
662	230.057096	230.864161	D#4	64	78	0	4
663	230.709270	231.676661	D#5	64	91	0	1
664	230.709270	231.271770	D#3	64	72	1	-5
665	231.361444	233.307096	B5	64	95	0	4
666	231.361444	231.991879	B4	64	90	0	2
667	231.361444	232.078835	D#4	64	75	0	4
668	231.361444	233.086988	G#2	64	83	1	-2
669	232.013618	233.206553	D#3	64	78	1	-5
670	232.665792	233.125031	G#3	64	75	1	-5
671	232.991879	233.258183	A#3	64	75	1	-3
672	233.317966	233.959270	C#6	64	95	0	1
673	233.317966	233.682096	B3	64	71	1	-2
674	233.644053	233.899488	F#4	64	81	0	2
675	233.970140	235.915792	A#5	64	98	0	3
676	233.970140	234.703836	F#4	64	52	0	2
677	233.970140	234.709270	C#4	64	83	0	2
678	233.970140	234.798944	A#3	64	75	1	-3
679	233.970140	236.491879	F#2	64	79	1	-4
680	234.622314	235.663075	F#3	64	56	1	-2
681	235.274488	235.698401	A#3	64	69	1	-3
682	235.600575	236.010901	B3	64	80	1	-2
683	235.926662	236.567966	F#5	64	90	0	4
684	235.926662	236.279923	C#4	64	76	0	2
685	236.252749	237.192966	F#4	64	77	0	2
686	236.578836	237.220140	G#5	64	91	0	1
687	236.578836	236.959271	E3	64	61	1	-4
688	236.578836	237.328836	B3	64	80	1	-2
689	236.578836	237.413075	G#3	64	71	1	-5
690	236.578836	237.638619	D#4	64	78	0	4
691	236.578836	239.274488	E2	64	80	1	-1
692	237.231010	237.872314	F#5	64	90	0	4
693	237.231010	238.163075	E3	64	19	1	-4
694	237.883184	238.198401	E5	64	98	0	2
695	237.883184	238.456554	E4	64	80	0	5
696	237.883184	238.497314	B3	64	82	1	-2
697	237.883184	238.573401	G#3	64	73	1	-5
698	238.209271	238.524488	F#5	64	75	0	4
699	238.535358	241.785358	F#5	64	93	0	4
700	238.535358	239.380467	E3	64	68	1	-4
701	238.861445	240.622315	F#3	64	44	1	-2
702	239.187532	239.888619	B3	64	80	1	-2
703	239.187532	239.894054	D#4	64	84	0	4
704	239.187532	240.839706	B2	64	82	1	-4
705	240.491880	240.932097	B3	64	81	1	-2
706	240.817967	241.239163	C#4	64	81	0	2
707	241.144054	241.698402	D#4	64	77	0	4
708	241.470141	241.709271	E4	64	69	0	5
709	241.796228	242.437532	G#5	64	84	0	1
710	241.796228	242.497315	E4	64	69	0	5
711	241.796228	242.638619	B3	64	77	1	-2
712	241.796228	242.714706	G#3	64	72	1	-5
713	241.796228	243.201119	C#3	64	62	1	-2
714	241.796228	243.673946	C#2	64	82	1	-4
715	242.448402	243.089706	G#5	64	95	0	1
716	243.100576	243.741880	G#5	64	98	0	1
717	243.100576	243.573402	B3	64	81	1	-2
718	243.100576	243.573402	E4	64	84	0	5
719	243.100576	243.883185	G#3	64	77	1	-5
720	243.752750	245.698402	G5	64	101	0	5
721	243.752750	243.972859	C#3	64	79	1	-2
722	244.404924	244.793511	D#3	64	62	1	-5
723	244.404924	245.179381	A#3	64	56	1	-3
724	244.404924	245.293511	G3	64	78	1	-1
725	244.404924	245.380468	C#4	64	79	0	2
726	244.404924	246.290794	D#2	64	81	1	-2
727	245.057098	245.864163	D#3	64	58	1	-5
728	245.709272	246.195685	G3	64	80	1	-1
729	245.709272	246.448402	A#3	64	78	1	-3
730	245.709272	246.725576	D#4	64	79	0	4
731	246.361446	246.676663	G#5	64	84	0	1
732	246.361446	246.926663	D#3	64	75	1	-5
733	247.013620	247.497316	G#3	64	76	1	-5
734	247.013620	247.548946	B3	64	91	1	-2
735	247.013620	248.271772	G#2	64	80	1	-2
736	247.665794	248.035359	A#3	64	78	1	-3
737	247.665794	248.301664	D#3	64	75	1	-5
738	247.665794	248.366881	C#4	64	82	0	2
739	248.317968	248.415794	A#3	64	79	1	-3
740	248.317968	248.461990	D#4	64	84	0	4
741	248.317968	249.051664	G#3	64	72	1	-5
742	248.970142	249.122316	A#3	64	82	1	-3
743	248.970142	249.127751	D#4	64	80	0	4
744	248.970142	249.163077	B4	64	90	0	2
745	249.296229	249.589707	A#4	64	82	0	1
746	249.622316	249.991881	B4	64	84	0	2
747	249.622316	250.048946	G#2	64	78	1	-2
748	249.948403	250.171229	A#4	64	84	0	1
749	249.948403	250.192968	D#3	64	79	1	-5
750	250.274490	250.630468	D#4	64	80	0	4
751	250.274490	250.668512	G#3	64	72	1	-5
752	250.600577	251.021773	G#4	64	76	0	4
753	250.600577	251.114164	A#3	64	72	1	-3
754	250.926664	251.567968	B4	64	98	0	2
755	250.926664	251.086990	B3	64	84	1	-2
756	250.926664	251.106012	A#4	64	84	0	1
757	251.252751	251.372316	A#4	64	72	0	1
758	251.252751	251.396773	B4	64	75	0	2
759	251.578838	252.220142	C#5	64	94	0	4
760	251.578838	251.940251	C#5	64	72	0	4
761	251.904925	252.010903	D#5	64	83	0	1
762	252.231012	252.872316	D#5	64	95	0	1
763	252.231012	253.021773	D#4	64	80	0	4
764	252.231012	253.073403	B4	64	93	0	2
765	252.231012	256.323404	B2	64	80	1	-4
766	252.883186	253.524490	D#5	64	98	0	1
767	252.883186	254.820686	B3	64	73	1	-2
768	253.535360	254.176664	D#5	64	104	0	1
769	253.535360	255.630469	F#4	64	80	0	2
770	254.187534	256.133186	D#5	64	103	0	1
771	254.187534	255.119599	B4	64	84	0	2
772	255.491882	256.673947	B3	64	57	1	-2
773	256.144056	256.785360	C#5	64	94	0	4
774	256.144056	256.494599	G#4	64	84	0	4
775	257.448404	257.991882	C#4	64	77	0	2
776	257.448404	258.108730	F#4	64	79	0	2
777	257.448404	259.913078	A#3	64	79	1	-3
778	258.100578	259.125035	C#4	64	71	0	2
779	258.752752	259.448404	F#4	64	76	0	2
780	259.404926	259.877752	A#4	64	90	0	1
781	261.361448	261.676665	C#5	64	93	0	4
782	261.361448	261.850578	G#4	64	84	0	4
783	261.361448	261.864165	C4	64	84	0	1
784	261.361448	261.864165	D#4	64	83	0	4
785	261.361448	261.994600	G#2	64	80	1	-2
786	262.013622	262.654926	D#5	64	90	0	1
787	262.013622	262.586992	G#3	64	61	1	-5
788	262.665796	263.307100	E5	64	98	0	2
789	262.665796	263.377753	B3	64	78	1	-2
790	262.665796	263.410361	E4	64	84	0	5
791	262.665796	263.690253	B4	64	93	0	2
792	262.665796	266.877753	C#3	64	82	1	-2
793	263.317970	263.959274	E5	64	100	0	2
794	263.317970	267.097862	G#3	64	62	1	-5
795	263.970144	264.611448	E5	64	101	0	2
796	263.970144	265.029927	E4	64	84	0	5
797	264.622318	265.915796	E5	64	100	0	2
798	264.622318	265.173948	B4	64	90	0	2
799	265.926666	266.567970	D#5	64	90	0	1
800	265.926666	267.021775	B3	64	42	1	-2
801	266.578840	267.220144	C#5	64	90	0	4
802	266.578840	267.214710	D#5	64	83	0	1
803	266.578840	267.250036	G#4	64	78	0	4
804	267.231014	272.437536	D#5	64	84	0	1
805	267.883188	268.478297	D#5	64	79	0	1
806	267.883188	268.646775	F#4	64	72	0	2
807	267.883188	271.163080	G#3	64	59	1	-5
808	268.535362	269.076123	C#5	64	84	0	4
809	268.535362	270.391340	B3	64	73	1	-2
810	269.187536	269.817971	B4	64	90	0	2
811	269.839710	270.578840	A#4	64	79	0	1
812	270.491884	271.133188	B4	64	84	0	2
813	271.144058	271.861449	B3	64	83	1	-2
814	271.796232	272.385906	D#5	64	91	0	1
815	271.796232	272.576123	F#3	64	83	1	-2
816	272.448406	272.763623	B4	64	90	0	2
817	272.448406	272.793515	B4	64	84	0	2
818	272.448406	272.961993	B3	64	84	1	-2
819	272.774493	273.089710	B4	64	90	0	2
820	273.100580	273.741884	G#5	64	94	0	1
821	273.100580	274.551667	G#4	64	83	0	4
822	273.100580	277.894059	E3	64	82	1	-4
823	273.752754	274.394058	G#5	64	91	0	1
824	273.752754	277.426667	B3	64	79	1	-2
825	274.404928	275.046232	G#5	64	95	0	1
826	274.404928	275.717428	E4	64	79	0	5
827	275.057102	276.350580	G#5	64	94	0	1
828	275.057102	275.896776	G#4	64	78	0	4
829	276.361450	277.002754	F#5	64	84	0	4
830	276.361450	276.589711	F#4	64	78	0	2
831	277.013624	277.654928	E5	64	91	0	2
832	277.013624	277.426667	E4	64	73	0	5
833	277.013624	277.481015	G#4	64	76	0	4
834	277.013624	277.578841	B4	64	83	0	2
835	277.665798	278.959276	F#5	64	84	0	4
836	277.665798	278.271776	B3	64	80	1	-2
837	278.317972	279.214711	C#5	64	90	0	4
838	278.317972	279.233733	F#4	64	83	0	2
839	278.317972	282.815255	D#3	64	82	1	-5
840	278.970146	279.611450	F#5	64	86	0	4
841	278.970146	279.961994	B3	64	78	1	-2
842	279.622320	280.263624	E5	64	98	0	2
843	279.622320	280.144059	D#4	64	76	0	4
844	279.622320	280.788081	B4	64	91	0	2
845	280.274494	283.524494	D#5	64	95	0	1
846	280.274494	281.008190	F#4	64	84	0	2
847	280.926668	281.676668	B3	64	69	1	-2
848	281.578842	282.410364	D#4	64	82	0	4
849	281.904929	282.698407	B3	64	79	1	-2
850	282.231016	282.682103	E4	64	86	0	5
851	282.557103	282.817972	F#4	64	79	0	2
852	282.883190	283.301668	G#4	64	79	0	4
853	283.209277	284.356016	B4	64	83	0	2
854	283.535364	284.176668	C#5	64	98	0	4
855	283.535364	284.421234	C#4	64	78	0	2
856	283.535364	284.442973	E4	64	80	0	5
857	283.535364	284.847864	C#3	64	90	1	-2
858	284.187538	284.828842	C#5	64	95	0	4
859	284.187538	285.065255	G#3	64	77	1	-5
860	284.839712	285.481016	C#5	64	90	0	4
861	284.839712	285.959277	C#4	64	86	0	2
862	285.491886	286.785364	C#5	64	98	0	4
863	285.491886	285.709277	B2	64	90	1	-4
864	286.144060	286.942973	G#4	64	90	0	4
865	286.144060	287.046234	E4	64	90	0	5
866	286.144060	287.100582	C#4	64	81	0	2
867	286.144060	288.190256	A#2	64	98	1	-5
868	286.796234	287.437538	D#5	64	98	0	1
869	286.796234	287.945691	A#3	64	73	1	-3
870	287.448408	288.415799	E5	64	94	0	2
871	287.448408	288.203843	C#4	64	84	0	2
872	288.100582	288.644060	G#4	64	93	0	4
873	288.426669	292.654930	D#5	64	95	0	1
874	288.752756	289.282647	D#4	64	82	0	4
875	288.752756	289.315256	D#2	64	91	1	-2
876	288.752756	289.510908	G4	64	83	0	3
877	289.404930	289.888626	D#4	64	78	0	4
878	289.404930	290.097865	D#3	64	68	1	-5
879	289.404930	290.135908	G#4	64	84	0	4
880	290.057104	290.573408	D#4	64	69	0	4
881	290.057104	290.592430	A#4	64	99	0	1
882	290.057104	293.356017	G3	64	79	1	-1
883	290.709278	291.614169	A#3	64	80	1	-3
884	291.361452	291.600582	G4	64	82	0	3
885	291.361452	291.646778	G5	64	94	0	5
886	291.361452	292.144061	D#4	64	58	0	4
887	292.013626	292.198409	G#4	64	73	0	4
888	292.013626	292.288082	G#5	64	90	0	1
889	292.013626	293.266343	A#3	64	74	1	-3
890	292.665800	293.307104	B4	64	106	0	2
891	292.665800	292.834278	B4	64	84	0	2
892	292.665800	292.864169	A#5	64	94	0	3
893	292.665800	293.070691	D#4	64	77	0	4
894	293.317974	293.959278	C#5	64	95	0	4
895	293.317974	293.451126	F#5	64	82	0	4
896	293.317974	293.500039	B5	64	83	0	4
897	293.970148	294.611452	D#5	64	91	0	1
898	293.970148	294.179387	D#5	64	67	0	1
899	293.970148	294.198409	D#6	64	84	0	3
900	293.970148	298.350583	B2	64	81	1	-4
901	294.622322	295.263626	D#5	64	104	0	1
902	294.622322	295.836996	F#3	64	77	1	-2
903	295.274496	295.915800	D#5	64	104	0	1
904	295.274496	296.095148	B3	64	84	1	-2
905	295.926670	297.220148	D#5	64	108	0	1
906	295.926670	296.301670	D#4	64	79	0	4
907	295.926670	296.548953	B4	64	94	0	2
908	296.578844	296.744605	B4	64	50	0	2
909	296.578844	296.921235	D#4	64	81	0	4
910	296.578844	296.951127	F#4	64	83	0	2
911	297.231018	297.872322	E5	64	95	0	2
912	297.231018	298.046235	F#3	64	73	1	-2
913	297.883192	298.524496	F#5	64	84	0	4
914	297.883192	298.402214	B3	64	72	1	-2
915	297.883192	298.486453	F#4	64	84	0	2
916	297.883192	298.616888	D#5	64	90	0	1
917	298.535366	299.176670	D#5	64	101	0	1
918	298.535366	299.005475	F#3	64	81	1	-2
919	298.861453	299.122322	D#5	64	81	0	1
920	299.187540	303.089714	C#5	64	95	0	4
921	299.187540	300.062540	A#2	64	86	1	-5
922	299.187540	300.815258	F#4	64	84	0	2
923	299.187540	300.847866	C#5	64	90	0	4
924	299.839714	300.149497	F#3	64	75	1	-2
925	300.165801	300.584279	A#3	64	68	1	-3
926	300.491888	301.271779	C#4	64	79	0	2
927	300.817975	301.269062	D#4	64	84	0	4
928	301.144062	301.421236	F#4	64	82	0	2
929	301.470149	301.720149	C#5	64	84	0	4
930	301.796236	302.285366	F#4	64	79	0	2
931	301.796236	302.500040	D#5	64	84	0	1
932	301.796236	302.627758	A#2	64	91	1	-5
933	302.448410	302.478301	C#5	64	49	0	4
934	302.448410	302.625040	F#4	64	84	0	2
935	302.448410	302.649497	A#3	64	83	1	-3
936	303.100584	303.741888	C#5	64	84	0	4
937	303.100584	303.722867	D#4	64	82	0	4
938	303.100584	303.750041	G#4	64	90	0	4
939	303.100584	303.771780	C4	64	84	0	1
940	303.100584	303.826127	G#2	64	84	1	-2
941	303.752758	304.394062	D#5	64	98	0	1
942	303.752758	304.263628	G#3	64	84	1	-5
943	304.404932	305.046236	E5	64	101	0	2
944	304.404932	305.133193	E4	64	90	0	5
945	304.404932	305.472867	B3	64	94	1	-2
946	304.404932	305.589715	B4	64	84	0	2
947	304.404932	306.491889	C#3	64	90	1	-2
948	305.057106	305.698410	E5	64	100	0	2
949	305.057106	305.929389	G#3	64	76	1	-5
950	305.709280	306.350584	E5	64	101	0	2
951	305.709280	306.005476	B3	64	86	1	-2
952	306.035367	306.459280	E4	64	78	0	5
953	306.361454	307.654932	G#5	64	106	0	1
954	306.361454	306.535367	F#4	64	83	0	2
955	306.361454	306.910367	G#3	64	72	1	-5
956	306.687541	307.179389	G#4	64	83	0	4
957	307.013628	307.391345	E5	64	84	0	2
958	307.013628	309.111454	C#3	64	82	1	-2
959	307.339715	307.581563	D#5	64	84	0	1
960	307.665802	308.307106	A#5	64	90	0	3
961	307.665802	307.940258	B4	64	84	0	2
962	307.665802	308.529932	G#3	64	67	1	-5
963	307.991889	308.231019	G#4	64	80	0	4
964	308.317976	308.959280	B5	64	84	0	4
965	308.317976	308.627759	E4	64	83	0	5
966	308.317976	308.676672	C#4	64	77	0	2
967	308.644063	309.089715	D#4	64	86	0	4
968	308.970150	309.611454	A#5	64	94	0	3
969	308.970150	309.133193	G#3	64	79	1	-5
970	308.970150	309.434824	E4	64	84	0	5
971	309.296237	309.505476	F#4	64	79	0	2
972	309.622324	314.176672	G#5	64	91	0	1
973	309.622324	310.407650	G#4	64	80	0	4
974	309.622324	310.489172	B3	64	91	1	-2
975	309.622324	310.896781	G#2	64	83	1	-2
976	310.274498	310.961998	D#3	64	78	1	-5
977	310.926672	311.027215	B3	64	80	1	-2
978	310.926672	311.032650	D#4	64	84	0	4
979	310.926672	311.097868	G#4	64	86	0	4
980	310.926672	311.690259	G#3	64	72	1	-5
981	311.578846	312.364172	A#3	64	80	1	-3
982	312.231020	312.592433	D#5	64	83	0	1
983	312.231020	312.638629	F#4	64	82	0	2
984	312.231020	312.991890	B3	64	84	1	-2
985	312.883194	313.263629	C#5	64	79	0	4
986	312.883194	313.342433	E4	64	84	0	5
987	312.883194	314.100585	A#3	64	79	1	-3
988	313.535368	313.875042	B4	64	96	0	2
989	313.535368	313.932107	D#4	64	94	0	4
990	314.187542	314.502759	G#5	64	80	0	1
991	314.187542	314.391346	C#4	64	84	0	2
992	314.187542	314.391346	A#4	64	94	0	1
993	314.513629	314.828846	A#5	64	82	0	3
994	314.839716	315.481020	B5	64	84	0	4
995	314.839716	315.570694	E4	64	82	0	5
996	314.839716	315.619607	G#4	64	83	0	4
997	314.839716	315.622325	B4	64	90	0	2
998	314.839716	315.703846	B3	64	86	1	-2
999	314.839716	319.483738	E2	64	86	1	-1
1000	315.491890	316.133194	B5	64	83	0	4
1001	315.491890	316.451129	E3	64	54	1	-4
1002	316.144064	316.785368	B5	64	82	0	4
1003	316.144064	316.326129	B4	64	75	0	2
1004	316.144064	316.782651	E4	64	90	0	5
1005	316.144064	316.823412	G#4	64	82	0	4
1006	316.144064	316.847868	B3	64	86	1	-2
1007	316.796238	318.089716	B5	64	84	0	4
1008	316.796238	317.638629	E3	64	52	1	-4
1009	317.448412	318.100586	B3	64	82	1	-2
1010	317.448412	318.122325	F#4	64	81	0	2
1011	318.100586	318.741890	A#5	64	84	0	3
1012	318.100586	318.782651	E3	64	76	1	-4
1013	318.752760	319.394064	G#5	64	84	0	1
1014	318.752760	319.141347	B3	64	94	1	-2
1015	318.752760	319.222869	E4	64	96	0	5
1016	319.078847	319.380477	E3	64	80	1	-4
1017	319.404934	320.698412	F#5	64	78	0	4
1018	319.404934	319.646782	B3	64	76	1	-2
1019	320.057108	320.812543	B3	64	84	1	-2
1020	320.057108	320.964717	F#4	64	79	0	2
1021	320.057108	321.024499	D#4	64	84	0	4
1022	320.057108	321.209282	B2	64	80	1	-4
1023	320.709282	321.350586	F#5	64	80	0	4
1024	320.709282	321.489173	D#3	64	82	1	-5
1025	321.361456	322.002760	E5	64	84	0	2
1026	321.361456	321.880478	F#4	64	76	0	2
1027	321.361456	321.915804	C#4	64	82	0	2
1028	321.361456	324.597869	B2	64	77	1	-4
1029	322.013630	324.937543	D#5	64	82	0	1
1030	322.013630	322.065260	C#4	64	47	0	2
1031	322.013630	322.619608	D#4	64	81	0	4
1032	322.013630	322.635913	F#4	64	81	0	2
1033	322.013630	324.587000	F#3	64	71	1	-2
1034	322.665804	323.606021	B3	64	76	1	-2
1035	323.317978	323.714717	D#4	64	80	0	4
1036	323.644065	324.176674	F#4	64	83	0	2
1037	323.970152	324.483739	B3	64	84	1	-2
1038	324.296239	324.676674	E4	64	91	0	5
1039	324.622326	324.891348	D#4	64	78	0	4
1040	324.948413	325.263630	B4	64	79	0	2
1041	325.274500	325.915804	G#5	64	84	0	1
1042	325.274500	326.279935	B3	64	94	1	-2
1043	325.274500	326.290804	E4	64	86	0	5
1044	325.274500	326.703848	G#3	64	75	1	-5
1045	325.274500	327.326131	C#3	64	84	1	-2
1046	325.926674	326.567978	G#5	64	78	0	1
1047	326.578848	327.220152	G#5	64	80	0	1
1048	326.578848	327.233739	E4	64	94	0	5
1049	326.578848	327.432109	B3	64	91	1	-2
1050	327.231022	328.524500	G#5	64	82	0	1
1051	327.231022	327.421239	G#3	64	79	1	-5
1052	327.883196	328.720153	C#4	64	84	0	2
1053	327.883196	328.739174	E4	64	91	0	5
1054	327.883196	329.986457	A#2	64	91	1	-5
1055	328.535370	329.176674	A#5	64	84	0	3
1056	328.535370	329.165805	A#3	64	73	1	-3
1057	329.187544	329.828848	B5	64	86	0	4
1058	329.187544	329.899501	C#4	64	93	0	2
1059	329.187544	330.301674	E4	64	99	0	5
1060	329.839718	335.698414	A#5	64	90	0	3
1061	329.839718	330.000044	A#3	64	90	1	-3
1062	330.165805	330.532653	D#4	64	52	0	4
1063	330.491892	331.154935	D#2	64	86	1	-2
1064	330.491892	332.421240	A#4	64	90	0	1
1065	330.491892	332.576131	G4	64	62	0	3
1066	331.144066	331.845153	D#3	64	82	1	-5
1067	331.796240	334.611458	G#3	64	79	1	-5
1068	332.448414	334.532653	A#3	64	81	1	-3
1069	333.100588	333.364175	D#4	64	84	0	4
1070	333.426675	333.779936	G#4	64	75	0	4
1071	333.752762	333.883197	A#4	64	84	0	1
1072	334.078849	334.285371	D#5	64	83	0	1
1073	334.404936	334.964719	D#5	64	90	0	1
1074	334.404936	334.801675	G#5	64	76	0	1
1075	334.731023	335.179393	A#5	64	78	0	3
1076	335.057110	335.608740	E5	64	86	0	2
1077	335.057110	335.383197	C#6	64	77	0	1
1078	335.383197	335.513632	D#6	64	84	0	3
1079	335.709284	336.214719	F#5	64	91	0	4
1080	336.361458	336.815262	F#5	64	84	0	4
1081	336.361458	336.741893	B4	64	84	0	2
1082	336.361458	336.763632	B3	64	60	1	-2
1083	336.361458	336.769067	F#4	64	84	0	2
1084	336.361458	336.777219	D#4	64	80	0	4
1085	336.361458	336.796241	B2	64	81	1	-4
1086	337.013632	337.510915	F#5	64	91	0	4
1087	337.013632	337.356023	B2	64	81	1	-4
1088	337.013632	337.366893	F#4	64	80	0	2
1089	337.013632	337.369610	B3	64	75	1	-2
1090	337.013632	337.391349	D#4	64	76	0	4
1091	337.013632	337.396784	B4	64	84	0	2
1092	337.665806	338.739176	F#5	64	93	0	4
1093	337.665806	338.682110	B3	64	93	1	-2
1094	337.665806	339.149502	B4	64	91	0	2
1095	337.665806	339.173958	D#4	64	81	0	4
1096	337.665806	339.201132	F#4	64	83	0	2
1097	337.665806	339.896784	B2	64	86	1	-4
1098	338.970154	339.472871	E5	64	91	0	2
1099	339.296241	339.815263	B3	64	4	1	-2
1100	339.622328	340.111458	D#5	64	86	0	1
1101	339.622328	340.366893	F#4	64	93	0	2
1102	339.622328	340.383198	D#4	64	84	0	4
1103	339.622328	340.388632	B4	64	93	0	2
1104	340.274502	340.983741	G#5	64	90	0	1
1105	340.274502	340.388632	B3	64	78	1	-2
1106	340.274502	340.451132	B2	64	90	1	-4
1107	340.926676	342.543524	F#5	64	84	0	4
1108	341.578850	341.921241	F#3	64	50	1	-2
1109	341.578850	342.260915	A#4	64	77	0	1
1110	341.578850	342.421241	C#4	64	72	0	2
1111	341.578850	342.426676	F#4	64	78	0	2
1112	341.578850	343.369611	F#2	64	84	1	-4
1113	342.231024	342.812546	F#3	64	60	1	-2
1114	342.883198	343.258198	C#4	64	78	0	2
1115	342.883198	343.285372	G#4	64	83	0	4
1116	343.209285	343.298959	A#4	64	71	0	1
1117	343.209285	343.369611	F#4	64	79	0	2
1118	343.535372	343.611459	F#4	64	70	0	2
1119	343.535372	343.975589	F#3	64	78	1	-2
1120	343.535372	344.214720	A#4	64	94	0	1
1121	343.535372	344.241894	C#4	64	80	0	2
1122	343.535372	345.698416	F#2	64	86	1	-4
1123	344.187546	344.258198	F#4	64	58	0	2
1124	344.187546	344.434829	F#3	64	62	1	-2
1125	344.513633	345.027220	C#5	64	94	0	4
1126	344.513633	345.043524	C#4	64	83	0	2
1127	344.513633	345.097872	F#4	64	83	0	2
1128	344.839720	345.614177	D#5	64	94	0	1
1129	344.839720	345.144068	F#3	64	82	1	-2
1130	345.165807	345.377763	G#4	64	83	0	4
1131	345.165807	345.413090	A#4	64	80	0	1
1132	345.165807	345.625046	C#4	64	83	0	2
1133	345.491894	346.114177	F#5	64	83	0	4
1134	345.491894	345.614177	F#3	64	61	1	-2
1135	346.144068	346.611459	G#5	64	90	0	1
1136	346.144068	346.733742	C#3	64	79	1	-2
1137	346.144068	346.834285	G#4	64	90	0	4
1138	346.144068	347.002764	B3	64	93	1	-2
1139	346.144068	347.062546	E4	64	84	0	5
1140	346.144068	350.432112	C#2	64	84	1	-4
1141	346.796242	347.233742	G#5	64	95	0	1
1142	346.796242	347.421242	C#3	64	62	1	-2
1143	347.448416	347.885916	G#5	64	91	0	1
1144	347.448416	348.013633	E4	64	83	0	5
1145	347.448416	348.024503	B3	64	84	1	-2
1146	347.448416	348.057112	G#4	64	84	0	4
1147	348.100590	349.201134	G#5	64	98	0	1
1148	348.100590	348.304394	B3	64	38	1	-2
1149	348.100590	348.589720	F#4	64	83	0	2
1150	348.100590	348.904938	C#3	64	62	1	-2
1151	348.752764	349.380481	G#4	64	83	0	4
1152	348.752764	349.540807	B3	64	84	1	-2
1153	348.752764	349.557112	E4	64	83	0	5
1154	349.404938	349.986460	A#5	64	90	0	3
1155	349.404938	350.002764	C#3	64	55	1	-2
1156	350.057112	351.135916	B5	64	95	0	4
1157	350.057112	350.317981	B3	64	86	1	-2
1158	350.057112	350.353308	E4	64	86	0	5
1159	350.057112	350.399503	G#4	64	82	0	4
1160	350.383199	350.766351	C#3	64	79	1	-2
1161	350.709286	350.962003	F#4	64	75	0	2
1162	351.035373	351.394069	G#4	64	78	0	4
1163	351.361460	351.970156	A#5	64	91	0	3
1164	351.361460	351.877764	D#4	64	78	0	4
1165	351.361460	352.046243	B4	64	90	0	2
1166	351.361460	356.002765	G#2	64	80	1	-2
1167	352.013634	355.231026	G#5	64	94	0	1
1168	352.013634	352.182112	D#4	64	74	0	4
1169	352.013634	352.290808	A#4	64	83	0	1
1170	352.013634	354.059830	D#3	64	72	1	-5
1171	352.339721	352.722873	D#4	64	82	0	4
1172	352.339721	352.782656	B4	64	90	0	2
1173	352.665808	353.005482	G#3	64	61	1	-5
1174	352.991895	353.138634	C#4	64	84	0	2
1175	352.991895	353.157656	A#4	64	86	0	1
1176	353.317982	353.728308	G#3	64	52	1	-5
1177	353.644069	354.163091	G#4	64	91	0	4
1178	353.644069	354.320699	B3	64	83	1	-2
1179	354.296243	354.972873	G#3	64	76	1	-5
1180	354.296243	355.426678	D#3	64	11	1	-5
1181	354.622330	354.972873	A#3	64	86	1	-3
1182	354.948417	355.116895	B3	64	80	1	-2
1183	355.274504	355.652221	D#4	64	84	0	4
1184	355.274504	355.733743	G#3	64	57	1	-5
1185	355.600591	355.668526	A#4	64	58	0	1
1186	355.600591	355.801678	G#4	64	60	0	4
1187	355.926678	356.350591	G#5	64	82	0	1
1188	355.926678	355.978308	G#4	64	38	0	4
1189	355.926678	356.092439	D#3	64	80	1	-5
1190	355.926678	356.201134	A#4	64	84	0	1
1191	356.252765	356.559830	A#5	64	82	0	3
1192	356.252765	357.654939	B4	64	86	0	2
1193	356.578852	357.010917	B5	64	83	0	4
1194	356.578852	357.309830	E4	64	83	0	5
1195	356.578852	357.342439	G#4	64	83	0	4
1196	356.578852	357.347874	B3	64	86	1	-2
1197	356.578852	361.198418	E2	64	84	1	-1
1198	357.231026	357.630482	B5	64	90	0	4
1199	357.231026	358.144069	E3	64	37	1	-4
1200	357.883200	358.279939	B5	64	86	0	4
1201	357.883200	358.627765	G#4	64	80	0	4
1202	357.883200	358.633200	E4	64	82	0	5
1203	357.883200	358.717439	B3	64	84	1	-2
1204	358.535374	359.641352	B5	64	91	0	4
1205	358.535374	359.364178	E3	64	50	1	-4
1206	359.187548	359.962005	E4	64	83	0	5
1207	359.187548	359.983744	B3	64	80	1	-2
1208	359.187548	360.005483	G#4	64	80	0	4
1209	359.839722	360.358744	A#5	64	90	0	3
1210	359.839722	360.521787	E3	64	70	1	-4
1211	360.491896	361.135918	G#5	64	84	0	1
1212	360.491896	360.875048	B3	64	86	1	-2
1213	360.491896	360.953852	F#4	64	90	0	2
1214	360.817983	361.135918	E3	64	62	1	-4
1215	361.144070	361.413092	E4	64	81	0	5
1216	361.470157	361.701135	F#4	64	75	0	2
1217	361.796244	362.570701	F#4	64	80	0	2
1218	361.796244	362.573418	D#4	64	82	0	4
1219	361.796244	362.600592	B3	64	81	1	-2
1220	361.796244	366.453853	D#2	64	91	1	-2
1221	362.448418	362.837005	F#5	64	83	0	4
1222	362.448418	363.385918	D#3	64	59	1	-5
1223	363.100592	363.793527	G#5	64	90	0	1
1224	363.100592	363.540809	D#4	64	83	0	4
1225	363.100592	363.546244	F#4	64	82	0	2
1226	363.100592	363.592440	B3	64	82	1	-2
1227	363.752766	366.470158	D#5	64	91	0	1
1228	363.752766	364.663092	D#3	64	54	1	-5
1229	364.404940	365.114179	B3	64	86	1	-2
1230	364.404940	365.165810	F#4	64	84	0	2
1231	364.404940	365.222875	F#3	64	80	1	-2
1232	365.057114	365.771788	D#3	64	56	1	-5
1233	365.709288	366.347875	F#4	64	84	0	2
1234	365.709288	366.399505	F#3	64	83	1	-2
1235	365.709288	366.445701	B3	64	93	1	-2
1236	366.361462	366.562549	D#3	64	80	1	-5
1237	367.013636	367.451136	G#5	64	83	0	1
1238	367.013636	367.660375	E4	64	84	0	5
1239	367.013636	367.692984	G#4	64	82	0	4
1240	367.013636	369.138636	C#3	64	86	1	-2
1241	367.665810	368.160375	G#5	64	90	0	1
1242	367.665810	368.154940	D#4	64	69	0	4
1243	367.665810	368.220158	F#4	64	80	0	2
1244	367.665810	368.489180	G#3	64	68	1	-5
1245	368.317984	368.733745	G#5	64	80	0	1
1246	368.317984	368.358745	D#4	64	47	0	4
1247	368.317984	368.423962	E4	64	83	0	5
1248	368.317984	368.513636	G#4	64	81	0	4
1249	368.317984	369.035375	C#4	64	79	0	2
1250	368.970158	370.201136	G#5	64	90	0	1
1251	368.970158	369.326136	G#3	64	81	1	-5
1252	368.970158	369.347875	G#4	64	79	0	4
1253	368.970158	369.472875	E5	64	90	0	2
1254	369.622332	370.108745	G#4	64	80	0	4
1255	369.622332	370.241897	D#5	64	86	0	1
1256	369.622332	370.353310	A#2	64	91	1	-5
1257	370.274506	370.758202	A#5	64	91	0	3
1258	370.274506	370.714723	G#4	64	75	0	4
1259	370.274506	370.837006	C#5	64	83	0	4
1260	370.274506	370.964723	G#3	64	57	1	-5
1261	370.926680	371.315267	B5	64	91	0	4
1262	370.926680	371.331571	A#3	64	80	1	-3
1263	370.926680	371.500050	B4	64	94	0	2
1264	371.578854	376.149507	A#5	64	98	0	3
1265	371.578854	372.141354	G#4	64	90	0	4
1266	372.231028	372.807115	D#2	64	84	1	-2
1267	372.231028	373.910376	A#4	64	94	0	1
1268	372.883202	373.622332	D#3	64	71	1	-5
1269	373.535376	376.282659	G#3	64	76	1	-5
1270	374.187550	376.241898	A#3	64	83	1	-3
1271	374.839724	375.614181	D#4	64	83	0	4
1272	375.491898	376.051681	G#4	64	79	0	4
1273	376.144072	376.304398	A#4	64	80	0	1
1274	376.796246	377.625050	D#5	64	69	0	1
1275	376.796246	377.127768	D#5	64	79	0	1
1276	377.448420	379.516355	B5	64	82	0	4
1277	377.448420	377.991898	B5	64	80	0	4
1278	377.448420	379.535377	G#3	64	57	1	-5
1279	378.100594	378.692985	A#5	64	77	0	3
1280	378.100594	379.203855	D#4	64	68	0	4
1281	378.752768	379.364181	D#5	64	68	0	1
1282	378.752768	379.375051	G#4	64	57	0	4
1283	378.752768	379.638638	B5	64	79	0	4
1284	379.404942	380.171246	D#5	64	68	0	1
1285	379.731029	380.222877	C#5	64	58	0	4
1286	380.057116	382.106029	A#5	64	84	0	3
1287	380.057116	380.429399	F#5	64	68	0	4
1288	380.057116	380.570703	A#5	64	80	0	3
1289	380.057116	381.907660	F#3	64	71	1	-2
1290	380.709290	381.902225	D#4	64	60	0	4
1291	381.361464	381.755486	F#4	64	56	0	2
1292	381.361464	381.902225	C#5	64	78	0	4
1293	382.013638	382.592442	F#5	64	75	0	4
1294	382.013638	382.793529	A#4	64	75	0	1
1295	382.665812	383.274508	G#5	64	73	0	1
1296	382.665812	383.989182	B4	64	83	0	2
1297	382.665812	384.630486	E3	64	71	1	-4
1298	383.317986	383.921247	F#5	64	73	0	4
1299	383.317986	384.581573	B3	64	56	1	-2
1300	383.970160	384.296247	E5	64	78	0	2
1301	383.970160	384.320703	E4	64	58	0	5
1302	383.970160	384.587008	C#5	64	80	0	4
1303	383.970160	384.646790	F#4	64	60	0	2
1304	384.296247	384.622334	F#5	64	78	0	4
1305	384.622334	385.701138	F#5	64	73	0	4
1306	384.622334	385.209290	D#5	64	73	0	1
1307	385.274508	385.991899	B4	64	79	0	2
1308	385.274508	386.269073	F#4	64	61	0	2
1309	385.274508	387.076139	D#3	64	77	1	-5
1310	385.926682	387.054399	B3	64	41	1	-2
1311	386.578856	386.983747	D#4	64	39	0	4
1312	387.883204	388.345160	G#5	64	80	0	1
1313	387.883204	388.472878	G#4	64	72	0	4
1314	387.883204	388.510921	B3	64	62	1	-2
1315	387.883204	388.529943	E4	64	77	0	5
1316	387.883204	389.608748	C#3	64	68	1	-2
1317	388.535378	389.008204	G#5	64	79	0	1
1318	388.535378	389.842443	G#3	64	62	1	-5
1319	389.187552	389.858748	G#5	64	80	0	1
1320	389.187552	389.804400	B3	64	79	1	-2
1321	389.839726	391.608748	G5	64	81	0	5
1322	389.839726	390.442987	G#4	64	73	0	4
1323	390.491900	393.008205	G4	64	73	0	3
1324	390.491900	393.043531	D#3	64	55	1	-5
1325	390.491900	393.043531	A#3	64	75	1	-3
1326	390.491900	394.505487	D#4	64	44	0	4
1327	391.796248	392.277226	G#5	64	78	0	1
1328	392.448422	396.967444	G#5	64	73	0	1
1329	393.426683	394.739183	B4	64	75	0	2
1330	393.752770	395.255487	G#2	64	63	1	-2
1331	394.404944	394.948422	A#4	64	71	0	1
1332	394.404944	395.247335	D#3	64	62	1	-5
1333	395.057118	395.312553	G#3	64	25	1	-5
1334	395.057118	396.212009	G#4	64	62	0	4
1335	396.361466	396.850596	D#4	64	48	0	4
1336	397.013640	397.190270	F#4	64	59	0	2
1337	398.317988	398.815271	G#5	64	61	0	1
1338	398.385923	401.141358	G#4	64	72	0	4
1339	398.391357	400.934836	C#4	64	69	0	2
1340	398.396792	401.116901	E4	64	74	0	5
1341	398.404944	401.407662	C#3	64	79	1	-2
1342	398.970162	399.451140	G#5	64	78	0	1
1343	399.622336	400.331575	G#5	64	78	0	1
1344	400.274510	403.918532	G5	64	81	0	5
1345	401.462010	406.747337	D#3	64	69	1	-5
1346	401.464727	406.385924	C#4	64	57	0	2
1347	401.470162	406.328859	G4	64	67	0	3
1348	401.478314	406.502772	A#4	64	71	0	1
1349	407.448424	408.581576	G#5	64	61	0	1
1350	408.752772	413.785381	G#5	64	60	0	1
