//Version: PianoFingering_v170101
0	3.389583	3.712500	A3	64	90	1	-4
1	3.389583	3.729167	C#4	64	90	0	2
2	3.389583	3.772917	F#4	64	81	0	2
3	3.389583	6.460417	F#3	64	83	1	-2
4	3.389583	6.956250	F#2	64	86	1	-4
5	4.389583	4.685417	A4	64	84	0	5
6	4.389583	4.689583	C#5	64	90	0	4
7	4.389583	4.735417	F#5	64	84	0	4
8	5.389583	5.610417	F#6	64	93	0	1
9	5.389583	5.637500	F#5	64	75	0	4
10	5.639583	5.654167	A5	64	80	0	2
11	5.639583	5.860417	F#6	64	93	0	1
12	5.639583	5.887500	F#5	64	75	0	4
13	6.389583	6.854167	E5	64	84	0	2
14	6.389583	6.860417	G#4	64	93	0	4
15	6.389583	6.872917	B4	64	91	0	2
16	6.889583	7.047917	F#3	64	90	1	-2
17	7.389583	7.618750	C#4	64	84	0	2
18	7.389583	7.643750	F#4	64	83	0	2
19	7.389583	7.650000	A4	64	84	0	5
20	7.389583	8.312500	F#3	64	84	1	-2
21	7.389583	11.212500	F#2	64	84	1	-4
22	8.389583	8.633333	C#5	64	82	0	4
23	8.389583	8.635417	A4	64	83	0	5
24	8.389583	8.725000	F#5	64	90	0	4
25	9.639583	9.954167	F#6	64	90	0	1
26	9.639583	9.987500	C#6	64	90	0	1
27	9.639583	10.004167	A5	64	84	0	2
28	9.639583	10.008333	F#5	64	75	0	4
29	10.889583	11.314583	C#4	64	75	0	2
30	10.889583	11.320833	A3	64	71	1	-4
31	10.889583	11.327083	F#4	64	80	0	2
32	11.139583	11.177083	F#3	64	84	1	-2
33	11.389583	11.935417	A3	64	93	1	-4
34	11.389583	11.962500	D4	64	86	0	3
35	11.389583	12.010417	F#4	64	84	0	2
36	11.389583	12.493750	D3	64	90	1	-1
37	11.389583	13.860417	D2	64	90	1	-3
38	12.389583	13.031250	A3	64	84	1	-4
39	12.389583	13.100000	F#4	64	79	0	2
40	12.389583	13.147917	D4	64	84	0	3
41	12.389583	13.560417	A4	64	93	0	5
42	12.889583	13.764583	D3	64	57	1	-1
43	13.389583	13.889583	A3	64	50	1	-4
44	13.389583	13.958333	F#4	64	35	0	2
45	13.389583	14.029167	D4	64	28	0	3
46	14.389583	14.668750	G#4	64	95	0	4
47	14.389583	14.689583	C#2	64	90	1	-4
48	14.389583	14.693750	E4	64	90	0	5
49	14.389583	14.716667	B3	64	90	1	-2
50	14.389583	14.737500	C#3	64	86	1	-2
51	15.247917	16.445833	A3	64	84	1	-4
52	15.247917	17.052083	C#4	64	90	0	2
53	15.247917	17.122917	F#4	64	80	0	2
54	15.247917	19.487500	F#3	64	81	1	-2
55	15.389583	19.543750	F#2	64	86	1	-4
56	16.639583	16.816667	A3	64	1	1	-4
57	17.139583	17.350000	F#4	64	46	0	2
58	17.389583	17.443750	F#5	64	53	0	4
59	17.389583	17.500000	C#5	64	63	0	4
60	17.389583	17.537500	A4	64	43	0	5
61	17.639583	17.877083	A5	64	71	0	2
62	17.639583	17.922917	F#5	64	68	0	4
63	17.889583	17.954167	C#6	64	84	0	1
64	18.139583	19.041667	A5	64	82	0	2
65	18.139583	19.050000	C#6	64	84	0	1
66	18.139583	19.062500	F#6	64	96	0	1
67	23.389583	25.337500	C#4	64	53	0	2
68	23.389583	25.341667	A3	64	62	1	-4
69	23.389583	25.364583	F#3	64	38	1	-2
70	23.395833	24.137500	F#4	64	77	0	2
71	23.639583	24.027083	G#4	64	47	0	4
72	23.889583	24.229167	A4	64	54	0	5
73	24.139583	24.483333	E5	64	60	0	2
74	24.145833	24.387500	C#4	64	91	0	2
75	24.389583	24.831250	G#4	64	31	0	4
76	24.395833	24.637500	F#4	64	69	0	2
77	24.639583	24.897917	A4	64	41	0	5
78	24.645833	24.887500	G#4	64	79	0	4
79	24.889583	25.241667	E5	64	77	0	2
80	24.895833	25.137500	A4	64	78	0	5
81	25.139583	25.466667	G#4	64	41	0	4
82	25.145833	25.387500	B4	64	99	0	2
83	25.389583	25.643750	A4	64	48	0	5
84	25.389583	26.825000	C#4	64	39	0	2
85	25.389583	26.829167	A3	64	53	1	-4
86	25.389583	26.852083	F#3	64	29	1	-2
87	25.395833	26.887500	C#5	64	90	0	4
88	25.639583	25.927083	G#4	64	39	0	4
89	25.889583	26.133333	A4	64	38	0	5
90	26.139583	26.406250	E5	64	66	0	2
91	26.389583	26.743750	G#4	64	31	0	4
92	26.639583	26.943750	A4	64	42	0	5
93	26.889583	27.112500	E5	64	78	0	2
94	26.895833	27.387500	C#5	64	103	0	4
95	27.139583	27.397917	G#4	64	51	0	4
96	27.389583	27.591667	A4	64	60	0	5
97	27.389583	28.893750	D3	64	39	1	-1
98	27.389583	28.897917	A3	64	59	1	-4
99	27.389583	28.939583	F#3	64	53	1	-2
100	27.395833	28.137500	A5	64	96	0	2
101	27.639583	27.950000	G#4	64	50	0	4
102	27.889583	28.150000	A4	64	63	0	5
103	28.139583	28.381250	E5	64	84	0	2
104	28.145833	28.387500	C#5	64	85	0	4
105	28.389583	28.737500	G#4	64	41	0	4
106	28.395833	29.137500	F#5	64	81	0	4
107	28.639583	28.925000	A4	64	47	0	5
108	28.889583	29.114583	E5	64	81	0	2
109	29.139583	29.393750	G#4	64	47	0	4
110	29.145833	29.387500	C#5	64	91	0	4
111	29.389583	29.722917	B4	64	62	0	2
112	29.389583	31.075000	C#3	64	35	1	-2
113	29.389583	31.091667	E3	64	72	1	-4
114	29.389583	31.114583	G#3	64	56	1	-5
115	29.395833	31.387500	E5	64	91	0	2
116	29.639583	29.983333	E4	64	45	0	5
117	29.889583	30.416667	G#4	64	27	0	4
118	30.139583	30.383333	E5	64	72	0	2
119	30.389583	30.737500	E4	64	47	0	5
120	30.639583	30.964583	G#4	64	47	0	4
121	30.889583	31.308333	E5	64	45	0	2
122	31.139583	31.375000	E4	64	54	0	5
123	31.389583	31.627083	A4	64	74	0	5
124	31.389583	33.606250	C#4	64	45	0	2
125	31.389583	34.862500	F#3	64	25	1	-2
126	31.389583	34.887500	A3	64	60	1	-4
127	31.395833	32.137500	F#4	64	78	0	2
128	31.639583	32.020833	G#4	64	42	0	4
129	31.889583	32.168750	A4	64	47	0	5
130	32.139583	32.437500	E5	64	70	0	2
131	32.145833	32.387500	C#4	64	92	0	2
132	32.389583	32.704167	G#4	64	31	0	4
133	32.395833	32.637500	F#4	64	72	0	2
134	32.639583	32.900000	A4	64	54	0	5
135	32.645833	32.887500	G#4	64	92	0	4
136	32.889583	33.193750	E5	64	60	0	2
137	32.895833	33.137500	A4	64	90	0	5
138	33.139583	33.585417	G#4	64	38	0	4
139	33.145833	33.387500	B4	64	96	0	2
140	33.389583	33.700000	A4	64	38	0	5
141	33.395833	34.887500	C#5	64	86	0	4
142	33.639583	33.943750	E5	64	63	0	2
143	33.889583	34.225000	G#4	64	31	0	4
144	34.139583	34.431250	A4	64	45	0	5
145	34.389583	34.722917	E5	64	69	0	2
146	34.389583	34.854167	C#4	64	33	0	2
147	34.639583	34.914583	G#4	64	39	0	4
148	34.889583	35.122917	A4	64	54	0	5
149	34.895833	35.387500	E5	64	96	0	2
150	35.389583	35.456250	E5	64	82	0	2
151	35.389583	36.860417	C#3	64	26	1	-2
152	35.389583	36.864583	B3	64	44	1	-2
153	35.389583	36.902083	G#3	64	57	1	-5
154	35.395833	36.137500	B4	64	82	0	2
155	35.639583	35.943750	G#4	64	42	0	4
156	35.889583	36.139583	A4	64	60	0	5
157	36.145833	36.387500	C#5	64	79	0	4
158	36.389583	36.714583	G#4	64	37	0	4
159	36.395833	37.137500	B4	64	81	0	2
160	36.639583	36.922917	A4	64	48	0	5
161	36.889583	37.214583	C#5	64	45	0	4
162	37.139583	37.431250	G#4	64	41	0	4
163	37.145833	37.387500	E4	64	54	0	5
164	37.389583	37.662500	A4	64	63	0	5
165	37.389583	38.972917	C#4	64	47	0	2
166	37.389583	39.002083	A3	64	62	1	-4
167	37.389583	39.033333	F#3	64	27	1	-2
168	37.395833	39.387500	F#4	64	54	0	2
169	37.639583	37.922917	G#4	64	54	0	4
170	37.889583	38.145833	A4	64	72	0	5
171	38.139583	38.420833	C#5	64	70	0	4
172	38.389583	38.650000	G#4	64	39	0	4
173	38.639583	38.870833	A4	64	51	0	5
174	38.889583	39.162500	C#5	64	60	0	4
175	39.139583	39.422917	F#4	64	39	0	2
176	39.389583	39.650000	G#4	64	60	0	4
177	39.389583	42.879167	C#4	64	54	0	2
178	39.389583	42.893750	A3	64	68	1	-4
179	39.389583	42.914583	F#3	64	27	1	-2
180	39.395833	40.137500	F#4	64	77	0	2
181	39.639583	40.012500	F#4	64	42	0	2
182	39.889583	40.200000	G#4	64	57	0	4
183	40.145833	40.387500	C#4	64	91	0	2
184	40.389583	40.672917	G#4	64	21	0	4
185	40.395833	40.637500	F#4	64	69	0	2
186	40.645833	40.887500	G#4	64	79	0	4
187	40.889583	41.064583	C#5	64	57	0	4
188	40.895833	41.137500	A4	64	78	0	5
189	41.139583	41.450000	E5	64	68	0	2
190	41.145833	41.387500	B4	64	99	0	2
191	41.389583	41.716667	G#4	64	31	0	4
192	41.395833	43.137500	C#5	64	90	0	4
193	41.639583	41.941667	A4	64	50	0	5
194	41.889583	42.108333	C#5	64	68	0	4
195	42.139583	42.518750	G#4	64	53	0	4
196	42.389583	42.697917	A4	64	60	0	5
197	42.639583	42.914583	E5	64	81	0	2
198	42.889583	43.216667	G#4	64	56	0	4
199	43.139583	43.418750	A4	64	60	0	5
200	43.145833	43.387500	C#5	64	103	0	4
201	43.389583	43.587500	C#5	64	68	0	4
202	43.389583	44.810417	A3	64	47	1	-4
203	43.389583	44.906250	F#3	64	56	1	-2
204	43.389583	44.933333	D3	64	42	1	-1
205	43.395833	44.137500	A5	64	96	0	2
206	43.639583	43.954167	G#4	64	50	0	4
207	43.889583	44.158333	A4	64	69	0	5
208	44.139583	44.218750	C#5	64	38	0	4
209	44.139583	44.466667	E5	64	50	0	2
210	44.145833	44.387500	C#5	64	85	0	4
211	44.389583	44.704167	G#4	64	39	0	4
212	44.395833	45.137500	F#5	64	81	0	4
213	44.639583	44.914583	A4	64	63	0	5
214	44.889583	45.139583	E5	64	72	0	2
215	45.139583	45.402083	G#4	64	54	0	4
216	45.145833	45.387500	C#5	64	91	0	4
217	45.389583	45.639583	B4	64	74	0	2
218	45.389583	46.993750	C#3	64	42	1	-2
219	45.389583	46.993750	E3	64	63	1	-4
220	45.389583	47.008333	G#3	64	59	1	-5
221	45.395833	47.387500	E5	64	91	0	2
222	45.639583	45.922917	E4	64	37	0	5
223	45.889583	46.158333	G#4	64	68	0	4
224	46.139583	46.381250	B4	64	68	0	2
225	46.389583	46.783333	E4	64	48	0	5
226	46.639583	46.893750	B4	64	70	0	2
227	46.889583	47.247917	E5	64	66	0	2
228	47.139583	47.345833	E4	64	53	0	5
229	47.389583	47.610417	A4	64	77	0	5
230	47.389583	50.718750	C#4	64	26	0	2
231	47.389583	50.733333	A3	64	23	1	-4
232	47.389583	50.791667	F#3	64	25	1	-2
233	47.395833	48.137500	F#4	64	78	0	2
234	47.639583	48.027083	F#4	64	45	0	2
235	47.889583	48.131250	G#4	64	45	0	4
236	48.139583	48.364583	A4	64	59	0	5
237	48.145833	48.387500	C#4	64	92	0	2
238	48.389583	48.575000	B4	64	63	0	2
239	48.395833	48.637500	F#4	64	72	0	2
240	48.639583	48.879167	G#4	64	65	0	4
241	48.645833	48.887500	G#4	64	92	0	4
242	48.889583	49.122917	A4	64	68	0	5
243	48.895833	49.137500	A4	64	90	0	5
244	49.145833	49.387500	B4	64	96	0	2
245	49.389583	49.781250	F#4	64	33	0	2
246	49.395833	50.887500	C#5	64	86	0	4
247	49.639583	49.933333	G#4	64	60	0	4
248	49.889583	50.143750	A4	64	69	0	5
249	50.139583	50.447917	F#4	64	47	0	2
250	50.389583	50.687500	C#5	64	76	0	4
251	50.639583	51.010417	F#4	64	50	0	2
252	50.889583	51.162500	G#4	64	70	0	4
253	50.895833	51.387500	E5	64	96	0	2
254	51.139583	51.466667	A4	64	63	0	5
255	51.389583	51.606250	G#4	64	84	0	4
256	51.389583	52.810417	G#3	64	54	1	-5
257	51.389583	52.870833	C#3	64	35	1	-2
258	51.389583	52.902083	E3	64	62	1	-4
259	51.395833	52.137500	B4	64	82	0	2
260	51.639583	51.950000	E4	64	66	0	5
261	51.889583	52.281250	B3	64	48	1	-2
262	52.139583	52.431250	E4	64	66	0	5
263	52.145833	52.387500	C#5	64	79	0	4
264	52.389583	52.687500	G#4	64	54	0	4
265	52.395833	52.887500	B4	64	81	0	2
266	52.639583	53.020833	B3	64	70	1	-2
267	52.889583	53.260417	E4	64	79	0	5
268	52.895833	53.137500	E4	64	54	0	5
269	53.139583	53.493750	A4	64	70	0	5
270	53.145833	54.887500	F#4	64	54	0	2
271	53.389583	53.758333	F#4	64	65	0	2
272	53.389583	53.891667	C#4	64	50	0	2
273	53.389583	54.968750	F#2	64	47	1	-4
274	53.639583	54.929167	C#3	64	63	1	-2
275	53.889583	54.954167	F#3	64	47	1	-2
276	54.139583	54.402083	G#3	64	57	1	-5
277	54.389583	54.570833	A3	64	72	1	-4
278	54.639583	54.937500	C#4	64	63	0	2
279	54.889583	55.145833	F#4	64	54	0	2
280	54.895833	55.137500	F#4	64	60	0	2
281	55.139583	56.279167	A4	64	78	0	5
282	55.145833	55.387500	A4	64	82	0	5
283	55.389583	56.225000	D4	64	42	0	3
284	55.389583	56.225000	F#4	64	47	0	2
285	55.389583	56.229167	A3	64	45	1	-4
286	55.389583	56.525000	F#3	64	60	1	-2
287	55.389583	57.193750	B2	64	54	1	-4
288	55.395833	55.887500	B4	64	86	0	2
289	55.895833	56.137500	B4	64	92	0	2
290	56.145833	56.387500	A4	64	86	0	5
291	56.389583	56.704167	F#4	64	79	0	2
292	56.389583	56.716667	A3	64	66	1	-4
293	56.389583	56.733333	D4	64	85	0	3
294	56.395833	56.887500	F#4	64	94	0	2
295	56.639583	57.231250	F#3	64	50	1	-2
296	56.889583	57.214583	A3	64	53	1	-4
297	56.895833	57.137500	F#4	64	91	0	2
298	57.139583	57.281250	D4	64	70	0	3
299	57.145833	57.387500	A4	64	78	0	5
300	57.389583	57.616667	A3	64	70	1	-4
301	57.389583	57.637500	D4	64	66	0	3
302	57.389583	57.825000	F#4	64	78	0	2
303	57.389583	59.031250	B2	64	78	1	-4
304	57.395833	57.887500	B4	64	76	0	2
305	57.639583	58.156250	F#3	64	57	1	-2
306	57.889583	58.183333	B3	64	56	1	-2
307	57.895833	58.137500	B4	64	86	0	2
308	58.139583	58.447917	C#4	64	68	0	2
309	58.139583	58.512500	A4	64	94	0	5
310	58.145833	58.387500	A4	64	85	0	5
311	58.389583	58.635417	F#3	64	42	1	-2
312	58.395833	58.887500	F#4	64	91	0	2
313	58.639583	58.877083	G#4	64	81	0	4
314	58.639583	58.937500	B3	64	70	1	-2
315	58.889583	59.010417	F#3	64	77	1	-2
316	58.895833	59.137500	A4	64	96	0	5
317	59.145833	59.387500	B4	64	85	0	2
318	59.389583	59.812500	C#4	64	81	0	2
319	59.389583	59.831250	A3	64	65	1	-4
320	59.389583	59.845833	F#4	64	85	0	2
321	59.389583	61.229167	F#2	64	63	1	-4
322	59.395833	60.137500	C#5	64	107	0	4
323	59.639583	60.833333	C#3	64	78	1	-2
324	59.889583	60.527083	F#3	64	48	1	-2
325	60.139583	60.366667	C#4	64	85	0	2
326	60.139583	60.470833	G#3	64	66	1	-5
327	60.145833	60.387500	E5	64	85	0	2
328	60.389583	60.702083	A3	64	78	1	-4
329	60.395833	60.887500	B4	64	107	0	2
330	60.639583	60.727083	G#3	64	66	1	-5
331	60.639583	60.785417	C#4	64	97	0	2
332	60.889583	61.195833	F#3	64	38	1	-2
333	60.895833	61.137500	E5	64	92	0	2
334	61.139583	61.256250	A4	64	63	0	5
335	61.139583	61.287500	C#4	64	57	0	2
336	61.139583	61.452083	C#3	64	69	1	-2
337	61.145833	62.887500	C#5	64	99	0	4
338	61.389583	61.756250	C#4	64	77	0	2
339	61.389583	61.925000	A4	64	92	0	5
340	61.389583	63.066667	F#2	64	63	1	-4
341	61.639583	61.968750	C#3	64	81	1	-2
342	61.889583	62.866667	F#3	64	48	1	-2
343	62.139583	62.266667	G#4	64	84	0	4
344	62.139583	62.281250	B3	64	60	1	-2
345	62.389583	62.531250	G#4	64	97	0	4
346	62.389583	62.547917	B3	64	82	1	-2
347	62.639583	62.852083	C#3	64	60	1	-2
348	62.889583	63.052083	A3	64	68	1	-4
349	62.889583	63.075000	F#4	64	88	0	2
350	62.895833	63.137500	F#4	64	60	0	2
351	63.139583	63.260417	C#3	64	69	1	-2
352	63.145833	63.387500	A4	64	82	0	5
353	63.389583	63.727083	D4	64	84	0	3
354	63.389583	63.735417	F#3	64	63	1	-2
355	63.389583	63.737500	A3	64	86	1	-4
356	63.389583	64.983333	B2	64	69	1	-4
357	63.395833	63.887500	B4	64	86	0	2
358	63.639583	64.714583	D3	64	66	1	-1
359	63.889583	64.208333	F#3	64	54	1	-2
360	63.895833	64.137500	B4	64	92	0	2
361	64.139583	64.262500	D4	64	90	0	3
362	64.145833	64.387500	A4	64	86	0	5
363	64.395833	64.887500	F#4	64	94	0	2
364	64.639583	64.747917	B3	64	54	1	-2
365	64.639583	64.758333	A3	64	54	1	-4
366	64.639583	64.929167	D4	64	81	0	3
367	64.639583	65.033333	A4	64	79	0	5
368	64.889583	65.016667	D3	64	74	1	-1
369	64.895833	65.137500	F#4	64	91	0	2
370	65.139583	65.195833	A4	64	38	0	5
371	65.139583	65.256250	B3	64	60	1	-2
372	65.139583	65.268750	F#4	64	79	0	2
373	65.145833	65.387500	A4	64	78	0	5
374	65.389583	65.816667	B3	64	72	1	-2
375	65.389583	65.829167	F#4	64	77	0	2
376	65.389583	67.033333	B2	64	81	1	-4
377	65.395833	65.887500	B4	64	76	0	2
378	65.639583	66.610417	F#3	64	57	1	-2
379	65.889583	66.079167	E4	64	76	0	5
380	65.895833	66.137500	B4	64	86	0	2
381	66.139583	66.437500	D4	64	81	0	3
382	66.139583	66.512500	F#4	64	82	0	2
383	66.145833	66.387500	A4	64	85	0	5
384	66.389583	66.704167	B3	64	45	1	-2
385	66.395833	66.887500	F#4	64	91	0	2
386	66.639583	66.987500	A4	64	94	0	5
387	66.639583	67.010417	D4	64	76	0	3
388	66.889583	66.981250	F#3	64	92	1	-2
389	66.895833	67.137500	A4	64	96	0	5
390	67.145833	67.387500	B4	64	85	0	2
391	67.389583	67.639583	C#2	64	81	1	-4
392	67.389583	68.185417	G#4	64	94	0	4
393	67.389583	68.218750	E4	64	82	0	5
394	67.389583	68.231250	B3	64	84	1	-2
395	67.395833	68.137500	C#5	64	107	0	4
396	67.639583	67.933333	C#3	64	65	1	-2
397	67.889583	68.750000	E3	64	78	1	-4
398	68.139583	68.720833	G#3	64	96	1	-5
399	68.145833	68.387500	E5	64	85	0	2
400	68.389583	68.729167	B3	64	84	1	-2
401	68.395833	68.887500	B4	64	107	0	2
402	68.639583	68.956250	E4	64	91	0	5
403	68.889583	69.245833	F#4	64	74	0	2
404	68.895833	69.137500	E5	64	92	0	2
405	69.139583	69.179167	B3	64	27	1	-2
406	69.139583	69.337500	G#4	64	88	0	4
407	69.145833	69.387500	C#5	64	99	0	4
408	69.389583	69.747917	B3	64	81	1	-2
409	69.389583	69.756250	E4	64	96	0	5
410	69.389583	69.760417	B4	64	101	0	2
411	69.389583	71.106250	C#2	64	86	1	-4
412	69.395833	71.387500	E5	64	99	0	2
413	69.639583	69.947917	C#3	64	54	1	-2
414	69.889583	69.985417	E4	64	81	0	5
415	69.889583	69.997917	B3	64	82	1	-2
416	69.889583	70.052083	B4	64	81	0	2
417	70.139583	70.466667	C#3	64	50	1	-2
418	70.389583	70.470833	F#4	64	85	0	2
419	70.389583	70.512500	C#5	64	92	0	4
420	70.639583	70.939583	C#3	64	50	1	-2
421	70.889583	70.979167	A4	64	68	0	5
422	70.889583	71.008333	E5	64	96	0	2
423	71.139583	71.433333	C#3	64	60	1	-2
424	71.389583	71.685417	F#5	64	85	0	4
425	71.389583	71.710417	C#5	64	96	0	4
426	71.389583	71.743750	A4	64	76	0	5
427	71.389583	73.179167	F#2	64	81	1	-4
428	71.395833	72.387500	F#5	64	94	0	4
429	71.639583	72.810417	C#3	64	79	1	-2
430	71.889583	72.416667	F#3	64	60	1	-2
431	72.139583	72.258333	A4	64	79	0	5
432	72.139583	72.270833	C#4	64	68	0	2
433	72.389583	72.666667	C#4	64	79	0	2
434	72.389583	72.714583	A4	64	88	0	5
435	72.395833	72.637500	C#5	64	99	0	4
436	72.639583	73.189583	F#3	64	41	1	-2
437	72.645833	72.887500	F#5	64	99	0	4
438	72.889583	72.925000	A4	64	60	0	5
439	72.889583	72.979167	G#4	64	78	0	4
440	72.889583	73.008333	C#4	64	70	0	2
441	72.895833	73.137500	C#5	64	113	0	4
442	73.139583	73.425000	A3	64	97	1	-4
443	73.139583	73.447917	C#3	64	82	1	-2
444	73.139583	73.487500	F#4	64	88	0	2
445	73.145833	74.887500	F#5	64	92	0	4
446	73.389583	74.950000	F#2	64	59	1	-4
447	73.639583	74.443750	C#3	64	72	1	-2
448	73.889583	74.214583	F#3	64	65	1	-2
449	74.139583	74.260417	A4	64	94	0	5
450	74.139583	74.277083	C#4	64	69	0	2
451	74.389583	74.570833	B3	64	82	1	-2
452	74.389583	74.579167	G#4	64	101	0	4
453	74.389583	74.712500	F#3	64	51	1	-2
454	74.639583	74.995833	C#3	64	65	1	-2
455	74.889583	75.010417	C#4	64	85	0	2
456	74.889583	75.029167	A4	64	99	0	5
457	74.895833	75.387500	C#5	64	99	0	4
458	75.389583	75.612500	C#2	64	85	1	-4
459	75.389583	76.187500	E4	64	72	0	5
460	75.389583	76.195833	B4	64	65	0	2
461	75.389583	76.204167	G#4	64	85	0	4
462	75.389583	76.229167	B3	64	82	1	-2
463	75.395833	76.387500	G#5	64	107	0	1
464	75.639583	75.954167	C#3	64	50	1	-2
465	75.889583	76.827083	E3	64	69	1	-4
466	76.139583	76.831250	G#3	64	68	1	-5
467	76.389583	76.720833	B3	64	82	1	-2
468	76.395833	76.637500	C#5	64	65	0	4
469	76.639583	76.797917	E4	64	74	0	5
470	76.645833	76.887500	G#5	64	94	0	1
471	76.889583	77.066667	F#4	64	70	0	2
472	76.895833	77.137500	C#5	64	99	0	4
473	77.139583	77.600000	B3	64	76	1	-2
474	77.139583	77.639583	E4	64	77	0	5
475	77.139583	77.933333	G#4	64	66	0	4
476	77.145833	78.887500	G#5	64	99	0	1
477	77.389583	79.127083	C#3	64	77	1	-2
478	77.639583	78.181250	G#3	64	57	1	-5
479	77.889583	78.210417	C#4	64	39	0	2
480	78.139583	78.281250	B4	64	88	0	2
481	78.139583	78.318750	E4	64	90	0	5
482	78.389583	78.670833	A4	64	92	0	5
483	78.389583	78.689583	E4	64	84	0	5
484	78.639583	78.829167	G#3	64	70	1	-5
485	78.889583	78.960417	A4	64	53	0	5
486	78.889583	78.993750	G#3	64	85	1	-5
487	78.889583	79.122917	C#4	64	65	0	2
488	78.889583	79.152083	G#4	64	85	0	4
489	78.895833	79.387500	C#5	64	103	0	4
490	79.139583	79.370833	E4	64	85	0	5
491	79.389583	79.660417	D#2	64	78	1	-2
492	79.389583	80.156250	A4	64	70	0	5
493	79.389583	80.160417	D#4	64	54	0	4
494	79.389583	80.179167	F#4	64	82	0	2
495	79.395833	80.137500	A5	64	113	0	2
496	79.639583	79.741667	D#3	64	66	1	-5
497	79.889583	80.889583	F#3	64	47	1	-2
498	80.139583	80.829167	A3	64	85	1	-4
499	80.145833	80.387500	A5	64	97	0	2
500	80.389583	80.600000	D#4	64	92	0	4
501	80.395833	80.637500	B5	64	88	0	4
502	80.639583	80.954167	F#4	64	68	0	2
503	80.645833	80.887500	A5	64	107	0	2
504	80.889583	81.160417	G#4	64	88	0	4
505	80.895833	81.387500	F#5	64	96	0	4
506	81.139583	82.227083	A4	64	86	0	5
507	81.389583	81.656250	D2	64	70	1	-3
508	81.389583	82.202083	D4	64	79	0	3
509	81.389583	82.212500	A3	64	81	1	-4
510	81.389583	82.229167	F#4	64	60	0	2
511	81.395833	81.887500	F#5	64	91	0	4
512	81.639583	81.962500	D3	64	54	1	-1
513	81.889583	82.979167	E3	64	72	1	-4
514	81.895833	82.387500	E5	64	91	0	2
515	82.139583	82.300000	G#3	64	53	1	-5
516	82.139583	82.960417	F#3	64	41	1	-2
517	82.389583	82.695833	A3	64	94	1	-4
518	82.395833	82.887500	E5	64	107	0	2
519	82.639583	82.954167	D4	64	70	0	3
520	82.889583	83.156250	F#4	64	63	0	2
521	82.895833	83.137500	B4	64	107	0	2
522	83.139583	83.466667	A4	64	79	0	5
523	83.145833	84.637500	C#5	64	107	0	4
524	83.389583	83.741667	G#4	64	90	0	4
525	83.389583	83.750000	B3	64	77	1	-2
526	83.389583	83.754167	E4	64	76	0	5
527	83.389583	85.050000	C#3	64	72	1	-2
528	83.639583	84.239583	G#3	64	69	1	-5
529	83.889583	84.022917	B3	64	70	1	-2
530	84.139583	84.472917	B3	64	82	1	-2
531	84.139583	84.520833	F#4	64	84	0	2
532	84.389583	84.658333	G#3	64	68	1	-5
533	84.639583	84.725000	E4	64	84	0	5
534	84.639583	84.770833	G#4	64	88	0	4
535	84.645833	84.887500	B4	64	92	0	2
536	84.889583	85.235417	G#3	64	82	1	-5
537	84.895833	85.137500	A4	64	92	0	5
538	85.139583	85.279167	E4	64	82	0	5
539	85.139583	85.322917	B4	64	84	0	2
540	85.145833	85.387500	B4	64	78	0	2
541	85.389583	87.070833	C#3	64	72	1	-2
542	85.395833	87.387500	C#5	64	99	0	4
543	85.639583	85.697917	C#5	64	56	0	4
544	85.639583	85.708333	C#6	64	92	0	1
545	85.639583	85.979167	G#3	64	69	1	-5
546	85.889583	86.168750	C#4	64	60	0	2
547	86.139583	86.220833	B5	64	92	0	4
548	86.139583	86.231250	B4	64	54	0	2
549	86.389583	86.483333	B5	64	96	0	4
550	86.389583	86.510417	B4	64	74	0	2
551	86.389583	86.650000	G#3	64	77	1	-5
552	86.639583	86.752083	A5	64	96	0	2
553	86.639583	86.772917	A4	64	92	0	5
554	86.639583	86.908333	C#4	64	69	0	2
555	86.889583	87.052083	G#3	64	85	1	-5
556	87.139583	87.239583	G#5	64	99	0	1
557	87.139583	87.241667	G#4	64	72	0	4
558	87.389583	87.822917	F#2	64	70	1	-4
559	87.389583	87.966667	F#5	64	92	0	4
560	87.389583	88.108333	F#4	64	81	0	2
561	87.395833	88.387500	F#5	64	65	0	4
562	87.639583	87.881250	C#3	64	72	1	-2
563	87.889583	88.231250	F#3	64	66	1	-2
564	88.139583	88.652083	G#3	64	63	1	-5
565	88.389583	88.652083	A3	64	63	1	-4
566	88.395833	88.637500	C#5	64	90	0	4
567	88.639583	88.768750	C#4	64	78	0	2
568	88.639583	88.768750	A4	64	91	0	5
569	88.645833	88.887500	F#5	64	94	0	4
570	88.889583	89.025000	B3	64	76	1	-2
571	88.889583	89.083333	G#4	64	72	0	4
572	88.895833	89.137500	C#5	64	96	0	4
573	89.139583	89.281250	C#4	64	76	0	2
574	89.139583	89.322917	A4	64	84	0	5
575	89.145833	90.887500	F#5	64	92	0	4
576	89.389583	89.483333	A4	64	45	0	5
577	89.389583	89.770833	C#4	64	79	0	2
578	89.389583	89.841667	G#4	64	82	0	4
579	89.389583	89.937500	F#2	64	70	1	-4
580	89.639583	89.910417	C#3	64	25	1	-2
581	89.889583	90.050000	C#4	64	79	0	2
582	89.889583	90.077083	F#4	64	74	0	2
583	89.889583	90.210417	F#3	64	47	1	-2
584	90.139583	90.491667	C#4	64	70	0	2
585	90.139583	90.500000	G#3	64	60	1	-5
586	90.139583	90.520833	E4	64	86	0	5
587	90.389583	90.750000	A3	64	72	1	-4
588	90.639583	90.843750	G#3	64	68	1	-5
589	90.639583	91.110417	F#4	64	84	0	2
590	90.639583	91.166667	C#4	64	84	0	2
591	90.889583	91.206250	F#3	64	60	1	-2
592	90.895833	91.387500	C#5	64	117	0	4
593	91.139583	91.370833	E3	64	84	1	-4
594	91.389583	91.768750	E4	64	92	0	5
595	91.389583	91.775000	B3	64	91	1	-2
596	91.389583	92.954167	C#3	64	90	1	-2
597	91.395833	92.387500	G#5	64	124	0	1
598	91.639583	92.208333	G#3	64	60	1	-5
599	91.889583	92.045833	B3	64	72	1	-2
600	92.139583	92.335417	E4	64	91	0	5
601	92.139583	92.393750	B4	64	96	0	2
602	92.389583	92.470833	A3	64	33	1	-4
603	92.389583	92.675000	G#3	64	37	1	-5
604	92.395833	92.637500	C#5	64	92	0	4
605	92.639583	92.925000	C#4	64	62	0	2
606	92.645833	92.887500	G#5	64	92	0	1
607	92.889583	93.210417	G#3	64	72	1	-5
608	92.895833	93.137500	C#5	64	97	0	4
609	93.139583	93.289583	C#5	64	85	0	4
610	93.139583	93.291667	G#5	64	96	0	1
611	93.145833	94.887500	G#5	64	106	0	1
612	93.389583	93.691667	C#5	64	78	0	4
613	93.389583	93.783333	A5	64	99	0	2
614	93.389583	94.993750	C#3	64	77	1	-2
615	93.639583	93.929167	G#3	64	65	1	-5
616	93.889583	94.018750	C#5	64	92	0	4
617	93.889583	94.187500	C#4	64	60	0	2
618	94.139583	94.620833	G#3	64	82	1	-5
619	94.389583	94.556250	G#4	64	86	0	4
620	94.389583	94.620833	E5	64	101	0	2
621	94.639583	94.904167	C#4	64	60	0	2
622	94.889583	95.004167	G#3	64	86	1	-5
623	94.889583	95.087500	E4	64	90	0	5
624	94.889583	95.087500	C#5	64	91	0	4
625	94.895833	95.387500	C#5	64	91	0	4
626	95.389583	95.985417	F#4	64	72	0	2
627	95.389583	95.985417	A4	64	81	0	5
628	95.389583	95.997917	A3	64	90	1	-4
629	95.389583	96.041667	D4	64	86	0	3
630	95.389583	96.485417	D3	64	79	1	-1
631	95.395833	96.137500	A5	64	111	0	2
632	96.145833	96.387500	A5	64	101	0	2
633	96.389583	96.704167	A4	64	81	0	5
634	96.389583	96.720833	F#4	64	72	0	2
635	96.389583	96.729167	D4	64	54	0	3
636	96.389583	96.743750	A3	64	76	1	-4
637	96.395833	96.887500	A5	64	99	0	2
638	96.639583	96.870833	D3	64	86	1	-1
639	96.889583	97.081250	D4	64	72	0	3
640	96.889583	97.114583	A3	64	81	1	-4
641	96.895833	97.387500	F#5	64	72	0	4
642	97.139583	97.214583	D4	64	29	0	3
643	97.139583	97.304167	A4	64	69	0	5
644	97.389583	97.591667	B3	64	86	1	-2
645	97.389583	97.591667	G#4	64	101	0	4
646	97.389583	97.593750	E4	64	99	0	5
647	97.389583	97.616667	C#2	64	77	1	-4
648	97.389583	97.625000	C#3	64	79	1	-2
649	97.395833	97.887500	F#5	64	103	0	4
650	97.895833	98.387500	E5	64	92	0	2
651	98.395833	98.637500	E5	64	92	0	2
652	98.645833	99.137500	C#5	64	92	0	4
653	99.145833	99.387500	C#5	64	78	0	4
654	99.389583	99.435417	A4	64	60	0	5
655	99.389583	99.518750	C#4	64	74	0	2
656	99.389583	99.535417	F#4	64	90	0	2
657	99.389583	99.870833	F#3	64	69	1	-2
658	99.389583	103.066667	F#2	64	76	1	-4
659	99.395833	103.387500	F#5	64	50	0	4
660	99.639583	99.793750	A4	64	85	0	5
661	99.639583	99.827083	C#4	64	76	0	2
662	99.889583	100.035417	C#4	64	94	0	2
663	99.889583	100.052083	A4	64	97	0	5
664	99.889583	100.208333	F#3	64	88	1	-2
665	100.139583	100.233333	C#4	64	56	0	2
666	100.139583	100.331250	G#4	64	77	0	4
667	100.389583	100.485417	C#4	64	76	0	2
668	100.389583	100.508333	G#4	64	99	0	4
669	100.389583	100.647917	F#3	64	72	1	-2
670	100.639583	100.777083	A4	64	90	0	5
671	100.639583	100.818750	C#4	64	79	0	2
672	100.889583	100.989583	C#4	64	70	0	2
673	100.889583	101.002083	A4	64	91	0	5
674	100.889583	101.231250	F#3	64	50	1	-2
675	101.139583	101.310417	G#4	64	76	0	4
676	101.139583	101.312500	C#4	64	68	0	2
677	101.389583	101.472917	C#4	64	66	0	2
678	101.389583	101.527083	G#4	64	94	0	4
679	101.389583	101.700000	F#3	64	47	1	-2
680	101.639583	101.745833	C#4	64	86	0	2
681	101.639583	101.779167	G#4	64	97	0	4
682	101.889583	101.997917	C#4	64	60	0	2
683	101.889583	102.033333	F#4	64	59	0	2
684	102.139583	102.229167	C#4	64	39	0	2
685	102.139583	102.287500	E4	64	88	0	5
686	102.389583	102.560417	C#4	64	70	0	2
687	102.389583	102.608333	G#4	64	84	0	4
688	102.389583	102.850000	F#3	64	68	1	-2
689	102.639583	102.775000	C#4	64	60	0	2
690	102.639583	102.808333	A4	64	94	0	5
691	102.889583	102.962500	C#4	64	65	0	2
692	102.889583	103.033333	C#3	64	91	1	-2
693	102.889583	103.054167	G#4	64	82	0	4
694	103.139583	103.275000	E4	64	82	0	5
695	103.389583	103.533333	C#4	64	81	0	2
696	103.389583	103.537500	A4	64	86	0	5
697	103.389583	103.804167	F#2	64	78	1	-4
698	103.639583	103.758333	A4	64	88	0	5
699	103.639583	103.762500	C#4	64	72	0	2
700	103.639583	103.852083	C#3	64	76	1	-2
701	103.889583	104.004167	C#4	64	79	0	2
702	103.889583	104.012500	A4	64	88	0	5
703	103.889583	104.200000	F#3	64	66	1	-2
704	104.139583	104.264583	C#4	64	69	0	2
705	104.139583	104.287500	G#4	64	79	0	4
706	104.139583	104.506250	G#3	64	72	1	-5
707	104.389583	104.502083	C#4	64	77	0	2
708	104.389583	104.533333	G#4	64	86	0	4
709	104.389583	104.747917	A3	64	69	1	-4
710	104.639583	104.743750	E4	64	94	0	5
711	104.639583	104.750000	B3	64	91	1	-2
712	104.639583	104.943750	G#3	64	60	1	-5
713	104.889583	105.002083	B3	64	65	1	-2
714	104.889583	105.045833	E4	64	90	0	5
715	105.139583	105.258333	C#4	64	88	0	2
716	105.139583	105.268750	F#4	64	85	0	2
717	105.389583	105.512500	C#4	64	74	0	2
718	105.389583	105.525000	F#4	64	77	0	2
719	105.389583	106.922917	F#2	64	82	1	-4
720	105.639583	105.745833	C#4	64	69	0	2
721	105.639583	105.747917	A4	64	85	0	5
722	105.639583	105.962500	C#3	64	70	1	-2
723	105.889583	105.977083	A4	64	88	0	5
724	105.889583	106.004167	C#4	64	72	0	2
725	105.889583	106.229167	F#3	64	60	1	-2
726	106.139583	106.212500	G#4	64	85	0	4
727	106.139583	106.250000	B3	64	79	1	-2
728	106.139583	106.354167	C#3	64	70	1	-2
729	106.389583	106.506250	G#4	64	92	0	4
730	106.389583	106.514583	B3	64	90	1	-2
731	106.389583	106.718750	F#3	64	72	1	-2
732	106.639583	106.733333	F#4	64	94	0	2
733	106.639583	106.739583	A3	64	85	1	-4
734	106.889583	106.983333	C#3	64	82	1	-2
735	106.889583	107.012500	F#4	64	86	0	2
736	106.889583	107.014583	A3	64	84	1	-4
737	107.139583	107.456250	A3	64	68	1	-4
738	107.139583	107.506250	E4	64	107	0	5
739	107.389583	107.479167	D2	64	79	1	-3
740	107.389583	107.510417	D3	64	101	1	-1
741	107.639583	107.729167	A4	64	54	0	5
742	107.639583	107.750000	D4	64	82	0	3
743	107.889583	108.018750	A4	64	97	0	5
744	107.889583	108.022917	C#4	64	91	0	2
745	108.139583	108.258333	B3	64	81	1	-2
746	108.139583	108.264583	G#4	64	85	0	4
747	108.389583	108.510417	B3	64	77	1	-2
748	108.389583	108.543750	G#4	64	79	0	4
749	108.389583	108.870833	D3	64	79	1	-1
750	108.639583	108.760417	B3	64	69	1	-2
751	108.639583	108.764583	F#4	64	60	0	2
752	108.639583	108.800000	G#3	64	85	1	-5
753	108.889583	109.014583	F#4	64	77	0	2
754	108.889583	109.016667	B3	64	77	1	-2
755	109.139583	109.237500	B3	64	57	1	-2
756	109.139583	109.272917	E4	64	72	0	5
757	109.389583	109.747917	D4	64	78	0	3
758	109.389583	109.747917	F#4	64	68	0	2
759	109.389583	109.856250	D2	64	85	1	-3
760	109.639583	109.868750	A2	64	70	1	-1
761	109.889583	109.958333	A3	64	47	1	-4
762	109.889583	110.212500	D3	64	65	1	-1
763	110.139583	110.227083	A4	64	78	0	5
764	110.139583	110.237500	F#4	64	57	0	2
765	110.139583	110.245833	D4	64	65	0	3
766	110.139583	110.264583	A3	64	70	1	-4
767	110.139583	110.500000	E3	64	72	1	-4
768	110.389583	110.500000	A4	64	77	0	5
769	110.389583	110.518750	F#4	64	54	0	2
770	110.389583	110.525000	D4	64	53	0	3
771	110.389583	110.535417	A3	64	63	1	-4
772	110.389583	110.737500	F#3	64	57	1	-2
773	110.639583	110.714583	E3	64	78	1	-4
774	110.639583	110.775000	A3	64	63	1	-4
775	110.639583	110.783333	E4	64	65	0	5
776	110.889583	111.027083	A3	64	84	1	-4
777	110.889583	111.043750	E4	64	99	0	5
778	111.139583	111.202083	E4	64	56	0	5
779	111.139583	111.395833	D2	64	65	1	-3
780	111.389583	111.493750	F#4	64	51	0	2
781	111.389583	111.539583	A3	64	84	1	-4
782	111.389583	111.539583	D4	64	68	0	3
783	111.389583	111.552083	B1	64	91	1	-1
784	111.389583	111.581250	A4	64	88	0	5
785	111.639583	111.693750	A4	64	33	0	5
786	111.639583	111.725000	F#4	64	69	0	2
787	111.639583	111.752083	D4	64	76	0	3
788	111.639583	111.758333	A3	64	63	1	-4
789	111.889583	111.947917	F#4	64	37	0	2
790	111.889583	111.968750	A4	64	60	0	5
791	111.889583	111.979167	D4	64	56	0	3
792	112.139583	112.243750	A4	64	65	0	5
793	112.139583	112.247917	F#4	64	78	0	2
794	112.139583	112.262500	D4	64	63	0	3
795	112.139583	112.268750	A3	64	70	1	-4
796	112.389583	112.535417	A4	64	65	0	5
797	112.389583	112.566667	D4	64	60	0	3
798	112.389583	112.575000	F#4	64	60	0	2
799	112.389583	112.579167	A3	64	57	1	-4
800	112.639583	112.747917	F#4	64	27	0	2
801	112.639583	112.756250	D4	64	54	0	3
802	112.889583	113.014583	A3	64	70	1	-4
803	112.889583	113.016667	D4	64	76	0	3
804	112.889583	113.258333	F#4	64	63	0	2
805	113.139583	113.222917	D4	64	54	0	3
806	113.139583	115.002083	F#2	64	72	1	-4
807	113.389583	113.447917	A4	64	54	0	5
808	113.389583	113.464583	C#4	64	41	0	2
809	113.389583	114.756250	C#3	64	79	1	-2
810	113.639583	113.762500	C#4	64	76	0	2
811	113.639583	113.762500	A4	64	91	0	5
812	113.889583	114.004167	A4	64	94	0	5
813	113.889583	114.010417	C#4	64	74	0	2
814	113.889583	114.037500	F#3	64	53	1	-2
815	114.139583	114.247917	B3	64	81	1	-2
816	114.139583	114.247917	G#4	64	84	0	4
817	114.139583	114.250000	F#3	64	45	1	-2
818	114.389583	114.493750	G#4	64	94	0	4
819	114.389583	114.506250	B3	64	91	1	-2
820	114.389583	114.864583	F#3	64	63	1	-2
821	114.639583	114.747917	A3	64	76	1	-4
822	114.639583	114.750000	F#4	64	90	0	2
823	114.889583	114.987500	F#4	64	70	0	2
824	114.889583	115.012500	A3	64	76	1	-4
825	114.895833	115.137500	F#4	64	60	0	2
826	115.145833	115.387500	A4	64	82	0	5
827	115.389583	115.997917	A3	64	72	1	-4
828	115.389583	116.237500	F#3	64	62	1	-2
829	115.389583	116.347917	F#4	64	60	0	2
830	115.389583	116.389583	A4	64	60	0	5
831	115.389583	116.662500	D4	64	72	0	3
832	115.389583	116.904167	B2	64	68	1	-4
833	115.395833	115.887500	B4	64	86	0	2
834	115.895833	116.137500	B4	64	92	0	2
835	116.145833	116.387500	A4	64	86	0	5
836	116.389583	117.377083	F#3	64	45	1	-2
837	116.395833	116.887500	F#4	64	94	0	2
838	116.639583	116.979167	B3	64	53	1	-2
839	116.889583	117.208333	C#4	64	68	0	2
840	116.895833	117.137500	F#4	64	91	0	2
841	117.139583	117.350000	D4	64	70	0	3
842	117.145833	117.387500	A4	64	78	0	5
843	117.389583	118.975000	B2	64	66	1	-4
844	117.395833	117.887500	B4	64	76	0	2
845	117.639583	117.689583	A4	64	54	0	5
846	117.639583	118.441667	F#3	64	60	1	-2
847	117.889583	118.014583	F#4	64	76	0	2
848	117.889583	118.022917	D5	64	96	0	5
849	117.889583	118.102083	B3	64	18	1	-2
850	117.895833	118.137500	B4	64	86	0	2
851	118.139583	118.404167	E4	64	81	0	5
852	118.139583	118.452083	C#5	64	85	0	4
853	118.145833	118.387500	A4	64	85	0	5
854	118.389583	118.831250	B3	64	45	1	-2
855	118.395833	118.887500	F#4	64	91	0	2
856	118.639583	118.685417	A4	64	84	0	5
857	118.639583	118.718750	F#4	64	76	0	2
858	118.639583	118.760417	D5	64	107	0	5
859	118.889583	118.997917	F#3	64	74	1	-2
860	118.895833	119.137500	A4	64	96	0	5
861	119.139583	119.337500	F#5	64	72	0	4
862	119.145833	119.387500	B4	64	85	0	2
863	119.389583	119.797917	F#2	64	82	1	-4
864	119.389583	119.993750	A5	64	88	0	2
865	119.389583	120.031250	C#5	64	77	0	4
866	119.395833	120.137500	C#5	64	107	0	4
867	119.639583	119.870833	C#3	64	66	1	-2
868	119.889583	120.204167	F#3	64	44	1	-2
869	120.139583	120.716667	G#3	64	65	1	-5
870	120.145833	120.387500	E5	64	85	0	2
871	120.389583	120.668750	A3	64	86	1	-4
872	120.395833	120.887500	B4	64	107	0	2
873	120.639583	120.812500	C#4	64	81	0	2
874	120.889583	121.133333	F#4	64	63	0	2
875	120.895833	121.137500	E5	64	92	0	2
876	121.139583	121.450000	G#4	64	68	0	4
877	121.145833	122.887500	C#5	64	99	0	4
878	121.389583	121.485417	C#4	64	65	0	2
879	121.389583	121.537500	A4	64	72	0	5
880	121.389583	121.827083	F#2	64	63	1	-4
881	121.639583	121.864583	C#3	64	68	1	-2
882	121.889583	122.187500	F#3	64	51	1	-2
883	122.139583	122.300000	A5	64	72	0	2
884	122.139583	122.566667	G#3	64	62	1	-5
885	122.389583	122.525000	E5	64	86	0	2
886	122.389583	122.554167	G#5	64	68	0	1
887	122.389583	122.918750	A3	64	65	1	-4
888	122.639583	122.735417	C#5	64	77	0	4
889	122.639583	122.791667	A4	64	70	0	5
890	122.889583	123.085417	G#4	64	92	0	4
891	122.895833	123.137500	F#4	64	60	0	2
892	123.139583	123.408333	B4	64	72	0	2
893	123.145833	123.387500	A4	64	82	0	5
894	123.389583	123.812500	D5	64	99	0	5
895	123.389583	123.872917	F#4	64	66	0	2
896	123.389583	123.941667	A4	64	27	0	5
897	123.389583	124.960417	B2	64	72	1	-4
898	123.395833	123.887500	B4	64	86	0	2
899	123.639583	124.683333	F#3	64	60	1	-2
900	123.889583	124.345833	B3	64	56	1	-2
901	123.895833	124.137500	B4	64	92	0	2
902	124.139583	124.218750	F#4	64	47	0	2
903	124.139583	124.239583	D4	64	68	0	3
904	124.145833	124.387500	A4	64	86	0	5
905	124.389583	124.472917	D4	64	72	0	3
906	124.389583	124.510417	F#4	64	88	0	2
907	124.395833	124.887500	F#4	64	94	0	2
908	124.639583	124.835417	F#4	64	68	0	2
909	124.639583	124.868750	B3	64	45	1	-2
910	124.639583	124.875000	D5	64	74	0	5
911	124.889583	125.177083	F#3	64	45	1	-2
912	124.895833	125.137500	F#4	64	91	0	2
913	125.139583	125.262500	E4	64	68	0	5
914	125.139583	125.304167	C#5	64	78	0	4
915	125.145833	125.387500	A4	64	78	0	5
916	125.389583	125.712500	D5	64	79	0	5
917	125.389583	125.739583	A4	64	37	0	5
918	125.389583	125.764583	F#4	64	54	0	2
919	125.389583	126.756250	B2	64	76	1	-4
920	125.395833	125.887500	B4	64	76	0	2
921	125.639583	126.150000	F#3	64	54	1	-2
922	125.889583	126.185417	B3	64	65	1	-2
923	125.895833	126.137500	B4	64	86	0	2
924	126.139583	126.429167	F#4	64	76	0	2
925	126.139583	126.460417	D4	64	82	0	3
926	126.145833	126.387500	A4	64	85	0	5
927	126.389583	126.685417	F#3	64	74	1	-2
928	126.395833	126.887500	F#4	64	91	0	2
929	126.639583	126.789583	A3	64	47	1	-4
930	126.889583	127.106250	D4	64	82	0	3
931	126.895833	127.137500	A4	64	96	0	5
932	127.139583	128.179167	A4	64	76	0	5
933	127.145833	127.387500	B4	64	85	0	2
934	127.389583	127.635417	C#2	64	90	1	-4
935	127.389583	128.202083	G#4	64	68	0	4
936	127.389583	128.216667	E4	64	66	0	5
937	127.389583	128.233333	B3	64	70	1	-2
938	127.395833	128.137500	C#5	64	107	0	4
939	127.639583	127.960417	C#3	64	47	1	-2
940	127.889583	128.545833	E3	64	68	1	-4
941	128.139583	128.485417	G#3	64	74	1	-5
942	128.145833	128.387500	E5	64	85	0	2
943	128.389583	128.572917	B3	64	97	1	-2
944	128.395833	128.887500	B4	64	107	0	2
945	128.639583	128.797917	E4	64	90	0	5
946	128.889583	128.933333	B3	64	44	1	-2
947	128.889583	129.056250	G#4	64	91	0	4
948	128.895833	129.137500	E5	64	92	0	2
949	129.139583	129.366667	B3	64	84	1	-2
950	129.139583	129.377083	E4	64	94	0	5
951	129.139583	129.420833	B4	64	106	0	2
952	129.145833	129.387500	C#5	64	99	0	4
953	129.389583	129.872917	C#2	64	79	1	-4
954	129.395833	131.387500	E5	64	99	0	2
955	129.639583	129.762500	E4	64	82	0	5
956	129.639583	129.775000	E5	64	77	0	2
957	129.889583	130.025000	F#4	64	79	0	2
958	129.889583	130.054167	F#5	64	96	0	4
959	129.889583	130.208333	C#3	64	86	1	-2
960	130.389583	130.485417	G#4	64	96	0	4
961	130.389583	130.518750	G#5	64	107	0	1
962	130.389583	130.639583	E3	64	76	1	-4
963	130.639583	130.960417	F#3	64	60	1	-2
964	130.889583	130.985417	A4	64	85	0	5
965	130.889583	131.018750	A5	64	99	0	2
966	130.889583	131.125000	G#3	64	33	1	-5
967	131.139583	131.245833	B4	64	54	0	2
968	131.139583	131.270833	B5	64	82	0	4
969	131.389583	131.633333	C#6	64	103	0	1
970	131.389583	131.697917	C#5	64	48	0	4
971	131.389583	133.147917	F#2	64	84	1	-4
972	131.395833	132.387500	F#5	64	94	0	4
973	131.639583	132.741667	C#3	64	85	1	-2
974	131.889583	132.375000	F#3	64	72	1	-2
975	132.139583	132.266667	C#4	64	68	0	2
976	132.139583	132.272917	A4	64	88	0	5
977	132.389583	132.660417	C#4	64	96	0	2
978	132.389583	132.706250	A4	64	94	0	5
979	132.395833	132.637500	C#5	64	99	0	4
980	132.639583	133.125000	F#3	64	47	1	-2
981	132.645833	132.887500	F#5	64	99	0	4
982	132.889583	132.993750	G#4	64	94	0	4
983	132.889583	132.997917	B3	64	90	1	-2
984	132.895833	133.137500	C#5	64	113	0	4
985	133.139583	133.414583	A3	64	88	1	-4
986	133.139583	133.472917	C#3	64	90	1	-2
987	133.139583	133.489583	F#4	64	92	0	2
988	133.145833	134.887500	F#5	64	92	0	4
989	133.389583	133.850000	F#2	64	65	1	-4
990	133.639583	133.866667	C#3	64	63	1	-2
991	133.889583	134.247917	F#3	64	44	1	-2
992	134.139583	134.252083	A5	64	90	0	2
993	134.139583	134.262500	C#5	64	78	0	4
994	134.139583	134.462500	G#3	64	57	1	-5
995	134.389583	134.483333	A5	64	85	0	2
996	134.389583	134.487500	C#5	64	66	0	4
997	134.389583	134.652083	A3	64	59	1	-4
998	134.639583	134.743750	G#5	64	85	0	1
999	134.639583	134.747917	B4	64	63	0	2
1000	134.639583	134.847917	G#3	64	53	1	-5
1001	134.889583	134.979167	G#5	64	81	0	1
1002	134.889583	135.004167	B4	64	66	0	2
1003	134.889583	135.087500	F#3	64	65	1	-2
1004	134.895833	135.387500	C#5	64	99	0	4
1005	135.139583	135.189583	E5	64	62	0	2
1006	135.139583	135.214583	F#5	64	53	0	4
1007	135.139583	135.245833	A4	64	72	0	5
1008	135.389583	135.618750	C#2	64	82	1	-4
1009	135.389583	136.085417	E5	64	90	0	2
1010	135.389583	136.170833	G#4	64	82	0	4
1011	135.395833	136.387500	G#5	64	107	0	1
1012	135.639583	135.977083	C#3	64	62	1	-2
1013	135.889583	136.750000	E3	64	68	1	-4
1014	136.139583	136.737500	G#3	64	68	1	-5
1015	136.389583	136.650000	B3	64	72	1	-2
1016	136.395833	136.637500	C#5	64	65	0	4
1017	136.639583	136.831250	E4	64	91	0	5
1018	136.645833	136.887500	G#5	64	94	0	1
1019	136.889583	136.950000	E4	64	54	0	5
1020	136.889583	137.056250	F#4	64	76	0	2
1021	136.895833	137.137500	C#5	64	99	0	4
1022	137.139583	137.447917	C#2	64	68	1	-4
1023	137.139583	137.600000	B3	64	84	1	-2
1024	137.139583	137.647917	E4	64	86	0	5
1025	137.139583	137.991667	B4	64	96	0	2
1026	137.145833	138.887500	G#5	64	99	0	1
1027	137.389583	138.039583	C#3	64	63	1	-2
1028	137.639583	138.016667	B3	64	91	1	-2
1029	137.639583	138.052083	G#4	64	101	0	4
1030	138.139583	138.302083	B3	64	72	1	-2
1031	138.139583	138.318750	F#4	64	72	0	2
1032	138.139583	138.579167	E3	64	79	1	-4
1033	138.389583	138.516667	E4	64	86	0	5
1034	138.389583	138.914583	G#3	64	68	1	-5
1035	138.639583	138.658333	B3	64	79	1	-2
1036	138.639583	138.914583	E4	64	94	0	5
1037	138.889583	139.006250	E3	64	90	1	-4
1038	138.895833	139.387500	C#5	64	103	0	4
1039	139.139583	139.266667	B3	64	68	1	-2
1040	139.139583	139.306250	F#4	64	70	0	2
1041	139.389583	139.493750	A3	64	92	1	-4
1042	139.389583	139.500000	D#2	64	68	1	-2
1043	139.389583	139.504167	F#3	64	72	1	-2
1044	139.389583	139.525000	D#3	64	85	1	-5
1045	139.389583	139.566667	C#4	64	88	0	2
1046	139.395833	140.137500	A5	64	113	0	2
1047	139.814583	139.922917	F#4	64	56	0	2
1048	139.864583	139.977083	A4	64	76	0	5
1049	139.889583	139.987500	C#5	64	79	0	4
1050	139.889583	140.741667	D#4	64	50	0	4
1051	140.145833	140.387500	A5	64	97	0	2
1052	140.395833	140.637500	B5	64	88	0	4
1053	140.639583	140.956250	F#4	64	79	0	2
1054	140.639583	140.981250	A4	64	92	0	5
1055	140.639583	140.989583	D5	64	101	0	5
1056	140.645833	140.887500	A5	64	107	0	2
1057	140.889583	140.987500	D#4	64	54	0	4
1058	140.895833	141.387500	F#5	64	96	0	4
1059	141.139583	141.339583	C#5	64	65	0	4
1060	141.389583	141.647917	D2	64	60	1	-3
1061	141.389583	142.310417	D5	64	96	0	5
1062	141.389583	142.343750	E4	64	76	0	5
1063	141.389583	142.360417	A4	64	9	0	5
1064	141.395833	141.887500	F#5	64	91	0	4
1065	141.639583	141.950000	D3	64	69	1	-1
1066	141.889583	142.914583	E3	64	85	1	-4
1067	141.895833	142.387500	E5	64	91	0	2
1068	142.139583	142.895833	F#3	64	63	1	-2
1069	142.389583	142.575000	G#3	64	65	1	-5
1070	142.389583	142.856250	A3	64	68	1	-4
1071	142.395833	142.887500	E5	64	107	0	2
1072	142.639583	142.960417	D4	64	91	0	3
1073	142.889583	143.143750	F#4	64	84	0	2
1074	142.895833	143.137500	B4	64	107	0	2
1075	143.139583	144.218750	A4	64	88	0	5
1076	143.145833	144.637500	C#5	64	107	0	4
1077	143.389583	143.639583	C#2	64	92	1	-4
1078	143.389583	144.254167	E4	64	91	0	5
1079	143.389583	144.272917	G#4	64	90	0	4
1080	143.389583	144.279167	B3	64	78	1	-2
1081	143.639583	143.975000	C#3	64	65	1	-2
1082	143.889583	144.777083	E3	64	66	1	-4
1083	144.139583	144.716667	G#3	64	60	1	-5
1084	144.389583	144.560417	B3	64	76	1	-2
1085	144.389583	144.608333	F#4	64	60	0	2
1086	144.639583	144.802083	B3	64	60	1	-2
1087	144.639583	145.039583	G#4	64	91	0	4
1088	144.645833	144.887500	B4	64	92	0	2
1089	144.889583	144.962500	B3	64	41	1	-2
1090	144.895833	145.137500	A4	64	92	0	5
1091	145.139583	146.033333	B3	64	92	1	-2
1092	145.139583	146.037500	E4	64	82	0	5
1093	145.139583	146.087500	B4	64	81	0	2
1094	145.145833	145.387500	B4	64	78	0	2
1095	145.389583	145.597917	C#2	64	86	1	-4
1096	145.395833	147.387500	C#5	64	99	0	4
1097	145.639583	145.964583	C#3	64	56	1	-2
1098	145.889583	146.693750	E3	64	68	1	-4
1099	146.139583	147.000000	F#3	64	57	1	-2
1100	146.389583	146.493750	E4	64	72	0	5
1101	146.389583	146.512500	E5	64	103	0	2
1102	146.639583	146.758333	F#4	64	54	0	2
1103	146.639583	146.781250	F#5	64	90	0	4
1104	146.889583	146.997917	G#4	64	60	0	4
1105	146.889583	147.037500	G#5	64	92	0	1
1106	146.889583	147.247917	E3	64	72	1	-4
1107	147.139583	147.233333	B5	64	94	0	4
1108	147.139583	147.245833	B4	64	45	0	2
1109	147.389583	147.702083	A5	64	94	0	2
1110	147.389583	147.775000	A4	64	72	0	5
1111	147.389583	149.072917	F#2	64	76	1	-4
1112	147.395833	148.387500	F#5	64	65	0	4
1113	147.639583	148.639583	C#3	64	82	1	-2
1114	147.889583	148.231250	F#3	64	63	1	-2
1115	148.139583	148.254167	C#4	64	70	0	2
1116	148.139583	148.266667	A4	64	97	0	5
1117	148.389583	148.535417	A4	64	103	0	5
1118	148.389583	148.537500	C#4	64	81	0	2
1119	148.395833	148.637500	C#5	64	90	0	4
1120	148.639583	148.808333	B3	64	54	1	-2
1121	148.639583	148.812500	G#4	64	78	0	4
1122	148.639583	149.079167	F#3	64	39	1	-2
1123	148.645833	148.887500	F#5	64	94	0	4
1124	148.889583	149.047917	E4	64	88	0	5
1125	148.889583	149.208333	C#3	64	45	1	-2
1126	148.895833	149.137500	C#5	64	96	0	4
1127	149.139583	149.875000	A4	64	103	0	5
1128	149.139583	149.895833	F#4	64	70	0	2
1129	149.139583	149.968750	C#4	64	99	0	2
1130	149.145833	150.887500	F#5	64	92	0	4
1131	149.389583	151.035417	F#2	64	70	1	-4
1132	149.639583	150.587500	C#3	64	76	1	-2
1133	149.889583	150.345833	F#3	64	65	1	-2
1134	150.139583	150.256250	A4	64	82	0	5
1135	150.139583	150.264583	C#4	64	68	0	2
1136	150.389583	150.516667	B3	64	84	1	-2
1137	150.389583	150.533333	G#4	64	101	0	4
1138	150.389583	150.783333	F#3	64	56	1	-2
1139	150.639583	150.681250	A3	64	18	1	-4
1140	150.889583	150.985417	C#3	64	97	1	-2
1141	150.889583	150.991667	A3	64	88	1	-4
1142	150.889583	151.018750	F#4	64	85	0	2
1143	150.895833	151.387500	C#5	64	117	0	4
1144	151.389583	151.614583	C#2	64	86	1	-4
1145	151.389583	151.997917	G#3	64	72	1	-5
1146	151.389583	152.214583	E4	64	96	0	5
1147	151.395833	152.387500	G#5	64	124	0	1
1148	151.639583	151.972917	C#3	64	63	1	-2
1149	151.889583	152.687500	E3	64	74	1	-4
1150	152.139583	152.660417	G#3	64	63	1	-5
1151	152.389583	152.562500	B3	64	86	1	-2
1152	152.395833	152.637500	C#5	64	92	0	4
1153	152.639583	152.733333	B3	64	63	1	-2
1154	152.639583	152.904167	C#4	64	85	0	2
1155	152.645833	152.887500	G#5	64	92	0	1
1156	152.889583	153.087500	E4	64	88	0	5
1157	152.895833	153.137500	C#5	64	97	0	4
1158	153.139583	153.522917	E4	64	57	0	5
1159	153.139583	153.537500	G#3	64	68	1	-5
1160	153.139583	153.560417	B3	64	97	1	-2
1161	153.145833	154.887500	G#5	64	106	0	1
1162	153.389583	153.722917	C#3	64	57	1	-2
1163	153.389583	155.025000	C#2	64	78	1	-4
1164	153.639583	153.725000	G#3	64	86	1	-5
1165	153.639583	153.750000	E4	64	97	0	5
1166	153.889583	153.991667	E3	64	72	1	-4
1167	153.889583	153.991667	C#4	64	79	0	2
1168	153.889583	154.000000	G#3	64	88	1	-5
1169	153.889583	154.043750	C#3	64	50	1	-2
1170	154.139583	154.327083	C#3	64	54	1	-2
1171	154.389583	154.631250	B3	64	68	1	-2
1172	154.389583	154.664583	G#3	64	86	1	-5
1173	154.389583	154.666667	E4	64	86	0	5
1174	154.639583	154.656250	E3	64	99	1	-4
1175	154.639583	154.820833	C#3	64	65	1	-2
1176	154.639583	155.010417	B3	64	91	1	-2
1177	154.889583	155.025000	C#3	64	72	1	-2
1178	154.895833	155.387500	C#5	64	91	0	4
1179	155.139583	155.300000	E4	64	86	0	5
1180	155.389583	155.456250	D#2	64	33	1	-2
1181	155.389583	155.956250	D4	64	94	0	3
1182	155.389583	155.979167	F#3	64	69	1	-2
1183	155.389583	156.022917	A3	64	97	1	-4
1184	155.389583	156.929167	D2	64	81	1	-3
1185	155.395833	156.137500	A5	64	111	0	2
1186	156.139583	156.512500	D3	64	21	1	-1
1187	156.145833	156.387500	A5	64	101	0	2
1188	156.389583	156.745833	D4	64	90	0	3
1189	156.389583	156.779167	F#3	64	74	1	-2
1190	156.389583	157.027083	A3	64	97	1	-4
1191	156.395833	156.887500	A5	64	99	0	2
1192	156.639583	156.970833	D3	64	54	1	-1
1193	156.889583	157.058333	F#3	64	60	1	-2
1194	156.895833	157.387500	F#5	64	72	0	4
1195	157.389583	157.747917	C#3	64	70	1	-2
1196	157.389583	157.750000	B3	64	79	1	-2
1197	157.389583	157.756250	G#3	64	62	1	-5
1198	157.389583	157.762500	E3	64	86	1	-4
1199	157.389583	157.768750	C#2	64	88	1	-4
1200	157.395833	157.887500	F#5	64	103	0	4
1201	157.895833	158.387500	E5	64	92	0	2
1202	158.395833	158.637500	E5	64	92	0	2
1203	158.645833	159.137500	C#5	64	92	0	4
1204	159.145833	159.387500	C#5	64	78	0	4
1205	159.389583	159.725000	F#3	64	78	1	-2
1206	159.389583	159.795833	C#4	64	94	0	2
1207	159.389583	159.820833	A3	64	96	1	-4
1208	159.389583	162.933333	F#2	64	78	1	-4
1209	159.395833	163.387500	F#5	64	50	0	4
1210	160.389583	160.635417	G#3	64	41	1	-5
1211	160.389583	160.716667	A3	64	65	1	-4
1212	160.389583	160.718750	C#4	64	60	0	2
1213	160.389583	160.950000	F#3	64	41	1	-2
1214	161.389583	161.797917	A3	64	60	1	-4
1215	161.389583	161.804167	G#3	64	45	1	-5
1216	161.389583	161.814583	C#4	64	63	0	2
1217	161.389583	161.889583	F#3	64	44	1	-2
1218	162.389583	162.825000	F#3	64	44	1	-2
1219	162.389583	162.893750	C#4	64	68	0	2
1220	162.389583	163.000000	G#3	64	50	1	-5
1221	162.389583	163.010417	A3	64	70	1	-4
1222	162.895833	163.387500	C#5	64	91	0	4
1223	163.389583	163.991667	D4	64	91	0	3
1224	163.389583	164.020833	A3	64	91	1	-4
1225	163.389583	164.022917	F#3	64	76	1	-2
1226	163.389583	164.814583	B2	64	72	1	-4
1227	163.395833	164.137500	A5	64	111	0	2
1228	164.145833	164.387500	A5	64	101	0	2
1229	164.389583	164.958333	D4	64	60	0	3
1230	164.389583	164.983333	A3	64	77	1	-4
1231	164.389583	164.985417	F#3	64	56	1	-2
1232	164.395833	164.520833	A6	64	99	0	4
1233	164.520833	164.895833	A5	64	99	0	2
1234	164.889583	165.000000	B2	64	62	1	-4
1235	164.895833	165.387500	F#5	64	72	0	4
1236	165.389583	165.618750	D3	64	54	1	-1
1237	165.389583	165.637500	D4	64	77	0	3
1238	165.389583	165.641667	A3	64	77	1	-4
1239	165.389583	165.643750	F#3	64	57	1	-2
1240	165.389583	165.666667	D2	64	44	1	-3
1241	165.395833	165.887500	F#5	64	103	0	4
1242	165.895833	166.387500	E5	64	92	0	2
1243	166.139583	167.085417	G#3	64	72	1	-5
1244	166.139583	167.087500	B3	64	62	1	-2
1245	166.139583	167.089583	E3	64	68	1	-4
1246	166.139583	167.110417	C#3	64	47	1	-2
1247	166.139583	167.143750	C#2	64	51	1	-4
1248	166.895833	167.137500	E5	64	92	0	2
1249	167.145833	167.387500	C#5	64	92	0	4
1250	167.645833	168.137500	C#5	64	92	0	4
1251	168.145833	168.387500	C#5	64	78	0	4
1252	168.395833	172.387500	F#5	64	50	0	4
1253	169.389583	169.689583	G#3	64	30	1	-5
1254	169.389583	169.814583	C#4	64	81	0	2
1255	169.389583	169.822917	A3	64	84	1	-4
1256	169.389583	172.862500	F#2	64	74	1	-4
1257	169.889583	170.481250	C#3	64	66	1	-2
1258	170.389583	170.679167	G#3	64	85	1	-5
1259	170.389583	170.722917	A3	64	94	1	-4
1260	170.389583	170.814583	C#4	64	96	0	2
1261	170.389583	170.975000	F#3	64	50	1	-2
1262	170.889583	171.468750	C#3	64	54	1	-2
1263	171.139583	171.272917	C#4	64	72	0	2
1264	171.139583	171.279167	A4	64	96	0	5
1265	171.389583	171.558333	C#4	64	72	0	2
1266	171.389583	171.570833	A4	64	92	0	5
1267	171.389583	172.014583	F#3	64	47	1	-2
1268	171.889583	172.460417	C#3	64	69	1	-2
1269	172.139583	172.245833	G#4	64	101	0	4
1270	172.139583	172.254167	B3	64	78	1	-2
1271	172.389583	172.500000	B3	64	85	1	-2
1272	172.389583	172.506250	G#4	64	94	0	4
1273	172.389583	172.825000	F#3	64	50	1	-2
1274	172.889583	172.987500	A3	64	90	1	-4
1275	172.889583	172.989583	C#3	64	72	1	-2
1276	172.889583	172.989583	F#4	64	84	0	2
1277	173.389583	173.764583	G#3	64	65	1	-5
1278	173.389583	173.864583	A3	64	81	1	-4
1279	173.389583	173.914583	C#4	64	91	0	2
1280	173.389583	176.997917	F#2	64	70	1	-4
1281	173.889583	176.566667	C#3	64	59	1	-2
1282	174.389583	174.691667	F#3	64	60	1	-2
1283	174.389583	174.868750	B3	64	94	1	-2
1284	174.389583	174.943750	E4	64	90	0	5
1285	175.139583	175.608333	F#3	64	45	1	-2
1286	175.389583	175.425000	E4	64	60	0	5
1287	175.389583	175.627083	C#4	64	69	0	2
1288	175.389583	175.631250	A4	64	97	0	5
1289	175.889583	176.200000	F#3	64	38	1	-2
1290	176.139583	176.247917	G#4	64	96	0	4
1291	176.139583	176.260417	B3	64	74	1	-2
1292	176.389583	176.497917	B3	64	74	1	-2
1293	176.389583	176.497917	G#4	64	91	0	4
1294	176.389583	176.772917	F#3	64	53	1	-2
1295	176.889583	176.987500	C#3	64	72	1	-2
1296	176.889583	177.022917	A3	64	72	1	-4
1297	176.889583	177.035417	F#4	64	90	0	2
1298	177.389583	177.783333	E4	64	97	0	5
1299	177.389583	177.822917	B3	64	69	1	-2
1300	177.389583	177.970833	C#2	64	88	1	-4
1301	178.695833	181.270833	F#2	64	62	1	-4
1302	178.708333	178.872917	F#3	64	62	1	-2
1303	178.708333	182.272917	F#1	64	62	1	-1
1304	178.872917	178.975000	F#4	64	65	0	2
1305	178.995833	179.079167	F#3	64	68	1	-2
1306	179.079167	179.170833	F#4	64	69	0	2
1307	179.181250	179.243750	F#3	64	71	1	-2
1308	179.243750	179.325000	F#4	64	72	0	2
1309	179.345833	179.408333	F#3	64	73	1	-2
1310	179.418750	179.491667	F#4	64	74	0	2
1311	179.512500	179.575000	F#3	64	75	1	-2
1312	179.554167	179.645833	F#4	64	76	0	2
1313	179.677083	179.739583	F#3	64	78	1	-2
1314	179.729167	179.800000	F#4	64	78	0	2
1315	179.831250	179.883333	F#3	64	80	1	-2
1316	179.883333	179.954167	F#4	64	81	0	2
1317	179.964583	180.027083	F#3	64	82	1	-2
1318	180.037500	180.100000	F#4	64	83	0	2
1319	180.133333	180.193750	F#3	64	84	1	-2
1320	180.185417	180.256250	F#4	64	84	0	2
1321	180.277083	180.339583	F#3	64	86	1	-2
1322	180.329167	180.402083	F#4	64	87	0	2
1323	180.433333	180.495833	F#3	64	88	1	-2
1324	180.485417	180.566667	F#4	64	89	0	2
1325	180.597917	180.647917	F#3	64	90	1	-2
1326	180.637500	180.720833	F#4	64	91	0	2
1327	180.731250	180.793750	F#3	64	92	1	-2
1328	180.793750	180.885417	F#4	64	93	0	2
1329	180.906250	180.979167	F#3	64	95	1	-2
1330	180.958333	181.060417	F#4	64	96	0	2
1331	181.081250	181.143750	F#3	64	98	1	-2
1332	181.139583	181.222917	F#6	64	51	0	1
1333	181.143750	181.214583	F#4	64	99	0	2
1334	181.264583	181.316667	F#3	64	101	1	-2
1335	181.327083	182.129167	F#4	64	102	0	2
1336	181.360417	182.054167	C#4	64	97	0	2
1337	181.410417	182.118750	F#3	64	103	1	-2
1338	181.410417	182.435417	F#2	64	97	1	-4
