//Version: PianoFingering_v170101
0	0.759434	1.313680	D4	64	47	0	3
1	0.759434	1.319576	E4	64	59	0	5
2	0.759434	1.382076	G4	64	61	0	3
3	0.759434	2.431605	C3	64	63	1	-3
4	1.042453	2.491746	G3	64	49	1	-1
5	1.325472	2.679247	C4	64	46	0	1
6	1.608491	2.327831	G4	64	56	0	3
7	1.608491	2.438680	D4	64	59	0	3
8	3.023586	3.591983	A4	64	61	0	5
9	3.023586	3.672172	F4	64	50	0	1
10	3.023586	4.580191	D3	64	68	1	-1
11	3.306605	4.636795	A3	64	50	1	-4
12	3.589624	4.408021	D4	64	49	0	3
13	3.872643	4.590804	E4	64	51	0	5
14	4.438681	4.716983	F4	64	61	0	1
15	5.287738	5.827833	C4	64	56	0	1
16	5.287738	5.860852	E4	64	56	0	5
17	5.287738	7.067220	A2	64	58	1	-1
18	5.570757	7.287739	E3	64	55	1	-4
19	5.853776	7.176890	A3	64	40	1	-4
20	6.136795	6.839626	B3	64	46	1	-2
21	6.702833	7.238211	C4	64	39	0	1
22	7.268871	7.556607	B3	64	42	1	-2
23	7.268871	7.570758	D4	64	61	0	3
24	7.551890	8.102598	C4	64	63	0	1
25	7.551890	8.155664	E4	64	70	0	5
26	7.551890	9.082551	A2	64	58	1	-1
27	7.834909	8.918636	E3	64	56	1	-4
28	8.117928	8.966985	A3	64	61	1	-4
29	8.400947	8.762976	B3	64	69	1	-2
30	8.683966	8.955193	C4	64	75	0	1
31	8.966985	9.202834	D4	64	70	0	3
32	9.250004	9.551891	E4	64	60	0	5
33	9.533023	9.799533	G4	64	53	0	3
34	9.816042	10.163920	C4	64	56	0	1
35	9.816042	10.268873	E4	64	73	0	5
36	9.816042	11.541279	C3	64	66	1	-3
37	10.099061	11.007081	G3	64	57	1	-1
38	10.382080	11.482317	C4	64	34	0	1
39	10.665099	11.464628	G4	64	59	0	3
40	10.665099	11.497647	D4	64	54	0	3
41	11.514156	11.704015	G3	64	53	1	-1
42	12.080194	12.403308	F4	64	55	0	1
43	12.080194	12.425713	C4	64	69	0	1
44	12.080194	12.451657	A3	64	47	1	-4
45	12.080194	13.799535	D3	64	59	1	-1
46	12.363213	13.804252	F3	64	54	1	-3
47	12.646232	13.768874	A3	64	39	1	-4
48	12.929251	13.715808	F4	64	61	0	1
49	14.344346	14.676894	E4	64	63	0	5
50	14.344346	17.728782	A2	64	63	1	-1
51	14.627365	15.518875	A3	64	35	1	-4
52	14.910384	15.575479	B3	64	57	1	-2
53	15.193403	15.693404	C4	64	72	0	1
54	15.759441	17.621470	A3	64	25	1	-4
55	16.042460	16.325479	E4	64	50	0	5
56	16.325479	16.604961	B4	64	75	0	2
57	16.608498	17.753546	E4	64	16	0	5
58	16.608498	17.772414	C5	64	63	0	3
59	16.608498	17.777131	A4	64	19	0	5
60	18.682792	19.419820	E4	64	51	0	5
61	18.745292	19.422179	G4	64	58	0	3
62	18.872650	19.150952	G4	64	57	0	3
63	18.872650	20.761802	C3	64	63	1	-3
64	18.872650	20.997651	C5	64	78	0	3
65	19.155669	19.433971	C5	64	55	0	3
66	19.155669	21.182793	G3	64	53	1	-1
67	19.438688	19.716990	C5	64	66	0	3
68	19.438688	20.975246	C4	64	58	0	1
69	19.721707	20.283028	C5	64	84	0	3
70	19.721707	21.721708	D4	64	54	0	3
71	20.287745	20.566047	B4	64	69	0	2
72	20.570764	22.264161	C5	64	77	0	3
73	21.136802	21.699303	G4	64	62	0	3
74	21.136802	22.872652	C3	64	73	1	-3
75	21.419821	22.943407	G3	64	55	1	-1
76	21.702840	22.699303	C4	64	41	0	1
77	21.985859	22.595529	D4	64	59	0	3
78	22.268878	22.547180	D5	64	91	0	5
79	22.551897	22.830199	C5	64	74	0	3
80	22.551897	22.957558	G4	64	73	0	3
81	22.834916	23.113218	B4	64	66	0	2
82	23.117935	23.396237	A4	64	62	0	5
83	23.400954	23.962275	G4	64	64	0	3
84	23.400954	23.738219	D4	64	55	0	3
85	23.400954	23.747653	G4	64	60	0	3
86	23.400954	25.199304	E3	64	72	1	-4
87	23.683973	25.327842	B3	64	40	1	-2
88	23.966992	24.245294	G4	64	66	0	3
89	23.966992	24.773596	D4	64	54	0	3
90	24.250011	24.528313	A4	64	80	0	5
91	24.250011	25.149776	G4	64	59	0	3
92	24.533030	28.207560	B4	64	74	0	2
93	25.099068	25.466993	A4	64	63	0	5
94	25.665106	26.017701	G4	64	47	0	3
95	25.665106	26.021239	B4	64	73	0	2
96	25.665106	27.544824	E3	64	59	1	-4
97	25.948125	27.508268	B3	64	51	1	-2
98	26.231144	27.162749	D4	64	49	0	3
99	26.514163	27.326664	G4	64	59	0	3
100	27.929258	28.471711	E4	64	62	0	5
101	27.929258	29.862042	A2	64	63	1	-1
102	28.212277	28.490579	C4	64	52	0	1
103	28.212277	30.066052	E3	64	60	1	-4
104	28.495296	28.773598	A4	64	61	0	5
105	28.495296	29.917467	A3	64	46	1	-4
106	28.778315	29.056617	A4	64	66	0	5
107	28.778315	29.347891	C4	64	57	0	1
108	29.061334	29.339636	A4	64	63	0	5
109	29.344353	30.188693	B4	64	62	0	2
110	29.344353	30.123835	D4	64	56	0	3
111	30.193410	30.471712	C5	64	62	0	3
112	30.193410	31.104967	C4	64	61	0	1
113	30.193410	31.514166	E4	64	61	0	5
114	30.193410	31.877373	A2	64	47	1	-1
115	30.476429	30.896241	B4	64	57	0	2
116	30.900958	31.462279	G4	64	41	0	3
117	31.042467	31.832562	E3	64	11	1	-4
118	31.325486	31.675722	A3	64	50	1	-4
119	31.466996	32.169826	E4	64	52	0	5
120	31.608505	31.877373	C4	64	60	0	1
121	31.891524	32.245298	D4	64	71	0	3
122	32.174543	32.452845	E4	64	75	0	5
123	32.457562	32.735864	D4	64	63	0	3
124	32.457562	32.829025	D4	64	44	0	3
125	32.457562	32.836100	F#4	64	75	0	2
126	32.457562	32.846713	A4	64	71	0	5
127	32.457562	34.721714	D3	64	69	1	-1
128	32.740581	33.018883	C4	64	59	0	1
129	32.740581	33.856148	A3	64	41	1	-4
130	33.023600	33.301902	D4	64	63	0	3
131	33.023600	33.866761	C4	64	61	0	1
132	33.306619	33.584921	C4	64	47	0	1
133	33.306619	33.946950	F#4	64	72	0	2
134	33.589638	33.867940	D4	64	51	0	3
135	33.872657	34.150959	C4	64	54	0	1
136	34.155676	34.433978	D4	64	56	0	3
137	34.155676	34.712280	A3	64	43	1	-4
138	34.438695	35.000016	E4	64	64	0	5
139	34.438695	34.656856	C4	64	51	0	1
140	34.721714	35.017705	C4	64	69	0	1
141	34.721714	35.035394	F4	64	69	0	1
142	34.721714	35.051903	A4	64	62	0	5
143	34.721714	35.682800	C5	64	59	0	3
144	34.721714	36.271243	G3	64	60	1	-1
145	35.004733	37.547187	G4	64	83	0	3
146	35.004733	36.156856	B3	64	32	1	-2
147	35.287752	35.658036	C4	64	61	0	1
148	35.570771	36.147423	F4	64	77	0	1
149	36.419828	36.799545	C5	64	78	0	3
150	36.985866	37.566055	B4	64	75	0	2
151	36.985866	38.741763	E3	64	75	1	-4
152	37.268885	37.845537	B3	64	37	1	-2
153	37.551904	37.830206	E4	64	61	0	5
154	37.551904	38.042471	E4	64	59	0	5
155	37.834923	38.113225	E4	64	66	0	5
156	37.834923	38.623839	A4	64	62	0	5
157	38.117942	38.679263	E4	64	66	0	5
158	38.400961	38.933980	B3	64	56	1	-2
159	38.683980	38.962282	F#4	64	54	0	2
160	38.683980	39.641528	E4	64	55	0	5
161	38.966999	39.811339	G#4	64	66	0	4
162	38.966999	39.737047	G#4	64	61	0	4
163	39.250018	41.048368	E3	64	58	1	-4
164	39.533037	40.275962	B3	64	68	1	-2
165	39.816056	40.377377	G#4	64	84	0	4
166	39.816056	40.694594	E4	64	57	0	5
167	40.099075	40.735868	D5	64	75	0	5
168	40.382094	40.660396	A4	64	77	0	5
169	40.665113	41.226434	B4	64	66	0	2
170	40.665113	40.987047	B3	64	56	1	-2
171	40.948132	41.275963	A4	64	70	0	5
172	41.231151	41.509453	B4	64	87	0	2
173	41.231151	41.478793	B4	64	73	0	2
174	41.514170	43.207567	B4	64	87	0	2
175	41.514170	41.978793	A2	64	62	1	-1
176	41.514170	42.691058	E4	64	58	0	5
177	41.514170	42.762992	C5	64	75	0	3
178	41.797189	42.058982	E3	64	46	1	-4
179	42.080208	42.458746	A3	64	47	1	-4
180	42.363227	43.264171	B3	64	61	1	-2
181	42.646246	43.550728	C4	64	71	0	1
182	42.929265	43.227615	E4	64	59	0	5
183	43.212284	43.490586	A4	64	68	0	5
184	43.212284	43.495303	B4	64	71	0	2
185	43.495303	45.188700	C5	64	96	0	3
186	43.495303	44.106153	E4	64	62	0	5
187	43.495303	44.169832	C5	64	52	0	3
188	43.778322	45.487050	A3	64	46	1	-4
189	44.061341	44.963464	C4	64	71	0	1
190	44.344360	44.551908	E4	64	68	0	5
191	44.627379	44.909219	B4	64	79	0	2
192	44.910398	45.296012	C5	64	76	0	3
193	45.051908	45.350257	C4	64	57	0	1
194	45.193417	45.471719	A4	64	63	0	5
195	45.334927	45.755918	G4	64	76	0	3
196	45.476436	45.754738	A4	64	63	0	5
197	45.759455	46.037757	B4	64	79	0	2
198	45.759455	45.876201	E4	64	62	0	5
199	46.042474	46.320776	C5	64	89	0	3
200	46.042474	46.650965	C4	64	59	0	1
201	46.042474	46.702852	F4	64	71	0	1
202	46.042474	46.767711	A4	64	60	0	5
203	46.042474	47.553088	F3	64	74	1	-3
204	46.325493	46.603795	B4	64	59	0	2
205	46.608512	46.886814	A4	64	57	0	5
206	46.891531	48.018890	C5	64	66	0	3
207	47.174550	47.876202	C4	64	57	0	1
208	47.174550	47.930447	A4	64	57	0	5
209	47.174550	47.931626	F4	64	63	0	1
210	47.740588	47.944598	F3	64	72	1	-3
211	48.023607	48.301909	C5	64	90	0	3
212	48.306626	48.867947	C5	64	94	0	3
213	48.306626	48.678089	F#4	64	71	0	2
214	48.306626	48.700494	D4	64	50	0	3
215	48.306626	49.044834	C5	64	58	0	3
216	48.306626	50.047193	D3	64	50	1	-1
217	48.589645	49.266532	A3	64	43	1	-4
218	48.872664	49.717004	B4	64	89	0	2
219	48.872664	49.803089	D4	64	68	0	3
220	49.155683	50.063703	A4	64	79	0	5
221	49.721721	50.283042	A4	64	90	0	5
222	49.721721	50.001203	A3	64	51	1	-4
223	50.004740	50.086108	F#4	64	82	0	2
224	50.287759	50.566061	E4	64	87	0	5
225	50.570778	55.377384	D4	64	65	0	3
226	50.570778	51.001203	C4	64	72	0	1
227	50.570778	51.104977	A3	64	59	1	-4
228	50.570778	51.161580	F4	64	63	0	1
229	50.570778	52.345543	G2	64	71	1	-3
230	50.853797	52.570779	D3	64	57	1	-1
231	51.136816	51.758279	G3	64	50	1	-1
232	51.419835	52.018892	C4	64	76	0	1
233	51.985873	52.495308	G3	64	47	1	-1
234	52.268892	52.509458	C4	64	69	0	1
235	52.551911	52.681628	F4	64	75	0	1
236	52.834930	53.310166	G4	64	74	0	3
237	52.834930	53.329034	B3	64	68	1	-2
238	52.834930	54.432808	G2	64	60	1	-3
239	53.967006	54.470544	C4	64	69	0	1
240	53.967006	54.525969	D3	64	50	1	-1
241	53.967006	54.569601	F4	64	63	0	1
242	53.967006	54.607337	A3	64	54	1	-4
243	54.533044	54.658044	D4	64	70	0	3
244	55.099082	55.813705	G4	64	63	0	3
245	55.099082	55.833752	C5	64	73	0	3
246	55.099082	55.859696	E4	64	56	0	5
247	55.099082	56.951678	C3	64	56	1	-3
248	55.382101	55.660403	G4	64	66	0	3
249	55.665120	55.943422	C5	64	83	0	3
250	55.948139	56.226441	C5	64	75	0	3
251	56.231158	56.792479	C5	64	90	0	3
252	56.231158	56.882102	G4	64	69	0	3
253	56.231158	56.961111	E4	64	60	0	5
254	56.231158	56.998847	C5	64	68	0	3
255	56.797196	57.075498	B4	64	87	0	2
256	57.080215	58.490593	C5	64	93	0	3
257	57.363234	57.957574	G4	64	68	0	3
258	57.363234	57.984697	C5	64	61	0	3
259	57.363234	57.990593	E4	64	61	0	5
260	57.363234	59.049556	C3	64	61	1	-3
261	58.495310	58.773612	D5	64	96	0	5
262	58.495310	58.814886	D4	64	59	0	3
263	58.495310	58.887999	G4	64	61	0	3
264	58.495310	58.959933	B4	64	73	0	2
265	58.778329	59.056631	C5	64	83	0	3
266	59.061348	59.339650	B4	64	82	0	2
267	59.061348	59.199320	C5	64	79	0	3
268	59.061348	59.201679	E4	64	41	0	5
269	59.061348	59.212292	G4	64	49	0	3
270	59.344367	59.905688	A4	64	59	0	5
271	59.627386	60.393896	B4	64	77	0	2
272	59.627386	60.396255	G4	64	67	0	3
273	59.627386	60.398613	D4	64	61	0	3
274	59.627386	61.028330	B3	64	57	1	-2
275	59.627386	61.415123	E3	64	50	1	-4
276	59.910405	60.188707	B4	64	81	0	2
277	60.193424	60.754745	B4	64	79	0	2
278	60.759462	61.037764	E5	64	84	0	2
279	60.759462	61.363236	G4	64	68	0	3
280	60.759462	61.378566	D4	64	59	0	3
281	60.759462	61.382104	B4	64	74	0	2
282	61.042481	64.433992	B4	64	86	0	2
283	61.325500	61.524793	B3	64	37	1	-2
284	61.891538	62.587293	B4	64	69	0	2
285	61.891538	62.620312	G4	64	58	0	3
286	61.891538	62.629746	D4	64	56	0	3
287	61.891538	63.069605	B3	64	63	1	-2
288	61.891538	63.791303	E3	64	59	1	-4
289	63.023614	63.291303	G4	64	61	0	3
290	63.023614	63.312530	D4	64	61	0	3
291	63.023614	63.334935	B4	64	73	0	2
292	63.306633	63.796020	B3	64	61	1	-2
293	63.589652	63.853803	D4	64	63	0	3
294	63.872671	64.027153	G4	64	63	0	3
295	64.155690	64.935172	C5	64	69	0	3
296	64.155690	64.958757	E4	64	63	0	5
297	64.155690	64.967011	G4	64	38	0	3
298	64.155690	65.727625	A3	64	61	1	-4
299	64.438709	64.717011	E4	64	66	0	5
300	64.721728	65.000030	A4	64	75	0	5
301	65.004747	65.283049	A4	64	66	0	5
302	65.287766	65.849087	A4	64	89	0	5
303	65.287766	65.595549	C5	64	73	0	3
304	65.287766	65.696965	E4	64	68	0	5
305	65.287766	65.714653	G4	64	69	0	3
306	65.853804	66.132106	B4	64	87	0	2
307	66.136823	66.698144	C5	64	83	0	3
308	66.419842	66.856163	C4	64	60	0	1
309	66.419842	66.873852	A4	64	67	0	5
310	66.419842	66.878569	E4	64	68	0	5
311	66.419842	68.088475	A2	64	58	1	-1
312	66.702861	67.264182	B4	64	87	0	2
313	66.702861	67.830220	A3	64	27	1	-4
314	66.985880	67.156871	C4	64	54	0	1
315	67.268899	67.830220	A4	64	81	0	5
316	67.268899	68.095551	E4	64	58	0	5
317	67.551918	68.029513	A4	64	69	0	5
318	67.551918	68.042485	C4	64	63	0	1
319	67.834937	68.396258	E4	64	84	0	5
320	68.117956	68.245315	A3	64	47	1	-4
321	68.400975	68.679277	E4	64	87	0	5
322	68.683994	68.962296	D4	64	76	0	3
323	68.683994	69.040127	D4	64	53	0	3
324	68.683994	69.044844	A4	64	58	0	5
325	68.683994	69.049561	F#4	64	72	0	2
326	68.683994	70.359703	D3	64	52	1	-1
327	68.967013	69.245315	C4	64	64	0	1
328	68.967013	69.634466	A3	64	36	1	-4
329	69.250032	69.528334	D4	64	73	0	3
330	69.250032	69.932816	D4	64	41	0	3
331	69.533051	69.811353	C4	64	62	0	1
332	69.533051	70.140363	G4	64	61	0	3
333	69.816070	70.094372	D4	64	61	0	3
334	70.099089	70.377391	C4	64	64	0	1
335	70.099089	70.379750	A3	64	51	1	-4
336	70.382108	70.660410	D4	64	61	0	3
337	70.382108	70.510646	A4	64	69	0	5
338	70.382108	70.521259	D4	64	63	0	3
339	70.665127	71.226448	E4	64	65	0	5
340	70.948146	71.323146	F4	64	69	0	1
341	70.948146	71.331401	C4	64	76	0	1
342	70.948146	72.425741	G2	64	62	1	-3
343	71.231165	73.773619	G4	64	66	0	3
344	71.231165	72.053100	G3	64	35	1	-1
345	71.514184	71.889184	C4	64	61	0	1
346	71.797203	72.129751	D4	64	82	0	3
347	72.363241	72.569609	G3	64	53	1	-1
348	72.646260	72.725270	F4	64	80	0	1
349	73.212298	73.557817	D4	64	63	0	3
350	73.212298	73.588478	G#4	64	63	0	4
351	73.212298	74.471733	E3	64	69	1	-4
352	73.495317	74.120318	B3	64	59	1	-2
353	73.778336	74.056638	E4	64	61	0	5
354	73.778336	73.962299	E4	64	54	0	5
355	74.061355	74.339657	E4	64	66	0	5
356	74.061355	74.403337	E4	64	53	0	5
357	74.061355	74.465837	B4	64	84	0	2
358	74.344374	74.905695	E4	64	66	0	5
359	74.344374	74.463478	B3	64	73	1	-2
360	74.627393	75.042488	E4	64	35	0	5
361	74.910412	75.188714	F#4	64	54	0	2
362	74.910412	75.200507	A4	64	73	0	5
363	75.193431	76.037771	G#4	64	66	0	4
364	75.193431	75.864422	B4	64	76	0	2
365	75.476450	75.902158	G#4	64	59	0	4
366	75.476450	75.917488	E4	64	69	0	5
367	75.476450	76.040130	D5	64	73	0	5
368	75.476450	77.126215	E3	64	71	1	-4
369	75.759469	76.714658	B3	64	58	1	-2
370	76.042488	76.603809	G#4	64	84	0	4
371	76.042488	76.325507	E4	64	56	0	5
372	76.608526	76.886828	A4	64	77	0	5
373	76.608526	76.963479	E4	64	60	0	5
374	76.608526	76.968196	G#4	64	58	0	4
375	76.608526	76.979989	B4	64	78	0	2
376	76.891545	77.452866	B4	64	66	0	2
377	76.891545	77.070791	B3	64	71	1	-2
378	77.174564	77.377395	A4	64	75	0	5
379	77.457583	77.735885	B4	64	87	0	2
380	77.457583	77.704046	B4	64	79	0	2
381	77.740602	79.433999	B4	64	87	0	2
382	77.740602	78.246499	A2	64	71	1	-1
383	77.740602	78.890367	G4	64	69	0	3
384	77.740602	78.906876	C5	64	80	0	3
385	77.740602	78.959943	E4	64	71	0	5
386	78.023621	78.299565	E3	64	59	1	-4
387	78.306640	78.612065	G3	64	53	1	-1
388	78.589659	79.738245	A3	64	62	1	-4
389	78.872678	79.650981	B3	64	48	1	-2
390	79.155697	79.548386	E4	64	62	0	5
391	79.438716	79.717018	A4	64	68	0	5
392	79.438716	79.617962	C5	64	76	0	3
393	79.721735	81.415132	C5	64	96	0	3
394	79.721735	79.946971	B4	64	72	0	2
395	80.004754	80.353811	E4	64	63	0	5
396	80.004754	80.393905	C5	64	78	0	3
397	80.004754	81.590840	A3	64	60	1	-4
398	80.287773	80.856170	C4	64	69	0	1
399	80.570792	80.740604	E4	64	53	0	5
400	80.570792	80.917491	B4	64	68	0	2
401	80.853811	81.184000	E4	64	51	0	5
402	80.853811	81.267727	C5	64	78	0	3
403	81.136830	81.573151	C4	64	57	0	1
404	81.419849	81.698151	A4	64	67	0	5
405	81.419849	81.666312	E4	64	72	0	5
406	81.419849	81.778340	G4	64	77	0	3
407	81.702868	81.981170	A4	64	68	0	5
408	81.985887	82.264189	B4	64	82	0	2
409	81.985887	82.128576	E4	64	48	0	5
410	82.268906	82.688718	C5	64	80	0	3
411	82.268906	82.885652	A4	64	69	0	5
412	82.268906	83.172209	F4	64	75	0	1
413	82.268906	83.174567	C4	64	62	0	1
414	82.268906	83.768907	F3	64	72	1	-3
415	82.693435	83.113246	B4	64	66	0	2
416	83.117963	83.254756	A4	64	57	0	5
417	83.259473	83.396265	C5	64	63	0	3
418	83.400982	84.245322	C5	64	64	0	3
419	83.400982	84.063718	A4	64	72	0	5
420	83.400982	84.089662	F4	64	79	0	1
421	83.400982	84.114426	C4	64	76	0	1
422	83.967020	84.390370	F3	64	62	1	-3
423	84.250039	84.528341	C5	64	89	0	3
424	84.250039	84.492964	E3	64	69	1	-4
425	84.533058	85.094379	C5	64	92	0	3
426	84.533058	85.268908	F#4	64	55	0	2
427	84.533058	85.439898	D4	64	76	0	3
428	84.533058	85.464663	A4	64	73	0	5
429	84.533058	86.063719	D3	64	73	1	-1
430	85.099096	85.660417	A4	64	68	0	5
431	85.665134	86.084946	E5	64	97	0	2
432	85.665134	86.155701	F#4	64	82	0	2
433	85.665134	86.176927	C5	64	74	0	3
434	85.665134	86.204050	A4	64	71	0	5
435	85.665134	86.239427	D4	64	70	0	3
436	86.089663	86.509474	E5	64	98	0	2
437	86.231172	86.330229	D3	64	79	1	-1
438	86.514191	87.075512	C5	64	93	0	3
439	86.797210	87.147446	F4	64	78	0	1
440	86.797210	87.153343	C5	64	30	0	3
441	86.797210	87.161597	C4	64	75	0	1
442	86.797210	87.172210	A4	64	73	0	5
443	86.797210	88.668673	G2	64	79	1	-3
444	87.080229	90.471740	D5	64	92	0	5
445	87.080229	87.724098	G3	64	49	1	-1
446	87.363248	87.524805	C4	64	61	0	1
447	87.646267	87.696975	A4	64	69	0	5
448	87.646267	88.175749	C4	64	80	0	1
449	87.646267	88.260654	F4	64	84	0	1
450	88.212305	88.672211	G3	64	69	1	-1
451	88.495324	88.704051	C4	64	77	0	1
452	88.495324	88.760655	A4	64	79	0	5
453	88.778343	88.968202	D3	64	73	1	-1
454	89.061362	89.353815	B4	64	90	0	2
455	89.061362	89.385655	D4	64	80	0	3
456	89.061362	89.395089	G2	64	80	1	-3
457	89.344381	89.727636	G3	64	55	1	-1
458	89.627400	89.744146	E4	64	76	0	5
459	89.627400	89.759476	C5	64	90	0	3
460	89.627400	89.955231	A3	64	68	1	-4
461	89.910419	90.145089	B3	64	68	1	-2
462	90.193438	90.287778	F4	64	77	0	1
463	90.193438	90.310184	D5	64	90	0	5
464	90.193438	90.478816	C4	64	62	0	1
465	90.476457	90.754759	G4	64	75	0	3
466	90.476457	90.897448	D4	64	71	0	3
467	90.759476	91.037778	A4	64	68	0	5
468	90.759476	90.872684	E4	64	79	0	5
469	90.759476	90.872684	A4	64	47	0	5
470	90.759476	90.902165	C5	64	70	0	3
471	90.759476	90.974099	F5	64	86	0	3
472	91.042495	91.320797	C5	64	66	0	3
473	91.325514	91.603816	D5	64	68	0	5
474	91.325514	91.877401	G4	64	72	0	3
475	91.325514	91.944618	C5	64	81	0	3
476	91.325514	91.959949	E4	64	68	0	5
477	91.325514	93.152166	C3	64	80	1	-3
478	91.608533	91.886835	E5	64	66	0	2
479	91.608533	92.923392	G3	64	63	1	-1
480	91.891552	92.169854	E5	64	67	0	2
481	91.891552	92.461128	C4	64	71	0	1
482	92.174571	92.452873	E5	64	62	0	2
483	92.174571	92.366788	E4	64	69	0	5
484	92.174571	92.457590	B4	64	84	0	2
485	92.457590	92.735892	E5	64	66	0	2
486	92.457590	92.717024	E4	64	63	0	5
487	92.457590	92.754760	C5	64	82	0	3
488	92.457590	92.768911	G4	64	80	0	3
489	92.740609	93.018911	C5	64	66	0	3
490	92.740609	92.951694	C4	64	45	0	1
491	92.882119	93.115609	C5	64	83	0	3
492	92.882119	93.135657	E4	64	71	0	5
493	93.023628	93.301930	D5	64	65	0	5
494	93.023628	93.280704	G3	64	72	1	-1
495	93.306647	95.000044	E5	64	64	0	2
496	93.306647	93.483534	B4	64	80	0	2
497	93.589666	93.899808	B4	64	83	0	2
498	93.589666	93.949336	D4	64	70	0	3
499	93.589666	93.954053	G4	64	79	0	3
500	93.589666	95.632120	B2	64	76	1	-4
501	93.872685	94.737073	B3	64	62	1	-2
502	94.155704	94.416318	D4	64	63	0	3
503	94.438723	94.794856	G4	64	83	0	3
504	94.721742	94.820799	B4	64	86	0	2
505	95.004761	95.283063	G4	64	89	0	3
506	95.004761	95.325516	B3	64	56	1	-2
507	95.287780	95.566082	A4	64	66	0	5
508	95.287780	95.416318	C5	64	78	0	3
509	95.287780	95.444620	C6	64	74	0	5
510	95.570799	95.849101	C5	64	87	0	3
511	95.570799	95.636837	B3	64	54	1	-2
512	95.570799	95.667497	D5	64	63	0	5
513	95.570799	95.715847	D6	64	83	0	2
514	95.853818	96.132120	D5	64	75	0	5
515	95.853818	96.377403	G4	64	78	0	3
516	95.853818	96.397451	B4	64	84	0	2
517	95.853818	97.564904	E3	64	77	1	-4
518	96.136837	96.415139	D5	64	66	0	5
519	96.136837	96.938724	B3	64	68	1	-2
520	96.419856	96.698158	D5	64	65	0	5
521	96.419856	97.344385	E4	64	69	0	5
522	96.702875	96.981177	D5	64	79	0	5
523	96.702875	96.957592	G4	64	69	0	3
524	96.985894	97.405706	D5	64	86	0	5
525	96.985894	97.211130	A4	64	76	0	5
526	97.268913	97.477640	B4	64	79	0	2
527	97.410423	97.830234	B4	64	68	0	2
528	97.551932	97.640376	B3	64	77	1	-2
529	97.551932	98.011838	C5	64	78	0	3
530	97.834951	98.396272	C5	64	84	0	3
531	98.117970	98.377404	D4	64	63	0	3
532	98.117970	98.537782	B4	64	81	0	2
533	98.117970	98.613254	G4	64	73	0	3
534	98.117970	99.910424	E3	64	81	1	-4
535	98.400989	99.528348	D5	64	79	0	5
536	98.400989	98.925754	B3	64	61	1	-2
537	98.684008	99.122688	E4	64	68	0	5
538	98.967027	99.201697	B4	64	74	0	2
539	99.250046	99.659245	A4	64	75	0	5
540	99.250046	99.865613	B3	64	61	1	-2
541	99.533065	99.811367	A4	64	81	0	5
542	99.674575	100.005943	G4	64	77	0	3
543	99.816084	100.094386	A4	64	66	0	5
544	100.099103	100.377405	B4	64	82	0	2
545	100.099103	100.209952	E4	64	69	0	5
546	100.382122	100.660424	C5	64	91	0	3
547	100.382122	100.836132	A2	64	78	1	-1
548	100.382122	100.969387	E4	64	78	0	5
549	100.382122	101.024811	C5	64	86	0	3
550	100.665141	101.509481	C5	64	90	0	3
551	100.665141	100.928113	E3	64	62	1	-4
552	100.948160	101.280708	A3	64	53	1	-4
553	101.231179	101.423396	E4	64	73	0	5
554	101.231179	101.492972	B4	64	80	0	2
555	101.231179	101.626227	B3	64	70	1	-2
556	101.514198	102.075519	C5	64	95	0	3
557	101.514198	101.698161	E4	64	45	0	5
558	101.514198	101.823161	C5	64	83	0	3
559	101.514198	101.836132	C4	64	81	0	1
560	101.797217	102.040142	B3	64	62	1	-2
561	101.938727	102.092029	E4	64	76	0	5
562	101.938727	102.158067	B4	64	82	0	2
563	102.080236	102.641557	E4	64	72	0	5
564	102.080236	102.230001	A3	64	56	1	-4
565	102.363255	102.471746	E4	64	56	0	5
566	102.363255	102.613255	A4	64	76	0	5
567	102.646274	103.490614	D4	64	75	0	3
568	102.646274	103.181652	F#4	64	79	0	2
569	102.646274	103.207595	D5	64	83	0	5
570	102.646274	104.450520	D3	64	68	1	-1
571	102.929293	103.434011	A3	64	57	1	-4
572	103.212312	103.599105	D4	64	59	0	3
573	103.495331	104.622690	A4	64	91	0	5
574	103.495331	103.888020	A4	64	73	0	5
575	103.778350	104.099105	A3	64	57	1	-4
576	104.061369	104.264200	F#4	64	72	0	2
577	104.061369	104.279530	D4	64	61	0	3
578	104.344388	104.469388	A3	64	73	1	-4
579	104.344388	104.511841	E4	64	70	0	5
580	104.344388	104.732360	G4	64	71	0	3
581	104.627407	104.905709	G4	64	81	0	3
582	104.910426	108.584956	G4	64	92	0	3
583	104.910426	105.520096	F4	64	83	0	1
584	104.910426	105.538964	C4	64	82	0	1
585	104.910426	105.554295	A3	64	69	1	-4
586	104.910426	106.928116	G2	64	80	1	-3
587	105.193445	106.793682	D3	64	68	1	-1
588	105.476464	106.500050	G3	64	72	1	-1
589	105.759483	106.103823	C4	64	82	0	1
590	106.608540	106.708776	G4	64	80	0	3
591	106.608540	106.959956	G3	64	68	1	-1
592	107.174578	107.494154	A4	64	38	0	5
593	107.174578	107.606182	G2	64	79	1	-3
594	107.457597	107.676937	D3	64	69	1	-1
595	107.740616	107.863258	A4	64	68	0	5
596	107.740616	108.079060	G3	64	56	1	-1
597	108.023635	108.443447	A3	64	68	1	-4
598	108.306654	108.534249	B3	64	78	1	-2
599	108.589673	108.867975	E5	64	100	0	2
600	108.589673	108.974107	C4	64	72	0	1
601	108.872692	109.150994	D5	64	91	0	5
602	108.872692	109.020098	D4	64	79	0	3
603	109.155711	109.434013	C5	64	90	0	3
604	109.438730	109.717032	D5	64	93	0	5
605	109.438730	109.781891	C5	64	79	0	3
606	109.438730	109.785429	E5	64	79	0	2
607	109.438730	109.872693	G4	64	74	0	3
608	109.438730	111.481184	C3	64	82	1	-3
609	109.721749	110.000051	E5	64	97	0	2
610	109.721749	111.294863	G3	64	72	1	-1
611	110.004768	110.283070	E5	64	93	0	2
612	110.004768	110.330240	C4	64	68	0	1
613	110.287787	110.566089	E5	64	95	0	2
614	110.287787	110.640382	D4	64	78	0	3
615	110.287787	110.668684	G4	64	79	0	3
616	110.570806	110.990618	E5	64	98	0	2
617	110.570806	110.932835	C4	64	58	0	1
618	110.853825	111.147458	D4	64	83	0	3
619	110.853825	111.160429	G4	64	83	0	3
620	110.853825	111.213495	E4	64	78	0	5
621	110.995335	111.415146	C5	64	90	0	3
622	111.136844	111.388024	C4	64	56	0	1
623	111.419863	111.698165	G5	64	91	0	5
624	111.419863	111.560194	G3	64	54	1	-1
625	111.419863	111.561373	D4	64	73	0	3
626	111.419863	111.584958	G4	64	78	0	3
627	111.702882	113.113260	E5	64	100	0	2
628	111.702882	112.307835	G4	64	79	0	3
629	111.702882	112.456420	D4	64	75	0	3
630	111.702882	113.544864	B2	64	59	1	-4
631	112.127411	113.584959	G3	64	57	1	-1
632	112.551939	112.865619	B3	64	68	1	-2
633	112.834958	113.202883	G4	64	82	0	3
634	112.834958	113.205242	D4	64	79	0	3
635	113.117977	113.396279	G4	64	90	0	3
636	113.117977	113.461138	B3	64	58	1	-2
637	113.400996	113.679298	A4	64	79	0	5
638	113.400996	113.603827	G4	64	81	0	3
639	113.542506	113.764204	A4	64	68	0	5
640	113.684015	113.962317	C5	64	87	0	3
641	113.684015	114.819629	B4	64	80	0	2
642	113.967034	114.245336	D5	64	92	0	5
643	113.967034	114.166327	E2	64	86	1	-1
644	113.967034	114.872695	G4	64	78	0	3
645	113.967034	114.895101	D4	64	73	0	3
646	114.250053	114.528355	D5	64	90	0	5
647	114.250053	114.553119	E3	64	58	1	-4
648	114.533072	114.811374	D5	64	90	0	5
649	114.533072	115.212318	G3	64	72	1	-1
650	114.816091	115.094393	D5	64	81	0	5
651	114.816091	115.614441	B3	64	80	1	-2
652	115.099110	115.518922	G5	64	82	0	5
653	115.099110	115.436375	D4	64	79	0	3
654	115.382129	115.734724	G3	64	79	1	-1
655	115.523639	115.943450	G5	64	91	0	5
656	115.665148	115.774818	D4	64	63	0	3
657	115.665148	115.892743	A4	64	79	0	5
658	115.948167	116.226469	A5	64	94	0	2
659	115.948167	116.159252	B4	64	83	0	2
660	116.231186	116.509488	E5	64	77	0	2
661	116.231186	116.625054	D4	64	78	0	3
662	116.231186	116.632130	D5	64	82	0	5
663	116.231186	116.636847	G4	64	79	0	3
664	116.231186	117.760668	E2	64	82	1	-1
665	116.514205	117.641564	D5	64	77	0	5
666	116.514205	117.184017	E3	64	72	1	-4
667	116.797224	116.977649	D4	64	73	0	3
668	117.080243	117.162791	D4	64	79	0	3
669	117.080243	117.198168	B4	64	86	0	2
670	117.363262	117.464677	G4	64	54	0	3
671	117.363262	117.487083	G5	64	80	0	5
672	117.363262	117.508310	E3	64	53	1	-4
673	117.646281	117.924583	A4	64	87	0	5
674	117.646281	117.761847	A4	64	60	0	5
675	117.646281	117.790149	A5	64	83	0	2
676	117.646281	118.014206	E3	64	70	1	-4
677	117.929300	118.207602	A4	64	77	0	5
678	117.929300	118.043687	B4	64	72	0	2
679	117.929300	118.095574	B5	64	82	0	4
680	117.929300	118.274819	F3	64	70	1	-3
681	118.212319	118.490621	B4	64	96	0	2
682	118.212319	118.268923	D6	64	39	0	2
683	118.212319	118.292508	G3	64	72	1	-1
684	118.212319	118.319631	D5	64	74	0	5
685	118.495338	118.915150	C5	64	99	0	3
686	118.495338	118.798404	C6	64	84	0	5
687	118.495338	118.877414	C5	64	78	0	3
688	118.495338	120.393924	A2	64	79	1	-1
689	118.778357	120.691094	E3	64	73	1	-4
690	118.919867	120.188735	C5	64	98	0	3
691	119.061376	119.406895	A3	64	57	1	-4
692	119.344395	119.521282	C4	64	78	0	1
693	119.344395	119.540150	E4	64	73	0	5
694	119.344395	119.576707	G4	64	79	0	3
695	119.627414	119.864443	A3	64	40	1	-4
696	119.910433	120.030716	E4	64	76	0	5
697	119.910433	120.089679	C5	64	83	0	3
698	120.193452	120.471754	A4	64	93	0	5
699	120.193452	120.318452	D4	64	68	0	3
700	120.193452	120.389207	B4	64	76	0	2
701	120.193452	120.410434	A3	64	48	1	-4
702	120.476471	120.754773	C5	64	87	0	3
703	120.476471	120.605009	E4	64	73	0	5
704	120.476471	120.654537	C5	64	82	0	3
705	120.759490	121.320811	E5	64	93	0	2
706	120.759490	121.135670	F4	64	81	0	1
707	120.759490	121.162792	C4	64	81	0	1
708	120.759490	121.196991	A3	64	73	1	-4
709	120.759490	122.553123	G2	64	79	1	-3
710	121.042509	121.733547	G3	64	58	1	-1
711	121.325528	121.886849	F5	64	94	0	3
712	121.325528	121.571991	A3	64	72	1	-4
713	121.608547	121.884491	C4	64	83	0	1
714	121.891566	122.452887	E5	64	99	0	2
715	121.891566	122.356189	G4	64	81	0	3
716	121.891566	122.423406	B3	64	82	1	-2
717	121.891566	122.511850	D4	64	81	0	3
718	121.891566	122.899822	G3	64	61	1	-1
719	122.457604	122.735906	C5	64	93	0	3
720	122.740623	123.301944	D5	64	98	0	5
721	123.023642	123.574350	G4	64	80	0	3
722	123.023642	123.674586	D4	64	80	0	3
723	123.023642	124.772464	C3	64	86	1	-3
724	123.306661	126.698172	C5	64	99	0	3
725	123.306661	124.474115	G3	64	73	1	-1
726	123.589680	123.930482	C4	64	63	0	1
727	123.872699	124.147464	E4	64	82	0	5
728	123.872699	124.195813	C5	64	93	0	3
729	124.155718	124.551945	C4	64	51	0	1
730	124.438737	124.787794	A4	64	76	0	5
731	124.438737	124.811379	F4	64	84	0	1
732	124.721756	125.094398	G3	64	73	1	-1
733	125.004775	125.879776	E4	64	83	0	5
734	125.004775	125.902181	C5	64	84	0	3
735	125.287794	127.093220	C3	64	78	1	-3
736	125.570813	127.309022	G3	64	68	1	-1
737	125.853832	126.995342	C4	64	69	0	1
738	126.136851	126.429304	E4	64	73	0	5
739	126.419870	126.570814	F4	64	76	0	1
740	126.561380	126.658078	G4	64	74	0	3
741	126.702889	126.981191	B4	64	81	0	2
742	126.702889	126.896286	A4	64	82	0	5
743	126.844399	127.056663	B4	64	79	0	2
744	126.985908	127.264210	B4	64	77	0	2
745	126.985908	127.276003	C5	64	76	0	3
746	127.127418	127.273644	D5	64	73	0	5
747	127.268927	127.547229	C5	64	77	0	3
748	127.268927	127.445814	E5	64	75	0	2
749	127.551946	127.830248	D5	64	69	0	5
750	127.551946	127.891569	B4	64	83	0	2
751	127.551946	127.937560	G4	64	78	0	3
752	127.551946	127.943456	D4	64	76	0	3
753	127.551946	129.593221	E3	64	83	1	-4
754	127.834965	128.113267	D5	64	77	0	5
755	127.834965	128.633315	B3	64	80	1	-2
756	128.117984	128.396286	C5	64	67	0	3
757	128.117984	128.286616	D4	64	80	0	3
758	128.401003	128.679305	D5	64	81	0	5
759	128.401003	129.048409	D4	64	84	0	3
760	128.401003	129.048409	B4	64	84	0	2
761	128.684022	129.245343	G4	64	81	0	3
762	128.967041	129.321994	B3	64	79	1	-2
763	129.250060	129.528362	B4	64	87	0	2
764	129.250060	129.597938	D4	64	83	0	3
765	129.250060	129.651004	D5	64	86	0	5
766	129.533079	129.811381	C5	64	87	0	3
767	129.533079	129.742985	B3	64	79	1	-2
768	129.816098	131.226476	D5	64	99	0	5
769	129.816098	130.205249	G4	64	76	0	3
770	129.816098	130.217042	E4	64	75	0	5
771	129.816098	130.246523	B4	64	86	0	2
772	129.816098	131.615627	E3	64	82	1	-4
773	130.099117	130.738269	B3	64	78	1	-2
774	130.382136	130.542514	E4	64	76	0	5
775	130.382136	130.593221	A4	64	77	0	5
776	130.665155	130.778363	G4	64	76	0	3
777	130.665155	130.827891	E4	64	79	0	5
778	130.665155	131.001240	B4	64	84	0	2
779	130.948174	131.265391	B3	64	71	1	-2
780	131.231193	131.509495	G4	64	76	0	3
781	131.231193	131.587326	G4	64	79	0	3
782	131.231193	131.594401	D5	64	91	0	5
783	131.231193	131.600297	E4	64	80	0	5
784	131.514212	131.792514	E5	64	96	0	2
785	131.514212	131.622703	B3	64	84	1	-2
786	131.797231	132.075533	F5	64	72	0	3
787	131.797231	132.030722	A4	64	78	0	5
788	132.060203	132.382137	A4	64	80	0	5
789	132.062562	132.439920	F5	64	86	0	3
790	132.079071	133.890393	F3	64	75	1	-3
791	132.080250	132.358552	D5	64	82	0	5
792	132.338505	132.903364	C4	64	62	0	1
793	132.363269	132.641571	C5	64	80	0	3
794	132.510675	132.599118	G4	64	77	0	3
795	132.510675	132.773647	E5	64	79	0	2
796	132.646288	132.924590	C5	64	75	0	3
797	132.661619	132.965864	F4	64	58	0	1
798	132.913977	133.040156	F5	64	84	0	3
799	132.919873	133.040156	A4	64	80	0	5
800	132.929307	133.207609	A4	64	79	0	5
801	133.211147	133.357374	C4	64	78	0	1
802	133.212326	133.632138	C5	64	92	0	3
803	133.503600	133.843223	C5	64	86	0	3
804	133.538977	133.587326	E4	64	44	0	5
805	133.636855	134.056666	A4	64	86	0	5
806	133.774827	133.891572	C4	64	80	0	1
807	134.061383	135.754780	G4	64	96	0	3
808	134.064921	134.182846	B4	64	72	0	2
809	134.168695	134.804308	C5	64	77	0	3
810	134.346761	134.791336	E4	64	75	0	5
811	134.353836	134.811384	G4	64	81	0	3
812	134.364449	136.168696	C3	64	79	1	-3
813	134.628601	135.831431	G3	64	71	1	-1
814	134.921054	135.211148	C4	64	60	0	1
815	135.196997	135.540158	G4	64	78	0	3
816	135.196997	135.589686	D4	64	78	0	3
817	135.484733	135.865629	C4	64	57	0	1
818	135.752422	135.880960	D4	64	73	0	3
819	135.759497	136.037799	A4	64	93	0	5
820	135.813743	136.097941	E4	64	62	0	5
821	136.042516	136.320818	A4	64	90	0	5
822	136.056667	136.205252	G3	64	78	1	-1
823	136.061384	136.303130	F4	64	75	0	1
824	136.325535	136.603837	B4	64	80	0	2
825	136.330252	136.484734	G4	64	82	0	3
826	136.593224	136.922234	C5	64	86	0	3
827	136.596762	136.863271	E4	64	79	0	5
828	136.605017	137.128602	A2	64	76	1	-1
829	136.608554	136.886856	C5	64	90	0	3
830	136.858554	137.171055	E3	64	59	1	-4
831	136.891573	137.169875	B4	64	79	0	2
832	136.899828	137.079073	E4	64	35	0	5
833	136.917517	137.195819	B4	64	82	0	2
834	137.174592	137.452894	A4	64	66	0	5
835	137.181668	137.509498	A3	64	52	1	-4
836	137.193460	137.648649	E4	64	61	0	5
837	137.195819	137.472942	A4	64	79	0	5
838	137.441102	137.806668	B4	64	58	0	2
839	137.457611	137.735913	B4	64	83	0	2
840	137.470583	137.849121	B3	64	71	1	-2
841	137.730017	138.167517	C5	64	84	0	3
842	137.733555	138.000064	E4	64	73	0	5
843	137.740630	138.160442	C5	64	93	0	3
844	137.773649	138.306668	C4	64	77	0	1
845	138.101480	138.270112	E4	64	63	0	5
846	138.105017	138.334970	G4	64	79	0	3
847	138.165159	138.584970	C5	64	93	0	3
848	138.253602	138.383319	B3	64	77	1	-2
849	138.547234	138.800772	A4	64	76	0	5
850	138.589687	138.867989	E4	64	72	0	5
851	138.820819	139.083791	E2	64	83	1	-1
852	138.832612	139.862094	D4	64	75	0	3
853	138.836150	139.860914	G4	64	77	0	3
854	138.872706	140.283084	G4	64	91	0	3
855	139.134499	139.485914	E3	64	54	1	-4
856	139.435207	140.715868	G3	64	71	1	-1
857	139.722943	140.018933	B3	64	76	1	-2
858	139.996528	140.347943	G4	64	79	0	3
859	140.002424	140.292518	D4	64	78	0	3
860	140.235915	140.388037	B3	64	73	1	-2
861	140.287801	140.566103	G4	64	95	0	3
862	140.418698	140.610915	E4	64	82	0	5
863	140.418698	140.732377	A4	64	79	0	5
864	140.562566	140.660443	B3	64	79	1	-2
865	140.570820	140.849122	F4	64	75	0	1
866	140.837330	140.928132	E4	64	79	0	5
867	140.842047	140.935207	B4	64	83	0	2
868	140.853839	141.132141	E4	64	69	0	5
869	141.136858	141.415160	F4	64	87	0	1
870	141.136858	141.425774	D2	64	83	1	-3
871	141.136858	142.035444	C4	64	80	0	1
872	141.136858	142.073180	F4	64	82	0	1
873	141.136858	142.079076	A4	64	82	0	5
874	141.419877	141.698179	E4	64	74	0	5
875	141.419877	141.753604	D3	64	72	1	-1
876	141.419877	142.010679	C5	64	3	0	3
877	141.702896	141.981198	F4	64	85	0	1
878	141.702896	142.526010	F3	64	80	1	-3
879	141.985915	142.264217	E4	64	66	0	5
880	141.985915	142.514217	A3	64	76	1	-4
881	142.268934	142.547236	F4	64	85	0	1
882	142.268934	142.514217	C4	64	95	0	1
883	142.551953	143.113274	C5	64	90	0	3
884	142.551953	142.639218	C4	64	52	0	1
885	142.551953	142.739453	G4	64	81	0	3
886	142.834972	142.925774	C4	64	51	0	1
887	142.834972	143.172237	A4	64	81	0	5
888	143.117991	143.396293	E4	64	72	0	5
889	143.117991	143.213510	E2	64	83	1	-1
890	143.117991	143.301954	C5	64	81	0	3
891	143.401010	143.679312	F4	64	81	0	1
892	143.401010	143.932850	F2	64	86	1	-5
893	143.401010	143.948180	C4	64	83	0	1
894	143.401010	143.976482	F4	64	82	0	1
895	143.401010	144.017756	A4	64	82	0	5
896	143.684029	143.962331	E4	64	69	0	5
897	143.684029	143.972945	C3	64	80	1	-3
898	143.967048	144.245350	F4	64	84	0	1
899	143.967048	144.287803	F3	64	70	1	-3
900	144.250067	144.528369	E4	64	64	0	5
901	144.250067	144.652190	G3	64	73	1	-1
902	144.533086	144.952898	F4	64	87	0	1
903	144.533086	144.776011	A4	64	75	0	5
904	144.533086	144.829077	A3	64	73	1	-4
905	144.533086	145.001247	F5	64	84	0	3
906	144.816105	145.148653	B3	64	71	1	-2
907	144.957615	145.377426	C5	64	103	0	3
908	144.957615	145.116813	G4	64	75	0	3
909	144.957615	145.273653	E5	64	84	0	2
910	145.099124	145.372709	A3	64	37	1	-4
911	145.382143	149.339692	D5	64	90	0	5
912	145.382143	145.470587	G3	64	74	1	-1
913	145.382143	145.495351	A4	64	68	0	5
914	145.382143	145.498889	F5	64	84	0	3
915	145.665162	146.235917	F4	64	84	0	1
916	145.665162	146.377427	C4	64	90	0	1
917	145.665162	146.391578	A3	64	79	1	-4
918	145.665162	146.962333	G2	64	90	1	-3
919	145.948181	146.955257	D3	64	80	1	-1
920	146.231200	146.938748	G3	64	79	1	-1
921	146.514219	146.872710	A3	64	76	1	-4
922	146.797238	146.904550	C4	64	83	0	1
923	147.080257	147.147474	C4	64	90	0	1
924	147.080257	147.158088	A3	64	79	1	-4
925	147.080257	147.160446	F4	64	84	0	1
926	147.080257	147.171059	G3	64	84	1	-1
927	147.080257	147.176955	G2	64	84	1	-3
928	147.646295	148.155730	G3	64	84	1	-1
929	147.646295	148.234739	G4	64	84	0	3
930	147.646295	148.245352	D4	64	90	0	3
931	147.646295	148.251248	B3	64	86	1	-2
932	147.646295	148.564928	G2	64	90	1	-3
933	148.212333	148.452899	G3	64	72	1	-1
934	148.495352	148.546060	G4	64	53	0	3
935	148.495352	148.612098	B3	64	76	1	-2
936	148.778371	148.876249	C4	64	68	0	1
937	149.061390	149.312570	F4	64	84	0	1
938	149.061390	149.349126	A3	64	78	1	-4
939	149.061390	149.429315	C4	64	84	0	1
940	149.061390	149.945825	G2	64	83	1	-3
941	149.344409	149.622711	G4	64	87	0	3
942	149.344409	149.842051	G3	64	62	1	-1
943	149.627428	150.047240	A4	64	94	0	5
944	149.627428	149.949362	B3	64	90	1	-2
945	149.627428	149.956438	D4	64	93	0	3
946	149.627428	149.994174	G4	64	84	0	3
947	149.910447	149.992995	D3	64	90	1	-1
948	150.051957	150.471768	C5	64	84	0	3
949	150.193466	150.490636	E6	64	84	0	4
950	150.193466	150.551957	G5	64	78	0	5
951	150.193466	152.188750	C3	64	83	1	-3
952	150.476485	150.754787	D5	64	91	0	5
953	150.476485	152.233562	G3	64	75	1	-1
954	150.759504	151.037806	E5	64	86	0	2
955	150.759504	151.099127	C4	64	71	0	1
956	151.042523	151.320825	E5	64	87	0	2
957	151.042523	151.255967	E4	64	78	0	5
958	151.042523	151.378608	G4	64	78	0	3
959	151.325542	151.603844	E5	64	87	0	2
960	151.325542	151.607382	E4	64	84	0	5
961	151.325542	151.649835	C5	64	91	0	3
962	151.608561	151.886863	E5	64	72	0	2
963	151.608561	151.814929	C4	64	54	0	1
964	151.750071	152.030731	E4	64	84	0	5
965	151.750071	152.072005	B4	64	84	0	2
966	151.891580	152.311392	C5	64	83	0	3
967	151.891580	152.096769	C4	64	68	0	1
968	152.174599	152.276014	E4	64	73	0	5
969	152.174599	152.334977	C5	64	86	0	3
970	152.316109	152.735920	D5	64	90	0	5
971	152.457618	152.686392	G4	64	72	0	3
972	152.457618	152.695826	E4	64	69	0	5
973	152.457618	152.721769	D5	64	84	0	5
974	152.457618	154.259506	C3	64	80	1	-3
975	152.740637	153.867996	E5	64	92	0	2
976	152.740637	154.034270	G3	64	61	1	-1
977	152.882147	153.014222	E5	64	84	0	2
978	153.023656	153.349128	C4	64	58	0	1
979	153.306675	153.340873	D5	64	68	0	5
980	153.306675	153.435213	C5	64	75	0	3
981	153.306675	153.461157	F4	64	79	0	1
982	153.589694	153.725308	C4	64	42	0	1
983	153.589694	153.845591	E4	64	80	0	5
984	153.589694	153.902194	B4	64	84	0	2
985	153.872713	154.151015	G4	64	85	0	3
986	153.872713	154.042525	C4	64	69	0	1
987	154.014223	154.260685	E4	64	83	0	5
988	154.014223	154.296063	C5	64	86	0	3
989	154.155732	154.434034	A4	64	90	0	5
990	154.155732	154.297242	G3	64	78	1	-1
991	154.438751	154.717053	C5	64	83	0	3
992	154.438751	154.564931	B4	64	80	0	2
993	154.721770	155.000072	C5	64	98	0	3
994	154.721770	155.067289	B4	64	82	0	2
995	154.721770	155.075544	G4	64	75	0	3
996	154.721770	155.081440	D4	64	74	0	3
997	154.721770	156.602667	E3	64	81	1	-4
998	155.004789	155.283091	D5	64	91	0	5
999	155.004789	155.671063	B3	64	71	1	-2
1000	155.287808	155.566110	D5	64	90	0	5
1001	155.287808	155.425780	D4	64	55	0	3
1002	155.287808	155.484742	A4	64	71	0	5
1003	155.570827	155.849129	D5	64	79	0	5
1004	155.570827	155.895120	G4	64	80	0	3
1005	155.570827	155.916346	B4	64	80	0	2
1006	155.853846	156.273658	D5	64	95	0	5
1007	155.853846	156.435215	B3	64	73	1	-2
1008	156.136865	156.567290	E4	64	62	0	5
1009	156.278375	156.698186	B4	64	97	0	2
1010	156.419884	156.626252	G4	64	90	0	3
1011	156.561394	156.834979	A4	64	72	0	5
1012	156.702903	156.981205	C5	64	95	0	3
1013	156.702903	156.897479	B4	64	68	0	2
1014	156.844413	156.964696	C5	64	82	0	3
1015	156.985922	158.396300	D5	64	97	0	5
1016	156.985922	157.402196	G4	64	75	0	3
1017	156.985922	157.402196	D5	64	90	0	5
1018	156.985922	158.559036	E3	64	78	1	-4
1019	157.268941	157.757149	B3	64	57	1	-2
1020	157.551960	157.829083	E4	64	72	0	5
1021	157.834979	158.166347	G4	64	76	0	3
1022	157.834979	158.171064	B4	64	81	0	2
1023	158.117998	158.421064	B3	64	74	1	-2
1024	158.401017	158.679319	A4	64	96	0	5
1025	158.401017	158.588517	D4	64	73	0	3
1026	158.401017	158.840876	G4	64	80	0	3
1027	158.684036	158.962338	A4	64	90	0	5
1028	158.967055	159.245357	B4	64	89	0	2
1029	158.967055	159.073187	B4	64	84	0	2
1030	159.250074	159.669886	C5	64	98	0	3
1031	159.250074	159.474131	A2	64	79	1	-1
1032	159.250074	159.538990	E4	64	80	0	5
1033	159.250074	159.579084	C5	64	90	0	3
1034	159.533093	159.850310	A3	64	50	1	-4
1035	159.674603	160.377433	C5	64	91	0	3
1036	159.674603	159.840876	E4	64	78	0	5
1037	159.674603	159.956443	B4	64	82	0	2
1038	159.816112	160.741820	B3	64	68	1	-2
1039	160.099131	160.475311	C5	64	84	0	3
1040	160.099131	160.487103	E4	64	79	0	5
1041	160.382150	160.943471	C5	64	103	0	3
1042	160.382150	160.871537	C4	64	83	0	1
1043	160.665169	161.043707	E4	64	82	0	5
1044	160.665169	161.047245	A4	64	80	0	5
1045	160.948188	161.509509	E4	64	93	0	5
1046	160.948188	161.074368	B3	64	83	1	-2
1047	161.231207	161.365641	B4	64	75	0	2
1048	161.514226	162.358566	D4	64	97	0	3
1049	161.514226	161.870359	D4	64	73	0	3
1050	161.514226	161.877434	F#4	64	83	0	2
1051	161.514226	161.909274	C5	64	83	0	3
1052	161.514226	163.247718	D3	64	79	1	-1
1053	161.797245	162.560217	A3	64	72	1	-4
1054	162.080264	162.128613	C5	64	58	0	3
1055	162.080264	162.272481	D4	64	76	0	3
1056	162.363283	163.773661	A4	64	106	0	5
1057	162.363283	162.970595	D4	64	82	0	3
1058	162.363283	162.998897	A4	64	83	0	5
1059	162.929321	163.257152	A3	64	71	1	-4
1060	163.212340	163.350312	D4	64	80	0	3
1061	163.212340	163.360925	A4	64	79	0	5
1062	163.778378	164.198190	G4	64	109	0	3
1063	163.778378	164.359747	A4	64	78	0	5
1064	163.778378	164.379794	C4	64	81	0	1
1065	163.778378	164.382152	F4	64	80	0	1
1066	163.778378	165.634511	G2	64	81	1	-3
1067	164.061397	165.890408	D3	64	76	1	-1
1068	164.202907	167.452908	G4	64	109	0	3
1069	164.344416	164.998898	G3	64	77	1	-1
1070	164.627435	164.998898	C4	64	90	0	1
1071	164.910454	165.272483	F4	64	84	0	1
1072	165.193473	165.377436	G4	64	84	0	3
1073	165.476492	165.708804	G3	64	69	1	-1
1074	165.476492	165.805502	A4	64	86	0	5
1075	165.759511	165.980030	C5	64	83	0	3
1076	166.042530	166.297247	D5	64	84	0	5
1077	166.042530	166.301964	B4	64	86	0	2
1078	166.042530	166.484748	G2	64	79	1	-3
1079	166.325549	166.457625	A4	64	59	0	5
1080	166.325549	166.577908	D3	64	75	1	-1
1081	166.325549	166.580266	C5	64	84	0	3
1082	166.608568	166.850314	D5	64	84	0	5
1083	166.608568	166.938757	G3	64	53	1	-1
1084	166.608568	166.947012	A4	64	76	0	5
1085	166.891587	166.989465	B4	64	83	0	2
1086	166.891587	167.016587	E5	64	80	0	2
1087	166.891587	167.285455	A3	64	72	1	-4
1088	167.174606	167.273663	C5	64	84	0	3
1089	167.174606	167.301965	F5	64	84	0	3
1090	167.174606	167.456446	B3	64	71	1	-2
1091	167.457625	167.735927	E5	64	103	0	2
1092	167.457625	167.561399	D5	64	81	0	5
1093	167.457625	167.595597	G5	64	55	0	5
1094	167.457625	167.804324	C4	64	79	0	1
1095	167.740644	168.018946	D5	64	91	0	5
1096	167.740644	167.831446	G5	64	70	0	5
1097	167.740644	167.840880	A5	64	74	0	2
1098	167.740644	167.850314	E5	64	79	0	2
1099	167.740644	167.890409	D4	64	60	0	3
1100	168.023663	168.301965	C5	64	92	0	3
1101	168.023663	168.096777	B5	64	78	0	4
1102	168.023663	168.263050	F5	64	79	0	3
1103	168.306682	168.584984	D5	64	97	0	5
1104	168.306682	168.607390	C6	64	80	0	5
1105	168.306682	168.634513	G5	64	82	0	5
1106	168.306682	168.669890	E5	64	79	0	2
1107	168.306682	170.180504	C3	64	83	1	-3
1108	168.589701	169.151022	E5	64	97	0	2
1109	168.589701	169.945834	G3	64	72	1	-1
1110	168.872720	169.247720	C4	64	69	0	1
1111	169.155739	169.292532	E5	64	90	0	2
1112	169.155739	169.247720	F4	64	75	0	1
1113	169.155739	169.336164	D4	64	83	0	3
1114	169.155739	169.388051	G4	64	72	0	3
1115	169.297249	169.434041	E5	64	65	0	2
1116	169.297249	169.434041	C4	64	70	0	1
1117	169.438758	169.858570	E5	64	90	0	2
1118	169.438758	169.715881	E4	64	83	0	5
1119	169.438758	169.720598	C5	64	84	0	3
1120	169.580268	169.800787	C4	64	68	0	1
1121	169.863287	170.283098	C5	64	103	0	3
1122	169.863287	170.089702	D4	64	84	0	3
1123	169.863287	170.161636	B4	64	83	0	2
1124	170.004796	170.153381	G3	64	23	1	-1
1125	170.004796	170.168711	C4	64	84	0	1
1126	170.287815	170.707627	G5	64	87	0	5
1127	170.287815	170.396306	D4	64	76	0	3
1128	170.287815	170.445834	C5	64	84	0	3
1129	170.570834	170.798429	D4	64	70	0	3
1130	170.570834	170.959985	B4	64	79	0	2
1131	170.570834	171.026023	G4	64	83	0	3
1132	170.570834	171.155740	C3	64	84	1	-3
1133	170.712344	171.981212	E5	64	99	0	2
1134	170.853853	171.149844	G3	64	73	1	-1
1135	171.136872	171.200552	G4	64	84	0	3
1136	171.136872	171.220599	E4	64	81	0	5
1137	171.136872	171.259514	C5	64	90	0	3
1138	171.136872	171.483571	C4	64	76	0	1
1139	171.419891	171.806684	D4	64	76	0	3
1140	171.702910	171.806684	F5	64	83	0	3
1141	171.702910	171.825552	B4	64	61	0	2
1142	171.702910	172.056684	E4	64	76	0	5
1143	171.985929	172.264231	G4	64	98	0	3
1144	171.985929	172.113288	E5	64	72	0	2
1145	171.985929	172.122722	D5	64	69	0	5
1146	171.985929	172.147486	B4	64	81	0	2
1147	171.985929	172.369184	D4	64	79	0	3
1148	172.268948	172.547250	A4	64	92	0	5
1149	172.268948	172.384514	C4	64	82	0	1
1150	172.268948	172.392769	G4	64	62	0	3
1151	172.268948	172.488288	C5	64	84	0	3
1152	172.551967	172.830269	C5	64	93	0	3
1153	172.551967	172.739467	D5	64	80	0	5
1154	172.834986	173.113288	D5	64	97	0	5
1155	172.834986	173.145128	D4	64	77	0	3
1156	172.834986	173.179326	G4	64	82	0	3
1157	172.834986	173.192298	B4	64	83	0	2
1158	172.834986	174.635695	E3	64	83	1	-4
1159	173.118005	173.396307	D5	64	99	0	5
1160	173.118005	173.694657	B3	64	78	1	-2
1161	173.259515	173.454090	D4	64	71	0	3
1162	173.259515	173.559043	A4	64	63	0	5
1163	173.401024	173.679326	D5	64	95	0	5
1164	173.542534	173.936402	B4	64	91	0	2
1165	173.542534	173.951732	D4	64	84	0	3
1166	173.542534	173.976496	G4	64	80	0	3
1167	173.684043	174.245364	D5	64	91	0	5
1168	173.967062	174.280742	B3	64	78	1	-2
1169	174.250081	174.669893	G5	64	97	0	5
1170	174.250081	174.435223	D4	64	79	0	3
1171	174.533100	174.700553	G4	64	79	0	3
1172	174.533100	174.737110	B3	64	83	1	-2
1173	174.674610	174.952912	G5	64	101	0	5
1174	174.816119	175.023667	A4	64	80	0	5
1175	174.957629	175.235931	G5	64	93	0	5
1176	175.099138	175.370365	D4	64	79	0	3
1177	175.099138	175.393950	G4	64	80	0	3
1178	175.099138	175.401025	B4	64	83	0	2
1179	175.099138	176.936403	E3	64	82	1	-4
1180	175.240648	175.518950	E5	64	95	0	2
1181	175.382157	176.029563	B3	64	73	1	-2
1182	175.523667	176.509516	D5	64	91	0	5
1183	175.523667	175.792535	D4	64	79	0	3
1184	175.523667	175.890412	A4	64	79	0	5
1185	175.948195	176.231214	D4	64	61	0	3
1186	175.948195	176.352677	B4	64	86	0	2
1187	176.231214	176.930507	B3	64	78	1	-2
1188	176.514233	176.651026	A4	64	93	0	5
1189	176.514233	176.804328	E4	64	75	0	5
1190	176.514233	176.846781	G4	64	80	0	3
1191	176.655743	176.792535	A4	64	74	0	5
1192	176.797252	177.075554	A4	64	91	0	5
1193	176.797252	177.005979	A4	64	78	0	5
1194	176.938762	177.086168	B4	64	82	0	2
1195	177.080271	177.358573	B4	64	96	0	2
1196	177.080271	177.227677	D5	64	78	0	5
1197	177.221781	177.264234	C5	64	53	0	3
1198	177.221781	177.292536	B4	64	59	0	2
1199	177.363290	177.641592	C5	64	103	0	3
1200	177.363290	177.463526	G4	64	58	0	3
1201	177.363290	177.467064	B2	64	70	1	-4
1202	177.363290	177.500083	D4	64	68	0	3
1203	177.363290	177.850319	A2	64	54	1	-1
1204	177.363290	178.472961	C5	64	84	0	3
1205	177.363290	178.483574	E4	64	73	0	5
1206	177.646309	179.056687	C5	64	103	0	3
1207	177.646309	177.903385	E3	64	78	1	-4
1208	177.929328	178.270130	A3	64	60	1	-4
1209	178.212347	178.640414	B3	64	79	1	-2
1210	178.495366	179.127442	C4	64	80	0	1
1211	178.778385	179.205272	E4	64	82	0	5
1212	178.778385	179.222961	C5	64	91	0	3
1213	179.061404	179.339706	A4	64	87	0	5
1214	179.061404	179.209989	B3	64	76	1	-2
1215	179.344423	179.622725	C5	64	89	0	3
1216	179.344423	179.475320	E4	64	61	0	5
1217	179.344423	179.496546	B4	64	79	0	2
1218	179.627442	180.047254	E5	64	91	0	2
1219	179.627442	179.899848	G2	64	81	1	-3
1220	179.627442	180.207631	C4	64	80	0	1
1221	179.627442	180.529565	F4	64	79	0	1
1222	179.627442	180.560226	A4	64	82	0	5
1223	179.910461	180.283103	G3	64	59	1	-1
1224	180.051971	180.754801	F5	64	100	0	3
1225	180.193480	181.029566	A3	64	50	1	-4
1226	180.476499	180.952915	C4	64	84	0	1
1227	180.759518	181.179330	F5	64	103	0	3
1228	180.759518	181.130981	F4	64	80	0	1
1229	181.042537	181.247726	G4	64	72	0	3
1230	181.184047	182.877444	C5	64	97	0	3
1231	181.325556	181.600321	A4	64	72	0	5
1232	181.608575	181.822019	C5	64	79	0	3
1233	181.891594	182.280745	G4	64	79	0	3
1234	182.882161	183.868010	D5	64	103	0	5
1235	183.023670	183.188765	D6	64	77	0	2
1236	183.023670	183.192302	D5	64	54	0	5
1237	183.872727	188.679333	C5	64	97	0	3
1238	184.155746	184.981218	E4	64	38	0	5
1239	184.155746	184.994190	C5	64	47	0	3
1240	184.155746	187.478861	C3	64	76	1	-3
1241	184.721784	187.461172	G3	64	59	1	-1
1242	185.004803	187.401031	C4	64	61	0	1
1243	185.287822	185.550794	F4	64	71	0	1
1244	185.429332	185.515417	G4	64	76	0	3
1245	185.712351	185.892775	C5	64	73	0	3
1246	185.853860	186.126266	F5	64	78	0	3
1247	186.136879	186.241832	G5	64	60	0	5
1248	186.419898	186.772493	C6	64	78	0	5
1249	186.702917	186.919899	F6	64	79	0	5
1250	186.985936	187.428154	G6	64	73	0	2
1251	187.551974	187.642776	C7	64	63	0	2
1252	188.401031	188.915182	E5	64	54	0	2
1253	188.401031	188.949381	D5	64	48	0	5
1254	188.542541	188.694664	C2	64	76	1	-5
1255	188.542541	189.000088	G5	64	62	0	5
1256	188.684050	189.081456	C6	64	36	0	5
