//Version: PianoFingering_v170101
0	2.253282	2.798236	G4	64	82	0	3
1	2.253282	4.085512	C3	64	72	1	-3
2	2.516439	3.696259	G3	64	71	1	-1
3	2.779596	4.074548	C4	64	71	0	1
4	3.569067	3.741215	D#4	64	84	0	4
5	3.569067	3.862925	C5	64	86	0	3
6	3.832224	4.247793	G3	64	58	1	-1
7	4.095381	4.855247	D4	64	79	0	3
8	4.095381	4.942966	A#4	64	82	0	1
9	4.358538	5.940769	C3	64	73	1	-3
10	4.621695	5.480245	G3	64	68	1	-1
11	4.884852	5.837699	C4	64	52	0	1
12	5.148009	5.713796	D#4	64	82	0	4
13	5.148009	5.757656	G4	64	77	0	3
14	5.674323	6.010944	G3	64	71	1	-1
15	5.937480	6.220374	D4	64	80	0	3
16	5.937480	6.241207	A#4	64	80	0	1
17	6.200637	6.334408	A#2	64	79	1	-5
18	6.463794	7.048222	D#4	64	84	0	4
19	6.463794	7.080020	C4	64	76	0	1
20	6.463794	7.129362	G4	64	80	0	3
21	6.463794	7.837693	G#2	64	83	1	-2
22	6.726951	7.864008	D#3	64	72	1	-5
23	6.990108	7.413352	G#3	64	63	1	-5
24	7.253265	7.680895	G#4	64	82	0	4
25	7.253265	7.691860	D#4	64	80	0	4
26	7.253265	7.700632	C4	64	72	0	1
27	7.516422	7.997780	A#2	64	82	1	-5
28	8.042736	8.348656	D4	64	80	0	3
29	8.042736	8.360717	F4	64	82	0	1
30	8.042736	8.438568	A#4	64	75	0	1
31	8.305893	8.438568	G4	64	58	0	3
32	8.569050	8.982426	A#3	64	75	1	-3
33	8.569050	9.075627	G4	64	78	0	3
34	8.569050	9.086592	D#4	64	84	0	4
35	8.569050	10.191851	D#3	64	80	1	-5
36	9.095364	9.262030	A#3	64	39	1	-3
37	9.358521	9.728037	A#3	64	62	1	-3
38	9.358521	9.815756	F4	64	84	0	1
39	9.884835	10.208299	A#3	64	73	1	-3
40	9.884835	10.334395	G4	64	86	0	3
41	10.411149	10.518605	A#4	64	73	0	1
42	10.674306	10.916630	D#4	64	84	0	4
43	10.674306	11.008734	G#4	64	79	0	4
44	10.674306	12.369475	F3	64	80	1	-3
45	10.937463	11.973643	C4	64	61	0	1
46	11.200620	12.062459	F4	64	70	0	1
47	11.463777	11.825618	G#4	64	75	0	4
48	11.463777	11.937459	F5	64	86	0	3
49	11.990091	12.041626	F5	64	42	0	3
50	11.990091	12.328905	G#4	64	78	0	4
51	11.990091	12.359607	D#5	64	84	0	1
52	12.253248	12.406756	C4	64	72	0	1
53	12.779562	13.012017	G2	64	84	1	-3
54	12.779562	13.654559	D5	64	86	0	5
55	12.779562	13.678682	A#4	64	82	0	1
56	12.779562	13.692936	G4	64	80	0	3
57	13.042719	13.349735	G3	64	69	1	-1
58	13.305876	14.238987	A#3	64	75	1	-3
59	13.569033	14.139206	D4	64	83	0	3
60	13.832190	14.166618	G4	64	72	0	3
61	14.095347	14.471442	A#4	64	84	0	1
62	14.358504	14.686354	C5	64	79	0	3
63	14.621661	14.970344	D#5	64	84	0	1
64	14.884818	15.161133	G#3	64	78	1	-5
65	14.884818	15.490079	C5	64	79	0	3
66	14.884818	15.503237	D#4	64	83	0	4
67	14.884818	15.512009	G#4	64	83	0	4
68	14.884818	15.570122	G#2	64	83	1	-2
69	15.411132	15.540517	G#3	64	79	1	-5
70	15.674289	15.766394	D#4	64	52	0	4
71	15.937446	16.165515	F3	64	79	1	-3
72	15.937446	16.597531	F4	64	80	0	1
73	15.937446	16.644680	C5	64	82	0	3
74	15.937446	16.759811	F2	64	86	1	-5
75	15.937446	16.858495	G#4	64	82	0	4
76	16.463760	16.821215	F3	64	79	1	-3
77	16.990074	17.183056	G2	64	93	1	-3
78	16.990074	17.187442	G4	64	83	0	3
79	16.990074	17.189635	B4	64	84	0	2
80	16.990074	17.198406	D5	64	94	0	5
81	16.990074	17.204985	G3	64	80	1	-1
82	17.516388	18.736778	G4	64	86	0	3
83	17.516388	18.749936	B4	64	84	0	2
84	17.516388	18.761998	D5	64	94	0	5
85	17.516388	18.775155	G3	64	86	1	-1
86	17.516388	18.808050	G2	64	83	1	-3
87	19.095330	19.618354	C5	64	76	0	3
88	19.095330	19.454978	D#4	64	82	0	4
89	19.095330	19.486776	G4	64	83	0	3
90	19.095330	19.528442	C5	64	82	0	3
91	19.095330	19.728003	C4	64	61	0	1
92	19.095330	20.846420	C3	64	79	1	-3
93	19.621644	20.014186	C5	64	72	0	3
94	19.621644	19.753222	D4	64	78	0	3
95	19.621644	19.813529	G4	64	73	0	3
96	19.621644	19.951687	A#4	64	78	0	1
97	19.884801	20.392475	D#4	64	82	0	4
98	19.884801	20.392475	C5	64	77	0	3
99	19.884801	20.400150	G4	64	78	0	3
100	20.016379	20.173177	A#4	64	62	0	1
101	20.147958	20.407825	C5	64	76	0	3
102	20.411115	20.935236	C5	64	73	0	3
103	20.411115	20.817912	C4	64	46	0	1
104	20.674272	20.968130	D#4	64	75	0	4
105	20.674272	20.991157	G4	64	80	0	3
106	20.674272	21.008700	C5	64	80	0	3
107	20.937429	21.198393	A#4	64	63	0	1
108	20.937429	21.218130	G3	64	75	1	-1
109	21.200586	21.723610	G4	64	66	0	3
110	21.200586	21.419883	C4	64	46	0	1
111	21.200586	21.565716	D#4	64	82	0	4
112	21.200586	21.584356	C5	64	81	0	3
113	21.200586	21.596418	G4	64	80	0	3
114	21.200586	22.910010	C3	64	76	1	-3
115	21.463743	21.667689	C4	64	40	0	1
116	21.726900	22.011987	G4	64	57	0	3
117	21.726900	21.874926	D4	64	75	0	3
118	21.726900	21.876022	G4	64	60	0	3
119	21.726900	21.964838	A#4	64	82	0	1
120	21.858478	22.094223	C4	64	35	0	1
121	21.990057	22.251021	D#5	64	63	0	1
122	21.990057	22.479090	C5	64	82	0	3
123	21.990057	22.501020	D#4	64	80	0	4
124	21.990057	22.545976	G4	64	80	0	3
125	22.253214	23.303649	C5	64	56	0	3
126	22.516371	22.834352	C4	64	61	0	1
127	22.779528	22.969220	D#4	64	84	0	4
128	22.911106	23.124921	G4	64	80	0	3
129	23.042685	23.192904	A#4	64	79	0	1
130	23.305842	23.829963	D#5	64	93	0	1
131	23.305842	23.654525	D#4	64	82	0	4
132	23.305842	23.667683	G#4	64	82	0	4
133	23.305842	23.680841	C5	64	83	0	3
134	23.305842	24.088734	G#2	64	82	1	-2
135	23.568999	24.141365	G#3	64	48	1	-5
136	23.832156	24.224698	C5	64	90	0	3
137	23.832156	24.121629	D#4	64	72	0	4
138	24.095313	24.305838	C5	64	77	0	3
139	24.226891	24.412198	D#5	64	66	0	1
140	24.358470	24.619434	C5	64	79	0	3
141	24.358470	24.717021	D5	64	86	0	5
142	24.358470	24.719214	F4	64	82	0	1
143	24.358470	24.723600	A#4	64	79	0	1
144	24.358470	25.158906	A#2	64	83	1	-5
145	24.621627	25.408905	A#4	64	66	0	1
146	24.621627	25.311317	A#3	64	69	1	-3
147	24.884784	25.112853	F4	64	79	0	1
148	25.147941	25.350791	A#4	64	82	0	1
149	25.411098	25.677544	C5	64	85	0	3
150	25.411098	25.916579	A#4	64	51	0	1
151	25.411098	25.928640	G4	64	78	0	3
152	25.411098	25.979078	D#5	64	83	0	1
153	25.411098	27.007584	D#3	64	84	1	-5
154	25.674255	26.198376	A#4	64	66	0	1
155	25.674255	27.099689	A#3	64	75	1	-3
156	25.937412	26.770742	D#4	64	79	0	4
157	26.200569	26.507585	F4	64	56	0	1
158	26.200569	26.593111	F4	64	81	0	1
159	26.200569	26.608462	A#4	64	77	0	1
160	26.463726	27.514161	G4	64	79	0	3
161	26.726883	26.995522	G4	64	83	0	3
162	26.990040	27.177539	D#4	64	77	0	4
163	26.990040	27.232364	A#4	64	78	0	1
164	27.253197	27.521836	C5	64	73	0	3
165	27.516354	27.776221	F4	64	92	0	1
166	27.516354	27.799248	D#4	64	73	0	4
167	27.516354	28.025124	G#4	64	84	0	4
168	27.516354	29.224681	F3	64	82	1	-3
169	27.779511	28.303632	F4	64	83	0	1
170	27.779511	28.382579	C4	64	69	0	1
171	28.042668	28.520736	F4	64	73	0	1
172	28.305825	28.566789	G4	64	87	0	3
173	28.305825	28.750999	C5	64	79	0	3
174	28.305825	28.791569	D#5	64	81	0	1
175	28.305825	28.795955	G#4	64	79	0	4
176	28.568982	29.093103	F4	64	76	0	1
177	28.832139	29.132576	C4	64	69	0	1
178	29.095296	29.356260	D#4	64	75	0	4
179	29.095296	29.147927	C5	64	73	0	3
180	29.095296	29.269637	G#4	64	84	0	4
181	29.095296	29.302532	D#5	64	84	0	1
182	29.358453	29.619417	C4	64	75	0	1
183	29.621610	30.014152	C5	64	77	0	3
184	29.621610	29.964810	G4	64	84	0	3
185	29.621610	29.971389	A#3	64	80	1	-3
186	29.621610	29.976872	D4	64	86	0	3
187	29.621610	31.150113	G2	64	83	1	-3
188	29.884767	31.249894	G3	64	69	1	-1
189	30.016345	30.408888	A#4	64	87	0	1
190	30.147924	30.377090	A#3	64	73	1	-3
191	30.411081	30.672045	G4	64	68	0	3
192	30.411081	30.498800	D4	64	90	0	3
193	30.674238	31.724673	A#4	64	90	0	1
194	30.674238	31.016342	G4	64	79	0	3
195	30.937395	31.259762	A#4	64	83	0	1
196	31.200552	31.487832	D5	64	81	0	5
197	31.463709	31.658884	D#5	64	90	0	1
198	31.726866	31.987830	D#5	64	97	0	1
199	31.726866	32.009760	G#2	64	79	1	-2
200	31.726866	32.402302	D#4	64	82	0	4
201	31.726866	32.414363	G#4	64	84	0	4
202	31.726866	32.435197	C5	64	83	0	3
203	31.990023	32.269627	C5	64	83	0	3
204	31.990023	32.346381	G#3	64	62	1	-5
205	32.253180	32.513047	D#5	64	93	0	1
206	32.384758	32.448355	C4	64	56	0	1
207	32.516337	32.777301	D#5	64	92	0	1
208	32.516337	32.706029	D#4	64	79	0	4
209	32.779494	33.040458	C5	64	71	0	3
210	32.779494	32.888046	G#4	64	71	0	4
211	33.042651	33.566772	F5	64	85	0	3
212	33.042651	33.361729	D#4	64	82	0	4
213	33.042651	33.381465	C5	64	80	0	3
214	33.042651	33.408878	G#4	64	84	0	4
215	33.305808	33.439579	G#3	64	70	1	-5
216	33.305808	33.454930	G#2	64	82	1	-2
217	33.568965	33.828832	A#4	64	90	0	1
218	33.568965	33.684096	D#4	64	73	0	4
219	33.832122	34.093086	A#4	64	87	0	1
220	33.832122	33.963700	C4	64	48	0	1
221	33.832122	34.166550	D5	64	86	0	5
222	33.832122	34.199445	F4	64	80	0	1
223	33.832122	34.213699	A#4	64	81	0	1
224	33.832122	34.460409	A#2	64	69	1	-5
225	33.832122	34.537163	A#3	64	43	1	-3
226	34.095279	34.356243	G4	64	74	0	3
227	34.358436	34.651198	A#4	64	72	0	1
228	34.358436	34.594181	F4	64	76	0	1
229	34.621593	34.881460	C5	64	76	0	3
230	34.621593	34.831022	A#4	64	80	0	1
231	34.884750	38.039344	C5	64	90	0	3
232	34.884750	34.998785	C4	64	68	0	1
233	34.884750	35.250977	D#5	64	84	0	1
234	34.884750	35.266327	G4	64	84	0	3
235	34.884750	35.307994	C5	64	82	0	3
236	34.884750	35.763036	C3	64	84	1	-3
237	35.147907	35.609528	C4	64	59	0	1
238	35.411064	35.493300	D#5	64	58	0	1
239	35.411064	35.740010	G4	64	75	0	3
240	35.674221	35.763036	C5	64	48	0	3
241	35.674221	35.812378	D#5	64	76	0	1
242	35.937378	36.004264	A#4	64	95	0	1
243	35.937378	36.030579	D5	64	79	0	5
244	35.937378	36.036062	F4	64	75	0	1
245	35.937378	36.047027	A#3	64	70	1	-3
246	35.937378	36.048123	A#2	64	82	1	-5
247	36.200535	36.259745	A#4	64	79	0	1
248	36.200535	36.469174	A#3	64	80	1	-3
249	36.200535	36.595270	F5	64	95	0	3
250	36.200535	36.746586	F4	64	79	0	1
251	36.200535	36.763033	D5	64	80	0	5
252	36.200535	36.764129	A#2	64	84	1	-5
253	36.726849	36.825533	A#3	64	62	1	-3
254	36.726849	36.985620	D#5	64	98	0	1
255	36.990006	37.236715	C4	64	83	0	1
256	36.990006	37.540443	D#5	64	84	0	1
257	36.990006	37.544828	G4	64	77	0	3
258	36.990006	37.564565	C5	64	93	0	3
259	36.990006	37.817854	C3	64	80	1	-3
260	37.516320	37.844170	C4	64	68	0	1
261	37.647898	37.795924	G4	64	82	0	3
262	37.779477	37.961494	A#4	64	62	0	1
263	37.911055	38.026186	C5	64	72	0	3
264	38.042634	38.565658	C5	64	92	0	3
265	38.042634	38.668728	G4	64	84	0	3
266	38.042634	38.669825	D#4	64	82	0	4
267	38.042634	38.670921	C5	64	81	0	3
268	38.042634	39.840873	C3	64	79	1	-3
269	38.305791	40.106223	G3	64	73	1	-1
270	38.568948	38.961490	C5	64	89	0	3
271	38.568948	39.380349	C4	64	69	0	1
272	38.832105	39.393506	D#4	64	71	0	4
273	38.963683	39.134735	A#4	64	71	0	1
274	39.095262	39.355129	C5	64	86	0	3
275	39.358419	39.882540	C5	64	90	0	3
276	39.358419	39.703812	G4	64	81	0	3
277	39.621576	39.898987	C4	64	40	0	1
278	39.884733	40.145697	A#4	64	85	0	1
279	39.884733	40.051399	G4	64	59	0	3
280	40.147890	40.670914	G4	64	69	0	3
281	40.147890	40.772888	G4	64	76	0	3
282	40.147890	41.003150	D#5	64	86	0	1
283	40.147890	41.809068	C3	64	73	1	-3
284	40.411047	41.461482	G3	64	73	1	-1
285	40.674204	40.935168	G4	64	65	0	3
286	40.674204	41.550297	C4	64	58	0	1
287	40.937361	41.211483	D#5	64	66	0	1
288	40.937361	41.070036	D5	64	86	0	5
289	40.937361	41.087580	F4	64	81	0	1
290	41.200518	42.250953	C5	64	84	0	3
291	41.463675	41.772884	D#4	64	82	0	4
292	41.463675	41.836481	C5	64	83	0	3
293	41.726832	41.822226	G3	64	79	1	-1
294	41.989989	42.187357	A#4	64	80	0	1
295	42.253146	42.513013	D#5	64	99	0	1
296	42.253146	42.525075	G#2	64	81	1	-2
297	42.253146	42.916521	D#4	64	78	0	4
298	42.253146	42.938450	G#4	64	78	0	4
299	42.253146	42.945029	C5	64	74	0	3
300	42.516303	42.777267	D#5	64	84	0	1
301	42.516303	42.841960	G#3	64	71	1	-5
302	42.779460	43.040424	C5	64	87	0	3
303	42.779460	43.207090	C4	64	57	0	1
304	43.042617	43.303581	D#5	64	92	0	1
305	43.042617	43.222441	D#4	64	75	0	4
306	43.305774	43.566738	C5	64	84	0	3
307	43.305774	43.531650	G#4	64	79	0	4
308	43.568931	44.356209	D#5	64	93	0	1
309	43.568931	43.792614	C5	64	78	0	3
310	44.358402	44.619366	C5	64	91	0	3
311	44.358402	44.415419	D#5	64	84	0	1
312	44.358402	44.915417	A#4	64	82	0	1
313	44.358402	44.950505	G4	64	76	0	3
314	44.358402	45.940633	D#3	64	83	1	-5
315	44.621559	45.145680	A#4	64	87	0	1
316	44.621559	45.425284	A#3	64	72	1	-3
317	44.884716	45.693924	D#4	64	70	0	4
318	45.147873	45.408837	F4	64	63	0	1
319	45.147873	45.534933	F4	64	76	0	1
320	45.147873	45.655547	A#4	64	79	0	1
321	45.411030	45.671994	A#4	64	65	0	1
322	45.674187	46.461465	G4	64	65	0	3
323	45.674187	46.077694	G4	64	84	0	3
324	45.937344	46.065633	A#3	64	79	1	-3
325	46.463658	46.856200	F4	64	85	0	1
326	46.463658	46.776157	D#4	64	78	0	4
327	46.463658	47.021770	G#4	64	84	0	4
328	46.463658	48.119354	F3	64	82	1	-3
329	46.726815	48.140187	C4	64	63	0	1
330	46.858393	46.987779	D#4	64	53	0	4
331	46.989972	47.250936	F4	64	66	0	1
332	46.989972	47.947205	F4	64	71	0	1
333	47.253129	47.546987	D#4	64	55	0	4
334	47.253129	47.627031	G#4	64	72	0	4
335	47.516286	47.776153	F4	64	63	0	1
336	47.779443	48.303564	F4	64	64	0	1
337	47.779443	48.009705	C5	64	76	0	3
338	48.042600	48.254222	D#5	64	79	0	1
339	48.305757	48.566721	G4	64	79	0	3
340	48.305757	48.514089	G5	64	71	0	5
341	48.568914	48.829878	C5	64	68	0	3
342	48.568914	48.793694	G2	64	84	1	-3
343	48.568914	49.061237	D4	64	84	0	3
344	48.568914	49.341937	G4	64	84	0	3
345	48.568914	49.441718	A#4	64	82	0	1
346	48.832071	49.356192	A#4	64	65	0	1
347	48.832071	49.148956	G3	64	60	1	-1
348	49.095228	50.167593	A#3	64	69	1	-3
349	49.358385	49.619349	G4	64	63	0	3
350	49.358385	50.082067	D4	64	80	0	3
351	49.621542	49.882506	C5	64	65	0	3
352	49.884699	50.671977	A#4	64	77	0	1
353	49.884699	50.196101	G4	64	82	0	3
354	50.147856	50.262987	A#4	64	86	0	1
355	50.674170	50.934037	D#5	64	87	0	1
356	50.674170	50.988862	D#4	64	82	0	4
357	50.674170	51.006406	C5	64	80	0	3
358	50.674170	51.009695	G#4	64	79	0	4
359	50.674170	51.292589	G#2	64	82	1	-2
360	50.937327	51.197194	D#5	64	77	0	1
361	50.937327	51.253115	G#3	64	62	1	-5
362	51.200484	51.461448	D#5	64	79	0	1
363	51.200484	51.407720	D#4	64	71	0	4
364	51.463641	51.728991	C5	64	64	0	3
365	51.463641	51.634693	C5	64	73	0	3
366	51.726798	51.986665	F5	64	91	0	3
367	51.726798	52.073288	G#4	64	80	0	4
368	51.726798	52.079867	F4	64	78	0	1
369	51.726798	52.079867	C5	64	80	0	3
370	51.726798	52.275042	F2	64	83	1	-5
371	51.989955	52.777233	F5	64	93	0	3
372	51.989955	52.413199	F3	64	69	1	-3
373	52.253112	52.480085	F4	64	73	0	1
374	52.516269	52.682935	G#4	64	75	0	4
375	52.779426	53.171968	A#4	64	90	0	1
376	52.779426	53.112758	D5	64	86	0	5
377	52.779426	53.131398	F4	64	80	0	1
378	52.779426	53.143460	A#4	64	76	0	1
379	52.779426	53.526134	A#2	64	84	1	-5
380	53.042583	53.734466	A#3	64	62	1	-3
381	53.174161	53.566704	G4	64	84	0	3
382	53.305740	53.481178	F4	64	69	0	1
383	53.568897	53.829861	D#5	64	90	0	1
384	53.568897	53.764072	C5	64	76	0	3
385	53.832054	56.987745	C5	64	98	0	3
386	53.832054	54.237754	C3	64	79	1	-3
387	53.832054	54.732270	G4	64	78	0	3
388	53.832054	54.943892	D#5	64	86	0	1
389	54.095211	54.351789	G3	64	76	1	-1
390	54.358368	54.669770	C4	64	57	0	1
391	54.621525	54.917576	D4	64	62	0	3
392	54.884682	55.393452	A#3	64	83	1	-3
393	54.884682	55.438408	D5	64	91	0	5
394	54.884682	55.462531	A#2	64	84	1	-5
395	54.884682	55.475689	F4	64	84	0	1
396	54.884682	55.475689	A#4	64	84	0	1
397	55.674153	56.041476	F4	64	86	0	1
398	55.674153	56.046959	A#4	64	86	0	1
399	55.674153	56.048055	G2	64	91	1	-3
400	55.674153	56.049152	D5	64	86	0	5
401	55.674153	56.063406	G3	64	95	1	-1
402	56.200467	56.276124	F4	64	94	0	1
403	56.200467	56.281607	A#4	64	91	0	1
404	56.200467	56.285993	G3	64	101	1	-1
405	56.200467	56.289282	G2	64	95	1	-3
406	56.200467	56.305730	D5	64	93	0	5
407	56.463624	56.694983	G4	64	93	0	3
408	56.463624	56.703755	C5	64	93	0	3
409	56.463624	56.710333	C3	64	101	1	-3
410	56.463624	56.715816	D#5	64	98	0	1
411	56.989938	57.514059	D#5	64	85	0	1
412	56.989938	57.298051	G4	64	81	0	3
413	56.989938	57.298051	D#5	64	86	0	1
414	56.989938	57.343007	C5	64	82	0	3
415	56.989938	58.847388	C3	64	84	1	-3
416	57.253095	57.915373	C4	64	44	0	1
417	57.516252	57.777216	C5	64	64	0	3
418	57.516252	57.738839	G4	64	72	0	3
419	57.779409	58.040373	D#5	64	57	0	1
420	57.779409	58.275021	D#5	64	90	0	1
421	57.779409	58.294758	G4	64	80	0	3
422	57.779409	58.304626	C5	64	80	0	3
423	58.042566	58.566687	C5	64	62	0	3
424	58.305723	58.882475	C4	64	63	0	1
425	58.568880	59.091904	D#5	64	87	0	1
426	58.568880	58.601774	D#5	64	47	0	1
427	58.568880	58.784888	G4	64	81	0	3
428	58.832037	59.193878	C5	64	75	0	3
429	59.095194	59.356158	D#5	64	79	0	1
430	59.095194	59.441684	D#5	64	91	0	1
431	59.095194	59.471289	G4	64	82	0	3
432	59.095194	60.915363	C3	64	79	1	-3
433	59.358351	59.884665	G4	64	71	0	3
434	59.358351	59.965805	C4	64	71	0	1
435	59.621508	59.785981	G4	64	69	0	3
436	59.884665	60.145629	D#5	64	90	0	1
437	59.884665	60.254181	G4	64	86	0	3
438	59.884665	60.304620	D#5	64	90	0	1
439	60.147822	61.198257	C5	64	93	0	3
440	60.147822	60.461417	C4	64	71	0	1
441	60.410979	60.769530	F4	64	84	0	1
442	60.410979	60.783785	D5	64	84	0	5
443	60.674136	61.019529	C4	64	63	0	1
444	60.937293	61.129178	A#4	64	81	0	1
445	61.200450	61.723474	D#5	64	90	0	1
446	61.200450	61.682904	D#5	64	84	0	1
447	61.200450	61.717992	C5	64	82	0	3
448	61.200450	61.748694	G4	64	83	0	3
449	61.200450	63.058996	C3	64	82	1	-3
450	61.463607	63.040356	G3	64	76	1	-1
451	61.726764	62.249788	D#5	64	79	0	1
452	61.726764	62.543647	C4	64	70	0	1
453	61.989921	62.361630	G4	64	72	0	3
454	62.253078	62.777199	D#5	64	71	0	1
455	62.516235	62.874786	D#5	64	86	0	1
456	62.516235	62.885751	C5	64	80	0	3
457	62.516235	62.887944	G4	64	82	0	3
458	62.779392	63.040356	C5	64	65	0	3
459	62.779392	63.114917	C4	64	76	0	1
460	63.042549	63.303513	A#4	64	66	0	1
461	63.042549	63.113820	D#5	64	53	0	1
462	63.042549	63.187285	G4	64	75	0	3
463	63.305706	63.566670	C5	64	61	0	3
464	63.305706	63.690573	A#4	64	83	0	1
465	63.305706	63.702634	D#5	64	86	0	1
466	63.305706	65.023902	D#3	64	90	1	-5
467	63.568863	64.092984	A#4	64	64	0	1
468	63.568863	64.150001	D#4	64	62	0	4
469	63.700441	63.731143	G4	64	43	0	3
470	64.095177	64.356141	F4	64	66	0	1
471	64.095177	64.677412	D#5	64	90	0	1
472	64.095177	64.694955	G4	64	82	0	3
473	64.095177	64.716885	A#4	64	83	0	1
474	64.358334	65.408769	G4	64	66	0	3
475	64.621491	65.255261	D#4	64	76	0	4
476	64.884648	65.169735	D#5	64	86	0	1
477	64.884648	65.199340	G4	64	84	0	3
478	65.147805	65.452628	A#4	64	79	0	1
479	65.410962	65.933986	F5	64	87	0	3
480	65.410962	65.885741	C5	64	83	0	3
481	65.410962	65.928504	F5	64	90	0	3
482	65.410962	65.932890	G#4	64	83	0	4
483	65.410962	67.112710	F3	64	86	1	-3
484	65.674119	67.389025	C4	64	76	0	1
485	65.937276	66.461397	F5	64	86	0	3
486	65.937276	66.720168	F4	64	80	0	1
487	66.200433	66.561177	G#4	64	75	0	4
488	66.463590	66.987711	C5	64	87	0	3
489	66.463590	67.071044	C5	64	80	0	3
490	66.726747	66.825431	G#4	64	57	0	4
491	66.726747	67.063368	F5	64	91	0	3
492	66.989904	67.512928	F5	64	84	0	3
493	66.989904	67.215780	F4	64	76	0	1
494	67.253061	67.458104	G#4	64	68	0	4
495	67.516218	67.776085	F5	64	90	0	3
496	67.516218	68.100646	G#4	64	53	0	4
497	67.516218	68.107225	F5	64	90	0	3
498	67.516218	69.250861	F3	64	83	1	-3
499	67.779375	68.040339	F5	64	87	0	3
500	67.779375	69.246475	C4	64	75	0	1
501	68.042532	68.303496	C5	64	66	0	3
502	68.042532	69.089677	F4	64	80	0	1
503	68.305689	68.571039	G5	64	77	0	5
504	68.305689	68.494285	G#4	64	78	0	4
505	68.568846	69.619281	F5	64	90	0	3
506	68.568846	68.639021	G#4	64	17	0	4
507	68.568846	68.757442	C5	64	76	0	3
508	68.832003	69.154370	D#5	64	84	0	1
509	69.095160	69.211387	F5	64	84	0	3
510	69.358317	69.470159	G5	64	84	0	5
511	69.621474	69.881341	A#4	64	87	0	1
512	69.621474	69.834192	A#2	64	83	1	-5
513	69.621474	70.390112	A#4	64	81	0	1
514	69.621474	70.424103	F5	64	84	0	3
515	69.621474	70.460287	F4	64	76	0	1
516	69.884631	70.144498	A#4	64	81	0	1
517	69.884631	70.176296	A#3	64	62	1	-3
518	70.147788	70.408752	A#4	64	87	0	1
519	70.147788	71.328705	C4	64	69	0	1
520	70.410945	70.671909	C5	64	90	0	3
521	70.410945	71.339670	D4	64	83	0	3
522	70.674102	71.724537	D5	64	90	0	5
523	70.674102	71.020592	F4	64	80	0	1
524	70.937259	71.134627	A#4	64	80	0	1
525	71.200416	71.280459	A#4	64	48	0	1
526	71.200416	71.423003	C5	64	77	0	3
527	71.463573	72.094053	F5	64	83	0	3
528	71.726730	71.987694	A#4	64	103	0	1
529	71.726730	72.072123	F4	64	83	0	1
530	71.726730	72.109404	A#4	64	83	0	1
531	71.726730	72.327605	G3	64	84	1	-1
532	71.989887	72.250851	G4	64	84	0	3
533	71.989887	72.304579	D4	64	69	0	3
534	72.253044	72.518394	A#4	64	91	0	1
535	72.253044	72.482210	F4	64	83	0	1
536	72.516201	72.776068	C5	64	90	0	3
537	72.516201	72.714665	A#4	64	83	0	1
538	72.779358	73.829793	C5	64	97	0	3
539	72.779358	73.277163	C3	64	82	1	-3
540	72.779358	73.778258	C5	64	82	0	3
541	72.779358	73.784837	G4	64	82	0	3
542	73.042515	73.347338	G3	64	78	1	-1
543	73.305672	73.644486	C4	64	76	0	1
544	73.568829	73.852819	D4	64	75	0	3
545	73.831986	74.356107	D#5	64	93	0	1
546	73.831986	73.913126	D#4	64	83	0	4
547	73.831986	74.333081	C3	64	84	1	-3
548	73.831986	74.652158	G4	64	78	0	3
549	73.831986	74.933956	C5	64	81	0	3
550	74.095143	74.362686	G3	64	81	1	-1
551	74.358300	74.619264	C5	64	87	0	3
552	74.358300	74.769483	C4	64	75	0	1
553	74.621457	74.887903	D#5	64	90	0	1
554	74.621457	75.122552	D4	64	63	0	3
555	74.884614	75.408735	C5	64	63	0	3
556	74.884614	75.091850	D#4	64	83	0	4
557	75.147771	75.494261	G4	64	82	0	3
558	75.410928	75.933952	D#5	64	95	0	1
559	75.410928	75.928470	A#4	64	82	0	1
560	75.674085	75.727813	C5	64	46	0	3
561	75.937242	76.198206	D#5	64	90	0	1
562	75.937242	76.277153	D#4	64	76	0	4
563	75.937242	76.317723	G4	64	76	0	3
564	75.937242	76.348425	C5	64	79	0	3
565	75.937242	77.362676	C3	64	79	1	-3
566	76.200399	76.460266	G4	64	69	0	3
567	76.200399	77.362676	G3	64	80	1	-1
568	76.463556	76.724520	G4	64	79	0	3
569	76.463556	76.594038	D#4	64	63	0	4
570	76.463556	76.721230	A#4	64	76	0	1
571	76.726713	76.987677	D#5	64	91	0	1
572	76.726713	77.250834	D#4	64	81	0	4
573	76.726713	77.294693	C5	64	75	0	3
574	76.726713	77.347325	G4	64	79	0	3
575	76.989870	78.040305	C5	64	93	0	3
576	77.253027	77.758508	C4	64	79	0	1
577	77.516184	77.845130	G4	64	79	0	3
578	77.516184	77.884604	D#4	64	83	0	4
579	77.516184	77.982191	C5	64	80	0	3
580	77.779341	77.974516	G3	64	57	1	-1
581	77.910919	78.087454	D#3	64	76	1	-5
582	78.042498	78.302365	D#5	64	84	0	1
583	78.042498	78.420786	D#4	64	82	0	4
584	78.042498	78.446005	G4	64	83	0	3
585	78.042498	78.580873	C5	64	80	0	3
586	78.042498	79.860474	C3	64	84	1	-3
587	78.305655	78.566619	D#5	64	77	0	1
588	78.305655	79.465739	G3	64	78	1	-1
589	78.568812	78.961354	D#5	64	87	0	1
590	78.568812	78.910916	C4	64	68	0	1
591	78.831969	79.092933	C5	64	60	0	3
592	78.831969	79.193810	D#4	64	83	0	4
593	78.831969	79.290301	C5	64	82	0	3
594	79.095126	79.354993	D#5	64	66	0	1
595	79.358283	80.145561	D#5	64	66	0	1
596	79.358283	79.749729	C4	64	73	0	1
597	79.621440	79.783720	D4	64	79	0	3
598	79.621440	80.078675	A#4	64	80	0	1
599	79.884597	79.956965	G3	64	73	1	-1
600	80.147754	80.408718	C5	64	91	0	3
601	80.147754	80.634594	G4	64	83	0	3
602	80.147754	80.656524	C5	64	84	0	3
603	80.147754	81.810029	D#3	64	93	1	-5
604	80.410911	80.671875	A#4	64	54	0	1
605	80.410911	81.031523	A#3	64	75	1	-3
606	80.674068	80.935032	F4	64	63	0	1
607	80.674068	81.272750	D#4	64	79	0	4
608	80.937225	81.198189	A#4	64	64	0	1
609	80.937225	81.279329	F4	64	83	0	1
610	80.937225	81.422969	A#4	64	84	0	1
611	81.200382	82.250817	G4	64	66	0	3
612	81.463539	81.810029	A#3	64	80	1	-3
613	81.726696	82.224501	G4	64	77	0	3
614	81.989853	82.089633	A#4	64	77	0	1
615	82.253010	82.776034	F5	64	97	0	3
616	82.253010	82.512877	F2	64	84	1	-5
617	82.253010	82.783710	D#4	64	82	0	4
618	82.253010	82.793578	C4	64	78	0	1
619	82.253010	83.052349	G#4	64	82	0	4
620	82.516167	82.816604	F3	64	67	1	-3
621	82.779324	83.303445	F5	64	93	0	3
622	82.779324	83.831952	G#3	64	69	1	-5
623	83.042481	83.756294	C4	64	62	0	1
624	83.305638	83.829759	C5	64	91	0	3
625	83.305638	83.614847	D#4	64	78	0	4
626	83.568795	83.858268	G#4	64	84	0	4
627	83.831952	84.354976	F5	64	98	0	3
628	83.831952	84.075372	C5	64	78	0	3
629	84.095109	84.202565	F4	64	48	0	1
630	84.358266	84.618133	F5	64	96	0	3
631	84.358266	84.604975	F2	64	84	1	-5
632	84.358266	85.200368	C5	64	78	0	3
633	84.358266	85.227780	F4	64	81	0	1
634	84.358266	85.245324	G#4	64	83	0	4
635	84.621423	84.882387	F5	64	95	0	3
636	84.621423	84.943790	F3	64	78	1	-3
637	84.884580	85.145544	C5	64	76	0	3
638	84.884580	86.079751	G#3	64	72	1	-5
639	85.147737	85.408701	G5	64	98	0	5
640	85.147737	86.066593	C4	64	73	0	1
641	85.410894	86.461329	F5	64	105	0	3
642	85.410894	85.634577	F4	64	81	0	1
643	85.674051	85.770542	F4	64	56	0	1
644	85.674051	85.826463	D#5	64	84	0	1
645	85.674051	85.840717	G#4	64	84	0	4
646	85.937208	86.109356	F4	64	75	0	1
647	85.937208	86.119225	G#4	64	79	0	4
648	85.937208	86.214619	D#5	64	86	0	1
649	86.200365	86.394443	A#4	64	80	0	1
650	86.463522	86.723389	A#4	64	103	0	1
651	86.463522	86.679530	A#2	64	84	1	-5
652	86.463522	87.225581	A#4	64	84	0	1
653	86.463522	87.295756	F5	64	82	0	3
654	86.463522	87.303431	D5	64	84	0	5
655	86.463522	87.328650	F4	64	84	0	1
656	86.726679	87.250800	A#4	64	90	0	1
657	86.726679	87.040274	A#3	64	69	1	-3
658	86.989836	88.038078	C4	64	76	0	1
659	87.252993	87.513957	C5	64	98	0	3
660	87.252993	88.005183	D4	64	86	0	3
661	87.516150	88.039174	D5	64	96	0	5
662	87.516150	87.852771	F4	64	79	0	1
663	87.779307	87.960227	C5	64	80	0	3
664	88.042464	88.566585	D5	64	100	0	5
665	88.042464	88.316586	D5	64	84	0	5
666	88.305621	88.524918	F5	64	82	0	3
667	88.568778	89.092899	A#4	64	86	0	1
668	88.568778	88.709128	F2	64	74	1	-5
669	88.568778	88.921847	G3	64	81	1	-1
670	88.568778	89.024917	G4	64	79	0	3
671	88.568778	89.034785	A#4	64	82	0	1
672	88.568778	89.148820	D5	64	91	0	5
673	88.568778	89.155399	G2	64	76	1	-3
674	89.095092	89.619213	G4	64	86	0	3
675	89.095092	89.218995	G3	64	90	1	-1
676	89.621406	91.653197	C5	64	103	0	3
677	89.621406	89.949256	D#4	64	82	0	4
678	89.621406	89.960220	G4	64	82	0	3
679	89.621406	89.967896	C5	64	83	0	3
680	89.621406	90.330833	C3	64	82	1	-3
681	89.884563	90.248597	C4	64	74	0	1
682	90.147720	90.329737	D#4	64	79	0	4
683	90.147720	90.399912	A#4	64	84	0	1
684	90.674034	90.959121	D#4	64	86	0	4
685	90.674034	90.964603	C5	64	84	0	3
686	90.674034	90.968989	G4	64	86	0	3
687	90.674034	91.924030	C3	64	90	1	-3
688	91.068769	91.124690	G4	64	82	0	3
689	91.068769	91.133462	D#4	64	79	0	4
690	91.068769	91.151006	C5	64	81	0	3
691	91.331926	91.561092	C4	64	6	0	1
692	91.463505	91.748592	G4	64	80	0	3
693	91.463505	91.760653	D#4	64	83	0	4
694	91.463505	91.829732	A#4	64	86	0	1
695	91.989819	92.267230	G4	64	83	0	3
696	91.989819	92.351660	D#4	64	79	0	4
697	91.989819	92.442668	C5	64	79	0	3
698	92.252976	92.547931	C4	64	47	0	1
699	92.252976	92.606045	C3	64	68	1	-3
700	92.516133	92.750781	D#4	64	84	0	4
701	92.516133	92.865912	A#4	64	84	0	1
702	92.779290	93.038061	D#4	64	68	0	4
703	92.779290	93.064377	G4	64	84	0	3
704	92.779290	93.064377	C5	64	83	0	3
705	92.779290	93.157578	C4	64	78	0	1
706	92.779290	94.549021	C3	64	84	1	-3
707	93.174025	93.209113	C5	64	53	0	3
708	93.174025	93.220078	G4	64	78	0	3
709	93.174025	93.240911	D#4	64	81	0	4
710	93.174025	93.265034	A#4	64	80	0	1
711	93.305604	94.046829	C4	64	62	0	1
712	93.568761	93.877970	D#4	64	90	0	4
713	93.568761	93.902093	C5	64	83	0	3
714	93.568761	93.921830	G4	64	84	0	3
715	94.095075	94.141127	G4	64	61	0	3
716	94.095075	94.419635	D#4	64	84	0	4
717	94.095075	94.468977	A#4	64	90	0	1
718	94.358232	94.490907	C4	64	79	0	1
719	94.621389	94.833011	G4	64	80	0	3
720	94.752967	94.868098	A#4	64	78	0	1
721	94.884546	95.169633	D#4	64	80	0	4
722	94.884546	95.188273	C5	64	81	0	3
723	94.884546	95.190466	G4	64	80	0	3
724	94.884546	95.250773	C4	64	78	0	1
725	94.884546	96.597259	C3	64	84	1	-3
726	95.279281	95.352746	G4	64	73	0	3
727	95.279281	95.357132	D#4	64	69	0	4
728	95.279281	95.390027	C5	64	77	0	3
729	95.410860	95.882349	C4	64	69	0	1
730	95.674017	96.008445	D#4	64	86	0	4
731	95.674017	96.041340	G4	64	80	0	3
732	95.674017	96.163050	A#4	64	84	0	1
733	96.068752	96.169629	C4	64	32	0	1
734	96.200331	96.236515	A#4	64	61	0	1
735	96.200331	96.535856	D#4	64	82	0	4
736	96.200331	96.562172	C5	64	75	0	3
737	96.200331	96.581908	G4	64	82	0	3
738	96.463488	96.609321	C4	64	68	0	1
739	96.726645	96.847258	D#4	64	57	0	4
740	96.726645	96.913048	C5	64	75	0	3
741	96.989802	97.278178	D#4	64	83	0	4
742	96.989802	97.284757	A#4	64	82	0	1
743	96.989802	97.290239	G4	64	81	0	3
744	96.989802	97.360415	A#3	64	78	1	-3
745	96.989802	98.415236	D#3	64	82	1	-5
746	97.384537	97.449230	G4	64	81	0	3
747	97.384537	97.450327	D#4	64	79	0	4
748	97.384537	97.461291	A#4	64	80	0	1
749	97.779273	98.175105	G4	64	81	0	3
750	97.779273	98.181684	A#3	64	79	1	-3
751	97.779273	98.203613	D#4	64	82	0	4
752	98.305587	98.629051	D#4	64	90	0	4
753	98.305587	98.632340	A#4	64	86	0	1
754	98.305587	98.647691	A#3	64	78	1	-3
755	98.568744	98.686068	D#3	64	84	1	-5
756	98.831901	98.993084	F4	64	69	0	1
757	98.963479	99.078610	G4	64	79	0	3
758	99.095058	99.390013	G#4	64	90	0	4
759	99.095058	99.402074	D#4	64	83	0	4
760	99.095058	99.405364	C4	64	79	0	1
761	99.095058	99.499662	F3	64	80	1	-3
762	99.095058	101.021586	F2	64	93	1	-5
763	99.489793	99.535846	D#4	64	80	0	4
764	99.489793	99.578609	G#4	64	80	0	4
765	99.489793	99.581898	C4	64	78	0	1
766	99.621372	100.076414	F3	64	71	1	-3
767	99.884529	100.454702	G#4	64	84	0	4
768	99.884529	100.466764	F4	64	86	0	1
769	99.884529	100.490886	C4	64	84	0	1
770	100.410843	100.709087	F3	64	79	1	-3
771	100.674000	100.811061	G#4	64	76	0	4
772	100.674000	100.909745	F4	64	84	0	1
773	100.674000	101.074218	C4	64	80	0	1
774	100.937157	101.079700	F3	64	76	1	-3
775	101.200314	101.465664	G#4	64	81	0	4
776	101.200314	101.494172	F4	64	82	0	1
777	101.200314	101.517199	C4	64	79	0	1
778	101.200314	101.518295	F3	64	84	1	-3
779	101.200314	101.539128	F2	64	86	1	-5
780	101.595049	101.642198	D#4	64	73	0	4
781	101.595049	101.642198	F4	64	73	0	1
782	101.595049	101.654260	G#4	64	63	0	4
783	101.595049	101.689347	C4	64	78	0	1
784	101.726628	102.806668	F2	64	81	1	-5
785	101.858206	102.610397	F3	64	47	1	-3
786	101.989785	102.331889	D#4	64	83	0	4
787	101.989785	102.338468	F4	64	86	0	1
788	101.989785	102.343950	G#4	64	80	0	4
789	101.989785	102.358205	C4	64	75	0	1
790	102.516099	102.556669	D#4	64	78	0	4
791	102.516099	102.834080	G#4	64	81	0	4
792	102.516099	102.854913	F4	64	83	0	1
793	102.516099	102.908641	C4	64	73	0	1
794	102.779256	102.905352	F3	64	80	1	-3
795	103.305570	103.606007	D4	64	84	0	3
796	103.305570	103.606007	A#4	64	77	0	1
797	103.305570	103.614779	F4	64	84	0	1
798	103.305570	105.228809	A#2	64	83	1	-5
799	103.437148	103.535832	C4	64	39	0	1
800	103.700305	103.762805	D4	64	80	0	3
801	103.700305	103.778156	F4	64	83	0	1
802	103.700305	103.793507	C4	64	77	0	1
803	103.700305	103.823112	A#4	64	69	0	1
804	103.831884	104.164120	A#3	64	56	1	-3
805	104.095041	104.383417	C4	64	74	0	1
806	104.095041	104.487583	F4	64	84	0	1
807	104.095041	104.620258	D4	64	82	0	3
808	104.095041	104.635609	A#4	64	72	0	1
809	104.621355	104.941529	A#3	64	73	1	-3
810	104.884512	105.039117	D4	64	82	0	3
811	104.884512	105.040213	A#4	64	77	0	1
812	104.884512	105.065432	F4	64	83	0	1
813	105.147669	105.209072	A#3	64	72	1	-3
814	105.410826	105.561045	G3	64	78	1	-1
815	105.410826	105.649860	A#4	64	53	0	1
816	105.410826	105.699202	A#3	64	74	1	-3
817	105.410826	105.701395	D4	64	82	0	3
818	105.410826	105.716746	F4	64	82	0	1
819	105.410826	105.933850	G2	64	86	1	-3
820	105.673983	106.056657	G3	64	79	1	-1
821	105.937140	106.165209	A#3	64	75	1	-3
822	105.937140	106.183849	F4	64	84	0	1
823	106.200297	106.359287	A#4	64	71	0	1
824	106.463454	106.829681	G4	64	82	0	3
825	106.463454	106.887794	D#4	64	80	0	4
826	106.463454	107.313232	C3	64	83	1	-3
827	106.726611	107.399854	G3	64	82	1	-1
828	106.989768	107.342837	C4	64	79	0	1
829	107.252925	107.441521	D4	64	37	0	3
830	107.516082	107.749634	D4	64	62	0	3
831	107.516082	107.788011	G4	64	84	0	3
832	107.516082	107.811037	D#4	64	56	0	4
833	107.516082	107.880116	C4	64	83	0	1
834	107.516082	109.325286	C3	64	83	1	-3
835	107.910817	108.075290	G4	64	79	0	3
836	107.910817	108.160816	D4	64	78	0	3
837	107.910817	108.198097	D#4	64	82	0	4
838	107.910817	108.323097	C4	64	54	0	1
839	108.305553	108.854893	D4	64	79	0	3
840	108.305553	108.875726	G4	64	76	0	3
841	108.305553	108.885595	D#4	64	78	0	4
842	108.831867	109.295681	C4	64	68	0	1
843	109.095024	109.271558	D4	64	83	0	3
844	109.095024	109.319804	D#4	64	83	0	4
845	109.095024	109.542391	G4	64	84	0	3
846	109.358181	109.657522	G3	64	80	1	-1
847	109.621338	109.782521	D4	64	79	0	3
848	109.621338	109.941512	A#4	64	79	0	1
849	109.621338	109.946995	D#4	64	91	0	4
850	109.621338	110.028135	C4	64	73	0	1
851	109.621338	111.532516	C3	64	80	1	-3
852	110.016073	110.218923	D4	64	84	0	3
853	110.016073	110.323090	G4	64	83	0	3
854	110.147652	110.464537	C4	64	55	0	1
855	110.410809	110.707957	D4	64	78	0	3
856	110.410809	110.795676	D#4	64	83	0	4
857	110.410809	110.804448	G4	64	82	0	3
858	110.805544	110.964535	C4	64	18	0	1
859	110.937123	111.284709	D4	64	84	0	3
860	110.937123	111.325279	F4	64	84	0	1
861	111.200280	111.426156	C4	64	63	0	1
862	111.463437	111.592822	G4	64	84	0	3
863	111.463437	111.624620	D#4	64	82	0	4
864	111.726594	112.006198	D#4	64	82	0	4
865	111.726594	112.021549	G4	64	80	0	3
866	111.726594	112.023742	C5	64	83	0	3
867	111.726594	112.119136	C4	64	68	0	1
868	111.726594	113.706850	C3	64	83	1	-3
869	112.121329	112.290188	G4	64	78	0	3
870	112.121329	112.292381	D#4	64	79	0	4
871	112.121329	112.353785	C5	64	79	0	3
872	112.252908	112.750713	C4	64	54	0	1
873	112.516065	113.084045	G4	64	77	0	3
874	112.516065	113.098300	C5	64	73	0	3
875	112.516065	113.099396	D#4	64	76	0	4
876	113.042379	113.375711	C4	64	62	0	1
877	113.305536	113.630096	G4	64	82	0	3
878	113.305536	113.636675	D#4	64	79	0	4
879	113.305536	113.728780	C5	64	79	0	3
880	113.568693	113.748517	C4	64	60	0	1
881	113.831850	114.090621	D#4	64	78	0	4
882	113.831850	114.124612	G4	64	82	0	3
883	113.831850	114.150928	A#4	64	80	0	1
884	113.831850	115.739738	D#3	64	83	1	-5
885	114.226585	114.308822	D#4	64	78	0	4
886	114.226585	114.350488	A#4	64	77	0	1
887	114.226585	114.351585	G4	64	81	0	3
888	114.358164	115.377897	A#3	64	72	1	-3
889	114.621321	114.795662	D#4	64	58	0	4
890	114.621321	115.023732	A#4	64	78	0	1
891	114.621321	115.153117	G4	64	76	0	3
892	114.621321	115.260573	D#5	64	82	0	1
893	115.147635	115.392152	D#4	64	63	0	4
894	115.410792	115.519344	D#5	64	44	0	1
895	115.410792	115.564300	G4	64	79	0	3
896	115.410792	115.570879	F4	64	82	0	1
897	115.410792	115.595002	A#4	64	83	0	1
898	115.673949	115.767150	A#3	64	69	1	-3
899	115.937106	116.125702	D#4	64	78	0	4
900	115.937106	116.292368	C5	64	80	0	3
901	115.937106	116.338420	G#4	64	83	0	4
902	115.937106	117.844994	F3	64	86	1	-3
903	116.331841	116.618025	F4	64	76	0	1
904	116.331841	117.003988	C4	64	68	0	1
905	116.726577	117.218900	C5	64	79	0	3
906	116.726577	117.267145	G#4	64	84	0	4
907	117.252891	117.540171	C4	64	75	0	1
908	117.516048	117.672846	F4	64	83	0	1
909	117.516048	117.717802	G#4	64	86	0	4
910	117.516048	117.724380	C5	64	83	0	3
911	117.779205	117.863634	C4	64	63	0	1
912	118.042362	118.370212	F4	64	83	0	1
913	118.042362	118.377887	G#4	64	86	0	4
914	118.042362	118.408589	C5	64	83	0	3
915	118.437097	119.785777	F3	64	70	1	-3
916	118.568676	118.796745	F4	64	69	0	1
917	118.568676	118.912973	G#4	64	74	0	4
918	118.568676	118.942578	C5	64	73	0	3
919	118.831833	119.346085	C4	64	77	0	1
920	119.358147	119.679418	C5	64	81	0	3
921	119.358147	119.721084	G#4	64	84	0	4
922	119.358147	119.733146	F4	64	81	0	1
923	119.621304	119.728760	C4	64	79	0	1
924	119.884461	120.064285	C5	64	63	0	3
925	119.884461	120.074153	G#4	64	78	0	4
926	120.147618	120.280293	A#3	64	55	1	-3
927	120.147618	120.425029	D5	64	84	0	5
928	120.147618	120.485336	F4	64	83	0	1
929	120.147618	120.501783	A#4	64	84	0	1
930	120.147618	121.843884	A#2	64	86	1	-5
931	120.410775	121.222176	A#3	64	68	1	-3
932	120.673932	120.807703	F4	64	81	0	1
933	120.673932	120.807703	A#4	64	82	0	1
934	120.937089	120.978755	F4	64	46	0	1
935	120.937089	121.118009	A#4	64	79	0	1
936	121.200246	121.523710	F4	64	80	0	1
937	121.200246	121.546736	A#4	64	77	0	1
938	121.200246	121.580727	F5	64	84	0	3
939	121.463403	121.750683	A#3	64	70	1	-3
940	121.726560	121.923928	F4	64	77	0	1
941	121.726560	121.925024	A#4	64	77	0	1
942	121.726560	121.962305	D5	64	84	0	5
943	121.989717	122.091690	A#2	64	83	1	-5
944	122.252874	122.377873	G3	64	83	1	-1
945	122.252874	122.531382	G4	64	80	0	3
946	122.252874	122.531382	D5	64	84	0	5
947	122.252874	122.542347	A#4	64	82	0	1
948	122.252874	123.111424	G2	64	84	1	-3
949	122.516031	122.763837	G3	64	81	1	-1
950	122.779188	122.946950	G4	64	82	0	3
951	122.779188	122.960108	A#4	64	82	0	1
952	122.779188	123.135546	D5	64	80	0	5
953	123.042345	123.182695	G3	64	73	1	-1
954	123.305502	124.030280	G4	64	83	0	3
955	123.305502	124.071947	D#5	64	86	0	1
956	123.305502	124.075236	C3	64	84	1	-3
957	123.305502	124.076333	C5	64	84	0	3
958	124.358130	124.881154	C5	64	76	0	3
959	124.358130	124.984224	G4	64	84	0	3
960	124.358130	124.985321	D#4	64	82	0	4
961	124.358130	124.986417	C5	64	81	0	3
962	124.358130	126.156369	C3	64	79	1	-3
963	124.621287	126.421719	G3	64	73	1	-1
964	124.884444	125.276986	C5	64	72	0	3
965	124.884444	125.695845	C4	64	69	0	1
966	125.147601	125.709002	D#4	64	71	0	4
967	125.279179	125.435977	A#4	64	62	0	1
968	125.410758	125.670625	C5	64	76	0	3
969	125.673915	126.198036	C5	64	73	0	3
970	125.673915	126.019308	G4	64	81	0	3
971	125.937072	126.214483	C4	64	40	0	1
972	126.200229	126.461193	A#4	64	63	0	1
973	126.200229	126.366895	G4	64	59	0	3
974	126.463386	126.986410	G4	64	66	0	3
975	126.463386	127.088384	G4	64	76	0	3
976	126.463386	127.318646	D#5	64	86	0	1
977	126.463386	128.124564	C3	64	73	1	-3
978	126.726543	127.776978	G3	64	73	1	-1
979	126.989700	127.274787	G4	64	57	0	3
980	126.989700	127.865793	C4	64	58	0	1
981	127.252857	127.513821	D#5	64	63	0	1
982	127.252857	127.385532	D5	64	86	0	5
983	127.252857	127.403076	F4	64	81	0	1
984	127.516014	128.566449	C5	64	56	0	3
985	127.779171	128.088380	D#4	64	82	0	4
986	127.779171	128.151977	C5	64	83	0	3
987	128.042328	128.137722	G3	64	79	1	-1
988	128.305485	128.502853	A#4	64	80	0	1
989	128.568642	128.829606	D#5	64	93	0	1
990	128.568642	128.840571	G#2	64	81	1	-2
991	128.568642	129.232017	D#4	64	78	0	4
992	128.568642	129.253946	G#4	64	78	0	4
993	128.568642	129.260525	C5	64	74	0	3
994	128.831799	129.092763	D#5	64	93	0	1
995	128.831799	129.157456	G#3	64	71	1	-5
996	129.094956	129.355920	C5	64	90	0	3
997	129.094956	129.522586	C4	64	57	0	1
998	129.358113	129.674998	D#5	64	66	0	1
999	129.358113	129.537937	D#4	64	75	0	4
1000	129.621270	129.882234	C5	64	79	0	3
1001	129.621270	129.847146	G#4	64	79	0	4
1002	129.884427	130.671705	D#5	64	66	0	1
1003	129.884427	130.108110	C5	64	78	0	3
1004	130.673898	130.940344	C5	64	85	0	3
1005	130.673898	130.730915	D#5	64	84	0	1
1006	130.673898	131.230913	A#4	64	82	0	1
1007	130.673898	131.266001	G4	64	76	0	3
1008	130.673898	132.256129	D#3	64	83	1	-5
1009	130.937055	131.461176	A#4	64	66	0	1
1010	130.937055	131.740780	A#3	64	72	1	-3
1011	131.200212	132.009420	D#4	64	70	0	4
1012	131.463369	131.770385	F4	64	56	0	1
1013	131.463369	131.850429	F4	64	76	0	1
1014	131.463369	131.971043	A#4	64	79	0	1
1015	131.726526	131.987490	A#4	64	79	0	1
1016	131.989683	132.776961	G4	64	79	0	3
1017	131.989683	132.393190	G4	64	84	0	3
1018	132.252840	132.381129	A#3	64	79	1	-3
1019	132.779154	133.171696	F4	64	85	0	1
1020	132.779154	133.091653	D#4	64	78	0	4
1021	132.779154	133.337266	G#4	64	84	0	4
1022	132.779154	134.434850	F3	64	82	1	-3
1023	133.042311	134.455683	C4	64	63	0	1
1024	133.173889	133.303275	D#4	64	53	0	4
1025	133.305468	133.566432	F4	64	66	0	1
1026	133.305468	134.262701	F4	64	71	0	1
1027	133.568625	133.862483	D#4	64	55	0	4
1028	133.568625	133.942527	G#4	64	72	0	4
1029	133.831782	134.091649	F4	64	63	0	1
1030	134.094939	134.619060	F4	64	64	0	1
1031	134.094939	134.325201	C5	64	76	0	3
1032	134.358096	134.569718	D#5	64	79	0	1
1033	134.621253	134.882217	G4	64	79	0	3
1034	134.621253	134.829585	G5	64	71	0	5
1035	134.884410	135.145374	C5	64	68	0	3
1036	134.884410	135.109190	G2	64	84	1	-3
1037	134.884410	135.376733	D4	64	84	0	3
1038	134.884410	135.657433	G4	64	84	0	3
1039	134.884410	135.757214	A#4	64	82	0	1
1040	135.147567	135.671688	A#4	64	65	0	1
1041	135.147567	135.464452	G3	64	60	1	-1
1042	135.410724	136.483089	A#3	64	69	1	-3
1043	135.673881	135.934845	G4	64	63	0	3
1044	135.673881	136.397563	D4	64	80	0	3
1045	135.937038	136.198002	C5	64	65	0	3
1046	136.200195	136.987473	A#4	64	77	0	1
1047	136.200195	136.511597	G4	64	82	0	3
1048	136.463352	136.578483	A#4	64	86	0	1
1049	136.989666	137.249533	D#5	64	87	0	1
1050	136.989666	137.304358	D#4	64	82	0	4
1051	136.989666	137.321902	C5	64	80	0	3
1052	136.989666	137.325191	G#4	64	79	0	4
1053	136.989666	137.608085	G#2	64	82	1	-2
1054	137.252823	137.512690	D#5	64	77	0	1
1055	137.252823	137.568611	G#3	64	62	1	-5
1056	137.515980	137.776944	D#5	64	79	0	1
1057	137.515980	137.723216	D#4	64	71	0	4
1058	137.779137	138.044487	C5	64	64	0	3
1059	137.779137	137.950189	C5	64	73	0	3
1060	138.042294	138.302161	F5	64	91	0	3
1061	138.042294	138.388784	G#4	64	80	0	4
1062	138.042294	138.395363	F4	64	78	0	1
1063	138.042294	138.395363	C5	64	80	0	3
1064	138.042294	138.590538	F2	64	83	1	-5
1065	138.305451	139.092729	F5	64	93	0	3
1066	138.305451	138.728695	F3	64	69	1	-3
1067	138.568608	138.795581	F4	64	73	0	1
1068	138.831765	138.998431	G#4	64	75	0	4
1069	139.094922	139.487464	A#4	64	90	0	1
1070	139.094922	139.428254	D5	64	86	0	5
1071	139.094922	139.446894	F4	64	80	0	1
1072	139.094922	139.458956	A#4	64	76	0	1
1073	139.094922	139.841630	A#2	64	84	1	-5
1074	139.358079	140.049962	A#3	64	62	1	-3
1075	139.489657	139.882200	G4	64	84	0	3
1076	139.621236	139.796674	F4	64	69	0	1
1077	139.884393	140.145357	D#5	64	90	0	1
1078	139.884393	140.079568	C5	64	76	0	3
1079	140.147550	143.303241	C5	64	98	0	3
1080	140.147550	140.553250	C3	64	79	1	-3
1081	140.147550	141.047766	G4	64	78	0	3
1082	140.147550	141.259388	D#5	64	86	0	1
1083	140.410707	140.667285	G3	64	76	1	-1
1084	140.673864	140.985266	C4	64	57	0	1
1085	140.937021	141.233072	D4	64	62	0	3
1086	141.200178	141.708948	A#3	64	83	1	-3
1087	141.200178	141.753904	D5	64	91	0	5
1088	141.200178	141.778027	A#2	64	84	1	-5
1089	141.200178	141.791185	F4	64	84	0	1
1090	141.200178	141.791185	A#4	64	84	0	1
1091	141.989649	142.356972	F4	64	86	0	1
1092	141.989649	142.362455	A#4	64	86	0	1
1093	141.989649	142.363551	G2	64	91	1	-3
1094	141.989649	142.364648	D5	64	86	0	5
1095	141.989649	142.378902	G3	64	95	1	-1
1096	142.515963	142.591620	F4	64	94	0	1
1097	142.515963	142.597103	A#4	64	91	0	1
1098	142.515963	142.601489	G3	64	101	1	-1
1099	142.515963	142.604778	G2	64	95	1	-3
1100	142.515963	142.621226	D5	64	93	0	5
1101	142.779120	143.010479	G4	64	93	0	3
1102	142.779120	143.019251	C5	64	93	0	3
1103	142.779120	143.025829	C3	64	101	1	-3
1104	142.779120	143.031312	D#5	64	98	0	1
1105	143.305434	143.829555	D#5	64	85	0	1
1106	143.305434	143.613547	G4	64	81	0	3
1107	143.305434	143.613547	D#5	64	86	0	1
1108	143.305434	143.658503	C5	64	82	0	3
1109	143.305434	145.162884	C3	64	84	1	-3
1110	143.568591	144.230869	C4	64	44	0	1
1111	143.831748	144.092712	C5	64	64	0	3
1112	143.831748	144.054335	G4	64	72	0	3
1113	144.094905	144.355869	D#5	64	57	0	1
1114	144.094905	144.590517	D#5	64	90	0	1
1115	144.094905	144.610254	G4	64	80	0	3
1116	144.094905	144.620122	C5	64	80	0	3
1117	144.358062	144.882183	C5	64	62	0	3
1118	144.621219	145.197971	C4	64	63	0	1
1119	144.884376	145.407400	D#5	64	87	0	1
1120	144.884376	144.917270	D#5	64	47	0	1
1121	144.884376	145.100384	G4	64	81	0	3
1122	145.147533	145.509374	C5	64	75	0	3
1123	145.410690	145.671654	D#5	64	79	0	1
1124	145.410690	145.757180	D#5	64	91	0	1
1125	145.410690	145.786785	G4	64	82	0	3
1126	145.410690	147.230859	C3	64	79	1	-3
1127	145.673847	146.200161	G4	64	71	0	3
1128	145.673847	146.281301	C4	64	71	0	1
1129	145.937004	146.101477	G4	64	69	0	3
1130	146.200161	146.461125	D#5	64	90	0	1
1131	146.200161	146.569677	G4	64	86	0	3
1132	146.200161	146.620116	D#5	64	90	0	1
1133	146.463318	147.513753	C5	64	93	0	3
1134	146.463318	146.776913	C4	64	71	0	1
1135	146.726475	146.759369	D#5	64	56	0	1
1136	146.726475	147.085026	F4	64	84	0	1
1137	146.726475	147.099281	D5	64	84	0	5
1138	146.989632	147.335025	C4	64	63	0	1
1139	147.252789	147.444674	A#4	64	81	0	1
1140	147.515946	148.038970	D#5	64	90	0	1
1141	147.515946	147.998400	D#5	64	84	0	1
1142	147.515946	148.033488	C5	64	82	0	3
1143	147.515946	148.064190	G4	64	83	0	3
1144	147.515946	149.374492	C3	64	82	1	-3
1145	147.779103	149.355852	G3	64	76	1	-1
1146	148.042260	148.565284	D#5	64	79	0	1
1147	148.042260	148.859143	C4	64	70	0	1
1148	148.305417	148.677126	G4	64	72	0	3
1149	148.568574	149.092695	D#5	64	71	0	1
1150	148.831731	149.190282	D#5	64	86	0	1
1151	148.831731	149.201247	C5	64	80	0	3
1152	148.831731	149.203440	G4	64	82	0	3
1153	149.094888	149.355852	C5	64	65	0	3
1154	149.094888	149.430413	C4	64	76	0	1
1155	149.358045	149.619009	A#4	64	66	0	1
1156	149.358045	149.429316	D#5	64	53	0	1
1157	149.358045	149.502781	G4	64	75	0	3
1158	149.621202	149.882166	C5	64	61	0	3
1159	149.621202	150.006069	A#4	64	83	0	1
1160	149.621202	150.018130	D#5	64	86	0	1
1161	149.621202	151.339398	D#3	64	90	1	-5
1162	149.884359	150.408480	A#4	64	64	0	1
1163	149.884359	150.465497	D#4	64	62	0	4
1164	150.015937	150.046639	G4	64	43	0	3
1165	150.410673	150.671637	F4	64	66	0	1
1166	150.410673	150.992908	D#5	64	90	0	1
1167	150.410673	151.010451	G4	64	82	0	3
1168	150.410673	151.032381	A#4	64	83	0	1
1169	150.673830	151.724265	G4	64	66	0	3
1170	150.936987	151.570757	D#4	64	76	0	4
1171	151.200144	151.485231	D#5	64	86	0	1
1172	151.200144	151.514836	G4	64	84	0	3
1173	151.463301	151.768124	A#4	64	79	0	1
1174	151.726458	152.249482	F5	64	87	0	3
1175	151.726458	152.201237	C5	64	83	0	3
1176	151.726458	152.244000	F5	64	90	0	3
1177	151.726458	152.248386	G#4	64	83	0	4
1178	151.726458	153.428206	F3	64	86	1	-3
1179	151.989615	153.704521	C4	64	76	0	1
1180	152.252772	152.776893	F5	64	86	0	3
1181	152.252772	153.035664	F4	64	80	0	1
1182	152.515929	152.876673	G#4	64	75	0	4
1183	152.779086	153.303207	C5	64	87	0	3
1184	152.779086	153.386540	C5	64	80	0	3
1185	153.042243	153.140927	G#4	64	57	0	4
1186	153.042243	153.378864	F5	64	91	0	3
1187	153.305400	153.828424	F5	64	84	0	3
1188	153.305400	153.531276	F4	64	76	0	1
1189	153.568557	153.773600	G#4	64	68	0	4
1190	153.831714	154.091581	F5	64	90	0	3
1191	153.831714	154.416142	G#4	64	53	0	4
1192	153.831714	154.422721	F5	64	90	0	3
1193	153.831714	155.566357	F3	64	83	1	-3
1194	154.094871	154.355835	F5	64	87	0	3
1195	154.094871	155.561971	C4	64	75	0	1
1196	154.358028	154.618992	C5	64	66	0	3
1197	154.358028	155.405173	F4	64	80	0	1
1198	154.621185	154.886535	G5	64	77	0	5
1199	154.621185	154.809781	G#4	64	78	0	4
1200	154.884342	155.934777	F5	64	90	0	3
1201	154.884342	154.954517	G#4	64	17	0	4
1202	154.884342	155.072938	C5	64	76	0	3
1203	155.147499	155.469866	D#5	64	84	0	1
1204	155.410656	155.526883	F5	64	84	0	3
1205	155.673813	155.785655	G5	64	84	0	5
1206	155.936970	156.196837	A#4	64	87	0	1
1207	155.936970	156.149688	A#2	64	83	1	-5
1208	155.936970	156.705608	A#4	64	81	0	1
1209	155.936970	156.739599	F5	64	84	0	3
1210	155.936970	156.775783	F4	64	76	0	1
1211	156.200127	156.459994	A#4	64	81	0	1
1212	156.200127	156.491792	A#3	64	62	1	-3
1213	156.463284	156.724248	A#4	64	87	0	1
1214	156.463284	157.644201	C4	64	69	0	1
1215	156.726441	156.987405	C5	64	90	0	3
1216	156.726441	157.655166	D4	64	83	0	3
1217	156.989598	158.040033	D5	64	90	0	5
1218	156.989598	157.336088	F4	64	80	0	1
1219	157.252755	157.450123	A#4	64	80	0	1
1220	157.515912	157.595955	A#4	64	48	0	1
1221	157.515912	157.738499	C5	64	77	0	3
1222	157.779069	158.409549	F5	64	83	0	3
1223	158.042226	158.303190	A#4	64	103	0	1
1224	158.042226	158.387619	F4	64	83	0	1
1225	158.042226	158.424900	A#4	64	83	0	1
1226	158.042226	158.643101	G3	64	84	1	-1
1227	158.305383	158.566347	G4	64	84	0	3
1228	158.305383	158.620075	D4	64	69	0	3
1229	158.568540	158.833890	A#4	64	91	0	1
1230	158.568540	158.797706	F4	64	83	0	1
1231	158.831697	159.091564	C5	64	90	0	3
1232	158.831697	159.030161	A#4	64	83	0	1
1233	159.094854	160.145289	C5	64	97	0	3
1234	159.094854	159.592659	C3	64	82	1	-3
1235	159.094854	160.093754	C5	64	82	0	3
1236	159.094854	160.100333	G4	64	82	0	3
1237	159.358011	159.662834	G3	64	78	1	-1
1238	159.621168	159.959982	C4	64	76	0	1
1239	159.884325	160.168315	D4	64	75	0	3
1240	160.147482	160.671603	D#5	64	93	0	1
1241	160.147482	160.228622	D#4	64	83	0	4
1242	160.147482	160.648577	C3	64	84	1	-3
1243	160.147482	160.967654	G4	64	78	0	3
1244	160.147482	161.249452	C5	64	81	0	3
1245	160.410639	160.678182	G3	64	81	1	-1
1246	160.673796	160.934760	C5	64	87	0	3
1247	160.673796	161.084979	C4	64	75	0	1
1248	160.936953	161.203399	D#5	64	90	0	1
1249	160.936953	161.438048	D4	64	63	0	3
1250	161.200110	161.724231	C5	64	63	0	3
1251	161.200110	161.407346	D#4	64	83	0	4
1252	161.463267	161.809757	G4	64	82	0	3
1253	161.726424	162.249448	D#5	64	95	0	1
1254	161.726424	162.243966	A#4	64	82	0	1
1255	161.989581	162.043309	C5	64	46	0	3
1256	162.252738	162.513702	D#5	64	90	0	1
1257	162.252738	162.592649	D#4	64	76	0	4
1258	162.252738	162.633219	G4	64	76	0	3
1259	162.252738	162.663921	C5	64	79	0	3
1260	162.252738	163.678172	C3	64	79	1	-3
1261	162.515895	162.775762	G4	64	69	0	3
1262	162.515895	163.678172	G3	64	80	1	-1
1263	162.779052	163.040016	G4	64	79	0	3
1264	162.779052	162.909534	D#4	64	63	0	4
1265	162.779052	163.036726	A#4	64	76	0	1
1266	163.042209	163.303173	D#5	64	91	0	1
1267	163.042209	163.566330	D#4	64	81	0	4
1268	163.042209	163.610189	C5	64	75	0	3
1269	163.042209	163.662821	G4	64	79	0	3
1270	163.305366	164.355801	C5	64	93	0	3
1271	163.568523	164.074004	C4	64	79	0	1
1272	163.831680	164.160626	G4	64	79	0	3
1273	163.831680	164.200100	D#4	64	83	0	4
1274	163.831680	164.297687	C5	64	80	0	3
1275	164.094837	164.290012	G3	64	57	1	-1
1276	164.226415	164.402950	D#3	64	76	1	-5
1277	164.357994	164.617861	D#5	64	84	0	1
1278	164.357994	164.736282	D#4	64	82	0	4
1279	164.357994	164.761501	G4	64	83	0	3
1280	164.357994	164.896369	C5	64	80	0	3
1281	164.357994	166.175970	C3	64	84	1	-3
1282	164.621151	164.882115	D#5	64	77	0	1
1283	164.621151	165.781235	G3	64	78	1	-1
1284	164.884308	165.276850	D#5	64	87	0	1
1285	164.884308	165.226412	C4	64	68	0	1
1286	165.147465	165.408429	C5	64	60	0	3
1287	165.147465	165.509306	D#4	64	83	0	4
1288	165.147465	165.605797	C5	64	82	0	3
1289	165.410622	165.670489	D#5	64	66	0	1
1290	165.673779	166.461057	D#5	64	66	0	1
1291	165.673779	166.065225	C4	64	73	0	1
1292	165.936936	166.099216	D4	64	79	0	3
1293	165.936936	166.394171	A#4	64	80	0	1
1294	166.200093	166.272461	G3	64	73	1	-1
1295	166.463250	166.724214	C5	64	91	0	3
1296	166.463250	166.950090	G4	64	83	0	3
1297	166.463250	166.972020	C5	64	84	0	3
1298	166.463250	168.125525	D#3	64	93	1	-5
1299	166.726407	166.987371	A#4	64	54	0	1
1300	166.726407	167.347019	A#3	64	75	1	-3
1301	166.989564	167.250528	F4	64	63	0	1
1302	166.989564	167.588246	D#4	64	79	0	4
1303	167.252721	167.513685	A#4	64	64	0	1
1304	167.252721	167.594825	F4	64	83	0	1
1305	167.252721	167.738465	A#4	64	84	0	1
1306	167.515878	168.566313	G4	64	66	0	3
1307	167.779035	168.125525	A#3	64	80	1	-3
1308	168.042192	168.539997	G4	64	77	0	3
1309	168.305349	168.405129	A#4	64	77	0	1
1310	168.568506	169.091530	F5	64	97	0	3
1311	168.568506	168.828373	F2	64	84	1	-5
1312	168.568506	169.099206	D#4	64	82	0	4
1313	168.568506	169.109074	C4	64	78	0	1
1314	168.568506	169.367845	G#4	64	82	0	4
1315	168.831663	169.132100	F3	64	67	1	-3
1316	169.094820	169.618941	F5	64	93	0	3
1317	169.094820	170.147448	G#3	64	69	1	-5
1318	169.357977	170.071790	C4	64	62	0	1
1319	169.621134	170.145255	C5	64	91	0	3
1320	169.621134	169.930343	D#4	64	78	0	4
1321	169.884291	170.173764	G#4	64	84	0	4
1322	170.147448	170.670472	F5	64	98	0	3
1323	170.147448	170.390868	C5	64	78	0	3
1324	170.410605	170.518061	F4	64	48	0	1
1325	170.673762	170.933629	F5	64	96	0	3
1326	170.673762	170.920471	F2	64	84	1	-5
1327	170.673762	171.515864	C5	64	78	0	3
1328	170.673762	171.543276	F4	64	81	0	1
1329	170.673762	171.560820	G#4	64	83	0	4
1330	170.936919	171.197883	F5	64	95	0	3
1331	170.936919	171.259286	F3	64	78	1	-3
1332	171.200076	171.461040	C5	64	76	0	3
1333	171.200076	172.395247	G#3	64	72	1	-5
1334	171.463233	171.724197	G5	64	98	0	5
1335	171.463233	172.382089	C4	64	73	0	1
1336	171.726390	172.776825	F5	64	105	0	3
1337	171.726390	171.950073	F4	64	81	0	1
1338	171.989547	172.086038	F4	64	56	0	1
1339	171.989547	172.141959	D#5	64	84	0	1
1340	171.989547	172.156213	G#4	64	84	0	4
1341	172.252704	172.424852	F4	64	75	0	1
1342	172.252704	172.434721	G#4	64	79	0	4
1343	172.252704	172.530115	D#5	64	86	0	1
1344	172.515861	172.709939	A#4	64	80	0	1
1345	172.779018	173.038885	A#4	64	103	0	1
1346	172.779018	173.025727	A#2	64	83	1	-5
1347	172.779018	173.636471	A#4	64	84	0	1
1348	172.779018	173.643050	F4	64	83	0	1
1349	172.779018	173.654015	D5	64	90	0	5
1350	173.042175	173.566296	A#4	64	90	0	1
1351	173.042175	173.366735	A#3	64	73	1	-3
1352	173.305332	174.350284	C4	64	72	0	1
1353	173.568489	173.829453	C5	64	98	0	3
1354	173.568489	174.354670	D4	64	86	0	3
1355	173.831646	174.354670	D5	64	96	0	5
1356	173.831646	174.045461	F4	64	84	0	1
1357	174.094803	174.197873	F4	64	41	0	1
1358	174.094803	174.315197	C5	64	86	0	3
1359	174.357960	174.882081	D5	64	100	0	5
1360	174.357960	174.454451	C5	64	57	0	3
1361	174.357960	174.600284	D5	64	90	0	5
1362	174.621117	175.241729	F5	64	95	0	3
1363	174.884274	175.408395	A#4	64	86	0	1
1364	174.884274	175.274623	F4	64	95	0	1
1365	174.884274	175.297650	A#4	64	90	0	1
1366	174.884274	175.443482	G3	64	90	1	-1
1367	175.147431	175.380983	D4	64	84	0	3
1368	175.410588	175.934709	G4	64	86	0	3
1369	175.410588	175.641947	C5	64	91	0	3
1370	175.673745	175.877691	D#5	64	95	0	1
1371	175.936902	176.328348	C4	64	84	0	1
1372	175.936902	176.580540	D#5	64	83	0	1
1373	175.936902	176.648522	G4	64	94	0	3
1374	175.936902	176.686899	C5	64	90	0	3
1375	175.936902	176.690189	C3	64	82	1	-3
1376	176.463216	176.692382	C4	64	84	0	1
1377	176.989530	177.513651	D#5	64	93	0	1
1378	176.989530	177.240625	D#5	64	86	0	1
1379	176.989530	177.251590	G4	64	84	0	3
1380	176.989530	177.269134	C5	64	86	0	3
1381	176.989530	177.351371	C4	64	90	0	1
1382	176.989530	178.755971	C3	64	90	1	-3
1383	177.384265	177.486239	G4	64	76	0	3
1384	177.384265	177.498300	C5	64	78	0	3
1385	177.384265	177.514747	D#5	64	83	0	1
1386	177.515844	177.776808	C5	64	87	0	3
1387	177.515844	177.863430	C4	64	57	0	1
1388	177.779001	178.045447	D#5	64	90	0	1
1389	177.779001	178.139745	F4	64	84	0	1
1390	177.779001	178.326148	A#4	64	83	0	1
1391	177.779001	178.389744	D5	64	93	0	5
1392	178.042158	178.566279	C5	64	63	0	3
1393	178.305315	178.740620	C4	64	80	0	1
1394	178.568472	179.091496	D#5	64	95	0	1
1395	178.568472	178.766936	G4	64	90	0	3
1396	178.568472	178.807506	C5	64	84	0	3
1397	178.831629	179.057505	A#4	64	84	0	1
1398	178.831629	179.060795	G3	64	83	1	-1
1399	179.094786	179.355750	D#5	64	90	0	1
1400	179.094786	179.377680	G4	64	84	0	3
1401	179.094786	179.499390	C5	64	86	0	3
1402	179.094786	180.918245	C3	64	86	1	-3
1403	179.357943	179.617810	G4	64	69	0	3
1404	179.357943	180.727456	G3	64	80	1	-1
1405	179.489521	179.615617	G4	64	84	0	3
1406	179.489521	179.723073	D#5	64	94	0	1
1407	179.621100	179.882064	G4	64	79	0	3
1408	179.621100	179.905090	C4	64	62	0	1
1409	179.884257	180.145221	D#5	64	91	0	1
1410	179.884257	180.237326	C5	64	95	0	3
1411	179.884257	180.458816	G4	64	91	0	3
1412	180.147414	181.197849	C5	64	93	0	3
1413	180.410571	180.912762	C4	64	81	0	1
1414	180.673728	180.863420	A#4	64	86	0	1
1415	180.673728	180.977455	F4	64	90	0	1
1416	180.936885	181.151796	G4	64	86	0	3
1417	180.936885	181.198945	G3	64	84	1	-1
1418	181.200042	181.724163	D#5	64	84	0	1
1419	181.200042	181.430304	F4	64	86	0	1
1420	181.200042	181.500479	C5	64	83	0	3
1421	181.200042	182.806396	C3	64	84	1	-3
1422	181.463199	182.890826	G3	64	83	1	-1
1423	181.594777	181.732935	D#4	64	90	0	4
1424	181.594777	181.758154	A#4	64	75	0	1
1425	181.726356	182.118898	D#5	64	87	0	1
1426	181.726356	182.082714	C4	64	63	0	1
1427	181.989513	182.580520	G4	64	76	0	3
1428	181.989513	182.602449	C5	64	90	0	3
1429	182.252670	182.512537	D#5	64	66	0	1
1430	182.515827	182.776791	D#5	64	66	0	1
1431	182.515827	182.947843	C4	64	81	0	1
1432	182.778984	183.039948	C5	64	66	0	3
1433	182.778984	182.964290	A#4	64	84	0	1
1434	182.778984	183.094772	F4	64	91	0	1
1435	183.042141	183.303105	A#4	64	66	0	1
1436	183.042141	183.255956	C5	64	86	0	3
1437	183.305298	183.566262	C5	64	91	0	3
1438	183.305298	183.357929	D#5	64	67	0	1
1439	183.305298	183.580516	G4	64	83	0	3
1440	183.305298	183.649595	A#4	64	86	0	1
1441	183.305298	184.834898	D#3	64	90	1	-5
1442	183.568455	183.960997	A#4	64	54	0	1
1443	183.568455	184.537750	A#3	64	78	1	-3
1444	183.700033	183.820647	G4	64	83	0	3
1445	183.700033	184.020208	D#5	64	90	0	1
1446	183.831612	184.150690	D#4	64	53	0	4
1447	184.094769	184.355733	F4	64	63	0	1
1448	184.094769	184.386434	C5	64	84	0	3
1449	184.094769	184.453320	G4	64	82	0	3
1450	184.357926	185.408361	G4	64	66	0	3
1451	184.357926	184.476346	D#4	64	72	0	4
1452	184.621083	184.698933	D#4	64	61	0	4
1453	184.621083	184.896301	A#3	64	90	1	-3
1454	184.884240	185.126564	A#4	64	84	0	1
1455	184.884240	185.156169	F4	64	84	0	1
1456	185.147397	185.317352	G4	64	84	0	3
1457	185.410554	185.933578	F5	64	97	0	3
1458	185.410554	185.966473	C5	64	82	0	3
1459	185.410554	185.980727	G#4	64	81	0	4
1460	185.410554	186.010332	F5	64	90	0	3
1461	185.410554	187.220855	F3	64	90	1	-3
1462	185.673711	186.705506	C4	64	75	0	1
1463	185.936868	186.460989	F5	64	93	0	3
1464	185.936868	186.770198	F4	64	82	0	1
1465	186.200025	186.566252	G#4	64	80	0	4
1466	186.463182	186.987303	C5	64	91	0	3
1467	186.463182	186.643006	F5	64	86	0	3
1468	186.726339	186.781163	G#4	64	62	0	4
1469	186.726339	186.894101	F5	64	73	0	3
1470	186.726339	186.979627	D#5	64	94	0	1
1471	186.989496	187.512520	F5	64	98	0	3
1472	186.989496	187.204407	C4	64	78	0	1
1473	186.989496	187.224144	C5	64	86	0	3
1474	187.252653	187.423705	G#4	64	84	0	4
1475	187.515810	187.775677	F5	64	96	0	3
1476	187.515810	187.757037	F5	64	86	0	3
1477	187.515810	187.795414	C5	64	82	0	3
1478	187.515810	187.814054	G#4	64	82	0	4
1479	187.515810	189.159445	F3	64	84	1	-3
1480	187.778967	188.039931	F5	64	95	0	3
1481	187.778967	188.410544	C4	64	68	0	1
1482	188.042124	188.303088	C5	64	76	0	3
1483	188.042124	188.402868	F4	64	82	0	1
1484	188.305281	188.566245	G5	64	98	0	5
1485	188.305281	188.670411	G#4	64	84	0	4
1486	188.568438	189.618873	F5	64	105	0	3
1487	188.568438	189.085980	C4	64	68	0	1
1488	188.831595	189.181374	D#4	64	94	0	4
1489	189.094752	189.317339	G#4	64	86	0	4
1490	189.357909	189.672601	D#5	64	90	0	1
1491	189.621066	189.880933	A#4	64	103	0	1
1492	189.621066	190.007029	D5	64	86	0	5
1493	189.621066	190.027863	A#4	64	86	0	1
1494	189.621066	190.036635	F4	64	82	0	1
1495	189.621066	191.572814	A#2	64	80	1	-5
1496	189.884223	190.145187	A#4	64	90	0	1
1497	189.884223	191.578296	F3	64	76	1	-3
1498	190.147380	190.408344	A#4	64	90	0	1
1499	190.147380	190.485098	A#3	64	76	1	-3
1500	190.410537	190.671501	C5	64	98	0	3
1501	190.410537	190.444528	C5	64	75	0	3
1502	190.410537	190.507028	D4	64	80	0	3
1503	190.410537	190.533343	D5	64	93	0	5
1504	190.673694	191.724129	D5	64	96	0	5
1505	190.673694	190.707685	D5	64	71	0	5
1506	190.673694	190.772378	D#4	64	82	0	4
1507	190.673694	190.801983	D#5	64	98	0	1
1508	190.805272	190.960974	A#3	64	44	1	-3
1509	190.936851	191.041017	F4	64	79	0	1
1510	190.936851	191.069526	F5	64	90	0	3
1511	191.200008	191.270183	F5	64	69	0	3
1512	191.200008	191.288823	A#3	64	57	1	-3
1513	191.200008	191.303078	G5	64	60	0	5
1514	191.200008	191.364481	G4	64	73	0	3
1515	191.463165	191.527858	A#3	64	75	1	-3
1516	191.726322	191.987286	A#4	64	86	0	1
1517	191.726322	192.065136	F4	64	84	0	1
1518	191.726322	192.101321	C5	64	79	0	3
1519	191.726322	192.367767	G2	64	98	1	-3
1520	191.989479	192.250443	G4	64	86	0	3
1521	191.989479	192.499345	G3	64	83	1	-1
1522	192.252636	192.513600	A#4	64	86	0	1
1523	192.252636	192.448907	A#4	64	90	0	1
1524	192.515793	192.776757	C5	64	86	0	3
1525	192.515793	192.728511	D5	64	86	0	5
1526	192.778950	193.829385	C5	64	103	0	3
1527	192.778950	193.376535	D#5	64	84	0	1
1528	192.778950	193.382018	G4	64	82	0	3
1529	192.778950	193.406141	C5	64	80	0	3
1530	192.778950	193.595833	C3	64	86	1	-3
1531	193.042107	193.655043	G3	64	82	1	-1
1532	193.305264	193.595833	C4	64	86	0	1
1533	193.568421	193.696710	G4	64	80	0	3
1534	193.831578	194.355699	D#5	64	93	0	1
1535	193.831578	194.106796	D#5	64	84	0	1
1536	193.831578	194.136401	G4	64	82	0	3
1537	193.831578	194.142980	C5	64	80	0	3
1538	193.831578	194.199998	C4	64	84	0	1
1539	193.831578	194.207673	C3	64	83	1	-3
1540	194.226313	194.321708	C5	64	78	0	3
1541	194.226313	194.330480	D#5	64	82	0	1
1542	194.226313	194.338155	G4	64	79	0	3
1543	194.357892	194.618856	C5	64	87	0	3
1544	194.357892	194.714250	C4	64	71	0	1
1545	194.357892	195.521265	C3	64	80	1	-3
1546	194.621049	194.887495	D#5	64	90	0	1
1547	194.621049	194.744952	F4	64	83	0	1
1548	194.621049	194.852408	A#4	64	83	0	1
1549	194.884206	195.408327	C5	64	63	0	3
1550	194.884206	195.142977	C5	64	90	0	3
1551	194.884206	195.151749	G4	64	93	0	3
1552	195.147363	195.375432	C4	64	73	0	1
1553	195.278941	195.443414	F4	64	80	0	1
1554	195.278941	195.516879	A#4	64	84	0	1
1555	195.410520	195.933544	D#5	64	95	0	1
1556	195.410520	195.735080	G3	64	83	1	-1
1557	195.673677	195.811834	D#4	64	90	0	4
1558	195.936834	196.197798	D#5	64	90	0	1
1559	195.936834	196.205473	D#4	64	84	0	4
1560	195.936834	196.248236	G4	64	76	0	3
1561	195.936834	196.264684	C5	64	84	0	3
1562	195.936834	197.642968	C3	64	84	1	-3
1563	196.199991	196.459858	G4	64	69	0	3
1564	196.199991	197.716433	G3	64	78	1	-1
1565	196.463148	196.724112	G4	64	79	0	3
1566	196.463148	196.606788	D#4	64	80	0	4
1567	196.463148	196.681349	A#4	64	84	0	1
1568	196.726305	196.987269	D#5	64	91	0	1
1569	196.726305	196.823892	D#4	64	76	0	4
1570	196.726305	197.108979	G4	64	90	0	3
1571	196.726305	197.115558	C5	64	80	0	3
1572	196.989462	198.039897	C5	64	93	0	3
1573	196.989462	197.292092	C4	64	79	0	1
1574	197.252619	197.410513	D#4	64	84	0	4
1575	197.252619	197.448890	A#4	64	84	0	1
1576	197.515776	197.601302	D#4	64	75	0	4
1577	197.515776	197.612267	C4	64	75	0	1
1578	197.515776	197.717530	C5	64	83	0	3
1579	197.778933	197.818406	C5	64	58	0	3
1580	197.778933	197.837047	G3	64	62	1	-1
1581	197.778933	197.993844	A#4	64	90	0	1
1582	198.042090	198.303054	D#5	64	84	0	1
1583	198.042090	198.583755	G4	64	82	0	3
1584	198.042090	198.632000	D#4	64	81	0	4
1585	198.042090	198.636386	C5	64	91	0	3
1586	198.042090	199.685725	C3	64	84	1	-3
1587	198.305247	198.566211	D#5	64	84	0	1
1588	198.305247	199.764672	G3	64	80	1	-1
1589	198.568404	198.829368	D#5	64	87	0	1
1590	198.568404	199.390769	C4	64	82	0	1
1591	198.831561	198.960946	C5	64	87	0	3
1592	198.831561	199.044279	D#4	64	94	0	4
1593	199.094718	199.354585	D#5	64	66	0	1
1594	199.094718	199.304147	G4	64	84	0	3
1595	199.357875	200.145153	D#5	64	66	0	1
1596	199.357875	199.615549	A#4	64	91	0	1
1597	199.621032	200.035504	C5	64	82	0	3
1598	199.621032	200.049758	C4	64	76	0	1
1599	199.884189	200.033311	D#4	64	78	0	4
1600	200.147346	200.408310	C5	64	66	0	3
1601	200.147346	200.726291	A#4	64	82	0	1
1602	200.147346	200.731774	G4	64	93	0	3
1603	200.147346	201.826068	D#3	64	91	1	-5
1604	200.410503	200.671467	A#4	64	66	0	1
1605	200.410503	201.638569	A#3	64	75	1	-3
1606	200.673660	200.934624	F4	64	91	0	1
1607	200.673660	201.329359	D#4	64	84	0	4
1608	200.936817	201.197781	A#4	64	54	0	1
1609	200.936817	201.123220	F4	64	91	0	1
1610	200.936817	201.130895	A#4	64	83	0	1
1611	201.199974	201.460938	A#4	64	63	0	1
1612	201.199974	201.228482	F4	64	45	0	1
1613	201.199974	201.391859	G4	64	90	0	3
1614	201.463131	202.250409	G4	64	63	0	3
1615	201.463131	201.556332	F4	64	61	0	1
1616	201.463131	201.659402	A#4	64	90	0	1
1617	201.726288	201.965322	C5	64	84	0	3
1618	201.989445	202.160497	D#5	64	95	0	1
1619	202.252602	202.775626	F5	64	97	0	3
1620	202.252602	202.326066	F4	64	78	0	1
1621	202.252602	202.770144	G#4	64	83	0	4
1622	202.252602	202.786591	C5	64	86	0	3
1623	202.252602	204.168165	F3	64	90	1	-3
1624	202.515759	203.215318	C4	64	71	0	1
1625	202.778916	203.303037	F5	64	93	0	3
1626	202.778916	203.549747	F4	64	84	0	1
1627	203.042073	203.579352	G#4	64	73	0	4
1628	203.305230	203.829351	C5	64	91	0	3
1629	203.305230	203.697772	F5	64	91	0	3
1630	203.568387	203.846895	C4	64	75	0	1
1631	203.831544	204.354568	F5	64	98	0	3
1632	203.831544	203.887465	F5	64	81	0	3
1633	203.831544	203.953254	G#4	64	80	0	4
1634	203.831544	204.005885	D#5	64	91	0	1
1635	204.094701	204.292069	C4	64	76	0	1
1636	204.094701	204.981759	C5	64	81	0	3
1637	204.357858	204.617725	F5	64	96	0	3
1638	204.357858	204.877593	F5	64	94	0	3
1639	204.357858	204.958733	G#4	64	54	0	4
1640	204.357858	206.023422	F3	64	83	1	-3
1641	204.621015	204.881979	F5	64	95	0	3
1642	204.621015	205.656099	C4	64	76	0	1
1643	204.884172	205.145136	C5	64	76	0	3
1644	204.884172	205.221890	F4	64	86	0	1
1645	205.147329	205.408293	G5	64	98	0	5
1646	205.147329	205.498205	G4	64	84	0	3
1647	205.147329	205.542064	C5	64	82	0	3
1648	205.410486	206.460921	F5	64	105	0	3
1649	205.410486	205.726274	F4	64	63	0	1
1650	205.673643	205.722985	G4	64	68	0	3
1651	205.673643	205.879782	G#4	64	96	0	4
1652	205.936800	206.021229	C4	64	77	0	1
1653	205.936800	206.195571	C5	64	83	0	3
1654	206.199957	206.514649	D#5	64	91	0	1
1655	206.463114	206.855656	A#4	64	90	0	1
1656	206.463114	206.840306	D5	64	86	0	5
1657	206.463114	206.855656	A#4	64	82	0	1
1658	206.463114	206.885261	F4	64	78	0	1
1659	206.463114	208.176924	A#2	64	90	1	-5
1660	206.726271	207.854556	F3	64	80	1	-3
1661	206.857849	207.250392	A#4	64	90	0	1
1662	206.989428	207.298637	A#3	64	79	1	-3
1663	207.252585	207.513549	C5	64	98	0	3
1664	207.252585	207.296444	A#4	64	50	0	1
1665	207.252585	207.584821	D4	64	84	0	3
1666	207.252585	207.608943	F4	64	99	0	1
1667	207.515742	208.039863	D5	64	96	0	5
1668	207.515742	207.774513	A#3	64	61	1	-3
1669	207.778899	207.933504	F4	64	83	0	1
1670	207.778899	208.137450	A#4	64	84	0	1
1671	207.778899	208.144029	D4	64	86	0	3
1672	208.042056	208.566177	D5	64	96	0	5
1673	208.042056	208.087012	A#3	64	70	1	-3
1674	208.042056	208.133064	F3	64	82	1	-3
1675	208.305213	208.478458	F4	64	81	0	1
1676	208.568370	209.092491	A#4	64	86	0	1
1677	208.568370	208.651703	G3	64	72	1	-1
1678	208.568370	208.862228	D4	64	84	0	3
1679	208.568370	208.869904	A#4	64	81	0	1
1680	208.568370	208.881965	F4	64	90	0	1
1681	208.568370	209.480647	G2	64	99	1	-3
1682	208.831527	209.105649	G3	64	86	1	-1
1683	209.094684	209.618805	G4	64	86	0	3
1684	209.094684	209.295341	F4	64	90	0	1
1685	209.094684	209.299727	D4	64	91	0	3
1686	209.094684	209.422534	A#4	64	84	0	1
1687	209.357841	209.477358	G3	64	93	1	-1
1688	209.620998	210.671433	C5	64	103	0	3
1689	209.620998	209.944462	G4	64	90	0	3
1690	209.620998	209.964198	C4	64	84	0	1
1691	209.620998	209.968584	D#4	64	94	0	4
1692	209.620998	210.289855	C3	64	86	1	-3
1693	210.147312	210.356741	D#4	64	94	0	4
1694	210.147312	210.378671	C4	64	84	0	1
1695	210.147312	210.499284	G4	64	84	0	3
1696	210.410469	210.499284	D#4	64	14	0	4
1697	210.410469	210.536565	C3	64	83	1	-3
1698	210.673626	211.066168	A#4	64	90	0	1
1699	210.673626	211.093581	D4	64	91	0	3
1700	210.673626	211.097966	A#4	64	90	0	1
1701	210.673626	211.190071	F4	64	86	0	1
1702	210.673626	212.434585	A#2	64	93	1	-5
1703	210.936783	212.079323	F3	64	84	1	-3
1704	211.068361	211.453228	A#4	64	90	0	1
1705	211.199940	211.624280	A#3	64	86	1	-3
1706	211.463097	211.724061	C5	64	98	0	3
1707	211.463097	211.978446	D4	64	84	0	3
1708	211.463097	212.019016	A#4	64	86	0	1
1709	211.463097	212.043139	F4	64	93	0	1
1710	211.726254	212.250375	D5	64	96	0	5
1711	211.989411	212.358927	A#3	64	75	1	-3
1712	212.252568	212.776689	D5	64	96	0	5
1713	212.252568	212.400594	F4	64	90	0	1
1714	212.252568	212.402787	D4	64	91	0	3
1715	212.252568	212.426909	A#4	64	86	0	1
1716	212.384146	212.472962	F3	64	84	1	-3
1717	212.778882	213.303003	A#4	64	86	0	1
1718	212.778882	212.987214	G3	64	94	1	-1
1719	212.778882	213.059583	A#4	64	78	0	1
1720	212.778882	213.091381	D4	64	82	0	3
1721	212.778882	213.099056	F4	64	84	0	1
1722	212.778882	213.112214	A#3	64	80	1	-3
1723	212.778882	213.140723	G2	64	95	1	-3
1724	213.305196	213.829317	G4	64	86	0	3
1725	213.305196	213.461994	A#4	64	69	0	1
1726	213.305196	213.486116	G2	64	93	1	-3
1727	213.305196	213.511335	D4	64	84	0	3
1728	213.305196	213.538748	G3	64	90	1	-1
1729	213.305196	213.540941	F4	64	90	0	1
1730	213.305196	213.546423	A#3	64	86	1	-3
1731	213.831510	215.863301	C5	64	103	0	3
1732	213.831510	214.813963	D#4	64	100	0	4
1733	213.831510	214.821638	G4	64	90	0	3
1734	213.831510	214.822735	C3	64	91	1	-3
1735	213.831510	214.831506	C4	64	90	0	1
1736	214.884138	215.429092	G4	64	82	0	3
1737	214.884138	216.716368	C3	64	72	1	-3
1738	215.147295	216.327115	G3	64	71	1	-1
1739	215.410452	216.705404	C4	64	71	0	1
1740	216.199923	216.372071	D#4	64	84	0	4
1741	216.199923	216.493781	C5	64	86	0	3
1742	216.463080	216.878649	G3	64	58	1	-1
1743	216.726237	217.486103	D4	64	79	0	3
1744	216.726237	217.573822	A#4	64	82	0	1
1745	216.989394	218.571625	C3	64	73	1	-3
1746	217.252551	218.111101	G3	64	68	1	-1
1747	217.515708	218.468555	C4	64	52	0	1
1748	217.778865	218.344652	D#4	64	82	0	4
1749	217.778865	218.388512	G4	64	77	0	3
1750	218.305179	218.641800	G3	64	71	1	-1
1751	218.568336	218.851230	D4	64	80	0	3
1752	218.568336	218.872063	A#4	64	80	0	1
1753	218.831493	218.965264	A#2	64	79	1	-5
1754	219.094650	219.679078	D#4	64	84	0	4
1755	219.094650	219.710876	C4	64	76	0	1
1756	219.094650	219.760218	G4	64	80	0	3
1757	219.094650	220.468549	G#2	64	83	1	-2
1758	219.357807	220.494864	D#3	64	72	1	-5
1759	219.620964	220.044208	G#3	64	63	1	-5
1760	219.884121	220.311751	G#4	64	82	0	4
1761	219.884121	220.322716	D#4	64	80	0	4
1762	219.884121	220.331488	C4	64	72	0	1
1763	220.147278	220.628636	A#2	64	82	1	-5
1764	220.673592	220.979512	D4	64	80	0	3
1765	220.673592	220.991573	F4	64	82	0	1
1766	220.673592	221.069424	A#4	64	75	0	1
1767	220.936749	221.069424	G4	64	58	0	3
1768	221.199906	221.613282	A#3	64	75	1	-3
1769	221.199906	221.706483	G4	64	78	0	3
1770	221.199906	221.717448	D#4	64	84	0	4
1771	221.199906	222.822707	D#3	64	80	1	-5
1772	221.726220	221.892886	A#3	64	39	1	-3
1773	221.989377	222.358893	A#3	64	62	1	-3
1774	221.989377	222.446612	F4	64	84	0	1
1775	222.515691	222.839155	A#3	64	73	1	-3
1776	222.515691	222.965251	G4	64	86	0	3
1777	223.042005	223.149461	A#4	64	73	0	1
1778	223.305162	223.547486	D#4	64	84	0	4
1779	223.305162	223.639590	G#4	64	79	0	4
1780	223.305162	225.000331	F3	64	80	1	-3
1781	223.568319	224.604499	C4	64	61	0	1
1782	223.831476	224.693315	F4	64	70	0	1
1783	224.094633	224.456474	G#4	64	75	0	4
1784	224.094633	224.568315	F5	64	86	0	3
1785	224.620947	224.672482	F5	64	42	0	3
1786	224.620947	224.959761	G#4	64	78	0	4
1787	224.620947	224.990463	D#5	64	84	0	1
1788	224.884104	225.037612	C4	64	72	0	1
1789	225.410418	225.642873	G2	64	84	1	-3
1790	225.410418	226.285415	D5	64	86	0	5
1791	225.410418	226.309538	A#4	64	82	0	1
1792	225.410418	226.323792	G4	64	80	0	3
1793	225.673575	225.980591	G3	64	69	1	-1
1794	225.936732	226.869843	A#3	64	75	1	-3
1795	226.199889	226.770062	D4	64	83	0	3
1796	226.463046	226.797474	G4	64	72	0	3
1797	226.726203	227.102298	A#4	64	84	0	1
1798	226.989360	227.317210	C5	64	79	0	3
1799	227.252517	227.601200	D#5	64	84	0	1
1800	227.515674	227.791989	G#3	64	78	1	-5
1801	227.515674	228.120935	C5	64	79	0	3
1802	227.515674	228.134093	D#4	64	83	0	4
1803	227.515674	228.142865	G#4	64	83	0	4
1804	227.515674	228.200978	G#2	64	83	1	-2
1805	228.041988	228.171373	G#3	64	79	1	-5
1806	228.305145	228.397250	D#4	64	52	0	4
1807	228.568302	228.796371	F3	64	79	1	-3
1808	228.568302	229.228387	F4	64	80	0	1
1809	228.568302	229.275536	C5	64	82	0	3
1810	228.568302	229.390667	F2	64	86	1	-5
1811	228.568302	229.489351	G#4	64	82	0	4
1812	229.094616	229.452071	F3	64	79	1	-3
1813	229.620930	229.813912	G2	64	93	1	-3
1814	229.620930	229.818298	G4	64	83	0	3
1815	229.620930	229.820491	B4	64	84	0	2
1816	229.620930	229.829262	D5	64	94	0	5
1817	229.620930	229.835841	G3	64	80	1	-1
1818	230.147244	231.367634	G4	64	86	0	3
1819	230.147244	231.380792	B4	64	84	0	2
1820	230.147244	231.392854	D5	64	94	0	5
1821	230.147244	231.406011	G3	64	86	1	-1
1822	230.147244	231.438906	G2	64	83	1	-3
1823	231.726186	236.098978	C4	64	78	0	1
1824	231.726186	236.102267	D#4	64	84	0	4
1825	231.726186	236.117618	C3	64	82	1	-3
1826	231.726186	236.185600	C5	64	81	0	3
1827	231.726186	236.196565	G4	64	81	0	3
