//Version: PianoFingering_v170101
0	1.361458	2.802083	F2	64	45	1	-5
1	1.361458	2.814583	C4	64	85	0	1
2	1.361458	2.858333	F4	64	88	0	1
3	1.361458	2.897917	F3	64	53	1	-3
4	1.361458	2.939583	A3	64	56	1	-4
5	3.361458	4.596875	C4	64	81	0	1
6	3.361458	4.623958	G4	64	45	0	3
7	3.361458	4.628125	G3	64	57	1	-1
8	3.361458	4.668750	E4	64	84	0	5
9	3.361458	4.745833	E3	64	69	1	-4
10	5.361458	5.848958	F4	64	74	0	1
11	5.361458	5.855208	D4	64	60	0	3
12	5.361458	5.860417	A4	64	72	0	5
13	5.361458	5.921875	G2	64	57	1	-3
14	5.361458	5.935417	A#3	64	48	1	-3
15	6.361458	6.766667	G4	64	84	0	3
16	6.361458	6.769792	E4	64	72	0	5
17	6.361458	6.796875	C4	64	57	0	1
18	6.361458	6.913542	C3	64	60	1	-3
19	7.361458	8.333333	F3	64	50	1	-3
20	7.361458	8.520833	C4	64	63	0	1
21	7.361458	8.545833	A3	64	47	1	-4
22	7.361458	8.585417	F4	64	56	0	1
23	7.361458	8.716667	F2	64	48	1	-5
24	8.361458	8.825000	F3	64	29	1	-3
25	8.861458	8.966667	A3	64	60	1	-4
26	9.361458	9.895833	A#3	64	54	1	-3
27	9.361458	10.133333	D4	64	91	0	3
28	9.361458	10.153125	F4	64	69	0	1
29	9.361458	10.161458	A#4	64	72	0	1
30	9.361458	10.935417	F3	64	97	1	-3
31	9.361458	11.000000	A#2	64	62	1	-5
32	10.111458	10.493750	A#3	64	78	1	-3
33	10.361458	10.702083	D4	64	70	0	3
34	10.361458	10.711458	F4	64	91	0	1
35	10.361458	10.737500	A#4	64	82	0	1
36	10.611458	10.951042	A#3	64	93	1	-3
37	10.861458	11.032292	D4	64	82	0	3
38	11.111458	11.293750	G4	64	90	0	3
39	11.361458	11.805208	A3	64	74	1	-4
40	11.361458	11.957292	A4	64	84	0	5
41	11.361458	11.983333	C4	64	96	0	1
42	11.361458	11.986458	F4	64	101	0	1
43	11.361458	13.019792	A2	64	78	1	-1
44	11.861458	12.240625	A3	64	88	1	-4
45	12.111458	12.471875	F4	64	101	0	1
46	12.111458	12.472917	C5	64	101	0	3
47	12.111458	12.473958	C4	64	99	0	1
48	12.361458	12.620833	A3	64	57	1	-4
49	12.611458	12.898958	F4	64	107	0	1
50	12.611458	12.907292	C4	64	94	0	1
51	12.611458	12.919792	A#4	64	91	0	1
52	12.736458	12.873958	A3	64	63	1	-4
53	12.861458	13.053125	G4	64	88	0	3
54	13.111458	13.204167	A4	64	86	0	5
55	13.361458	13.695833	A#4	64	93	0	1
56	13.361458	13.736458	F4	64	84	0	1
57	13.361458	13.743750	D4	64	65	0	3
58	13.361458	14.945833	G2	64	96	1	-3
59	13.611458	14.932292	D3	64	86	1	-1
60	13.861458	14.637500	G3	64	101	1	-1
61	14.111458	14.414583	A#3	64	93	1	-3
62	14.361458	14.663542	D4	64	101	0	3
63	14.611458	14.920833	F4	64	99	0	1
64	14.861458	14.937500	G3	64	92	1	-1
65	15.361458	16.071875	F4	64	90	0	1
66	15.361458	16.168750	C4	64	69	0	1
67	15.361458	16.208333	G3	64	74	1	-1
68	15.361458	16.982292	C2	64	94	1	-5
69	16.111458	16.707292	C3	64	51	1	-3
70	16.361458	16.584375	G3	64	94	1	-1
71	16.361458	16.719792	C4	64	97	0	1
72	16.361458	16.763542	F4	64	86	0	1
73	16.861458	17.011458	C3	64	86	1	-3
74	17.361458	17.422917	C2	64	91	1	-5
75	17.361458	20.382292	C3	64	82	1	-3
76	19.111458	19.335417	C5	64	65	0	3
77	19.236458	19.561458	F5	64	76	0	3
78	19.361458	20.195833	C6	64	63	0	5
79	19.361458	20.255208	G5	64	84	0	5
80	20.361458	20.609375	C5	64	77	0	3
81	20.611458	20.859375	D5	64	64	0	5
82	20.861458	21.113542	F5	64	79	0	3
83	21.111458	21.395833	D5	64	62	0	5
84	21.361458	21.609375	G5	64	92	0	5
85	21.361458	21.855208	C4	64	68	0	1
86	21.361458	21.866667	A3	64	45	1	-4
87	21.361458	21.920833	F4	64	50	0	1
88	21.361458	24.215625	F3	64	57	1	-3
89	21.361458	24.237500	F2	64	41	1	-5
90	21.611458	24.109375	A5	64	97	0	2
91	22.361458	22.845833	A4	64	53	0	5
92	22.361458	22.862500	F4	64	53	0	1
93	22.361458	22.897917	C4	64	44	0	1
94	23.361458	23.887500	A4	64	56	0	5
95	23.361458	23.908333	F4	64	47	0	1
96	23.361458	23.966667	C4	64	38	0	1
97	24.111458	24.365625	C5	64	47	0	3
98	24.361458	24.609375	A5	64	66	0	2
99	24.361458	24.779167	E2	64	59	1	-1
100	24.361458	24.865625	E4	64	60	0	5
101	24.361458	24.877083	E3	64	59	1	-4
102	24.361458	24.881250	C4	64	54	0	1
103	24.361458	24.897917	G4	64	85	0	3
104	24.611458	24.858333	G5	64	62	0	5
105	24.861458	25.109375	G5	64	76	0	5
106	25.111458	25.358333	F5	64	54	0	3
107	25.361458	25.860417	F5	64	79	0	3
108	25.361458	25.860417	F4	64	60	0	1
109	25.361458	25.922917	C4	64	50	0	1
110	25.361458	25.932292	A4	64	62	0	5
111	25.361458	26.710417	A3	64	42	1	-4
112	25.361458	27.831250	D3	64	31	1	-1
113	25.861458	26.148958	D5	64	50	0	5
114	26.111458	28.359375	F5	64	66	0	3
115	26.361458	26.913542	A4	64	56	0	5
116	26.361458	26.965625	F4	64	54	0	1
117	26.361458	26.989583	C4	64	44	0	1
118	27.111458	27.657292	A3	64	33	1	-4
119	27.361458	28.403125	F4	64	76	0	1
120	27.361458	28.416667	C4	64	59	0	1
121	28.111458	28.861458	D3	64	63	1	-1
122	28.361458	28.637500	C5	64	66	0	3
123	28.361458	28.779167	A3	64	57	1	-4
124	28.611458	28.859375	D5	64	52	0	5
125	28.611458	28.753125	C4	64	79	0	1
126	28.861458	29.139583	F5	64	65	0	3
127	28.861458	29.108333	F4	64	88	0	1
128	29.111458	29.933333	D5	64	58	0	5
129	29.111458	29.291667	A#4	64	60	0	1
130	29.361458	32.044792	G2	64	79	1	-3
131	29.611458	30.152083	A3	64	55	1	-4
132	29.861458	30.109375	F5	64	56	0	3
133	29.861458	30.189583	A#3	64	75	1	-3
134	30.111458	32.359375	G5	64	66	0	5
135	30.111458	30.579167	F4	64	86	0	1
136	30.361458	30.908333	A3	64	44	1	-4
137	30.611458	30.958333	A#3	64	77	1	-3
138	30.861458	31.131250	G4	64	69	0	3
139	31.111458	32.208333	A3	64	38	1	-4
140	31.361458	32.098958	A#3	64	60	1	-3
141	31.611458	32.164583	F4	64	58	0	1
142	32.111458	32.927083	G2	64	53	1	-3
143	32.361458	32.613542	C5	64	71	0	3
144	32.361458	32.984375	F4	64	70	0	1
145	32.361458	33.036458	A3	64	55	1	-4
146	32.611458	32.859375	D5	64	61	0	5
147	32.861458	33.133333	F5	64	79	0	3
148	33.111458	33.359375	G5	64	77	0	5
149	33.361458	34.858333	A5	64	77	0	2
150	33.361458	33.910417	D4	64	67	0	3
151	33.361458	33.982292	A#4	64	72	0	1
152	33.361458	34.902083	A#2	64	76	1	-5
153	33.611458	34.891667	F3	64	62	1	-3
154	33.861458	34.965625	A#3	64	54	1	-3
155	34.111458	34.433333	D4	64	57	0	3
156	34.361458	34.682292	F4	64	46	0	1
157	34.611458	35.037500	A#4	64	79	0	1
158	34.861458	35.381250	A5	64	93	0	2
159	35.361458	36.359375	G5	64	86	0	5
160	35.361458	35.855208	F4	64	78	0	1
161	35.361458	35.879167	C5	64	79	0	3
162	35.361458	37.065625	C3	64	81	1	-3
163	35.611458	37.033333	G3	64	69	1	-1
164	35.861458	36.997917	C4	64	73	0	1
165	36.111458	36.487500	F4	64	75	0	1
166	36.361458	36.653125	C5	64	65	0	3
167	36.361458	36.607292	G4	64	71	0	3
168	36.611458	36.859375	D5	64	66	0	5
169	36.611458	36.762500	C5	64	78	0	3
170	36.861458	37.109375	F5	64	90	0	3
171	37.111458	37.360417	D5	64	65	0	5
172	37.236458	37.298958	F5	64	15	0	3
173	37.361458	37.897917	G5	64	90	0	5
174	37.361458	38.027083	F4	64	72	0	1
175	37.361458	38.441667	A4	64	78	0	5
176	37.361458	38.453125	C4	64	68	0	1
177	37.361458	39.129167	F3	64	79	1	-3
178	37.861458	40.109375	A5	64	91	0	2
179	38.361458	40.195833	F2	64	31	1	-5
180	38.611458	38.810417	C4	64	77	0	1
181	38.861458	38.998958	F4	64	66	0	1
182	39.111458	39.434375	C4	64	74	0	1
183	39.111458	39.510417	A4	64	76	0	5
184	39.361458	39.548958	F3	64	42	1	-3
185	39.611458	39.872917	G4	64	70	0	3
186	39.611458	39.982292	C4	64	78	0	1
187	40.111458	40.372917	C5	64	62	0	3
188	40.111458	40.225000	F3	64	57	1	-3
189	40.361458	40.633333	A5	64	66	0	2
190	40.361458	40.694792	E4	64	81	0	5
191	40.361458	40.714583	C4	64	68	0	1
192	40.361458	40.733333	G4	64	96	0	3
193	40.361458	40.781250	E2	64	86	1	-1
194	40.611458	40.858333	G5	64	63	0	5
195	40.611458	40.925000	E3	64	74	1	-4
196	40.861458	41.119792	G5	64	66	0	5
197	40.861458	41.167708	C4	64	60	0	1
198	41.111458	41.358333	F5	64	54	0	3
199	41.111458	41.485417	C5	64	72	0	3
200	41.361458	41.859375	F5	64	68	0	3
201	41.361458	41.605208	C4	64	72	0	1
202	41.361458	41.687500	F4	64	90	0	1
203	41.361458	41.773958	A4	64	90	0	5
204	41.361458	44.817708	D3	64	81	1	-1
205	41.611458	42.729167	A3	64	60	1	-4
206	41.861458	42.118750	D5	64	54	0	5
207	41.861458	42.166667	D4	64	60	0	3
208	42.111458	44.359375	F5	64	67	0	3
209	42.111458	42.234375	A4	64	69	0	5
210	42.111458	42.286458	F5	64	99	0	3
211	42.236458	42.642708	D4	64	42	0	3
212	42.611458	42.736458	E5	64	70	0	2
213	42.611458	42.750000	G4	64	60	0	3
214	43.111458	43.709375	A3	64	79	1	-4
215	43.361458	43.518750	C4	64	78	0	1
216	43.361458	43.780208	F4	64	77	0	1
217	43.361458	43.979167	A4	64	90	0	5
218	44.111458	44.403125	A3	64	62	1	-4
219	44.361458	44.609375	C5	64	92	0	3
220	44.361458	44.559375	G4	64	97	0	3
221	44.361458	44.755208	C4	64	94	0	1
222	44.611458	44.859375	D5	64	65	0	5
223	44.611458	44.766667	A3	64	54	1	-4
224	44.861458	45.109375	F5	64	92	0	3
225	44.861458	45.007292	E4	64	72	0	5
226	45.111458	45.859375	D5	64	86	0	5
227	45.111458	45.186458	F4	64	33	0	1
228	45.361458	46.191667	F4	64	72	0	1
229	45.361458	46.208333	D4	64	47	0	3
230	45.361458	46.221875	A#4	64	85	0	1
231	45.361458	48.746875	A#2	64	69	1	-5
232	45.861458	46.359375	F5	64	69	0	3
233	45.861458	48.727083	F3	64	69	1	-3
234	46.111458	46.703125	A#3	64	63	1	-3
235	46.361458	48.359375	G5	64	90	0	5
236	46.361458	46.533333	D4	64	74	0	3
237	46.611458	46.961458	F4	64	94	0	1
238	46.861458	47.247917	A#3	64	62	1	-3
239	47.111458	47.450000	A#4	64	74	0	1
240	47.111458	47.492708	C4	64	76	0	1
241	47.361458	47.677083	A#3	64	45	1	-3
242	47.611458	48.034375	A4	64	69	0	5
243	47.611458	48.041667	C4	64	63	0	1
244	48.111458	48.477083	A#3	64	63	1	-3
245	48.361458	48.637500	C5	64	66	0	3
246	48.361458	48.727083	C4	64	96	0	1
247	48.611458	48.859375	D5	64	56	0	5
248	48.611458	48.776042	F4	64	65	0	1
249	48.611458	48.802083	A#3	64	78	1	-3
250	48.861458	49.109375	F5	64	65	0	3
251	48.861458	49.147917	G4	64	82	0	3
252	49.111458	49.359375	G5	64	73	0	5
253	49.111458	49.995833	C5	64	86	0	3
254	49.361458	50.858333	A5	64	81	0	2
255	49.361458	49.670833	C4	64	74	0	1
256	49.361458	49.794792	F4	64	84	0	1
257	49.361458	50.979167	C3	64	81	1	-3
258	49.611458	50.439583	G3	64	41	1	-1
259	49.861458	50.678125	C4	64	62	0	1
260	50.111458	50.422917	F4	64	91	0	1
261	50.361458	50.529167	G4	64	84	0	3
262	50.611458	51.034375	A4	64	77	0	5
263	50.861458	51.384375	A5	64	80	0	2
264	50.861458	50.958333	G3	64	96	1	-1
265	51.361458	52.359375	G5	64	87	0	5
266	51.361458	51.698958	C5	64	76	0	3
267	51.361458	51.715625	C4	64	76	0	1
268	51.361458	51.727083	E4	64	81	0	5
269	51.361458	51.758333	G4	64	74	0	3
270	51.361458	52.770833	C2	64	96	1	-5
271	51.611458	52.240625	C3	64	66	1	-3
272	51.861458	52.038542	C4	64	60	0	1
273	52.111458	52.247917	F4	64	53	0	1
274	52.361458	52.667708	C5	64	77	0	3
275	52.361458	52.725000	G4	64	91	0	3
276	52.361458	52.731250	C4	64	81	0	1
277	52.361458	52.766667	C3	64	74	1	-3
278	52.611458	52.867708	D5	64	66	0	5
279	52.861458	53.359375	F5	64	95	0	3
280	52.861458	53.067708	C4	64	82	0	1
281	52.861458	53.128125	F4	64	72	0	1
282	52.861458	53.168750	D2	64	81	1	-3
283	53.111458	53.234375	G4	64	78	0	3
284	53.111458	53.256250	E2	64	74	1	-1
285	53.361458	53.893750	G5	64	89	0	5
286	53.361458	53.891667	C4	64	94	0	1
287	53.361458	53.942708	F4	64	97	0	1
288	53.361458	53.944792	A4	64	77	0	5
289	53.361458	55.010417	F2	64	88	1	-5
290	53.861458	54.108333	A5	64	90	0	2
291	53.861458	54.494792	F3	64	63	1	-3
292	54.111458	55.109375	A5	64	92	0	2
293	54.111458	54.246875	C4	64	33	0	1
294	54.361458	54.694792	C4	64	78	0	1
295	54.361458	54.728125	F4	64	96	0	1
296	54.361458	54.728125	A4	64	86	0	5
297	54.611458	54.944792	F3	64	62	1	-3
298	54.861458	55.038542	C4	64	77	0	1
299	55.111458	55.359375	A5	64	100	0	2
300	55.111458	55.331250	A4	64	72	0	5
301	55.361458	55.859375	C6	64	93	0	5
302	55.361458	55.578125	E2	64	88	1	-1
303	55.361458	55.676042	E3	64	82	1	-4
304	55.361458	55.925000	E4	64	81	0	5
305	55.361458	56.109375	G4	64	86	0	3
306	55.361458	56.420833	C4	64	77	0	1
307	55.861458	56.109375	D6	64	96	0	2
308	56.111458	56.858333	A5	64	94	0	2
309	56.111458	57.029167	E3	64	84	1	-4
310	56.361458	56.767708	A3	64	72	1	-4
311	56.611458	56.942708	G4	64	89	0	3
312	56.611458	56.951042	C4	64	106	0	1
313	56.861458	57.109375	A5	64	92	0	2
314	56.861458	56.982292	A3	64	72	1	-4
315	57.111458	57.359375	C6	64	80	0	5
316	57.111458	57.323958	C5	64	96	0	3
317	57.361458	57.617708	D6	64	90	0	2
318	57.361458	57.453125	C5	64	60	0	3
319	57.361458	57.656250	C4	64	86	0	1
320	57.361458	57.731250	F4	64	88	0	1
321	57.361458	57.809375	A4	64	92	0	5
322	57.361458	58.963542	D3	64	88	1	-1
323	57.611458	57.868750	E6	64	92	0	4
324	57.611458	58.684375	A3	64	60	1	-4
325	57.861458	58.142708	D6	64	90	0	2
326	57.861458	58.686458	D4	64	77	0	3
327	58.111458	58.411458	E6	64	90	0	4
328	58.111458	58.410417	A4	64	82	0	5
329	58.111458	58.439583	E4	64	94	0	5
330	58.361458	58.734375	D6	64	91	0	2
331	58.611458	58.951042	A4	64	92	0	5
332	58.611458	58.960417	F4	64	106	0	1
333	58.736458	59.108333	C6	64	94	0	5
334	58.861458	58.979167	A3	64	82	1	-4
335	59.111458	59.359375	C6	64	89	0	5
336	59.111458	59.275000	G4	64	99	0	3
337	59.361458	60.858333	A5	64	95	0	2
338	59.361458	59.739583	E4	64	88	0	5
339	59.361458	59.855208	C5	64	101	0	3
340	59.361458	59.856250	G4	64	103	0	3
341	59.361458	61.032292	C3	64	84	1	-3
342	59.611458	61.044792	A3	64	68	1	-4
343	59.861458	60.365625	C4	64	86	0	1
344	60.111458	60.243750	G4	64	47	0	3
345	60.361458	60.560417	F5	64	82	0	3
346	60.486458	60.642708	C4	64	57	0	1
347	60.611458	60.909375	E5	64	107	0	2
348	60.861458	61.109375	A5	64	100	0	2
349	60.861458	61.101042	C5	64	96	0	3
350	60.986458	61.050000	C4	64	50	0	1
351	61.111458	61.401042	G5	64	79	0	5
352	61.111458	61.268750	A4	64	62	0	5
353	61.361458	61.859375	A5	64	92	0	2
354	61.361458	61.614583	D5	64	90	0	5
355	61.361458	61.628125	A4	64	94	0	5
356	61.361458	63.053125	A#2	64	66	1	-5
357	61.611458	63.019792	F3	64	92	1	-3
358	61.861458	62.609375	C6	64	87	0	5
359	61.861458	62.256250	A#3	64	92	1	-3
360	62.111458	62.569792	F4	64	95	0	1
361	62.111458	62.604167	D4	64	91	0	3
362	62.111458	62.615625	A#4	64	109	0	1
363	62.361458	62.694792	A#3	64	76	1	-3
364	62.611458	63.109375	A5	64	97	0	2
365	62.611458	62.786458	D4	64	72	0	3
366	62.861458	62.969792	A#3	64	31	1	-3
367	62.861458	63.037500	F4	64	92	0	1
368	63.111458	63.359375	G5	64	91	0	5
369	63.111458	63.260417	G4	64	77	0	3
370	63.361458	63.734375	D5	64	92	0	5
371	63.361458	63.688542	A3	64	50	1	-4
372	63.361458	63.926042	A4	64	85	0	5
373	63.361458	63.929167	F4	64	60	0	1
374	63.361458	63.935417	C4	64	72	0	1
375	63.361458	65.009375	A2	64	60	1	-1
376	63.736458	64.858333	F5	64	91	0	3
377	63.861458	64.441667	A3	64	47	1	-4
378	64.111458	64.265625	C4	64	60	0	1
379	64.361458	64.718750	A4	64	85	0	5
380	64.361458	64.722917	C4	64	97	0	1
381	64.361458	64.738542	F4	64	96	0	1
382	64.611458	64.975000	A3	64	72	1	-4
383	64.861458	65.109375	F5	64	84	0	3
384	64.861458	65.055208	C4	64	97	0	1
385	65.111458	65.359375	G5	64	61	0	5
386	65.111458	65.300000	C5	64	103	0	3
387	65.361458	65.618750	A5	64	66	0	2
388	65.361458	65.414583	C5	64	48	0	3
389	65.361458	65.621875	G2	64	91	1	-3
390	65.361458	66.164583	F4	64	101	0	1
391	65.361458	66.170833	D4	64	97	0	3
392	65.361458	66.171875	A#4	64	105	0	1
393	65.611458	65.858333	G5	64	50	0	5
394	65.611458	65.936458	G3	64	78	1	-1
395	65.861458	66.132292	G5	64	55	0	5
396	65.861458	66.679167	A3	64	60	1	-4
397	66.111458	66.358333	F5	64	56	0	3
398	66.111458	66.811458	A#3	64	93	1	-3
399	66.361458	66.733333	F5	64	60	0	3
400	66.361458	66.535417	D4	64	99	0	3
401	66.611458	66.929167	F4	64	92	0	1
402	66.736458	67.109375	F5	64	55	0	3
403	66.861458	67.137500	A#4	64	112	0	1
404	67.111458	67.359375	D5	64	57	0	5
405	67.111458	67.307292	C5	64	96	0	3
406	67.361458	68.359375	G5	64	52	0	5
407	67.361458	67.658333	F4	64	97	0	1
408	67.361458	67.741667	C5	64	35	0	3
409	67.361458	67.822917	C3	64	81	1	-3
410	67.611458	67.850000	G3	64	85	1	-1
411	67.861458	68.162500	C4	64	72	0	1
412	68.111458	68.255208	A4	64	72	0	5
413	68.111458	68.260417	F5	64	96	0	3
414	68.111458	68.633333	D4	64	65	0	3
415	68.361458	68.609375	C5	64	90	0	3
416	68.361458	68.581250	A4	64	96	0	5
417	68.361458	68.629167	F5	64	101	0	3
418	68.361458	68.893750	E4	64	77	0	5
419	68.611458	68.859375	D5	64	89	0	5
420	68.736458	69.001042	G4	64	92	0	3
421	68.736458	69.028125	E5	64	103	0	2
422	68.861458	69.359375	F5	64	100	0	3
423	68.861458	68.971875	D4	64	88	0	3
424	69.111458	69.203125	G4	64	54	0	3
425	69.111458	69.334375	D5	64	96	0	5
426	69.361458	69.869792	G5	64	91	0	5
427	69.361458	69.587500	C5	64	117	0	3
428	69.361458	69.640625	G4	64	106	0	3
429	69.361458	69.794792	F2	64	91	1	-5
430	69.611458	69.840625	C3	64	70	1	-3
431	69.861458	70.108333	A5	64	93	0	2
432	69.861458	70.200000	F3	64	76	1	-3
433	70.111458	71.108333	A5	64	100	0	2
434	70.111458	70.876042	A3	64	82	1	-4
435	70.361458	70.813542	C4	64	81	0	1
436	70.611458	70.771875	F4	64	107	0	1
437	70.861458	71.111458	G4	64	103	0	3
438	71.111458	71.359375	A5	64	98	0	2
439	71.111458	71.436458	A4	64	77	0	5
440	71.361458	71.859375	C6	64	99	0	5
441	71.361458	71.737500	C4	64	86	0	1
442	71.361458	71.758333	G4	64	99	0	3
443	71.361458	73.005208	E3	64	62	1	-4
444	71.611458	72.265625	G3	64	72	1	-1
445	71.861458	72.165625	D6	64	90	0	2
446	71.861458	71.976042	C4	64	65	0	1
447	72.111458	72.858333	A5	64	100	0	2
448	72.111458	72.481250	C4	64	101	0	1
449	72.111458	72.494792	C5	64	97	0	3
450	72.361458	72.900000	G3	64	88	1	-1
451	72.611458	72.735417	G4	64	91	0	3
452	72.611458	72.770833	C4	64	85	0	1
453	72.861458	73.109375	A5	64	97	0	2
454	72.861458	73.118750	G4	64	94	0	3
455	73.111458	73.359375	C6	64	86	0	5
456	73.111458	73.294792	C5	64	92	0	3
457	73.361458	73.609375	D6	64	84	0	2
458	73.361458	73.498958	C5	64	63	0	3
459	73.361458	73.540625	C4	64	82	0	1
460	73.361458	73.816667	A4	64	79	0	5
461	73.361458	73.880208	F4	64	60	0	1
462	73.361458	75.038542	D3	64	81	1	-1
463	73.611458	73.910417	E6	64	79	0	4
464	73.611458	74.712500	A3	64	60	1	-4
465	73.861458	74.109375	D6	64	84	0	2
466	73.861458	74.414583	D4	64	88	0	3
467	74.111458	74.648958	E6	64	82	0	4
468	74.111458	74.281250	E4	64	78	0	5
469	74.111458	74.294792	G4	64	78	0	3
470	74.361458	74.715625	D6	64	87	0	2
471	74.361458	74.605208	F4	64	88	0	1
472	74.361458	74.667708	A4	64	103	0	5
473	74.486458	74.698958	D4	64	63	0	3
474	74.611458	75.108333	C6	64	87	0	5
475	74.736458	75.019792	C5	64	96	0	3
476	74.736458	75.022917	F4	64	96	0	1
477	74.861458	75.020833	A3	64	81	1	-4
478	75.111458	75.359375	C6	64	90	0	5
479	75.111458	75.232292	F4	64	50	0	1
480	75.111458	75.323958	A4	64	72	0	5
481	75.361458	76.858333	A5	64	90	0	2
482	75.361458	75.767708	G4	64	111	0	3
483	75.361458	75.785417	C5	64	96	0	3
484	75.361458	75.796875	D#4	64	68	0	4
485	75.361458	76.047917	C3	64	62	1	-3
486	75.611458	76.040625	G3	64	84	1	-1
487	75.861458	76.016667	C4	64	79	0	1
488	76.111458	76.770833	A4	64	81	0	5
489	76.361458	76.722917	G4	64	56	0	3
490	76.361458	76.731250	C4	64	70	0	1
491	76.361458	76.739583	D#4	64	62	0	4
492	76.361458	76.831250	F2	64	92	1	-5
493	76.611458	76.951042	F3	64	72	1	-3
494	76.861458	77.118750	A5	64	106	0	2
495	76.861458	77.089583	C4	64	78	0	1
496	77.111458	77.359375	G5	64	92	0	5
497	77.111458	77.346875	A4	64	78	0	5
498	77.361458	77.859375	A5	64	95	0	2
499	77.361458	77.892708	D4	64	68	0	3
500	77.361458	77.905208	A4	64	54	0	5
501	77.361458	77.930208	F4	64	81	0	1
502	77.361458	78.977083	A#2	64	68	1	-5
503	77.611458	78.938542	F3	64	82	1	-3
504	77.861458	78.609375	C6	64	90	0	5
505	77.861458	78.151042	A#3	64	74	1	-3
506	78.111458	78.489583	C4	64	76	0	1
507	78.111458	78.511458	G4	64	86	0	3
508	78.361458	78.679167	A#3	64	39	1	-3
509	78.611458	79.109375	A5	64	100	0	2
510	78.611458	78.971875	F4	64	99	0	1
511	78.611458	78.980208	C4	64	78	0	1
512	78.861458	78.962500	A#3	64	74	1	-3
513	79.111458	79.359375	G5	64	96	0	5
514	79.361458	79.734375	D5	64	87	0	5
515	79.361458	79.712500	A4	64	88	0	5
516	79.361458	79.738542	E4	64	85	0	5
517	79.361458	79.741667	C4	64	76	0	1
518	79.361458	79.985417	A2	64	77	1	-1
519	79.611458	80.215625	A3	64	54	1	-4
520	79.736458	80.859375	F5	64	96	0	3
521	79.861458	80.038542	C4	64	72	0	1
522	80.111458	80.296875	A4	64	84	0	5
523	80.611458	80.831250	G4	64	103	0	3
524	80.611458	80.895833	C4	64	86	0	1
525	80.861458	81.109375	D5	64	99	0	5
526	81.111458	81.414583	C5	64	77	0	3
527	81.111458	81.316667	F4	64	91	0	1
528	81.361458	81.859375	D5	64	89	0	5
529	81.361458	81.841667	A#4	64	83	0	1
530	81.361458	81.846875	D4	64	57	0	3
531	81.361458	81.864583	F4	64	66	0	1
532	81.361458	82.905208	G2	64	92	1	-3
533	81.611458	82.928125	D3	64	72	1	-1
534	81.861458	82.358333	F5	64	84	0	3
535	81.861458	82.598958	F3	64	84	1	-3
536	82.111458	82.697917	A3	64	77	1	-4
537	82.361458	82.733333	F5	64	90	0	3
538	82.611458	83.036458	A#3	64	112	1	-3
539	82.736458	83.109375	F5	64	91	0	3
540	82.736458	82.900000	F3	64	68	1	-3
541	82.986458	83.158333	F4	64	76	0	1
542	83.111458	83.359375	A5	64	91	0	2
543	83.361458	84.109375	G5	64	93	0	5
544	83.361458	83.683333	G3	64	81	1	-1
545	83.361458	83.713542	C4	64	97	0	1
546	83.361458	83.780208	E4	64	84	0	5
547	83.361458	84.781250	C3	64	84	1	-3
548	84.111458	84.358333	D5	64	64	0	5
549	84.361458	84.734375	D5	64	87	0	5
550	84.361458	84.779167	C5	64	60	0	3
551	84.361458	84.808333	F4	64	72	0	1
552	84.736458	85.109375	F5	64	98	0	3
553	85.111458	85.609375	G5	64	99	0	5
554	85.361458	85.728125	A4	64	74	0	5
555	85.361458	85.760417	F4	64	72	0	1
556	85.361458	85.806250	C4	64	63	0	1
557	85.361458	86.965625	F2	64	76	1	-5
558	85.611458	87.359375	F5	64	103	0	3
559	86.111458	86.661458	F3	64	65	1	-3
560	86.611458	87.037500	A3	64	82	1	-4
561	86.861458	87.196875	F3	64	53	1	-3
562	87.111458	88.261458	C4	64	82	0	1
563	87.361458	88.305208	A3	64	56	1	-4
564	87.361458	88.320833	F4	64	74	0	1
565	87.361458	88.459375	F3	64	65	1	-3
566	87.361458	88.510417	F2	64	57	1	-5
567	89.361458	89.873958	C4	64	69	0	1
568	89.361458	89.886458	D4	64	86	0	3
569	89.361458	89.964583	F4	64	53	0	1
570	89.361458	92.906250	A#2	64	51	1	-5
571	90.361458	91.397917	A#3	64	47	1	-3
572	90.611458	90.948958	F4	64	65	0	1
573	90.861458	91.125000	A#4	64	82	0	1
574	91.111458	91.188542	D5	64	84	0	5
575	91.486458	91.663542	A#3	64	18	1	-3
576	91.611458	91.763542	A#4	64	60	0	1
577	91.611458	91.764583	D4	64	72	0	3
578	92.111458	92.812500	A#3	64	45	1	-3
579	92.361458	92.654167	F4	64	84	0	1
580	92.361458	92.745833	C4	64	71	0	1
581	93.361458	93.797917	G3	64	68	1	-1
582	93.361458	93.989583	C4	64	72	0	1
583	93.361458	94.096875	E4	64	82	0	5
584	93.361458	96.189583	E3	64	72	1	-4
585	93.361458	96.750000	A2	64	42	1	-1
586	94.361458	95.367708	A3	64	42	1	-4
587	94.611458	94.972917	E4	64	69	0	5
588	94.861458	95.119792	G4	64	66	0	3
589	95.111458	95.269792	C5	64	100	0	3
590	95.611458	96.014583	A3	64	43	1	-4
591	95.861458	96.421875	C4	64	60	0	1
592	96.111458	96.623958	G4	64	82	0	3
593	96.361458	96.753125	E3	64	72	1	-4
594	96.611458	96.821875	G3	64	65	1	-1
595	96.861458	97.036458	C4	64	68	0	1
596	97.111458	97.994792	D4	64	75	0	3
597	97.361458	97.857292	A#3	64	59	1	-3
598	97.361458	98.111458	F4	64	81	0	1
599	97.361458	100.847917	G2	64	82	1	-3
600	98.111458	100.817708	D3	64	69	1	-1
601	98.611458	99.331250	G3	64	69	1	-1
602	98.861458	99.186458	F4	64	59	0	1
603	99.111458	99.344792	C5	64	84	0	3
604	99.611458	100.191667	G3	64	60	1	-1
605	99.861458	100.058333	C4	64	54	0	1
606	100.111458	100.431250	G4	64	97	0	3
607	100.611458	100.821875	G3	64	66	1	-1
608	100.861458	101.212500	F4	64	84	0	1
609	101.361458	101.890625	E4	64	59	0	5
610	101.361458	101.894792	G3	64	62	1	-1
611	101.361458	101.901042	C4	64	77	0	1
612	101.361458	101.928125	D4	64	74	0	3
613	101.361458	104.413542	C2	64	91	1	-5
614	101.986458	104.298958	C3	64	41	1	-3
615	102.361458	102.542708	G3	64	68	1	-1
616	102.611458	102.818750	C4	64	59	0	1
617	102.861458	102.941667	F4	64	49	0	1
618	103.111458	103.337500	G4	64	33	0	3
619	103.361458	103.873958	C5	64	72	0	3
620	104.361458	104.609375	C5	64	89	0	3
621	104.611458	104.859375	D5	64	64	0	5
622	104.861458	105.113542	F5	64	79	0	3
623	105.111458	105.395833	D5	64	62	0	5
624	105.361458	105.734375	G5	64	92	0	5
625	105.361458	105.855208	C4	64	68	0	1
626	105.361458	105.866667	A3	64	45	1	-4
627	105.361458	105.920833	F4	64	50	0	1
628	105.361458	108.215625	F3	64	57	1	-3
629	105.361458	108.237500	F2	64	41	1	-5
630	105.736458	108.109375	A5	64	97	0	2
631	106.361458	106.845833	A4	64	53	0	5
632	106.361458	106.862500	F4	64	53	0	1
633	106.361458	106.897917	C4	64	44	0	1
634	107.361458	107.887500	A4	64	56	0	5
635	107.361458	107.908333	F4	64	47	0	1
636	107.361458	107.966667	C4	64	38	0	1
637	108.111458	108.359375	C5	64	47	0	3
638	108.361458	108.734375	A5	64	66	0	2
639	108.361458	108.779167	E2	64	59	1	-1
640	108.361458	108.865625	E4	64	60	0	5
641	108.361458	108.877083	E3	64	59	1	-4
642	108.361458	108.881250	C4	64	54	0	1
643	108.361458	108.897917	G4	64	85	0	3
644	108.611458	108.858333	G5	64	62	0	5
645	108.861458	109.109375	G5	64	76	0	5
646	109.111458	109.358333	F5	64	54	0	3
647	109.361458	109.860417	F5	64	79	0	3
648	109.361458	109.860417	F4	64	60	0	1
649	109.361458	109.922917	C4	64	50	0	1
650	109.361458	109.932292	A4	64	62	0	5
651	109.361458	110.710417	A3	64	42	1	-4
652	109.361458	111.831250	D3	64	31	1	-1
653	109.861458	110.109375	D5	64	50	0	5
654	110.111458	112.359375	F5	64	66	0	3
655	110.361458	110.913542	A4	64	56	0	5
656	110.361458	110.965625	F4	64	54	0	1
657	110.361458	110.989583	C4	64	44	0	1
658	111.111458	111.657292	A3	64	33	1	-4
659	111.361458	112.403125	F4	64	76	0	1
660	111.361458	112.416667	C4	64	59	0	1
661	112.111458	112.861458	D3	64	63	1	-1
662	112.361458	112.637500	C5	64	66	0	3
663	112.361458	112.779167	A3	64	57	1	-4
664	112.611458	112.859375	D5	64	52	0	5
665	112.611458	112.753125	C4	64	79	0	1
666	112.861458	113.139583	F5	64	65	0	3
667	112.861458	113.108333	F4	64	88	0	1
668	113.111458	113.933333	D5	64	58	0	5
669	113.111458	113.291667	A#4	64	60	0	1
670	113.361458	114.215625	A#3	64	77	1	-3
671	113.361458	114.219792	F4	64	81	0	1
672	113.361458	116.533333	G2	64	74	1	-3
673	113.861458	114.109375	F5	64	56	0	3
674	114.111458	116.484375	G5	64	66	0	5
675	114.111458	115.565625	G3	64	62	1	-1
676	114.361458	114.608333	A#3	64	78	1	-3
677	114.611458	114.864583	D4	64	84	0	3
678	114.861458	115.152083	E4	64	78	0	5
679	115.111458	116.562500	F4	64	75	0	1
680	115.611458	116.347917	A#4	64	84	0	1
681	116.111458	116.480208	G3	64	69	1	-1
682	116.361458	116.683333	C5	64	91	0	3
683	116.486458	116.738542	C5	64	71	0	3
684	116.611458	116.859375	D5	64	61	0	5
685	116.861458	117.133333	F5	64	79	0	3
686	117.111458	117.359375	G5	64	77	0	5
687	117.361458	118.858333	A5	64	77	0	2
688	117.361458	117.836458	F4	64	66	0	1
689	117.361458	117.842708	C4	64	65	0	1
690	117.361458	120.746875	C3	64	72	1	-3
691	117.861458	118.689583	G3	64	77	1	-1
692	118.111458	118.732292	C4	64	66	0	1
693	118.361458	118.550000	F4	64	78	0	1
694	118.611458	118.784375	G4	64	70	0	3
695	118.861458	119.381250	A5	64	93	0	2
696	118.986458	120.696875	G3	64	54	1	-1
697	119.361458	120.359375	G5	64	86	0	5
698	119.361458	119.673958	C6	64	91	0	5
699	120.361458	120.653125	C5	64	65	0	3
700	120.361458	120.521875	A#5	64	47	0	3
701	120.361458	120.540625	C5	64	48	0	3
702	120.611458	120.859375	D5	64	66	0	5
703	120.861458	121.109375	F5	64	90	0	3
704	121.111458	121.360417	D5	64	65	0	5
705	121.361458	121.897917	G5	64	90	0	5
706	121.361458	122.027083	F4	64	72	0	1
707	121.361458	122.441667	A4	64	78	0	5
708	121.361458	122.453125	C4	64	68	0	1
709	121.361458	123.129167	F3	64	79	1	-3
710	121.861458	124.109375	A5	64	91	0	2
711	122.361458	124.195833	F2	64	31	1	-5
712	122.611458	122.810417	C4	64	77	0	1
713	122.861458	122.998958	F4	64	66	0	1
714	123.111458	123.434375	C4	64	74	0	1
715	123.111458	123.510417	A4	64	76	0	5
716	123.361458	123.548958	F3	64	42	1	-3
717	123.611458	123.872917	G4	64	70	0	3
718	123.611458	123.982292	C4	64	78	0	1
719	124.111458	124.372917	C5	64	62	0	3
720	124.111458	124.225000	F3	64	57	1	-3
721	124.361458	124.633333	A5	64	66	0	2
722	124.361458	124.694792	E4	64	81	0	5
723	124.361458	124.714583	C4	64	68	0	1
724	124.361458	124.733333	G4	64	96	0	3
725	124.361458	124.781250	E2	64	86	1	-1
726	124.611458	124.858333	G5	64	63	0	5
727	124.611458	124.925000	E3	64	74	1	-4
728	124.861458	125.119792	G5	64	66	0	5
729	124.861458	125.167708	C4	64	60	0	1
730	125.111458	125.358333	F5	64	54	0	3
731	125.111458	125.485417	C5	64	72	0	3
732	125.361458	125.859375	F5	64	68	0	3
733	125.361458	125.605208	C4	64	72	0	1
734	125.361458	125.687500	F4	64	90	0	1
735	125.361458	125.773958	A4	64	90	0	5
736	125.361458	128.817708	D3	64	81	1	-1
737	125.611458	126.729167	A3	64	60	1	-4
738	125.861458	126.118750	D5	64	54	0	5
739	125.861458	126.166667	D4	64	60	0	3
740	126.111458	128.359375	F5	64	67	0	3
741	126.111458	126.234375	A4	64	69	0	5
742	126.111458	126.286458	F5	64	99	0	3
743	126.236458	126.642708	D4	64	42	0	3
744	126.611458	126.736458	E5	64	70	0	2
745	126.611458	126.750000	G4	64	60	0	3
746	127.111458	127.709375	A3	64	79	1	-4
747	127.361458	127.518750	C4	64	78	0	1
748	127.361458	127.780208	F4	64	77	0	1
749	127.361458	127.979167	A4	64	90	0	5
750	128.111458	128.403125	A3	64	62	1	-4
751	128.361458	128.609375	C5	64	92	0	3
752	128.361458	128.559375	G4	64	97	0	3
753	128.361458	128.755208	C4	64	94	0	1
754	128.611458	128.859375	D5	64	65	0	5
755	128.611458	128.766667	A3	64	54	1	-4
756	128.861458	129.109375	F5	64	92	0	3
757	128.861458	129.007292	E4	64	72	0	5
758	129.111458	129.859375	D5	64	86	0	5
759	129.111458	129.186458	F4	64	33	0	1
760	129.361458	130.191667	F4	64	72	0	1
761	129.361458	130.208333	D4	64	47	0	3
762	129.361458	130.221875	A#4	64	85	0	1
763	129.361458	132.746875	A#2	64	69	1	-5
764	129.861458	130.359375	F5	64	69	0	3
765	129.861458	132.727083	F3	64	69	1	-3
766	130.111458	130.703125	A#3	64	63	1	-3
767	130.361458	132.359375	G5	64	90	0	5
768	130.361458	130.533333	D4	64	74	0	3
769	130.611458	130.961458	F4	64	94	0	1
770	130.861458	131.247917	A#3	64	62	1	-3
771	131.111458	131.450000	A#4	64	74	0	1
772	131.111458	131.492708	C4	64	76	0	1
773	131.361458	131.677083	A#3	64	45	1	-3
774	131.611458	132.034375	A4	64	69	0	5
775	131.611458	132.041667	C4	64	63	0	1
776	132.111458	132.477083	A#3	64	63	1	-3
777	132.361458	132.637500	C5	64	66	0	3
778	132.361458	132.727083	C4	64	96	0	1
779	132.611458	132.859375	D5	64	56	0	5
780	132.611458	132.776042	F4	64	65	0	1
781	132.611458	132.802083	A#3	64	78	1	-3
782	132.861458	133.109375	F5	64	65	0	3
783	132.861458	133.147917	G4	64	82	0	3
784	133.111458	133.359375	G5	64	73	0	5
785	133.111458	133.995833	C5	64	86	0	3
786	133.361458	134.858333	A5	64	81	0	2
787	133.361458	133.670833	C4	64	74	0	1
788	133.361458	133.794792	F4	64	84	0	1
789	133.361458	134.979167	C3	64	81	1	-3
790	133.611458	134.439583	G3	64	41	1	-1
791	133.861458	134.678125	C4	64	62	0	1
792	134.111458	134.422917	F4	64	91	0	1
793	134.361458	134.529167	G4	64	84	0	3
794	134.611458	135.034375	A4	64	77	0	5
795	134.861458	135.384375	A5	64	80	0	2
796	134.861458	134.958333	G3	64	96	1	-1
797	135.361458	136.359375	G5	64	87	0	5
798	135.361458	135.698958	C5	64	76	0	3
799	135.361458	135.715625	C4	64	76	0	1
800	135.361458	135.727083	E4	64	81	0	5
801	135.361458	135.758333	G4	64	74	0	3
802	135.361458	136.770833	C2	64	96	1	-5
803	135.611458	136.240625	C3	64	66	1	-3
804	135.861458	136.038542	C4	64	60	0	1
805	136.111458	136.247917	F4	64	53	0	1
806	136.361458	136.667708	C5	64	77	0	3
807	136.361458	136.725000	G4	64	91	0	3
808	136.361458	136.731250	C4	64	81	0	1
809	136.361458	136.766667	C3	64	74	1	-3
810	136.611458	136.867708	D5	64	66	0	5
811	136.861458	137.359375	F5	64	95	0	3
812	136.861458	137.067708	C4	64	82	0	1
813	136.861458	137.128125	F4	64	72	0	1
814	136.861458	137.168750	D2	64	81	1	-3
815	137.111458	137.234375	G4	64	78	0	3
816	137.111458	137.256250	E2	64	74	1	-1
817	137.361458	137.893750	G5	64	89	0	5
818	137.361458	137.891667	C4	64	94	0	1
819	137.361458	137.942708	F4	64	97	0	1
820	137.361458	137.944792	A4	64	77	0	5
821	137.361458	139.010417	F2	64	88	1	-5
822	137.861458	138.108333	A5	64	90	0	2
823	137.861458	138.494792	F3	64	63	1	-3
824	138.111458	139.109375	A5	64	92	0	2
825	138.111458	138.246875	C4	64	33	0	1
826	138.361458	138.694792	C4	64	78	0	1
827	138.361458	138.728125	F4	64	96	0	1
828	138.361458	138.728125	A4	64	86	0	5
829	138.611458	138.944792	F3	64	62	1	-3
830	138.861458	139.038542	C4	64	77	0	1
831	139.111458	139.359375	A5	64	100	0	2
832	139.111458	139.331250	A4	64	72	0	5
833	139.361458	139.859375	C6	64	93	0	5
834	139.361458	139.429167	A4	64	50	0	5
835	139.361458	139.578125	E2	64	88	1	-1
836	139.361458	139.676042	E3	64	82	1	-4
837	139.361458	139.925000	E4	64	81	0	5
838	139.361458	140.109375	G4	64	86	0	3
839	139.361458	140.420833	C4	64	77	0	1
840	139.861458	140.109375	D6	64	96	0	2
841	140.111458	140.858333	A5	64	94	0	2
842	140.111458	141.029167	E3	64	84	1	-4
843	140.361458	140.767708	B3	64	72	1	-2
844	140.611458	140.942708	G4	64	89	0	3
845	140.611458	140.951042	C4	64	106	0	1
846	140.861458	141.109375	A5	64	92	0	2
847	140.861458	140.982292	B3	64	72	1	-2
848	141.111458	141.359375	C6	64	80	0	5
849	141.111458	141.323958	C5	64	96	0	3
850	141.361458	141.617708	D6	64	90	0	2
851	141.361458	141.453125	C5	64	60	0	3
852	141.361458	141.656250	C4	64	86	0	1
853	141.361458	141.731250	F4	64	88	0	1
854	141.361458	141.809375	A4	64	92	0	5
855	141.361458	142.963542	D3	64	88	1	-1
856	141.611458	141.868750	E6	64	92	0	4
857	141.611458	142.684375	A3	64	60	1	-4
858	141.861458	142.142708	D6	64	90	0	2
859	141.861458	142.686458	D4	64	77	0	3
860	142.111458	142.411458	E6	64	90	0	4
861	142.111458	142.410417	A4	64	82	0	5
862	142.111458	142.439583	E4	64	94	0	5
863	142.361458	142.734375	D6	64	91	0	2
864	142.611458	142.951042	A4	64	92	0	5
865	142.611458	142.960417	F4	64	106	0	1
866	142.736458	143.108333	C6	64	94	0	5
867	142.861458	142.979167	A3	64	82	1	-4
868	143.111458	143.359375	C6	64	89	0	5
869	143.111458	143.275000	G4	64	99	0	3
870	143.361458	144.858333	A5	64	95	0	2
871	143.361458	143.739583	E4	64	88	0	5
872	143.361458	143.855208	C5	64	101	0	3
873	143.361458	143.856250	G4	64	103	0	3
874	143.361458	145.032292	C3	64	84	1	-3
875	143.611458	145.044792	A3	64	68	1	-4
876	143.861458	144.365625	C4	64	86	0	1
877	144.111458	144.243750	G4	64	47	0	3
878	144.361458	144.560417	F5	64	82	0	3
879	144.486458	144.642708	C4	64	57	0	1
880	144.611458	144.909375	E5	64	107	0	2
881	144.861458	145.109375	A5	64	100	0	2
882	144.861458	145.101042	C5	64	96	0	3
883	144.986458	145.050000	C4	64	50	0	1
884	145.111458	145.359375	G5	64	79	0	5
885	145.111458	145.268750	A4	64	62	0	5
886	145.361458	145.859375	A5	64	92	0	2
887	145.361458	145.614583	D5	64	90	0	5
888	145.361458	145.628125	A4	64	94	0	5
889	145.361458	147.053125	A#2	64	66	1	-5
890	145.611458	147.019792	F3	64	92	1	-3
891	145.861458	146.609375	C6	64	87	0	5
892	145.861458	146.256250	A#3	64	92	1	-3
893	146.111458	146.569792	F4	64	95	0	1
894	146.111458	146.604167	D4	64	91	0	3
895	146.111458	146.615625	A#4	64	109	0	1
896	146.361458	146.694792	A#3	64	76	1	-3
897	146.611458	147.234375	A5	64	97	0	2
898	146.611458	146.786458	D4	64	72	0	3
899	146.861458	146.969792	A#3	64	31	1	-3
900	146.861458	147.037500	F4	64	92	0	1
901	147.111458	147.359375	G5	64	91	0	5
902	147.111458	147.260417	G4	64	77	0	3
903	147.361458	147.859375	D5	64	92	0	5
904	147.361458	147.688542	A3	64	50	1	-4
905	147.361458	147.926042	A4	64	85	0	5
906	147.361458	147.929167	F4	64	60	0	1
907	147.361458	147.935417	C4	64	72	0	1
908	147.361458	149.009375	A2	64	60	1	-1
909	147.861458	148.858333	F5	64	91	0	3
910	147.861458	148.441667	A3	64	47	1	-4
911	148.111458	148.265625	C4	64	60	0	1
912	148.361458	148.718750	A4	64	85	0	5
913	148.361458	148.722917	C4	64	97	0	1
914	148.361458	148.738542	F4	64	96	0	1
915	148.611458	148.975000	A3	64	72	1	-4
916	148.861458	149.055208	C4	64	97	0	1
917	148.986458	149.234375	F5	64	84	0	3
918	149.111458	149.300000	C5	64	103	0	3
919	149.236458	149.484375	G5	64	61	0	5
920	149.361458	149.414583	C5	64	48	0	3
921	149.361458	149.621875	G2	64	91	1	-3
922	149.361458	150.164583	F4	64	101	0	1
923	149.361458	150.170833	D4	64	97	0	3
924	149.361458	150.171875	A#4	64	105	0	1
925	149.486458	149.609375	A5	64	66	0	2
926	149.611458	149.859375	G5	64	50	0	5
927	149.611458	149.936458	G3	64	78	1	-1
928	149.861458	150.132292	G5	64	55	0	5
929	149.861458	150.679167	A3	64	60	1	-4
930	150.111458	150.358333	F5	64	56	0	3
931	150.111458	150.811458	A#3	64	93	1	-3
932	150.361458	150.734375	F5	64	60	0	3
933	150.361458	150.535417	D4	64	99	0	3
934	150.611458	150.929167	F4	64	92	0	1
935	150.736458	151.234375	F5	64	55	0	3
936	150.861458	151.137500	A#4	64	112	0	1
937	151.111458	151.359375	D5	64	57	0	5
938	151.111458	151.307292	C5	64	96	0	3
939	151.361458	152.359375	G5	64	52	0	5
940	151.361458	151.658333	F4	64	97	0	1
941	151.361458	151.741667	C5	64	35	0	3
942	151.361458	151.822917	C3	64	81	1	-3
943	151.611458	151.850000	G3	64	85	1	-1
944	151.861458	152.162500	C4	64	72	0	1
945	152.111458	152.255208	A4	64	72	0	5
946	152.111458	152.260417	F5	64	96	0	3
947	152.111458	152.633333	D4	64	65	0	3
948	152.361458	152.609375	C5	64	90	0	3
949	152.361458	152.581250	A4	64	96	0	5
950	152.361458	152.629167	F5	64	101	0	3
951	152.361458	152.893750	E4	64	77	0	5
952	152.611458	152.859375	D5	64	89	0	5
953	152.736458	153.001042	G4	64	92	0	3
954	152.736458	153.028125	E5	64	103	0	2
955	152.861458	153.359375	F5	64	100	0	3
956	152.861458	152.971875	D4	64	88	0	3
957	153.111458	153.203125	G4	64	54	0	3
958	153.111458	153.334375	D5	64	96	0	5
959	153.361458	153.869792	G5	64	91	0	5
960	153.361458	153.587500	C5	64	117	0	3
961	153.361458	153.640625	G4	64	106	0	3
962	153.361458	153.794792	F2	64	91	1	-5
963	153.611458	153.840625	C3	64	70	1	-3
964	153.861458	154.108333	A5	64	93	0	2
965	153.861458	154.200000	F3	64	76	1	-3
966	154.111458	155.108333	A5	64	100	0	2
967	154.111458	154.876042	A3	64	82	1	-4
968	154.361458	154.813542	C4	64	81	0	1
969	154.611458	154.771875	F4	64	107	0	1
970	154.861458	155.111458	G4	64	103	0	3
971	155.111458	155.359375	A5	64	98	0	2
972	155.111458	155.436458	A4	64	77	0	5
973	155.361458	155.859375	C6	64	99	0	5
974	155.361458	155.737500	C4	64	86	0	1
975	155.361458	155.758333	G4	64	99	0	3
976	155.361458	157.005208	E3	64	62	1	-4
977	155.611458	156.265625	G3	64	72	1	-1
978	155.861458	156.109375	D6	64	90	0	2
979	155.861458	155.976042	C4	64	65	0	1
980	156.111458	156.858333	A5	64	100	0	2
981	156.111458	156.481250	C4	64	101	0	1
982	156.111458	156.494792	C5	64	97	0	3
983	156.361458	156.900000	G3	64	88	1	-1
984	156.611458	156.735417	G4	64	91	0	3
985	156.611458	156.770833	C4	64	85	0	1
986	156.861458	157.109375	A5	64	97	0	2
987	156.861458	157.118750	G4	64	94	0	3
988	157.111458	157.359375	C6	64	86	0	5
989	157.111458	157.294792	C5	64	92	0	3
990	157.361458	157.609375	D6	64	84	0	2
991	157.361458	157.498958	C5	64	63	0	3
992	157.361458	157.540625	C4	64	82	0	1
993	157.361458	157.816667	A4	64	79	0	5
994	157.361458	157.880208	F4	64	60	0	1
995	157.361458	159.038542	D3	64	81	1	-1
996	157.611458	157.859375	E6	64	79	0	4
997	157.611458	158.712500	A3	64	60	1	-4
998	157.861458	158.109375	D6	64	84	0	2
999	157.861458	158.414583	D4	64	88	0	3
1000	158.111458	158.359375	E6	64	82	0	4
1001	158.111458	158.281250	E4	64	78	0	5
1002	158.111458	158.294792	G4	64	78	0	3
1003	158.361458	158.715625	D6	64	87	0	2
1004	158.361458	158.605208	F4	64	88	0	1
1005	158.361458	158.667708	A4	64	103	0	5
1006	158.486458	158.698958	D4	64	63	0	3
1007	158.736458	159.019792	C5	64	96	0	3
1008	158.736458	159.022917	F4	64	96	0	1
1009	158.861458	159.020833	A3	64	81	1	-4
1010	159.111458	159.233333	C6	64	90	0	5
1011	159.111458	159.232292	F4	64	50	0	1
1012	159.111458	159.323958	A4	64	72	0	5
1013	159.361458	160.858333	A5	64	90	0	2
1014	159.361458	159.767708	G4	64	111	0	3
1015	159.361458	159.785417	C5	64	96	0	3
1016	159.361458	159.796875	D#4	64	68	0	4
1017	159.361458	160.047917	C3	64	62	1	-3
1018	159.611458	160.040625	G3	64	84	1	-1
1019	159.861458	160.016667	C4	64	79	0	1
1020	160.111458	160.770833	A4	64	81	0	5
1021	160.361458	160.722917	G4	64	56	0	3
1022	160.361458	160.731250	C4	64	70	0	1
1023	160.361458	160.739583	D#4	64	62	0	4
1024	160.361458	160.831250	F2	64	92	1	-5
1025	160.611458	160.951042	F3	64	72	1	-3
1026	160.861458	161.118750	A5	64	106	0	2
1027	160.861458	161.089583	C4	64	78	0	1
1028	161.111458	161.359375	G5	64	92	0	5
1029	161.111458	161.346875	A4	64	78	0	5
1030	161.361458	161.859375	A5	64	95	0	2
1031	161.361458	161.892708	D4	64	68	0	3
1032	161.361458	161.905208	A4	64	54	0	5
1033	161.361458	161.930208	F4	64	81	0	1
1034	161.361458	162.977083	A#2	64	68	1	-5
1035	161.611458	162.938542	F3	64	82	1	-3
1036	161.861458	162.609375	C6	64	90	0	5
1037	161.861458	162.151042	A#3	64	74	1	-3
1038	162.111458	162.489583	C4	64	76	0	1
1039	162.111458	162.511458	G4	64	86	0	3
1040	162.361458	162.679167	A#3	64	39	1	-3
1041	162.611458	163.109375	A5	64	100	0	2
1042	162.611458	162.971875	F4	64	99	0	1
1043	162.611458	162.980208	C4	64	78	0	1
1044	162.861458	162.962500	A#3	64	74	1	-3
1045	163.111458	163.359375	G5	64	96	0	5
1046	163.361458	163.859375	D5	64	87	0	5
1047	163.361458	163.712500	A4	64	88	0	5
1048	163.361458	163.738542	E4	64	85	0	5
1049	163.361458	163.741667	C4	64	76	0	1
1050	163.361458	163.985417	A2	64	77	1	-1
1051	163.611458	164.215625	A3	64	54	1	-4
1052	163.861458	164.859375	F5	64	96	0	3
1053	163.861458	164.038542	C4	64	72	0	1
1054	164.111458	164.296875	A4	64	84	0	5
1055	164.611458	164.831250	G4	64	103	0	3
1056	164.611458	164.895833	C4	64	86	0	1
1057	164.861458	165.109375	D5	64	99	0	5
1058	165.111458	165.359375	C5	64	77	0	3
1059	165.111458	165.316667	F4	64	91	0	1
1060	165.361458	165.984375	D5	64	89	0	5
1061	165.361458	165.841667	A#4	64	83	0	1
1062	165.361458	165.846875	D4	64	57	0	3
1063	165.361458	165.864583	F4	64	66	0	1
1064	165.361458	166.905208	G2	64	92	1	-3
1065	165.611458	166.928125	D3	64	72	1	-1
1066	165.861458	166.598958	F3	64	84	1	-3
1067	166.111458	166.697917	A3	64	77	1	-4
1068	166.361458	166.483333	F5	64	90	0	3
1069	166.611458	167.036458	A#3	64	112	1	-3
1070	166.736458	167.109375	F5	64	91	0	3
1071	166.736458	166.900000	F3	64	68	1	-3
1072	166.986458	167.158333	F4	64	76	0	1
1073	167.111458	167.359375	A5	64	91	0	2
1074	167.236458	167.854167	D4	64	70	0	3
1075	167.236458	168.709375	C2	64	63	1	-5
1076	167.361458	168.109375	G5	64	93	0	5
1077	167.361458	167.683333	G3	64	81	1	-1
1078	167.361458	167.713542	C4	64	97	0	1
1079	167.361458	167.780208	E4	64	84	0	5
1080	167.361458	168.381250	C3	64	84	1	-3
1081	168.111458	168.358333	D5	64	64	0	5
1082	168.361458	168.762500	D4	64	60	0	3
1083	168.361458	168.779167	C5	64	60	0	3
1084	168.361458	168.808333	F4	64	72	0	1
1085	168.361458	168.887500	G3	64	65	1	-1
1086	168.361458	168.897917	C4	64	85	0	1
1087	168.361458	168.930208	E4	64	79	0	5
1088	168.486458	168.859375	D5	64	87	0	5
1089	168.736458	168.781250	C3	64	60	1	-3
1090	168.861458	169.109375	F5	64	98	0	3
1091	169.111458	169.609375	G5	64	99	0	5
1092	169.236458	169.579167	F3	64	33	1	-3
1093	169.236458	169.580208	A3	64	54	1	-4
1094	169.361458	169.557292	F4	64	72	0	1
1095	169.361458	169.570833	F2	64	76	1	-5
1096	169.361458	169.573958	C4	64	63	0	1
1097	169.361458	169.728125	A4	64	74	0	5
1098	169.611458	170.109375	F5	64	103	0	3
1099	169.736458	169.760417	F4	64	99	0	1
1100	169.736458	169.806250	C4	64	65	0	1
1101	169.736458	170.035417	F2	64	72	1	-5
1102	169.736458	170.056250	F3	64	66	1	-3
1103	169.736458	170.083333	A3	64	78	1	-4
1104	170.111458	170.359375	G5	64	103	0	5
1105	170.236458	170.511458	F4	64	96	0	1
1106	170.236458	170.527083	C4	64	77	0	1
1107	170.236458	170.529167	A3	64	69	1	-4
1108	170.236458	170.533333	F2	64	94	1	-5
1109	170.236458	170.552083	F3	64	81	1	-3
1110	170.361458	171.359375	F5	64	103	0	3
1111	170.736458	170.963542	F4	64	101	0	1
1112	170.736458	170.965625	F2	64	96	1	-5
1113	170.736458	170.972917	C4	64	97	0	1
1114	170.736458	171.003125	A3	64	92	1	-4
1115	170.861458	171.047917	F3	64	53	1	-3
1116	171.111458	172.261458	C4	64	82	0	1
1117	171.361458	172.305208	A3	64	56	1	-4
1118	171.361458	172.320833	F4	64	74	0	1
1119	171.361458	172.459375	F3	64	65	1	-3
1120	171.361458	172.510417	F2	64	57	1	-5
1121	171.486458	171.822917	F#3	64	96	1	-2
1122	171.486458	172.067708	F#4	64	76	0	2
1123	171.486458	172.085417	C#4	64	90	0	2
1124	171.486458	172.090625	A#3	64	59	1	-3
1125	171.486458	172.511458	F#2	64	92	1	-4
1126	171.986458	172.576042	F#3	64	60	1	-2
1127	172.236458	172.412500	A#3	64	63	1	-3
1128	172.361458	172.609375	C#5	64	90	0	4
1129	172.486458	172.564583	C#4	64	68	0	2
1130	172.611458	172.859375	D#5	64	89	0	1
1131	172.861458	173.359375	F#5	64	100	0	4
1132	173.361458	173.869792	G#5	64	91	0	1
1133	173.361458	174.462500	F#5	64	72	0	4
1134	173.361458	174.913542	F#3	64	56	1	-2
1135	173.611458	174.727083	C#4	64	65	0	2
1136	173.861458	174.108333	A#5	64	93	0	3
1137	173.861458	174.355208	F#4	64	53	0	2
1138	174.111458	175.108333	A#5	64	100	0	3
1139	174.111458	174.514583	G#4	64	65	0	4
1140	174.111458	174.580208	F5	64	85	0	3
1141	174.611458	174.880208	G#4	64	63	0	4
1142	174.611458	174.945833	C#5	64	86	0	4
1143	175.111458	175.359375	A#5	64	98	0	3
1144	175.361458	175.859375	C#6	64	99	0	1
1145	175.361458	175.827083	G#4	64	70	0	4
1146	175.361458	175.832292	D#5	64	91	0	1
1147	175.361458	176.239583	F3	64	60	1	-3
1148	175.611458	176.165625	C#4	64	37	0	2
1149	175.861458	176.109375	D#6	64	90	0	3
1150	175.861458	176.122917	F4	64	62	0	1
1151	176.111458	176.858333	A#5	64	100	0	3
1152	176.111458	176.282292	G#4	64	65	0	4
1153	176.111458	176.673958	C#5	64	90	0	4
1154	176.861458	177.109375	A#5	64	97	0	3
1155	176.861458	177.069792	D#5	64	65	0	1
1156	177.111458	177.359375	C#6	64	86	0	1
1157	177.111458	177.312500	F5	64	72	0	3
1158	177.361458	177.609375	D#6	64	84	0	3
1159	177.361458	177.717708	F#5	64	92	0	4
1160	177.361458	177.795833	A#4	64	63	0	1
1161	177.361458	178.931250	D#3	64	82	1	-5
1162	177.611458	177.859375	F6	64	79	0	5
1163	177.611458	178.900000	A#3	64	54	1	-3
1164	177.861458	178.109375	D#6	64	84	0	3
1165	177.861458	178.803125	D#4	64	53	0	4
1166	178.111458	178.359375	F6	64	82	0	5
1167	178.111458	178.308333	F4	64	70	0	1
1168	178.361458	178.715625	D#6	64	87	0	3
1169	178.361458	178.463542	F#4	64	63	0	2
1170	178.611458	178.801042	A#4	64	68	0	1
1171	178.861458	179.059375	C#5	64	70	0	4
1172	179.111458	179.233333	C#6	64	90	0	1
1173	179.111458	179.312500	F#5	64	78	0	4
1174	179.361458	180.609375	A#5	64	90	0	3
1175	179.361458	179.517708	F#5	64	39	0	4
1176	179.361458	179.623958	F5	64	90	0	3
1177	179.361458	179.665625	G#4	64	72	0	4
1178	179.361458	180.745833	C#3	64	79	1	-2
1179	179.611458	180.494792	G#3	64	68	1	-5
1180	179.861458	180.253125	C#4	64	70	0	2
1181	180.111458	180.296875	D#4	64	68	0	4
1182	180.361458	180.519792	F4	64	91	0	1
1183	180.361458	180.525000	C#4	64	88	0	2
1184	180.611458	181.118750	A#5	64	106	0	3
1185	180.611458	180.717708	G#3	64	91	1	-5
1186	180.611458	180.802083	F#4	64	99	0	2
1187	180.861458	180.946875	G#3	64	99	1	-5
1188	180.861458	180.969792	C#3	64	69	1	-2
1189	180.861458	181.000000	G#4	64	97	0	4
1190	181.111458	181.359375	G#5	64	92	0	1
1191	181.111458	181.262500	C#5	64	63	0	4
1192	181.361458	181.859375	A#5	64	95	0	3
1193	181.361458	181.627083	D#4	64	79	0	4
1194	181.361458	181.629167	F#4	64	85	0	2
1195	181.361458	181.653125	B4	64	81	0	2
1196	181.361458	181.752083	F#3	64	94	1	-2
1197	181.361458	181.781250	B3	64	85	1	-2
1198	181.361458	181.796875	B2	64	78	1	-4
1199	181.736458	181.785417	F#4	64	60	0	2
1200	181.736458	181.810417	C#4	64	74	0	2
1201	181.736458	181.820833	A#4	64	68	0	1
1202	181.861458	182.609375	C#6	64	90	0	1
1203	182.111458	182.447917	B3	64	50	1	-2
1204	182.111458	182.587500	B4	64	74	0	2
1205	182.111458	182.625000	D#4	64	86	0	4
1206	182.111458	182.648958	F#4	64	84	0	2
1207	182.111458	183.004167	F#3	64	97	1	-2
1208	182.111458	183.048958	B2	64	53	1	-4
1209	182.611458	183.109375	A#5	64	100	0	3
1210	182.611458	183.004167	B3	64	85	1	-2
1211	183.111458	183.359375	G#5	64	96	0	1
1212	183.111458	183.233333	G#4	64	70	0	4
1213	183.361458	183.859375	D#5	64	87	0	1
1214	183.361458	183.585417	A#3	64	56	1	-3
1215	183.361458	183.831250	C#4	64	76	0	2
1216	183.361458	183.831250	A#4	64	86	0	1
1217	183.361458	183.864583	F4	64	88	0	1
1218	183.361458	184.253125	A#2	64	91	1	-5
1219	183.861458	184.859375	F#5	64	96	0	4
1220	183.861458	184.244792	A#3	64	63	1	-3
1221	184.111458	184.235417	C#4	64	50	0	2
1222	184.361458	184.583333	A#3	64	90	1	-3
1223	184.361458	184.651042	A#2	64	86	1	-5
1224	184.361458	184.658333	A#4	64	77	0	1
1225	184.361458	184.662500	C#4	64	78	0	2
1226	184.361458	184.668750	F4	64	91	0	1
1227	184.736458	184.804167	A#3	64	82	1	-3
1228	184.736458	184.812500	C#4	64	76	0	2
1229	184.736458	184.820833	G#4	64	72	0	4
1230	184.736458	184.851042	A#2	64	54	1	-5
1231	184.861458	185.109375	F#5	64	99	0	4
1232	185.111458	185.359375	G#5	64	77	0	1
1233	185.111458	185.300000	B4	64	68	0	2
1234	185.111458	185.342708	A2	64	76	1	-1
1235	185.361458	185.609375	A#5	64	89	0	3
1236	185.361458	185.625000	F#4	64	96	0	2
1237	185.361458	185.633333	D#4	64	79	0	4
1238	185.361458	185.633333	B4	64	69	0	2
1239	185.361458	186.819792	G#2	64	94	1	-2
1240	185.611458	185.859375	G#5	64	89	0	1
1241	185.611458	186.475000	D#3	64	47	1	-5
1242	185.861458	186.109375	G#5	64	89	0	1
1243	185.861458	186.444792	G#3	64	76	1	-5
1244	186.111458	186.359375	F#5	64	84	0	4
1245	186.111458	186.331250	B3	64	74	1	-2
1246	186.361458	186.733333	D#6	64	90	0	3
1247	186.361458	186.651042	C#4	64	101	0	2
1248	186.361458	186.704167	B3	64	42	1	-2
1249	186.611458	186.793750	D#4	64	106	0	4
1250	186.611458	186.810417	D#3	64	91	1	-5
1251	186.736458	187.109375	C#6	64	91	0	1
1252	186.861458	186.915625	B3	64	23	1	-2
1253	186.861458	187.088542	F4	64	94	0	1
1254	187.111458	187.359375	F#5	64	91	0	4
1255	187.111458	187.281250	F#4	64	86	0	2
1256	187.361458	188.109375	G#5	64	93	0	1
1257	187.361458	187.537500	C#3	64	65	1	-2
1258	187.361458	187.576042	G#3	64	84	1	-5
1259	187.361458	187.619792	C#4	64	90	0	2
1260	187.361458	187.657292	C#2	64	84	1	-4
1261	187.361458	187.675000	F4	64	86	0	1
1262	187.736458	187.815625	C#4	64	77	0	2
1263	187.736458	187.846875	A#3	64	57	1	-3
1264	187.736458	187.872917	F#4	64	84	0	2
1265	187.736458	188.065625	D#2	64	92	1	-2
1266	188.111458	188.260417	G#3	64	97	1	-5
1267	188.111458	188.261458	C#4	64	94	0	2
1268	188.111458	188.389583	G#4	64	96	0	4
1269	188.111458	188.994792	F2	64	96	1	-5
1270	188.361458	188.609375	C#5	64	90	0	4
1271	188.611458	188.859375	D#5	64	89	0	1
1272	188.611458	189.066667	F3	64	92	1	-3
1273	188.861458	189.359375	F#5	64	100	0	4
1274	188.861458	189.012500	C#4	64	79	0	2
1275	188.861458	189.029167	F#4	64	85	0	2
1276	189.111458	189.292708	G#4	64	86	0	4
1277	189.361458	189.869792	G#5	64	91	0	1
1278	189.361458	189.654167	A#3	64	66	1	-3
1279	189.361458	189.669792	C#4	64	85	0	2
1280	189.361458	189.718750	F#4	64	91	0	2
1281	189.361458	190.935417	F#2	64	88	1	-4
1282	189.611458	190.187500	F#3	64	63	1	-2
1283	189.861458	190.108333	A#5	64	93	0	3
1284	189.861458	190.026042	C#4	64	68	0	2
1285	190.111458	191.108333	A#5	64	100	0	3
1286	190.111458	190.441667	C#4	64	60	0	2
1287	190.111458	190.543750	G#4	64	86	0	4
1288	190.361458	190.586458	F#3	64	63	1	-2
1289	190.611458	190.773958	A#4	64	84	0	1
1290	190.611458	190.797917	C#4	64	97	0	2
1291	190.861458	190.956250	F#3	64	82	1	-2
1292	191.111458	191.359375	A#5	64	98	0	3
1293	191.361458	191.859375	C#6	64	99	0	1
1294	191.361458	191.633333	F2	64	92	1	-5
1295	191.361458	191.693750	D4	64	70	0	3
1296	191.361458	191.705208	A#3	64	70	1	-3
1297	191.361458	191.735417	F4	64	97	0	1
1298	191.611458	192.560417	F3	64	69	1	-3
1299	191.861458	192.109375	D#6	64	90	0	3
1300	191.861458	192.025000	A#3	64	65	1	-3
1301	192.111458	192.858333	A#5	64	100	0	3
1302	192.111458	192.460417	A#3	64	68	1	-3
1303	192.111458	192.469792	G#4	64	106	0	4
1304	192.611458	192.821875	D#4	64	91	0	4
1305	192.861458	193.109375	A#5	64	97	0	3
1306	192.861458	193.067708	F4	64	78	0	1
1307	193.111458	193.359375	C#6	64	86	0	1
1308	193.111458	193.235417	F4	64	22	0	1
1309	193.111458	193.244792	G#4	64	85	0	4
1310	193.111458	193.318750	E2	64	57	1	-1
1311	193.361458	193.609375	D#6	64	84	0	3
1312	193.361458	193.589583	D#2	64	92	1	-2
1313	193.361458	193.834375	C#4	64	86	0	2
1314	193.361458	193.898958	A#3	64	72	1	-3
1315	193.361458	194.057292	F#4	64	86	0	2
1316	193.611458	193.859375	F6	64	79	0	5
1317	193.611458	193.927083	D#3	64	53	1	-5
1318	193.861458	194.109375	D#6	64	84	0	3
1319	193.861458	194.927083	F3	64	69	1	-3
1320	194.111458	194.359375	F6	64	82	0	5
1321	194.111458	194.888542	F#3	64	72	1	-2
1322	194.361458	194.715625	D#6	64	87	0	3
1323	194.361458	194.544792	C#4	64	72	0	2
1324	194.611458	194.772917	F#4	64	72	0	2
1325	194.861458	195.056250	G#4	64	85	0	4
1326	195.111458	195.233333	C#6	64	90	0	1
1327	195.111458	195.278125	A#4	64	82	0	1
1328	195.361458	196.859375	A#5	64	90	0	3
1329	195.361458	195.727083	G#4	64	106	0	4
1330	195.361458	195.826042	E4	64	105	0	5
1331	195.361458	195.998958	C#3	64	79	1	-2
1332	195.611458	195.998958	G#3	64	94	1	-5
1333	195.861458	195.980208	C#4	64	68	0	2
1334	196.111458	196.288542	E4	64	57	0	5
1335	196.236458	196.433333	F#4	64	68	0	2
1336	196.361458	196.431250	G#4	64	77	0	4
1337	196.361458	196.896875	C#4	64	82	0	2
1338	196.361458	196.911458	F#2	64	84	1	-4
1339	196.361458	196.913542	A#4	64	90	0	1
1340	196.361458	196.925000	E4	64	85	0	5
1341	196.611458	196.960417	C#3	64	85	1	-2
1342	196.861458	197.118750	A#5	64	106	0	3
1343	196.861458	197.006250	F#3	64	77	1	-2
1344	197.111458	197.359375	G#5	64	92	0	1
1345	197.111458	197.252083	C#4	64	79	0	2
1346	197.236458	197.318750	C#5	64	56	0	4
1347	197.361458	197.859375	A#5	64	95	0	3
1348	197.361458	197.827083	C#5	64	91	0	4
1349	197.361458	197.877083	D#4	64	79	0	4
1350	197.361458	197.886458	F#4	64	91	0	2
1351	197.361458	197.907292	B4	64	93	0	2
1352	197.361458	199.011458	B2	64	56	1	-4
1353	197.611458	198.822917	F#3	64	84	1	-2
1354	197.861458	198.609375	C#6	64	90	0	1
1355	197.861458	198.194792	B3	64	88	1	-2
1356	198.111458	198.493750	D#4	64	88	0	4
1357	198.111458	198.493750	C#5	64	103	0	4
1358	198.111458	198.500000	F#4	64	74	0	2
1359	198.361458	198.758333	B3	64	63	1	-2
1360	198.611458	199.109375	A#5	64	100	0	3
1361	198.611458	198.931250	B4	64	102	0	2
1362	198.611458	198.944792	D#4	64	66	0	4
1363	198.861458	198.964583	B3	64	86	1	-2
1364	198.861458	198.975000	F#3	64	42	1	-2
1365	199.111458	199.359375	G#5	64	96	0	1
1366	199.111458	199.269792	G#4	64	62	0	4
1367	199.236458	199.333333	A#4	64	63	0	1
1368	199.361458	199.609375	D#5	64	87	0	1
1369	199.361458	199.720833	C#4	64	72	0	2
1370	199.361458	199.726042	G#4	64	79	0	4
1371	199.361458	199.733333	F4	64	88	0	1
1372	199.361458	200.420833	A#2	64	74	1	-5
1373	199.611458	200.859375	F#5	64	96	0	4
1374	199.611458	200.173958	A#3	64	57	1	-3
1375	199.861458	200.006250	C#4	64	59	0	2
1376	200.111458	200.407292	C#4	64	54	0	2
1377	200.111458	200.417708	G#4	64	84	0	4
1378	200.361458	200.507292	A#3	64	53	1	-3
1379	200.611458	200.801042	C#4	64	84	0	2
1380	200.611458	200.960417	C#5	64	88	0	4
1381	200.611458	201.096875	D#3	64	79	1	-5
1382	200.861458	201.109375	D#5	64	99	0	1
1383	200.861458	201.023958	C#4	64	45	0	2
1384	200.861458	201.082292	F#3	64	65	1	-2
1385	201.111458	201.359375	C#5	64	77	0	4
1386	201.111458	201.291667	F#4	64	72	0	2
1387	201.361458	201.734375	D#5	64	89	0	1
1388	201.361458	201.760417	G#2	64	90	1	-2
1389	201.361458	202.318750	F#4	64	91	0	2
1390	201.361458	202.397917	B4	64	115	0	2
1391	201.361458	202.426042	D#4	64	68	0	4
1392	201.611458	201.857292	D#3	64	72	1	-5
1393	201.861458	202.359375	F#5	64	89	0	4
1394	201.861458	202.150000	G#3	64	68	1	-5
1395	202.111458	202.481250	A#3	64	50	1	-3
1396	202.361458	202.734375	F#5	64	89	0	4
1397	202.361458	202.651042	B3	64	81	1	-2
1398	202.611458	202.775000	D#4	64	74	0	4
1399	202.736458	203.109375	F#5	64	100	0	4
1400	202.861458	203.044792	F#4	64	65	0	2
1401	203.111458	203.359375	A#5	64	100	0	3
1402	203.111458	203.363542	G#4	64	66	0	4
1403	203.361458	203.609375	G#5	64	100	0	1
1404	203.361458	203.788542	G#3	64	82	1	-5
1405	203.361458	203.869792	C#4	64	77	0	2
1406	203.361458	203.947917	C#5	64	59	0	4
1407	203.361458	204.032292	F#4	64	72	0	2
1408	203.361458	204.631250	C#3	64	57	1	-2
1409	203.361458	204.671875	F#3	64	79	1	-2
1410	204.111458	204.359375	D#5	64	100	0	1
1411	204.111458	204.733333	G#3	64	77	1	-5
1412	204.361458	204.859375	D#5	64	100	0	1
1413	204.361458	204.779167	C#4	64	47	0	2
1414	204.611458	204.781250	C#5	64	91	0	4
1415	204.861458	205.359375	F#5	64	100	0	4
1416	204.861458	205.033333	F#5	64	68	0	4
1417	205.111458	205.345833	G#5	64	65	0	1
1418	205.361458	205.859375	G#5	64	100	0	1
1419	205.361458	205.657292	A#5	64	66	0	3
1420	205.361458	205.725000	C#5	64	53	0	4
1421	205.361458	206.968750	F#3	64	66	1	-2
1422	205.611458	206.198958	C#4	64	72	0	2
1423	205.861458	206.609375	F#5	64	100	0	4
1424	205.861458	206.213542	F#4	64	54	0	2
1425	206.111458	206.450000	A#4	64	35	0	1
1426	206.611458	206.736458	B4	64	119	0	2
1427	206.861458	206.951042	C#4	64	63	0	2
1428	207.111458	207.232292	G#4	64	68	0	4
1429	207.111458	207.483333	A#4	64	76	0	1
1430	207.611458	207.830208	C#4	64	50	0	2
1431	207.861458	208.038542	F#4	64	70	0	2
1432	208.111458	208.335417	G#4	64	70	0	4
1433	208.361458	208.789583	A#4	64	57	0	1
1434	208.361458	208.891667	C#4	64	50	0	2
1435	208.861458	209.109375	D#5	64	84	0	1
1436	209.111458	209.359375	C#5	64	79	0	4
1437	209.361458	209.859375	D#5	64	89	0	1
1438	209.361458	210.739583	F#3	64	77	1	-2
1439	209.361458	210.751042	F#4	64	50	0	2
1440	209.361458	210.861458	B4	64	45	0	2
1441	209.361458	210.901042	B3	64	34	1	-2
1442	209.361458	210.932292	D#4	64	50	0	4
1443	209.361458	210.983333	B2	64	30	1	-4
1444	209.861458	210.358333	F#5	64	89	0	4
1445	210.361458	210.734375	F#5	64	80	0	4
1446	210.736458	211.109375	F#5	64	80	0	4
1447	211.111458	211.609375	A#5	64	77	0	3
1448	211.611458	214.359375	G#5	64	89	0	1
1449	211.611458	212.113542	F#4	64	60	0	2
1450	211.611458	212.139583	C#4	64	50	0	2
1451	211.611458	212.166667	G#4	64	70	0	4
1452	211.611458	216.954167	C#3	64	63	1	-2
1453	213.236458	214.719792	C#4	64	34	0	2
1454	213.361458	213.647917	C#5	64	39	0	4
1455	213.486458	213.732292	F#5	64	37	0	4
1456	213.736458	214.102083	G#5	64	17	0	1
1457	213.986458	214.354167	C#6	64	30	0	1
1458	215.486458	215.858333	D#5	64	91	0	1
1459	215.861458	216.234375	D#5	64	97	0	1
1460	216.236458	217.109375	F#5	64	104	0	4
1461	217.111458	217.609375	G#5	64	95	0	1
1462	217.611458	221.359375	F#5	64	91	0	4
1463	217.736458	218.320833	C#4	64	63	0	2
1464	217.736458	218.348958	A#3	64	27	1	-3
1465	217.736458	223.679167	F#2	64	81	1	-4
1466	217.861458	218.385417	F#4	64	62	0	2
1467	218.236458	223.665625	C#3	64	42	1	-2
1468	218.486458	223.659375	F#3	64	53	1	-2
1469	218.736458	218.883333	G#3	64	54	1	-5
1470	218.986458	219.126042	C#4	64	63	0	2
1471	219.236458	219.425000	D#4	64	57	0	4
1472	219.361458	219.493750	F4	64	57	0	1
1473	219.611458	219.743750	G#4	64	86	0	4
1474	219.861458	220.065625	F4	64	38	0	1
1475	219.986458	220.135417	G#4	64	68	0	4
1476	220.236458	220.347917	A#4	64	47	0	1
1477	220.486458	220.618750	C#5	64	66	0	4
1478	220.611458	220.846875	A#4	64	54	0	1
1479	220.861458	221.093750	D#5	64	44	0	1
1480	221.111458	221.237500	F5	64	62	0	3
1481	221.486458	221.627083	F#5	64	39	0	4
1482	221.736458	221.913542	G#5	64	60	0	1
1483	222.111458	222.272917	A#5	64	31	0	3
1484	222.611458	222.800000	C#6	64	29	0	1
1485	223.236458	223.436458	F#6	64	29	0	1
