//Version: PianoFingering_v170101
0	2.018647	2.581144	B4	64	79	0	2
1	2.018647	2.585808	D4	64	82	0	3
2	2.018647	2.596069	F#4	64	83	0	2
3	2.018647	4.004645	B3	64	73	1	-2
4	2.018647	5.279825	B2	64	80	1	-4
5	2.802225	3.423491	D4	64	76	0	3
6	2.802225	3.446811	B4	64	75	0	2
7	2.802225	3.449610	F#4	64	77	0	2
8	3.697743	4.322740	F#4	64	69	0	2
9	3.697743	4.375911	B4	64	62	0	2
10	3.697743	4.388038	D4	64	58	0	3
11	4.369382	4.824603	B3	64	45	1	-2
12	4.705201	5.130572	F#4	64	79	0	2
13	4.705201	5.171616	B4	64	75	0	2
14	4.705201	5.184676	D4	64	69	0	3
15	5.152960	5.276094	B3	64	54	1	-2
16	5.600719	6.231313	A4	64	79	0	5
17	5.600719	6.234111	C#4	64	77	0	2
18	5.600719	6.281686	E4	64	81	0	5
19	5.600719	7.596978	A3	64	56	1	-4
20	5.600719	8.772345	A2	64	77	1	-1
21	6.496237	7.122167	A4	64	68	0	5
22	6.496237	7.138958	C#4	64	71	0	2
23	6.496237	7.167875	E4	64	60	0	5
24	7.391755	7.986901	A4	64	62	0	5
25	7.391755	7.996229	C#4	64	69	0	2
26	7.391755	8.020483	E4	64	58	0	5
27	7.951454	8.542869	A3	64	28	1	-4
28	8.287273	8.707980	E4	64	82	0	5
29	8.287273	8.709845	A4	64	76	0	5
30	8.287273	8.712644	C#4	64	75	0	2
31	8.735032	8.873091	A3	64	67	1	-4
32	9.182791	9.783534	D4	64	77	0	3
33	9.182791	9.793795	B4	64	76	0	2
34	9.182791	9.827377	F#4	64	78	0	2
35	9.182791	11.187445	B3	64	61	1	-2
36	9.182791	12.328298	B2	64	79	1	-4
37	9.966369	10.582038	D4	64	76	0	3
38	9.966369	10.582971	B4	64	72	0	2
39	9.966369	10.616552	F#4	64	73	0	2
40	10.973827	11.668786	D4	64	56	0	3
41	10.973827	11.688376	F#4	64	68	0	2
42	10.973827	11.694905	B4	64	59	0	2
43	11.645465	12.278858	B3	64	48	1	-2
44	11.869345	12.392663	D4	64	79	0	3
45	11.869345	12.399193	B4	64	78	0	2
46	11.869345	12.413185	F#4	64	79	0	2
47	12.317104	12.511133	F#3	64	62	1	-2
48	12.764863	13.350681	A4	64	33	0	5
49	12.764863	13.441165	C#4	64	75	0	2
50	12.764863	13.459822	E4	64	79	0	5
51	12.764863	13.911312	A3	64	37	1	-4
52	12.764863	15.725669	A2	64	46	1	-1
53	13.660381	14.254594	C#4	64	68	0	2
54	13.660381	14.274184	A4	64	73	0	5
55	13.660381	14.297505	E4	64	69	0	5
56	14.108140	15.653841	A3	64	10	1	-4
57	14.555899	15.665968	C#4	64	61	0	2
58	14.555899	15.673431	E4	64	61	0	5
59	14.555899	15.714475	A4	64	59	0	5
60	15.899176	16.121190	D5	64	76	0	5
61	16.123055	16.345069	E5	64	79	0	2
62	16.346935	16.792828	F#5	64	90	0	4
63	16.346935	16.928089	F#4	64	72	0	2
64	16.346935	16.940216	D5	64	79	0	5
65	16.346935	16.952342	A4	64	78	0	5
66	16.346935	17.489653	A3	64	72	1	-4
67	16.346935	17.690212	D4	64	58	0	3
68	16.346935	17.739652	D3	64	61	1	-1
69	16.794694	17.240587	A4	64	68	0	5
70	17.242453	17.688346	D5	64	64	0	5
71	17.242453	17.662227	D5	64	83	0	5
72	17.242453	17.714465	F#4	64	74	0	2
73	17.242453	17.716331	A4	64	76	0	5
74	17.690212	17.948606	F#5	64	92	0	4
75	17.690212	17.801219	A3	64	78	1	-4
76	17.914091	18.417820	E5	64	87	0	2
77	18.137971	18.573603	C#5	64	80	0	4
78	18.137971	18.739647	A4	64	80	0	5
79	18.137971	18.745244	E4	64	74	0	5
80	18.137971	19.227518	C#4	64	60	0	2
81	18.137971	19.567068	C#3	64	79	1	-2
82	18.361850	19.479382	F#5	64	91	0	4
83	19.033489	19.373972	C#5	64	82	0	4
84	19.033489	19.437405	A4	64	81	0	5
85	19.033489	19.475651	E4	64	80	0	5
86	19.481248	19.703262	D5	64	82	0	5
87	19.481248	19.582926	C#4	64	68	0	2
88	19.705127	19.964454	C#5	64	87	0	4
89	19.929007	20.374900	D5	64	95	0	5
90	19.929007	20.462586	B4	64	75	0	2
91	19.929007	20.535347	D4	64	72	0	3
92	19.929007	20.553071	F#4	64	76	0	2
93	19.929007	21.052136	B3	64	56	1	-2
94	19.929007	22.639814	B2	64	80	1	-4
95	20.376766	20.597847	B4	64	85	0	2
96	20.600645	23.061454	B4	64	90	0	2
97	20.824525	21.358104	B4	64	53	0	2
98	20.824525	21.380492	D4	64	54	0	3
99	20.824525	21.397283	F#4	64	63	0	2
100	21.272284	22.054929	B3	64	29	1	-2
101	21.720043	22.314256	B4	64	72	0	2
102	21.720043	22.337577	D4	64	69	0	3
103	21.720043	22.373025	F#4	64	74	0	2
104	22.391681	22.776941	B3	64	50	1	-2
105	22.615561	23.070782	D4	64	71	0	3
106	22.615561	23.078245	F#4	64	73	0	2
107	22.615561	23.117424	B4	64	68	0	2
108	22.839440	23.150073	B2	64	76	1	-4
109	23.063320	23.285334	D5	64	90	0	5
110	23.063320	23.290931	C#3	64	81	1	-2
111	23.287199	23.538131	E5	64	87	0	2
112	23.511079	23.956972	F#5	64	93	0	4
113	23.511079	24.008278	D5	64	73	0	5
114	23.511079	24.070778	A4	64	75	0	5
115	23.511079	24.135143	F#4	64	76	0	2
116	23.511079	24.921520	D3	64	83	1	-1
117	23.958838	24.420589	A4	64	74	0	5
118	23.958838	24.515738	D4	64	21	0	3
119	24.406597	24.852490	D5	64	82	0	5
120	24.406597	24.747080	D5	64	82	0	5
121	24.406597	24.763871	A4	64	80	0	5
122	24.406597	24.869281	F#4	64	77	0	2
123	24.854356	25.075437	F#5	64	58	0	4
124	24.854356	24.952303	D4	64	58	0	3
125	25.078235	25.524129	E5	64	69	0	2
126	25.302115	25.748008	C#4	64	60	0	2
127	25.302115	25.856217	C#5	64	76	0	4
128	25.302115	25.923380	A4	64	73	0	5
129	25.302115	25.942970	E4	64	60	0	5
130	25.302115	25.988679	E5	64	68	0	2
131	25.302115	26.751735	C#3	64	84	1	-2
132	25.525994	26.643526	F#5	64	87	0	4
133	25.861814	26.296513	C#4	64	22	0	2
134	26.197633	26.322632	E5	64	31	0	2
135	26.197633	26.580094	A4	64	73	0	5
136	26.197633	26.613676	C#5	64	80	0	4
137	26.197633	26.629534	E4	64	72	0	5
138	26.645392	26.867406	D5	64	98	0	5
139	26.645392	26.733078	C#4	64	53	0	2
140	26.869271	27.091285	C#5	64	72	0	4
141	27.093151	27.539044	D5	64	90	0	5
142	27.093151	27.664976	B4	64	76	0	2
143	27.093151	27.764789	D4	64	71	0	3
144	27.093151	27.802103	F#4	64	79	0	2
145	27.093151	28.263854	B3	64	45	1	-2
146	27.093151	30.018510	B2	64	80	1	-4
147	27.540910	30.225598	F#5	64	101	0	4
148	27.988669	28.494263	D4	64	73	0	3
149	27.988669	28.505457	B4	64	72	0	2
150	27.988669	28.509189	F#4	64	76	0	2
151	28.660307	28.990530	B3	64	1	1	-2
152	28.884187	29.411236	D4	64	58	0	3
153	28.884187	29.455080	B4	64	57	0	2
154	28.884187	29.459744	F#4	64	68	0	2
155	29.555825	29.951346	B3	64	25	1	-2
156	29.779705	30.025039	D4	64	77	0	3
157	29.779705	30.108061	F#4	64	79	0	2
158	29.779705	30.132315	B4	64	76	0	2
159	30.227464	30.449478	A5	64	103	0	2
160	30.227464	30.336605	B2	64	80	1	-4
161	30.451343	30.681753	F#5	64	97	0	4
162	30.675223	31.120183	G5	64	101	0	5
163	30.675223	31.230257	D4	64	72	0	3
164	30.675223	31.232123	G4	64	82	0	3
165	30.675223	31.262907	B3	64	46	1	-2
166	30.675223	31.765703	G3	64	38	1	-1
167	30.675223	32.018500	G2	64	78	1	-3
168	31.122982	31.567942	G5	64	89	0	5
169	31.570741	32.016634	G5	64	97	0	5
170	31.570741	32.066074	G4	64	84	0	3
171	31.570741	32.070738	D4	64	84	0	3
172	31.570741	32.161223	B3	64	75	1	-2
173	32.018500	32.240514	F#5	64	101	0	4
174	32.018500	33.544612	G3	64	44	1	-1
175	32.242379	33.806737	D5	64	87	0	5
176	32.466259	33.153755	G4	64	79	0	3
177	32.466259	33.160285	D4	64	83	0	3
178	32.466259	33.165882	B3	64	62	1	-2
179	32.466259	33.914946	G2	64	75	1	-3
180	33.361777	33.811401	B3	64	73	1	-2
181	33.361777	33.812334	D4	64	83	0	3
182	33.361777	33.813267	G4	64	78	0	3
183	33.809536	34.255429	D5	64	95	0	5
184	33.809536	33.973714	G3	64	57	1	-1
185	34.257295	34.702255	G5	64	105	0	5
186	34.257295	34.846844	D4	64	84	0	3
187	34.257295	34.848710	A#3	64	78	1	-3
188	34.257295	34.870165	G4	64	71	0	3
189	34.257295	35.328185	G3	64	69	1	-1
190	34.257295	37.567913	G2	64	80	1	-3
191	34.705054	35.150014	G5	64	95	0	5
192	35.152813	35.598706	G5	64	99	0	5
193	35.152813	35.610833	G4	64	71	0	3
194	35.152813	35.674265	A#3	64	75	1	-3
195	35.152813	35.743295	D4	64	81	0	3
196	35.600572	35.848705	F#5	64	91	0	4
197	35.600572	37.199445	G3	64	31	1	-1
198	35.824451	36.270345	G5	64	93	0	5
199	36.048331	36.570716	G4	64	77	0	3
200	36.048331	36.582843	D4	64	81	0	3
201	36.048331	36.678925	A#3	64	77	1	-3
202	36.272210	37.389742	A5	64	99	0	2
203	36.943849	37.453175	G4	64	78	0	3
204	36.943849	37.463436	D4	64	83	0	3
205	36.943849	37.494219	A#3	64	78	1	-3
206	37.391608	37.837501	B5	64	103	0	4
207	37.391608	37.534331	G3	64	72	1	-1
208	37.839367	41.419573	A5	64	114	0	2
209	37.839367	38.428916	E4	64	82	0	5
210	37.839367	38.449438	C#4	64	78	0	2
211	37.839367	38.511005	A4	64	81	0	5
212	37.839367	40.003535	A3	64	68	1	-4
213	37.839367	41.012859	A2	64	79	1	-1
214	38.734885	39.303912	E4	64	83	0	5
215	38.734885	39.315106	C#4	64	76	0	2
216	38.734885	39.316972	A4	64	80	0	5
217	39.630403	40.051110	E4	64	82	0	5
218	39.630403	40.120139	C#4	64	72	0	2
219	39.630403	40.148124	A4	64	72	0	5
220	40.078162	40.838419	E3	64	72	1	-4
221	40.525921	40.950359	E4	64	83	0	5
222	40.525921	40.979277	A4	64	79	0	5
223	40.525921	41.026851	C#4	64	76	0	2
224	40.973680	41.112672	A3	64	59	1	-4
225	40.973680	41.425170	E3	64	75	1	-4
226	41.421439	43.496056	A3	64	71	1	-4
227	41.421439	43.624786	E4	64	82	0	5
228	41.421439	43.636913	A4	64	80	0	5
229	41.421439	43.640644	C#4	64	78	0	2
230	41.421439	43.970867	A2	64	78	1	-1
231	44.555752	44.777766	D5	64	76	0	5
232	44.779631	45.001645	E5	64	79	0	2
233	45.003511	45.449404	F#5	64	90	0	4
234	45.003511	45.587463	A4	64	81	0	5
235	45.003511	45.604254	F#4	64	75	0	2
236	45.003511	45.655560	D5	64	83	0	5
237	45.003511	46.103319	D4	64	68	0	3
238	45.003511	46.230184	A3	64	77	1	-4
239	45.003511	46.430743	D3	64	63	1	-1
240	45.451270	45.897163	A4	64	68	0	5
241	45.899029	46.344922	D5	64	64	0	5
242	45.899029	46.343057	A4	64	79	0	5
243	45.899029	46.411153	D5	64	78	0	5
244	45.899029	46.432608	F#4	64	71	0	2
245	46.346788	46.605182	F#5	64	92	0	4
246	46.346788	46.434474	D4	64	69	0	3
247	46.346788	46.475519	A3	64	45	1	-4
248	46.570667	47.074396	E5	64	87	0	2
249	46.794547	47.153687	C#4	64	62	0	2
250	46.794547	47.385962	C#5	64	80	0	4
251	46.794547	47.403686	E4	64	72	0	5
252	46.794547	47.417678	A4	64	78	0	5
253	46.794547	47.468051	E5	64	71	0	2
254	46.794547	48.045474	C#3	64	82	1	-2
255	47.018426	48.135958	F#5	64	91	0	4
256	47.466185	47.820661	C#4	64	18	0	2
257	47.690065	47.995101	A4	64	80	0	5
258	47.690065	48.003496	E4	64	82	0	5
259	47.690065	48.018421	C#5	64	82	0	4
260	47.913944	48.157413	G3	64	77	1	-1
261	48.137824	48.359838	D5	64	82	0	5
262	48.137824	48.338383	B4	64	77	0	2
263	48.361703	48.621030	C#5	64	87	0	4
264	48.361703	48.563195	C#5	64	82	0	4
265	48.585583	49.031476	D5	64	95	0	5
266	48.585583	49.229236	D5	64	83	0	5
267	48.585583	49.274012	A4	64	76	0	5
268	48.585583	49.284273	F#4	64	76	0	2
269	48.585583	50.119157	B2	64	80	1	-4
270	49.033342	49.254423	B4	64	85	0	2
271	49.033342	49.555727	F#3	64	62	1	-2
272	49.257221	51.718030	B4	64	90	0	2
273	49.257221	49.545466	B3	64	57	1	-2
274	49.481101	49.754420	D5	64	84	0	5
275	49.481101	49.768413	F#4	64	82	0	2
276	49.481101	49.870091	A4	64	82	0	5
277	49.704980	50.033337	B3	64	20	1	-2
278	49.704980	50.305724	F#3	64	76	1	-2
279	49.928860	50.428857	F#4	64	68	0	2
280	50.152739	50.507215	D5	64	83	0	5
281	50.376619	51.764672	B2	64	75	1	-4
282	50.600498	50.735759	C#5	64	84	0	4
283	50.600498	50.759080	E4	64	76	0	5
284	50.824378	51.844895	F#3	64	72	1	-2
285	51.048257	51.351427	D4	64	79	0	3
286	51.048257	51.368218	A4	64	75	0	5
287	51.272137	51.801052	B3	64	62	1	-2
288	51.496016	51.545456	A4	64	46	0	5
289	51.496016	51.787993	D4	64	76	0	3
290	51.719896	51.941910	D5	64	90	0	5
291	51.719896	52.006275	E4	64	79	0	5
292	51.943775	52.194707	E5	64	87	0	2
293	51.943775	52.092095	F#4	64	80	0	2
294	52.167655	52.613548	F#5	64	93	0	4
295	52.167655	52.447504	D4	64	82	0	3
296	52.167655	52.507205	F#4	64	82	0	2
297	52.167655	53.597685	D3	64	83	1	-1
298	52.615414	53.077165	A4	64	74	0	5
299	52.615414	53.354216	A3	64	67	1	-4
300	53.063173	53.509066	D5	64	82	0	5
301	53.063173	53.319701	E4	64	72	0	5
302	53.063173	53.371007	A4	64	75	0	5
303	53.063173	53.379403	F#4	64	78	0	2
304	53.287052	53.595819	D4	64	68	0	3
305	53.510932	53.732013	F#5	64	58	0	4
306	53.510932	54.024922	A3	64	73	1	-4
307	53.734811	54.180705	E5	64	69	0	2
308	53.734811	54.039847	B4	64	76	0	2
309	53.958691	54.326226	A4	64	82	0	5
310	53.958691	54.379398	E4	64	77	0	5
311	53.958691	55.428833	C#3	64	84	1	-2
312	54.182570	55.300102	F#5	64	87	0	4
313	54.182570	55.447490	A3	64	72	1	-4
314	54.406450	54.864470	C#4	64	62	0	2
315	54.630329	54.906447	E4	64	71	0	5
316	54.854209	55.172304	A4	64	83	0	5
317	55.190028	55.466146	C#5	64	90	0	4
318	55.301968	55.523982	D5	64	98	0	5
319	55.301968	55.404579	C#4	64	62	0	2
320	55.525847	55.747861	C#5	64	72	0	4
321	55.525847	55.672302	D5	64	80	0	5
322	55.749727	56.195620	D5	64	90	0	5
323	55.749727	56.162038	D5	64	76	0	5
324	55.749727	56.166702	B4	64	79	0	2
325	55.749727	56.194687	F#4	64	74	0	2
326	55.749727	58.808480	B2	64	82	1	-4
327	56.197486	58.882174	F#5	64	101	0	4
328	56.197486	56.715207	F#3	64	63	1	-2
329	56.645245	57.062220	B3	64	51	1	-2
330	56.645245	57.136847	F#4	64	75	0	2
331	56.645245	57.154571	D4	64	79	0	3
332	57.093004	58.811279	F#3	64	34	1	-2
333	57.540763	58.040760	C#4	64	75	0	2
334	57.540763	58.040760	F#4	64	74	0	2
335	57.540763	58.207737	D4	64	77	0	3
336	58.212401	58.455870	B3	64	58	1	-2
337	58.436281	58.698406	C#4	64	75	0	2
338	58.436281	58.734787	D4	64	80	0	3
339	58.436281	58.760906	F#4	64	84	0	2
340	58.548221	58.681615	B3	64	62	1	-2
341	58.884040	59.106054	A5	64	103	0	2
342	58.884040	59.077136	E4	64	78	0	5
343	59.107919	59.338329	F#5	64	97	0	4
344	59.107919	59.304747	F#4	64	76	0	2
345	59.331799	59.776759	G5	64	101	0	5
346	59.331799	59.476388	G2	64	86	1	-3
347	59.331799	59.809408	D4	64	80	0	3
348	59.331799	59.839259	D5	64	43	0	5
349	59.331799	59.845789	G4	64	80	0	3
350	59.331799	59.877505	B4	64	78	0	2
351	59.779558	60.224518	G5	64	89	0	5
352	59.779558	60.503435	G3	64	68	1	-1
353	60.227317	60.673210	G5	64	97	0	5
354	60.227317	60.567800	D4	64	78	0	3
355	60.227317	60.585524	D5	64	39	0	5
356	60.227317	60.596718	G4	64	71	0	3
357	60.227317	60.642427	B4	64	78	0	2
358	60.675076	60.897090	F#5	64	101	0	4
359	60.675076	61.678802	G3	64	75	1	-1
360	60.898955	62.463313	D5	64	87	0	5
361	61.122835	61.354177	B4	64	77	0	2
362	61.122835	61.406416	G5	64	90	0	5
363	61.122835	61.413878	D5	64	83	0	5
364	61.570594	61.711451	A4	64	69	0	5
365	61.570594	61.933465	F#5	64	72	0	4
366	61.794473	62.391485	G3	64	69	1	-1
367	62.018353	62.148949	B4	64	63	0	2
368	62.018353	62.196524	G5	64	84	0	5
369	62.466112	62.912005	D5	64	95	0	5
370	62.466112	62.544470	G3	64	80	1	-1
371	62.466112	62.573387	F#5	64	78	0	4
372	62.913871	63.358831	G5	64	105	0	5
373	62.913871	63.121892	D5	64	83	0	5
374	62.913871	63.142414	E5	64	83	0	2
375	62.913871	63.179728	A#4	64	76	0	1
376	62.913871	63.268347	G3	64	63	1	-1
377	62.913871	64.300991	G2	64	82	1	-3
378	63.361630	63.806590	G5	64	95	0	5
379	63.361630	63.876553	G3	64	40	1	-1
380	63.809389	64.255282	G5	64	99	0	5
381	63.809389	64.163865	D4	64	82	0	3
382	63.809389	64.281401	A#3	64	81	1	-3
383	63.809389	64.317782	G4	64	80	0	3
384	64.257148	64.505281	F#5	64	91	0	4
385	64.257148	64.540729	G3	64	49	1	-1
386	64.481027	65.152666	G5	64	93	0	5
387	64.481027	64.653601	D3	64	72	1	-1
388	64.592967	66.093893	G2	64	69	1	-3
389	64.704907	65.028599	G4	64	79	0	3
390	64.704907	65.058450	A#3	64	80	1	-3
391	64.704907	65.060316	D4	64	82	0	3
392	64.816847	66.102288	D3	64	80	1	-1
393	65.040726	65.567776	G3	64	69	1	-1
394	65.148935	66.046318	A5	64	99	0	2
395	65.264606	65.452105	A#3	64	75	1	-3
396	65.488485	65.816842	D4	64	93	0	3
397	65.712365	66.084564	G3	64	71	1	-1
398	65.936244	66.025796	D4	64	78	0	3
399	65.936244	66.101355	G4	64	84	0	3
400	66.048184	66.494077	B5	64	103	0	4
401	66.384003	66.814971	C#4	64	80	0	2
402	66.384003	66.859747	A4	64	84	0	5
403	66.384003	66.864411	E4	64	82	0	5
404	66.384003	67.763660	A2	64	82	1	-1
405	66.495943	70.076149	A5	64	114	0	2
406	66.831762	67.348551	E3	64	81	1	-4
407	67.391461	67.711422	B3	64	74	1	-2
408	67.391461	67.745937	G4	64	86	0	3
409	67.391461	67.753399	D4	64	80	0	3
410	67.391461	67.915712	A3	64	74	1	-4
411	67.839220	67.978212	B3	64	62	1	-2
412	67.839220	68.171308	E3	64	82	1	-4
413	68.063099	68.210487	D4	64	80	0	3
414	68.286979	68.618134	E4	64	79	0	5
415	68.286979	68.650783	A4	64	83	0	5
416	68.286979	68.660111	C#5	64	84	0	4
417	68.286979	68.963281	A3	64	59	1	-4
418	68.286979	69.769248	A2	64	79	1	-1
419	68.958617	69.253392	E4	64	79	0	5
420	68.958617	69.300966	B4	64	83	0	2
421	69.182497	69.836412	A3	64	61	1	-4
422	69.406376	69.932493	E4	64	82	0	5
423	69.406376	69.935292	C#5	64	93	0	4
424	69.854135	70.082679	E3	64	79	1	-4
425	70.078015	70.677825	E4	64	83	0	5
426	70.078015	70.710474	E5	64	90	0	2
427	70.078015	70.784168	A4	64	81	0	5
428	70.078015	71.125584	A3	64	79	1	-4
429	70.078015	71.658231	A2	64	83	1	-1
430	70.973533	71.501515	A4	64	82	0	5
431	70.973533	71.547224	F#4	64	80	0	2
432	70.973533	71.735656	D5	64	84	0	5
433	71.421292	71.724462	A3	64	60	1	-4
434	71.869051	72.179684	A3	64	82	1	-4
435	71.869051	72.467928	A4	64	78	0	5
436	71.869051	72.477257	C#5	64	83	0	4
437	71.869051	72.501510	E4	64	80	0	5
438	71.869051	73.025762	A2	64	84	1	-1
439	72.316810	72.985650	A3	64	22	1	-4
440	72.764569	73.210462	F#6	64	87	0	1
441	72.764569	73.265499	E4	64	80	0	5
442	72.764569	73.273895	A4	64	84	0	5
443	72.764569	73.291618	C#5	64	90	0	4
444	73.212328	73.658221	E6	64	100	0	4
445	73.212328	73.307477	E3	64	95	1	-4
446	73.660087	74.553739	F#6	64	105	0	1
447	73.660087	74.341054	D5	64	90	0	5
448	73.660087	74.368106	F#4	64	83	0	2
449	73.660087	74.373703	A4	64	86	0	5
450	73.660087	74.768290	D4	64	81	0	3
451	73.660087	75.102244	D3	64	90	1	-1
452	74.555605	75.001498	E6	64	106	0	4
453	74.555605	75.065864	D5	64	86	0	5
454	74.555605	75.091983	A4	64	84	0	5
455	74.555605	75.101311	F#4	64	81	0	2
456	75.003364	75.225378	D6	64	91	0	2
457	75.003364	75.099445	D4	64	75	0	3
458	75.227243	76.344775	E6	64	106	0	4
459	75.451123	75.852240	C#4	64	74	0	2
460	75.451123	76.141418	C#5	64	83	0	4
461	75.451123	76.146082	E5	64	76	0	2
462	75.451123	76.161007	E4	64	77	0	5
463	75.451123	76.168470	A4	64	76	0	5
464	75.451123	76.598505	C#3	64	86	1	-2
465	75.898882	76.292537	C#4	64	57	0	2
466	76.346641	76.792534	D6	64	103	0	2
467	76.346641	76.846638	A4	64	80	0	5
468	76.346641	76.858765	E4	64	83	0	5
469	76.346641	76.902608	C#5	64	86	0	4
470	76.794400	77.240293	C#6	64	97	0	1
471	76.794400	76.882086	C#4	64	72	0	2
472	76.794400	76.934325	C#3	64	72	1	-2
473	77.242159	77.703910	D6	64	93	0	2
474	77.242159	77.613426	B3	64	75	1	-2
475	77.242159	77.937118	D5	64	84	0	5
476	77.242159	77.945514	F#4	64	77	0	2
477	77.242159	77.952976	A4	64	79	0	5
478	77.242159	78.585436	B2	64	84	1	-4
479	77.689918	78.135811	C#6	64	91	0	1
480	77.913797	78.269206	B3	64	59	1	-2
481	78.137677	78.599428	B5	64	90	0	4
482	78.137677	78.600361	D5	64	90	0	5
483	78.137677	78.628346	A4	64	84	0	5
484	78.137677	78.632077	F#4	64	83	0	2
485	78.585436	78.807450	C#6	64	75	0	1
486	78.585436	78.642339	B2	64	79	1	-4
487	78.585436	78.663794	B3	64	73	1	-2
488	78.809315	80.374606	F#5	64	77	0	4
489	79.033195	79.397932	F#3	64	79	1	-2
490	79.033195	79.524797	C#5	64	83	0	4
491	79.033195	79.540655	E4	64	79	0	5
492	79.033195	79.736550	A4	64	78	0	5
493	79.033195	80.666582	F#2	64	86	1	-4
494	79.704833	80.275726	F#3	64	84	1	-2
495	79.928713	80.146063	C#5	64	84	0	4
496	79.928713	80.271062	F#4	64	81	0	2
497	80.152592	80.455762	D5	64	86	0	5
498	80.376472	80.607814	B5	64	99	0	4
499	80.376472	80.516397	C#5	64	82	0	4
500	80.600351	80.848484	C#6	64	90	0	1
501	80.600351	80.713224	F#3	64	79	1	-2
502	80.600351	80.770127	A4	64	80	0	5
503	80.824231	81.269191	D6	64	99	0	2
504	80.824231	81.231878	G3	64	79	1	-1
505	80.824231	81.517324	B4	64	76	0	2
506	80.824231	81.520123	D4	64	82	0	3
507	80.824231	81.545309	G4	64	79	0	3
508	80.824231	82.221612	G2	64	77	1	-3
509	81.271990	81.493071	D6	64	101	0	2
510	81.495869	82.165642	D6	64	101	0	2
511	81.495869	82.006128	G3	64	75	1	-1
512	81.719749	82.156314	B4	64	76	0	2
513	81.719749	82.246798	D4	64	78	0	3
514	81.719749	82.246798	G4	64	83	0	3
515	81.943628	82.561163	D3	64	83	1	-1
516	82.167508	82.389522	C#6	64	93	0	1
517	82.167508	82.395119	G3	64	73	1	-1
518	82.391387	82.634856	D6	64	90	0	2
519	82.391387	82.534111	G4	64	73	0	3
520	82.391387	82.548103	B4	64	69	0	2
521	82.615267	83.060227	E6	64	103	0	4
522	82.615267	83.160973	A2	64	84	1	-1
523	82.615267	83.751455	A4	64	80	0	5
524	82.615267	83.765448	C#5	64	80	0	4
525	82.615267	83.773843	E4	64	82	0	5
526	83.063026	83.507986	E6	64	93	0	4
527	83.063026	83.243995	E3	64	79	1	-4
528	83.286905	83.624590	A3	64	58	1	-4
529	83.510785	83.844738	E6	64	100	0	4
530	83.510785	83.970671	B3	64	73	1	-2
531	83.734664	83.982797	C#4	64	84	0	2
532	83.846604	84.180558	D6	64	92	0	2
533	83.958544	84.235595	E4	64	78	0	5
534	84.182423	84.448280	E6	64	98	0	4
535	84.182423	84.318617	A4	64	82	0	5
536	84.406303	87.090058	F#6	64	105	0	1
537	84.406303	84.702943	B2	64	82	1	-4
538	84.406303	85.341000	F#4	64	84	0	2
539	84.406303	85.378313	D5	64	91	0	5
540	84.630182	84.820480	F#3	64	79	1	-2
541	84.854062	85.132046	B3	64	58	1	-2
542	85.077941	85.623648	C#4	64	78	0	2
543	85.301821	85.590066	D4	64	86	0	3
544	85.525700	85.682416	F#4	64	79	0	2
545	85.749580	85.995847	C#5	64	83	0	4
546	85.973459	86.014504	F#4	64	53	0	2
547	85.973459	86.296219	D5	64	91	0	5
548	86.197339	86.400696	C#5	64	84	0	4
549	86.197339	87.547146	B2	64	78	1	-4
550	86.421218	86.627374	B4	64	75	0	2
551	86.421218	87.611511	F#3	64	78	1	-2
552	86.645098	86.868977	F#4	64	75	0	2
553	86.868977	87.061141	E4	64	68	0	5
554	87.092857	87.592854	F#6	64	94	0	1
555	87.092857	87.448266	D4	64	76	0	3
556	87.540616	87.986509	E6	64	99	0	4
557	87.540616	87.547146	B3	64	62	1	-2
558	87.540616	87.650690	C#4	64	69	0	2
559	87.764495	87.919345	D4	64	80	0	3
560	87.988375	88.882027	F#6	64	103	0	1
561	87.988375	88.329791	F#4	64	81	0	2
562	87.988375	88.359642	D4	64	82	0	3
563	87.988375	88.774752	A3	64	78	1	-4
564	87.988375	88.973445	D3	64	82	1	-1
565	88.660013	89.232772	D2	64	50	1	-3
566	88.883893	89.329786	E6	64	99	0	4
567	88.883893	89.192660	A3	64	82	1	-4
568	88.883893	89.208518	D4	64	86	0	3
569	88.883893	89.238369	A4	64	86	0	5
570	89.107772	89.378293	D3	64	78	1	-1
571	89.331652	89.553666	D6	64	84	0	2
572	89.331652	89.518218	A3	64	61	1	-4
573	89.555531	90.672130	E6	64	99	0	4
574	89.555531	89.700120	A4	64	80	0	5
575	89.779411	90.045268	C#4	64	82	0	2
576	89.779411	90.078850	E4	64	84	0	5
577	89.779411	90.111499	A4	64	71	0	5
578	89.779411	91.226232	C#3	64	90	1	-2
579	90.227170	91.265411	G3	64	72	1	-1
580	90.451049	90.529407	A4	64	68	0	5
581	90.451049	90.577914	E4	64	58	0	5
582	90.451049	90.717839	D5	64	84	0	5
583	90.674929	91.120822	E6	64	100	0	4
584	90.674929	90.886682	C#4	64	54	0	2
585	90.898808	91.146941	F#4	64	70	0	2
586	90.898808	91.175859	C#5	64	81	0	4
587	91.122688	91.568581	F#6	64	99	0	1
588	91.122688	91.207575	C#4	64	68	0	2
589	91.346567	91.512611	B4	64	75	0	2
590	91.570447	92.016340	G6	64	93	0	2
591	91.570447	91.750483	G2	64	84	1	-3
592	91.570447	92.310182	B4	64	80	0	2
593	91.570447	92.324174	D4	64	79	0	3
594	91.570447	92.327906	G4	64	57	0	3
595	91.794326	92.092832	G3	64	47	1	-1
596	92.018206	92.464099	F#6	64	97	0	1
597	92.018206	92.805515	A3	64	76	1	-4
598	92.242085	92.781262	B3	64	80	1	-2
599	92.465965	92.911858	E6	64	98	0	4
600	92.465965	92.623613	D4	64	81	0	3
601	92.689844	92.835366	G4	64	83	0	3
602	92.913724	93.145066	G6	64	90	0	2
603	92.913724	93.076036	A4	64	79	0	5
604	93.137603	93.583497	F#6	64	90	0	1
605	93.137603	93.308311	B4	64	77	0	2
606	93.361483	93.690772	F#4	64	59	0	2
607	93.361483	93.860548	D5	64	91	0	5
608	93.361483	94.808304	B2	64	81	1	-4
609	93.585362	94.701961	B5	64	93	0	4
610	93.585362	94.832558	F#3	64	78	1	-2
611	93.809242	94.044315	B3	64	53	1	-2
612	94.033121	94.137598	E4	64	75	0	5
613	94.033121	94.192635	C#5	64	84	0	4
614	94.257001	94.343754	C#5	64	49	0	4
615	94.257001	94.489276	B3	64	43	1	-2
616	94.480880	94.785916	F#4	64	76	0	2
617	94.480880	94.817632	D5	64	86	0	5
618	94.704760	94.926774	B5	64	89	0	4
619	94.704760	94.815767	B3	64	62	1	-2
620	94.928639	95.155317	C#6	64	66	0	1
621	94.928639	95.085355	A4	64	82	0	5
622	95.152519	95.396921	D6	64	68	0	2
623	95.152519	95.641322	B4	64	78	0	2
624	95.152519	95.804568	D4	64	84	0	3
625	95.152519	95.846545	G4	64	80	0	3
626	95.152519	96.575086	G2	64	82	1	-3
627	95.376398	95.614270	C#6	64	66	0	1
628	95.600278	95.837217	B5	64	62	0	4
629	95.824157	96.288707	D6	64	81	0	2
630	95.824157	96.075089	G3	64	61	1	-1
631	96.048037	96.346543	B4	64	77	0	2
632	96.048037	96.367065	D4	64	83	0	3
633	96.048037	96.370796	G4	64	84	0	3
634	96.271916	96.505124	C#6	64	53	0	1
635	96.271916	96.614265	G3	64	78	1	-1
636	96.495796	96.949152	D6	64	63	0	2
637	96.495796	96.662773	D4	64	72	0	3
638	96.719675	96.795235	G4	64	68	0	3
639	96.719675	96.886652	B4	64	78	0	2
640	96.943555	97.190755	E6	64	92	0	4
641	96.943555	97.346538	A2	64	90	1	-1
642	96.943555	97.864259	A4	64	80	0	5
643	96.943555	97.891311	C#5	64	90	0	4
644	96.943555	97.902505	E4	64	84	0	5
645	97.167434	97.406239	D6	64	68	0	2
646	97.167434	97.385717	E3	64	80	1	-4
647	97.391314	97.613328	C#6	64	62	0	1
648	97.391314	97.691685	A3	64	54	1	-4
649	97.615193	98.090937	E6	64	84	0	4
650	97.615193	98.136646	B3	64	73	1	-2
651	97.839073	98.123586	C#4	64	80	0	2
652	98.062952	98.284966	D6	64	92	0	2
653	98.062952	98.224332	E4	64	72	0	5
654	98.286832	98.732725	E6	64	77	0	4
655	98.286832	98.662763	B4	64	78	0	2
656	98.510711	98.686084	C#5	64	82	0	4
657	98.734591	99.180484	D6	64	95	0	2
658	98.734591	99.209402	B2	64	79	1	-4
659	98.734591	99.889436	D5	64	79	0	5
660	98.734591	99.914622	F#4	64	74	0	2
661	98.958470	99.276566	F#3	64	71	1	-2
662	99.182350	99.403431	B5	64	99	0	4
663	99.406229	100.748573	B5	64	91	0	4
664	99.406229	99.702870	B3	64	72	1	-2
665	99.630109	101.964985	C#4	64	67	0	2
666	99.853988	100.535888	D4	64	76	0	3
667	100.077868	100.251374	F#4	64	63	0	2
668	100.301747	100.501373	C#5	64	72	0	4
669	100.525627	100.778424	D5	64	80	0	5
670	100.749506	100.913685	C#5	64	79	0	4
671	100.973386	101.135698	B4	64	71	0	2
672	101.197265	101.372638	F#4	64	75	0	2
673	101.421145	101.690733	B4	64	73	0	2
674	101.421145	101.942597	D4	64	75	0	3
675	101.645024	101.787748	C#5	64	78	0	4
676	101.868904	101.994836	E5	64	80	0	2
677	102.316663	102.975242	G3	64	84	1	-1
678	102.316663	103.248561	B4	64	86	0	2
679	102.316663	103.249494	D4	64	84	0	3
680	102.316663	103.262554	G4	64	90	0	3
681	102.316663	103.281210	G2	64	81	1	-3
682	103.212181	103.295203	G3	64	78	1	-1
683	103.659940	104.302661	A3	64	84	1	-4
684	103.659940	104.787733	C#5	64	93	0	4
685	103.659940	104.808255	E4	64	83	0	5
686	103.659940	104.828777	A4	64	84	0	5
687	103.659940	105.324111	A2	64	91	1	-1
688	104.779337	105.009747	A3	64	79	1	-4
689	105.003217	105.302656	E4	64	86	0	5
690	105.003217	105.317581	C#5	64	96	0	4
691	105.003217	105.376349	A4	64	90	0	5
692	105.227096	105.407133	A3	64	93	1	-4
693	105.450976	105.641273	D5	64	76	0	5
694	105.450976	105.710303	E4	64	76	0	5
695	105.674855	105.865153	E5	64	79	0	2
696	105.674855	105.886608	A4	64	79	0	5
697	105.898735	106.312912	F#5	64	90	0	4
698	105.898735	106.460299	F#4	64	53	0	2
699	105.898735	106.475225	A4	64	57	0	5
700	105.898735	106.516269	E4	64	61	0	5
701	105.898735	106.516269	D5	64	72	0	5
702	105.898735	106.897797	D4	64	60	0	3
703	105.898735	107.321302	D3	64	72	1	-1
704	105.898735	107.339959	A3	64	72	1	-4
705	106.346494	106.760671	A4	64	68	0	5
706	106.794253	107.208430	D5	64	64	0	5
707	106.794253	107.187908	D5	64	54	0	5
708	106.794253	107.243877	A4	64	72	0	5
709	106.794253	107.289586	F#4	64	71	0	2
710	106.794253	107.292385	E4	64	59	0	5
711	107.242012	107.468690	F#5	64	92	0	4
712	107.242012	107.340892	D4	64	59	0	3
713	107.465891	107.937904	E5	64	87	0	2
714	107.689771	108.042381	C#4	64	50	0	2
715	107.689771	108.335290	C#5	64	76	0	4
716	107.689771	108.361409	E4	64	69	0	5
717	107.689771	108.370738	A4	64	73	0	5
718	107.689771	109.014391	C#3	64	72	1	-2
719	107.913650	108.999466	F#5	64	91	0	4
720	108.361409	108.705624	C#4	64	25	0	2
721	108.585289	108.900586	C#5	64	79	0	4
722	108.585289	108.997600	A4	64	76	0	5
723	108.585289	109.019988	E4	64	75	0	5
724	109.033048	109.223345	D5	64	82	0	5
725	109.033048	109.443494	G3	64	50	1	-1
726	109.256927	109.485471	C#5	64	87	0	4
727	109.480807	109.894984	D5	64	95	0	5
728	109.480807	109.832484	A4	64	75	0	5
729	109.480807	109.908044	F#4	64	76	0	2
730	109.480807	109.951887	D4	64	72	0	3
731	109.480807	110.378190	B2	64	79	1	-4
732	109.928566	110.117931	B4	64	85	0	2
733	109.928566	110.374459	F#3	64	68	1	-2
734	110.152445	112.581538	B4	64	90	0	2
735	110.376325	110.575018	D4	64	62	0	3
736	110.376325	110.664570	F#4	64	71	0	2
737	110.376325	110.744793	A4	64	71	0	5
738	110.376325	110.868860	B3	64	47	1	-2
739	110.824084	112.369785	C#4	64	61	0	2
740	111.271843	112.295159	D4	64	68	0	3
741	111.719602	112.269972	D5	64	76	0	5
742	112.167361	112.519971	E4	64	73	0	5
743	112.167361	112.592732	C#5	64	84	0	4
744	112.615120	112.805417	D5	64	90	0	5
745	112.615120	113.524630	A4	64	82	0	5
746	112.838999	113.058215	E5	64	87	0	2
747	113.062879	113.477056	F#5	64	93	0	4
748	113.062879	113.509705	F#4	64	73	0	2
749	113.062879	114.415484	D3	64	78	1	-1
750	113.510638	113.940673	A4	64	74	0	5
751	113.510638	114.012501	A3	64	54	1	-4
752	113.958397	114.372574	D5	64	82	0	5
753	113.958397	114.368843	D4	64	67	0	3
754	113.958397	114.380037	F#4	64	74	0	2
755	113.958397	114.449066	E4	64	70	0	5
756	113.958397	114.449066	A4	64	72	0	5
757	114.406156	114.595521	A5	64	58	0	2
758	114.406156	114.861377	A3	64	54	1	-4
759	114.630035	115.044212	A5	64	69	0	2
760	114.853915	115.316599	A4	64	75	0	5
761	114.853915	115.367905	E4	64	78	0	5
762	114.853915	116.241035	C#3	64	80	1	-2
763	115.077794	116.163610	F#5	64	87	0	4
764	115.301674	115.832455	A3	64	56	1	-4
765	115.749433	115.991036	E4	64	83	0	5
766	115.749433	116.015290	A4	64	83	0	5
767	115.973312	116.216781	A3	64	76	1	-4
768	116.197192	116.387489	D5	64	98	0	5
769	116.197192	116.363236	E4	64	73	0	5
770	116.421071	116.611369	C#5	64	72	0	4
771	116.421071	116.581518	F#4	64	76	0	2
772	116.644951	117.059128	D5	64	90	0	5
773	116.644951	117.098307	F#4	64	73	0	2
774	116.644951	117.163605	D4	64	79	0	3
775	116.644951	119.311915	B2	64	74	1	-4
776	117.092710	119.745682	F#5	64	101	0	4
777	117.092710	117.622558	F#3	64	59	1	-2
778	117.540469	117.960243	F#4	64	72	0	2
779	117.540469	118.000355	D4	64	74	0	3
780	117.540469	118.030205	C#4	64	63	0	2
781	117.540469	118.675724	B3	64	55	1	-2
782	117.988228	119.421989	F#3	64	42	1	-2
783	118.435987	118.784866	F#4	64	73	0	2
784	118.435987	118.932253	C#4	64	56	0	2
785	118.435987	119.042327	D4	64	74	0	3
786	119.107625	119.357624	B3	64	46	1	-2
787	119.331505	119.659861	C#4	64	72	0	2
788	119.331505	119.693443	F#4	64	76	0	2
789	119.331505	119.702772	D4	64	80	0	3
790	119.555384	119.790458	B2	64	75	1	-4
791	119.779264	119.969561	A5	64	103	0	2
792	119.779264	119.928517	F#3	64	75	1	-2
793	120.003143	120.201836	F#5	64	97	0	4
794	120.003143	120.158926	E4	64	76	0	5
795	120.227023	120.640267	G5	64	101	0	5
796	120.227023	120.697170	G4	64	84	0	3
797	120.227023	120.779259	D4	64	80	0	3
798	120.227023	120.790453	B3	64	75	1	-2
799	120.227023	121.716754	G2	64	83	1	-3
800	120.674782	121.088026	G5	64	89	0	5
801	120.674782	121.300712	G3	64	53	1	-1
802	121.122541	121.536718	G5	64	97	0	5
803	121.122541	121.643061	G4	64	83	0	3
804	121.122541	121.657986	D4	64	83	0	3
805	121.122541	121.671978	B3	64	73	1	-2
806	121.570300	121.760597	F#5	64	101	0	4
807	121.570300	121.880000	G3	64	63	1	-1
808	121.794179	123.326821	D5	64	87	0	5
809	122.018059	122.584287	G4	64	72	0	3
810	122.018059	122.611339	B3	64	68	1	-2
811	122.018059	122.640257	D4	64	79	0	3
812	122.018059	123.485402	G2	64	74	1	-3
813	122.465818	122.859473	G3	64	55	1	-1
814	122.913577	123.366000	B3	64	75	1	-2
815	122.913577	123.366933	G4	64	81	0	3
816	122.913577	123.390254	D4	64	82	0	3
817	123.361336	123.775513	D5	64	95	0	5
818	123.361336	123.635588	G3	64	73	1	-1
819	123.809095	124.222339	G5	64	105	0	5
820	123.809095	124.409838	D4	64	82	0	3
821	123.809095	124.432226	G4	64	83	0	3
822	123.809095	124.434092	A#3	64	79	1	-3
823	123.809095	124.798829	G3	64	67	1	-1
824	123.809095	125.200879	G2	64	78	1	-3
825	124.256854	124.670098	G5	64	95	0	5
826	124.704613	125.118790	G5	64	99	0	5
827	124.704613	125.209275	G4	64	71	0	3
828	124.704613	125.227931	D4	64	82	0	3
829	124.704613	125.241924	A#3	64	76	1	-3
830	125.152372	125.369722	F#5	64	91	0	4
831	125.152372	125.523639	G3	64	62	1	-1
832	125.376251	125.790428	G5	64	93	0	5
833	125.600131	126.119718	G4	64	76	0	3
834	125.600131	126.150501	A#3	64	76	1	-3
835	125.600131	126.206471	D4	64	79	0	3
836	125.600131	126.953669	G2	64	53	1	-3
837	125.824010	126.909826	A5	64	99	0	2
838	126.047890	126.512440	G3	64	51	1	-1
839	126.495649	126.961132	A#3	64	77	1	-3
840	126.495649	126.967661	G4	64	83	0	3
841	126.495649	126.989117	D4	64	86	0	3
842	126.943408	127.357585	B5	64	103	0	4
843	126.943408	127.068407	G3	64	71	1	-1
844	127.391167	130.939657	A5	64	114	0	2
845	127.391167	127.558144	A2	64	83	1	-1
846	127.391167	127.874373	A5	64	86	0	2
847	127.615046	127.949933	A3	64	68	1	-4
848	127.838926	128.622504	B3	64	76	1	-2
849	128.062805	128.613176	C#4	64	86	0	2
850	128.286685	128.581459	E4	64	76	0	5
851	128.510564	128.819331	A4	64	83	0	5
852	128.734444	129.045077	D5	64	86	0	5
853	128.958323	129.264292	E4	64	82	0	5
854	128.958323	129.468582	C#5	64	90	0	4
855	129.182203	129.570261	A2	64	80	1	-1
856	129.406082	129.528283	F#4	64	78	0	2
857	129.406082	129.552537	D5	64	90	0	5
858	129.406082	129.616902	E3	64	80	1	-4
859	129.629962	129.692462	A4	64	47	0	5
860	129.629962	130.179399	A3	64	63	1	-4
861	129.853841	129.881826	F#4	64	43	0	2
862	129.853841	129.950856	A4	64	83	0	5
863	129.853841	130.004960	E5	64	91	0	2
864	130.077721	130.536674	B3	64	49	1	-2
865	130.301600	130.644882	C#4	64	83	0	2
866	130.525480	130.688725	E5	64	90	0	2
867	130.749359	130.948985	F#5	64	78	0	4
868	130.973239	131.251223	G5	64	90	0	5
869	130.973239	131.257752	B4	64	75	0	2
870	130.973239	131.260551	D5	64	82	0	5
871	130.973239	132.518940	A2	64	84	1	-1
872	131.420998	131.503087	A4	64	50	0	5
873	131.420998	131.603833	F#5	64	76	0	4
874	131.420998	132.686850	E3	64	79	1	-4
875	131.644877	131.681258	F#5	64	62	0	4
876	131.644877	131.748422	A4	64	80	0	5
877	131.644877	131.749354	D5	64	80	0	5
878	131.644877	131.787601	G5	64	86	0	5
879	131.868757	132.111293	A3	64	69	1	-4
880	132.092636	132.187785	A4	64	75	0	5
881	132.092636	132.198979	D5	64	84	0	5
882	132.092636	132.259613	A5	64	83	0	2
883	132.316516	132.606626	A3	64	63	1	-4
884	132.540395	132.665395	A4	64	55	0	5
885	132.764275	132.943378	A5	64	90	0	2
886	132.764275	132.967632	D5	64	81	0	5
887	132.764275	132.998415	A4	64	77	0	5
888	132.764275	133.598226	A2	64	90	1	-1
889	132.988154	134.016134	E3	64	81	1	-4
890	133.212034	133.579569	A3	64	80	1	-4
891	133.435913	133.620614	D4	64	83	0	3
892	133.659793	134.073970	F#6	64	87	0	1
893	133.659793	133.715763	D4	64	34	0	3
894	133.659793	133.906060	A3	64	79	1	-4
895	133.659793	133.910724	C#4	64	82	0	2
896	133.659793	133.954567	A2	64	57	1	-1
897	133.659793	134.018000	E4	64	93	0	5
898	134.107552	134.521729	E6	64	100	0	4
899	134.107552	134.217626	E4	64	86	0	5
900	134.107552	134.224156	C#4	64	82	0	2
901	134.107552	134.236283	G4	64	84	0	3
902	134.107552	134.313708	B2	64	82	1	-4
903	134.555311	135.417247	F#6	64	105	0	1
904	134.555311	135.236278	D5	64	90	0	5
905	134.555311	135.263330	F#4	64	83	0	2
906	134.555311	135.268927	A4	64	86	0	5
907	134.555311	135.663514	D4	64	81	0	3
908	134.555311	135.997468	D3	64	90	1	-1
909	135.450829	135.865006	E6	64	106	0	4
910	135.450829	135.961088	D5	64	86	0	5
911	135.450829	135.987207	A4	64	84	0	5
912	135.450829	135.996535	F#4	64	81	0	2
913	135.898588	136.088885	D6	64	91	0	2
914	135.898588	135.994669	D4	64	75	0	3
915	136.122467	137.208283	E6	64	106	0	4
916	136.346347	136.747464	C#4	64	74	0	2
917	136.346347	137.036642	C#5	64	83	0	4
918	136.346347	137.041306	E5	64	76	0	2
919	136.346347	137.056231	E4	64	77	0	5
920	136.346347	137.063694	A4	64	76	0	5
921	136.346347	137.493729	C#3	64	86	1	-2
922	136.794106	137.187761	C#4	64	57	0	2
923	137.241865	137.656042	D6	64	103	0	2
924	137.241865	137.741862	A4	64	80	0	5
925	137.241865	137.753989	E4	64	83	0	5
926	137.241865	137.797832	C#5	64	86	0	4
927	137.689624	138.103801	C#6	64	97	0	1
928	137.689624	137.777310	C#4	64	72	0	2
929	137.689624	137.829549	C#3	64	72	1	-2
930	138.137383	138.567418	D6	64	93	0	2
931	138.137383	138.508650	B3	64	75	1	-2
932	138.137383	138.832342	D5	64	84	0	5
933	138.137383	138.840738	F#4	64	77	0	2
934	138.137383	138.848200	A4	64	79	0	5
935	138.137383	139.480660	B2	64	84	1	-4
936	138.585142	138.999319	C#6	64	91	0	1
937	138.809021	139.164430	B3	64	59	1	-2
938	139.032901	139.463869	B5	64	90	0	4
939	139.032901	139.495585	D5	64	90	0	5
940	139.032901	139.523570	A4	64	84	0	5
941	139.032901	139.527301	F#4	64	83	0	2
942	139.480660	139.670957	C#6	64	75	0	1
943	139.480660	139.537563	B2	64	79	1	-4
944	139.480660	139.559018	B3	64	73	1	-2
945	139.704539	141.238114	F#5	64	77	0	4
946	139.928419	140.293156	F#3	64	79	1	-2
947	139.928419	140.420021	C#5	64	83	0	4
948	139.928419	140.435879	E4	64	79	0	5
949	139.928419	140.631774	A4	64	78	0	5
950	139.928419	141.561806	F#2	64	86	1	-4
951	140.600057	141.170950	F#3	64	84	1	-2
952	140.823937	141.041287	C#5	64	84	0	4
953	140.823937	141.166286	F#4	64	81	0	2
954	141.047816	141.350986	D5	64	86	0	5
955	141.271696	141.471322	B5	64	99	0	4
956	141.271696	141.411621	C#5	64	82	0	4
957	141.495575	141.712925	C#6	64	90	0	1
958	141.495575	141.608448	F#3	64	79	1	-2
959	141.495575	141.665351	A4	64	80	0	5
960	141.719455	142.132699	D6	64	99	0	2
961	141.719455	142.127102	G3	64	79	1	-1
962	141.719455	142.412548	B4	64	76	0	2
963	141.719455	142.415347	D4	64	82	0	3
964	141.719455	142.440533	G4	64	79	0	3
965	141.719455	143.116836	G2	64	77	1	-3
966	142.167214	142.356579	D6	64	101	0	2
967	142.391093	143.029150	D6	64	101	0	2
968	142.391093	142.901352	G3	64	75	1	-1
969	142.614973	143.051538	B4	64	76	0	2
970	142.614973	143.142022	D4	64	78	0	3
971	142.614973	143.142022	G4	64	83	0	3
972	142.838852	143.456387	D3	64	83	1	-1
973	143.062732	143.253029	C#6	64	93	0	1
974	143.062732	143.290343	G3	64	73	1	-1
975	143.286611	143.498364	D6	64	90	0	2
976	143.286611	143.429335	G4	64	73	0	3
977	143.286611	143.443327	B4	64	69	0	2
978	143.510491	143.923735	E6	64	103	0	4
979	143.510491	144.056197	A2	64	84	1	-1
980	143.510491	144.646679	A4	64	80	0	5
981	143.510491	144.660672	C#5	64	80	0	4
982	143.510491	144.669067	E4	64	82	0	5
983	143.958250	144.371494	E6	64	93	0	4
984	143.958250	144.139219	E3	64	79	1	-4
985	144.182129	144.519814	A3	64	58	1	-4
986	144.406009	144.708246	E6	64	100	0	4
987	144.406009	144.865895	B3	64	73	1	-2
988	144.629888	144.878021	C#4	64	84	0	2
989	144.741828	145.044065	D6	64	92	0	2
990	144.853768	145.130819	E4	64	78	0	5
991	145.077647	145.312721	E6	64	98	0	4
992	145.077647	145.213841	A4	64	82	0	5
993	145.301527	147.090697	F#6	64	105	0	1
994	145.301527	145.598167	B2	64	82	1	-4
995	145.301527	146.236224	F#4	64	84	0	2
996	145.301527	146.273537	D5	64	91	0	5
997	145.525406	145.715704	F#3	64	79	1	-2
998	145.749286	146.027270	B3	64	58	1	-2
999	145.973165	146.518872	C#4	64	78	0	2
1000	146.197045	146.485290	D4	64	86	0	3
1001	146.420924	146.577640	F#4	64	79	0	2
1002	146.644804	146.891071	C#5	64	83	0	4
1003	146.868683	146.909728	F#4	64	53	0	2
1004	146.868683	147.191443	D5	64	91	0	5
1005	147.092563	147.295920	C#5	64	84	0	4
1006	147.092563	148.442370	B2	64	78	1	-4
1007	147.316442	147.522598	B4	64	75	0	2
1008	147.316442	148.506735	F#3	64	78	1	-2
1009	147.540322	147.764201	F#4	64	75	0	2
1010	147.764201	147.956365	E4	64	68	0	5
1011	147.988081	148.457295	F#6	64	94	0	1
1012	147.988081	148.343490	D4	64	76	0	3
1013	148.435840	148.850017	E6	64	99	0	4
1014	148.435840	148.442370	B3	64	62	1	-2
1015	148.435840	148.545914	C#4	64	69	0	2
1016	148.659719	148.814569	D4	64	80	0	3
1017	148.883599	149.745535	F#6	64	103	0	1
1018	148.883599	149.225015	F#4	64	81	0	2
1019	148.883599	149.254866	D4	64	82	0	3
1020	148.883599	149.669976	A3	64	78	1	-4
1021	148.883599	149.868669	D3	64	82	1	-1
1022	149.555237	150.127996	D2	64	50	1	-3
1023	149.779117	150.193294	E6	64	99	0	4
1024	149.779117	150.087884	A3	64	82	1	-4
1025	149.779117	150.103742	D4	64	86	0	3
1026	149.779117	150.133593	A4	64	86	0	5
1027	150.002996	150.273517	D3	64	78	1	-1
1028	150.226876	150.417173	D6	64	84	0	2
1029	150.226876	150.413442	A3	64	61	1	-4
1030	150.450755	151.535638	E6	64	99	0	4
1031	150.450755	150.595344	A4	64	80	0	5
1032	150.674635	150.940492	C#4	64	82	0	2
1033	150.674635	150.974074	E4	64	84	0	5
1034	150.674635	151.006723	A4	64	71	0	5
1035	150.674635	152.121456	C#3	64	90	1	-2
1036	151.122394	152.160635	A3	64	72	1	-4
1037	151.346273	151.424631	A4	64	68	0	5
1038	151.346273	151.473138	E4	64	58	0	5
1039	151.346273	151.613063	D5	64	84	0	5
1040	151.570153	151.984330	E6	64	100	0	4
1041	151.570153	151.781906	C#4	64	54	0	2
1042	151.794032	152.042165	F#4	64	70	0	2
1043	151.794032	152.071083	C#5	64	81	0	4
1044	152.017912	152.432089	F#6	64	99	0	1
1045	152.017912	152.102799	C#4	64	68	0	2
1046	152.241791	152.407835	B4	64	75	0	2
1047	152.465671	152.879848	G6	64	93	0	2
1048	152.465671	152.645707	G2	64	84	1	-3
1049	152.465671	153.205406	B4	64	80	0	2
1050	152.465671	153.219398	D4	64	79	0	3
1051	152.465671	153.223130	G4	64	57	0	3
1052	152.689550	152.988056	G3	64	47	1	-1
1053	152.913430	153.327607	F#6	64	97	0	1
1054	152.913430	153.700739	A3	64	76	1	-4
1055	153.137309	153.676486	B3	64	80	1	-2
1056	153.361189	153.775366	E6	64	98	0	4
1057	153.361189	153.518837	D4	64	81	0	3
1058	153.585068	153.730590	G4	64	83	0	3
1059	153.808948	154.008574	G6	64	90	0	2
1060	153.808948	153.971260	A4	64	79	0	5
1061	154.032827	154.447004	F#6	64	90	0	1
1062	154.032827	154.203535	B4	64	77	0	2
1063	154.256707	154.585996	F#4	64	59	0	2
1064	154.256707	154.755772	D5	64	91	0	5
1065	154.256707	155.703528	B2	64	81	1	-4
1066	154.480586	155.565469	B5	64	93	0	4
1067	154.480586	155.727782	F#3	64	78	1	-2
1068	154.704466	154.939539	B3	64	53	1	-2
1069	154.928345	155.032822	E4	64	75	0	5
1070	154.928345	155.087859	C#5	64	84	0	4
1071	155.152225	155.238978	C#5	64	49	0	4
1072	155.152225	155.384500	B3	64	43	1	-2
1073	155.376104	155.681140	F#4	64	76	0	2
1074	155.376104	155.712856	D5	64	86	0	5
1075	155.599984	155.790281	B5	64	89	0	4
1076	155.599984	155.710991	B3	64	62	1	-2
1077	155.823863	156.018825	C#6	64	66	0	1
1078	155.823863	155.980579	A4	64	82	0	5
1079	156.047743	156.260428	D6	64	68	0	2
1080	156.047743	156.536546	B4	64	78	0	2
1081	156.047743	156.699792	D4	64	84	0	3
1082	156.047743	156.741769	G4	64	80	0	3
1083	156.047743	157.470310	G2	64	82	1	-3
1084	156.271622	156.478711	C#6	64	66	0	1
1085	156.495502	156.701658	B5	64	62	0	4
1086	156.719381	157.152215	D6	64	81	0	2
1087	156.719381	156.970313	G3	64	61	1	-1
1088	156.943261	157.241767	B4	64	77	0	2
1089	156.943261	157.262289	D4	64	83	0	3
1090	156.943261	157.266020	G4	64	84	0	3
1091	157.167140	157.368632	C#6	64	53	0	1
1092	157.167140	157.509489	G3	64	78	1	-1
1093	157.391020	157.812660	D6	64	63	0	2
1094	157.391020	157.557997	D4	64	72	0	3
1095	157.614899	157.690459	G4	64	68	0	3
1096	157.614899	157.781876	B4	64	78	0	2
1097	157.838779	158.054263	E6	64	92	0	4
1098	157.838779	158.241762	A2	64	90	1	-1
1099	157.838779	158.759483	A4	64	80	0	5
1100	157.838779	158.786535	C#5	64	90	0	4
1101	157.838779	158.797729	E4	64	84	0	5
1102	158.062658	158.269747	D6	64	68	0	2
1103	158.062658	158.280941	E3	64	80	1	-4
1104	158.286538	158.476835	C#6	64	62	0	1
1105	158.286538	158.586909	A3	64	54	1	-4
1106	158.510417	158.955378	E6	64	84	0	4
1107	158.510417	159.031870	B3	64	73	1	-2
1108	158.734297	159.018810	C#4	64	80	0	2
1109	158.958176	159.148474	D6	64	92	0	2
1110	158.958176	159.119556	E4	64	72	0	5
1111	159.182056	159.596233	E6	64	77	0	4
1112	159.182056	159.557987	B4	64	78	0	2
1113	159.405935	159.581308	C#5	64	82	0	4
1114	159.629815	160.043992	D6	64	95	0	2
1115	159.629815	159.930186	F#4	64	82	0	2
1116	159.629815	159.940448	B3	64	75	1	-2
1117	159.629815	159.943246	D4	64	83	0	3
1118	159.629815	161.155927	G2	64	80	1	-3
1119	159.853694	160.395669	G3	64	57	1	-1
1120	160.077574	160.266939	B5	64	99	0	4
1121	160.077574	160.783727	B3	64	71	1	-2
1122	160.301453	162.762262	B5	64	91	0	4
1123	160.301453	160.826637	D4	64	91	0	3
1124	160.749212	161.294919	G3	64	69	1	-1
1125	160.973092	161.142867	B3	64	68	1	-2
1126	161.196971	161.854617	D4	64	84	0	3
1127	161.196971	161.857416	F#4	64	83	0	2
1128	161.196971	161.908722	B3	64	71	1	-2
1129	161.420851	162.778120	G2	64	72	1	-3
1130	161.644730	162.791180	D3	64	75	1	-1
1131	161.868610	162.605547	G3	64	62	1	-1
1132	162.092489	162.413383	B3	64	75	1	-2
1133	162.092489	162.436704	A4	64	79	0	5
1134	162.092489	162.440435	D4	64	83	0	3
1135	162.540248	162.867672	D4	64	79	0	3
1136	162.540248	162.884463	B3	64	74	1	-2
1137	162.540248	162.913381	F#4	64	84	0	2
1138	162.764128	163.140059	G3	64	71	1	-1
1139	162.988007	163.156850	E4	64	83	0	5
1140	163.211887	163.538378	D4	64	82	0	3
1141	163.211887	163.634459	F#4	64	83	0	2
1142	163.211887	164.645648	D3	64	81	1	-1
1143	163.659646	164.877923	A3	64	63	1	-4
1144	163.883525	164.157778	D4	64	63	0	3
1145	164.107405	164.234270	E4	64	76	0	5
1146	164.107405	164.259456	A4	64	63	0	5
1147	164.107405	164.432030	C#5	64	83	0	4
1148	164.331284	164.761320	D4	64	47	0	3
1149	164.555164	164.677365	F#4	64	62	0	2
1150	164.555164	164.715611	A4	64	69	0	5
1151	164.555164	164.752924	D5	64	78	0	5
1152	164.779043	165.088743	E4	64	76	0	5
1153	164.779043	165.247325	C#5	64	84	0	4
1154	165.002923	166.310752	D3	64	83	1	-1
1155	165.226802	165.725867	E4	64	76	0	5
1156	165.226802	165.763180	A4	64	82	0	5
1157	165.226802	165.861128	A3	64	76	1	-4
1158	165.674561	165.968403	D4	64	69	0	3
1159	165.898441	166.085940	E4	64	82	0	5
1160	165.898441	166.229596	A4	64	84	0	5
1161	166.122320	166.306088	A3	64	76	1	-4
1162	166.346200	166.551423	E4	64	71	0	5
1163	166.570079	167.775297	F#4	64	78	0	2
1164	166.793959	167.208136	G2	64	80	1	-3
1165	166.793959	167.382575	B3	64	63	1	-2
1166	166.793959	167.443209	D4	64	72	0	3
1167	166.793959	167.749178	A4	64	71	0	5
1168	167.017838	167.246382	D3	64	72	1	-1
1169	167.241718	167.524366	F#3	64	62	1	-2
1170	167.465597	167.968393	G3	64	80	1	-1
1171	167.689477	167.932946	B3	64	73	1	-2
1172	167.913356	168.128840	D4	64	83	0	3
1173	168.137236	168.280892	A4	64	76	0	5
1174	168.361115	168.789285	A4	64	29	0	5
1175	168.361115	168.807941	F#4	64	79	0	2
1176	168.361115	168.825665	D4	64	74	0	3
1177	168.361115	168.828464	B3	64	63	1	-2
1178	168.361115	169.951593	G2	64	83	1	-3
1179	168.808874	169.348984	G3	64	60	1	-1
1180	169.032754	169.183872	B3	64	57	1	-2
1181	169.256633	169.767825	D4	64	83	0	3
1182	169.256633	169.767825	F#4	64	81	0	2
1183	169.256633	169.786481	B3	64	75	1	-2
1184	169.704392	169.918011	G3	64	70	1	-1
1185	169.928272	169.945996	D4	64	44	0	3
1186	169.928272	169.996369	F#4	64	74	0	2
1187	169.928272	170.030883	B3	64	74	1	-2
1188	170.376031	170.664276	F#4	64	80	0	2
1189	170.376031	170.668007	A3	64	72	1	-4
1190	170.376031	170.672671	C#4	64	80	0	2
1191	170.376031	173.493553	D2	64	83	1	-3
1192	170.599910	171.292071	D3	64	68	1	-1
1193	170.823790	170.959050	A3	64	57	1	-4
1194	171.047669	171.417070	A3	64	78	1	-4
1195	171.047669	171.483302	C#4	64	81	0	2
1196	171.047669	171.513152	E4	64	84	0	5
1197	171.495428	172.206246	D3	64	63	1	-1
1198	171.719308	171.862031	A3	64	38	1	-4
1199	171.943187	172.337775	E4	64	75	0	5
1200	171.943187	172.339641	F#4	64	78	0	2
1201	171.943187	172.390946	C#4	64	79	0	2
1202	171.943187	172.405872	A3	64	69	1	-4
1203	172.390946	172.894675	D3	64	55	1	-1
1204	172.614826	172.762213	A3	64	59	1	-4
1205	172.838705	173.139077	F#4	64	83	0	2
1206	172.838705	173.159599	A3	64	63	1	-4
1207	172.838705	173.174525	C#4	64	84	0	2
1208	173.062585	173.378815	D3	64	72	1	-1
1209	173.286464	173.331240	C#4	64	53	0	2
1210	173.286464	173.403068	F#4	64	77	0	2
1211	173.286464	173.476762	A3	64	78	1	-4
1212	173.510344	173.617619	D3	64	75	1	-1
1213	173.958103	174.223960	D4	64	82	0	3
1214	173.958103	174.231422	B3	64	75	1	-2
1215	173.958103	174.235154	F#4	64	76	0	2
1216	173.958103	174.470227	G3	64	71	1	-1
1217	173.958103	177.217415	G2	64	82	1	-3
1218	174.405862	174.887203	F#4	64	63	0	2
1219	174.405862	174.904927	D4	64	75	0	3
1220	174.405862	174.973023	B3	64	55	1	-2
1221	174.853621	175.799512	G3	64	62	1	-1
1222	175.077500	175.288320	B3	64	49	1	-2
1223	175.301380	175.994473	F#4	64	63	0	2
1224	175.525259	175.993541	A4	64	75	0	5
1225	175.525259	176.014996	B3	64	75	1	-2
1226	175.525259	176.015929	D4	64	72	0	3
1227	175.973018	176.494471	G3	64	60	1	-1
1228	176.196898	176.359210	B3	64	61	1	-2
1229	176.420777	176.720216	B3	64	73	1	-2
1230	176.420777	176.723947	D4	64	83	0	3
1231	176.420777	176.736074	F#4	64	82	0	2
1232	176.644657	176.907715	G3	64	63	1	-1
1233	176.868536	176.956222	D4	64	68	0	3
1234	176.868536	177.158647	B3	64	75	1	-2
1235	177.092416	177.176371	D4	64	78	0	3
1236	177.092416	177.185699	G3	64	69	1	-1
1237	177.092416	177.199691	F#4	64	80	0	2
1238	177.540175	177.753793	C#4	64	83	0	2
1239	177.540175	177.788308	E4	64	79	0	5
1240	177.540175	177.801368	A3	64	76	1	-4
1241	177.540175	177.906778	F#3	64	78	1	-2
1242	177.540175	177.918904	F#2	64	84	1	-4
1243	177.987934	178.234201	F#3	64	82	1	-2
1244	177.987934	178.453417	C#4	64	80	0	2
1245	177.987934	178.467409	A3	64	75	1	-4
1246	177.987934	178.471140	E4	64	79	0	5
1247	177.987934	180.125983	F#2	64	84	1	-4
1248	178.435693	178.835877	F#3	64	63	1	-2
1249	178.659572	178.815355	A3	64	57	1	-4
1250	178.883452	179.066287	E4	64	76	0	5
1251	179.107331	179.598001	A3	64	79	1	-4
1252	179.107331	179.598933	A4	64	82	0	5
1253	179.555090	180.069080	F#3	64	61	1	-2
1254	179.778970	179.906768	A3	64	54	1	-4
1255	180.002849	180.333072	A3	64	80	1	-4
1256	180.002849	180.362922	E4	64	86	0	5
1257	180.226729	180.305087	F#3	64	68	1	-2
1258	180.226729	180.321878	F#2	64	84	1	-4
1259	180.450608	180.589600	A3	64	75	1	-4
1260	180.674488	180.730458	F3	64	58	1	-3
1261	180.674488	180.804151	D4	64	84	0	3
1262	180.674488	181.063478	F2	64	83	1	-5
1263	180.898367	181.036426	E4	64	46	0	5
1264	181.122247	181.213664	D4	64	82	0	3
1265	181.122247	181.227657	B3	64	79	1	-2
1266	181.122247	181.248179	G4	64	82	0	3
1267	181.122247	181.261239	E3	64	73	1	-4
1268	181.122247	181.273365	E2	64	83	1	-1
1269	181.570006	181.798549	E3	64	75	1	-4
1270	181.570006	181.972989	G4	64	81	0	3
1271	181.570006	182.050414	D4	64	79	0	3
1272	181.570006	182.073735	B3	64	78	1	-2
1273	181.570006	184.218314	E2	64	83	1	-1
1274	182.017765	182.458994	E3	64	57	1	-4
1275	182.241644	182.524292	B3	64	59	1	-2
1276	182.465524	182.607314	D4	64	76	0	3
1277	182.689403	183.083991	G4	64	84	0	3
1278	182.689403	183.128767	D4	64	82	0	3
1279	182.689403	183.154886	B3	64	76	1	-2
1280	183.137162	183.626899	E3	64	78	1	-4
1281	183.361042	183.539213	B3	64	63	1	-2
1282	183.584921	183.904882	B3	64	68	1	-2
1283	183.584921	183.912345	D4	64	86	0	3
1284	183.584921	183.915144	G4	64	86	0	3
1285	183.808801	184.056001	E3	64	72	1	-4
1286	184.032680	184.341447	B3	64	77	1	-2
1287	184.032680	184.445925	F#4	64	84	0	2
1288	184.256560	184.359171	E3	64	71	1	-4
1289	184.480439	184.618498	D4	64	73	0	3
1290	184.704319	185.108235	G4	64	83	0	3
1291	184.704319	185.175399	D4	64	82	0	3
1292	184.704319	185.210846	B3	64	75	1	-2
1293	184.704319	186.271475	A2	64	82	1	-1
1294	184.928198	186.429124	E3	64	72	1	-4
1295	185.152078	185.833045	A3	64	62	1	-4
1296	185.375957	185.717374	B3	64	63	1	-2
1297	185.823716	186.089573	G4	64	83	0	3
1298	185.823716	186.090506	B3	64	77	1	-2
1299	185.823716	186.135282	D4	64	90	0	3
1300	186.271475	186.379684	A3	64	54	1	-4
1301	186.495355	186.936584	E4	64	78	0	5
1302	186.495355	186.942181	A4	64	82	0	5
1303	186.495355	186.961770	C#4	64	79	0	2
1304	186.495355	187.892736	A2	64	78	1	-1
1305	186.943114	187.444977	E3	64	69	1	-4
1306	187.390873	187.484156	D4	64	82	0	3
1307	187.390873	187.509342	B3	64	78	1	-2
1308	187.390873	187.539193	G4	64	86	0	3
1309	187.390873	187.635275	A3	64	69	1	-4
1310	187.838632	187.918855	C#4	64	76	0	2
1311	187.838632	187.919788	D4	64	84	0	3
1312	187.838632	187.982288	A4	64	83	0	5
1313	187.838632	188.139936	E3	64	83	1	-4
1314	188.286391	188.620344	A2	64	80	1	-1
1315	188.286391	188.632471	D4	64	82	0	3
1316	188.286391	188.646464	B3	64	76	1	-2
1317	188.286391	188.648329	G4	64	82	0	3
1318	189.181909	189.596086	F#6	64	87	0	1
1319	189.629668	190.043845	E6	64	100	0	4
1320	190.077427	190.939363	F#6	64	105	0	1
1321	190.077427	190.758394	D5	64	90	0	5
1322	190.077427	190.785446	F#4	64	83	0	2
1323	190.077427	190.791043	A4	64	86	0	5
1324	190.077427	191.185630	D4	64	81	0	3
1325	190.077427	191.519584	D3	64	90	1	-1
1326	190.972945	191.387122	E6	64	106	0	4
1327	190.972945	191.483204	D5	64	86	0	5
1328	190.972945	191.509323	A4	64	84	0	5
1329	190.972945	191.518651	F#4	64	81	0	2
1330	191.420704	191.642718	D6	64	91	0	2
1331	191.420704	191.516785	D4	64	75	0	3
1332	191.644583	192.730399	E6	64	106	0	4
1333	191.868463	192.269580	C#4	64	74	0	2
1334	191.868463	192.558758	C#5	64	83	0	4
1335	191.868463	192.563422	E5	64	76	0	2
1336	191.868463	192.578347	E4	64	77	0	5
1337	191.868463	192.585810	A4	64	76	0	5
1338	191.868463	193.015845	C#3	64	86	1	-2
1339	192.316222	192.709877	C#4	64	57	0	2
1340	192.763981	193.178158	D6	64	103	0	2
1341	192.763981	193.263978	A4	64	80	0	5
1342	192.763981	193.276105	E4	64	83	0	5
1343	192.763981	193.319948	C#5	64	86	0	4
1344	193.211740	193.625917	C#6	64	97	0	1
1345	193.211740	193.299426	C#4	64	72	0	2
1346	193.211740	193.351665	C#3	64	72	1	-2
1347	193.659499	194.089534	D6	64	93	0	2
1348	193.659499	194.030766	B3	64	75	1	-2
1349	193.659499	194.354458	D5	64	84	0	5
1350	193.659499	194.362854	F#4	64	77	0	2
1351	193.659499	194.370316	A4	64	79	0	5
1352	193.659499	195.002776	B2	64	84	1	-4
1353	194.107258	194.521435	C#6	64	91	0	1
1354	194.331137	194.686546	B3	64	59	1	-2
1355	194.555017	194.985985	B5	64	90	0	4
1356	194.555017	195.017701	D5	64	90	0	5
1357	194.555017	195.045686	A4	64	84	0	5
1358	194.555017	195.049417	F#4	64	83	0	2
1359	195.002776	195.193073	C#6	64	75	0	1
1360	195.002776	195.059679	B2	64	79	1	-4
1361	195.002776	195.081134	B3	64	73	1	-2
1362	195.226655	196.760230	F#5	64	77	0	4
1363	195.450535	195.815272	F#3	64	79	1	-2
1364	195.450535	195.942137	C#5	64	83	0	4
1365	195.450535	195.957995	E4	64	79	0	5
1366	195.450535	196.153890	A4	64	78	0	5
1367	195.450535	197.083922	F#2	64	86	1	-4
1368	196.122173	196.693066	F#3	64	84	1	-2
1369	196.346053	196.563403	C#5	64	84	0	4
1370	196.346053	196.688402	F#4	64	81	0	2
1371	196.569932	196.873102	D5	64	86	0	5
1372	196.793812	196.993438	B5	64	99	0	4
1373	196.793812	196.933737	C#5	64	82	0	4
1374	197.017691	197.235041	C#6	64	90	0	1
1375	197.017691	197.130564	F#3	64	79	1	-2
1376	197.017691	197.187467	A4	64	80	0	5
1377	197.241571	197.654815	D6	64	99	0	2
1378	197.241571	197.649218	G3	64	79	1	-1
1379	197.241571	197.934664	B4	64	76	0	2
1380	197.241571	197.937463	D4	64	82	0	3
1381	197.241571	197.962649	G4	64	79	0	3
1382	197.241571	198.638952	G2	64	77	1	-3
1383	197.689330	197.878695	D6	64	101	0	2
1384	197.913209	198.551266	D6	64	101	0	2
1385	197.913209	198.423468	G3	64	75	1	-1
1386	198.137089	198.573654	B4	64	76	0	2
1387	198.137089	198.664138	D4	64	78	0	3
1388	198.137089	198.664138	G4	64	83	0	3
1389	198.360968	198.978503	D3	64	83	1	-1
1390	198.584848	198.775145	C#6	64	93	0	1
1391	198.584848	198.812459	G3	64	73	1	-1
1392	198.808727	199.020480	D6	64	90	0	2
1393	198.808727	198.951451	G4	64	73	0	3
1394	198.808727	198.965443	B4	64	69	0	2
1395	199.032607	199.445851	E6	64	103	0	4
1396	199.032607	199.578313	A2	64	84	1	-1
1397	199.032607	200.168795	A4	64	80	0	5
1398	199.032607	200.182788	C#5	64	80	0	4
1399	199.032607	200.191183	E4	64	82	0	5
1400	199.480366	199.893610	E6	64	93	0	4
1401	199.480366	199.661335	E3	64	79	1	-4
1402	199.704245	200.041930	A3	64	58	1	-4
1403	199.928125	200.230362	E6	64	100	0	4
1404	199.928125	200.388011	B3	64	73	1	-2
1405	200.152004	200.400137	C#4	64	84	0	2
1406	200.263944	200.566181	D6	64	92	0	2
1407	200.375884	200.652935	E4	64	78	0	5
1408	200.599763	200.834837	E6	64	98	0	4
1409	200.599763	200.735957	A4	64	82	0	5
1410	200.823643	202.612813	F#6	64	105	0	1
1411	200.823643	201.120283	B2	64	82	1	-4
1412	200.823643	201.758340	F#4	64	84	0	2
1413	200.823643	201.795653	D5	64	91	0	5
1414	201.047522	201.237820	F#3	64	79	1	-2
1415	201.271402	201.549386	B3	64	58	1	-2
1416	201.495281	202.040988	C#4	64	78	0	2
1417	201.719161	202.007406	D4	64	86	0	3
1418	201.943040	202.099756	F#4	64	79	0	2
1419	202.166920	202.413187	C#5	64	83	0	4
1420	202.390799	202.431844	F#4	64	53	0	2
1421	202.390799	202.713559	D5	64	91	0	5
1422	202.614679	202.818036	C#5	64	84	0	4
1423	202.614679	203.964486	B2	64	78	1	-4
1424	202.838558	203.044714	B4	64	75	0	2
1425	202.838558	204.028851	F#3	64	78	1	-2
1426	203.062438	203.286317	F#4	64	75	0	2
1427	203.286317	203.478481	E4	64	68	0	5
1428	203.510197	203.979411	F#6	64	94	0	1
1429	203.510197	203.865606	D4	64	76	0	3
1430	203.957956	204.372133	E6	64	99	0	4
1431	203.957956	203.964486	B3	64	62	1	-2
1432	203.957956	204.068030	C#4	64	69	0	2
1433	204.181835	204.336685	D4	64	80	0	3
1434	204.405715	205.267651	F#6	64	103	0	1
1435	204.405715	204.747131	F#4	64	81	0	2
1436	204.405715	204.776982	D4	64	82	0	3
1437	204.405715	205.192092	A3	64	78	1	-4
1438	204.405715	205.390785	D3	64	82	1	-1
1439	205.077353	205.650112	D2	64	50	1	-3
1440	205.301233	205.715410	E6	64	99	0	4
1441	205.301233	205.610000	A3	64	82	1	-4
1442	205.301233	205.625858	D4	64	86	0	3
1443	205.301233	205.655709	A4	64	86	0	5
1444	205.525112	205.795633	D3	64	78	1	-1
1445	205.748992	205.939289	D6	64	84	0	2
1446	205.748992	205.935558	A3	64	61	1	-4
1447	205.972871	207.057754	E6	64	99	0	4
1448	205.972871	206.117460	A4	64	80	0	5
1449	206.196751	206.462608	C#4	64	82	0	2
1450	206.196751	206.496190	E4	64	84	0	5
1451	206.196751	206.528839	A4	64	71	0	5
1452	206.196751	207.643572	C#3	64	90	1	-2
1453	206.644510	207.682751	A3	64	72	1	-4
1454	206.868389	206.946747	A4	64	68	0	5
1455	206.868389	206.995254	E4	64	58	0	5
1456	206.868389	207.135179	D5	64	84	0	5
1457	207.092269	207.506446	E6	64	100	0	4
1458	207.092269	207.304022	C#4	64	54	0	2
1459	207.316148	207.564281	F#4	64	70	0	2
1460	207.316148	207.593199	C#5	64	81	0	4
1461	207.540028	207.954205	F#6	64	99	0	1
1462	207.540028	207.624915	C#4	64	68	0	2
1463	207.763907	207.929951	B4	64	75	0	2
1464	207.987787	208.401964	G6	64	93	0	2
1465	207.987787	208.167823	G2	64	84	1	-3
1466	207.987787	208.727522	B4	64	80	0	2
1467	207.987787	208.741514	D4	64	79	0	3
1468	207.987787	208.745246	G4	64	57	0	3
1469	208.211666	208.510172	G3	64	47	1	-1
1470	208.435546	208.849723	F#6	64	97	0	1
1471	208.435546	209.222855	A3	64	76	1	-4
1472	208.659425	209.198602	B3	64	80	1	-2
1473	208.883305	209.297482	E6	64	98	0	4
1474	208.883305	209.040953	D4	64	81	0	3
1475	209.107184	209.252706	G4	64	83	0	3
1476	209.331064	209.530690	G6	64	90	0	2
1477	209.331064	209.493376	A4	64	79	0	5
1478	209.554943	209.969120	F#6	64	90	0	1
1479	209.554943	209.725651	B4	64	77	0	2
1480	209.778823	210.108112	F#4	64	59	0	2
1481	209.778823	210.277888	D5	64	91	0	5
1482	209.778823	211.225644	B2	64	81	1	-4
1483	210.002702	211.087585	B5	64	93	0	4
1484	210.002702	211.249898	F#3	64	78	1	-2
1485	210.226582	210.461655	B3	64	53	1	-2
1486	210.450461	210.554938	E4	64	75	0	5
1487	210.450461	210.609975	C#5	64	84	0	4
1488	210.674341	210.761094	C#5	64	49	0	4
1489	210.674341	210.906616	B3	64	43	1	-2
1490	210.898220	211.203256	F#4	64	76	0	2
1491	210.898220	211.234972	D5	64	86	0	5
1492	211.122100	211.312397	B5	64	89	0	4
1493	211.122100	211.233107	B3	64	62	1	-2
1494	211.345979	211.540941	C#6	64	66	0	1
1495	211.345979	211.502695	A4	64	82	0	5
1496	211.569859	211.782544	D6	64	68	0	2
1497	211.569859	212.058662	B4	64	78	0	2
1498	211.569859	212.221908	D4	64	84	0	3
1499	211.569859	212.263885	G4	64	80	0	3
1500	211.569859	212.992426	G2	64	82	1	-3
1501	211.793738	212.000827	C#6	64	66	0	1
1502	212.017618	212.223774	B5	64	62	0	4
1503	212.241497	212.674331	D6	64	81	0	2
1504	212.241497	212.492429	G3	64	61	1	-1
1505	212.465377	212.763883	B4	64	77	0	2
1506	212.465377	212.784405	D4	64	83	0	3
1507	212.465377	212.788136	G4	64	84	0	3
1508	212.689256	212.890748	C#6	64	53	0	1
1509	212.689256	213.031605	G3	64	78	1	-1
1510	212.913136	213.334776	D6	64	63	0	2
1511	212.913136	213.080113	D4	64	72	0	3
1512	213.137015	213.212575	G4	64	68	0	3
1513	213.137015	213.303992	B4	64	78	0	2
1514	213.360895	213.576379	E6	64	92	0	4
1515	213.360895	213.763878	A2	64	90	1	-1
1516	213.360895	214.281599	A4	64	80	0	5
1517	213.360895	214.308651	C#5	64	90	0	4
1518	213.360895	214.319845	E4	64	84	0	5
1519	213.584774	213.791863	D6	64	68	0	2
1520	213.584774	213.803057	E3	64	80	1	-4
1521	213.808654	213.998951	C#6	64	62	0	1
1522	213.808654	214.109025	A3	64	54	1	-4
1523	214.032533	214.477494	E6	64	84	0	4
1524	214.032533	214.553986	B3	64	73	1	-2
1525	214.256413	214.540926	C#4	64	80	0	2
1526	214.480292	214.670590	D6	64	92	0	2
1527	214.480292	214.641672	E4	64	72	0	5
1528	214.704172	215.118349	E6	64	77	0	4
1529	214.704172	215.080103	B4	64	78	0	2
1530	214.928051	215.103424	C#5	64	82	0	4
1531	215.151931	215.566108	D6	64	95	0	2
1532	215.151931	215.576369	F#4	64	80	0	2
1533	215.151931	215.618346	D4	64	82	0	3
1534	215.151931	215.633272	B4	64	83	0	2
1535	215.151931	216.654722	B2	64	81	1	-4
1536	215.375810	216.829161	F#3	64	76	1	-2
1537	215.599690	215.789055	B5	64	99	0	4
1538	215.599690	216.712558	B3	64	69	1	-2
1539	215.823569	217.724679	B5	64	91	0	4
1540	215.823569	216.061441	C#4	64	79	0	2
1541	216.047449	216.159389	D4	64	80	0	3
1542	216.271328	216.542782	F#4	64	81	0	2
1543	216.495208	216.718154	B4	64	80	0	2
1544	216.719087	216.992407	F#4	64	71	0	2
1545	216.719087	217.089421	D5	64	91	0	5
1546	216.942967	218.313296	B2	64	72	1	-4
1547	217.166846	217.322629	E4	64	81	0	5
1548	217.166846	217.355278	C#5	64	84	0	4
1549	217.390726	217.888858	F#3	64	76	1	-2
1550	217.614605	217.867403	D4	64	84	0	3
1551	217.614605	217.897253	A4	64	90	0	5
1552	217.838485	218.307699	F#6	64	94	0	1
1553	217.838485	218.156580	B3	64	73	1	-2
1554	218.062364	218.092215	A4	64	49	0	5
1555	218.062364	218.275983	D4	64	83	0	3
1556	218.286244	218.732137	E6	64	99	0	4
1557	218.286244	218.398184	F#3	64	83	1	-2
1558	218.286244	218.436430	E4	64	80	0	5
1559	218.510123	218.608071	F#4	64	69	0	2
1560	218.734003	219.595939	F#6	64	103	0	1
1561	218.734003	219.224672	F#4	64	82	0	2
1562	218.734003	219.440156	A3	64	90	1	-4
1563	218.734003	219.463477	D4	64	86	0	3
1564	218.734003	220.164033	D2	64	101	1	-3
1565	219.405641	219.719073	D3	64	60	1	-1
1566	219.629521	220.043698	E6	64	99	0	4
1567	219.629521	220.106198	F#4	64	86	0	2
1568	219.629521	220.148175	A3	64	84	1	-4
1569	219.629521	220.153772	D4	64	86	0	3
1570	220.077280	220.267577	D6	64	84	0	2
1571	220.077280	220.525039	D3	64	75	1	-1
1572	220.301159	221.386042	E6	64	99	0	4
1573	220.301159	220.458808	A3	64	75	1	-4
1574	220.525039	220.603397	A3	64	63	1	-4
1575	220.525039	220.892574	C#4	64	83	0	2
1576	220.525039	220.923358	E4	64	86	0	5
1577	220.525039	222.093128	C#3	64	84	1	-2
1578	221.196677	221.484922	E4	64	83	0	5
1579	221.196677	221.486788	A4	64	84	0	5
1580	221.420557	221.834734	E6	64	100	0	4
1581	221.420557	221.960666	C#4	64	73	0	2
1582	221.644436	221.829137	E4	64	80	0	5
1583	221.868316	222.282493	F#6	64	99	0	1
1584	221.868316	222.110852	A4	64	80	0	5
1585	222.092195	222.198538	C#5	64	82	0	4
1586	222.316075	222.730252	G6	64	93	0	2
1587	222.316075	222.858983	B4	64	84	0	2
1588	222.316075	223.005437	G4	64	83	0	3
1589	222.316075	223.019430	D4	64	83	0	3
1590	222.316075	223.797411	G2	64	83	1	-3
1591	222.763834	223.178011	F#6	64	97	0	1
1592	222.763834	223.953194	D3	64	76	1	-1
1593	222.987713	224.032484	G3	64	75	1	-1
1594	223.211593	223.625770	E6	64	98	0	4
1595	223.211593	223.370174	D4	64	80	0	3
1596	223.435472	223.583792	G4	64	83	0	3
1597	223.659352	223.858978	G6	64	90	0	2
1598	223.659352	223.829127	A4	64	81	0	5
1599	223.883231	224.297408	F#6	64	90	0	1
1600	223.883231	224.095917	B4	64	78	0	2
1601	224.107111	224.408415	F#4	64	79	0	2
1602	224.107111	224.451326	B2	64	82	1	-4
1603	224.107111	224.563265	D5	64	84	0	5
1604	224.330990	225.415873	B5	64	93	0	4
1605	224.330990	224.526885	F#3	64	73	1	-2
1606	224.554870	224.662145	F#4	64	75	0	2
1607	224.554870	224.848712	B3	64	57	1	-2
1608	224.554870	224.993301	C#5	64	91	0	4
1609	224.778749	225.395351	C#4	64	72	0	2
1610	225.002629	225.123897	F#4	64	79	0	2
1611	225.002629	225.283411	D5	64	84	0	5
1612	225.226508	225.403746	D4	64	83	0	3
1613	225.450388	225.640685	B5	64	89	0	4
1614	225.450388	225.557663	A4	64	81	0	5
1615	225.450388	225.563260	F#4	64	80	0	2
1616	225.674267	225.869229	C#6	64	66	0	1
1617	225.898147	226.110832	D6	64	68	0	2
1618	225.898147	226.283406	G2	64	83	1	-3
1619	225.898147	226.710643	B4	64	81	0	2
1620	225.898147	226.780605	G4	64	74	0	3
1621	225.898147	226.834709	D4	64	81	0	3
1622	226.122026	226.329115	C#6	64	66	0	1
1623	226.122026	226.332846	D3	64	79	1	-1
1624	226.345906	226.552062	B5	64	62	0	4
1625	226.345906	226.636016	G3	64	69	1	-1
1626	226.569785	227.002619	D6	64	81	0	2
1627	226.569785	227.074447	A3	64	54	1	-4
1628	226.793665	227.072581	B3	64	76	1	-2
1629	227.017544	227.219036	C#6	64	53	0	1
1630	227.017544	227.178924	D4	64	72	0	3
1631	227.241424	227.663064	D6	64	63	0	2
1632	227.241424	227.407468	G4	64	79	0	3
1633	227.465303	227.638810	B4	64	75	0	2
1634	227.689183	227.904667	E6	64	92	0	4
1635	227.689183	228.180785	C#5	64	82	0	4
1636	227.689183	228.219964	A4	64	83	0	5
1637	227.689183	228.286195	E4	64	82	0	5
1638	227.689183	229.099624	A2	64	82	1	-1
1639	227.913062	228.120151	D6	64	68	0	2
1640	228.136942	228.327239	C#6	64	62	0	1
1641	228.136942	228.586566	E3	64	69	1	-4
1642	228.360821	228.805782	E6	64	84	0	4
1643	228.584701	229.068840	C#5	64	86	0	4
1644	228.584701	229.075370	A4	64	82	0	5
1645	228.584701	229.089363	A3	64	62	1	-4
1646	228.584701	229.105221	E4	64	79	0	5
1647	228.808580	228.998878	D6	64	92	0	2
1648	229.032460	229.446637	E6	64	77	0	4
1649	229.032460	229.289921	E3	64	81	1	-4
1650	229.480219	229.894396	D6	64	95	0	2
1651	229.480219	229.565106	F#4	64	69	0	2
1652	229.480219	229.577233	E4	64	63	0	5
1653	229.480219	229.995142	B4	64	67	0	2
1654	229.480219	232.632256	B2	64	79	1	-4
1655	229.704098	232.252593	F#3	64	78	1	-2
1656	229.927978	230.117343	B5	64	99	0	4
1657	229.927978	230.589355	B3	64	78	1	-2
1658	230.151857	232.612666	B5	64	91	0	4
1659	230.151857	230.475550	E4	64	76	0	5
1660	230.599616	230.762862	E4	64	80	0	5
1661	230.599616	230.778720	A4	64	84	0	5
1662	231.047375	231.374799	B3	64	45	1	-2
1663	231.271255	231.649984	D4	64	82	0	3
1664	231.271255	231.668641	F#4	64	80	0	2
1665	231.495134	231.935431	B3	64	43	1	-2
1666	231.719014	231.845879	C#4	64	70	0	2
1667	231.719014	231.914908	E4	64	78	0	5
1668	231.942893	232.207817	D4	64	80	0	3
1669	231.942893	232.366399	F#4	64	81	0	2
1670	232.166773	232.443824	B3	64	54	1	-2
1671	232.390652	232.702218	D4	64	81	0	3
1672	232.390652	232.887851	A4	64	80	0	5
1673	232.614532	232.804829	B5	64	89	0	4
1674	232.614532	232.707815	F#3	64	84	1	-2
1675	232.838411	233.033373	C#6	64	66	0	1
1676	233.062291	233.274976	D6	64	68	0	2
1677	233.062291	233.644378	F#4	64	79	0	2
1678	233.062291	233.790832	D4	64	80	0	3
1679	233.062291	233.799228	B3	64	76	1	-2
1680	233.062291	234.191017	G3	64	72	1	-1
1681	233.062291	234.485791	G2	64	84	1	-3
1682	233.286170	233.493259	C#6	64	66	0	1
1683	233.510050	233.716206	B5	64	62	0	4
1684	233.733929	234.166763	D6	64	81	0	2
1685	233.957809	234.441015	F#4	64	80	0	2
1686	233.957809	234.475530	D4	64	84	0	3
1687	233.957809	234.498851	B3	64	76	1	-2
1688	234.181688	234.383180	C#6	64	53	0	1
1689	234.405568	234.827208	D6	64	63	0	2
1690	234.405568	234.580940	G3	64	75	1	-1
1691	234.629447	234.685417	G3	64	39	1	-1
1692	234.629447	234.714335	D4	64	69	0	3
1693	234.629447	234.734857	B3	64	51	1	-2
1694	234.853327	235.068811	E6	64	92	0	4
1695	234.853327	234.966199	F#4	64	35	0	2
1696	234.853327	235.294556	E4	64	82	0	5
1697	234.853327	235.367317	C#4	64	82	0	2
1698	234.853327	235.380376	A4	64	77	0	5
1699	234.853327	236.379439	A2	64	83	1	-1
1700	235.077206	235.284295	D6	64	68	0	2
1701	235.301086	235.491383	C#6	64	62	0	1
1702	235.301086	236.441938	E3	64	48	1	-4
1703	235.524965	235.969926	E6	64	84	0	4
1704	235.748845	235.985784	C#4	64	75	0	2
1705	235.748845	236.047351	E4	64	82	0	5
1706	235.748845	236.098657	A4	64	73	0	5
1707	235.972724	236.163022	D6	64	92	0	2
1708	236.196604	236.610781	E6	64	77	0	4
1709	236.196604	236.523095	A3	64	56	1	-4
1710	236.644363	237.538015	F#6	64	95	0	1
1711	236.644363	236.882235	D5	64	54	0	5
1712	236.644363	237.471784	B2	64	75	1	-4
1713	237.064137	237.462456	F#3	64	76	1	-2
1714	237.539881	237.985774	A5	64	99	0	2
1715	237.539881	237.915812	F#4	64	67	0	2
1716	237.539881	237.915812	C#5	64	77	0	4
1717	237.539881	238.037080	B3	64	57	1	-2
1718	237.987640	240.896208	B5	64	91	0	4
1719	237.987640	238.466182	C#4	64	49	0	2
1720	238.435399	238.512824	D4	64	71	0	3
1721	238.435399	239.045470	D5	64	82	0	5
1722	238.435399	239.079052	F#4	64	70	0	2
1723	239.330917	239.656475	F#4	64	75	0	2
1724	239.330917	239.670467	D5	64	81	0	5
1725	239.778676	239.871959	B4	64	79	0	2
1726	240.226435	240.645276	B4	64	68	0	2
1727	240.226435	240.652739	G4	64	73	0	3
1728	240.226435	240.746955	D4	64	72	0	3
1729	240.226435	241.349564	G3	64	53	1	-1
1730	240.226435	243.387800	G2	64	76	1	-3
1731	241.121953	241.573443	G4	64	75	0	3
1732	241.121953	241.588368	D4	64	60	0	3
1733	241.121953	241.624749	B4	64	61	0	2
1734	241.569712	242.276798	G3	64	50	1	-1
1735	241.793591	242.070642	D4	64	63	0	3
1736	241.793591	242.171388	A4	64	69	0	5
1737	242.241350	242.643401	B4	64	70	0	2
1738	242.241350	242.653662	D4	64	70	0	3
1739	242.241350	242.676050	G4	64	76	0	3
1740	242.689109	243.075301	G3	64	51	1	-1
1741	242.912989	243.189107	G4	64	79	0	3
1742	242.912989	243.254405	B4	64	72	0	2
1743	242.912989	243.366345	D4	64	75	0	3
1744	243.360748	243.505337	G3	64	60	1	-1
1745	243.808507	244.344885	F#4	64	75	0	2
1746	243.808507	244.470817	D4	64	75	0	3
1747	243.808507	244.477347	B3	64	63	1	-2
1748	243.808507	246.926029	B2	64	68	1	-4
1749	244.704025	244.894322	B3	64	61	1	-2
1750	244.704025	245.116336	D4	64	78	0	3
1751	244.704025	245.134993	F#4	64	73	0	2
1752	245.151784	245.848609	B3	64	27	1	-2
1753	245.375663	245.622864	C#4	64	62	0	2
1754	245.375663	245.732938	E4	64	76	0	5
1755	245.823422	246.245062	F#4	64	72	0	2
1756	245.823422	246.266517	D4	64	75	0	3
1757	246.271181	246.550098	B3	64	36	1	-2
1758	246.495061	246.703082	C#4	64	61	0	2
1759	246.495061	246.743194	D4	64	73	0	3
1760	246.495061	246.746925	F#4	64	74	0	2
1761	246.718940	246.940021	B3	64	36	1	-2
1762	246.942820	247.093006	E4	64	62	0	5
1763	246.942820	247.115394	C#4	64	41	0	2
1764	247.166699	247.329012	F#4	64	61	0	2
1765	247.390579	247.800092	A3	64	44	1	-4
1766	247.390579	247.997852	E4	64	73	0	5
1767	247.390579	248.007180	C#4	64	72	0	2
1768	247.390579	248.015576	A4	64	68	0	5
1769	247.390579	250.495974	A2	64	76	1	-1
1770	247.950278	248.454939	A3	64	7	1	-4
1771	248.286097	248.685349	E4	64	72	0	5
1772	248.286097	248.707737	A4	64	59	0	5
1773	248.286097	248.713334	C#4	64	63	0	2
1774	248.733856	249.460531	A3	64	38	1	-4
1775	248.957735	249.175085	A4	64	52	0	5
1776	248.957735	249.176951	C#4	64	59	0	2
1777	248.957735	249.177884	E4	64	76	0	5
1778	249.405494	249.777694	A4	64	40	0	5
1779	249.405494	249.788888	C#4	64	49	0	2
1780	249.405494	249.791686	E4	64	69	0	5
1781	249.853253	250.198401	A3	64	49	1	-4
1782	250.077133	250.427877	C#4	64	52	0	2
1783	250.077133	250.529556	E4	64	71	0	5
1784	250.077133	250.639630	A4	64	39	0	5
1785	250.524892	250.980113	A3	64	58	1	-4
1786	250.972651	252.323390	B3	64	44	1	-2
1787	250.972651	252.502494	F#4	64	56	0	2
1788	250.972651	252.523016	D4	64	61	0	3
1789	250.972651	253.884017	B2	64	58	1	-4
1790	251.196530	252.701187	A4	64	3	0	5
1791	253.323386	253.716108	B5	64	46	0	4
1792	253.547265	253.943718	B6	64	62	0	1
