//Version: PianoFingering_v170101
0	2.822219	3.456941	C3	64	82	1	-3
1	3.155552	3.504163	G3	64	78	1	-1
2	3.488885	3.891663	C4	64	76	0	1
3	3.822218	4.597218	G4	64	79	0	3
4	3.822218	4.927773	D4	64	79	0	3
5	4.155551	4.672218	D#5	64	98	0	1
6	4.488884	5.215273	D#4	64	80	0	4
7	4.822217	5.144439	D5	64	90	0	5
8	5.155550	6.305549	G4	64	83	0	3
9	5.488883	6.108327	A#2	64	86	1	-5
10	5.822216	6.118049	G3	64	60	1	-1
11	6.155549	6.552771	A#3	64	71	1	-3
12	6.488882	7.208326	C4	64	68	0	1
13	6.488882	7.295826	G4	64	70	0	3
14	6.822215	7.419437	D#5	64	93	0	1
15	7.155548	7.543048	D#4	64	71	0	4
16	7.488881	7.791659	D5	64	83	0	5
17	7.488881	7.879159	C4	64	41	0	1
18	7.822214	7.863881	A#3	64	68	1	-3
19	7.822214	8.906936	G4	64	84	0	3
20	8.155547	8.769436	G#2	64	83	1	-2
21	8.488880	8.818047	G3	64	79	1	-1
22	8.822213	9.199991	G#3	64	75	1	-5
23	9.155546	9.920823	A#3	64	72	1	-3
24	9.155546	9.959712	G4	64	76	0	3
25	9.488879	9.974990	D#5	64	90	0	1
26	9.822212	10.513878	C4	64	71	0	1
27	10.155545	10.473601	D5	64	84	0	5
28	10.488878	11.469433	G4	64	82	0	3
29	10.822211	11.169433	G2	64	93	1	-3
30	11.155544	11.551377	G3	64	82	1	-1
31	11.488877	13.140265	C4	64	83	0	1
32	11.822210	13.087487	D4	64	84	0	3
33	12.155543	12.683321	G4	64	78	0	3
34	12.488876	12.818043	C5	64	79	0	3
35	12.822209	13.151376	D5	64	79	0	5
36	13.155542	13.484709	D#5	64	79	0	1
37	13.488875	14.104153	C3	64	86	1	-3
38	13.822208	14.158319	G3	64	82	1	-1
39	14.155541	14.602763	C4	64	79	0	1
40	14.488874	15.169429	D4	64	74	0	3
41	14.488874	15.295818	G4	64	76	0	3
42	14.822207	15.251374	D#5	64	90	0	1
43	15.155540	15.513873	D#4	64	68	0	4
44	15.488873	15.793040	D4	64	76	0	3
45	15.488873	15.805540	D5	64	84	0	5
46	15.822206	15.986095	C4	64	75	0	1
47	15.822206	16.697206	G4	64	74	0	3
48	16.155539	16.929150	A#2	64	79	1	-5
49	16.488872	16.918039	G3	64	75	1	-1
50	16.822205	17.158316	A#3	64	51	1	-3
51	16.822205	17.333316	G4	64	67	0	3
52	17.155538	17.541649	G3	64	78	1	-1
53	17.488871	17.827760	C4	64	56	0	1
54	17.488871	17.868038	D#5	64	84	0	1
55	17.488871	17.876371	G4	64	80	0	3
56	17.822204	18.158315	G3	64	78	1	-1
57	18.155537	18.251371	G4	64	57	0	3
58	18.155537	18.408315	D4	64	69	0	3
59	18.155537	18.476370	D5	64	80	0	5
60	18.488870	18.593037	G3	64	82	1	-1
61	18.488870	19.663869	G4	64	79	0	3
62	18.822203	19.315258	G#2	64	83	1	-2
63	19.155536	19.556925	G3	64	79	1	-1
64	19.488869	19.829147	G#3	64	75	1	-5
65	19.822202	20.155535	G3	64	79	1	-1
66	19.822202	20.590257	G4	64	74	0	3
67	20.155535	20.488868	C4	64	58	0	1
68	20.155535	20.676368	D#5	64	86	0	1
69	20.488868	20.831924	G3	64	76	1	-1
70	20.822201	21.090257	D4	64	68	0	3
71	20.822201	21.115257	D5	64	76	0	5
72	21.155534	21.237479	G3	64	52	1	-1
73	21.155534	21.579145	G4	64	78	0	3
74	21.488867	23.715254	G2	64	83	1	-3
75	21.822200	22.684700	G3	64	80	1	-1
76	22.155533	22.452755	B3	64	63	1	-2
77	22.488866	22.870810	C4	64	80	0	1
78	22.822199	22.922199	D4	64	84	0	3
79	22.822199	23.213866	G3	64	30	1	-1
80	23.155532	23.577754	G4	64	80	0	3
81	23.488865	23.745810	B4	64	63	0	2
82	23.822198	24.129143	D5	64	82	0	5
83	24.155531	24.854142	C5	64	80	0	3
84	24.155531	24.874975	D#4	64	70	0	4
85	24.155531	26.451362	C3	64	78	1	-3
86	24.488864	24.818031	C5	64	50	0	3
87	24.488864	26.488862	G3	64	77	1	-1
88	24.822197	25.152753	C5	64	71	0	3
89	24.822197	26.183307	C4	64	78	0	1
90	25.155530	25.497197	D5	64	63	0	5
91	25.155530	25.541641	D4	64	78	0	3
92	25.488863	25.818030	D#5	64	63	0	1
93	25.488863	26.122196	D#4	64	84	0	4
94	25.822196	26.151363	D#5	64	66	0	1
95	26.155529	26.486085	D#5	64	66	0	1
96	26.155529	26.569418	G4	64	82	0	3
97	26.488862	26.872195	C5	64	64	0	3
98	26.488862	26.818029	C4	64	57	0	1
99	26.822195	27.486084	G5	64	65	0	5
100	26.822195	27.515250	G#4	64	80	0	4
101	26.822195	29.156915	F3	64	82	1	-3
102	27.155528	28.804138	C4	64	63	0	1
103	27.488861	27.819417	F5	64	67	0	3
104	27.488861	28.240250	F4	64	73	0	1
105	27.822194	28.486083	D#5	64	67	0	1
106	27.822194	28.634694	G#4	64	68	0	4
107	28.155527	28.741638	D#5	64	84	0	1
108	28.488860	29.819415	F5	64	79	0	3
109	28.488860	28.843027	F4	64	47	0	1
110	28.822193	29.463859	C5	64	81	0	3
111	29.488859	30.084692	A#2	64	78	1	-5
112	29.488859	30.868025	D5	64	83	0	5
113	29.488859	30.915247	F4	64	72	0	1
114	29.822192	30.151359	A#4	64	64	0	1
115	29.822192	30.113859	F3	64	61	1	-3
116	30.155525	30.486081	A#4	64	66	0	1
117	30.155525	30.556914	A#3	64	51	1	-3
118	30.488858	30.819414	C5	64	65	0	3
119	30.488858	31.647191	C4	64	56	0	1
120	30.822191	31.151358	D5	64	75	0	5
121	30.822191	31.577746	D4	64	82	0	3
122	31.155524	31.484691	D5	64	62	0	5
123	31.155524	31.390246	F4	64	69	0	1
124	31.488857	31.819413	D5	64	65	0	5
125	31.488857	31.824968	A#4	64	82	0	1
126	31.822190	32.197190	A#4	64	61	0	1
127	31.822190	32.404134	D#5	64	86	0	1
128	32.155523	32.819412	G#5	64	68	0	1
129	32.155523	32.881912	A#4	64	78	0	1
130	32.155523	34.306910	D#3	64	79	1	-5
131	32.488856	34.616632	A#3	64	72	1	-3
132	32.822189	33.152745	G5	64	69	0	5
133	32.822189	33.349967	D#4	64	71	0	4
134	33.155522	33.819411	F5	64	64	0	3
135	33.155522	33.756911	F4	64	77	0	1
136	33.822188	35.152743	G5	64	77	0	5
137	33.822188	34.222188	G4	64	83	0	3
138	34.155521	34.570799	D#4	64	72	0	4
139	34.488854	34.787465	A#4	64	78	0	1
140	34.822187	35.448576	C5	64	78	0	3
141	34.822187	35.595798	G#4	64	73	0	4
142	34.822187	36.951352	F3	64	76	1	-3
143	35.155520	35.484687	F5	64	64	0	3
144	35.155520	36.601352	C4	64	68	0	1
145	35.488853	35.819409	F5	64	58	0	3
146	35.488853	36.741630	F4	64	78	0	1
147	35.822186	36.152742	G5	64	66	0	5
148	35.822186	36.168019	G4	64	72	0	3
149	36.155519	36.484686	G#5	64	67	0	1
150	36.155519	36.256908	G#4	64	80	0	4
151	36.488852	36.818019	G#5	64	66	0	1
152	36.488852	36.741630	C5	64	72	0	3
153	36.822185	37.152741	G#5	64	71	0	1
154	36.822185	36.908296	C4	64	55	0	1
155	36.822185	37.091630	D#5	64	79	0	1
156	37.155518	37.506907	F5	64	65	0	3
157	37.155518	37.481907	F5	64	79	0	3
158	37.488851	38.152740	G5	64	66	0	5
159	37.488851	37.811073	G5	64	79	0	5
160	37.488851	39.672183	C3	64	82	1	-3
161	37.822184	39.665238	G3	64	80	1	-1
162	38.155517	38.484684	F5	64	66	0	3
163	38.155517	39.568016	C4	64	68	0	1
164	38.488850	39.152739	F5	64	63	0	3
165	38.488850	38.797183	D4	64	68	0	3
166	38.822183	38.915239	D#4	64	77	0	4
167	39.155516	40.819404	D#5	64	65	0	1
168	39.155516	39.387461	G4	64	71	0	3
169	39.488849	39.793016	D5	64	72	0	5
170	39.822182	40.130515	D#5	64	79	0	1
171	40.155515	40.470793	G#2	64	77	1	-2
172	40.155515	40.965237	G#4	64	79	0	4
173	40.155515	41.045792	C5	64	72	0	3
174	40.488848	40.895792	G#3	64	73	1	-5
175	40.822181	41.151348	C5	64	86	0	3
176	40.822181	40.952737	C4	64	73	0	1
177	41.155514	41.484681	C5	64	71	0	3
178	41.155514	41.455514	F4	64	69	0	1
179	41.488847	42.152736	C5	64	80	0	3
180	41.488847	42.127736	A#2	64	78	1	-5
181	41.488847	42.206902	F4	64	34	0	1
182	41.488847	42.247180	A#4	64	78	0	1
183	41.822180	42.152736	F3	64	79	1	-3
184	42.155513	42.486069	A#4	64	65	0	1
185	42.155513	42.569402	A#3	64	62	1	-3
186	42.488846	45.486066	C5	64	81	0	3
187	42.488846	42.670791	C4	64	76	0	1
188	42.822179	43.249957	G4	64	75	0	3
189	42.822179	43.363846	D#5	64	83	0	1
190	42.822179	43.419401	C3	64	80	1	-3
191	43.155512	43.486068	G3	64	78	1	-1
192	43.488845	43.629123	G4	64	76	0	3
193	43.488845	43.752734	D5	64	84	0	5
194	43.488845	43.879123	C4	64	62	0	1
195	43.822178	44.138845	C5	64	80	0	3
196	43.822178	44.830511	D4	64	75	0	3
197	44.155511	44.813844	D#4	64	71	0	4
198	44.488844	44.777733	F4	64	80	0	1
199	44.822177	44.983288	D5	64	78	0	5
200	44.988844	45.211066	D#5	64	74	0	1
201	45.155510	45.283288	F5	64	76	0	3
202	45.322177	45.577732	A#5	64	61	0	3
203	45.488843	45.987454	C3	64	76	1	-3
204	45.488843	46.061065	G5	64	76	0	5
205	45.822176	46.151343	C5	64	87	0	3
206	45.822176	46.123565	G3	64	76	1	-1
207	46.155509	46.486065	C5	64	74	0	3
208	46.155509	46.573565	C4	64	57	0	1
209	46.488842	46.819398	D5	64	82	0	5
210	46.488842	47.611064	D4	64	76	0	3
211	46.822175	47.151342	D#5	64	80	0	1
212	46.822175	47.583286	D#4	64	80	0	4
213	47.155508	47.484675	D#5	64	79	0	1
214	47.155508	47.443008	G4	64	76	0	3
215	47.488841	47.819397	D#5	64	79	0	1
216	47.488841	47.798563	A#4	64	78	0	1
217	47.822174	48.186063	C5	64	66	0	3
218	47.822174	48.186063	D#5	64	77	0	1
219	48.155507	48.819396	G5	64	72	0	5
220	48.155507	48.926340	G#4	64	79	0	4
221	48.155507	50.152728	F3	64	75	1	-3
222	48.488840	49.465228	C4	64	67	0	1
223	48.822173	49.152729	F5	64	68	0	3
224	48.822173	49.662450	F4	64	75	0	1
225	49.155506	49.819395	D#5	64	72	0	1
226	49.155506	49.527728	G4	64	75	0	3
227	49.488839	49.916617	G#4	64	79	0	4
228	49.822172	51.152727	F5	64	84	0	3
229	49.822172	50.294394	C4	64	58	0	1
230	50.155505	50.468005	G#4	64	74	0	4
231	50.155505	50.529116	F3	64	25	1	-3
232	50.155505	50.609672	D#5	64	57	0	1
233	50.488838	50.577727	C4	64	69	0	1
234	50.822171	51.284671	G4	64	63	0	3
235	50.822171	51.315226	A#2	64	50	1	-5
236	50.822171	51.324949	A#4	64	71	0	1
237	50.822171	51.541615	D5	64	80	0	5
238	51.155504	51.484671	A#4	64	61	0	1
239	51.155504	51.398560	F3	64	75	1	-3
240	51.488837	51.819393	A#4	64	66	0	1
241	51.488837	51.937448	A#3	64	43	1	-3
242	51.488837	51.993004	F4	64	73	0	1
243	51.488837	52.223559	C5	64	79	0	3
244	51.822170	52.152726	C5	64	65	0	3
245	51.822170	52.631892	C4	64	48	0	1
246	52.155503	52.484670	D5	64	75	0	5
247	52.155503	52.531892	A#4	64	78	0	1
248	52.155503	52.574947	F4	64	79	0	1
249	52.488836	52.818003	D5	64	68	0	5
250	52.488836	53.047169	D4	64	80	0	3
251	52.822169	53.152725	D5	64	67	0	5
252	52.822169	53.284669	F4	64	75	0	1
253	53.155502	53.502724	A#4	64	77	0	1
254	53.155502	53.547169	A#4	64	60	0	1
255	53.488835	54.152724	G#5	64	80	0	1
256	53.488835	54.301335	G4	64	80	0	3
257	53.488835	55.636055	D#3	64	76	1	-5
258	53.822168	54.736056	A#3	64	73	1	-3
259	54.155501	54.486057	G5	64	86	0	5
260	54.155501	54.940223	D#4	64	68	0	4
261	54.488834	55.152723	F5	64	86	0	3
262	54.488834	54.898556	F4	64	76	0	1
263	54.822167	55.119389	G4	64	80	0	3
264	55.155500	56.152722	G5	64	91	0	5
265	55.155500	55.540222	A#4	64	75	0	1
266	55.488833	55.612444	A#3	64	76	1	-3
267	55.488833	55.790222	D#4	64	76	0	4
268	55.822166	56.211055	G4	64	78	0	3
269	56.155499	56.647166	F2	64	82	1	-5
270	56.155499	57.316609	D#4	64	58	0	4
271	56.155499	57.429109	C4	64	52	0	1
272	56.155499	57.470776	G#4	64	86	0	4
273	56.488832	56.817999	F5	64	63	0	3
274	56.488832	56.756888	C3	64	63	1	-3
275	56.822165	57.152721	F5	64	61	0	3
276	56.822165	57.212443	F3	64	69	1	-3
277	57.155498	57.562442	G5	64	66	0	5
278	57.155498	58.377719	G3	64	80	1	-1
279	57.488831	57.817998	G#5	64	64	0	1
280	57.488831	58.330497	G#3	64	80	1	-5
281	57.822164	58.151331	G#5	64	60	0	1
282	57.822164	58.261053	C4	64	71	0	1
283	58.155497	58.486053	G#5	64	73	0	1
284	58.155497	58.742997	G#4	64	84	0	4
285	58.488830	58.840219	F5	64	63	0	3
286	58.488830	58.854108	C4	64	56	0	1
287	58.822163	59.486052	G5	64	66	0	5
288	58.822163	59.342996	D#4	64	80	0	4
289	58.822163	59.408274	G4	64	76	0	3
290	58.822163	60.888828	C3	64	77	1	-3
291	59.155496	60.649939	G3	64	69	1	-1
292	59.488829	59.817996	F5	64	73	0	3
293	59.488829	59.673551	D4	64	71	0	3
294	59.488829	59.781885	F4	64	78	0	1
295	59.822162	60.486051	F5	64	64	0	3
296	59.822162	60.279106	D#4	64	83	0	4
297	59.822162	60.291606	G4	64	78	0	3
298	60.155495	60.865217	C4	64	59	0	1
299	60.488828	61.486050	D#5	64	65	0	1
300	60.488828	60.699939	D4	64	78	0	3
301	60.488828	60.744384	F4	64	80	0	1
302	60.822161	61.116606	G4	64	80	0	3
303	60.822161	61.133272	D#4	64	82	0	4
304	61.155494	61.317994	A#4	64	77	0	1
305	61.488827	62.142993	G4	64	79	0	3
306	61.488827	62.227716	D#4	64	80	0	4
307	61.488827	62.247160	C4	64	68	0	1
308	61.488827	62.351327	G#2	64	78	1	-2
309	61.822160	62.392993	D#3	64	79	1	-5
310	62.155493	62.484660	C5	64	74	0	3
311	62.155493	62.395771	G#3	64	72	1	-5
312	62.488826	62.817993	C5	64	82	0	3
313	62.488826	62.594382	A#4	64	52	0	1
314	62.488826	62.634660	C4	64	58	0	1
315	62.822159	63.486048	C5	64	84	0	3
316	62.822159	63.449937	D4	64	75	0	3
317	62.822159	63.529103	A#4	64	78	0	1
318	62.822159	63.556881	F4	64	82	0	1
319	62.822159	63.608270	A#2	64	80	1	-5
320	63.155492	63.608270	F3	64	78	1	-3
321	63.488825	63.819381	A#4	64	76	0	1
322	63.488825	63.902714	A#3	64	59	1	-3
323	63.822158	66.152712	C5	64	80	0	3
324	63.822158	64.040214	D4	64	68	0	3
325	64.155491	64.415213	D#4	64	82	0	4
326	64.155491	64.498547	G4	64	79	0	3
327	64.155491	64.763824	C3	64	81	1	-3
328	64.488824	64.763824	G3	64	73	1	-1
329	64.822157	64.974935	G4	64	38	0	3
330	64.822157	64.995768	D#5	64	58	0	1
331	64.822157	65.209657	C4	64	40	0	1
332	65.155490	65.409657	F4	64	56	0	1
333	65.155490	65.551323	D5	64	82	0	5
334	65.155490	65.788823	D4	64	71	0	3
335	65.488823	66.070767	D#4	64	62	0	4
336	65.822156	66.213823	C5	64	75	0	3
337	65.822156	66.226323	G4	64	68	0	3
338	66.155489	66.294378	D4	64	80	0	3
339	66.488822	66.737433	A#4	64	73	0	1
340	66.822155	67.174933	D#4	64	83	0	4
341	66.822155	67.174933	G#4	64	81	0	4
342	66.822155	67.215211	C4	64	70	0	1
343	66.822155	69.130486	G#2	64	79	1	-2
344	67.155488	67.484655	C6	64	90	0	5
345	67.155488	68.259654	G#3	64	50	1	-5
346	67.488821	67.819377	C6	64	68	0	5
347	67.488821	67.811043	G#4	64	80	0	4
348	67.488821	67.877710	D#4	64	84	0	4
349	67.488821	67.915210	C4	64	71	0	1
350	67.822154	68.151321	A#5	64	64	0	3
351	68.155487	68.484654	A#5	64	64	0	3
352	68.155487	68.470765	G#4	64	75	0	4
353	68.155487	68.515209	D#4	64	78	0	4
354	68.155487	68.541598	C4	64	63	0	1
355	68.488820	68.817987	A#5	64	64	0	3
356	68.488820	68.901320	G#3	64	50	1	-5
357	68.822153	69.152709	A#5	64	89	0	3
358	68.822153	69.062431	G#4	64	78	0	4
359	68.822153	69.161042	C4	64	71	0	1
360	68.822153	69.280486	D#4	64	83	0	4
361	69.155486	69.486042	G5	64	66	0	5
362	69.155486	69.513819	G#3	64	71	1	-5
363	69.488819	69.819375	F5	64	61	0	3
364	69.488819	69.856875	F4	64	82	0	1
365	69.488819	69.879097	D4	64	76	0	3
366	69.488819	69.923541	A#4	64	81	0	1
367	69.488819	71.819373	A#2	64	78	1	-5
368	69.822152	70.486041	G5	64	73	0	5
369	69.822152	71.788817	F3	64	62	1	-3
370	70.155485	70.479096	A#4	64	75	0	1
371	70.155485	70.487430	D4	64	73	0	3
372	70.155485	70.499930	F4	64	80	0	1
373	70.488818	72.152706	F5	64	57	0	3
374	70.488818	70.881874	A#3	64	60	1	-3
375	70.822151	71.090207	A#4	64	79	0	1
376	70.822151	71.130484	F4	64	84	0	1
377	70.822151	71.176318	D4	64	80	0	3
378	71.155484	71.522151	A#3	64	62	1	-3
379	71.488817	71.598540	A#4	64	52	0	1
380	71.488817	71.705484	D4	64	78	0	3
381	71.655484	71.781873	A#3	64	63	1	-3
382	71.822150	71.976317	F4	64	83	0	1
383	71.988817	72.529094	A#4	64	79	0	1
384	72.155483	72.641594	C6	64	98	0	5
385	72.155483	72.513816	F4	64	84	0	1
386	72.155483	72.537427	D4	64	78	0	3
387	72.155483	74.459648	G2	64	84	1	-3
388	72.488816	72.944372	G3	64	71	1	-1
389	72.655483	73.152705	A#5	64	91	0	3
390	72.822149	73.173538	A#4	64	79	0	1
391	72.822149	73.184649	D4	64	76	0	3
392	72.822149	73.184649	F4	64	81	0	1
393	73.155482	73.526315	G5	64	77	0	5
394	73.155482	73.863815	G3	64	60	1	-1
395	73.488815	73.986037	F5	64	72	0	3
396	73.488815	73.944371	D4	64	73	0	3
397	73.822148	74.158259	F4	64	84	0	1
398	73.988815	74.486037	A#5	64	89	0	3
399	74.155481	74.256870	D4	64	83	0	3
400	74.155481	74.290203	A#4	64	84	0	1
401	74.488814	76.817979	G5	64	87	0	5
402	74.488814	74.711036	C5	64	61	0	3
403	74.488814	74.765203	G3	64	75	1	-1
404	74.822147	74.955481	D#5	64	77	0	1
405	74.822147	75.248536	G4	64	76	0	3
406	74.822147	75.388813	C3	64	79	1	-3
407	75.155480	75.433258	G3	64	60	1	-1
408	75.488813	75.863813	G4	64	68	0	3
409	75.488813	76.037424	C4	64	58	0	1
410	75.488813	76.092979	D#5	64	83	0	1
411	75.822146	76.899923	D4	64	72	0	3
412	76.155479	76.342979	G4	64	77	0	3
413	76.155479	76.445757	D5	64	90	0	5
414	76.488812	76.695757	G4	64	76	0	3
415	76.488812	76.863812	D#5	64	83	0	1
416	76.822145	77.205478	G5	64	97	0	5
417	76.822145	76.934645	D#4	64	84	0	4
418	76.822145	77.045756	A#4	64	78	0	1
419	77.155478	77.819367	F5	64	90	0	3
420	77.155478	77.315200	G4	64	71	0	3
421	77.488811	77.901311	C5	64	77	0	3
422	77.488811	77.980478	D#4	64	78	0	4
423	77.488811	77.981866	G#4	64	79	0	4
424	77.488811	78.086033	G#2	64	82	1	-2
425	77.822144	78.817977	D#5	64	90	0	1
426	77.822144	78.147144	D#3	64	80	1	-5
427	78.155477	78.552699	G#3	64	57	1	-5
428	78.155477	78.761032	C5	64	78	0	3
429	78.155477	78.801310	G#4	64	80	0	4
430	78.155477	78.898532	D#4	64	81	0	4
431	78.488810	79.392976	A#3	64	69	1	-3
432	78.822143	79.486032	D#5	64	91	0	1
433	78.822143	79.862420	C4	64	74	0	1
434	79.155476	79.447143	D#4	64	78	0	4
435	79.488809	79.819365	C5	64	66	0	3
436	79.488809	79.754087	G#4	64	79	0	4
437	79.822142	82.486029	F5	64	90	0	3
438	79.822142	80.079087	C5	64	79	0	3
439	80.155475	80.315197	F4	64	78	0	1
440	80.155475	80.613808	A#2	64	80	1	-5
441	80.155475	80.799919	D5	64	84	0	5
442	80.155475	80.976308	A#4	64	79	0	1
443	80.488808	80.798530	F3	64	80	1	-3
444	80.488808	80.916586	F4	64	5	0	1
445	80.822141	81.238808	A#3	64	72	1	-3
446	81.155474	82.408251	C4	64	73	0	1
447	81.488807	82.367973	D4	64	76	0	3
448	81.822140	81.980474	D5	64	58	0	5
449	81.822140	82.004085	A#5	64	71	0	3
450	82.155473	82.262418	D#4	64	59	0	4
451	82.155473	82.433251	D5	64	81	0	5
452	82.155473	82.474918	A#5	64	79	0	3
453	82.488806	82.819362	C5	64	73	0	3
454	82.488806	82.684640	F5	64	82	0	3
455	82.822139	83.484639	D#5	64	90	0	1
456	82.822139	83.117972	G#2	64	80	1	-2
457	82.822139	83.569361	D#4	64	75	0	4
458	82.822139	83.580472	G#4	64	83	0	4
459	82.822139	83.605472	C5	64	80	0	3
460	83.155472	83.536028	G#3	64	61	1	-5
461	83.488805	83.817972	D#5	64	76	0	1
462	83.488805	85.037415	A#3	64	76	1	-3
463	83.822138	84.486027	D#5	64	76	0	1
464	83.822138	84.336027	C4	64	73	0	1
465	84.155471	84.423527	D#4	64	80	0	4
466	84.488804	85.151304	G5	64	93	0	5
467	84.488804	84.804082	C5	64	75	0	3
468	84.822137	84.970748	C4	64	80	0	1
469	85.155470	88.152690	G5	64	92	0	5
470	85.155470	85.434637	D#5	64	84	0	1
471	85.488803	85.767970	G2	64	83	1	-3
472	85.488803	86.515191	D5	64	84	0	5
473	85.822136	86.226303	G3	64	75	1	-1
474	86.155469	86.574913	C4	64	79	0	1
475	86.488802	86.572136	D4	64	84	0	3
476	86.822135	87.016580	G4	64	71	0	3
477	86.822135	87.177691	B4	64	71	0	2
478	86.822135	87.831857	G2	64	84	1	-3
479	87.155468	87.305468	G4	64	77	0	3
480	87.155468	87.455468	C5	64	81	0	3
481	87.155468	87.558246	G3	64	78	1	-1
482	87.488801	87.692968	G4	64	75	0	3
483	87.488801	87.792968	D5	64	86	0	5
484	87.488801	87.822134	B2	64	79	1	-4
485	87.822134	87.947134	F5	64	81	0	3
486	87.822134	88.006856	G3	64	84	1	-1
487	88.155467	88.583245	G#4	64	75	0	4
488	88.155467	88.587411	D#5	64	83	0	1
489	88.155467	90.430465	G#2	64	57	1	-2
490	88.488800	88.817967	C6	64	92	0	5
491	88.488800	88.917967	G#3	64	69	1	-5
492	88.822133	89.152689	C6	64	90	0	5
493	88.822133	89.163800	G#4	64	82	0	4
494	88.822133	89.194355	D#4	64	77	0	4
495	88.822133	89.204077	C5	64	78	0	3
496	88.822133	89.262411	D#5	64	67	0	1
497	89.155466	89.484633	A#5	64	89	0	3
498	89.155466	89.594355	G#3	64	57	1	-5
499	89.488799	89.817966	A#5	64	79	0	3
500	89.488799	89.838799	G#4	64	82	0	4
501	89.488799	89.866577	D#4	64	75	0	4
502	89.488799	89.902688	C5	64	75	0	3
503	89.488799	89.912410	D#5	64	67	0	1
504	89.822132	90.151299	A#5	64	79	0	3
505	89.822132	90.258243	G#3	64	58	1	-5
506	90.155465	90.486021	A#5	64	84	0	3
507	90.155465	90.258243	D#5	64	59	0	1
508	90.155465	90.451298	D#4	64	75	0	4
509	90.155465	90.659632	G#4	64	82	0	4
510	90.155465	90.670743	C5	64	82	0	3
511	90.488798	90.819354	G5	64	65	0	5
512	90.488798	90.830465	G#3	64	79	1	-5
513	90.822131	91.152687	F5	64	76	0	3
514	90.822131	91.190187	D5	64	82	0	5
515	90.822131	91.204075	F4	64	78	0	1
516	90.822131	91.261020	A#4	64	78	0	1
517	90.822131	91.969352	A#2	64	81	1	-5
518	91.155464	91.819353	G5	64	83	0	5
519	91.155464	91.529075	A#3	64	54	1	-3
520	91.488797	91.695742	D5	64	80	0	5
521	91.488797	91.784630	A#4	64	74	0	1
522	91.488797	91.811019	F4	64	79	0	1
523	91.822130	93.486018	F5	64	77	0	3
524	91.822130	92.111019	A#3	64	67	1	-3
525	92.155463	92.277686	F4	64	78	0	1
526	92.155463	92.317963	F5	64	69	0	3
527	92.155463	92.458241	A#2	64	75	1	-5
528	92.488796	92.590185	G4	64	69	0	3
529	92.488796	92.617963	G5	64	82	0	5
530	92.488796	92.870740	A#3	64	69	1	-3
531	92.822129	92.917963	A#4	64	71	0	1
532	92.822129	92.954074	A#5	64	83	0	3
533	92.822129	93.194351	C4	64	68	0	1
534	93.155462	93.222129	D4	64	82	0	3
535	93.155462	93.256851	C5	64	69	0	3
536	93.155462	93.284629	C6	64	82	0	5
537	93.488795	93.822128	C6	64	100	0	5
538	93.488795	93.759628	G2	64	83	1	-3
539	93.488795	94.155461	D6	64	84	0	2
540	93.488795	94.308239	D5	64	80	0	5
541	93.822128	94.486017	A#5	64	93	0	3
542	93.822128	94.192961	G3	64	75	1	-1
543	94.155461	95.692960	A#3	64	76	1	-3
544	94.488794	94.844350	G5	64	66	0	5
545	94.488794	94.798516	D4	64	80	0	3
546	94.655461	94.783239	F4	64	73	0	1
547	94.822127	95.319349	A#5	64	68	0	3
548	94.822127	95.033238	A#4	64	69	0	1
549	94.988794	95.140183	C5	64	73	0	3
550	95.155460	95.274905	D5	64	75	0	5
551	95.322127	95.819349	C6	64	84	0	5
552	95.322127	95.501293	D#5	64	80	0	1
553	95.488793	95.599904	D4	64	79	0	3
554	95.488793	95.706849	D5	64	78	0	5
555	95.655460	95.769349	A#4	64	28	0	1
556	95.822126	98.151291	G5	64	91	0	5
557	95.822126	95.977682	G4	64	63	0	3
558	95.988793	96.148515	C5	64	71	0	3
559	96.155459	96.492959	D#5	64	83	0	1
560	96.155459	96.640181	G4	64	78	0	3
561	96.155459	96.698514	C3	64	80	1	-3
562	96.488792	96.788792	G3	64	79	1	-1
563	96.488792	96.815181	D5	64	83	0	5
564	96.822125	97.044347	G4	64	72	0	3
565	96.822125	97.063792	D#5	64	80	0	1
566	96.822125	97.238792	C4	64	57	0	1
567	97.155458	97.312403	G4	64	62	0	3
568	97.155458	97.552680	D5	64	84	0	5
569	97.155458	98.237402	D4	64	72	0	3
570	97.488791	97.838791	C5	64	79	0	3
571	97.488791	97.895735	G4	64	76	0	3
572	97.822124	98.181846	D#4	64	84	0	4
573	98.155457	98.486013	G5	64	96	0	5
574	98.155457	98.370735	G4	64	82	0	3
575	98.155457	98.401290	A#4	64	83	0	1
576	98.488790	99.152679	F5	64	90	0	3
577	98.822123	99.208234	G#4	64	82	0	4
578	98.822123	99.213790	D#4	64	80	0	4
579	98.822123	99.213790	C5	64	79	0	3
580	98.822123	100.981843	G#2	64	84	1	-2
581	99.155456	100.151289	D#5	64	90	0	1
582	99.155456	99.611012	G#3	64	63	1	-5
583	99.488789	99.876289	G#4	64	79	0	4
584	99.488789	99.883233	D#4	64	76	0	4
585	99.488789	99.888789	C5	64	78	0	3
586	99.822122	100.338789	G#3	64	59	1	-5
587	100.155455	100.819344	D#5	64	101	0	1
588	100.155455	100.544344	C5	64	73	0	3
589	100.155455	100.555455	G#4	64	76	0	4
590	100.155455	100.627677	D#4	64	75	0	4
591	100.488788	100.954066	G#3	64	58	1	-5
592	100.822121	101.152677	C5	64	81	0	3
593	100.822121	101.016566	D#4	64	80	0	4
594	100.822121	101.179065	C5	64	78	0	3
595	100.822121	101.326288	G#4	64	83	0	4
596	101.155454	103.819341	F5	64	100	0	3
597	101.155454	101.502676	G#3	64	72	1	-5
598	101.488787	101.951287	D5	64	86	0	5
599	101.488787	102.136009	A#2	64	83	1	-5
600	101.488787	102.287398	F4	64	80	0	1
601	101.488787	102.827675	A#4	64	79	0	1
602	101.822120	102.154065	F3	64	77	1	-3
603	102.155453	102.545731	A#3	64	72	1	-3
604	102.488786	103.747118	C4	64	72	0	1
605	102.822119	103.708230	D4	64	80	0	3
606	103.155452	103.574896	F4	64	79	0	1
607	103.488785	103.792952	A#4	64	80	0	1
608	103.822118	104.152674	D#5	64	91	0	1
609	103.822118	104.002674	C5	64	90	0	3
610	104.155451	104.819340	F5	64	91	0	3
611	104.155451	104.461007	G2	64	83	1	-3
612	104.155451	105.015173	D5	64	84	0	5
613	104.155451	105.047117	F4	64	77	0	1
614	104.155451	105.131839	A#4	64	79	0	1
615	104.488784	104.848506	G3	64	73	1	-1
616	104.822117	105.152673	D#5	64	97	0	1
617	104.822117	106.306838	A#3	64	78	1	-3
618	105.155450	105.819339	F5	64	90	0	3
619	105.155450	105.729061	D4	64	80	0	3
620	105.488783	105.752672	F4	64	75	0	1
621	105.822116	106.486005	D#5	64	97	0	1
622	105.822116	106.081838	A#4	64	83	0	1
623	106.155449	106.277672	D4	64	80	0	3
624	106.155449	106.437394	D5	64	83	0	5
625	106.488782	109.486002	C5	64	87	0	3
626	106.488782	106.633227	F5	64	79	0	3
627	106.822115	107.301282	G4	64	79	0	3
628	106.822115	107.451281	D#5	64	82	0	1
629	106.822115	107.452670	C3	64	78	1	-3
630	107.155448	107.508226	G3	64	62	1	-1
631	107.488781	107.619337	D#5	64	39	0	1
632	107.488781	107.652670	G4	64	75	0	3
633	107.488781	107.767948	D5	64	84	0	5
634	107.488781	107.883225	C4	64	58	0	1
635	107.822114	108.138781	G4	64	79	0	3
636	107.822114	108.224892	C5	64	79	0	3
637	107.822114	109.013780	D4	64	79	0	3
638	108.155447	108.942947	D#4	64	78	0	4
639	108.488780	108.916558	F4	64	76	0	1
640	108.822113	108.937391	C5	64	63	0	3
641	108.822113	108.983224	C6	64	78	0	5
642	109.155446	109.269335	D6	64	48	0	2
643	109.155446	109.270724	D5	64	69	0	5
644	109.488779	109.826279	D#5	64	84	0	1
645	109.488779	109.992946	C3	64	76	1	-3
646	109.488779	109.995723	G4	64	73	0	3
647	109.822112	110.161001	G3	64	69	1	-1
648	109.822112	110.183223	D5	64	77	0	5
649	110.155445	110.458223	D#5	64	81	0	1
650	110.155445	110.490167	G4	64	52	0	3
651	110.155445	110.515167	C4	64	51	0	1
652	110.488778	110.823500	D5	64	70	0	5
653	110.488778	111.536000	D4	64	73	0	3
654	110.822111	111.123500	D#5	64	80	0	1
655	110.822111	111.136000	G4	64	58	0	3
656	111.155444	111.506833	D#4	64	76	0	4
657	111.488777	111.787388	G4	64	69	0	3
658	111.488777	111.805444	D5	64	79	0	5
659	111.822110	112.006832	D#5	64	80	0	1
660	112.155443	112.579054	A#4	64	69	0	1
661	112.155443	112.613776	F4	64	69	0	1
662	112.155443	112.633221	D5	64	82	0	5
663	112.155443	114.599885	A#2	64	38	1	-5
664	112.488776	113.177665	G3	64	55	1	-1
665	112.822109	113.854053	A#3	64	69	1	-3
666	113.155442	113.844331	D4	64	71	0	3
667	113.488775	113.881831	F4	64	84	0	1
668	113.822108	114.420719	F3	64	76	1	-3
669	114.155441	114.502663	D4	64	78	0	3
670	114.155441	114.597108	A#4	64	84	0	1
671	114.488774	114.580441	A#3	64	52	1	-3
672	114.488774	114.620719	F3	64	68	1	-3
673	114.822107	115.398496	G#2	64	82	1	-2
674	114.822107	115.463773	G#4	64	82	0	4
675	114.822107	115.529051	C4	64	71	0	1
676	114.822107	115.540162	D#4	64	82	0	4
677	115.155440	115.483218	D#3	64	80	1	-5
678	115.488773	115.895717	G#3	64	72	1	-5
679	115.822106	116.916550	A#3	64	73	1	-3
680	116.155439	116.919328	C4	64	79	0	1
681	116.488772	116.729050	D#4	64	79	0	4
682	116.822105	117.190161	G#4	64	80	0	4
683	117.155438	117.501271	C5	64	71	0	3
684	117.488771	117.829049	G2	64	80	1	-3
685	117.488771	118.434604	F4	64	78	0	1
686	117.488771	118.584604	A#4	64	77	0	1
687	117.822104	118.235993	G3	64	68	1	-1
688	118.155437	119.651269	A#3	64	76	1	-3
689	118.488770	119.106825	D4	64	82	0	3
690	118.822103	119.201270	G4	64	79	0	3
691	119.155436	119.352658	A#4	64	78	0	1
692	119.322103	119.549880	C5	64	73	0	3
693	119.488769	119.610992	D4	64	77	0	3
694	119.488769	119.655436	D5	64	82	0	5
695	119.655436	119.879047	D#5	64	82	0	1
696	119.822102	119.956824	D5	64	76	0	5
697	119.988769	120.181824	A#4	64	68	0	1
698	120.155435	120.566546	C5	64	77	0	3
699	120.155435	120.569324	G4	64	75	0	3
700	120.155435	122.542933	C3	64	79	1	-3
701	120.488768	122.345711	G3	64	78	1	-1
702	120.822101	121.792934	C4	64	68	0	1
703	121.155434	121.477656	D4	64	83	0	3
704	121.488767	121.577656	D#4	64	83	0	4
705	121.822100	122.054045	G4	64	78	0	3
706	122.155433	122.409600	G4	64	68	0	3
707	122.155433	122.673488	D#5	64	90	0	1
708	122.488766	122.787377	G3	64	82	1	-1
709	122.822099	123.310988	A#2	64	76	1	-5
710	122.822099	123.809598	F4	64	75	0	1
711	122.822099	123.913765	A#4	64	76	0	1
712	122.822099	123.995709	D5	64	83	0	5
713	123.155432	123.458210	F3	64	73	1	-3
714	123.488765	123.876265	A#3	64	57	1	-3
715	123.822098	124.360987	C4	64	71	0	1
716	124.155431	124.820709	D4	64	72	0	3
717	124.488764	124.597098	A#4	64	71	0	1
718	124.488764	124.648486	A#5	64	78	0	3
719	124.822097	124.935986	C4	64	63	0	1
720	124.822097	124.945708	C5	64	63	0	3
721	124.822097	124.992931	C6	64	77	0	5
722	125.155430	125.288764	D5	64	59	0	5
723	125.155430	125.334597	D6	64	80	0	2
724	125.488763	125.710985	D#6	64	84	0	3
725	125.488763	125.784596	D#5	64	76	0	1
726	125.488763	127.231817	G#2	64	83	1	-2
727	125.822096	127.417928	D#3	64	78	1	-5
728	126.155429	126.583207	G#3	64	75	1	-5
729	126.488762	126.672096	G#4	64	83	0	4
730	126.988762	127.226262	G#3	64	53	1	-5
731	127.155428	127.459595	G#4	64	79	0	4
732	127.155428	127.510984	C4	64	49	0	1
733	127.155428	127.566539	D#4	64	61	0	4
734	127.488761	127.684595	G#2	64	55	1	-2
735	127.488761	127.716539	G#3	64	76	1	-5
736	128.155427	128.595705	G4	64	82	0	3
737	128.155427	128.629038	D4	64	79	0	3
738	128.155427	129.926259	G2	64	84	1	-3
739	128.488760	129.863759	G3	64	69	1	-1
740	128.822093	129.116538	A#3	64	69	1	-3
741	129.155426	129.342926	F4	64	78	0	1
742	129.488759	129.692926	G4	64	76	0	3
743	129.822092	130.062370	A#4	64	72	0	1
744	130.155425	130.333203	D5	64	81	0	5
745	130.822091	131.520702	C5	64	80	0	3
746	130.822091	131.541535	D#4	64	70	0	4
747	130.822091	133.117922	C3	64	78	1	-3
748	131.155424	131.473480	C5	64	50	0	3
749	131.155424	133.155422	G3	64	77	1	-1
750	131.488757	131.808202	C5	64	71	0	3
751	131.488757	132.849867	C4	64	78	0	1
752	131.822090	132.152646	D5	64	63	0	5
753	131.822090	132.208201	D4	64	78	0	3
754	132.155423	132.473479	D#5	64	63	0	1
755	132.155423	132.788756	D#4	64	84	0	4
756	132.488756	132.806812	D#5	64	66	0	1
757	132.822089	133.141534	D#5	64	66	0	1
758	132.822089	133.235978	G4	64	82	0	3
759	133.155422	133.529033	C5	64	64	0	3
760	133.155422	133.484589	C4	64	57	0	1
761	133.488755	134.141533	G5	64	65	0	5
762	133.488755	134.181810	G#4	64	80	0	4
763	133.488755	135.823475	F3	64	82	1	-3
764	133.822088	135.470698	C4	64	63	0	1
765	134.155421	134.474866	F5	64	67	0	3
766	134.155421	134.906810	F4	64	73	0	1
767	134.488754	135.141532	D#5	64	67	0	1
768	134.488754	135.301254	G#4	64	68	0	4
769	134.822087	135.408198	D#5	64	84	0	1
770	135.155420	136.474864	F5	64	79	0	3
771	135.155420	135.509587	F4	64	47	0	1
772	135.488753	136.130419	C5	64	81	0	3
773	136.155419	136.751252	A#2	64	78	1	-5
774	136.155419	137.534585	D5	64	83	0	5
775	136.155419	137.581807	F4	64	72	0	1
776	136.488752	136.806808	A#4	64	64	0	1
777	136.488752	136.780419	F3	64	61	1	-3
778	136.822085	137.141530	A#4	64	66	0	1
779	136.822085	137.223474	A#3	64	51	1	-3
780	137.155418	137.474863	C5	64	65	0	3
781	137.155418	138.313751	C4	64	56	0	1
782	137.488751	137.806807	D5	64	75	0	5
783	137.488751	138.244306	D4	64	82	0	3
784	137.822084	138.140140	D5	64	62	0	5
785	137.822084	138.056806	F4	64	69	0	1
786	138.155417	138.474862	D5	64	65	0	5
787	138.155417	138.491528	A#4	64	82	0	1
788	138.488750	138.852639	A#4	64	61	0	1
789	138.488750	139.070694	D#5	64	86	0	1
790	138.822083	139.474861	G#5	64	68	0	1
791	138.822083	139.548472	A#4	64	78	0	1
792	138.822083	140.973470	D#3	64	79	1	-5
793	139.155416	141.283192	A#3	64	72	1	-3
794	139.488749	139.808194	G5	64	69	0	5
795	139.488749	140.016527	D#4	64	71	0	4
796	139.822082	140.474860	F5	64	64	0	3
797	139.822082	140.423471	F4	64	77	0	1
798	140.488748	141.808192	G5	64	77	0	5
799	140.488748	140.888748	G4	64	83	0	3
800	140.822081	141.237359	D#4	64	72	0	4
801	141.155414	141.454025	A#4	64	78	0	1
802	141.488747	142.115136	C5	64	78	0	3
803	141.488747	142.262358	G#4	64	73	0	4
804	141.488747	143.617912	F3	64	76	1	-3
805	141.822080	142.140136	F5	64	64	0	3
806	141.822080	143.267912	C4	64	68	0	1
807	142.155413	142.474858	F5	64	58	0	3
808	142.155413	143.408190	F4	64	78	0	1
809	142.488746	142.808191	G5	64	66	0	5
810	142.488746	142.834579	G4	64	72	0	3
811	142.822079	143.140135	G#5	64	67	0	1
812	142.822079	142.923468	G#4	64	80	0	4
813	143.155412	143.473468	G#5	64	66	0	1
814	143.155412	143.408190	C5	64	72	0	3
815	143.488745	143.808190	G#5	64	71	0	1
816	143.488745	143.574856	C4	64	55	0	1
817	143.488745	143.758190	D#5	64	79	0	1
818	143.822078	144.162356	F5	64	65	0	3
819	143.822078	144.148467	F5	64	79	0	3
820	144.155411	144.808189	G5	64	66	0	5
821	144.155411	144.477633	G5	64	79	0	5
822	144.155411	146.338743	C3	64	82	1	-3
823	144.488744	146.331798	G3	64	80	1	-1
824	144.822077	145.140133	F5	64	66	0	3
825	144.822077	146.234576	C4	64	68	0	1
826	145.155410	145.808188	F5	64	63	0	3
827	145.155410	145.463743	D4	64	68	0	3
828	145.488743	145.581799	D#4	64	77	0	4
829	145.822076	147.474853	D#5	64	65	0	1
830	145.822076	146.054021	G4	64	71	0	3
831	146.155409	146.459576	D5	64	72	0	5
832	146.488742	146.797075	D#5	64	79	0	1
833	146.822075	147.137353	G#2	64	77	1	-2
834	146.822075	147.631797	G#4	64	79	0	4
835	146.822075	147.712352	C5	64	72	0	3
836	147.155408	147.562352	G#3	64	73	1	-5
837	147.488741	147.806797	C5	64	86	0	3
838	147.488741	147.619297	C4	64	73	0	1
839	147.822074	148.140130	C5	64	71	0	3
840	147.822074	148.122074	F4	64	69	0	1
841	148.155407	148.808185	C5	64	80	0	3
842	148.155407	148.794296	A#2	64	78	1	-5
843	148.155407	148.873462	F4	64	34	0	1
844	148.155407	148.910962	D5	64	82	0	5
845	148.155407	148.913740	A#4	64	78	0	1
846	148.488740	148.819296	F3	64	79	1	-3
847	148.822073	149.141518	A#4	64	65	0	1
848	148.822073	149.235962	A#3	64	62	1	-3
849	149.155406	152.141515	C5	64	81	0	3
850	149.155406	149.337351	C4	64	76	0	1
851	149.488739	149.916517	G4	64	75	0	3
852	149.488739	150.030406	D#5	64	83	0	1
853	149.488739	150.085961	C3	64	80	1	-3
854	149.822072	150.152628	G3	64	78	1	-1
855	150.155405	150.295683	G4	64	76	0	3
856	150.155405	150.419294	D5	64	84	0	5
857	150.155405	150.545683	C4	64	62	0	1
858	150.488738	150.805405	C5	64	80	0	3
859	150.488738	151.497071	D4	64	75	0	3
860	150.822071	151.480404	D#4	64	71	0	4
861	151.155404	151.444293	F4	64	80	0	1
862	151.488737	151.649848	D5	64	78	0	5
863	151.655404	151.877626	D#5	64	74	0	1
864	151.822070	151.949848	F5	64	76	0	3
865	151.988737	152.244292	A#5	64	61	0	3
866	152.155403	152.654014	C3	64	76	1	-3
867	152.155403	152.727625	G5	64	76	0	5
868	152.488736	152.806792	C5	64	87	0	3
869	152.488736	152.790125	G3	64	76	1	-1
870	152.822069	153.141514	C5	64	74	0	3
871	152.822069	153.240125	C4	64	57	0	1
872	153.155402	153.474847	D5	64	82	0	5
873	153.155402	154.277624	D4	64	76	0	3
874	153.488735	153.806791	D#5	64	80	0	1
875	153.488735	154.249846	D#4	64	80	0	4
876	153.822068	154.140124	D#5	64	79	0	1
877	153.822068	154.109568	G4	64	76	0	3
878	154.155401	154.474846	D#5	64	79	0	1
879	154.155401	154.465123	A#4	64	78	0	1
880	154.488734	154.841512	C5	64	66	0	3
881	154.488734	154.852623	D#5	64	77	0	1
882	154.822067	155.474845	G5	64	72	0	5
883	154.822067	155.592900	G#4	64	79	0	4
884	154.822067	156.819288	F3	64	75	1	-3
885	155.155400	156.131788	C4	64	67	0	1
886	155.488733	155.808178	F5	64	68	0	3
887	155.488733	156.329010	F4	64	75	0	1
888	155.822066	156.474844	D#5	64	72	0	1
889	155.822066	156.194288	G4	64	75	0	3
890	156.155399	156.583177	G#4	64	79	0	4
891	156.488732	157.808176	F5	64	84	0	3
892	156.488732	156.960954	C4	64	58	0	1
893	156.822065	157.134565	G#4	64	74	0	4
894	156.822065	157.195676	F3	64	25	1	-3
895	156.822065	157.276232	D#5	64	57	0	1
896	157.155398	157.244287	C4	64	69	0	1
897	157.488731	157.951231	G4	64	63	0	3
898	157.488731	157.981786	A#2	64	50	1	-5
899	157.488731	157.991509	A#4	64	71	0	1
900	157.488731	158.208175	D5	64	80	0	5
901	157.822064	158.140120	A#4	64	61	0	1
902	157.822064	158.065120	F3	64	75	1	-3
903	158.155397	158.474842	A#4	64	66	0	1
904	158.155397	158.604008	A#3	64	43	1	-3
905	158.155397	158.659564	F4	64	73	0	1
906	158.155397	158.890119	C5	64	79	0	3
907	158.488730	158.808175	C5	64	65	0	3
908	158.488730	159.298452	C4	64	48	0	1
909	158.822063	159.140119	D5	64	75	0	5
910	158.822063	159.198452	A#4	64	78	0	1
911	158.822063	159.241507	F4	64	79	0	1
912	159.155396	159.473452	D5	64	68	0	5
913	159.155396	159.713729	D4	64	80	0	3
914	159.488729	159.808174	D5	64	67	0	5
915	159.488729	159.951229	F4	64	75	0	1
916	159.822062	160.158173	A#4	64	77	0	1
917	159.822062	160.213729	A#4	64	60	0	1
918	160.155395	160.808173	G#5	64	80	0	1
919	160.155395	160.967895	G4	64	80	0	3
920	160.155395	162.302615	D#3	64	76	1	-5
921	160.488728	161.402616	A#3	64	73	1	-3
922	160.822061	161.141506	G5	64	86	0	5
923	160.822061	161.606783	D#4	64	68	0	4
924	161.155394	161.808172	F5	64	86	0	3
925	161.155394	161.565116	F4	64	76	0	1
926	161.488727	161.785949	G4	64	80	0	3
927	161.822060	162.808171	G5	64	91	0	5
928	161.822060	162.206782	A#4	64	75	0	1
929	162.155393	162.279004	A#3	64	76	1	-3
930	162.155393	162.456782	D#4	64	76	0	4
931	162.488726	162.877615	G4	64	78	0	3
932	162.822059	163.313726	F2	64	82	1	-5
933	162.822059	163.983169	D#4	64	58	0	4
934	162.822059	164.095669	C4	64	52	0	1
935	162.822059	164.137336	G#4	64	86	0	4
936	163.155392	163.473448	F5	64	63	0	3
937	163.155392	163.423448	C3	64	63	1	-3
938	163.488725	163.808170	F5	64	61	0	3
939	163.488725	163.879003	F3	64	69	1	-3
940	163.822058	164.219280	G5	64	66	0	5
941	163.822058	165.044279	G3	64	80	1	-1
942	164.155391	164.473447	G#5	64	64	0	1
943	164.155391	164.997057	G#3	64	80	1	-5
944	164.488724	164.806780	G#5	64	60	0	1
945	164.488724	164.927613	C4	64	71	0	1
946	164.822057	165.141502	G#5	64	73	0	1
947	164.822057	165.409557	G#4	64	84	0	4
948	165.155390	165.495668	F5	64	63	0	3
949	165.155390	165.520668	C4	64	56	0	1
950	165.488723	166.141501	G5	64	66	0	5
951	165.488723	166.009556	D#4	64	80	0	4
952	165.488723	166.074834	G4	64	76	0	3
953	165.488723	167.555388	C3	64	77	1	-3
954	165.822056	167.316499	G3	64	69	1	-1
955	166.155389	166.473445	F5	64	73	0	3
956	166.155389	166.340111	D4	64	71	0	3
957	166.155389	166.448445	F4	64	78	0	1
958	166.488722	167.141500	F5	64	64	0	3
959	166.488722	166.945666	D#4	64	83	0	4
960	166.488722	166.958166	G4	64	78	0	3
961	166.822055	167.531777	C4	64	59	0	1
962	167.155388	168.141499	D#5	64	65	0	1
963	167.155388	167.366499	D4	64	78	0	3
964	167.155388	167.410944	F4	64	80	0	1
965	167.488721	167.783166	G4	64	80	0	3
966	167.488721	167.799832	D#4	64	82	0	4
967	167.822054	167.984554	A#4	64	77	0	1
968	168.155387	168.809553	G4	64	79	0	3
969	168.155387	168.894276	D#4	64	80	0	4
970	168.155387	168.913720	C4	64	68	0	1
971	168.155387	169.017887	G#2	64	78	1	-2
972	168.488720	169.059553	D#3	64	79	1	-5
973	168.822053	169.140109	C5	64	74	0	3
974	168.822053	169.062331	G#3	64	72	1	-5
975	169.155386	169.473442	C5	64	82	0	3
976	169.155386	169.260942	A#4	64	52	0	1
977	169.155386	169.301220	C4	64	58	0	1
978	169.488719	170.141497	C5	64	84	0	3
979	169.488719	170.116497	D4	64	75	0	3
980	169.488719	170.195663	A#4	64	78	0	1
981	169.488719	170.223441	F4	64	82	0	1
982	169.488719	170.274830	A#2	64	80	1	-5
983	169.822052	170.274830	F3	64	78	1	-3
984	170.155385	170.474830	A#4	64	76	0	1
985	170.155385	170.569274	A#3	64	59	1	-3
986	170.488718	172.808161	C5	64	80	0	3
987	170.488718	170.706774	D4	64	68	0	3
988	170.822051	171.081773	D#4	64	82	0	4
989	170.822051	171.165107	G4	64	79	0	3
990	170.822051	171.430384	C3	64	81	1	-3
991	171.155384	171.430384	G3	64	73	1	-1
992	171.488717	171.641495	G4	64	38	0	3
993	171.488717	171.662328	D#5	64	58	0	1
994	171.488717	171.876217	C4	64	40	0	1
995	171.822050	172.076217	F4	64	56	0	1
996	171.822050	172.217883	D5	64	82	0	5
997	171.822050	172.455383	D4	64	71	0	3
998	172.155383	172.737327	D#4	64	62	0	4
999	172.488716	172.880383	C5	64	75	0	3
1000	172.488716	172.892883	G4	64	68	0	3
1001	172.822049	172.960938	D4	64	80	0	3
1002	173.155382	173.403993	A#4	64	73	0	1
1003	173.488715	173.841493	D#4	64	83	0	4
1004	173.488715	173.841493	G#4	64	81	0	4
1005	173.488715	173.881771	C4	64	70	0	1
1006	173.488715	175.797046	G#2	64	79	1	-2
1007	173.822048	174.140104	C6	64	90	0	5
1008	173.822048	174.926214	G#3	64	50	1	-5
1009	174.155381	174.474826	C6	64	68	0	5
1010	174.155381	174.477603	G#4	64	80	0	4
1011	174.155381	174.544270	D#4	64	84	0	4
1012	174.155381	174.581770	C4	64	71	0	1
1013	174.488714	174.806770	A#5	64	64	0	3
1014	174.822047	175.140103	A#5	64	64	0	3
1015	174.822047	175.137325	G#4	64	75	0	4
1016	174.822047	175.181769	D#4	64	78	0	4
1017	174.822047	175.208158	C4	64	63	0	1
1018	175.155380	175.473436	A#5	64	64	0	3
1019	175.155380	175.567880	G#3	64	50	1	-5
1020	175.488713	175.808158	A#5	64	89	0	3
1021	175.488713	175.728991	G#4	64	78	0	4
1022	175.488713	175.827602	C4	64	71	0	1
1023	175.488713	175.947046	D#4	64	83	0	4
1024	175.822046	176.141491	G5	64	66	0	5
1025	175.822046	176.180379	G#3	64	71	1	-5
1026	176.155379	176.474824	F5	64	61	0	3
1027	176.155379	176.523435	F4	64	82	0	1
1028	176.155379	176.545657	D4	64	76	0	3
1029	176.155379	176.590101	A#4	64	81	0	1
1030	176.155379	178.485933	A#2	64	78	1	-5
1031	176.488712	177.141490	G5	64	73	0	5
1032	176.488712	178.455377	F3	64	62	1	-3
1033	176.822045	177.145656	A#4	64	75	0	1
1034	176.822045	177.153990	D4	64	73	0	3
1035	176.822045	177.166490	F4	64	80	0	1
1036	177.155378	178.808155	F5	64	57	0	3
1037	177.155378	177.548434	A#3	64	60	1	-3
1038	177.488711	177.756767	A#4	64	79	0	1
1039	177.488711	177.797044	F4	64	84	0	1
1040	177.488711	177.842878	D4	64	80	0	3
1041	177.822044	178.188711	A#3	64	62	1	-3
1042	178.155377	178.265100	A#4	64	52	0	1
1043	178.155377	178.372044	D4	64	78	0	3
1044	178.322044	178.448433	A#3	64	63	1	-3
1045	178.488710	178.642877	F4	64	83	0	1
1046	178.655377	179.195654	A#4	64	79	0	1
1047	178.822043	179.297043	C6	64	98	0	5
1048	178.822043	179.180376	F4	64	84	0	1
1049	178.822043	179.203987	D4	64	78	0	3
1050	178.822043	181.126208	G2	64	84	1	-3
1051	179.155376	179.610932	G3	64	71	1	-1
1052	179.322043	179.808154	A#5	64	91	0	3
1053	179.488709	179.840098	A#4	64	79	0	1
1054	179.488709	179.851209	D4	64	76	0	3
1055	179.488709	179.851209	F4	64	81	0	1
1056	179.822042	180.181764	G5	64	77	0	5
1057	179.822042	180.530375	G3	64	60	1	-1
1058	180.155375	180.641486	F5	64	72	0	3
1059	180.155375	180.610930	D4	64	73	0	3
1060	180.488708	180.824819	F4	64	84	0	1
1061	180.655375	181.141486	A#5	64	89	0	3
1062	180.822041	180.923430	D4	64	83	0	3
1063	180.822041	180.956763	A#4	64	84	0	1
1064	181.155374	183.473428	G5	64	87	0	5
1065	181.155374	181.247041	D5	64	67	0	5
1066	181.155374	181.377596	C5	64	61	0	3
1067	181.155374	181.431763	G3	64	75	1	-1
1068	181.488707	181.617874	D5	64	75	0	5
1069	181.488707	181.622041	D#5	64	77	0	1
1070	181.488707	181.915096	G4	64	76	0	3
1071	181.488707	182.055374	C3	64	79	1	-3
1072	181.822040	182.099818	G3	64	60	1	-1
1073	182.155373	182.530373	G4	64	68	0	3
1074	182.155373	182.703984	C4	64	58	0	1
1075	182.155373	182.759539	D#5	64	83	0	1
1076	182.488706	183.566483	D4	64	72	0	3
1077	182.822039	183.009539	G4	64	77	0	3
1078	182.822039	183.112317	D5	64	90	0	5
1079	183.155372	183.362317	G4	64	76	0	3
1080	183.155372	183.530372	D#5	64	83	0	1
1081	183.488705	183.860927	G5	64	97	0	5
1082	183.488705	183.601205	D#4	64	84	0	4
1083	183.488705	183.712316	A#4	64	78	0	1
1084	183.822038	184.474816	F5	64	90	0	3
1085	183.822038	183.981760	G4	64	71	0	3
1086	184.155371	184.567871	C5	64	77	0	3
1087	184.155371	184.647038	D#4	64	78	0	4
1088	184.155371	184.648426	G#4	64	79	0	4
1089	184.155371	184.752593	G#2	64	82	1	-2
1090	184.488704	185.473426	D#5	64	90	0	1
1091	184.488704	184.813704	D#3	64	80	1	-5
1092	184.822037	185.219259	G#3	64	57	1	-5
1093	184.822037	185.427592	C5	64	78	0	3
1094	184.822037	185.467870	G#4	64	80	0	4
1095	184.822037	185.565092	D#4	64	81	0	4
1096	185.155370	186.059536	A#3	64	69	1	-3
1097	185.488703	186.141481	D#5	64	91	0	1
1098	185.488703	186.528980	C4	64	74	0	1
1099	185.822036	186.113703	D#4	64	78	0	4
1100	186.155369	186.474814	C5	64	66	0	3
1101	186.155369	186.420647	G#4	64	79	0	4
1102	186.488702	189.141478	F5	64	90	0	3
1103	186.488702	186.745647	C5	64	79	0	3
1104	186.822035	186.981757	F4	64	78	0	1
1105	186.822035	187.280368	A#2	64	80	1	-5
1106	186.822035	187.466479	D5	64	84	0	5
1107	186.822035	187.642868	A#4	64	79	0	1
1108	187.155368	187.465090	F3	64	80	1	-3
1109	187.155368	187.583146	F4	64	5	0	1
1110	187.488701	187.905368	A#3	64	72	1	-3
1111	187.822034	189.074811	C4	64	73	0	1
1112	188.155367	189.034533	D4	64	76	0	3
1113	188.488700	188.647034	D5	64	58	0	5
1114	188.488700	188.670645	A#5	64	71	0	3
1115	188.822033	188.926200	F4	64	55	0	1
1116	188.822033	188.928978	D#4	64	59	0	4
1117	188.822033	189.099811	D5	64	81	0	5
1118	188.822033	189.141478	A#5	64	79	0	3
1119	189.155366	189.474811	C5	64	73	0	3
1120	189.155366	189.351200	F5	64	82	0	3
1121	189.488699	190.140088	D#5	64	90	0	1
1122	189.488699	189.784532	G#2	64	80	1	-2
1123	189.488699	190.235921	D#4	64	75	0	4
1124	189.488699	190.247032	G#4	64	83	0	4
1125	189.488699	190.272032	C5	64	80	0	3
1126	189.822032	190.202588	G#3	64	61	1	-5
1127	190.155365	190.473421	D#5	64	76	0	1
1128	190.155365	191.703975	A#3	64	76	1	-3
1129	190.488698	191.141476	D#5	64	76	0	1
1130	190.488698	191.002587	C4	64	73	0	1
1131	190.822031	191.090087	D#4	64	80	0	4
1132	191.155364	191.806753	G5	64	93	0	5
1133	191.155364	191.470642	C5	64	75	0	3
1134	191.488697	191.637308	C4	64	80	0	1
1135	191.822030	194.808139	G5	64	92	0	5
1136	191.822030	192.101197	D#5	64	84	0	1
1137	192.155363	192.434530	G2	64	83	1	-3
1138	192.155363	193.181751	D5	64	84	0	5
1139	192.488696	192.892863	G3	64	75	1	-1
1140	192.822029	193.241473	C4	64	79	0	1
1141	193.155362	193.238696	D4	64	84	0	3
1142	193.488695	193.683140	G4	64	71	0	3
1143	193.488695	193.844251	B4	64	71	0	2
1144	193.488695	194.498417	G2	64	84	1	-3
1145	193.822028	193.972028	G4	64	77	0	3
1146	193.822028	194.122028	C5	64	81	0	3
1147	193.822028	194.224806	G3	64	78	1	-1
1148	194.155361	194.359528	G4	64	75	0	3
1149	194.155361	194.459528	D5	64	86	0	5
1150	194.155361	194.488694	B2	64	79	1	-4
1151	194.488694	194.613694	F5	64	81	0	3
1152	194.488694	194.673416	G3	64	84	1	-1
1153	194.822027	194.938694	G2	64	63	1	-3
1154	194.822027	195.249805	G#4	64	75	0	4
1155	194.822027	195.253971	D#5	64	83	0	1
1156	194.822027	197.097025	G#2	64	57	1	-2
1157	195.155360	195.473416	C6	64	92	0	5
1158	195.155360	195.584527	G#3	64	69	1	-5
1159	195.488693	195.808138	C6	64	90	0	5
1160	195.488693	195.830360	G#4	64	82	0	4
1161	195.488693	195.860915	D#4	64	77	0	4
1162	195.488693	195.870637	C5	64	78	0	3
1163	195.488693	195.928971	D#5	64	67	0	1
1164	195.822026	196.140082	A#5	64	89	0	3
1165	195.822026	196.260915	G#3	64	57	1	-5
1166	196.155359	196.473415	A#5	64	79	0	3
1167	196.155359	196.505359	G#4	64	82	0	4
1168	196.155359	196.533137	D#4	64	75	0	4
1169	196.155359	196.569248	C5	64	75	0	3
1170	196.155359	196.578970	D#5	64	67	0	1
1171	196.488692	196.806748	A#5	64	79	0	3
1172	196.488692	196.924803	G#3	64	58	1	-5
1173	196.822025	197.141470	A#5	64	84	0	3
1174	196.822025	196.924803	D#5	64	59	0	1
1175	196.822025	197.117858	D#4	64	75	0	4
1176	196.822025	197.326192	G#4	64	82	0	4
1177	196.822025	197.337303	C5	64	82	0	3
1178	197.155358	197.474803	G5	64	65	0	5
1179	197.155358	197.497025	G#3	64	79	1	-5
1180	197.488691	197.808136	F5	64	76	0	3
1181	197.488691	197.856747	D5	64	82	0	5
1182	197.488691	197.870635	F4	64	78	0	1
1183	197.488691	197.927580	A#4	64	78	0	1
1184	197.488691	198.635912	A#2	64	81	1	-5
1185	197.822024	198.474802	G5	64	83	0	5
1186	197.822024	198.195635	A#3	64	54	1	-3
1187	198.155357	198.362302	D5	64	80	0	5
1188	198.155357	198.451190	A#4	64	74	0	1
1189	198.155357	198.477579	F4	64	79	0	1
1190	198.488690	200.141467	F5	64	77	0	3
1191	198.488690	198.777579	A#3	64	67	1	-3
1192	198.822023	198.944246	F4	64	78	0	1
1193	198.822023	198.984523	F5	64	69	0	3
1194	198.822023	199.124801	A#2	64	75	1	-5
1195	199.155356	199.256745	G4	64	69	0	3
1196	199.155356	199.284523	G5	64	82	0	5
1197	199.155356	199.537300	A#3	64	69	1	-3
1198	199.488689	199.584523	A#4	64	71	0	1
1199	199.488689	199.620634	A#5	64	83	0	3
1200	199.488689	199.860911	C4	64	68	0	1
1201	199.822022	199.888689	D4	64	82	0	3
1202	199.822022	199.923411	C5	64	69	0	3
1203	199.822022	199.951189	C6	64	82	0	5
1204	200.155355	200.477577	C6	64	100	0	5
1205	200.155355	200.426188	G2	64	83	1	-3
1206	200.155355	200.822021	D6	64	84	0	2
1207	200.155355	200.974799	D5	64	80	0	5
1208	200.488688	201.141466	A#5	64	93	0	3
1209	200.488688	200.859521	G3	64	75	1	-1
1210	200.822021	202.359520	A#3	64	76	1	-3
1211	201.155354	201.499798	G5	64	66	0	5
1212	201.155354	201.465076	D4	64	80	0	3
1213	201.322021	201.449799	F4	64	73	0	1
1214	201.488687	201.974798	A#5	64	68	0	3
1215	201.488687	201.699798	A#4	64	69	0	1
1216	201.655354	201.806743	C5	64	73	0	3
1217	201.822020	201.941465	D5	64	75	0	5
1218	201.988687	202.474798	C6	64	84	0	5
1219	201.988687	202.167853	D#5	64	80	0	1
1220	202.155353	202.266464	D4	64	79	0	3
1221	202.155353	202.373409	D5	64	78	0	5
1222	202.322020	202.435909	A#4	64	28	0	1
1223	202.488686	204.806740	G5	64	91	0	5
1224	202.488686	202.644242	G4	64	63	0	3
1225	202.655353	202.815075	C5	64	71	0	3
1226	202.822019	203.159519	D#5	64	83	0	1
1227	202.822019	203.306741	G4	64	78	0	3
1228	202.822019	203.365074	C3	64	80	1	-3
1229	203.155352	203.455352	G3	64	79	1	-1
1230	203.155352	203.481741	D5	64	83	0	5
1231	203.488685	203.710907	G4	64	72	0	3
1232	203.488685	203.730352	D#5	64	80	0	1
1233	203.488685	203.905352	C4	64	57	0	1
1234	203.822018	203.978963	G4	64	62	0	3
1235	203.822018	204.219240	D5	64	84	0	5
1236	203.822018	204.903962	D4	64	72	0	3
1237	204.155351	204.505351	C5	64	79	0	3
1238	204.155351	204.562295	G4	64	76	0	3
1239	204.488684	204.848406	D#4	64	84	0	4
1240	204.822017	205.141462	G5	64	96	0	5
1241	204.822017	205.037295	G4	64	82	0	3
1242	204.822017	205.067850	A#4	64	83	0	1
1243	205.155350	205.808128	F5	64	90	0	3
1244	205.488683	205.874794	G#4	64	82	0	4
1245	205.488683	205.880350	D#4	64	80	0	4
1246	205.488683	205.880350	C5	64	79	0	3
1247	205.488683	207.648403	G#2	64	84	1	-2
1248	205.822016	206.806738	D#5	64	90	0	1
1249	205.822016	206.277572	G#3	64	63	1	-5
1250	206.155349	206.542849	G#4	64	79	0	4
1251	206.155349	206.549793	D#4	64	76	0	4
1252	206.155349	206.555349	C5	64	78	0	3
1253	206.488682	207.005349	G#3	64	59	1	-5
1254	206.822015	207.474793	D#5	64	101	0	1
1255	206.822015	207.210904	C5	64	73	0	3
1256	206.822015	207.222015	G#4	64	76	0	4
1257	206.822015	207.294237	D#4	64	75	0	4
1258	207.155348	207.620626	G#3	64	58	1	-5
1259	207.488681	207.808126	C5	64	81	0	3
1260	207.488681	207.683126	D#4	64	80	0	4
1261	207.488681	207.845625	C5	64	78	0	3
1262	207.488681	207.992848	G#4	64	83	0	4
1263	207.822014	210.474790	F5	64	100	0	3
1264	207.822014	208.169236	G#3	64	72	1	-5
1265	208.155347	208.617847	D5	64	86	0	5
1266	208.155347	208.802569	A#2	64	83	1	-5
1267	208.155347	208.953958	F4	64	80	0	1
1268	208.155347	209.494235	A#4	64	79	0	1
1269	208.488680	208.820625	F3	64	77	1	-3
1270	208.822013	209.212291	A#3	64	72	1	-3
1271	209.155346	210.413678	C4	64	72	0	1
1272	209.488679	210.374790	D4	64	80	0	3
1273	209.822012	210.241456	F4	64	79	0	1
1274	210.155345	210.459512	A#4	64	80	0	1
1275	210.488678	210.808123	D#5	64	91	0	1
1276	210.488678	210.669234	D5	64	90	0	5
1277	210.822011	211.474789	F5	64	91	0	3
1278	210.822011	211.127567	G2	64	83	1	-3
1279	210.822011	211.681733	D5	64	84	0	5
1280	210.822011	211.713677	F4	64	77	0	1
1281	210.822011	211.798399	A#4	64	79	0	1
1282	211.155344	211.515066	G3	64	73	1	-1
1283	211.488677	211.808122	D#5	64	97	0	1
1284	211.488677	212.973398	A#3	64	78	1	-3
1285	211.822010	212.474788	F5	64	90	0	3
1286	211.822010	212.395621	D4	64	80	0	3
1287	212.155343	212.419232	F4	64	75	0	1
1288	212.488676	213.141454	D#5	64	97	0	1
1289	212.488676	212.748398	A#4	64	83	0	1
1290	212.822009	212.944232	D4	64	80	0	3
1291	212.822009	213.103954	D5	64	83	0	5
1292	213.155342	216.141451	C5	64	87	0	3
1293	213.155342	213.299787	F5	64	79	0	3
1294	213.488675	213.967842	G4	64	79	0	3
1295	213.488675	214.117841	D#5	64	82	0	1
1296	213.488675	214.119230	C3	64	78	1	-3
1297	213.822008	214.174786	G3	64	62	1	-1
1298	214.155341	214.285897	D#5	64	39	0	1
1299	214.155341	214.319230	G4	64	75	0	3
1300	214.155341	214.434508	D5	64	84	0	5
1301	214.155341	214.549785	C4	64	58	0	1
1302	214.488674	214.805341	G4	64	79	0	3
1303	214.488674	214.891452	C5	64	79	0	3
1304	214.488674	215.680340	D4	64	79	0	3
1305	214.822007	215.609507	D#4	64	78	0	4
1306	215.155340	215.583118	F4	64	76	0	1
1307	215.488673	215.603951	C5	64	63	0	3
1308	215.488673	215.649784	C6	64	78	0	5
1309	215.822006	215.935895	D6	64	48	0	2
1310	215.822006	215.937284	D5	64	69	0	5
1311	216.155339	216.272006	G2	64	63	1	-3
1312	216.155339	216.583117	G#4	64	75	0	4
1313	216.155339	216.587283	D#5	64	83	0	1
1314	216.155339	218.430337	G#2	64	57	1	-2
1315	216.488672	216.806728	C6	64	92	0	5
1316	216.488672	216.917839	G#3	64	69	1	-5
1317	216.822005	217.141450	C6	64	90	0	5
1318	216.822005	217.163672	G#4	64	82	0	4
1319	216.822005	217.194227	D#4	64	77	0	4
1320	216.822005	217.203949	C5	64	78	0	3
1321	216.822005	217.262283	D#5	64	67	0	1
1322	217.155338	217.473394	A#5	64	89	0	3
1323	217.155338	217.594227	G#3	64	57	1	-5
1324	217.488671	217.806727	A#5	64	79	0	3
1325	217.488671	217.838671	G#4	64	82	0	4
1326	217.488671	217.866449	D#4	64	75	0	4
1327	217.488671	217.902560	C5	64	75	0	3
1328	217.488671	217.912282	D#5	64	67	0	1
1329	217.822004	218.140060	A#5	64	79	0	3
1330	217.822004	218.258115	G#3	64	58	1	-5
1331	218.155337	218.474782	A#5	64	84	0	3
1332	218.155337	218.258115	D#5	64	59	0	1
1333	218.155337	218.451170	D#4	64	75	0	4
1334	218.155337	218.659504	G#4	64	82	0	4
1335	218.155337	218.670615	C5	64	82	0	3
1336	218.488670	218.808115	G5	64	65	0	5
1337	218.488670	218.830337	G#3	64	79	1	-5
1338	218.822003	219.141448	F5	64	76	0	3
1339	218.822003	219.190059	D5	64	82	0	5
1340	218.822003	219.203947	F4	64	78	0	1
1341	218.822003	219.260892	A#4	64	78	0	1
1342	218.822003	219.969224	A#2	64	81	1	-5
1343	219.155336	219.808114	G5	64	83	0	5
1344	219.155336	219.528947	A#3	64	54	1	-3
1345	219.488669	219.695614	D5	64	80	0	5
1346	219.488669	219.784502	A#4	64	74	0	1
1347	219.488669	219.810891	F4	64	79	0	1
1348	219.822002	221.474779	F5	64	77	0	3
1349	219.822002	220.110891	A#3	64	67	1	-3
1350	220.155335	220.277558	F4	64	78	0	1
1351	220.155335	220.317835	F5	64	69	0	3
1352	220.155335	220.458113	A#2	64	75	1	-5
1353	220.488668	220.590057	G4	64	69	0	3
1354	220.488668	220.617835	G5	64	82	0	5
1355	220.488668	220.870612	A#3	64	69	1	-3
1356	220.822001	220.917835	A#4	64	71	0	1
1357	220.822001	220.953946	A#5	64	83	0	3
1358	220.822001	221.194223	C4	64	68	0	1
1359	221.155334	221.222001	D4	64	82	0	3
1360	221.155334	221.256723	C5	64	69	0	3
1361	221.155334	221.284501	C6	64	82	0	5
1362	221.488667	221.810889	C6	64	100	0	5
1363	221.488667	221.759500	G2	64	83	1	-3
1364	221.488667	222.155333	D6	64	84	0	2
1365	221.488667	222.308111	D5	64	80	0	5
1366	221.822000	222.474778	A#5	64	93	0	3
1367	221.822000	222.192833	G3	64	75	1	-1
1368	222.155333	223.692832	A#3	64	76	1	-3
1369	222.488666	222.833111	G5	64	66	0	5
1370	222.488666	222.798388	D4	64	80	0	3
1371	222.655333	222.783111	F4	64	73	0	1
1372	222.821999	223.308110	A#5	64	68	0	3
1373	222.821999	223.033110	A#4	64	69	0	1
1374	222.988666	223.140055	C5	64	73	0	3
1375	223.155332	223.274777	D5	64	75	0	5
1376	223.321999	223.808110	C6	64	84	0	5
1377	223.321999	223.501165	D#5	64	80	0	1
1378	223.488665	223.599776	D4	64	79	0	3
1379	223.488665	223.706721	D5	64	78	0	5
1380	223.655332	223.769221	A#4	64	28	0	1
1381	223.821998	226.140052	G5	64	91	0	5
1382	223.821998	223.977554	G4	64	63	0	3
1383	223.988665	224.148387	C5	64	71	0	3
1384	224.155331	224.492831	D#5	64	83	0	1
1385	224.155331	224.640053	G4	64	78	0	3
1386	224.155331	224.698386	C3	64	80	1	-3
1387	224.488664	224.788664	G3	64	79	1	-1
1388	224.488664	224.815053	D5	64	83	0	5
1389	224.821997	225.044219	G4	64	72	0	3
1390	224.821997	225.063664	D#5	64	80	0	1
1391	224.821997	225.238664	C4	64	57	0	1
1392	225.155330	225.312275	G4	64	62	0	3
1393	225.155330	225.552552	D5	64	84	0	5
1394	225.155330	226.237274	D4	64	72	0	3
1395	225.488663	225.838663	C5	64	79	0	3
1396	225.488663	225.895607	G4	64	76	0	3
1397	225.821996	226.181718	D#4	64	84	0	4
1398	226.155329	226.474774	G5	64	96	0	5
1399	226.155329	226.370607	G4	64	82	0	3
1400	226.155329	226.401162	A#4	64	83	0	1
1401	226.488662	227.141440	F5	64	90	0	3
1402	226.821995	227.208106	G#4	64	82	0	4
1403	226.821995	227.213662	D#4	64	80	0	4
1404	226.821995	227.213662	C5	64	79	0	3
1405	226.821995	228.981715	G#2	64	84	1	-2
1406	227.155328	228.140050	D#5	64	90	0	1
1407	227.155328	227.610883	G#3	64	63	1	-5
1408	227.488661	227.876161	G#4	64	79	0	4
1409	227.488661	227.883105	D#4	64	76	0	4
1410	227.488661	227.888661	C5	64	78	0	3
1411	227.821994	228.338661	G#3	64	59	1	-5
1412	228.155327	228.808105	D#5	64	101	0	1
1413	228.155327	228.544216	C5	64	73	0	3
1414	228.155327	228.555327	G#4	64	76	0	4
1415	228.155327	228.627549	D#4	64	75	0	4
1416	228.488660	228.953938	G#3	64	58	1	-5
1417	228.821993	229.141438	C5	64	81	0	3
1418	228.821993	229.016438	D#4	64	80	0	4
1419	228.821993	229.178937	C5	64	78	0	3
1420	228.821993	229.326160	G#4	64	83	0	4
1421	229.155326	231.808102	F5	64	100	0	3
1422	229.155326	229.502548	G#3	64	72	1	-5
1423	229.488659	229.951159	D5	64	86	0	5
1424	229.488659	230.135881	A#2	64	83	1	-5
1425	229.488659	230.287270	F4	64	80	0	1
1426	229.488659	230.827547	A#4	64	79	0	1
1427	229.821992	230.153937	F3	64	77	1	-3
1428	230.155325	230.545603	A#3	64	72	1	-3
1429	230.488658	231.746990	C4	64	72	0	1
1430	230.821991	231.708102	D4	64	80	0	3
1431	231.155324	231.574768	F4	64	79	0	1
1432	231.488657	231.792824	A#4	64	80	0	1
1433	231.821990	232.141435	C5	64	91	0	3
1434	231.821990	232.002546	D5	64	90	0	5
1435	232.155323	232.808101	D#5	64	91	0	1
1436	232.155323	232.460879	G2	64	83	1	-3
1437	232.155323	233.015045	D5	64	84	0	5
1438	232.155323	233.046989	F4	64	77	0	1
1439	232.155323	233.131711	A#4	64	79	0	1
1440	232.488656	232.848378	G3	64	73	1	-1
1441	232.821989	233.141434	D#5	64	97	0	1
1442	232.821989	234.306710	A#3	64	78	1	-3
1443	233.155322	233.808100	D#5	64	90	0	1
1444	233.155322	233.728933	D4	64	80	0	3
1445	233.488655	233.752544	F4	64	75	0	1
1446	233.821988	234.474766	G5	64	97	0	5
1447	233.821988	234.081710	A#4	64	83	0	1
1448	234.155321	234.277544	D4	64	80	0	3
1449	234.155321	234.437266	D5	64	83	0	5
1450	234.488654	237.474763	G5	64	87	0	5
1451	234.488654	234.633099	F5	64	79	0	3
1452	234.821987	235.301154	G4	64	79	0	3
1453	234.821987	235.451153	D#5	64	82	0	1
1454	234.821987	235.452542	C3	64	78	1	-3
1455	235.155320	235.508098	G3	64	62	1	-1
1456	235.488653	235.619209	D#5	64	39	0	1
1457	235.488653	235.652542	G4	64	75	0	3
1458	235.488653	235.767820	D5	64	84	0	5
1459	235.488653	235.883097	C4	64	58	0	1
1460	235.821986	236.138653	G4	64	79	0	3
1461	235.821986	236.224764	C5	64	79	0	3
1462	235.821986	237.013652	D4	64	79	0	3
1463	236.155319	236.942819	D#4	64	78	0	4
1464	236.488652	236.916430	F4	64	76	0	1
1465	236.821985	236.937263	C5	64	63	0	3
1466	236.821985	236.983096	C6	64	78	0	5
1467	237.155318	237.269207	D6	64	48	0	2
1468	237.155318	237.270596	D5	64	69	0	5
1469	237.488651	237.896984	C5	64	80	0	3
1470	237.488651	237.934484	G#5	64	90	0	1
1471	237.488651	238.062262	G#2	64	78	1	-2
1472	237.821984	238.140040	C6	64	92	0	5
1473	237.821984	238.121984	D#3	64	78	1	-5
1474	238.155317	238.474762	C6	64	90	0	5
1475	238.155317	238.321984	C5	64	80	0	3
1476	238.155317	238.341428	G5	64	84	0	5
1477	238.155317	238.578928	G#3	64	72	1	-5
1478	238.488650	238.806706	A#5	64	89	0	3
1479	238.488650	239.756705	A#3	64	71	1	-3
1480	238.821983	239.140039	A#5	64	79	0	3
1481	238.821983	239.171983	G4	64	78	0	3
1482	238.821983	239.184483	D#5	64	86	0	1
1483	239.155316	239.473372	A#5	64	79	0	3
1484	239.155316	239.738649	C4	64	63	0	1
1485	239.488649	239.808094	A#5	64	84	0	3
1486	239.488649	239.751149	D#4	64	78	0	4
1487	239.488649	239.835871	G#4	64	81	0	4
1488	239.821982	240.141427	G5	64	65	0	5
1489	239.821982	240.153927	D#5	64	83	0	1
1490	240.155315	240.474760	F5	64	76	0	3
1491	240.155315	240.724759	A#2	64	78	1	-5
1492	240.155315	241.442814	F4	64	75	0	1
1493	240.155315	241.556703	A#4	64	75	0	1
1494	240.155315	241.635869	D5	64	84	0	5
1495	240.488648	241.141426	G5	64	83	0	5
1496	240.488648	240.821981	F3	64	75	1	-3
1497	240.821981	241.246981	A#3	64	69	1	-3
1498	241.155314	242.808091	F5	64	77	0	3
1499	241.155314	241.942814	C4	64	75	0	1
1500	241.488647	242.203924	D4	64	82	0	3
1501	241.821980	242.096980	F4	64	72	0	1
1502	242.155313	242.330313	C4	64	73	0	1
1503	242.155313	242.499758	C5	64	78	0	3
1504	242.488646	242.816424	F5	64	83	0	3
1505	242.821979	243.144201	C6	64	100	0	5
1506	242.821979	243.169201	G2	64	82	1	-3
1507	242.821979	243.813645	A#4	64	81	0	1
1508	242.821979	243.833089	D5	64	83	0	5
1509	243.155312	243.808090	A#5	64	93	0	3
1510	243.155312	243.531701	G3	64	78	1	-1
1511	243.488645	245.074755	A#3	64	76	1	-3
1512	243.821978	244.166423	G5	64	66	0	5
1513	243.821978	244.160867	D4	64	80	0	3
1514	244.155311	244.641422	A#5	64	68	0	3
1515	244.155311	244.570589	F4	64	76	0	1
1516	244.488644	244.948366	D4	64	76	0	3
1517	244.655311	245.141422	C6	64	84	0	5
1518	244.821977	245.191421	A#4	64	78	0	1
1519	245.155310	247.473364	G5	64	91	0	5
1520	245.155310	245.401143	C5	64	79	0	3
1521	245.321977	245.502532	D5	64	82	0	5
1522	245.488643	245.973365	G4	64	76	0	3
1523	245.488643	246.091421	D#5	64	82	0	1
1524	245.488643	246.101143	C3	64	79	1	-3
1525	245.821976	246.121976	G3	64	78	1	-1
1526	246.155309	246.349754	G4	64	72	0	3
1527	246.155309	246.483087	D5	64	84	0	5
1528	246.155309	246.541420	C4	64	71	0	1
1529	246.488642	246.903920	G4	64	57	0	3
1530	246.488642	246.942809	D#5	64	80	0	1
1531	246.488642	246.949753	D4	64	79	0	3
1532	246.821975	247.216419	D#4	64	79	0	4
1533	247.155308	247.192808	D#5	64	55	0	1
1534	247.155308	247.328919	G4	64	81	0	3
1535	247.155308	247.330308	D5	64	84	0	5
1536	247.155308	247.653919	D4	64	69	0	3
1537	247.488641	247.808086	G5	64	96	0	5
1538	247.488641	247.751141	A#4	64	79	0	1
1539	247.821974	248.474752	F5	64	90	0	3
1540	247.821974	248.052530	G4	64	78	0	3
1541	248.155307	248.544196	G#4	64	73	0	4
1542	248.155307	248.584474	C5	64	76	0	3
1543	248.155307	248.619196	D#4	64	72	0	4
1544	248.155307	250.591416	G#2	64	78	1	-2
1545	248.488640	249.473362	D#5	64	90	0	1
1546	248.488640	250.292805	D#3	64	79	1	-5
1547	248.821973	249.303917	G#3	64	75	1	-5
1548	249.155306	249.571973	G#4	64	86	0	4
1549	249.155306	249.923361	C4	64	70	0	1
1550	249.155306	249.927528	D#4	64	82	0	4
1551	249.488639	250.141417	D#5	64	101	0	1
1552	249.821972	250.109472	G#3	64	79	1	-5
1553	250.155305	250.474750	C5	64	81	0	3
1554	250.155305	250.459472	C4	64	76	0	1
1555	250.155305	250.562249	G#4	64	82	0	4
1556	250.155305	250.695583	D#4	64	80	0	4
1557	250.488638	253.141414	F5	64	100	0	3
1558	250.488638	250.799749	G#3	64	71	1	-5
1559	250.488638	250.873360	D#3	64	5	1	-5
1560	250.821971	251.512248	F4	64	82	0	1
1561	250.821971	251.534471	D4	64	84	0	3
1562	250.821971	251.588637	A#4	64	83	0	1
1563	250.821971	253.167802	A#2	64	82	1	-5
1564	251.155304	252.721970	F3	64	78	1	-3
1565	251.488637	251.887248	A#3	64	79	1	-3
1566	251.821970	252.209470	D4	64	81	0	3
1567	251.821970	252.440025	F4	64	84	0	1
1568	252.155303	252.917803	A#3	64	55	1	-3
1569	252.488636	252.820581	A#4	64	84	0	1
1570	252.488636	252.998358	D4	64	74	0	3
1571	252.821969	253.083080	F4	64	84	0	1
1572	253.155302	253.474747	D#5	64	91	0	1
1573	253.155302	253.258080	F3	64	80	1	-3
1574	253.155302	253.378913	A#4	64	71	0	1
1575	253.488635	254.141413	F5	64	91	0	3
1576	253.488635	253.790024	G2	64	83	1	-3
1577	253.488635	254.123357	D4	64	73	0	3
1578	253.488635	254.262246	F4	64	84	0	1
1579	253.821968	254.205301	G3	64	77	1	-1
1580	254.155301	254.474746	D#5	64	97	0	1
1581	254.155301	255.658078	A#3	64	76	1	-3
1582	254.488634	255.141412	F5	64	90	0	3
1583	254.488634	255.006689	D4	64	78	0	3
1584	254.821967	255.217800	F4	64	77	0	1
1585	255.155300	255.808078	D#5	64	97	0	1
1586	255.155300	255.442800	A#4	64	77	0	1
1587	255.488633	255.620578	D4	64	82	0	3
1588	255.488633	255.756689	C5	64	78	0	3
1589	255.821966	258.808075	C5	64	87	0	3
1590	255.821966	256.145577	D5	64	84	0	5
1591	256.155299	256.521966	D#5	64	83	0	1
1592	256.155299	256.603910	G4	64	70	0	3
1593	256.155299	258.399742	C3	64	79	1	-3
1594	256.488632	258.376131	G3	64	76	1	-1
1595	256.821965	257.227521	C4	64	63	0	1
1596	257.155298	257.423354	G4	64	78	0	3
1597	257.155298	257.444187	D#4	64	80	0	4
1598	257.488631	257.759464	F4	64	78	0	1
1599	257.488631	257.798353	D4	64	61	0	3
1600	257.821964	257.976131	D#4	64	74	0	4
1601	257.821964	258.126131	G4	64	70	0	3
1602	258.155297	258.198353	D#4	64	27	0	4
1603	258.155297	258.316408	A#4	64	82	0	1
1604	258.155297	258.319186	C4	64	59	0	1
1605	258.821963	259.130296	D#5	64	73	0	1
1606	258.821963	259.160852	G5	64	69	0	5
1607	258.821963	259.419185	C3	64	76	1	-3
1608	259.155296	259.419185	D5	64	62	0	5
1609	259.155296	259.444185	G3	64	73	1	-1
1610	259.155296	259.449741	F5	64	76	0	3
1611	259.488629	259.865018	C4	64	54	0	1
1612	259.488629	259.944185	G5	64	74	0	5
1613	259.488629	260.059462	D#5	64	73	0	1
1614	259.821962	260.596962	D4	64	76	0	3
1615	260.155295	260.887239	D#4	64	76	0	4
1616	260.488628	260.734461	G4	64	78	0	3
1617	260.821961	260.944184	D4	64	79	0	3
1618	260.821961	261.130294	C5	64	79	0	3
1619	261.155294	261.444183	D#5	64	90	0	1
1620	261.488627	261.767794	D5	64	82	0	5
1621	261.488627	261.916405	A#2	64	77	1	-5
1622	261.821960	262.130293	C5	64	78	0	3
1623	261.821960	262.166404	A#3	64	60	1	-3
1624	262.155293	262.565015	D5	64	83	0	5
1625	262.155293	262.821959	C4	64	68	0	1
1626	262.488626	263.524736	D4	64	82	0	3
1627	262.821959	263.116404	F4	64	75	0	1
1628	263.155292	263.460848	C5	64	77	0	3
1629	263.488625	263.651125	C4	64	70	0	1
1630	263.488625	263.746958	D5	64	75	0	5
1631	263.821958	264.134458	A#4	64	75	0	1
1632	264.155291	264.576124	G#2	64	77	1	-2
1633	264.155291	265.317790	D#4	64	70	0	4
1634	264.155291	265.583068	G#4	64	68	0	4
1635	264.155291	265.787234	C5	64	79	0	3
1636	264.488624	264.816402	D#3	64	76	1	-5
1637	264.821957	265.192790	G#3	64	71	1	-5
1638	265.155290	266.312234	A#3	64	73	1	-3
1639	265.488623	266.251123	C4	64	75	0	1
1640	265.821956	266.190012	D#4	64	79	0	4
1641	266.155289	266.470567	G#4	64	80	0	4
1642	266.488622	266.808067	C5	64	72	0	3
1643	266.821955	267.120566	G2	64	84	1	-3
1644	266.821955	267.815010	D5	64	86	0	5
1645	266.821955	267.916399	G4	64	62	0	3
1646	267.155288	267.571955	G3	64	71	1	-1
1647	267.488621	269.063620	C4	64	75	0	1
1648	267.821954	268.621954	D4	64	82	0	3
1649	268.155287	268.531676	B4	64	79	0	2
1650	268.488620	268.767787	C5	64	78	0	3
1651	268.821953	269.021953	D4	64	81	0	3
1652	268.821953	269.102509	D5	64	84	0	5
1653	269.155286	269.496953	D#5	64	86	0	1
1654	269.488619	269.831675	G5	64	83	0	5
1655	269.488619	271.873339	C3	64	82	1	-3
1656	269.821952	271.528895	G3	64	76	1	-1
1657	270.155285	270.613618	C4	64	76	0	1
1658	270.488618	270.848340	D4	64	77	0	3
1659	270.821951	270.930285	D#4	64	84	0	4
1660	271.155284	271.415006	G4	64	84	0	3
1661	271.488617	271.541395	G4	64	33	0	3
1662	271.488617	271.710839	C4	64	71	0	1
1663	271.488617	271.763617	D#5	64	84	0	1
1664	271.821950	272.091395	D5	64	79	0	5
1665	271.821950	272.119172	G3	64	80	1	-1
1666	272.155283	272.737227	A#2	64	75	1	-5
1667	272.155283	273.413615	A#4	64	78	0	1
1668	272.488616	272.812227	F3	64	63	1	-3
1669	272.821949	273.224727	A#3	64	72	1	-3
1670	273.155282	273.941393	C4	64	61	0	1
1671	273.488615	274.248337	D4	64	79	0	3
1672	273.821948	274.334448	F4	64	79	0	1
1673	274.155281	274.490003	C4	64	75	0	1
1674	274.488614	274.646948	C5	64	68	0	3
1675	274.655281	274.798336	D5	64	86	0	5
1676	274.841392	275.630280	D#5	64	84	0	1
1677	274.849725	275.812224	G#2	64	83	1	-2
1678	275.137225	276.166391	D#3	64	76	1	-5
1679	275.499725	276.098335	G#3	64	83	1	-5
1680	275.856669	276.174724	D#4	64	38	0	4
1681	276.165002	276.865001	D5	64	82	0	5
1682	276.170557	276.887223	A#2	64	82	1	-5
1683	276.173335	276.762223	A#4	64	76	0	1
1684	276.521946	277.437223	F3	64	79	1	-3
1685	276.816390	277.098334	C5	64	78	0	3
1686	276.817779	277.284445	A#3	64	67	1	-3
1687	277.145556	277.469167	D5	64	83	0	5
1688	277.474723	278.034444	C3	64	82	1	-3
1689	277.483056	278.949721	G4	64	75	0	3
1690	277.485834	278.935832	D#5	64	80	0	1
1691	277.805278	278.152500	G3	64	78	1	-1
1692	278.160833	278.553888	C4	64	59	0	1
1693	278.499722	279.501109	D4	64	80	0	3
1694	278.816388	279.464998	D#4	64	80	0	4
1695	279.164999	279.441387	G4	64	76	0	3
1696	279.483054	279.819165	C5	64	76	0	3
1697	279.833054	280.102498	D5	64	84	0	5
1698	280.131664	281.089997	C5	64	6	0	3
1699	280.145553	281.155274	D#5	64	83	0	1
1700	280.149720	281.163608	C3	64	77	1	-3
1701	280.152498	281.095552	G4	64	71	0	3
1702	280.169164	281.126108	C4	64	52	0	1
