//Version: PianoFingering_v170101
0	0.587500	1.916667	C3	64	58	1	-3
1	0.587500	2.356250	G4	64	65	0	3
2	0.587500	2.389583	C4	64	66	0	1
3	0.587500	4.489583	D#4	64	62	0	4
4	2.587500	3.991667	G#2	64	53	1	-2
5	2.587500	4.033333	G#3	64	60	1	-5
6	2.587500	4.195833	G#4	64	65	0	4
7	2.587500	4.306250	C4	64	61	0	1
8	4.587500	6.093750	C4	64	62	0	1
9	4.587500	6.150000	G4	64	68	0	3
10	4.587500	6.195833	D#4	64	57	0	4
11	4.587500	6.439583	C3	64	58	1	-3
12	6.587500	7.283333	G4	64	67	0	3
13	6.587500	7.289583	B3	64	63	1	-2
14	6.587500	7.372917	D4	64	65	0	3
15	6.587500	7.412500	G3	64	62	1	-1
16	6.587500	7.435417	G2	64	48	1	-3
17	7.587500	8.297917	G#4	64	65	0	4
18	7.587500	8.362500	C#4	64	63	0	2
19	7.587500	8.587500	B2	64	64	1	-4
20	7.587500	8.587500	F4	64	66	0	1
21	8.587500	10.297917	C3	64	63	1	-3
22	8.587500	10.387500	G4	64	66	0	3
23	8.587500	10.402083	C4	64	64	0	1
24	8.587500	10.420833	D#4	64	63	0	4
25	10.587500	12.379167	G4	64	67	0	3
26	10.587500	12.418750	C4	64	65	0	1
27	10.587500	12.447917	D#4	64	60	0	4
28	10.587500	12.477083	G#3	64	62	1	-5
29	10.587500	12.512500	G#2	64	59	1	-2
30	12.587500	14.145833	D#4	64	65	0	4
31	12.587500	14.187500	C4	64	63	0	1
32	12.587500	14.258333	G4	64	68	0	3
33	12.587500	14.564583	C3	64	66	1	-3
34	14.587500	15.270833	G4	64	68	0	3
35	14.587500	15.293750	B3	64	65	1	-2
36	14.587500	15.431250	D4	64	63	0	3
37	14.587500	15.560417	G3	64	56	1	-1
38	14.587500	15.622917	G2	64	51	1	-3
39	15.587500	16.381250	G#4	64	66	0	4
40	15.587500	16.395833	C#4	64	65	0	2
41	15.587500	16.400000	F4	64	65	0	1
42	15.587500	16.541667	B2	64	66	1	-4
43	16.591667	17.310417	D#4	64	72	0	4
44	16.591667	17.556250	C5	64	77	0	3
45	16.591667	17.570833	G4	64	76	0	3
46	16.591667	17.633333	C3	64	72	1	-3
47	16.591667	17.704167	G3	64	58	1	-1
48	17.087500	17.335417	D#4	64	88	0	4
49	17.337500	17.585417	D#4	64	87	0	4
50	17.587500	17.835417	D#4	64	87	0	4
51	17.837500	18.085417	D#4	64	85	0	4
52	17.841667	18.141667	G4	64	70	0	3
53	18.087500	18.337500	D#4	64	87	0	4
54	18.091667	18.316667	C5	64	83	0	3
55	18.337500	18.600000	F4	64	91	0	1
56	18.341667	18.625000	D#5	64	84	0	1
57	18.587500	19.087500	D#4	64	89	0	4
58	18.591667	19.966667	D5	64	84	0	5
59	18.591667	20.031250	B2	64	79	1	-4
60	18.591667	20.191667	G4	64	83	0	3
61	19.087500	19.335417	D4	64	87	0	3
62	19.091667	20.004167	G3	64	67	1	-1
63	19.337500	21.085417	D4	64	88	0	3
64	19.591667	19.906250	B3	64	73	1	-2
65	20.591667	21.716667	F4	64	83	0	1
66	20.591667	21.758333	D5	64	86	0	5
67	20.591667	22.037500	A#2	64	81	1	-5
68	21.087500	21.335417	D4	64	88	0	3
69	21.091667	22.020833	G3	64	38	1	-1
70	21.337500	21.835417	D4	64	93	0	3
71	21.591667	21.758333	A#3	64	42	1	-3
72	21.837500	22.085417	D4	64	88	0	3
73	21.841667	22.039583	F4	64	80	0	1
74	22.087500	22.337500	D4	64	88	0	3
75	22.091667	22.520833	D5	64	88	0	5
76	22.337500	22.587500	D#4	64	88	0	4
77	22.587500	22.837500	D4	64	89	0	3
78	22.591667	23.262500	C5	64	76	0	3
79	22.591667	23.297917	F4	64	83	0	1
80	22.591667	23.818750	A2	64	79	1	-1
81	22.837500	23.335417	C4	64	86	0	1
82	23.337500	25.085417	C4	64	92	0	1
83	23.591667	23.985417	C5	64	83	0	3
84	23.591667	24.045833	F4	64	81	0	1
85	24.591667	25.185417	G#4	64	71	0	4
86	24.591667	25.245833	D#4	64	78	0	4
87	24.591667	25.250000	C4	64	71	0	1
88	24.591667	25.839583	G#3	64	72	1	-5
89	24.591667	25.891667	G#2	64	66	1	-2
90	25.087500	25.335417	C4	64	93	0	1
91	25.337500	25.585417	C4	64	88	0	1
92	25.587500	25.835417	C4	64	93	0	1
93	25.591667	25.781250	G#4	64	67	0	4
94	25.591667	25.808333	D#4	64	72	0	4
95	25.591667	25.937500	C4	64	75	0	1
96	25.837500	26.337500	C4	64	100	0	1
97	26.337500	27.087500	B3	64	100	1	-2
98	26.591667	27.085417	G4	64	80	0	3
99	26.591667	27.120833	D4	64	78	0	3
100	26.591667	27.225000	B3	64	74	1	-2
101	26.591667	27.995833	G2	64	69	1	-3
102	26.591667	28.452083	G3	64	73	1	-1
103	27.087500	27.337500	C4	64	104	0	1
104	27.337500	27.587500	B3	64	90	1	-2
105	27.587500	27.837500	C4	64	94	0	1
106	27.591667	27.947917	B3	64	74	1	-2
107	27.591667	28.012500	D4	64	77	0	3
108	27.591667	28.016667	G4	64	80	0	3
109	27.837500	28.335417	G3	64	96	1	-1
110	28.337500	33.087500	G3	64	102	1	-1
111	28.591667	29.168750	G4	64	71	0	3
112	28.591667	29.181250	C4	64	65	0	1
113	28.591667	29.181250	D#4	64	66	0	4
114	28.591667	29.747917	C3	64	71	1	-3
115	29.591667	29.702083	D#4	64	77	0	4
116	29.591667	29.718750	G4	64	73	0	3
117	29.591667	29.733333	C4	64	77	0	1
118	30.841667	31.366667	B3	64	75	1	-2
119	30.841667	31.385417	G3	64	68	1	-1
120	30.841667	31.393750	D#4	64	79	0	4
121	30.841667	31.410417	G2	64	67	1	-3
122	31.591667	32.014583	F4	64	87	0	1
123	32.091667	32.481250	A#4	64	85	0	1
124	32.591667	33.204167	C5	64	83	0	3
125	32.591667	33.225000	G4	64	84	0	3
126	32.591667	33.262500	D#4	64	81	0	4
127	32.591667	33.804167	C3	64	87	1	-3
128	33.087500	33.335417	D#4	64	87	0	4
129	33.337500	33.585417	D#4	64	86	0	4
130	33.587500	33.835417	D#4	64	91	0	4
131	33.591667	33.995833	D#4	64	83	0	4
132	33.591667	34.291667	G4	64	81	0	3
133	33.591667	34.464583	C5	64	86	0	3
134	33.837500	34.337500	D#4	64	92	0	4
135	34.337500	34.587500	F4	64	100	0	1
136	34.587500	34.837500	D#4	64	88	0	4
137	34.591667	35.125000	D5	64	83	0	5
138	34.591667	35.181250	B4	64	83	0	2
139	34.591667	35.260417	G4	64	84	0	3
140	34.591667	35.606250	B3	64	80	1	-2
141	34.591667	36.129167	B2	64	78	1	-4
142	34.837500	35.085417	D4	64	88	0	3
143	35.087500	35.335417	D4	64	89	0	3
144	35.337500	37.085417	D4	64	98	0	3
145	35.591667	36.102083	D5	64	88	0	5
146	35.841667	36.077083	B3	64	83	1	-2
147	36.091667	36.329167	G4	64	81	0	3
148	36.341667	37.210417	D5	64	86	0	5
149	36.591667	37.197917	A#4	64	88	0	1
150	36.591667	37.260417	F4	64	86	0	1
151	36.591667	38.056250	A#2	64	84	1	-5
152	37.087500	37.335417	D4	64	90	0	3
153	37.337500	37.585417	D4	64	88	0	3
154	37.587500	37.835417	D4	64	87	0	3
155	37.591667	37.725000	D5	64	78	0	5
156	37.591667	37.837500	A#4	64	82	0	1
157	37.591667	37.991667	F4	64	87	0	1
158	37.837500	38.337500	D4	64	89	0	3
159	38.337500	38.591667	D#4	64	88	0	4
160	38.341667	39.041667	D#4	64	76	0	4
161	38.341667	39.172917	C4	64	65	0	1
162	38.587500	38.837500	G4	64	86	0	3
163	38.591667	39.175000	A4	64	91	0	5
164	38.591667	39.875000	A2	64	77	1	-1
165	38.837500	39.085417	C4	64	91	0	1
166	39.087500	39.335417	C4	64	88	0	1
167	39.337500	41.085417	C4	64	98	0	1
168	39.591667	40.060417	A4	64	90	0	5
169	39.841667	40.210417	C4	64	83	0	1
170	40.091667	40.372917	D#4	64	81	0	4
171	40.341667	40.591667	A4	64	86	0	5
172	40.591667	41.187500	D#4	64	78	0	4
173	40.591667	41.197917	G4	64	83	0	3
174	40.591667	41.258333	C4	64	82	0	1
175	40.591667	41.916667	G#3	64	81	1	-5
176	40.591667	41.927083	G#2	64	76	1	-2
177	41.087500	41.335417	C4	64	104	0	1
178	41.337500	41.585417	C4	64	96	0	1
179	41.587500	41.835417	C4	64	96	0	1
180	41.591667	41.825000	D#4	64	88	0	4
181	41.591667	42.064583	C4	64	88	0	1
182	41.591667	42.168750	G4	64	87	0	3
183	41.837500	42.335417	C4	64	110	0	1
184	42.337500	42.620833	C4	64	88	0	1
185	42.587500	43.335417	B3	64	91	1	-2
186	42.591667	43.170833	G4	64	86	0	3
187	42.591667	43.179167	B3	64	83	1	-2
188	42.591667	43.185417	D4	64	87	0	3
189	42.591667	43.977083	G2	64	75	1	-3
190	43.337500	43.585417	B3	64	93	1	-2
191	43.587500	43.837500	B3	64	95	1	-2
192	43.591667	44.072917	B3	64	86	1	-2
193	43.591667	44.231250	G4	64	87	0	3
194	43.591667	44.435417	D4	64	86	0	3
195	43.837500	44.335417	C4	64	104	0	1
196	44.337500	47.587500	C4	64	110	0	1
197	44.591667	44.889583	C4	64	84	0	1
198	44.591667	45.233333	D#4	64	87	0	4
199	44.591667	45.400000	G4	64	87	0	3
200	44.591667	46.256250	C3	64	83	1	-3
201	45.091667	46.079167	G3	64	65	1	-1
202	45.341667	45.891667	C4	64	83	0	1
203	45.591667	45.791667	D4	64	94	0	3
204	45.841667	46.285417	D#4	64	110	0	4
205	46.341667	46.612500	D4	64	83	0	3
206	46.591667	46.895833	C4	64	87	0	1
207	46.591667	46.983333	D#4	64	87	0	4
208	46.591667	47.027083	G4	64	89	0	3
209	46.591667	47.716667	C3	64	86	1	-3
210	47.587500	47.837500	A#4	64	119	0	1
211	47.591667	47.870833	G4	64	98	0	3
212	47.591667	47.910417	C4	64	102	0	1
213	47.837500	48.087500	G#4	64	106	0	4
214	47.841667	48.129167	D4	64	89	0	3
215	48.087500	48.337500	G4	64	104	0	3
216	48.091667	48.343750	D#4	64	86	0	4
217	48.337500	48.587500	F4	64	102	0	1
218	48.341667	48.610417	D4	64	86	0	3
219	48.587500	49.087500	G4	64	114	0	3
220	48.591667	49.300000	D#4	64	104	0	4
221	48.591667	49.302083	G4	64	98	0	3
222	48.591667	49.345833	C4	64	96	0	1
223	48.591667	49.787500	C3	64	91	1	-3
224	49.087500	49.587500	C4	64	93	0	1
225	49.587500	50.087500	G4	64	114	0	3
226	49.591667	50.075000	G4	64	100	0	3
227	49.591667	50.114583	D#4	64	107	0	4
228	49.591667	50.122917	C4	64	93	0	1
229	50.087500	50.337500	G#4	64	109	0	4
230	50.337500	50.837500	G4	64	113	0	3
231	50.341667	50.414583	D#4	64	92	0	4
232	50.341667	50.416667	C4	64	88	0	1
233	50.341667	50.416667	G4	64	89	0	3
234	50.341667	50.441667	C3	64	91	1	-3
235	50.591667	51.056250	A#2	64	90	1	-5
236	50.837500	51.587500	F4	64	108	0	1
237	50.841667	51.435417	F4	64	100	0	1
238	50.841667	51.443750	D4	64	100	0	3
239	50.841667	51.450000	A#3	64	89	1	-3
240	51.293750	51.729167	A#2	64	92	1	-5
241	51.587500	51.879167	A#4	64	113	0	1
242	51.591667	52.172917	A#3	64	110	1	-3
243	51.591667	52.175000	F4	64	108	0	1
244	51.591667	52.364583	D4	64	114	0	3
245	51.837500	52.106250	G#4	64	109	0	4
246	52.087500	52.337500	G4	64	107	0	3
247	52.091667	52.495833	A#2	64	89	1	-5
248	52.337500	52.602083	F4	64	107	0	1
249	52.587500	53.087500	G4	64	113	0	3
250	52.591667	53.337500	G4	64	90	0	3
251	52.591667	53.339583	D4	64	108	0	3
252	52.591667	53.341667	A#3	64	102	1	-3
253	52.591667	53.793750	G2	64	89	1	-3
254	53.087500	53.587500	A#3	64	107	1	-3
255	53.341667	53.591667	G3	64	81	1	-1
256	53.587500	54.087500	F4	64	117	0	1
257	53.591667	54.139583	G4	64	110	0	3
258	53.591667	54.162500	A#3	64	107	1	-3
259	53.591667	54.179167	D4	64	117	0	3
260	54.087500	54.337500	G4	64	110	0	3
261	54.091667	54.229167	G2	64	91	1	-3
262	54.337500	54.837500	F4	64	114	0	1
263	54.341667	54.404167	C4	64	104	0	1
264	54.341667	54.404167	D#4	64	108	0	4
265	54.341667	54.412500	G4	64	94	0	3
266	54.341667	54.418750	C3	64	104	1	-3
267	54.837500	55.835417	D#4	64	119	0	4
268	54.841667	55.302083	C3	64	100	1	-3
269	54.841667	55.400000	G4	64	108	0	3
270	54.841667	55.416667	D#4	64	114	0	4
271	54.841667	55.425000	C4	64	108	0	1
272	55.341667	55.610417	C3	64	92	1	-3
273	55.591667	56.135417	G4	64	108	0	3
274	55.591667	56.147917	D#4	64	117	0	4
275	55.591667	56.227083	C4	64	116	0	1
276	55.837500	56.085417	D#4	64	90	0	4
277	56.087500	56.337500	D#4	64	94	0	4
278	56.091667	56.520833	C3	64	91	1	-3
279	56.337500	57.087500	F4	64	114	0	1
280	56.591667	57.018750	F3	64	96	1	-3
281	56.591667	57.204167	C4	64	107	0	1
282	56.591667	57.231250	F4	64	104	0	1
283	56.591667	57.437500	G#3	64	97	1	-5
284	56.591667	58.254167	F2	64	87	1	-5
285	57.087500	57.335417	D#4	64	104	0	4
286	57.337500	58.087500	D#4	64	116	0	4
287	57.341667	57.647917	F3	64	86	1	-3
288	57.591667	58.045833	C4	64	119	0	1
289	57.591667	58.050000	G#3	64	109	1	-5
290	57.591667	58.056250	F4	64	110	0	1
291	58.087500	58.337500	D4	64	114	0	3
292	58.091667	58.204167	F3	64	81	1	-3
293	58.337500	58.837500	C4	64	104	0	1
294	58.341667	58.414583	B3	64	90	1	-2
295	58.341667	58.414583	D4	64	87	0	3
296	58.341667	58.429167	G3	64	90	1	-1
297	58.341667	58.433333	G2	64	91	1	-3
298	58.591667	58.966667	G2	64	89	1	-3
299	58.837500	59.337500	B3	64	113	1	-2
300	58.841667	59.429167	D4	64	110	0	3
301	58.841667	59.464583	G3	64	104	1	-1
302	58.841667	59.466667	B3	64	109	1	-2
303	59.337500	59.837500	C4	64	83	0	1
304	59.341667	59.627083	G2	64	89	1	-3
305	59.591667	60.141667	G3	64	108	1	-1
306	59.591667	60.168750	D4	64	116	0	3
307	59.591667	60.210417	B3	64	119	1	-2
308	59.837500	60.337500	D4	64	110	0	3
309	60.091667	60.416667	G2	64	108	1	-3
310	60.337500	60.835417	D#4	64	94	0	4
311	60.591667	61.345833	G4	64	94	0	3
312	60.591667	61.358333	D#4	64	100	0	4
313	60.591667	61.370833	C4	64	91	0	1
314	60.591667	62.256250	C3	64	91	1	-3
315	60.837500	61.085417	D#4	64	91	0	4
316	61.087500	61.335417	D#4	64	98	0	4
317	61.337500	61.585417	D#4	64	104	0	4
318	61.341667	61.735417	G3	64	83	1	-1
319	61.587500	61.837500	D#4	64	102	0	4
320	61.591667	62.164583	G4	64	100	0	3
321	61.591667	62.281250	D4	64	107	0	3
322	61.837500	62.337500	F4	64	114	0	1
323	62.091667	62.629167	G3	64	74	1	-1
324	62.337500	63.587500	G4	64	117	0	3
325	62.341667	62.895833	G4	64	108	0	3
326	62.341667	62.933333	C4	64	104	0	1
327	62.341667	62.941667	D#4	64	113	0	4
328	62.591667	64.175000	C3	64	92	1	-3
329	62.841667	63.427083	G3	64	83	1	-1
330	63.091667	63.227083	D4	64	104	0	3
331	63.091667	63.239583	G4	64	100	0	3
332	63.341667	63.795833	D4	64	114	0	3
333	63.341667	63.825000	G4	64	104	0	3
334	63.587500	63.837500	A#4	64	117	0	1
335	63.591667	64.179167	G3	64	108	1	-1
336	63.837500	64.087500	G#4	64	113	0	4
337	63.841667	64.147917	C4	64	94	0	1
338	64.087500	64.337500	G4	64	114	0	3
339	64.091667	64.527083	D4	64	102	0	3
340	64.337500	64.587500	F4	64	104	0	1
341	64.341667	64.737500	D#4	64	89	0	4
342	64.587500	65.087500	G4	64	119	0	3
343	64.591667	64.916667	C4	64	98	0	1
344	64.591667	64.979167	G4	64	108	0	3
345	64.591667	66.185417	C3	64	91	1	-3
346	65.087500	65.587500	C4	64	119	0	1
347	65.341667	65.695833	G3	64	87	1	-1
348	65.587500	66.087500	G4	64	117	0	3
349	65.591667	66.093750	C5	64	113	0	3
350	65.591667	66.145833	D#4	64	117	0	4
351	66.087500	66.337500	G#4	64	113	0	4
352	66.091667	66.214583	G4	64	77	0	3
353	66.091667	66.614583	G3	64	70	1	-1
354	66.337500	66.837500	G4	64	110	0	3
355	66.341667	66.820833	F4	64	98	0	1
356	66.341667	66.908333	A#4	64	93	0	1
357	66.341667	67.081250	D4	64	91	0	3
358	66.591667	67.935417	A#2	64	88	1	-5
359	66.837500	67.587500	F4	64	108	0	1
360	66.841667	67.856250	G3	64	81	1	-1
361	67.091667	67.262500	A#3	64	83	1	-3
362	67.341667	67.818750	D4	64	104	0	3
363	67.341667	67.825000	F4	64	108	0	1
364	67.341667	68.195833	A#4	64	104	0	1
365	67.587500	67.837500	A#4	64	116	0	1
366	67.837500	68.129167	G#4	64	113	0	4
367	67.841667	68.154167	D4	64	89	0	3
368	68.087500	68.337500	G4	64	110	0	3
369	68.091667	68.545833	F4	64	87	0	1
370	68.337500	68.593750	F4	64	98	0	1
371	68.341667	68.497917	G4	64	80	0	3
372	68.587500	69.087500	G4	64	108	0	3
373	68.591667	69.052083	D#3	64	89	1	-5
374	68.591667	69.337500	G4	64	91	0	3
375	68.591667	69.347917	A#3	64	94	1	-3
376	68.591667	69.364583	D#4	64	104	0	4
377	68.591667	70.075000	D#2	64	89	1	-2
378	69.087500	69.587500	A#3	64	114	1	-3
379	69.341667	69.727083	D#3	64	91	1	-5
380	69.587500	70.087500	F4	64	117	0	1
381	69.591667	70.231250	A#3	64	116	1	-3
382	69.591667	70.489583	G4	64	108	0	3
383	70.087500	70.337500	G4	64	114	0	3
384	70.091667	70.497917	D4	64	86	0	3
385	70.091667	70.585417	D#3	64	88	1	-5
386	70.337500	70.837500	F4	64	114	0	1
387	70.591667	71.318750	G4	64	93	0	3
388	70.591667	71.358333	D#4	64	107	0	4
389	70.591667	71.402083	C4	64	96	0	1
390	70.591667	71.762500	G#2	64	86	1	-2
391	70.837500	72.085417	D#4	64	113	0	4
392	71.091667	71.925000	D#3	64	68	1	-5
393	71.341667	71.720833	G#3	64	86	1	-5
394	71.591667	72.027083	G4	64	108	0	3
395	71.591667	72.033333	D#4	64	116	0	4
396	71.591667	72.212500	C4	64	114	0	1
397	72.087500	72.335417	D#4	64	110	0	4
398	72.091667	72.179167	A2	64	76	1	-1
399	72.337500	72.587500	D#4	64	100	0	4
400	72.587500	73.087500	F4	64	114	0	1
401	72.591667	73.158333	G#3	64	95	1	-5
402	72.591667	73.350000	F4	64	107	0	1
403	72.591667	73.389583	C4	64	107	0	1
404	72.591667	74.141667	F2	64	93	1	-5
405	73.087500	73.335417	D#4	64	96	0	4
406	73.337500	74.087500	D#4	64	100	0	4
407	73.341667	73.702083	F3	64	100	1	-3
408	73.591667	73.968750	G#3	64	97	1	-5
409	73.591667	74.018750	C4	64	102	0	1
410	73.591667	74.227083	F4	64	104	0	1
411	74.087500	74.339583	D4	64	110	0	3
412	74.091667	74.414583	F3	64	83	1	-3
413	74.337500	74.837500	C4	64	107	0	1
414	74.591667	75.031250	G2	64	88	1	-3
415	74.591667	75.181250	D4	64	96	0	3
416	74.591667	75.200000	F4	64	96	0	1
417	74.591667	75.222917	B3	64	97	1	-2
418	74.591667	75.231250	G3	64	90	1	-1
419	74.837500	75.085417	B3	64	113	1	-2
420	75.087500	75.337500	B3	64	113	1	-2
421	75.337500	75.837500	C4	64	108	0	1
422	75.341667	75.843750	D4	64	91	0	3
423	75.341667	75.889583	B3	64	97	1	-2
424	75.341667	75.893750	F4	64	93	0	1
425	75.341667	75.908333	G3	64	91	1	-1
426	75.837500	76.585417	D4	64	110	0	3
427	75.841667	76.181250	G2	64	83	1	-3
428	76.091667	76.247917	F4	64	91	0	1
429	76.091667	76.320833	D4	64	93	0	3
430	76.091667	76.341667	G3	64	88	1	-1
431	76.091667	76.350000	B3	64	103	1	-2
432	76.587500	78.706250	D4	64	119	0	3
433	76.591667	76.760417	G3	64	88	1	-1
434	76.591667	76.904167	C4	64	98	0	1
435	76.591667	76.929167	D#4	64	94	0	4
436	76.591667	78.475000	C3	64	90	1	-3
437	77.091667	78.429167	G3	64	76	1	-1
438	77.341667	77.739583	C4	64	91	0	1
439	77.591667	78.145833	G4	64	113	0	3
440	78.091667	78.243750	C4	64	82	0	1
441	78.091667	78.620833	F4	64	84	0	1
442	78.587500	80.587500	C4	64	114	0	1
443	78.591667	79.650000	C4	64	90	0	1
444	78.591667	79.683333	D#4	64	98	0	4
445	78.591667	79.714583	G4	64	88	0	3
446	78.591667	79.745833	C3	64	80	1	-3
447	78.591667	79.750000	G3	64	82	1	-1
448	80.591667	81.981250	D#4	64	80	0	4
449	80.591667	82.031250	A#3	64	78	1	-3
450	80.591667	82.129167	C4	64	79	0	1
451	80.591667	82.156250	G3	64	80	1	-1
452	80.591667	82.479167	C3	64	79	1	-3
453	82.591667	84.047917	F3	64	77	1	-3
454	82.591667	84.077083	A#3	64	72	1	-3
455	82.591667	84.079167	D4	64	76	0	3
456	82.591667	84.087500	G#3	64	73	1	-5
457	82.591667	84.508333	A#2	64	77	1	-5
458	84.591667	85.895833	A#3	64	78	1	-3
459	84.591667	86.058333	D#4	64	81	0	4
460	84.591667	86.097917	G3	64	75	1	-1
461	84.591667	86.122917	D#3	64	76	1	-5
462	84.591667	86.147917	D#2	64	74	1	-2
463	86.591667	88.052083	G3	64	80	1	-1
464	86.591667	88.054167	G#3	64	81	1	-5
465	86.591667	88.062500	C4	64	83	0	1
466	86.591667	88.077083	D#4	64	81	0	4
467	86.591667	88.283333	G#2	64	73	1	-2
468	88.591667	90.214583	F3	64	74	1	-3
469	88.591667	90.250000	G#3	64	78	1	-5
470	88.591667	90.268750	C4	64	82	0	1
471	88.591667	90.383333	F2	64	79	1	-5
472	90.591667	91.966667	C4	64	30	0	1
473	90.591667	92.058333	D4	64	82	0	3
474	90.591667	92.114583	B3	64	83	1	-2
475	90.591667	92.152083	G3	64	77	1	-1
476	90.591667	92.437500	G2	64	78	1	-3
477	92.591667	94.431250	G#4	64	84	0	4
478	92.591667	94.441667	F4	64	71	0	1
479	92.591667	94.458333	C#3	64	79	1	-2
480	92.591667	94.564583	C#4	64	69	0	2
481	94.864583	94.970833	G4	64	88	0	3
482	94.864583	94.979167	C5	64	87	0	3
483	94.864583	94.983333	C3	64	91	1	-3
484	94.864583	94.983333	E4	64	86	0	5
485	95.114583	95.220833	C3	64	98	1	-3
486	95.114583	95.220833	G4	64	92	0	3
487	95.114583	95.227083	C5	64	93	0	3
488	95.114583	95.231250	E4	64	88	0	5
489	95.364583	95.468750	G4	64	100	0	3
490	95.364583	95.472917	E4	64	89	0	5
491	95.364583	95.472917	C5	64	92	0	3
492	95.364583	95.475000	C3	64	100	1	-3
493	95.614583	95.802083	E4	64	103	0	5
494	95.614583	95.810417	C5	64	104	0	3
495	95.614583	95.833333	G4	64	114	0	3
496	95.614583	95.847917	C3	64	107	1	-3
497	96.587500	97.200000	C5	64	83	0	3
498	96.587500	97.220833	G4	64	84	0	3
499	96.587500	97.258333	D#4	64	81	0	4
500	96.587500	97.800000	C3	64	87	1	-3
501	97.087500	97.183333	D#4	64	87	0	4
502	97.337500	97.429167	D#4	64	86	0	4
503	97.587500	97.706250	D#4	64	91	0	4
504	97.587500	97.991667	D#4	64	83	0	4
505	97.587500	98.287500	G4	64	81	0	3
506	97.587500	98.460417	C5	64	86	0	3
507	97.837500	97.937500	D#4	64	92	0	4
508	98.337500	98.564583	F4	64	100	0	1
509	98.587500	98.795833	D#4	64	88	0	4
510	98.587500	99.120833	D5	64	83	0	5
511	98.587500	99.177083	B4	64	83	0	2
512	98.587500	99.256250	G4	64	84	0	3
513	98.587500	99.602083	B3	64	80	1	-2
514	98.587500	100.125000	B2	64	78	1	-4
515	98.837500	98.997917	D4	64	88	0	3
516	99.087500	99.189583	D4	64	89	0	3
517	99.337500	99.633333	D4	64	98	0	3
518	99.587500	100.097917	D5	64	88	0	5
519	99.837500	100.072917	B3	64	83	1	-2
520	100.087500	100.325000	G4	64	81	0	3
521	100.337500	101.206250	D5	64	86	0	5
522	100.587500	101.193750	A#4	64	88	0	1
523	100.587500	101.256250	F4	64	86	0	1
524	100.587500	102.052083	A#2	64	84	1	-5
525	101.087500	101.231250	D4	64	90	0	3
526	101.337500	101.481250	D4	64	88	0	3
527	101.587500	101.716667	D4	64	87	0	3
528	101.587500	101.720833	D5	64	78	0	5
529	101.587500	101.833333	A#4	64	82	0	1
530	101.587500	101.987500	F4	64	87	0	1
531	101.837500	102.091667	D4	64	89	0	3
532	102.337500	102.591667	D#4	64	88	0	4
533	102.337500	103.037500	D#4	64	76	0	4
534	102.337500	103.168750	C4	64	65	0	1
535	102.587500	102.789583	G4	64	86	0	3
536	102.587500	103.170833	A4	64	91	0	5
537	102.587500	103.870833	A2	64	77	1	-1
538	102.837500	102.968750	C4	64	91	0	1
539	103.087500	103.195833	C4	64	88	0	1
540	103.337500	103.585417	C4	64	98	0	1
541	103.587500	104.056250	A4	64	90	0	5
542	103.837500	104.206250	C4	64	83	0	1
543	104.087500	104.368750	D#4	64	81	0	4
544	104.337500	104.587500	A4	64	86	0	5
545	104.587500	105.183333	D#4	64	78	0	4
546	104.587500	105.193750	G4	64	83	0	3
547	104.587500	105.254167	C4	64	82	0	1
548	104.587500	105.912500	G#3	64	81	1	-5
549	104.587500	105.922917	G#2	64	76	1	-2
550	105.087500	105.189583	C4	64	104	0	1
551	105.337500	105.447917	C4	64	96	0	1
552	105.587500	105.687500	C4	64	96	0	1
553	105.587500	105.820833	D#4	64	88	0	4
554	105.587500	106.060417	C4	64	88	0	1
555	105.587500	106.164583	G4	64	87	0	3
556	105.837500	106.058333	C4	64	110	0	1
557	106.337500	106.620833	C4	64	88	0	1
558	106.587500	106.879167	B3	64	91	1	-2
559	106.587500	107.166667	G4	64	86	0	3
560	106.587500	107.175000	B3	64	83	1	-2
561	106.587500	107.181250	D4	64	87	0	3
562	106.587500	107.972917	G2	64	75	1	-3
563	107.337500	107.452083	B3	64	93	1	-2
564	107.587500	107.750000	B3	64	95	1	-2
565	107.587500	108.068750	B3	64	86	1	-2
566	107.587500	108.227083	G4	64	87	0	3
567	107.587500	108.431250	D4	64	86	0	3
568	107.837500	108.102083	C4	64	104	0	1
569	108.337500	108.658333	C4	64	110	0	1
570	108.587500	108.885417	C4	64	84	0	1
571	108.587500	109.229167	D#4	64	87	0	4
572	108.587500	109.395833	G4	64	87	0	3
573	108.587500	110.252083	C3	64	83	1	-3
574	109.087500	110.075000	G3	64	65	1	-1
575	109.337500	109.887500	C4	64	83	0	1
576	109.587500	109.787500	D4	64	94	0	3
577	109.837500	110.281250	D#4	64	110	0	4
578	110.337500	110.608333	D4	64	83	0	3
579	110.587500	110.891667	C4	64	87	0	1
580	110.587500	110.979167	D#4	64	87	0	4
581	110.587500	111.022917	G4	64	89	0	3
582	110.587500	111.712500	C3	64	86	1	-3
583	111.587500	111.777083	A#4	64	119	0	1
584	111.587500	111.866667	G4	64	98	0	3
585	111.587500	111.906250	C4	64	102	0	1
586	111.837500	112.054167	G#4	64	106	0	4
587	111.837500	112.125000	D4	64	89	0	3
588	112.087500	112.320833	G4	64	104	0	3
589	112.087500	112.339583	D#4	64	86	0	4
590	112.337500	112.572917	F4	64	102	0	1
591	112.337500	112.606250	D4	64	86	0	3
592	112.587500	112.852083	G4	64	114	0	3
593	112.587500	113.285417	G4	64	90	0	3
594	112.587500	113.314583	C4	64	89	0	1
595	112.587500	113.335417	D#4	64	92	0	4
596	112.587500	113.993750	C3	64	89	1	-3
597	113.087500	113.397917	C4	64	93	0	1
598	113.587500	113.918750	G4	64	114	0	3
599	113.587500	114.314583	C4	64	98	0	1
600	113.587500	114.381250	G4	64	98	0	3
601	113.587500	114.508333	D#4	64	96	0	4
602	114.087500	114.264583	G#4	64	109	0	4
603	114.337500	114.608333	G4	64	113	0	3
604	114.337500	114.608333	C3	64	86	1	-3
605	114.587500	115.110417	A#2	64	81	1	-5
606	114.587500	115.454167	F4	64	88	0	1
607	114.587500	115.456250	A#3	64	88	1	-3
608	114.587500	115.464583	D4	64	91	0	3
609	114.837500	115.089583	F4	64	108	0	1
610	115.337500	115.841667	A#2	64	87	1	-5
611	115.587500	115.879167	A#4	64	113	0	1
612	115.587500	116.306250	A#3	64	91	1	-3
613	115.587500	116.470833	F4	64	96	0	1
614	115.587500	116.493750	D4	64	102	0	3
615	115.837500	116.106250	G#4	64	109	0	4
616	116.087500	116.335417	G4	64	107	0	3
617	116.087500	116.456250	A#2	64	80	1	-5
618	116.337500	116.602083	F4	64	107	0	1
619	116.587500	116.825000	G4	64	113	0	3
620	116.587500	117.308333	G4	64	94	0	3
621	116.587500	117.322917	A#3	64	98	1	-3
622	116.587500	117.337500	D#4	64	100	0	4
623	116.587500	117.968750	D#2	64	100	1	-2
624	117.087500	117.404167	A#3	64	107	1	-3
625	117.337500	117.720833	D#3	64	82	1	-5
626	117.587500	117.891667	F4	64	117	0	1
627	117.587500	118.172917	A#3	64	94	1	-3
628	117.587500	118.422917	G4	64	98	0	3
629	117.587500	118.458333	D#4	64	98	0	4
630	118.087500	118.272917	G4	64	110	0	3
631	118.087500	118.585417	D#3	64	82	1	-5
632	118.337500	118.652083	F4	64	114	0	1
633	118.587500	119.352083	G4	64	90	0	3
634	118.587500	119.377083	D#4	64	96	0	4
635	118.587500	119.383333	C4	64	88	0	1
636	118.587500	119.793750	G#2	64	80	1	-2
637	118.837500	119.127083	D#4	64	119	0	4
638	119.337500	119.704167	G#3	64	82	1	-5
639	119.587500	120.006250	D#4	64	104	0	4
640	119.587500	120.025000	G4	64	93	0	3
641	119.587500	120.247917	C4	64	107	0	1
642	119.837500	119.979167	D#4	64	90	0	4
643	120.087500	120.208333	D#4	64	94	0	4
644	120.337500	120.652083	F4	64	114	0	1
645	120.587500	121.054167	F3	64	84	1	-3
646	120.587500	121.308333	G#3	64	87	1	-5
647	120.587500	121.337500	F4	64	100	0	1
648	120.587500	121.350000	C4	64	96	0	1
649	120.587500	122.152083	F2	64	87	1	-5
650	121.087500	121.200000	D#4	64	104	0	4
651	121.337500	121.591667	D#4	64	116	0	4
652	121.337500	121.714583	F3	64	86	1	-3
653	121.587500	121.972917	G#3	64	93	1	-5
654	121.587500	122.018750	C4	64	100	0	1
655	121.587500	122.185417	F4	64	102	0	1
656	122.087500	122.316667	D4	64	114	0	3
657	122.087500	122.406250	F3	64	87	1	-3
658	122.337500	122.712500	C4	64	104	0	1
659	122.587500	122.958333	G3	64	89	1	-1
660	122.587500	122.987500	B3	64	93	1	-2
661	122.587500	123.027083	D4	64	90	0	3
662	122.587500	123.077083	F4	64	92	0	1
663	122.587500	124.156250	G2	64	87	1	-3
664	122.837500	123.104167	B3	64	113	1	-2
665	123.087500	124.170833	D3	64	81	1	-1
666	123.337500	123.777083	C4	64	83	0	1
667	123.337500	124.564583	G3	64	93	1	-1
668	123.587500	123.922917	B3	64	88	1	-2
669	123.837500	124.093750	D4	64	110	0	3
670	123.837500	124.104167	D4	64	98	0	3
671	124.087500	124.450000	G4	64	96	0	3
672	124.337500	124.685417	D#4	64	94	0	4
673	124.337500	124.504167	D4	64	38	0	3
674	124.587500	125.341667	G4	64	94	0	3
675	124.587500	125.354167	D#4	64	100	0	4
676	124.587500	125.366667	C4	64	91	0	1
677	124.587500	126.252083	C3	64	91	1	-3
678	124.837500	124.954167	D#4	64	91	0	4
679	125.087500	125.195833	D#4	64	98	0	4
680	125.337500	125.441667	D#4	64	104	0	4
681	125.337500	125.731250	G3	64	83	1	-1
682	125.587500	125.697917	D#4	64	102	0	4
683	125.587500	126.160417	G4	64	100	0	3
684	125.587500	126.277083	D4	64	107	0	3
685	125.837500	126.177083	F4	64	114	0	1
686	126.087500	126.625000	G3	64	74	1	-1
687	126.337500	126.639583	G4	64	117	0	3
688	126.337500	126.891667	G4	64	108	0	3
689	126.337500	126.929167	C4	64	104	0	1
690	126.337500	126.937500	D#4	64	113	0	4
691	126.587500	128.170833	C3	64	92	1	-3
692	126.837500	127.422917	G3	64	83	1	-1
693	127.087500	127.222917	D4	64	104	0	3
694	127.087500	127.233333	G4	64	100	0	3
695	127.337500	127.791667	D4	64	114	0	3
696	127.337500	127.820833	G4	64	104	0	3
697	127.587500	127.835417	A#4	64	117	0	1
698	127.587500	128.175000	G3	64	108	1	-1
699	127.837500	128.083333	G#4	64	113	0	4
700	127.837500	128.143750	C4	64	94	0	1
701	128.087500	128.306250	G4	64	114	0	3
702	128.087500	128.522917	D4	64	102	0	3
703	128.337500	128.547917	F4	64	104	0	1
704	128.337500	128.733333	D#4	64	89	0	4
705	128.587500	128.875000	G4	64	119	0	3
706	128.587500	128.912500	C4	64	98	0	1
707	128.587500	128.975000	G4	64	108	0	3
708	128.587500	130.181250	C3	64	91	1	-3
709	129.087500	129.404167	C4	64	119	0	1
710	129.337500	129.691667	G3	64	87	1	-1
711	129.587500	130.010417	G4	64	117	0	3
712	129.587500	130.089583	C5	64	113	0	3
713	129.587500	130.141667	D#4	64	117	0	4
714	130.087500	130.335417	G#4	64	113	0	4
715	130.087500	130.210417	G4	64	77	0	3
716	130.087500	130.610417	G3	64	70	1	-1
717	130.337500	130.825000	G4	64	110	0	3
718	130.337500	130.816667	F4	64	98	0	1
719	130.337500	130.904167	A#4	64	93	0	1
720	130.337500	131.077083	D4	64	91	0	3
721	130.587500	131.931250	A#2	64	88	1	-5
722	130.837500	131.208333	F4	64	108	0	1
723	130.837500	131.852083	G3	64	81	1	-1
724	131.087500	131.258333	A#3	64	83	1	-3
725	131.337500	131.814583	D4	64	104	0	3
726	131.337500	131.820833	F4	64	108	0	1
727	131.337500	132.191667	A#4	64	104	0	1
728	131.587500	131.816667	A#4	64	116	0	1
729	131.837500	132.129167	G#4	64	113	0	4
730	131.837500	132.150000	D4	64	89	0	3
731	132.087500	132.314583	G4	64	110	0	3
732	132.087500	132.541667	F4	64	87	0	1
733	132.337500	132.593750	F4	64	98	0	1
734	132.337500	132.493750	G4	64	80	0	3
735	132.587500	132.852083	G4	64	108	0	3
736	132.587500	133.047917	D#3	64	89	1	-5
737	132.587500	133.333333	G4	64	91	0	3
738	132.587500	133.343750	A#3	64	94	1	-3
739	132.587500	133.360417	D#4	64	104	0	4
740	132.587500	134.070833	D#2	64	89	1	-2
741	133.087500	133.427083	A#3	64	114	1	-3
742	133.337500	133.722917	D#3	64	91	1	-5
743	133.587500	134.000000	F4	64	117	0	1
744	133.587500	134.227083	A#3	64	116	1	-3
745	133.587500	134.485417	G4	64	108	0	3
746	134.087500	134.322917	G4	64	114	0	3
747	134.087500	134.493750	D4	64	86	0	3
748	134.087500	134.581250	D#3	64	88	1	-5
749	134.337500	134.822917	F4	64	114	0	1
750	134.587500	135.314583	G4	64	93	0	3
751	134.587500	135.354167	D#4	64	107	0	4
752	134.587500	135.397917	C4	64	96	0	1
753	134.587500	135.758333	G#2	64	86	1	-2
754	134.837500	135.172917	D#4	64	113	0	4
755	135.087500	135.920833	D#3	64	68	1	-5
756	135.337500	135.716667	G#3	64	86	1	-5
757	135.587500	136.022917	G4	64	108	0	3
758	135.587500	136.029167	D#4	64	116	0	4
759	135.587500	136.208333	C4	64	114	0	1
760	136.087500	136.170833	D#4	64	110	0	4
761	136.087500	136.175000	A2	64	76	1	-1
762	136.337500	136.427083	D#4	64	100	0	4
763	136.587500	136.893750	F4	64	114	0	1
764	136.587500	137.154167	G#3	64	95	1	-5
765	136.587500	137.345833	F4	64	107	0	1
766	136.587500	137.385417	C4	64	107	0	1
767	136.587500	138.137500	F2	64	93	1	-5
768	137.087500	137.166667	D#4	64	96	0	4
769	137.337500	137.506250	D#4	64	100	0	4
770	137.337500	137.697917	F3	64	100	1	-3
771	137.587500	137.964583	G#3	64	97	1	-5
772	137.587500	138.014583	C4	64	102	0	1
773	137.587500	138.222917	F4	64	104	0	1
774	138.087500	138.339583	D4	64	110	0	3
775	138.087500	138.410417	F3	64	83	1	-3
776	138.337500	138.812500	C4	64	107	0	1
777	138.587500	139.027083	G2	64	88	1	-3
778	138.587500	139.177083	D4	64	96	0	3
779	138.587500	139.195833	F4	64	96	0	1
780	138.587500	139.218750	B3	64	97	1	-2
781	138.587500	139.225000	G3	64	90	1	-1
782	138.837500	138.962500	B3	64	113	1	-2
783	139.087500	139.212500	B3	64	113	1	-2
784	139.337500	139.820833	C4	64	108	0	1
785	139.337500	139.839583	D4	64	91	0	3
786	139.337500	139.885417	B3	64	97	1	-2
787	139.337500	139.889583	F4	64	93	0	1
788	139.337500	139.904167	G3	64	91	1	-1
789	139.837500	140.062500	D4	64	110	0	3
790	139.837500	140.177083	G2	64	83	1	-3
791	140.087500	140.241667	F4	64	91	0	1
792	140.087500	140.316667	D4	64	93	0	3
793	140.087500	140.337500	G3	64	88	1	-1
794	140.087500	140.345833	B3	64	103	1	-2
795	140.587500	142.706250	D4	64	119	0	3
796	140.587500	140.756250	G3	64	88	1	-1
797	140.587500	140.900000	C4	64	98	0	1
798	140.587500	140.925000	D#4	64	94	0	4
799	140.587500	142.470833	C3	64	90	1	-3
800	141.087500	142.425000	G3	64	76	1	-1
801	141.337500	141.735417	C4	64	91	0	1
802	141.587500	142.141667	G4	64	113	0	3
803	142.087500	142.239583	C4	64	82	0	1
804	142.087500	142.616667	F4	64	84	0	1
805	142.587500	142.968750	C4	64	114	0	1
806	142.587500	143.645833	C4	64	90	0	1
807	142.587500	143.679167	D#4	64	98	0	4
808	142.587500	143.710417	G4	64	88	0	3
809	142.587500	143.741667	C3	64	80	1	-3
810	142.587500	143.743750	G3	64	82	1	-1
811	143.587500	143.777083	A#4	64	119	0	1
812	143.837500	144.054167	G#4	64	106	0	4
813	144.087500	144.320833	G4	64	104	0	3
814	144.337500	144.572917	F4	64	102	0	1
815	144.337500	145.987500	C4	64	70	0	1
816	144.462500	146.085417	D#4	64	71	0	4
817	144.587500	144.852083	G4	64	114	0	3
818	144.587500	146.141667	C3	64	70	1	-3
819	144.587500	146.145833	G4	64	74	0	3
820	145.087500	145.397917	C4	64	93	0	1
821	145.587500	145.918750	G4	64	114	0	3
822	146.087500	146.264583	G#4	64	109	0	4
823	146.337500	146.608333	G4	64	113	0	3
824	146.337500	147.997917	A#3	64	69	1	-3
825	146.462500	148.075000	D4	64	66	0	3
826	146.587500	147.739583	A#2	64	71	1	-5
827	146.587500	148.122917	F4	64	79	0	1
828	146.837500	147.089583	F4	64	108	0	1
829	147.587500	147.879167	A#4	64	113	0	1
830	147.837500	148.106250	G#4	64	109	0	4
831	148.087500	148.335417	G4	64	107	0	3
832	148.337500	148.602083	F4	64	107	0	1
833	148.337500	149.960417	A#3	64	65	1	-3
834	148.462500	150.018750	D#4	64	74	0	4
835	148.587500	148.825000	G4	64	113	0	3
836	148.587500	149.827083	D#2	64	63	1	-2
837	148.587500	149.883333	D#3	64	62	1	-5
838	148.587500	150.029167	G4	64	69	0	3
839	149.087500	149.404167	A#3	64	107	1	-3
840	149.587500	149.891667	F4	64	117	0	1
841	150.087500	150.272917	G4	64	110	0	3
842	150.337500	150.652083	F4	64	114	0	1
843	150.462500	151.843750	C4	64	70	0	1
844	150.587500	151.768750	G#3	64	65	1	-5
845	150.587500	151.789583	G#2	64	56	1	-2
846	150.587500	151.831250	G4	64	75	0	3
847	150.837500	151.127083	D#4	64	119	0	4
848	151.837500	151.979167	D#4	64	90	0	4
849	152.087500	152.208333	D#4	64	94	0	4
850	152.337500	152.652083	F4	64	114	0	1
851	152.577083	153.179167	F4	64	84	0	1
852	152.587500	153.181250	C4	64	82	0	1
853	152.587500	153.233333	G#3	64	77	1	-5
854	152.587500	154.116667	F3	64	68	1	-3
855	152.587500	154.170833	F2	64	67	1	-5
856	153.087500	153.200000	D#4	64	104	0	4
857	153.337500	153.591667	D#4	64	116	0	4
858	153.587500	154.000000	G#3	64	76	1	-5
859	153.587500	154.016667	C4	64	81	0	1
860	153.627083	154.208333	F4	64	80	0	1
861	154.087500	154.316667	D4	64	114	0	3
862	154.337500	154.712500	C4	64	104	0	1
863	154.587500	155.181250	D4	64	73	0	3
864	154.587500	155.272917	G3	64	77	1	-1
865	154.587500	155.289583	B3	64	78	1	-2
866	154.587500	155.931250	G2	64	77	1	-3
867	154.618750	155.297917	F4	64	78	0	1
868	154.837500	155.104167	B3	64	113	1	-2
869	155.337500	155.777083	C4	64	83	0	1
870	155.587500	155.912500	D4	64	70	0	3
871	155.587500	155.927083	G3	64	73	1	-1
872	155.587500	155.970833	B3	64	70	1	-2
873	155.587500	155.977083	F4	64	72	0	1
874	155.837500	156.093750	D4	64	110	0	3
875	156.587500	156.712500	D#4	64	94	0	4
876	156.587500	156.793750	C4	64	84	0	1
877	156.587500	156.795833	C3	64	87	1	-3
878	156.587500	156.800000	D#4	64	86	0	4
879	156.587500	156.804167	G4	64	86	0	3
880	156.920833	157.143750	D#4	64	102	0	4
881	156.920833	157.085417	C3	64	84	1	-3
882	156.920833	157.110417	C4	64	81	0	1
883	156.920833	157.110417	G4	64	83	0	3
884	156.920833	157.112500	D#4	64	83	0	4
885	157.254167	157.420833	D#4	64	104	0	4
886	157.254167	157.370833	G4	64	80	0	3
887	157.254167	157.379167	C4	64	77	0	1
888	157.254167	157.385417	C3	64	85	1	-3
889	157.254167	157.391667	D#4	64	79	0	4
890	157.587500	157.806250	D#4	64	113	0	4
891	157.587500	157.795833	C4	64	83	0	1
892	157.587500	157.795833	G4	64	84	0	3
893	157.587500	157.825000	C3	64	87	1	-3
894	157.587500	157.833333	D#4	64	82	0	4
895	157.920833	158.156250	F4	64	113	0	1
896	157.920833	158.050000	C3	64	88	1	-3
897	157.920833	158.068750	G4	64	80	0	3
898	157.920833	158.095833	C4	64	83	0	1
899	157.920833	158.102083	D#4	64	83	0	4
900	158.254167	158.416667	D#4	64	108	0	4
901	158.254167	158.337500	C4	64	83	0	1
902	158.254167	158.339583	G4	64	82	0	3
903	158.254167	158.341667	C3	64	88	1	-3
904	158.254167	158.370833	D#4	64	85	0	4
905	158.587500	158.918750	G4	64	117	0	3
906	158.587500	159.212500	C4	64	84	0	1
907	158.587500	159.220833	D#4	64	88	0	4
908	158.587500	159.239583	C3	64	88	1	-3
909	158.587500	159.245833	G4	64	87	0	3
910	159.587500	159.835417	A#4	64	117	0	1
911	159.837500	160.083333	G#4	64	113	0	4
912	160.087500	160.306250	G4	64	114	0	3
913	160.337500	160.547917	F4	64	104	0	1
914	160.587500	160.875000	G4	64	119	0	3
915	160.587500	161.037500	C3	64	93	1	-3
916	161.087500	161.404167	C4	64	119	0	1
917	161.087500	161.652083	A#3	64	88	1	-3
918	161.087500	161.652083	D#4	64	92	0	4
919	161.087500	161.654167	C4	64	91	0	1
920	161.087500	161.660417	G4	64	89	0	3
921	161.337500	161.447917	G3	64	96	1	-1
922	161.587500	162.010417	G4	64	117	0	3
923	161.587500	161.870833	G3	64	107	1	-1
924	161.837500	162.139583	D#4	64	96	0	4
925	161.837500	162.145833	A#3	64	89	1	-3
926	161.837500	162.150000	C4	64	96	0	1
927	161.837500	162.160417	G4	64	88	0	3
928	162.087500	162.335417	G#4	64	113	0	4
929	162.087500	162.464583	C3	64	102	1	-3
930	162.337500	162.825000	G4	64	110	0	3
931	162.337500	162.452083	A#3	64	87	1	-3
932	162.337500	162.470833	C4	64	91	0	1
933	162.337500	162.472917	G4	64	87	0	3
934	162.337500	162.487500	D#4	64	91	0	4
935	162.587500	163.110417	A#2	64	89	1	-5
936	162.837500	163.208333	F4	64	108	0	1
937	163.087500	163.575000	G#4	64	85	0	4
938	163.087500	163.633333	D4	64	91	0	3
939	163.087500	163.637500	A#3	64	86	1	-3
940	163.087500	163.650000	F4	64	90	0	1
941	163.337500	163.435417	F3	64	93	1	-3
942	163.587500	163.816667	A#4	64	116	0	1
943	163.587500	163.877083	F3	64	92	1	-3
944	163.837500	164.129167	G#4	64	113	0	4
945	163.837500	164.131250	G#4	64	88	0	4
946	163.837500	164.156250	A#3	64	92	1	-3
947	163.837500	164.166667	F4	64	96	0	1
948	163.837500	164.175000	D4	64	102	0	3
949	164.087500	164.314583	G4	64	110	0	3
950	164.087500	164.204167	A#2	64	87	1	-5
951	164.337500	164.593750	F4	64	98	0	1
952	164.337500	164.491667	G#4	64	81	0	4
953	164.337500	164.558333	F4	64	83	0	1
954	164.337500	164.564583	D4	64	88	0	3
955	164.337500	164.583333	A#3	64	86	1	-3
956	164.587500	164.852083	G4	64	108	0	3
957	164.587500	165.116667	D#2	64	100	1	-2
958	165.087500	165.427083	A#3	64	114	1	-3
959	165.087500	165.610417	G4	64	87	0	3
960	165.087500	165.620833	A#3	64	85	1	-3
961	165.087500	165.622917	D4	64	90	0	3
962	165.087500	165.631250	D#4	64	90	0	4
963	165.337500	165.427083	A#2	64	96	1	-5
964	165.587500	166.000000	F4	64	117	0	1
965	165.587500	165.893750	A#2	64	89	1	-5
966	165.837500	166.133333	G4	64	87	0	3
967	165.837500	166.164583	A#3	64	87	1	-3
968	165.837500	166.187500	D4	64	89	0	3
969	165.837500	166.189583	D#4	64	90	0	4
970	166.087500	166.322917	G4	64	114	0	3
971	166.087500	166.218750	D#2	64	91	1	-2
972	166.337500	166.822917	F4	64	114	0	1
973	166.337500	166.575000	A#3	64	81	1	-3
974	166.337500	166.627083	D#4	64	87	0	4
975	166.337500	166.635417	D4	64	87	0	3
976	166.337500	166.639583	G4	64	87	0	3
977	166.587500	167.072917	G#2	64	89	1	-2
978	166.837500	167.172917	D#4	64	113	0	4
979	167.087500	167.652083	G4	64	90	0	3
980	167.087500	167.664583	C4	64	88	0	1
981	167.087500	167.677083	D#4	64	93	0	4
982	167.337500	167.425000	G#3	64	87	1	-5
983	167.587500	167.997917	G#3	64	95	1	-5
984	167.837500	168.131250	G4	64	89	0	3
985	167.837500	168.191667	C4	64	92	0	1
986	167.837500	168.202083	D#4	64	94	0	4
987	168.087500	168.170833	D#4	64	110	0	4
988	168.087500	168.518750	G#2	64	87	1	-2
989	168.337500	168.427083	D#4	64	100	0	4
990	168.337500	168.556250	G4	64	88	0	3
991	168.337500	168.583333	C4	64	91	0	1
992	168.337500	168.587500	D#4	64	93	0	4
993	168.587500	168.893750	F4	64	114	0	1
994	168.587500	169.170833	F2	64	96	1	-5
995	169.087500	169.166667	D#4	64	96	0	4
996	169.087500	169.622917	D#4	64	89	0	4
997	169.087500	169.625000	C4	64	91	0	1
998	169.087500	169.654167	G#3	64	85	1	-5
999	169.337500	169.506250	D#4	64	100	0	4
1000	169.337500	169.443750	C3	64	87	1	-3
1001	169.587500	169.908333	C3	64	89	1	-3
1002	169.837500	170.304167	G#3	64	88	1	-5
1003	169.837500	170.331250	C4	64	100	0	1
1004	169.837500	170.350000	D#4	64	92	0	4
1005	170.087500	170.339583	D4	64	110	0	3
1006	170.087500	170.343750	F2	64	91	1	-5
1007	170.337500	170.812500	C4	64	107	0	1
1008	170.587500	171.106250	G2	64	88	1	-3
1009	170.837500	170.962500	B3	64	113	1	-2
1010	171.087500	171.212500	B3	64	113	1	-2
1011	171.087500	171.618750	D4	64	87	0	3
1012	171.087500	171.625000	B3	64	86	1	-2
1013	171.087500	171.633333	G3	64	86	1	-1
1014	171.087500	171.645833	F4	64	87	0	1
1015	171.337500	171.820833	C4	64	108	0	1
1016	171.337500	171.431250	D3	64	93	1	-1
1017	171.587500	171.906250	D3	64	100	1	-1
1018	171.837500	172.062500	D4	64	110	0	3
1019	171.837500	172.158333	D4	64	89	0	3
1020	171.837500	172.200000	F4	64	91	0	1
1021	171.837500	172.222917	G3	64	91	1	-1
1022	171.837500	172.231250	B3	64	100	1	-2
1023	172.087500	172.472917	G2	64	88	1	-3
1024	172.337500	172.508333	D4	64	87	0	3
1025	172.337500	172.510417	G3	64	86	1	-1
1026	172.337500	172.529167	B3	64	87	1	-2
1027	172.337500	172.560417	F4	64	87	0	1
1028	172.587500	174.706250	D4	64	119	0	3
1029	172.587500	173.077083	C3	64	110	1	-3
1030	173.087500	173.637500	G4	64	88	0	3
1031	173.087500	173.679167	C4	64	88	0	1
1032	173.087500	173.689583	D#4	64	94	0	4
1033	173.337500	173.418750	G3	64	88	1	-1
1034	173.587500	173.850000	G3	64	96	1	-1
1035	173.837500	174.581250	C4	64	100	0	1
1036	174.337500	174.556250	G3	64	90	1	-1
1037	174.587500	174.968750	C4	64	114	0	1
1038	174.587500	174.595833	D#4	64	93	0	4
1039	174.587500	174.595833	G4	64	91	0	3
1040	174.587500	174.768750	C4	64	89	0	1
1041	174.587500	174.789583	C3	64	93	1	-3
1042	175.087500	175.364583	G4	64	96	0	3
1043	175.087500	175.372917	C4	64	96	0	1
1044	175.087500	175.408333	D#4	64	102	0	4
1045	175.087500	175.447917	C3	64	102	1	-3
1046	176.587500	177.037500	C3	64	93	1	-3
1047	177.087500	177.652083	A#3	64	88	1	-3
1048	177.087500	177.652083	D#4	64	92	0	4
1049	177.087500	177.654167	C4	64	91	0	1
1050	177.087500	177.660417	G4	64	89	0	3
1051	177.337500	177.447917	G3	64	96	1	-1
1052	177.587500	177.870833	G3	64	107	1	-1
1053	177.837500	178.139583	D#4	64	96	0	4
1054	177.837500	178.145833	A#3	64	89	1	-3
1055	177.837500	178.150000	C4	64	96	0	1
1056	177.837500	178.160417	G4	64	88	0	3
1057	178.087500	178.464583	C3	64	102	1	-3
1058	178.337500	178.452083	A#3	64	87	1	-3
1059	178.337500	178.470833	C4	64	91	0	1
1060	178.337500	178.472917	G4	64	87	0	3
1061	178.337500	178.487500	D#4	64	91	0	4
1062	178.587500	179.110417	A#2	64	89	1	-5
1063	179.087500	179.575000	G#4	64	85	0	4
1064	179.087500	179.633333	D4	64	91	0	3
1065	179.087500	179.637500	A#3	64	86	1	-3
1066	179.087500	179.650000	F4	64	90	0	1
1067	179.337500	179.435417	F3	64	93	1	-3
1068	179.587500	179.877083	F3	64	92	1	-3
1069	179.837500	180.131250	G#4	64	88	0	4
1070	179.837500	180.156250	A#3	64	92	1	-3
1071	179.837500	180.166667	F4	64	96	0	1
1072	179.837500	180.175000	D4	64	102	0	3
1073	180.087500	180.204167	A#2	64	87	1	-5
1074	180.337500	180.491667	G#4	64	81	0	4
1075	180.337500	180.558333	F4	64	83	0	1
1076	180.337500	180.564583	D4	64	88	0	3
1077	180.337500	180.583333	A#3	64	86	1	-3
1078	180.587500	181.116667	D#2	64	100	1	-2
1079	181.087500	181.610417	G4	64	87	0	3
1080	181.087500	181.620833	A#3	64	85	1	-3
1081	181.087500	181.622917	D4	64	90	0	3
1082	181.087500	181.631250	D#4	64	90	0	4
1083	181.337500	181.427083	A#2	64	96	1	-5
1084	181.587500	181.893750	A#2	64	89	1	-5
1085	181.837500	182.133333	G4	64	87	0	3
1086	181.837500	182.164583	A#3	64	87	1	-3
1087	181.837500	182.187500	D4	64	89	0	3
1088	181.837500	182.189583	D#4	64	90	0	4
1089	182.087500	182.218750	D#2	64	91	1	-2
1090	182.337500	182.575000	A#3	64	81	1	-3
1091	182.337500	182.627083	D#4	64	87	0	4
1092	182.337500	182.635417	D4	64	87	0	3
1093	182.337500	182.639583	G4	64	87	0	3
1094	182.587500	183.072917	G#2	64	89	1	-2
1095	183.087500	183.652083	G4	64	90	0	3
1096	183.087500	183.664583	C4	64	88	0	1
1097	183.087500	183.677083	D#4	64	93	0	4
1098	183.337500	183.425000	G#3	64	87	1	-5
1099	183.587500	183.997917	G#3	64	95	1	-5
1100	183.837500	184.131250	G4	64	89	0	3
1101	183.837500	184.191667	C4	64	92	0	1
1102	183.837500	184.202083	D#4	64	94	0	4
1103	184.087500	184.518750	G#2	64	87	1	-2
1104	184.337500	184.556250	G4	64	88	0	3
1105	184.337500	184.583333	C4	64	91	0	1
1106	184.337500	184.587500	D#4	64	93	0	4
1107	184.587500	185.170833	F2	64	96	1	-5
1108	185.087500	185.622917	D#4	64	89	0	4
1109	185.087500	185.625000	C4	64	91	0	1
1110	185.087500	185.654167	G#3	64	85	1	-5
1111	185.337500	185.443750	C3	64	87	1	-3
1112	185.587500	185.908333	C3	64	89	1	-3
1113	185.837500	186.304167	G#3	64	88	1	-5
1114	185.837500	186.331250	C4	64	100	0	1
1115	185.837500	186.350000	D#4	64	92	0	4
1116	186.087500	186.343750	F2	64	91	1	-5
1117	186.587500	187.106250	G2	64	88	1	-3
1118	187.087500	187.618750	D4	64	87	0	3
1119	187.087500	187.625000	B3	64	86	1	-2
1120	187.087500	187.633333	G3	64	86	1	-1
1121	187.087500	187.645833	F4	64	87	0	1
1122	187.337500	187.431250	D3	64	93	1	-1
1123	187.587500	187.906250	D3	64	100	1	-1
1124	187.837500	188.158333	D4	64	89	0	3
1125	187.837500	188.200000	F4	64	91	0	1
1126	187.837500	188.222917	G3	64	91	1	-1
1127	187.837500	188.231250	B3	64	100	1	-2
1128	188.087500	188.472917	G2	64	88	1	-3
1129	188.337500	188.508333	D4	64	87	0	3
1130	188.337500	188.510417	G3	64	86	1	-1
1131	188.337500	188.529167	B3	64	87	1	-2
1132	188.337500	188.560417	F4	64	87	0	1
1133	188.587500	189.077083	C3	64	110	1	-3
1134	189.087500	189.637500	G4	64	88	0	3
1135	189.087500	189.679167	C4	64	88	0	1
1136	189.087500	189.689583	D#4	64	94	0	4
1137	189.337500	189.418750	G3	64	88	1	-1
1138	189.587500	189.850000	G3	64	96	1	-1
1139	189.837500	190.581250	C4	64	100	0	1
1140	189.837500	190.595833	D#4	64	108	0	4
1141	189.837500	190.595833	G4	64	98	0	3
1142	190.337500	190.556250	G3	64	90	1	-1
1143	190.587500	191.118750	C3	64	91	1	-3
1144	191.087500	191.852083	G4	64	91	0	3
1145	191.087500	191.875000	D#4	64	93	0	4
1146	191.087500	191.883333	C4	64	90	0	1
1147	191.337500	191.464583	C3	64	88	1	-3
1148	191.587500	191.689583	C3	64	88	1	-3
1149	191.837500	192.133333	C3	64	98	1	-3
1150	192.087500	192.425000	C4	64	89	0	1
1151	192.087500	192.560417	G4	64	91	0	3
1152	192.087500	192.575000	D#4	64	92	0	4
1153	192.587500	192.620833	C3	64	93	1	-3
1154	193.087500	193.652083	A#3	64	88	1	-3
1155	193.087500	193.652083	D#4	64	92	0	4
1156	193.087500	193.654167	C4	64	91	0	1
1157	193.087500	193.660417	G4	64	89	0	3
1158	193.337500	193.447917	G3	64	96	1	-1
1159	193.587500	193.870833	G3	64	107	1	-1
1160	193.837500	194.139583	D#4	64	96	0	4
1161	193.837500	194.145833	A#3	64	89	1	-3
1162	193.837500	194.150000	C4	64	96	0	1
1163	193.837500	194.160417	G4	64	88	0	3
1164	194.087500	194.464583	C3	64	102	1	-3
1165	194.337500	194.452083	A#3	64	87	1	-3
1166	194.337500	194.470833	C4	64	91	0	1
1167	194.337500	194.472917	G4	64	87	0	3
1168	194.337500	194.487500	D#4	64	91	0	4
1169	194.587500	195.110417	A#2	64	89	1	-5
1170	195.087500	195.575000	G#4	64	85	0	4
1171	195.087500	195.633333	D4	64	91	0	3
1172	195.087500	195.637500	A#3	64	86	1	-3
1173	195.087500	195.650000	F4	64	90	0	1
1174	195.337500	195.435417	F3	64	93	1	-3
1175	195.587500	195.877083	F3	64	92	1	-3
1176	195.837500	196.131250	G#4	64	88	0	4
1177	195.837500	196.156250	A#3	64	92	1	-3
1178	195.837500	196.166667	F4	64	96	0	1
1179	195.837500	196.175000	D4	64	102	0	3
1180	196.087500	196.204167	A#2	64	87	1	-5
1181	196.337500	196.491667	G#4	64	81	0	4
1182	196.337500	196.558333	F4	64	83	0	1
1183	196.337500	196.564583	D4	64	88	0	3
1184	196.337500	196.583333	A#3	64	86	1	-3
1185	196.587500	197.116667	D#2	64	100	1	-2
1186	197.087500	197.610417	G4	64	87	0	3
1187	197.087500	197.620833	A#3	64	85	1	-3
1188	197.087500	197.622917	D4	64	90	0	3
1189	197.087500	197.631250	D#4	64	90	0	4
1190	197.337500	197.427083	A#2	64	96	1	-5
1191	197.587500	197.893750	A#2	64	89	1	-5
1192	197.837500	198.133333	G4	64	87	0	3
1193	197.837500	198.164583	A#3	64	87	1	-3
1194	197.837500	198.187500	D4	64	89	0	3
1195	197.837500	198.189583	D#4	64	90	0	4
1196	198.087500	198.218750	D#2	64	91	1	-2
1197	198.337500	198.575000	A#3	64	81	1	-3
1198	198.337500	198.627083	D#4	64	87	0	4
1199	198.337500	198.635417	D4	64	87	0	3
1200	198.337500	198.639583	G4	64	87	0	3
1201	198.587500	199.072917	G#2	64	89	1	-2
1202	199.087500	199.652083	G4	64	90	0	3
1203	199.087500	199.664583	C4	64	88	0	1
1204	199.087500	199.677083	D#4	64	93	0	4
1205	199.337500	199.425000	G#3	64	87	1	-5
1206	199.587500	199.997917	G#3	64	95	1	-5
1207	199.837500	200.131250	G4	64	89	0	3
1208	199.837500	200.191667	C4	64	92	0	1
1209	199.837500	200.202083	D#4	64	94	0	4
1210	200.087500	200.518750	G#2	64	87	1	-2
1211	200.337500	200.556250	G4	64	88	0	3
1212	200.337500	200.583333	C4	64	91	0	1
1213	200.337500	200.587500	D#4	64	93	0	4
1214	200.587500	201.170833	F2	64	96	1	-5
1215	201.087500	201.622917	D#4	64	89	0	4
1216	201.087500	201.625000	C4	64	91	0	1
1217	201.087500	201.654167	G#3	64	85	1	-5
1218	201.337500	201.443750	C3	64	87	1	-3
1219	201.587500	201.908333	C3	64	89	1	-3
1220	201.837500	202.304167	G#3	64	88	1	-5
1221	201.837500	202.331250	C4	64	100	0	1
1222	201.837500	202.350000	D#4	64	92	0	4
1223	202.087500	202.343750	F2	64	91	1	-5
1224	202.587500	202.779167	D#4	64	96	0	4
1225	202.587500	202.789583	G2	64	96	1	-3
1226	202.587500	202.791667	B3	64	90	1	-2
1227	202.587500	202.793750	G3	64	88	1	-1
1228	203.087500	204.060417	B3	64	106	1	-2
1229	203.087500	204.072917	G3	64	98	1	-1
1230	203.087500	204.083333	D#4	64	108	0	4
1231	203.087500	204.139583	G2	64	108	1	-3
1232	204.587500	205.077083	C3	64	110	1	-3
1233	205.087500	205.637500	G4	64	88	0	3
1234	205.087500	205.679167	C4	64	88	0	1
1235	205.087500	205.689583	D#4	64	94	0	4
1236	205.337500	205.418750	G3	64	88	1	-1
1237	205.587500	205.850000	G3	64	96	1	-1
1238	205.837500	206.581250	C4	64	100	0	1
1239	205.837500	206.595833	D#4	64	108	0	4
1240	205.837500	206.595833	G4	64	98	0	3
1241	206.337500	206.556250	G3	64	90	1	-1
1242	206.587500	207.118750	C3	64	91	1	-3
1243	207.087500	207.852083	G4	64	91	0	3
1244	207.087500	207.875000	D#4	64	93	0	4
1245	207.087500	207.883333	C4	64	90	0	1
1246	207.337500	207.464583	C3	64	88	1	-3
1247	207.587500	207.689583	C3	64	88	1	-3
1248	207.837500	208.133333	C3	64	98	1	-3
1249	208.087500	208.425000	C4	64	89	0	1
1250	208.087500	208.560417	G4	64	91	0	3
1251	208.087500	208.575000	D#4	64	92	0	4
1252	208.337500	208.620833	C3	64	102	1	-3
