//Version: PianoFingering_v170101
0	0.554054	2.859794	A3	64	79	1	-4
1	0.959459	2.831078	D4	64	81	0	3
2	1.364864	2.871619	F4	64	67	0	1
3	1.770269	2.917227	D5	64	72	0	5
4	3.391889	4.532090	D3	64	90	1	-1
5	3.797294	4.771955	A3	64	81	1	-4
6	4.202699	4.626685	D4	64	91	0	3
7	4.608104	5.503373	F4	64	88	0	1
8	5.013509	6.104724	C3	64	85	1	-3
9	5.418914	6.094589	A3	64	77	1	-4
10	5.824319	6.256751	D4	64	88	0	3
11	6.229724	6.655399	E4	64	86	0	5
12	6.635129	7.905398	A#2	64	82	1	-5
13	7.040534	7.883438	F3	64	71	1	-3
14	7.445939	8.038843	A#3	64	77	1	-3
15	8.256749	9.505058	D3	64	86	1	-1
16	8.662154	9.584450	A3	64	71	1	-4
17	9.067559	9.506747	E4	64	87	0	5
18	9.472964	10.280395	F4	64	88	0	1
19	9.878369	11.057421	D3	64	85	1	-1
20	10.283774	11.094584	A3	64	80	1	-4
21	10.689179	11.124989	D4	64	84	0	3
22	11.094584	11.594583	F4	64	87	0	1
23	11.499989	12.721271	D3	64	82	1	-1
24	11.905394	13.131744	D4	64	69	0	3
25	12.310799	13.266879	F4	64	76	0	1
26	13.121609	15.809106	A2	64	81	1	-1
27	13.527014	15.780390	E3	64	70	1	-4
28	13.932419	15.935795	C4	64	82	0	1
29	14.337824	15.954376	E4	64	77	0	5
30	14.743229	15.842890	G4	64	78	0	3
31	16.364849	17.581064	D3	64	87	1	-1
32	16.770254	17.777009	A3	64	77	1	-4
33	17.175659	17.783766	D4	64	78	0	3
34	17.175659	17.783766	F4	64	84	0	1
35	17.783766	17.885117	D3	64	97	1	-1
36	17.986469	19.126670	D3	64	83	1	-1
37	18.391874	19.084440	A3	64	77	1	-4
38	18.797279	19.405386	D4	64	85	0	3
39	18.797279	19.405386	F4	64	87	0	1
40	19.608089	20.851331	F2	64	87	1	-5
41	20.013494	21.128357	F3	64	75	1	-3
42	20.418899	20.876668	F4	64	86	0	1
43	20.418899	21.229709	C4	64	84	0	1
44	21.027006	21.128357	F2	64	97	1	-5
45	21.229709	22.469572	G2	64	86	1	-3
46	21.635114	22.479707	D3	64	80	1	-1
47	22.040519	22.859774	A#3	64	83	1	-3
48	22.040519	22.905383	G4	64	84	0	3
49	22.851329	24.008422	A#2	64	83	1	-5
50	23.256734	23.959436	F3	64	71	1	-3
51	23.662139	23.996598	F4	64	79	0	1
52	23.662139	24.045584	D4	64	82	0	3
53	23.662139	24.081057	A#3	64	81	1	-3
54	24.270246	24.371597	A#2	64	97	1	-5
55	24.472949	25.684096	C3	64	90	1	-3
56	24.878354	25.684096	G3	64	75	1	-1
57	25.283759	26.033758	E4	64	84	0	5
58	25.283759	26.140177	C4	64	81	0	1
59	26.094569	28.236458	D3	64	85	1	-1
60	26.499974	28.206053	A3	64	80	1	-4
61	26.905379	27.209432	A4	64	97	0	5
62	26.905379	27.310784	E4	64	78	0	5
63	27.310784	28.410445	F4	64	77	0	1
64	27.716189	27.817540	D4	64	71	0	3
65	27.716189	28.359769	A4	64	69	0	5
66	27.817540	28.351323	D4	64	71	0	3
67	29.337809	29.741524	A4	64	107	0	5
68	29.337809	30.603010	D3	64	104	1	-1
69	29.743214	29.944227	A4	64	104	0	5
70	29.743214	30.619902	A3	64	83	1	-4
71	29.945916	30.148619	A4	64	93	0	5
72	30.148619	30.554024	C5	64	104	0	3
73	30.148619	30.572605	D4	64	88	0	3
74	30.554024	30.959429	A4	64	102	0	5
75	30.554024	31.353009	F4	64	93	0	1
76	30.959429	31.770239	G4	64	100	0	3
77	30.959429	32.124968	C3	64	86	1	-3
78	31.364834	32.101319	A3	64	80	1	-4
79	31.770239	32.175643	F4	64	98	0	1
80	31.770239	32.680711	C4	64	86	0	1
81	32.175643	32.581049	G4	64	108	0	3
82	32.581049	32.986454	F4	64	113	0	1
83	32.581049	35.315843	A#2	64	83	1	-5
84	32.986454	35.824289	D4	64	113	0	3
85	32.986454	35.275303	F3	64	76	1	-3
86	33.391859	35.309086	A#3	64	79	1	-3
87	33.797263	34.192533	E4	64	86	0	5
88	34.202669	35.907059	F4	64	82	0	1
89	34.202669	36.231383	D4	64	84	0	3
90	35.824289	36.228004	A4	64	114	0	5
91	35.824289	36.964490	D3	64	88	1	-1
92	36.229694	36.633409	A4	64	113	0	5
93	36.229694	36.979693	A3	64	73	1	-4
94	36.635099	37.040503	A4	64	114	0	5
95	36.635099	37.640165	D4	64	78	0	3
96	37.040503	37.445909	C5	64	108	0	3
97	37.040503	37.761787	F4	64	84	0	1
98	37.445909	37.851314	D5	64	116	0	5
99	37.445909	38.685772	A#2	64	85	1	-5
100	37.851314	38.662124	F5	64	113	0	3
101	37.851314	38.626651	A#3	64	71	1	-3
102	38.256719	38.704353	A#4	64	83	0	1
103	38.256719	39.091177	D4	64	82	0	3
104	38.662124	39.116515	D5	64	114	0	5
105	39.067529	39.472934	C5	64	108	0	3
106	39.067529	40.173946	A4	64	83	0	5
107	39.067529	40.295568	C4	64	83	0	1
108	39.067529	41.761783	A2	64	80	1	-1
109	39.472934	42.309079	A4	64	107	0	5
110	39.472934	41.760093	E3	64	64	1	-4
111	39.878339	41.856377	A3	64	77	1	-4
112	40.283744	40.667189	D4	64	77	0	3
113	40.689149	42.048944	E4	64	77	0	5
114	40.689149	42.054012	A4	64	73	0	5
115	40.689149	42.089485	C4	64	71	0	1
116	42.310769	42.716174	A4	64	114	0	5
117	42.310769	44.966171	D3	64	87	1	-1
118	42.716174	43.526984	D5	64	110	0	5
119	42.716174	44.966171	A3	64	77	1	-4
120	43.121579	45.371576	D4	64	78	0	3
121	43.526984	43.932389	F5	64	108	0	3
122	43.526984	45.908738	A4	64	81	0	5
123	43.932389	44.743199	D5	64	110	0	5
124	43.932389	45.886778	F4	64	82	0	1
125	44.743199	45.148604	C5	64	107	0	3
126	45.148604	45.554009	A4	64	96	0	5
127	45.554009	46.162116	F4	64	96	0	1
128	45.554009	46.690832	F2	64	84	1	-5
129	45.959414	47.197588	F3	64	71	1	-3
130	46.162116	46.364819	G4	64	100	0	3
131	46.364819	46.770224	A4	64	114	0	5
132	46.364819	46.787115	A3	64	67	1	-4
133	46.770224	47.173939	G4	64	100	0	3
134	46.770224	47.192520	F4	64	76	0	1
135	47.175629	48.795559	G4	64	107	0	3
136	47.175629	48.917181	C3	64	76	1	-3
137	47.581034	48.878330	G3	64	74	1	-1
138	47.986439	48.842857	C4	64	73	0	1
139	48.391844	48.795559	D4	64	76	0	3
140	48.797249	49.405356	G4	64	107	0	3
141	48.797249	49.979680	G2	64	83	1	-3
142	49.202654	50.069207	D3	64	79	1	-1
143	49.405356	49.608059	A4	64	104	0	5
144	49.608059	50.013464	C5	64	107	0	3
145	49.608059	50.123261	A#3	64	77	1	-3
146	50.013464	50.418869	A4	64	107	0	5
147	50.013464	50.787111	D4	64	66	0	3
148	50.418869	50.822584	G4	64	108	0	3
149	50.418869	51.665489	A2	64	78	1	-1
150	50.824274	51.050625	G4	64	96	0	3
151	50.824274	51.700962	E3	64	65	1	-4
152	51.026976	51.229679	A4	64	92	0	5
153	51.229679	51.653665	F4	64	100	0	1
154	51.229679	51.765151	C4	64	78	0	1
155	51.635084	51.861435	G4	64	87	0	3
156	51.635084	52.356367	E4	64	71	0	5
157	51.837786	52.040489	F4	64	91	0	1
158	52.040489	55.283729	D4	64	94	0	3
159	52.040489	54.653662	D3	64	86	1	-1
160	52.445894	54.635081	A3	64	72	1	-4
161	52.851299	54.545554	D4	64	77	0	3
162	53.256704	53.618190	G4	64	70	0	3
163	53.662109	54.645216	F4	64	76	0	1
164	55.283729	55.687444	A4	64	107	0	5
165	55.283729	56.548930	D3	64	104	1	-1
166	55.689134	55.890147	A4	64	104	0	5
167	55.689134	56.565822	A3	64	83	1	-4
168	55.891836	56.094539	A4	64	93	0	5
169	56.094539	56.499944	C5	64	104	0	3
170	56.094539	56.518525	D4	64	88	0	3
171	56.499944	56.905349	A4	64	102	0	5
172	56.499944	57.298929	F4	64	93	0	1
173	56.905349	57.716159	G4	64	100	0	3
174	56.905349	58.070888	C3	64	86	1	-3
175	57.310754	58.047239	A3	64	80	1	-4
176	57.716159	58.121564	F4	64	98	0	1
177	57.716159	58.626631	C4	64	86	0	1
178	58.121564	58.526969	G4	64	108	0	3
179	58.526969	58.932374	F4	64	113	0	1
180	58.526969	61.261763	A#2	64	83	1	-5
181	58.932374	61.770209	D4	64	113	0	3
182	58.932374	61.221223	F3	64	76	1	-3
183	59.337779	61.255006	A#3	64	79	1	-3
184	59.743184	60.138453	E4	64	86	0	5
185	60.148589	61.852979	F4	64	82	0	1
186	60.148589	62.177303	D4	64	84	0	3
187	61.770209	62.173924	A4	64	114	0	5
188	61.770209	62.910410	D3	64	88	1	-1
189	62.175614	62.579329	A4	64	113	0	5
190	62.175614	62.925613	A3	64	73	1	-4
191	62.581019	62.986424	A4	64	114	0	5
192	62.581019	63.586085	D4	64	78	0	3
193	62.986424	63.391829	C5	64	108	0	3
194	62.986424	63.707707	F4	64	84	0	1
195	63.391829	63.797234	D5	64	116	0	5
196	63.391829	64.631692	A#2	64	85	1	-5
197	63.797234	64.608044	F5	64	113	0	3
198	63.797234	64.572571	A#3	64	71	1	-3
199	64.202639	64.650273	A#4	64	83	0	1
200	64.202639	65.037097	D4	64	82	0	3
201	64.608044	65.062435	D5	64	114	0	5
202	65.013449	65.418854	C5	64	108	0	3
203	65.013449	66.119866	A4	64	83	0	5
204	65.013449	66.241488	C4	64	83	0	1
205	65.013449	67.707703	A2	64	80	1	-1
206	65.418854	68.254999	A4	64	107	0	5
207	65.418854	67.706013	E3	64	64	1	-4
208	65.824258	67.802297	A3	64	77	1	-4
209	66.229664	66.613109	D4	64	77	0	3
210	66.635069	67.994864	E4	64	77	0	5
211	66.635069	67.999932	A4	64	73	0	5
212	66.635069	68.035405	C4	64	71	0	1
213	68.256689	68.662094	A4	64	114	0	5
214	68.256689	70.912091	D3	64	87	1	-1
215	68.662094	69.472904	D5	64	110	0	5
216	68.662094	70.912091	A3	64	77	1	-4
217	69.067498	71.317496	D4	64	78	0	3
218	69.472904	69.878309	F5	64	108	0	3
219	69.472904	71.854658	A4	64	81	0	5
220	69.878309	70.689119	D5	64	110	0	5
221	69.878309	71.832698	F4	64	82	0	1
222	70.689119	71.094524	C5	64	107	0	3
223	71.094524	71.499929	A4	64	96	0	5
224	71.499929	72.108036	F4	64	96	0	1
225	71.499929	72.636752	F2	64	84	1	-5
226	71.905334	73.143508	F3	64	71	1	-3
227	72.108036	72.310738	G4	64	100	0	3
228	72.310738	72.716144	A4	64	114	0	5
229	72.310738	72.733035	A3	64	67	1	-4
230	72.716144	73.119859	G4	64	100	0	3
231	72.716144	73.138440	F4	64	76	0	1
232	73.121549	74.741479	G4	64	107	0	3
233	73.121549	74.863101	C3	64	76	1	-3
234	73.526954	74.824250	G3	64	74	1	-1
235	73.932359	74.788777	C4	64	73	0	1
236	74.337764	74.741479	D4	64	76	0	3
237	74.743169	75.351276	G4	64	107	0	3
238	74.743169	75.925600	G2	64	83	1	-3
239	75.148574	76.015127	D3	64	79	1	-1
240	75.351276	75.553979	A4	64	104	0	5
241	75.553979	75.959384	C5	64	107	0	3
242	75.553979	76.069181	A#3	64	77	1	-3
243	75.959384	76.364789	A4	64	107	0	5
244	75.959384	76.733031	D4	64	66	0	3
245	76.364789	76.768504	G4	64	108	0	3
246	76.364789	77.611409	A2	64	78	1	-1
247	76.770194	76.996545	G4	64	96	0	3
248	76.770194	77.646882	E3	64	65	1	-4
249	76.972896	77.175599	A4	64	92	0	5
250	77.175599	77.599585	F4	64	100	0	1
251	77.175599	77.711071	C4	64	78	0	1
252	77.581004	77.807355	G4	64	87	0	3
253	77.581004	78.302287	E4	64	71	0	5
254	77.783706	77.986409	F4	64	91	0	1
255	77.986409	81.229649	D4	64	94	0	3
256	77.986409	80.599582	D3	64	86	1	-1
257	78.391814	80.581001	A3	64	72	1	-4
258	78.797219	80.491474	D4	64	77	0	3
259	79.202624	79.564110	G4	64	70	0	3
260	79.608029	80.591136	F4	64	76	0	1
261	81.229649	81.836067	D5	64	116	0	5
262	81.229649	81.484716	F5	64	87	0	3
263	81.229649	81.694175	A4	64	87	0	5
264	81.229649	81.746540	D4	64	86	0	3
265	81.229649	81.761743	F4	64	86	0	1
266	81.229649	82.243161	D3	64	87	1	-1
267	81.635054	82.445864	A3	64	38	1	-4
268	81.837756	82.445864	D5	64	116	0	5
269	82.040459	82.511742	A4	64	87	0	5
270	82.040459	82.542147	D4	64	87	0	3
271	82.040459	82.579309	F4	64	88	0	1
272	82.445864	82.851269	A4	64	98	0	5
273	82.445864	83.662079	D3	64	100	1	-1
274	82.851269	83.256674	C5	64	104	0	3
275	82.851269	83.249917	A4	64	87	0	5
276	82.851269	83.307349	D4	64	86	0	3
277	82.851269	83.319173	F4	64	87	0	1
278	83.256674	83.662079	D5	64	110	0	5
279	83.256674	83.991470	A3	64	64	1	-4
280	83.662079	84.067484	G5	64	114	0	5
281	83.662079	83.864781	F4	64	91	0	1
282	83.662079	83.945862	A4	64	89	0	5
283	83.662079	83.964443	D4	64	89	0	3
284	84.067484	84.472889	F5	64	108	0	3
285	84.067484	84.270186	F4	64	97	0	1
286	84.067484	84.472889	D3	64	100	1	-1
287	84.270186	84.472889	A4	64	97	0	5
288	84.472889	87.714439	D5	64	108	0	5
289	84.472889	85.040456	A4	64	88	0	5
290	84.472889	85.069172	F4	64	89	0	1
291	84.472889	85.074239	D4	64	87	0	3
292	84.472889	86.499914	A#2	64	83	1	-5
293	84.878294	87.280318	A#3	64	42	1	-3
294	85.283699	85.837752	A4	64	86	0	5
295	85.283699	85.898563	F4	64	84	0	1
296	85.283699	85.900252	D4	64	84	0	3
297	86.094509	86.599576	A4	64	87	0	5
298	86.094509	86.689103	F4	64	84	0	1
299	86.094509	86.692481	D4	64	85	0	3
300	86.905319	87.158697	A4	64	85	0	5
301	86.905319	87.209372	F4	64	85	0	1
302	86.905319	87.403629	D4	64	83	0	3
303	87.310724	87.412075	F4	64	97	0	1
304	87.310724	87.716129	A#2	64	100	1	-5
305	87.513426	87.614777	A4	64	97	0	5
306	87.716129	88.322547	D5	64	104	0	5
307	87.716129	88.138425	A4	64	87	0	5
308	87.716129	88.194169	D4	64	87	0	3
309	87.716129	88.199236	F4	64	88	0	1
310	87.716129	88.729641	D3	64	76	1	-1
311	88.121534	88.883357	A3	64	58	1	-4
312	88.324236	88.525249	D5	64	96	0	5
313	88.526939	88.932344	D5	64	102	0	5
314	88.526939	88.994843	A4	64	88	0	5
315	88.526939	89.008357	D4	64	88	0	3
316	88.526939	89.032006	F4	64	89	0	1
317	88.932344	89.337749	F5	64	113	0	3
318	88.932344	90.148559	D3	64	80	1	-1
319	89.337749	89.741464	D5	64	110	0	5
320	89.337749	89.805653	A4	64	83	0	5
321	89.337749	89.962748	F4	64	80	0	1
322	89.337749	89.966126	D4	64	77	0	3
323	89.743154	90.148559	D5	64	113	0	5
324	90.148559	90.553964	C5	64	107	0	3
325	90.148559	90.553964	D4	64	85	0	3
326	90.148559	90.553964	F4	64	83	0	1
327	90.148559	90.553964	A4	64	85	0	5
328	90.553964	90.959369	D5	64	110	0	5
329	90.553964	90.655315	D4	64	97	0	3
330	90.553964	90.858017	D3	64	100	1	-1
331	90.756666	90.858017	F4	64	97	0	1
332	90.959369	91.212747	A4	64	98	0	5
333	90.959369	91.537071	A4	64	85	0	5
334	90.959369	91.553963	E4	64	87	0	5
335	90.959369	91.596192	C4	64	82	0	1
336	90.959369	92.021867	A3	64	73	1	-4
337	90.959369	92.330989	A2	64	74	1	-1
338	91.162071	91.364774	C5	64	88	0	3
339	91.364774	94.200919	A4	64	89	0	5
340	91.770179	92.303962	A4	64	86	0	5
341	91.770179	92.420516	C4	64	82	0	1
342	91.770179	92.427272	E4	64	86	0	5
343	92.175584	92.624907	A3	64	70	1	-4
344	92.580989	93.199231	A4	64	86	0	5
345	92.580989	93.209366	C4	64	81	0	1
346	92.580989	93.226258	E4	64	86	0	5
347	92.580989	93.790447	A2	64	77	1	-1
348	92.986394	93.788758	E3	64	66	1	-4
349	93.189096	94.199230	A3	64	80	1	-4
350	93.391799	93.697541	C4	64	81	0	1
351	93.594501	93.888420	E4	64	86	0	5
352	93.797204	94.670513	A4	64	87	0	5
353	94.202609	94.608014	A4	64	114	0	5
354	94.202609	94.751594	F4	64	87	0	1
355	94.202609	94.766797	D4	64	84	0	3
356	94.202609	95.418824	D3	64	82	1	-1
357	94.608014	95.418824	D5	64	113	0	5
358	95.013419	95.469499	A4	64	86	0	5
359	95.013419	95.488080	F4	64	86	0	1
360	95.013419	95.489769	D4	64	85	0	3
361	95.418824	95.824229	F5	64	110	0	3
362	95.418824	95.925580	A3	64	50	1	-4
363	95.418824	96.432336	D3	64	100	1	-1
364	95.824229	96.229634	D5	64	110	0	5
365	95.824229	96.265106	A4	64	84	0	5
366	95.824229	96.302269	F4	64	83	0	1
367	95.824229	96.309025	D4	64	82	0	3
368	96.229634	96.462741	F5	64	87	0	3
369	96.229634	96.942471	A3	64	54	1	-4
370	96.432336	96.660376	D5	64	84	0	5
371	96.635039	97.040444	C5	64	89	0	3
372	96.635039	96.928957	A4	64	87	0	5
373	96.635039	96.939092	D4	64	88	0	3
374	96.635039	96.950917	F4	64	87	0	1
375	97.040444	97.249903	A4	64	102	0	5
376	97.040444	97.141795	D4	64	97	0	3
377	97.040444	97.445849	D3	64	100	1	-1
378	97.243146	97.452605	G4	64	87	0	3
379	97.243146	97.344497	F4	64	97	0	1
380	97.445849	98.053956	F4	64	98	0	1
381	97.445849	97.940780	A4	64	83	0	5
382	97.445849	97.947537	F4	64	81	0	1
383	97.445849	97.952605	C4	64	78	0	1
384	97.445849	98.864766	F2	64	84	1	-5
385	97.851254	98.391794	F3	64	64	1	-3
386	98.053956	98.310713	G4	64	88	0	3
387	98.256659	98.662064	A4	64	100	0	5
388	98.256659	98.795509	C4	64	83	0	1
389	98.256659	98.800577	A4	64	84	0	5
390	98.256659	98.874901	F4	64	82	0	1
391	98.662064	99.065779	G4	64	100	0	3
392	99.067469	100.687399	G4	64	107	0	3
393	99.067469	99.445847	G4	64	78	0	3
394	99.067469	99.511725	E4	64	86	0	5
395	99.067469	99.531995	C4	64	82	0	1
396	99.067469	100.080981	C3	64	78	1	-3
397	99.472874	100.254967	G3	64	46	1	-1
398	99.878279	100.309021	C4	64	85	0	1
399	99.878279	100.312400	G4	64	86	0	3
400	99.878279	100.319156	E4	64	86	0	5
401	100.283684	100.689089	C3	64	100	1	-3
402	100.689089	101.297196	G4	64	107	0	3
403	100.689089	101.126588	G4	64	89	0	3
404	100.689089	101.324223	A#3	64	87	1	-3
405	100.689089	102.310709	G2	64	82	1	-3
406	101.094494	101.616452	D3	64	65	1	-1
407	101.297196	101.499899	A4	64	102	0	5
408	101.499899	101.905304	C5	64	102	0	3
409	101.499899	101.961047	A#3	64	86	1	-3
410	101.499899	102.087736	G4	64	89	0	3
411	101.905304	102.310709	A4	64	108	0	5
412	101.905304	102.156992	D3	64	73	1	-1
413	102.310709	102.714424	G4	64	108	0	3
414	102.310709	102.809019	E4	64	85	0	5
415	102.310709	102.822532	C4	64	79	0	1
416	102.310709	102.847870	G4	64	79	0	3
417	102.310709	103.080978	C3	64	84	1	-3
418	102.716114	102.918816	G4	64	85	0	3
419	102.918816	103.128275	A4	64	86	0	5
420	103.121519	103.526924	F4	64	88	0	1
421	103.121519	103.425572	C4	64	83	0	1
422	103.121519	103.643477	G4	64	79	0	3
423	103.121519	103.714423	A3	64	83	1	-4
424	103.121519	103.827599	A2	64	77	1	-1
425	103.526924	103.729626	G4	64	89	0	3
426	103.526924	103.729626	C4	64	85	0	1
427	103.729626	103.937396	F4	64	84	0	1
428	103.729626	103.932329	E4	64	90	0	5
429	103.932329	107.175569	D4	64	89	0	3
430	103.932329	104.322531	A3	64	80	1	-4
431	103.932329	104.450909	D4	64	83	0	3
432	103.932329	104.656990	F4	64	87	0	1
433	103.932329	104.945841	D3	64	88	1	-1
434	104.743139	105.253273	F4	64	87	0	1
435	104.743139	105.283679	D4	64	88	0	3
436	105.148544	105.869827	A3	64	38	1	-4
437	105.148544	106.567461	D3	64	82	1	-1
438	105.553949	106.241448	F4	64	86	0	1
439	105.553949	106.244826	D4	64	86	0	3
440	106.162056	106.917123	A3	64	73	1	-4
441	106.364759	106.629961	D4	64	88	0	3
442	106.567461	106.822528	E4	64	87	0	5
443	106.770164	106.972866	D3	64	90	1	-1
444	106.770164	107.672190	F4	64	87	0	1
445	107.175569	107.781987	D5	64	116	0	5
446	107.175569	107.667122	A4	64	86	0	5
447	107.175569	107.702595	D4	64	84	0	3
448	107.175569	109.744823	D3	64	85	1	-1
449	107.580974	108.184013	A3	64	75	1	-4
450	107.783676	108.391784	D5	64	116	0	5
451	107.986379	108.412054	A4	64	84	0	5
452	107.986379	108.449216	F4	64	85	0	1
453	107.986379	108.450905	D4	64	86	0	3
454	108.391784	108.797189	A4	64	98	0	5
455	108.391784	108.888405	A3	64	79	1	-4
456	108.797189	109.202594	C5	64	104	0	3
457	108.797189	109.256648	A4	64	86	0	5
458	108.797189	109.287053	D4	64	86	0	3
459	108.797189	109.297188	F4	64	86	0	1
460	109.202594	109.607999	D5	64	110	0	5
461	109.202594	109.736377	A3	64	78	1	-4
462	109.607999	110.013404	G5	64	114	0	5
463	109.607999	110.013404	D4	64	87	0	3
464	109.607999	110.129957	A4	64	87	0	5
465	110.013404	110.418809	F5	64	108	0	3
466	110.013404	110.114755	D4	64	97	0	3
467	110.013404	110.418809	C3	64	84	1	-3
468	110.216106	110.317457	F4	64	97	0	1
469	110.418809	113.660359	D5	64	108	0	5
470	110.418809	110.912051	A4	64	89	0	5
471	110.418809	110.952592	D4	64	88	0	3
472	110.418809	111.650226	A#2	64	84	1	-5
473	110.824214	111.312389	A#3	64	75	1	-3
474	111.229619	111.922185	D4	64	89	0	3
475	111.229619	111.939077	A4	64	88	0	5
476	111.635024	112.091104	A#3	64	78	1	-3
477	112.040429	112.658671	A4	64	89	0	5
478	112.040429	112.690766	D4	64	89	0	3
479	112.040429	113.288738	A#2	64	78	1	-5
480	112.648536	113.023536	F3	64	74	1	-3
481	112.851239	113.256644	D4	64	92	0	3
482	112.851239	113.408670	A4	64	94	0	5
483	113.256644	113.364752	A#3	64	77	1	-3
484	113.459346	113.560697	D4	64	97	0	3
485	113.662049	114.268467	D5	64	104	0	5
486	113.662049	114.121508	A4	64	87	0	5
487	113.662049	114.185697	D4	64	86	0	3
488	113.662049	114.187386	F4	64	87	0	1
489	113.662049	114.675561	D3	64	82	1	-1
490	114.067454	115.374885	A3	64	52	1	-4
491	114.270156	114.471169	D5	64	96	0	5
492	114.472859	114.878264	D5	64	102	0	5
493	114.472859	114.937385	A4	64	88	0	5
494	114.472859	114.977926	D4	64	87	0	3
495	114.472859	114.994817	F4	64	88	0	1
496	114.878264	115.283669	F5	64	113	0	3
497	114.878264	115.891776	D3	64	89	1	-1
498	115.283669	115.687384	D5	64	110	0	5
499	115.283669	115.746506	A4	64	84	0	5
500	115.283669	115.765087	D4	64	86	0	3
501	115.283669	115.790425	F4	64	85	0	1
502	115.689074	116.094479	D5	64	113	0	5
503	115.689074	116.260019	A3	64	64	1	-4
504	116.094479	116.499884	C5	64	107	0	3
505	116.094479	116.499884	D4	64	87	0	3
506	116.094479	116.601235	F4	64	88	0	1
507	116.094479	116.651910	A4	64	87	0	5
508	116.499884	116.905289	D5	64	110	0	5
509	116.499884	116.601235	D4	64	97	0	3
510	116.499884	116.702586	D3	64	86	1	-1
511	116.702586	116.803937	F4	64	97	0	1
512	116.905289	117.158667	A4	64	98	0	5
513	116.905289	117.455964	A4	64	88	0	5
514	116.905289	117.513396	E4	64	87	0	5
515	116.905289	117.523531	C4	64	87	0	1
516	116.905289	118.263395	A2	64	81	1	-1
517	117.107991	117.310694	C5	64	88	0	3
518	117.310694	120.146839	A4	64	89	0	5
519	117.716099	118.300557	A4	64	87	0	5
520	117.716099	118.378260	C4	64	86	0	1
521	117.716099	118.471165	E4	64	89	0	5
522	118.121504	118.650219	E3	64	76	1	-4
523	118.526909	119.126570	C4	64	84	0	1
524	118.526909	119.140084	A4	64	87	0	5
525	118.526909	119.143462	E4	64	86	0	5
526	118.526909	119.945826	A2	64	71	1	-1
527	119.135016	119.450894	E3	64	71	1	-4
528	119.337719	119.743124	E4	64	92	0	5
529	119.337719	119.825894	C4	64	88	0	1
530	119.337719	119.966096	A4	64	89	0	5
531	119.743124	119.844475	E4	64	97	0	5
532	119.743124	119.854610	E3	64	72	1	-4
533	119.945826	120.047177	C4	64	97	0	1
534	120.148529	120.553934	A4	64	114	0	5
535	120.148529	120.591096	A4	64	86	0	5
536	120.148529	120.592785	F4	64	89	0	1
537	120.148529	120.619812	D4	64	87	0	3
538	120.148529	121.450892	D3	64	84	1	-1
539	120.553934	121.364744	D5	64	113	0	5
540	120.553934	121.042109	A3	64	68	1	-4
541	120.959339	121.511703	A4	64	87	0	5
542	120.959339	121.655284	D4	64	88	0	3
543	121.162041	121.628257	A3	64	68	1	-4
544	121.364744	121.770149	F5	64	110	0	3
545	121.567446	122.249878	A4	64	91	0	5
546	121.770149	122.175554	D5	64	110	0	5
547	121.770149	122.307310	D4	64	84	0	3
548	121.770149	122.793796	D3	64	80	1	-1
549	122.175554	122.408661	F5	64	87	0	3
550	122.175554	122.778593	A3	64	75	1	-4
551	122.378256	122.606296	D5	64	84	0	5
552	122.378256	122.504945	D4	64	40	0	3
553	122.580959	122.986364	C5	64	89	0	3
554	122.580959	122.915418	A4	64	78	0	5
555	122.580959	123.053931	C4	64	88	0	1
556	122.986364	123.195823	A4	64	102	0	5
557	122.986364	123.385012	D4	64	87	0	3
558	123.189066	123.398525	G4	64	87	0	3
559	123.391769	123.999876	F4	64	98	0	1
560	123.391769	123.888390	F4	64	84	0	1
561	123.391769	123.898525	A4	64	80	0	5
562	123.391769	123.993119	C4	64	85	0	1
563	123.391769	124.606294	F2	64	83	1	-5
564	123.797174	124.248187	F3	64	63	1	-3
565	123.999876	124.256633	G4	64	88	0	3
566	124.202579	124.607984	A4	64	100	0	5
567	124.202579	124.815754	A4	64	86	0	5
568	124.202579	124.856294	C4	64	86	0	1
569	124.202579	124.910348	F4	64	86	0	1
570	124.607984	125.011699	G4	64	100	0	3
571	124.607984	125.037037	F3	64	81	1	-3
572	125.013389	126.633319	G4	64	107	0	3
573	125.013389	125.491429	G4	64	79	0	3
574	125.013389	125.562374	E4	64	89	0	5
575	125.013389	125.569131	C4	64	82	0	1
576	125.013389	126.635009	C3	64	76	1	-3
577	125.418794	126.251563	G3	64	67	1	-1
578	125.824199	126.229604	C4	64	84	0	1
579	125.824199	126.246495	G4	64	85	0	3
580	125.824199	126.280279	E4	64	88	0	5
581	126.229604	126.330955	C4	64	97	0	1
582	126.432306	126.533657	E4	64	97	0	5
583	126.635009	127.243116	G4	64	107	0	3
584	126.635009	127.067441	G4	64	84	0	3
585	126.635009	127.074197	D4	64	88	0	3
586	126.635009	127.162035	A#3	64	93	1	-3
587	126.635009	127.878251	G2	64	81	1	-3
588	127.040414	127.476224	G3	64	42	1	-1
589	127.243116	127.445819	A4	64	102	0	5
590	127.445819	127.851224	C5	64	102	0	3
591	127.445819	127.824197	A#3	64	86	1	-3
592	127.445819	127.836021	G4	64	89	0	3
593	127.445819	127.891764	D4	64	91	0	3
594	127.851224	128.256629	A4	64	108	0	5
595	127.851224	128.227912	G3	64	82	1	-1
596	128.256629	128.660344	G4	64	108	0	3
597	128.256629	128.770142	G4	64	87	0	3
598	128.256629	128.863047	C4	64	86	0	1
599	128.256629	129.510006	A2	64	79	1	-1
600	128.662034	128.864736	G4	64	85	0	3
601	128.662034	129.150209	E3	64	71	1	-4
602	128.864736	129.074195	A4	64	86	0	5
603	129.067439	129.472844	F4	64	88	0	1
604	129.067439	129.472844	G4	64	89	0	3
605	129.067439	129.592776	C4	64	86	0	1
606	129.472844	129.675546	G4	64	89	0	3
607	129.472844	129.601222	E3	64	75	1	-4
608	129.675546	129.883316	F4	64	84	0	1
609	129.675546	129.776897	A3	64	97	1	-4
610	129.878249	133.121488	D4	64	89	0	3
611	129.878249	130.464397	A4	64	87	0	5
612	129.878249	130.570815	D4	64	81	0	3
613	129.878249	131.114734	D3	64	76	1	-1
614	130.283654	130.770139	A3	64	60	1	-4
615	130.689059	131.310680	D4	64	83	0	3
616	130.689059	131.457639	G4	64	88	0	3
617	131.094464	131.511693	A3	64	64	1	-4
618	131.499869	132.310679	D3	64	74	1	-1
619	131.499869	132.471151	F4	64	84	0	1
620	132.310679	132.466084	D4	64	83	0	3
621	132.310679	132.618111	A4	64	82	0	5
622	132.716084	133.121488	D3	64	81	1	-1
623	133.121488	133.729596	G4	64	104	0	3
624	133.121488	133.768447	G4	64	85	0	3
625	133.121488	133.856285	A#3	64	84	1	-3
626	133.121488	134.135001	G2	64	73	1	-3
627	133.729596	133.971150	F4	64	108	0	1
628	133.932299	134.337704	G4	64	108	0	3
629	133.932299	134.337704	A#3	64	84	1	-3
630	133.932299	134.425541	G4	64	86	0	3
631	134.337704	134.743109	A4	64	108	0	5
632	134.337704	134.540406	G2	64	100	1	-3
633	134.743109	135.146824	C5	64	110	0	3
634	134.743109	135.324189	G4	64	87	0	3
635	134.743109	135.403581	C4	64	83	0	1
636	134.743109	136.162026	A2	64	77	1	-1
637	135.148514	135.553919	C5	64	108	0	3
638	135.553919	135.959324	A4	64	96	0	5
639	135.553919	136.109661	C4	64	86	0	1
640	135.553919	136.317431	G4	64	89	0	3
641	135.959324	136.364729	C5	64	104	0	3
642	136.364729	139.607968	D5	64	110	0	5
643	136.364729	137.113039	D4	64	83	0	3
644	136.364729	137.114728	A4	64	87	0	5
645	136.364729	137.650200	D3	64	74	1	-1
646	136.770134	137.317430	A3	64	66	1	-4
647	137.175539	137.937362	G4	64	87	0	3
648	137.175539	138.653578	D4	64	80	0	3
649	137.580944	138.033646	A3	64	69	1	-4
650	137.986349	138.643442	F4	64	86	0	1
651	137.986349	139.513374	D3	64	81	1	-1
652	138.797159	139.430604	D4	64	79	0	3
653	138.797159	139.449185	F4	64	84	0	1
654	139.607968	140.748170	D3	64	90	1	-1
655	140.013374	140.988035	A3	64	81	1	-4
656	140.418779	140.842765	D4	64	91	0	3
657	140.824184	141.719453	F4	64	88	0	1
658	141.229589	142.320804	C3	64	85	1	-3
659	141.634994	142.310669	A3	64	77	1	-4
660	142.040399	142.472831	D4	64	88	0	3
661	142.445804	142.871479	E4	64	86	0	5
662	142.851209	144.121478	A#2	64	82	1	-5
663	143.256614	144.099518	F3	64	71	1	-3
664	143.662019	144.254923	A#3	64	77	1	-3
665	144.472829	145.721138	D3	64	86	1	-1
666	144.878234	145.800530	A3	64	71	1	-4
667	145.283639	145.722827	E4	64	87	0	5
668	145.689044	146.496475	F4	64	88	0	1
669	146.094449	147.273501	D3	64	85	1	-1
670	146.499854	147.310664	A3	64	80	1	-4
671	146.905259	147.341069	D4	64	84	0	3
672	147.310664	147.810663	F4	64	87	0	1
673	147.716069	148.937351	D3	64	82	1	-1
674	148.121474	149.347824	D4	64	69	0	3
675	148.526879	149.482959	F4	64	76	0	1
676	149.337689	152.025186	A2	64	81	1	-1
677	149.743094	151.996470	E3	64	70	1	-4
678	150.148499	152.151875	C4	64	82	0	1
679	150.553904	152.170456	E4	64	77	0	5
680	150.959309	152.058970	G4	64	78	0	3
681	152.580929	153.202550	A4	64	89	0	5
682	152.580929	153.281941	F4	64	91	0	1
683	152.580929	153.288698	D4	64	88	0	3
684	152.580929	155.153561	D3	64	89	1	-1
685	152.986334	153.302212	A3	64	65	1	-4
686	153.391739	153.901873	A4	64	88	0	5
687	153.391739	153.920454	D4	64	88	0	3
688	153.391739	153.923833	F4	64	88	0	1
689	153.797144	154.488021	A3	64	42	1	-4
690	153.999846	154.096130	F4	64	85	0	1
691	153.999846	154.107954	D4	64	84	0	3
692	153.999846	154.107954	A4	64	84	0	5
693	154.405251	154.835994	A4	64	81	0	5
694	154.405251	154.847818	D4	64	83	0	3
695	154.405251	154.866399	F4	64	85	0	1
696	154.810656	155.199169	A3	64	65	1	-4
697	155.013359	155.460993	D4	64	92	0	3
698	155.013359	155.694101	A4	64	91	0	5
699	155.013359	155.732952	F4	64	94	0	1
700	155.418764	155.479574	D3	64	80	1	-1
701	155.824169	156.482952	A4	64	89	0	5
702	155.824169	156.498154	C4	64	89	0	1
703	155.824169	156.526871	F4	64	94	0	1
704	155.824169	157.082613	F2	64	88	1	-5
705	156.432276	156.783627	F3	64	67	1	-3
706	156.634979	157.270113	A4	64	93	0	5
707	156.634979	157.310654	C4	64	91	0	1
708	156.634979	157.330924	F4	64	100	0	1
709	157.040384	157.352883	F3	64	84	1	-3
710	157.445789	158.187342	E4	64	98	0	5
711	157.445789	158.199166	G4	64	93	0	3
712	157.445789	158.205923	C4	64	90	0	1
713	157.445789	158.803895	C3	64	86	1	-3
714	158.053896	158.319098	G3	64	77	1	-1
715	158.256599	158.856260	E4	64	102	0	5
716	158.256599	158.874841	G4	64	96	0	3
717	158.256599	158.893422	C4	64	91	0	1
718	158.662004	158.754909	G3	64	83	1	-1
719	159.067409	159.618084	G4	64	98	0	3
720	159.067409	159.675516	D4	64	96	0	3
721	159.067409	159.748151	A#3	64	88	1	-3
722	159.067409	160.383286	G2	64	86	1	-3
723	159.675516	159.954232	G3	64	74	1	-1
724	159.878219	160.239705	A#3	64	89	1	-3
725	159.878219	160.339367	G4	64	108	0	3
726	159.878219	160.655245	D4	64	96	0	3
727	160.283624	160.665380	G3	64	69	1	-1
728	160.689029	161.210987	A4	64	87	0	5
729	160.689029	161.229569	C4	64	86	0	1
730	160.689029	161.229569	E4	64	91	0	5
731	160.689029	162.177203	A2	64	82	1	-1
732	161.297136	161.754906	A4	64	86	0	5
733	161.297136	161.783622	C4	64	85	0	1
734	161.297136	161.795446	E4	64	88	0	5
735	161.702541	161.955919	E3	64	80	1	-4
736	161.905244	162.192405	A4	64	90	0	5
737	161.905244	162.199162	C4	64	91	0	1
738	161.905244	162.248149	E4	64	94	0	5
739	162.310649	162.988013	F4	64	89	0	1
740	162.310649	163.040378	A4	64	88	0	5
741	162.310649	163.091053	D4	64	92	0	3
742	162.310649	164.347809	D3	64	71	1	-1
743	163.121459	164.523484	A4	64	84	0	5
744	163.121459	164.526863	F4	64	85	0	1
745	163.121459	164.589362	D4	64	80	0	3
746	164.743079	165.016727	D4	64	88	0	3
747	164.945781	165.555578	F4	64	86	0	1
748	165.148484	165.486321	D4	64	78	0	3
749	165.148484	165.555578	A4	64	92	0	5
750	165.553889	165.957604	A4	64	107	0	5
751	165.553889	165.575848	D3	64	104	1	-1
752	165.959294	166.160307	A4	64	104	0	5
753	165.959294	166.835982	A3	64	83	1	-4
754	166.161996	166.364699	A4	64	93	0	5
755	166.364699	166.770104	C5	64	104	0	3
756	166.364699	166.788685	D4	64	88	0	3
757	166.770104	167.175509	A4	64	102	0	5
758	166.770104	167.569089	F4	64	93	0	1
759	167.175509	167.986319	G4	64	100	0	3
760	167.175509	168.341048	C3	64	86	1	-3
761	167.580914	168.317399	A3	64	80	1	-4
762	167.986319	168.391724	F4	64	98	0	1
763	167.986319	168.896791	C4	64	86	0	1
764	168.391724	168.797129	G4	64	108	0	3
765	168.797129	169.202534	F4	64	113	0	1
766	168.797129	171.531923	A#2	64	83	1	-5
767	169.202534	172.040369	D4	64	113	0	3
768	169.202534	171.491383	F3	64	76	1	-3
769	169.607939	171.525166	A#3	64	79	1	-3
770	170.013344	170.408613	E4	64	86	0	5
771	170.418749	172.123139	F4	64	82	0	1
772	170.418749	172.447463	D4	64	84	0	3
773	172.040369	172.444084	A4	64	114	0	5
774	172.040369	173.180570	D3	64	88	1	-1
775	172.445774	172.849489	A4	64	113	0	5
776	172.445774	173.195773	A3	64	73	1	-4
777	172.851179	173.256584	A4	64	114	0	5
778	172.851179	173.856245	D4	64	78	0	3
779	173.256584	173.661989	C5	64	108	0	3
780	173.256584	173.977867	F4	64	84	0	1
781	173.661989	174.067394	D5	64	116	0	5
782	173.661989	174.901852	A#2	64	85	1	-5
783	174.067394	174.878204	F5	64	113	0	3
784	174.067394	174.842731	A#3	64	71	1	-3
785	174.472799	174.920433	A#4	64	83	0	1
786	174.472799	175.307257	D4	64	82	0	3
787	174.878204	175.332595	D5	64	114	0	5
788	175.283609	175.689014	C5	64	108	0	3
789	175.283609	176.390026	A4	64	83	0	5
790	175.283609	176.511648	C4	64	83	0	1
791	175.283609	177.977863	A2	64	80	1	-1
792	175.689014	178.525159	A4	64	107	0	5
793	175.689014	177.976173	E3	64	64	1	-4
794	176.094419	178.072457	A3	64	77	1	-4
795	176.499824	176.883269	D4	64	77	0	3
796	176.905229	178.265024	E4	64	77	0	5
797	176.905229	178.270092	A4	64	73	0	5
798	176.905229	178.305565	C4	64	71	0	1
799	178.526849	178.932254	A4	64	114	0	5
800	178.526849	181.182251	D3	64	87	1	-1
801	178.932254	179.743064	D5	64	110	0	5
802	178.932254	181.182251	A3	64	77	1	-4
803	179.337659	181.587656	D4	64	78	0	3
804	179.743064	180.148469	F5	64	108	0	3
805	179.743064	182.124818	A4	64	81	0	5
806	180.148469	180.959279	D5	64	110	0	5
807	180.148469	182.102858	F4	64	82	0	1
808	180.959279	181.364684	C5	64	107	0	3
809	181.364684	181.770089	A4	64	96	0	5
810	181.770089	182.378196	F4	64	96	0	1
811	181.770089	182.906912	F2	64	84	1	-5
812	182.175494	183.413668	F3	64	71	1	-3
813	182.378196	182.580899	G4	64	100	0	3
814	182.580899	182.986304	A4	64	114	0	5
815	182.580899	183.003195	A3	64	67	1	-4
816	182.986304	183.390019	G4	64	100	0	3
817	182.986304	183.408600	F4	64	76	0	1
818	183.391709	185.011639	G4	64	107	0	3
819	183.391709	185.133261	C3	64	76	1	-3
820	183.797114	185.094410	G3	64	74	1	-1
821	184.202519	185.058937	C4	64	73	0	1
822	184.607924	185.011639	D4	64	76	0	3
823	185.013329	185.621436	G4	64	107	0	3
824	185.013329	186.195760	G2	64	83	1	-3
825	185.418734	186.285287	D3	64	79	1	-1
826	185.621436	185.824139	A4	64	104	0	5
827	185.824139	186.229544	C5	64	107	0	3
828	185.824139	186.339341	A#3	64	77	1	-3
829	186.229544	186.634949	A4	64	107	0	5
830	186.229544	187.003191	D4	64	66	0	3
831	186.634949	187.038664	G4	64	108	0	3
832	186.634949	187.881569	A2	64	78	1	-1
833	187.040354	187.266705	G4	64	96	0	3
834	187.040354	187.917042	E3	64	65	1	-4
835	187.243056	187.445759	A4	64	92	0	5
836	187.445759	187.869745	F4	64	100	0	1
837	187.445759	187.981231	C4	64	78	0	1
838	187.851164	188.077515	G4	64	87	0	3
839	187.851164	188.572447	E4	64	71	0	5
840	188.053866	188.256569	F4	64	91	0	1
841	188.256569	191.499809	D4	64	94	0	3
842	188.256569	190.869742	D3	64	86	1	-1
843	188.661974	190.851161	A3	64	72	1	-4
844	189.067379	190.761634	D4	64	77	0	3
845	189.472784	189.834270	G4	64	70	0	3
846	189.878189	190.861296	F4	64	76	0	1
847	191.499809	192.106227	D5	64	116	0	5
848	191.499809	191.754876	F5	64	87	0	3
849	191.499809	191.964335	A4	64	87	0	5
850	191.499809	192.016700	D4	64	86	0	3
851	191.499809	192.031903	F4	64	86	0	1
852	191.499809	192.513321	D3	64	87	1	-1
853	191.905214	192.716024	A3	64	38	1	-4
854	192.107916	192.716024	D5	64	116	0	5
855	192.310619	192.781902	A4	64	87	0	5
856	192.310619	192.812307	D4	64	87	0	3
857	192.310619	192.849469	F4	64	88	0	1
858	192.716024	193.121429	A4	64	98	0	5
859	192.716024	193.932239	D3	64	100	1	-1
860	193.121429	193.526834	C5	64	104	0	3
861	193.121429	193.520077	A4	64	87	0	5
862	193.121429	193.577509	D4	64	86	0	3
863	193.121429	193.589333	F4	64	87	0	1
864	193.526834	193.932239	D5	64	110	0	5
865	193.526834	194.261630	A3	64	64	1	-4
866	193.932239	194.337644	G5	64	114	0	5
867	193.932239	194.134941	F4	64	91	0	1
868	193.932239	194.216022	A4	64	89	0	5
869	193.932239	194.234603	D4	64	89	0	3
870	194.337644	194.743049	F5	64	108	0	3
871	194.337644	194.540346	F4	64	97	0	1
872	194.337644	194.743049	D3	64	100	1	-1
873	194.540346	194.743049	A4	64	97	0	5
874	194.743049	197.984599	D5	64	108	0	5
875	194.743049	195.310616	A4	64	88	0	5
876	194.743049	195.339332	F4	64	89	0	1
877	194.743049	195.344399	D4	64	87	0	3
878	194.743049	196.770074	A#2	64	83	1	-5
879	195.148454	197.550478	A#3	64	42	1	-3
880	195.553859	196.107912	A4	64	86	0	5
881	195.553859	196.168723	F4	64	84	0	1
882	195.553859	196.170412	D4	64	84	0	3
883	196.364669	196.869736	A4	64	87	0	5
884	196.364669	196.959263	F4	64	84	0	1
885	196.364669	196.962641	D4	64	85	0	3
886	197.175479	197.428857	A4	64	85	0	5
887	197.175479	197.479532	F4	64	85	0	1
888	197.175479	197.673789	D4	64	83	0	3
889	197.580884	197.682235	F4	64	97	0	1
890	197.580884	197.986289	A#2	64	100	1	-5
891	197.783586	197.884937	A4	64	97	0	5
892	197.986289	198.592707	D5	64	104	0	5
893	197.986289	198.408585	A4	64	87	0	5
894	197.986289	198.464329	D4	64	87	0	3
895	197.986289	198.469396	F4	64	88	0	1
896	197.986289	198.999801	D3	64	76	1	-1
897	198.391694	199.153517	A3	64	58	1	-4
898	198.594396	198.795409	D5	64	96	0	5
899	198.797099	199.202504	D5	64	102	0	5
900	198.797099	199.265003	A4	64	88	0	5
901	198.797099	199.278517	D4	64	88	0	3
902	198.797099	199.302166	F4	64	89	0	1
903	199.202504	199.607909	F5	64	113	0	3
904	199.202504	200.418719	D3	64	80	1	-1
905	199.607909	200.011624	D5	64	110	0	5
906	199.607909	200.075813	A4	64	83	0	5
907	199.607909	200.232908	F4	64	80	0	1
908	199.607909	200.236286	D4	64	77	0	3
909	200.013314	200.418719	D5	64	113	0	5
910	200.418719	200.824124	C5	64	107	0	3
911	200.418719	200.824124	D4	64	85	0	3
912	200.418719	200.824124	F4	64	83	0	1
913	200.418719	200.824124	A4	64	85	0	5
914	200.824124	201.229529	D5	64	110	0	5
915	200.824124	200.925475	D4	64	97	0	3
916	200.824124	201.128177	D3	64	100	1	-1
917	201.026826	201.128177	F4	64	97	0	1
918	201.229529	201.482907	A4	64	98	0	5
919	201.229529	201.807231	A4	64	85	0	5
920	201.229529	201.824123	E4	64	87	0	5
921	201.229529	201.866352	C4	64	82	0	1
922	201.229529	202.292027	A3	64	73	1	-4
923	201.229529	202.601149	A2	64	74	1	-1
924	201.432231	201.634934	C5	64	88	0	3
925	201.634934	204.471079	A4	64	89	0	5
926	202.040339	202.574122	A4	64	86	0	5
927	202.040339	202.690676	C4	64	82	0	1
928	202.040339	202.697432	E4	64	86	0	5
929	202.445744	202.895067	A3	64	70	1	-4
930	202.851149	203.469391	A4	64	86	0	5
931	202.851149	203.479526	C4	64	81	0	1
932	202.851149	203.496418	E4	64	86	0	5
933	202.851149	204.060607	A2	64	77	1	-1
934	203.256554	204.058918	E3	64	66	1	-4
935	203.459256	204.469390	A3	64	80	1	-4
936	203.661959	203.967701	C4	64	81	0	1
937	203.864661	204.158580	E4	64	86	0	5
938	204.067364	204.940673	A4	64	87	0	5
939	204.472769	204.878174	A4	64	114	0	5
940	204.472769	205.021754	F4	64	87	0	1
941	204.472769	205.036957	D4	64	84	0	3
942	204.472769	205.688984	D3	64	82	1	-1
943	204.878174	205.688984	D5	64	113	0	5
944	205.283579	205.739659	A4	64	86	0	5
945	205.283579	205.758240	F4	64	86	0	1
946	205.283579	205.759929	D4	64	85	0	3
947	205.688984	206.094389	F5	64	110	0	3
948	205.688984	206.195740	A3	64	50	1	-4
949	205.688984	206.702496	D3	64	100	1	-1
950	206.094389	206.499794	D5	64	110	0	5
951	206.094389	206.535266	A4	64	84	0	5
952	206.094389	206.572429	F4	64	83	0	1
953	206.094389	206.579185	D4	64	82	0	3
954	206.499794	206.732901	F5	64	87	0	3
955	206.499794	207.212631	A3	64	54	1	-4
956	206.702496	206.930536	D5	64	84	0	5
957	206.905199	207.310604	C5	64	89	0	3
958	206.905199	207.199117	A4	64	87	0	5
959	206.905199	207.209252	D4	64	88	0	3
960	206.905199	207.221077	F4	64	87	0	1
961	207.310604	207.520063	A4	64	102	0	5
962	207.310604	207.411955	D4	64	97	0	3
963	207.310604	207.716009	D3	64	100	1	-1
964	207.513306	207.722765	G4	64	87	0	3
965	207.513306	207.614657	F4	64	97	0	1
966	207.716009	208.324116	F4	64	98	0	1
967	207.716009	208.210940	A4	64	83	0	5
968	207.716009	208.217697	F4	64	81	0	1
969	207.716009	208.222765	C4	64	78	0	1
970	207.716009	209.134926	F2	64	84	1	-5
971	208.121414	208.661954	F3	64	64	1	-3
972	208.324116	208.580873	G4	64	88	0	3
973	208.526819	208.932224	A4	64	100	0	5
974	208.526819	209.065669	C4	64	83	0	1
975	208.526819	209.070737	A4	64	84	0	5
976	208.526819	209.145061	F4	64	82	0	1
977	208.932224	209.335939	G4	64	100	0	3
978	209.337629	210.957559	G4	64	107	0	3
979	209.337629	209.716007	G4	64	78	0	3
980	209.337629	209.781885	E4	64	86	0	5
981	209.337629	209.802155	C4	64	82	0	1
982	209.337629	210.351141	C3	64	78	1	-3
983	209.743034	210.525127	G3	64	46	1	-1
984	210.148439	210.579181	C4	64	85	0	1
985	210.148439	210.582560	G4	64	86	0	3
986	210.148439	210.589316	E4	64	86	0	5
987	210.553844	210.959249	C3	64	100	1	-3
988	210.959249	211.567356	G4	64	107	0	3
989	210.959249	211.396748	G4	64	89	0	3
990	210.959249	211.594383	A#3	64	87	1	-3
991	210.959249	212.580869	G2	64	82	1	-3
992	211.364654	211.886612	D3	64	65	1	-1
993	211.567356	211.770059	A4	64	102	0	5
994	211.770059	212.175464	C5	64	102	0	3
995	211.770059	212.231207	A#3	64	86	1	-3
996	211.770059	212.357896	G4	64	89	0	3
997	212.175464	212.580869	A4	64	108	0	5
998	212.175464	212.427152	D3	64	73	1	-1
999	212.580869	212.984584	G4	64	108	0	3
1000	212.580869	213.079179	E4	64	85	0	5
1001	212.580869	213.092692	C4	64	79	0	1
1002	212.580869	213.118030	G4	64	79	0	3
1003	212.580869	213.351138	C3	64	84	1	-3
1004	212.986274	213.188976	G4	64	85	0	3
1005	213.188976	213.398435	A4	64	86	0	5
1006	213.391679	213.797084	F4	64	88	0	1
1007	213.391679	213.695732	C4	64	83	0	1
1008	213.391679	213.913637	G4	64	79	0	3
1009	213.391679	213.984583	A3	64	83	1	-4
1010	213.391679	214.097759	A2	64	77	1	-1
1011	213.797084	213.999786	G4	64	89	0	3
1012	213.797084	213.999786	C4	64	85	0	1
1013	213.999786	214.207556	F4	64	84	0	1
1014	213.999786	214.202489	E4	64	90	0	5
1015	214.202489	217.445729	D4	64	89	0	3
1016	214.202489	214.592691	A3	64	80	1	-4
1017	214.202489	214.721069	D4	64	83	0	3
1018	214.202489	214.927150	F4	64	87	0	1
1019	214.202489	215.216001	D3	64	88	1	-1
1020	215.013299	215.523433	F4	64	87	0	1
1021	215.013299	215.553839	D4	64	88	0	3
1022	215.418704	216.139987	A3	64	38	1	-4
1023	215.418704	216.837621	D3	64	82	1	-1
1024	215.824109	216.511608	F4	64	86	0	1
1025	215.824109	216.514986	D4	64	86	0	3
1026	216.432216	217.187283	A3	64	73	1	-4
1027	216.634919	216.900121	D4	64	88	0	3
1028	216.837621	217.092688	E4	64	87	0	5
1029	217.040324	217.243026	D3	64	90	1	-1
1030	217.040324	217.942350	F4	64	87	0	1
1031	217.445729	218.052147	D5	64	116	0	5
1032	217.445729	217.937282	A4	64	86	0	5
1033	217.445729	217.972755	D4	64	84	0	3
1034	217.445729	220.014983	D3	64	85	1	-1
1035	217.851134	218.454173	A3	64	75	1	-4
1036	218.053836	218.661944	D5	64	116	0	5
1037	218.256539	218.682214	A4	64	84	0	5
1038	218.256539	218.719376	F4	64	85	0	1
1039	218.256539	218.721065	D4	64	86	0	3
1040	218.661944	219.067349	A4	64	98	0	5
1041	218.661944	219.158565	A3	64	79	1	-4
1042	219.067349	219.472754	C5	64	104	0	3
1043	219.067349	219.526808	A4	64	86	0	5
1044	219.067349	219.557213	D4	64	86	0	3
1045	219.067349	219.567348	F4	64	86	0	1
1046	219.472754	219.878159	D5	64	110	0	5
1047	219.472754	220.006537	A3	64	78	1	-4
1048	219.878159	220.283564	G5	64	114	0	5
1049	219.878159	220.283564	D4	64	87	0	3
1050	219.878159	220.400117	A4	64	87	0	5
1051	220.283564	220.688969	F5	64	108	0	3
1052	220.283564	220.384915	D4	64	97	0	3
1053	220.283564	220.688969	C3	64	84	1	-3
1054	220.486266	220.587617	F4	64	97	0	1
1055	220.688969	223.930519	D5	64	108	0	5
1056	220.688969	221.182211	A4	64	89	0	5
1057	220.688969	221.222752	D4	64	88	0	3
1058	220.688969	221.920386	A#2	64	84	1	-5
1059	221.094374	221.582549	A#3	64	75	1	-3
1060	221.499779	222.192345	D4	64	89	0	3
1061	221.499779	222.209237	A4	64	88	0	5
1062	221.905184	222.361264	A#3	64	78	1	-3
1063	222.310589	222.928831	A4	64	89	0	5
1064	222.310589	222.960926	D4	64	89	0	3
1065	222.310589	223.558898	A#2	64	78	1	-5
1066	222.918696	223.293696	F3	64	74	1	-3
1067	223.121399	223.526804	D4	64	92	0	3
1068	223.121399	223.678830	A4	64	94	0	5
1069	223.526804	223.634912	A#3	64	77	1	-3
1070	223.729506	223.830857	D4	64	97	0	3
1071	223.932209	224.538627	D5	64	104	0	5
1072	223.932209	224.391668	A4	64	87	0	5
1073	223.932209	224.455857	D4	64	86	0	3
1074	223.932209	224.457546	F4	64	87	0	1
1075	223.932209	224.945721	D3	64	82	1	-1
1076	224.337614	225.645045	A3	64	52	1	-4
1077	224.540316	224.741329	D5	64	96	0	5
1078	224.743019	225.148424	D5	64	102	0	5
1079	224.743019	225.207545	A4	64	88	0	5
1080	224.743019	225.248086	D4	64	87	0	3
1081	224.743019	225.264977	F4	64	88	0	1
1082	225.148424	225.553829	F5	64	113	0	3
1083	225.148424	226.161936	D3	64	89	1	-1
1084	225.553829	225.957544	D5	64	110	0	5
1085	225.553829	226.016666	A4	64	84	0	5
1086	225.553829	226.035247	D4	64	86	0	3
1087	225.553829	226.060585	F4	64	85	0	1
1088	225.959234	226.364639	D5	64	113	0	5
1089	225.959234	226.530179	A3	64	64	1	-4
1090	226.364639	226.770044	C5	64	107	0	3
1091	226.364639	226.770044	D4	64	87	0	3
1092	226.364639	226.871395	F4	64	88	0	1
1093	226.364639	226.922070	A4	64	87	0	5
1094	226.770044	227.175449	D5	64	110	0	5
1095	226.770044	226.871395	D4	64	97	0	3
1096	226.770044	226.972746	D3	64	86	1	-1
1097	226.972746	227.074097	F4	64	97	0	1
1098	227.175449	227.428827	A4	64	98	0	5
1099	227.175449	227.726124	A4	64	88	0	5
1100	227.175449	227.783556	E4	64	87	0	5
1101	227.175449	227.793691	C4	64	87	0	1
1102	227.175449	228.533555	A2	64	81	1	-1
1103	227.378151	227.580854	C5	64	88	0	3
1104	227.580854	230.416999	A4	64	89	0	5
1105	227.986259	228.570717	A4	64	87	0	5
1106	227.986259	228.648420	C4	64	86	0	1
1107	227.986259	228.741325	E4	64	89	0	5
1108	228.391664	228.920379	E3	64	76	1	-4
1109	228.797069	229.396730	C4	64	84	0	1
1110	228.797069	229.410244	A4	64	87	0	5
1111	228.797069	229.413622	E4	64	86	0	5
1112	228.797069	230.215986	A2	64	71	1	-1
1113	229.405176	229.721054	E3	64	71	1	-4
1114	229.607879	230.013284	E4	64	92	0	5
1115	229.607879	230.096054	C4	64	88	0	1
1116	229.607879	230.236256	A4	64	89	0	5
1117	230.013284	230.114635	E4	64	97	0	5
1118	230.013284	230.124770	E3	64	72	1	-4
1119	230.215986	230.317337	C4	64	97	0	1
1120	230.418689	230.824094	A4	64	114	0	5
1121	230.418689	230.861256	A4	64	86	0	5
1122	230.418689	230.862945	F4	64	89	0	1
1123	230.418689	230.889972	D4	64	87	0	3
1124	230.418689	231.721052	D3	64	84	1	-1
1125	230.824094	231.634904	D5	64	113	0	5
1126	230.824094	231.312269	A3	64	68	1	-4
1127	231.229499	231.781863	A4	64	87	0	5
1128	231.229499	231.925444	D4	64	88	0	3
1129	231.432201	231.898417	A3	64	68	1	-4
1130	231.634904	232.040309	F5	64	110	0	3
1131	231.837606	232.520038	A4	64	91	0	5
1132	232.040309	232.445714	D5	64	110	0	5
1133	232.040309	232.577470	D4	64	84	0	3
1134	232.040309	233.063956	D3	64	80	1	-1
1135	232.445714	232.678821	F5	64	87	0	3
1136	232.445714	233.048753	A3	64	75	1	-4
1137	232.648416	232.876456	D5	64	84	0	5
1138	232.648416	232.775105	D4	64	40	0	3
1139	232.851119	233.256524	C5	64	89	0	3
1140	232.851119	233.185578	A4	64	78	0	5
1141	232.851119	233.324091	C4	64	88	0	1
1142	233.256524	233.465983	A4	64	102	0	5
1143	233.256524	233.655172	D4	64	87	0	3
1144	233.459226	233.668685	G4	64	87	0	3
1145	233.661929	234.270036	F4	64	98	0	1
1146	233.661929	234.158550	F4	64	84	0	1
1147	233.661929	234.168685	A4	64	80	0	5
1148	233.661929	234.263279	C4	64	85	0	1
1149	233.661929	234.876454	F2	64	83	1	-5
1150	234.067334	234.518347	F3	64	63	1	-3
1151	234.270036	234.526793	G4	64	88	0	3
1152	234.472739	234.878144	A4	64	100	0	5
1153	234.472739	235.085914	A4	64	86	0	5
1154	234.472739	235.126454	C4	64	86	0	1
1155	234.472739	235.180508	F4	64	86	0	1
1156	234.878144	235.281859	G4	64	100	0	3
1157	234.878144	235.307197	F3	64	81	1	-3
1158	235.283549	236.903479	G4	64	107	0	3
1159	235.283549	235.761589	G4	64	79	0	3
1160	235.283549	235.832534	E4	64	89	0	5
1161	235.283549	235.839291	C4	64	82	0	1
1162	235.283549	236.905169	C3	64	76	1	-3
1163	235.688954	236.521723	G3	64	67	1	-1
1164	236.094359	236.499764	C4	64	84	0	1
1165	236.094359	236.516655	G4	64	85	0	3
1166	236.094359	236.550439	E4	64	88	0	5
1167	236.499764	236.601115	C4	64	97	0	1
1168	236.702466	236.803817	E4	64	97	0	5
1169	236.905169	237.513276	G4	64	107	0	3
1170	236.905169	237.337601	G4	64	84	0	3
1171	236.905169	237.344357	D4	64	88	0	3
1172	236.905169	237.432195	A#3	64	93	1	-3
1173	236.905169	238.148411	G2	64	81	1	-3
1174	237.310574	237.746384	G3	64	42	1	-1
1175	237.513276	237.715979	A4	64	102	0	5
1176	237.715979	238.121384	C5	64	102	0	3
1177	237.715979	238.094357	A#3	64	86	1	-3
1178	237.715979	238.106181	G4	64	89	0	3
1179	237.715979	238.161924	D4	64	91	0	3
1180	238.121384	238.526789	A4	64	108	0	5
1181	238.121384	238.498072	G3	64	82	1	-1
1182	238.526789	238.930504	G4	64	108	0	3
1183	238.526789	239.040302	G4	64	87	0	3
1184	238.526789	239.133207	C4	64	86	0	1
1185	238.526789	239.780166	A2	64	79	1	-1
1186	238.932194	239.134896	G4	64	85	0	3
1187	238.932194	239.420369	E3	64	71	1	-4
1188	239.134896	239.344355	A4	64	86	0	5
1189	239.337599	239.743004	F4	64	88	0	1
1190	239.337599	239.743004	G4	64	89	0	3
1191	239.337599	239.862936	C4	64	86	0	1
1192	239.743004	239.945706	G4	64	89	0	3
1193	239.743004	239.871382	E3	64	75	1	-4
1194	239.945706	240.153476	F4	64	84	0	1
1195	239.945706	240.047057	A3	64	97	1	-4
1196	240.148409	243.391649	D4	64	89	0	3
1197	240.148409	240.734557	A4	64	87	0	5
1198	240.148409	240.840975	D4	64	81	0	3
1199	240.148409	241.384894	D3	64	76	1	-1
1200	240.553814	241.040300	A3	64	60	1	-4
1201	240.959219	241.580840	D4	64	83	0	3
1202	240.959219	241.727799	G4	64	88	0	3
1203	241.364624	241.781853	A3	64	64	1	-4
1204	241.770029	242.580839	D3	64	74	1	-1
1205	241.770029	242.741311	F4	64	84	0	1
1206	242.580839	242.736244	D4	64	83	0	3
1207	242.580839	242.888271	A4	64	82	0	5
1208	242.986244	243.391649	D3	64	81	1	-1
1209	243.391649	243.999756	G4	64	104	0	3
1210	243.391649	244.038607	G4	64	85	0	3
1211	243.391649	244.126445	A#3	64	84	1	-3
1212	243.391649	244.405161	G2	64	73	1	-3
1213	243.999756	244.241310	F4	64	108	0	1
1214	244.202459	244.607864	G4	64	108	0	3
1215	244.202459	244.607864	A#3	64	84	1	-3
1216	244.202459	244.695701	G4	64	86	0	3
1217	244.607864	245.013269	A4	64	108	0	5
1218	244.607864	244.810566	G2	64	100	1	-3
1219	245.013269	245.416984	C5	64	110	0	3
1220	245.013269	245.594349	G4	64	87	0	3
1221	245.013269	245.673741	C4	64	83	0	1
1222	245.013269	246.432186	A2	64	77	1	-1
1223	245.418674	245.824079	C5	64	108	0	3
1224	245.824079	246.229484	A4	64	96	0	5
1225	245.824079	246.379821	C4	64	86	0	1
1226	245.824079	246.587591	G4	64	89	0	3
1227	246.229484	246.634889	C5	64	104	0	3
1228	246.634889	249.878129	D5	64	110	0	5
1229	246.634889	247.383199	D4	64	83	0	3
1230	246.634889	247.384888	A4	64	87	0	5
1231	246.634889	247.920360	D3	64	74	1	-1
1232	247.040294	247.587590	A3	64	66	1	-4
1233	247.445699	248.207522	G4	64	87	0	3
1234	247.445699	248.923738	D4	64	80	0	3
1235	247.851104	248.303806	A3	64	69	1	-4
1236	248.256509	248.913602	F4	64	86	0	1
1237	248.256509	249.783534	D3	64	81	1	-1
1238	249.067319	249.700764	D4	64	79	0	3
1239	249.067319	249.719345	F4	64	84	0	1
1240	249.878129	250.474412	G4	64	100	0	3
1241	249.878129	251.018330	D3	64	90	1	-1
1242	250.283534	251.486235	G3	64	72	1	-1
1243	250.486236	250.766641	F4	64	84	0	1
1244	250.688939	251.094344	G4	64	91	0	3
1245	250.688939	251.543667	A#3	64	83	1	-3
1246	251.094344	251.520019	A4	64	88	0	5
1247	251.094344	251.668667	D4	64	80	0	3
1248	251.499749	251.797046	C5	64	83	0	3
1249	251.499749	252.839274	A2	64	82	1	-1
1250	251.905154	252.873058	E3	64	67	1	-4
1251	251.955829	252.396707	C5	64	86	0	3
1252	252.310559	252.864612	C4	64	73	0	1
1253	252.405153	252.866301	A4	64	84	0	5
1254	252.715964	253.496368	E4	64	82	0	5
1255	252.918666	253.754814	C5	64	87	0	3
1256	253.121369	255.971028	D3	64	81	1	-1
1257	253.526774	254.805488	A3	64	67	1	-4
1258	253.729476	255.096029	D5	64	87	0	5
1259	253.932179	254.651772	D4	64	73	0	3
1260	254.337584	254.714272	F4	64	77	0	1
1261	254.742989	255.450758	A4	64	83	0	5
1262	255.148394	256.408527	A3	64	67	1	-4
1263	255.553799	256.384879	D4	64	69	0	3
1264	255.959204	256.830824	F4	64	75	0	1
1265	256.364609	259.312241	D3	64	79	1	-1
1266	256.770014	258.001431	A3	64	78	1	-4
1267	257.175419	257.616296	D4	64	71	0	3
1268	257.580824	257.967647	F4	64	75	0	1
1269	257.986229	258.599404	A4	64	75	0	5
1270	258.391634	258.947376	A3	64	66	1	-4
1271	258.797039	259.237916	F4	64	81	0	1
1272	259.202444	260.498050	D4	64	69	0	3
1273	259.607849	260.575753	A4	64	67	0	5
1274	259.607849	260.594334	D3	64	64	1	-1
