//Version: PianoFingering_v170101
0	4.037810	5.804614	F2	64	79	1	-5
1	4.542011	5.461127	C3	64	64	1	-3
2	4.794111	5.198522	F3	64	74	1	-3
3	5.298312	5.703774	G#3	64	73	1	-5
4	5.802513	6.191168	C4	64	71	0	1
5	6.054614	7.870788	F2	64	80	1	-5
6	6.306714	7.643897	C3	64	55	1	-3
7	6.558815	6.823520	F3	64	73	1	-3
8	6.810915	7.052511	G#3	64	72	1	-5
9	7.315116	7.930662	C4	64	73	0	1
10	7.567217	7.923309	F3	64	69	1	-3
11	8.071418	9.913852	F2	64	80	1	-5
12	8.575619	9.910701	C3	64	55	1	-3
13	8.827719	9.323517	F3	64	74	1	-3
14	9.331920	9.609231	C4	64	74	0	1
15	9.836121	10.311961	F3	64	77	1	-3
16	10.088222	11.971622	F2	64	79	1	-5
17	10.340322	11.456917	C3	64	61	1	-3
18	10.592423	10.914901	F3	64	73	1	-3
19	10.844523	11.293052	C4	64	75	0	1
20	11.348724	11.735278	F3	64	78	1	-3
21	11.852925	12.086118	F3	64	77	1	-3
22	12.105026	13.936956	A#2	64	78	1	-5
23	12.357126	12.701664	F3	64	73	1	-3
24	12.609227	12.885487	A#3	64	67	1	-3
25	12.861327	13.164898	C#4	64	73	0	2
26	13.365528	13.569309	A#3	64	68	1	-3
27	13.869729	14.215317	F3	64	71	1	-3
28	14.121830	15.857121	A#2	64	77	1	-5
29	14.373930	14.688005	F3	64	74	1	-3
30	14.626031	14.859224	A#3	64	70	1	-3
31	14.878131	15.201660	C#4	64	72	0	2
32	15.382332	15.571408	A#3	64	69	1	-3
33	15.886533	16.234222	F3	64	72	1	-3
34	16.138634	17.929598	A#2	64	79	1	-5
35	16.390734	17.160691	F3	64	73	1	-3
36	16.642835	16.909641	A#3	64	70	1	-3
37	16.894935	17.305649	C#4	64	78	0	2
38	17.399136	17.645985	A#3	64	75	1	-3
39	17.651237	17.970564	F3	64	78	1	-3
40	17.903337	18.379177	A#3	64	73	1	-3
41	18.155438	19.743671	A#2	64	82	1	-5
42	18.407538	18.780437	F3	64	72	1	-3
43	18.659639	18.942201	A#3	64	67	1	-3
44	18.911739	19.448503	C#4	64	72	0	2
45	19.415940	19.695352	A#3	64	75	1	-3
46	19.668041	19.756276	F3	64	74	1	-3
47	20.172242	20.758375	C#4	64	72	0	2
48	20.172242	21.754172	C#2	64	76	1	-4
49	20.424342	21.661735	G#2	64	60	1	-2
50	20.676443	21.011526	G#3	64	73	1	-5
51	20.928543	21.278333	C#4	64	79	0	2
52	21.432744	21.694298	C#4	64	79	0	2
53	21.684845	22.010474	G#3	64	72	1	-5
54	21.936945	22.119718	C#4	64	64	0	2
55	22.189046	22.252071	C#4	64	58	0	2
56	22.189046	22.578751	D#4	64	56	0	4
57	22.189046	23.770976	D#2	64	80	1	-2
58	22.441146	23.744716	A#2	64	64	1	-5
59	22.693247	22.953751	A#3	64	48	1	-3
60	22.945347	23.404380	D#4	64	77	0	4
61	23.449548	23.724758	A#3	64	71	1	-3
62	23.701649	23.876018	D#4	64	78	0	4
63	24.205850	24.797235	D#4	64	72	0	4
64	24.205850	25.557739	C3	64	78	1	-3
65	24.710051	25.418033	G3	64	66	1	-1
66	24.962151	25.464251	C4	64	74	0	1
67	25.466352	25.759419	D#4	64	75	0	4
68	25.718453	26.151225	C4	64	69	0	1
69	26.222654	26.681687	F4	64	73	0	1
70	26.222654	28.047231	F2	64	78	1	-5
71	26.474754	28.007315	C3	64	62	1	-3
72	26.726855	26.880216	C4	64	69	0	1
73	26.978955	27.189039	F4	64	79	0	1
74	27.483156	28.128113	C4	64	74	0	1
75	28.239458	28.684835	F4	64	75	0	1
76	28.239458	30.114455	A#2	64	78	1	-5
77	28.491558	30.117606	F3	64	70	1	-3
78	28.743659	29.010465	A#3	64	75	1	-3
79	28.995759	29.410675	F4	64	79	0	1
80	29.499960	29.913825	C#4	64	74	0	2
81	30.256262	30.768866	C#4	64	72	0	2
82	30.256262	31.758360	A#2	64	78	1	-5
83	30.508362	31.776218	F3	64	67	1	-3
84	30.760463	31.032521	A#3	64	72	1	-3
85	31.012563	31.518865	F4	64	75	0	1
86	31.516764	31.695335	C#4	64	78	0	2
87	32.273066	32.728947	F4	64	79	0	1
88	32.273066	34.087139	C3	64	78	1	-3
89	32.525166	33.635459	G3	64	61	1	-1
90	32.777267	32.985250	C4	64	75	0	1
91	33.029367	33.158569	G4	64	79	0	3
92	33.785669	34.102895	G3	64	63	1	-1
93	34.037769	34.516760	C4	64	76	0	1
94	34.289870	36.023061	C3	64	82	1	-3
95	34.541970	35.922220	G3	64	58	1	-1
96	34.794071	36.162766	C4	64	59	0	1
97	36.306674	36.449531	F5	64	74	0	3
98	36.306674	38.056671	F2	64	80	1	-5
99	36.558774	36.699530	F5	64	78	0	3
100	36.558774	38.047218	C3	64	67	1	-3
101	36.810875	36.956883	F5	64	77	0	3
102	36.810875	37.529361	F3	64	74	1	-3
103	37.062975	37.224740	F5	64	79	0	3
104	37.062975	37.593437	C4	64	76	0	1
105	37.315076	37.491546	F5	64	79	0	3
106	37.567176	37.734193	C5	64	78	0	3
107	37.567176	38.158562	F4	64	80	0	1
108	37.819277	37.996797	C5	64	78	0	3
109	37.819277	38.186923	F3	64	77	1	-3
110	38.071377	38.228940	F5	64	79	0	3
111	38.071377	38.314024	C4	64	71	0	1
112	38.323478	38.464234	D#5	64	82	0	1
113	38.323478	40.175366	D#2	64	72	1	-2
114	38.575578	38.701628	D#5	64	79	0	1
115	38.575578	40.130198	A#2	64	72	1	-5
116	38.827679	38.974737	D#5	64	78	0	1
117	38.827679	39.475787	A#3	64	70	1	-3
118	39.079779	39.232090	D#5	64	80	0	1
119	39.079779	39.503098	G4	64	79	0	3
120	39.331880	39.472636	D#5	64	80	0	1
121	39.578728	39.715283	D#5	64	74	0	1
122	39.583980	39.802467	D#4	64	79	0	4
123	39.836081	40.011501	C5	64	73	0	3
124	39.836081	40.193223	A#3	64	76	1	-3
125	40.088181	40.301416	G#4	64	71	0	4
126	40.340282	40.885449	D#4	64	78	0	4
127	40.340282	41.700574	D#2	64	81	1	-2
128	40.565071	40.592382	A#4	64	70	0	1
129	40.592382	41.697423	A#2	64	58	1	-5
130	40.826626	40.983138	A#4	64	78	0	1
131	40.844483	41.014651	A#3	64	72	1	-3
132	41.076625	41.238390	A#4	64	76	0	1
133	41.096583	41.441121	A#3	64	74	1	-3
134	41.096583	41.581877	G4	64	78	0	3
135	41.343432	41.492591	A#4	64	80	0	1
136	41.600784	41.841330	D#4	64	82	0	4
137	41.601835	42.020952	A#4	64	80	0	1
138	41.852885	42.114439	A#3	64	76	1	-3
139	42.113389	42.277254	G#4	64	74	0	4
140	42.339229	42.507296	A#4	64	79	0	1
141	42.357086	42.933766	D#4	64	74	0	4
142	42.357086	43.904352	G#2	64	75	1	-2
143	42.579774	42.749942	C5	64	78	0	3
144	42.609186	43.812966	D#3	64	60	1	-5
145	42.861287	43.365488	D#5	64	78	0	1
146	42.861287	43.135446	G#3	64	74	1	-5
147	43.113387	43.620739	C4	64	81	0	1
148	43.365488	44.194268	C5	64	78	0	3
149	43.617588	43.867588	G#3	64	75	1	-5
150	43.869689	43.985235	D#4	64	78	0	4
151	44.373890	44.515696	F5	64	73	0	3
152	44.373890	44.912754	F4	64	74	0	1
153	44.373890	45.796157	F2	64	78	1	-5
154	44.625990	44.777250	F5	64	78	0	3
155	44.625990	45.718426	C3	64	67	1	-3
156	44.878091	45.031452	F5	64	78	0	3
157	44.878091	45.193216	C4	64	77	0	1
158	45.130191	45.286704	F5	64	78	0	3
159	45.130191	45.637543	G#4	64	78	0	4
160	45.382292	45.592375	F5	64	79	0	3
161	45.634392	45.801409	C5	64	80	0	3
162	45.634392	45.912753	F4	64	79	0	1
163	45.886493	46.089223	C5	64	78	0	3
164	45.886493	46.044055	C4	64	77	0	1
165	46.138593	46.331870	F5	64	78	0	3
166	46.390694	46.567164	D#5	64	79	0	1
167	46.390694	46.589223	G4	64	70	0	3
168	46.390694	46.767794	D#4	64	63	0	4
169	46.390694	48.015691	D#3	64	75	1	-5
170	46.642794	47.055609	F5	64	78	0	3
171	46.642794	46.966323	A#3	64	61	1	-3
172	46.894895	47.154348	D#4	64	74	0	4
173	47.146995	47.399096	D#5	64	82	0	1
174	47.146995	47.502037	G4	64	80	0	3
175	47.399096	47.651196	D#5	64	82	0	1
176	47.651196	47.916952	C5	64	79	0	3
177	47.651196	47.891742	D#4	64	79	0	4
178	47.903297	48.224725	D#5	64	79	0	1
179	47.903297	48.117582	A#3	64	76	1	-3
180	48.407498	48.560859	A#4	64	75	0	1
181	48.407498	48.670102	D#4	64	77	0	4
182	48.407498	49.853924	D#3	64	79	1	-5
183	48.659598	48.812959	A#4	64	73	0	1
184	48.659598	48.987329	A#3	64	75	1	-3
185	48.911699	49.053505	A#4	64	78	0	1
186	48.911699	49.086068	D#4	64	74	0	4
187	49.163799	49.336068	A#4	64	76	0	1
188	49.163799	49.634387	G4	64	83	0	3
189	49.415900	49.810857	A#4	64	79	0	1
190	49.668000	49.936907	D#4	64	77	0	4
191	49.920101	50.113378	A#4	64	78	0	1
192	49.920101	50.035647	A#3	64	75	1	-3
193	50.172201	50.344470	G#4	64	76	0	4
194	50.424302	50.916948	A#4	64	78	0	1
195	50.424302	52.149089	C3	64	80	1	-3
196	50.676402	51.323460	G3	64	51	1	-1
197	50.928503	51.358124	C5	64	73	0	3
198	50.928503	51.262536	C4	64	81	0	1
199	51.180603	51.735224	G4	64	79	0	3
200	51.432704	52.326610	C5	64	77	0	3
201	51.684804	52.047199	E4	64	79	0	5
202	51.936905	52.093417	G3	64	66	1	-1
203	52.189005	52.509383	C4	64	80	0	1
204	52.441106	52.672198	F4	64	81	0	1
205	52.441106	52.962113	F4	64	79	0	1
206	52.441106	53.994675	F2	64	80	1	-5
207	52.693206	52.849719	C5	64	79	0	3
208	52.693206	53.944255	C3	64	64	1	-3
209	52.945307	53.086063	C5	64	78	0	3
210	52.945307	53.274088	C4	64	79	0	1
211	53.197407	53.353920	C5	64	79	0	3
212	53.197407	53.728919	G#4	64	81	0	4
213	53.449508	53.627028	C5	64	79	0	3
214	53.701608	53.914843	A#4	64	77	0	1
215	53.701608	53.973667	F4	64	79	0	1
216	53.953709	54.152238	F4	64	80	0	1
217	53.953709	54.125977	C4	64	81	0	1
218	54.205809	54.422195	C5	64	72	0	3
219	54.457910	54.886481	A#4	64	74	0	1
220	54.457910	54.760430	D#4	64	71	0	4
221	54.457910	55.830807	D#3	64	79	1	-5
222	54.710010	55.024085	A#3	64	76	1	-3
223	54.962111	55.456858	C5	64	76	0	3
224	54.962111	55.171144	D#4	64	73	0	4
225	55.214211	55.676395	G4	64	79	0	3
226	55.466312	55.990471	A#4	64	73	0	1
227	55.718412	55.957908	D#4	64	80	0	4
228	55.970513	56.092361	A#3	64	79	1	-3
229	56.222613	56.475764	C5	64	79	0	3
230	56.474714	56.864419	F5	64	79	0	3
231	56.474714	56.627024	G#3	64	73	1	-5
232	56.474714	56.770932	C#4	64	74	0	2
233	56.474714	58.338157	C#3	64	79	1	-2
234	56.726814	57.059797	G#3	64	74	1	-5
235	56.978915	57.125973	F5	64	80	0	3
236	56.978915	57.094461	C#4	64	70	0	2
237	57.231015	57.390679	F5	64	79	0	3
238	57.231015	57.540889	G#3	64	78	1	-5
239	57.231015	57.623872	F4	64	79	0	1
240	57.483116	57.665889	F5	64	79	0	3
241	57.735216	57.891729	D#5	64	85	0	1
242	57.735216	57.872821	G#3	64	76	1	-5
243	57.735216	58.307694	C#4	64	75	0	2
244	57.987317	58.165888	C5	64	82	0	3
245	58.239417	58.432694	F5	64	80	0	3
246	58.239417	58.365467	G#3	64	69	1	-5
247	58.491518	58.895929	D#5	64	81	0	1
248	58.491518	58.756223	D#4	64	74	0	4
249	58.491518	59.411684	D#3	64	80	1	-5
250	58.743618	59.061895	A#3	64	70	1	-3
251	58.995719	59.414836	C5	64	78	0	3
252	58.995719	59.262525	D#4	64	73	0	4
253	59.247819	59.774079	G4	64	80	0	3
254	59.499920	61.745715	D#5	64	80	0	1
255	59.752020	60.016726	D#4	64	82	0	4
256	59.933743	60.024079	A#3	64	78	1	-3
257	60.348658	62.360210	A#3	64	67	1	-3
258	60.411683	62.402227	D#2	64	81	1	-2
259	60.426389	62.365462	D#4	64	76	0	4
260	60.502019	62.356008	G4	64	72	0	3
261	62.525126	62.667983	F5	64	74	0	3
262	62.525126	64.275123	F2	64	80	1	-5
263	62.777226	62.917982	F5	64	78	0	3
264	62.777226	64.265670	C3	64	67	1	-3
265	63.029327	63.175335	F5	64	77	0	3
266	63.029327	63.747813	F3	64	74	1	-3
267	63.281427	63.443192	F5	64	79	0	3
268	63.281427	63.811889	C4	64	76	0	1
269	63.533528	63.709998	F5	64	79	0	3
270	63.785628	63.952645	C5	64	78	0	3
271	63.785628	64.377014	F4	64	80	0	1
272	64.037729	64.215249	C5	64	78	0	3
273	64.037729	64.405375	F3	64	77	1	-3
274	64.289829	64.447392	F5	64	79	0	3
275	64.289829	64.532476	C4	64	71	0	1
276	64.541930	64.682686	D#5	64	82	0	1
277	64.541930	66.393818	D#2	64	72	1	-2
278	64.794030	65.046131	D#5	64	79	0	1
279	64.794030	66.348650	A#2	64	72	1	-5
280	65.046131	65.694239	A#3	64	70	1	-3
281	65.298231	65.450542	D#5	64	80	0	1
282	65.298231	65.721550	G4	64	79	0	3
283	65.550332	65.691088	D#5	64	80	0	1
284	65.797180	65.933735	D#5	64	74	0	1
285	65.802432	66.020919	D#4	64	79	0	4
286	66.054533	66.229953	C5	64	73	0	3
287	66.054533	66.411675	A#3	64	76	1	-3
288	66.558734	67.103901	D#4	64	78	0	4
289	66.558734	67.919026	D#2	64	81	1	-2
290	66.783523	66.810834	A#4	64	70	0	1
291	66.810834	67.915875	A#2	64	58	1	-5
292	67.045078	67.201590	A#4	64	78	0	1
293	67.062935	67.233103	A#3	64	72	1	-3
294	67.295077	67.456842	A#4	64	76	0	1
295	67.315035	67.659573	A#3	64	74	1	-3
296	67.315035	67.800329	G4	64	78	0	3
297	67.561884	68.066085	A#4	64	80	0	1
298	67.819236	68.059782	D#4	64	82	0	4
299	68.071337	68.323437	A#4	64	79	0	1
300	68.071337	68.332891	A#3	64	76	1	-3
301	68.331841	68.495706	G#4	64	74	0	4
302	68.557681	68.725748	A#4	64	79	0	1
303	68.575538	69.152218	D#4	64	74	0	4
304	68.575538	70.122804	G#2	64	75	1	-2
305	68.798226	68.968394	C5	64	78	0	3
306	68.827638	70.031418	D#3	64	60	1	-5
307	69.079739	69.331839	D#5	64	78	0	1
308	69.079739	69.353898	G#3	64	74	1	-5
309	69.331839	69.583940	D#5	64	78	0	1
310	69.331839	69.839191	C4	64	81	0	1
311	69.583940	70.412720	C5	64	78	0	3
312	69.836040	70.086040	G#3	64	75	1	-5
313	70.088141	70.203687	D#4	64	78	0	4
314	70.592342	70.734148	F5	64	73	0	3
315	70.592342	71.131206	F4	64	74	0	1
316	70.592342	72.014609	F2	64	78	1	-5
317	70.844442	70.995702	F5	64	78	0	3
318	70.844442	71.936878	C3	64	67	1	-3
319	71.096543	71.249904	F5	64	78	0	3
320	71.096543	71.411668	C4	64	77	0	1
321	71.348643	71.505156	F5	64	78	0	3
322	71.348643	71.855995	G#4	64	78	0	4
323	71.600744	71.810827	F5	64	79	0	3
324	71.852844	72.104945	C5	64	80	0	3
325	71.852844	72.131205	F4	64	79	0	1
326	72.104945	72.262507	C4	64	77	0	1
327	72.357045	72.550322	F5	64	78	0	3
328	72.609146	72.785616	D#5	64	79	0	1
329	72.609146	72.807675	G4	64	70	0	3
330	72.609146	72.986246	D#4	64	63	0	4
331	72.609146	74.234143	D#3	64	75	1	-5
332	72.861246	73.274061	F5	64	78	0	3
333	72.861246	73.184775	A#3	64	61	1	-3
334	73.113347	73.372800	D#4	64	74	0	4
335	73.365447	73.617548	D#5	64	82	0	1
336	73.365447	73.720489	G4	64	80	0	3
337	73.617548	73.869648	D#5	64	82	0	1
338	73.869648	74.135404	C5	64	79	0	3
339	73.869648	74.110194	D#4	64	79	0	4
340	74.121749	74.443177	D#5	64	79	0	1
341	74.121749	74.336034	A#3	64	76	1	-3
342	74.625950	74.779311	A#4	64	75	0	1
343	74.625950	74.888554	D#4	64	77	0	4
344	74.625950	76.072376	D#3	64	79	1	-5
345	74.878050	75.031411	A#4	64	73	0	1
346	74.878050	75.205781	A#3	64	75	1	-3
347	75.130151	75.271957	A#4	64	78	0	1
348	75.130151	75.304520	D#4	64	74	0	4
349	75.382251	75.554520	A#4	64	76	0	1
350	75.382251	75.852839	G4	64	83	0	3
351	75.634352	76.029309	A#4	64	79	0	1
352	75.886452	76.155359	D#4	64	77	0	4
353	76.138553	76.331830	A#4	64	78	0	1
354	76.138553	76.254099	A#3	64	75	1	-3
355	76.390653	76.562922	G#4	64	76	0	4
356	76.642754	77.135400	A#4	64	78	0	1
357	76.642754	78.367541	C3	64	80	1	-3
358	76.894854	77.541912	G3	64	51	1	-1
359	77.146955	77.576576	C5	64	73	0	3
360	77.146955	77.480988	C4	64	81	0	1
361	77.399055	77.953676	G4	64	79	0	3
362	77.651156	78.545062	C5	64	77	0	3
363	77.903256	78.265651	E4	64	79	0	5
364	78.155357	78.311869	G3	64	66	1	-1
365	78.407457	78.727835	C4	64	80	0	1
366	78.659558	78.890650	F4	64	81	0	1
367	78.659558	79.180565	F4	64	79	0	1
368	78.659558	80.213127	F2	64	80	1	-5
369	78.911658	79.068171	C5	64	79	0	3
370	78.911658	80.162707	C3	64	64	1	-3
371	79.163759	79.304515	C5	64	78	0	3
372	79.163759	79.492540	C4	64	79	0	1
373	79.415859	79.572372	C5	64	79	0	3
374	79.415859	79.947371	G#4	64	81	0	4
375	79.667960	79.845480	C5	64	79	0	3
376	79.920060	80.133295	A#4	64	77	0	1
377	79.920060	80.192119	F4	64	79	0	1
378	80.172161	80.370690	F4	64	80	0	1
379	80.172161	80.344429	C4	64	81	0	1
380	80.424261	80.640647	C5	64	72	0	3
381	80.676362	81.104933	A#4	64	74	0	1
382	80.676362	80.978882	D#4	64	71	0	4
383	80.676362	82.049259	D#3	64	79	1	-5
384	80.928462	81.242537	A#3	64	76	1	-3
385	81.180563	81.675310	C5	64	76	0	3
386	81.180563	81.389596	D#4	64	73	0	4
387	81.432663	81.894847	G4	64	79	0	3
388	81.684764	82.208923	A#4	64	73	0	1
389	81.936864	82.176360	D#4	64	80	0	4
390	82.188965	82.310813	A#3	64	79	1	-3
391	82.441065	82.694216	C5	64	79	0	3
392	82.693166	83.082871	F5	64	79	0	3
393	82.693166	82.845476	G#3	64	73	1	-5
394	82.693166	82.989384	C#4	64	74	0	2
395	82.693166	84.556609	C#3	64	79	1	-2
396	82.945266	83.278249	G#3	64	74	1	-5
397	83.197367	83.344425	F5	64	80	0	3
398	83.197367	83.312913	C#4	64	70	0	2
399	83.449467	83.609131	F5	64	79	0	3
400	83.449467	83.759341	G#3	64	78	1	-5
401	83.449467	83.842324	F4	64	79	0	1
402	83.701568	83.884341	F5	64	79	0	3
403	83.953668	84.110181	D#5	64	85	0	1
404	83.953668	84.091273	G#3	64	76	1	-5
405	83.953668	84.526146	C#4	64	75	0	2
406	84.205769	84.384340	C5	64	82	0	3
407	84.457869	84.651146	F5	64	80	0	3
408	84.457869	84.583919	G#3	64	69	1	-5
409	84.709970	85.114381	D#5	64	81	0	1
410	84.709970	84.974675	D#4	64	74	0	4
411	84.709970	86.474673	D#3	64	80	1	-5
412	84.962070	85.280347	A#3	64	70	1	-3
413	85.214171	85.466271	F5	64	78	0	3
414	85.214171	85.480977	D#4	64	73	0	4
415	85.466271	87.712066	D#5	64	80	0	1
416	85.466271	85.992531	G4	64	80	0	3
417	85.970472	86.235178	D#4	64	82	0	4
418	86.218371	86.470472	A#3	64	78	1	-3
419	86.567110	88.578662	A#3	64	67	1	-3
420	86.630135	88.620679	D#2	64	81	1	-2
421	86.644841	88.583914	D#4	64	76	0	4
422	86.720471	88.574460	G4	64	72	0	3
423	88.739376	90.385382	F3	64	83	1	-3
424	88.743578	89.203661	F5	64	82	0	3
425	88.743578	89.006182	C4	64	74	0	1
426	88.743578	89.212064	F4	64	78	0	1
427	89.247779	89.470467	C5	64	82	0	3
428	89.495677	89.558703	F4	64	80	0	1
429	89.495677	89.605971	C4	64	80	0	1
430	89.499879	90.128030	G#5	64	79	0	1
431	89.747778	89.810803	F4	64	75	0	1
432	89.747778	89.810803	G#4	64	75	0	4
433	89.747778	89.837064	C4	64	75	0	1
434	89.999879	90.174248	C4	64	79	0	1
435	89.999879	90.193156	F4	64	82	0	1
436	90.256181	90.727819	F5	64	80	0	3
437	90.504080	90.756180	F3	64	97	1	-3
438	90.760382	91.214163	A#4	64	80	0	1
439	90.760382	92.374875	A#2	64	79	1	-5
440	91.008280	91.345465	F4	64	79	0	1
441	91.012482	92.092313	F3	64	65	1	-3
442	91.264583	91.768784	C5	64	79	0	3
443	91.264583	91.310801	A#3	64	64	1	-3
444	91.512482	91.670044	D4	64	79	0	3
445	91.516683	91.685801	A#3	64	75	1	-3
446	91.764582	91.974666	A#3	64	73	1	-3
447	91.764582	92.062901	F4	64	79	0	1
448	91.768784	92.282438	A#4	64	78	0	1
449	92.268783	92.520884	F3	64	75	1	-3
450	92.272985	92.769833	G#4	64	78	0	4
451	92.520884	92.772984	A#3	64	65	1	-3
452	92.772984	92.899034	F4	64	85	0	1
453	92.772984	93.028236	G#3	64	82	1	-5
454	92.772984	93.246723	C#4	64	82	0	2
455	92.772984	94.672141	C#3	64	82	1	-2
456	92.777186	93.162689	A#4	64	81	0	1
457	93.277185	93.369622	G#3	64	65	1	-5
458	93.281387	93.479916	C5	64	77	0	3
459	93.529286	93.697353	G#3	64	78	1	-5
460	93.529286	93.763529	C#4	64	78	0	2
461	93.533487	94.204705	D#5	64	82	0	1
462	93.781386	93.907436	G#3	64	76	1	-5
463	93.781386	93.907436	C#4	64	76	0	2
464	93.781386	93.907436	F4	64	76	0	1
465	94.033487	94.147982	G#3	64	76	1	-5
466	94.033487	94.285587	C#4	64	76	0	2
467	94.285587	94.411637	C#4	64	76	0	2
468	94.285587	94.458906	G#3	64	76	1	-5
469	94.289789	94.801343	F5	64	82	0	3
470	94.537688	94.645881	C#4	64	70	0	2
471	94.537688	94.663738	F4	64	72	0	1
472	94.789788	95.230964	G#3	64	74	1	-5
473	94.789788	95.235166	C4	64	77	0	1
474	94.789788	96.253021	G#2	64	76	1	-2
475	94.793990	96.299240	C5	64	81	0	3
476	95.293989	95.861215	D#3	64	53	1	-5
477	95.550291	95.661636	G#3	64	73	1	-5
478	95.802392	96.022980	G#3	64	78	1	-5
479	95.802392	96.030333	C4	64	80	0	1
480	95.802392	96.030333	D#4	64	79	0	4
481	96.050291	96.263526	D#3	64	75	1	-5
482	96.302391	96.401130	G#3	64	78	1	-5
483	96.554492	96.680542	D#3	64	75	1	-5
484	96.554492	96.680542	G#3	64	75	1	-5
485	96.806592	97.184743	G#4	64	80	0	4
486	96.810794	97.236213	C5	64	79	0	3
487	96.810794	97.024029	C4	64	80	0	1
488	96.810794	97.277180	F4	64	80	0	1
489	96.810794	98.685791	F3	64	80	1	-3
490	97.314995	97.468356	A#4	64	74	0	1
491	97.562894	97.711003	F4	64	72	0	1
492	97.567095	98.248817	C5	64	79	0	3
493	97.567095	97.682641	C4	64	80	0	1
494	97.814994	97.930540	C4	64	80	0	1
495	97.814994	97.963103	G#4	64	72	0	4
496	98.071296	98.185792	C4	64	80	0	1
497	98.071296	98.283481	F4	64	84	0	1
498	98.323397	98.839152	G#4	64	78	0	4
499	98.323397	98.444195	C4	64	75	0	1
500	98.571296	98.697346	G#4	64	76	0	4
501	98.575497	98.650077	F4	64	73	0	1
502	98.823396	99.066043	A#3	64	71	1	-3
503	98.823396	99.075496	D#4	64	75	0	4
504	98.823396	100.588099	D#3	64	79	1	-5
505	98.827598	99.366462	A#4	64	79	0	1
506	99.075496	99.201547	A#3	64	69	1	-3
507	99.075496	99.201547	G4	64	69	0	3
508	99.331799	99.893773	G#4	64	78	0	4
509	99.579698	99.705748	D#4	64	97	0	4
510	99.583899	99.736210	A#3	64	78	1	-3
511	99.831798	99.904277	A#3	64	65	1	-3
512	99.831798	100.011420	G4	64	75	0	3
513	99.836000	100.332848	G4	64	79	0	3
514	100.088100	100.189991	A#3	64	78	1	-3
515	100.088100	100.269823	D#4	64	79	0	4
516	100.340201	100.844402	G#4	64	79	0	4
517	100.340201	100.425285	A#3	64	76	1	-3
518	100.588099	100.714150	D#3	64	70	1	-5
519	100.844402	101.228855	G#4	64	78	0	4
520	100.844402	101.024023	G#3	64	77	1	-5
521	100.844402	101.355956	C#4	64	77	0	2
522	100.844402	102.735155	C#3	64	78	1	-2
523	101.348603	101.808686	G4	64	87	0	3
524	101.596502	101.848602	C#4	64	80	0	2
525	101.600703	101.769821	G#3	64	79	1	-5
526	101.848602	101.936837	G#3	64	69	1	-5
527	101.848602	102.067089	F4	64	80	0	1
528	101.852804	102.311837	G#4	64	74	0	4
529	102.104904	102.201543	G#3	64	79	1	-5
530	102.104904	102.378013	C#4	64	79	0	2
531	102.357005	102.884315	A#4	64	73	0	1
532	102.357005	102.462047	G#3	64	76	1	-5
533	102.604904	102.730954	G#3	64	77	1	-5
534	102.861206	104.800279	C5	64	79	0	3
535	102.861206	102.997760	C4	64	77	0	1
536	102.861206	103.113306	E4	64	77	0	5
537	102.861206	103.683684	C3	64	77	1	-3
538	103.109105	103.235155	C4	64	77	0	1
539	103.109105	103.235155	G4	64	77	0	3
540	103.365407	103.449440	C4	64	67	0	1
541	103.613306	103.865406	E4	64	78	0	5
542	103.865406	103.869608	C4	64	77	0	1
543	103.865406	103.991456	E4	64	77	0	5
544	103.865406	104.369607	C3	64	77	1	-3
545	103.869608	104.238305	G3	64	77	1	-1
546	104.121708	104.388515	C4	64	77	0	1
547	104.121708	104.499859	E4	64	77	0	5
548	104.121708	104.499859	G4	64	77	0	3
549	104.373809	104.750909	E3	64	77	1	-4
550	104.621707	104.873808	G4	64	77	0	3
551	104.625909	104.867505	C4	64	77	0	1
552	104.878010	105.439984	F5	64	80	0	3
553	104.878010	105.140614	C4	64	73	0	1
554	104.878010	105.346496	F4	64	73	0	1
555	104.878010	106.524016	F3	64	73	1	-3
556	105.382211	105.626958	C5	64	80	0	3
557	105.630110	105.751958	F4	64	74	0	1
558	105.634311	106.393764	G#5	64	78	0	1
559	105.634311	105.744605	C4	64	78	0	1
560	105.882210	105.971496	C4	64	68	0	1
561	105.882210	106.008260	G#4	64	97	0	4
562	106.138512	106.312882	C4	64	79	0	1
563	106.138512	106.331789	F4	64	82	0	1
564	106.390613	106.882209	F5	64	79	0	3
565	106.638512	106.764562	F3	64	97	1	-3
566	106.642713	106.747755	C4	64	72	0	1
567	106.890612	107.142713	D4	64	82	0	3
568	106.894814	107.444183	A#4	64	79	0	1
569	106.894814	108.509307	A#2	64	72	1	-5
570	107.142713	107.146914	A#3	64	70	1	-3
571	107.142713	107.479897	F4	64	70	0	1
572	107.146914	108.226745	F3	64	72	1	-3
573	107.399015	107.651115	C5	64	79	0	3
574	107.399015	107.477796	A#3	64	64	1	-3
575	107.646914	107.804476	D4	64	79	0	3
576	107.651115	108.201535	A#4	64	79	0	1
577	107.651115	107.820233	A#3	64	75	1	-3
578	107.899014	108.109098	A#3	64	73	1	-3
579	107.899014	108.197333	F4	64	79	0	1
580	108.403215	108.529265	A#3	64	70	1	-3
581	108.403215	108.529265	D4	64	70	0	3
582	108.407417	108.846492	G#4	64	78	0	4
583	108.407417	108.521912	F3	64	73	1	-3
584	108.655316	108.781366	A#2	64	63	1	-5
585	108.659517	108.733046	A#3	64	62	1	-3
586	108.907416	109.159517	F4	64	76	0	1
587	108.911618	109.302373	F5	64	80	0	3
588	108.911618	109.166869	G#3	64	76	1	-5
589	108.911618	109.385357	C#4	64	76	0	2
590	109.415819	109.890608	D#5	64	83	0	1
591	109.663718	109.897961	C#4	64	78	0	2
592	109.667919	109.835986	G#3	64	78	1	-5
593	109.915818	110.008255	G#3	64	62	1	-5
594	109.915818	110.041868	F4	64	97	0	1
595	109.920020	110.385355	C5	64	84	0	3
596	110.172120	110.286616	G#3	64	74	1	-5
597	110.172120	110.475691	C#4	64	75	0	2
598	110.424221	110.942077	A#4	64	76	0	1
599	110.424221	110.597540	G#3	64	69	1	-5
600	110.672120	110.676321	C#3	64	79	1	-2
601	110.676321	110.784514	C#4	64	80	0	2
602	110.928422	112.741444	C5	64	78	0	3
603	110.928422	111.180522	C4	64	76	0	1
604	110.928422	112.567075	G#2	64	76	1	-2
605	111.176321	111.180522	G#3	64	97	1	-5
606	111.176321	111.428421	D#4	64	77	0	4
607	111.432623	111.999849	D#3	64	53	1	-5
608	111.680522	111.806572	C4	64	97	0	1
609	111.684723	111.796068	G#3	64	73	1	-5
610	111.936824	112.157412	G#3	64	78	1	-5
611	111.936824	112.164765	C4	64	80	0	1
612	111.936824	112.164765	D#4	64	79	0	4
613	112.188924	112.402159	D#3	64	75	1	-5
614	112.441025	112.539764	G#3	64	78	1	-5
615	112.688924	112.941024	G#2	64	73	1	-2
616	112.945226	113.387452	C5	64	79	0	3
617	112.945226	113.158461	C4	64	78	0	1
618	112.945226	113.411612	F4	64	78	0	1
619	113.449427	113.697326	A#4	64	77	0	1
620	113.697326	113.845435	F4	64	72	0	1
621	113.701527	114.442072	C5	64	74	0	3
622	113.701527	113.817073	C4	64	80	0	1
623	113.949426	114.082829	C4	64	65	0	1
624	113.949426	114.201526	G#4	64	97	0	4
625	114.205728	114.320224	C4	64	80	0	1
626	114.205728	114.417913	F4	64	84	0	1
627	114.457829	114.955727	G#4	64	78	0	4
628	114.457829	114.578627	C4	64	75	0	1
629	114.705728	114.709929	F3	64	67	1	-3
630	114.705728	114.831778	C4	64	97	0	1
631	114.709929	114.784509	F4	64	66	0	1
632	114.962030	115.443121	A#4	64	79	0	1
633	114.962030	115.204676	A#3	64	71	1	-3
634	114.962030	115.214130	D#4	64	75	0	4
635	114.962030	116.516649	D#3	64	79	1	-5
636	115.209929	115.335979	A#3	64	97	1	-3
637	115.209929	115.462029	G4	64	97	0	3
638	115.462029	115.534508	A#3	64	65	1	-3
639	115.466231	116.012448	G#4	64	78	0	4
640	115.966230	116.118541	A#3	64	78	1	-3
641	115.966230	116.145852	G4	64	75	0	3
642	115.970432	116.222532	G4	64	78	0	3
643	116.222532	116.978834	G#4	64	79	0	4
644	116.470431	116.572322	A#3	64	78	1	-3
645	116.470431	116.652153	D#4	64	79	0	4
646	116.722532	116.807615	A#3	64	76	1	-3
647	116.978834	117.325472	G4	64	70	0	3
648	116.978834	117.589127	C#3	64	82	1	-2
649	116.983035	117.260346	G#3	64	74	1	-5
650	117.006145	117.491438	C#4	64	76	0	2
651	117.483035	117.707824	G#4	64	78	0	4
652	117.483035	117.804463	G#3	64	79	1	-5
653	117.735135	118.369588	G4	64	84	0	3
654	117.735135	117.954673	C#4	64	79	0	2
655	117.987236	118.717277	D#2	64	62	1	-2
656	118.004042	118.265597	A#3	64	62	1	-3
657	118.021899	118.532403	D#4	64	70	0	4
658	118.239336	118.675260	A#2	64	62	1	-5
659	118.491437	119.002991	D#4	64	81	0	4
660	118.491437	118.851730	A#3	64	76	1	-3
661	118.743537	118.921058	D#4	64	76	0	4
662	118.995638	121.012442	F4	64	82	0	1
663	118.995638	120.986181	F2	64	72	1	-5
664	118.996688	119.352780	C3	64	73	1	-3
665	119.010344	119.257192	C4	64	73	0	1
666	119.029251	119.487234	F4	64	75	0	1
667	119.499839	120.993534	C3	64	57	1	-3
668	119.751939	120.027149	G#4	64	73	0	4
669	119.751939	120.077569	C4	64	72	0	1
670	120.256140	120.414753	C4	64	74	0	1
671	120.256140	121.039753	F4	64	78	0	1
672	120.508241	121.018744	C4	64	73	0	1
673	121.012442	121.344374	G#3	64	79	1	-5
674	121.012442	121.615382	C#4	64	79	0	2
675	121.012442	122.127986	C#3	64	84	1	-2
676	121.516643	121.798155	G#3	64	74	1	-5
677	122.020844	122.148995	G#3	64	79	1	-5
678	122.020844	122.181558	C#4	64	83	0	2
679	122.020844	122.199415	F4	64	80	0	1
680	122.272944	122.372734	C#3	64	78	1	-2
681	122.525045	122.697313	G#3	64	77	1	-5
682	122.777145	122.945212	C#4	64	74	0	2
683	123.029246	123.243531	A#3	64	69	1	-3
684	123.029246	123.247733	D#4	64	74	0	4
685	123.029246	123.887438	D#3	64	74	1	-5
686	123.277145	123.345422	A#3	64	72	1	-3
687	123.277145	123.423153	G4	64	72	0	3
688	123.529245	123.608026	A#3	64	69	1	-3
689	124.033446	124.159496	A#3	64	73	1	-3
690	124.033446	124.213068	G4	64	73	0	3
691	124.037648	124.311807	D#3	64	66	1	-5
692	124.537647	124.659496	A#3	64	74	1	-3
693	124.537647	124.894789	D#4	64	78	0	4
694	124.789748	124.946260	A#3	64	68	1	-3
695	125.046050	125.313906	C4	64	73	0	1
696	125.046050	125.377982	D#4	64	75	0	4
697	125.046050	125.889536	C3	64	80	1	-3
698	125.550251	125.627982	C4	64	71	0	1
699	125.802351	125.901091	D#4	64	64	0	4
700	125.802351	125.909494	C4	64	65	0	1
701	126.054452	126.377981	G4	64	84	0	3
702	126.054452	126.379031	C4	64	80	0	1
703	126.054452	126.401090	D#4	64	80	0	4
704	126.306552	126.510333	G3	64	65	1	-1
705	126.558653	126.673148	C4	64	73	0	1
706	126.810753	126.951509	C4	64	77	0	1
707	126.810753	126.984072	D#4	64	76	0	4
708	127.062854	127.255080	C4	64	74	0	1
709	127.062854	127.314954	F4	64	76	0	1
710	127.062854	128.447306	F2	64	80	1	-5
711	127.310753	127.436803	C4	64	97	0	1
712	127.310753	127.436803	G#4	64	97	0	4
713	127.314954	128.410541	C3	64	62	1	-3
714	127.567055	127.641634	C4	64	69	0	1
715	128.067054	128.199407	C4	64	79	0	1
716	128.067054	128.244575	G#4	64	78	0	4
717	128.571255	128.672095	C4	64	79	0	1
718	128.571255	128.765582	F4	64	80	0	1
719	128.823356	128.923145	C4	64	74	0	1
720	129.079658	129.341212	A#3	64	70	1	-3
721	129.079658	129.423145	C#4	64	73	0	2
722	129.079658	130.880075	A#2	64	79	1	-5
723	129.331758	130.162639	F3	64	64	1	-3
724	129.583859	129.698354	A#3	64	48	1	-3
725	130.088060	130.249824	A#3	64	76	1	-3
726	130.088060	130.252975	C#4	64	80	0	2
727	130.088060	130.257177	F4	64	80	0	1
728	130.340160	130.880075	F3	64	72	1	-3
729	130.592261	130.671042	A#3	64	68	1	-3
730	130.844361	131.222512	C#4	64	82	0	2
731	131.344360	131.348562	A#3	64	70	1	-3
732	131.344360	131.470411	C#4	64	97	0	2
733	131.348562	132.029234	F3	64	70	1	-3
734	131.596461	131.600663	A#2	64	97	1	-5
735	131.600663	131.700452	A#3	64	71	1	-3
736	132.100662	132.511376	A#3	64	78	1	-3
737	132.100662	132.535535	C#4	64	79	0	2
738	132.104864	132.450451	F3	64	75	1	-3
739	132.604863	132.801291	A#3	64	70	1	-3
740	132.604863	132.830703	C#4	64	70	0	2
741	132.604863	132.856964	F3	64	70	1	-3
742	132.856964	133.109064	A#2	64	59	1	-5
743	133.113266	133.659483	C4	64	79	0	1
744	133.113266	133.682593	F4	64	80	0	1
745	133.113266	134.915784	C3	64	79	1	-3
746	133.617467	134.183642	G3	64	64	1	-1
747	133.869567	133.973559	C4	64	77	0	1
748	134.369567	134.622717	C4	64	84	0	1
749	134.369567	134.634272	F4	64	89	0	1
750	134.373768	134.902129	G3	64	70	1	-1
751	134.625869	134.925238	C4	64	77	0	1
752	134.877969	134.999818	F4	64	74	0	1
753	135.130070	136.331749	C4	64	78	0	1
754	135.130070	136.334900	E4	64	76	0	5
755	135.130070	136.340152	C3	64	79	1	-3
756	137.146874	137.289731	F5	64	74	0	3
757	137.146874	138.896871	F2	64	80	1	-5
758	137.398974	137.539730	F5	64	78	0	3
759	137.398974	138.887418	C3	64	67	1	-3
760	137.651075	137.797083	F5	64	77	0	3
761	137.651075	138.369561	F3	64	74	1	-3
762	137.903175	138.064940	F5	64	79	0	3
763	137.903175	138.433637	C4	64	76	0	1
764	138.155276	138.331746	F5	64	79	0	3
765	138.407376	138.574393	C5	64	78	0	3
766	138.407376	138.998762	F4	64	80	0	1
767	138.659477	138.836997	C5	64	78	0	3
768	138.659477	139.027123	F3	64	77	1	-3
769	138.911577	139.069140	F5	64	79	0	3
770	138.911577	139.154224	C4	64	71	0	1
771	139.163678	139.304434	D#5	64	82	0	1
772	139.163678	141.015566	D#2	64	72	1	-2
773	139.415778	139.667879	D#5	64	79	0	1
774	139.415778	140.970398	A#2	64	72	1	-5
775	139.667879	140.315987	A#3	64	70	1	-3
776	139.919979	140.072290	D#5	64	80	0	1
777	139.919979	140.343298	G4	64	79	0	3
778	140.172080	140.312836	D#5	64	80	0	1
779	140.418928	140.555483	D#5	64	74	0	1
780	140.424180	140.642667	D#4	64	79	0	4
781	140.676281	140.851701	C5	64	73	0	3
782	140.676281	141.033423	A#3	64	76	1	-3
783	141.180482	141.725649	D#4	64	78	0	4
784	141.180482	142.540774	D#2	64	81	1	-2
785	141.405271	141.432582	A#4	64	70	0	1
786	141.432582	142.537623	A#2	64	58	1	-5
787	141.666826	141.823338	A#4	64	78	0	1
788	141.684683	141.854851	A#3	64	72	1	-3
789	141.916825	142.078590	A#4	64	76	0	1
790	141.936783	142.281321	A#3	64	74	1	-3
791	141.936783	142.422077	G4	64	78	0	3
792	142.183632	142.687833	A#4	64	80	0	1
793	142.440984	142.681530	D#4	64	82	0	4
794	142.693085	142.945185	A#4	64	79	0	1
795	142.693085	142.954639	A#3	64	76	1	-3
796	142.953589	143.117454	G#4	64	74	0	4
797	143.179429	143.347496	A#4	64	79	0	1
798	143.197286	143.773966	D#4	64	74	0	4
799	143.197286	144.744552	G#2	64	75	1	-2
800	143.419974	143.590142	C5	64	78	0	3
801	143.449386	144.653166	D#3	64	60	1	-5
802	143.701487	143.953587	D#5	64	78	0	1
803	143.701487	143.975646	G#3	64	74	1	-5
804	143.953587	144.205688	D#5	64	78	0	1
805	143.953587	144.460939	C4	64	81	0	1
806	144.205688	145.034468	C5	64	78	0	3
807	144.457788	144.707788	G#3	64	75	1	-5
808	144.709889	144.825435	D#4	64	78	0	4
809	145.214090	145.355896	F5	64	73	0	3
810	145.214090	145.752954	F4	64	74	0	1
811	145.214090	146.636357	F2	64	78	1	-5
812	145.466190	145.617450	F5	64	78	0	3
813	145.466190	146.558626	C3	64	67	1	-3
814	145.718291	145.871652	F5	64	78	0	3
815	145.718291	146.033416	C4	64	77	0	1
816	145.970391	146.126904	F5	64	78	0	3
817	145.970391	146.477743	G#4	64	78	0	4
818	146.222492	146.432575	F5	64	79	0	3
819	146.474592	146.726693	C5	64	80	0	3
820	146.474592	146.752953	F4	64	79	0	1
821	146.726693	146.884255	C4	64	77	0	1
822	146.978793	147.172070	F5	64	78	0	3
823	147.230894	147.407364	D#5	64	79	0	1
824	147.230894	147.429423	G4	64	70	0	3
825	147.230894	147.607994	D#4	64	63	0	4
826	147.230894	148.855891	D#3	64	75	1	-5
827	147.482994	147.895809	F5	64	78	0	3
828	147.482994	147.806523	A#3	64	61	1	-3
829	147.735095	147.994548	D#4	64	74	0	4
830	147.987195	148.239296	D#5	64	82	0	1
831	147.987195	148.342237	G4	64	80	0	3
832	148.239296	148.491396	D#5	64	82	0	1
833	148.491396	148.757152	C5	64	79	0	3
834	148.491396	148.731942	D#4	64	79	0	4
835	148.743497	149.064925	D#5	64	79	0	1
836	148.743497	148.957782	A#3	64	76	1	-3
837	149.247698	149.401059	A#4	64	75	0	1
838	149.247698	149.510302	D#4	64	77	0	4
839	149.247698	150.694124	D#3	64	79	1	-5
840	149.499798	149.653159	A#4	64	73	0	1
841	149.499798	149.827529	A#3	64	75	1	-3
842	149.751899	149.893705	A#4	64	78	0	1
843	149.751899	149.926268	D#4	64	74	0	4
844	150.003999	150.176268	A#4	64	76	0	1
845	150.003999	150.474587	G4	64	83	0	3
846	150.256100	150.651057	A#4	64	79	0	1
847	150.508200	150.777107	D#4	64	77	0	4
848	150.760301	150.953578	A#4	64	78	0	1
849	150.760301	150.875847	A#3	64	75	1	-3
850	151.012401	151.184670	G#4	64	76	0	4
851	151.264502	151.757148	A#4	64	78	0	1
852	151.264502	152.989289	C3	64	80	1	-3
853	151.516602	152.163660	G3	64	51	1	-1
854	151.768703	152.198324	C5	64	73	0	3
855	151.768703	152.102736	C4	64	81	0	1
856	152.020803	152.575424	G4	64	79	0	3
857	152.272904	153.166810	C5	64	77	0	3
858	152.525004	152.887399	E4	64	79	0	5
859	152.777105	152.933617	G3	64	66	1	-1
860	153.029205	153.349583	C4	64	80	0	1
861	153.281306	153.512398	F4	64	81	0	1
862	153.281306	153.802313	F4	64	79	0	1
863	153.281306	154.834875	F2	64	80	1	-5
864	153.533406	153.689919	C5	64	79	0	3
865	153.533406	154.784455	C3	64	64	1	-3
866	153.785507	153.926263	C5	64	78	0	3
867	153.785507	154.114288	C4	64	79	0	1
868	154.037607	154.194120	C5	64	79	0	3
869	154.037607	154.569119	G#4	64	81	0	4
870	154.289708	154.467228	C5	64	79	0	3
871	154.541808	154.755043	A#4	64	77	0	1
872	154.541808	154.813867	F4	64	79	0	1
873	154.793909	154.992438	F4	64	80	0	1
874	154.793909	154.966177	C4	64	81	0	1
875	155.046009	155.262395	C5	64	72	0	3
876	155.298110	155.726681	A#4	64	74	0	1
877	155.298110	155.600630	D#4	64	71	0	4
878	155.298110	156.671007	D#3	64	79	1	-5
879	155.550210	155.864285	A#3	64	76	1	-3
880	155.802311	156.297058	C5	64	76	0	3
881	155.802311	156.011344	D#4	64	73	0	4
882	156.054411	156.516595	G4	64	79	0	3
883	156.306512	156.830671	A#4	64	73	0	1
884	156.558612	156.798108	D#4	64	80	0	4
885	156.810713	156.932561	A#3	64	79	1	-3
886	157.062813	157.315964	C5	64	79	0	3
887	157.314914	157.704619	F5	64	79	0	3
888	157.314914	157.467224	G#3	64	73	1	-5
889	157.314914	157.611132	C#4	64	74	0	2
890	157.314914	159.178357	C#3	64	79	1	-2
891	157.567014	157.899997	G#3	64	74	1	-5
892	157.819115	157.966173	F5	64	80	0	3
893	157.819115	157.934661	C#4	64	70	0	2
894	158.071215	158.230879	F5	64	79	0	3
895	158.071215	158.381089	G#3	64	78	1	-5
896	158.071215	158.464072	F4	64	79	0	1
897	158.323316	158.506089	F5	64	79	0	3
898	158.575416	158.731929	D#5	64	85	0	1
899	158.575416	158.713021	G#3	64	76	1	-5
900	158.575416	159.147894	C#4	64	75	0	2
901	158.827517	159.006088	C5	64	82	0	3
902	159.079617	159.272894	F5	64	80	0	3
903	159.079617	159.205667	G#3	64	69	1	-5
904	159.331718	159.736129	D#5	64	81	0	1
905	159.331718	159.596423	D#4	64	74	0	4
906	159.331718	160.251885	D#3	64	80	1	-5
907	159.583818	159.902095	A#3	64	70	1	-3
908	159.835919	160.088019	F5	64	78	0	3
909	159.835919	160.102725	D#4	64	73	0	4
910	160.088019	162.333814	D#5	64	80	0	1
911	160.088019	160.614279	G4	64	80	0	3
912	160.592220	160.856926	D#4	64	82	0	4
913	160.773943	160.864279	A#3	64	78	1	-3
914	161.188858	163.200410	A#3	64	67	1	-3
915	161.251883	163.242427	D#2	64	81	1	-2
916	161.266589	163.205662	D#4	64	76	0	4
917	161.342219	163.196208	G4	64	72	0	3
918	163.361124	165.007130	F3	64	83	1	-3
919	163.365326	163.825409	F5	64	82	0	3
920	163.365326	163.627930	C4	64	74	0	1
921	163.365326	163.833812	F4	64	78	0	1
922	163.869527	164.092215	C5	64	82	0	3
923	164.117425	164.180451	F4	64	80	0	1
924	164.117425	164.227719	C4	64	80	0	1
925	164.121627	164.749778	G#5	64	79	0	1
926	164.369526	164.432551	F4	64	75	0	1
927	164.369526	164.432551	G#4	64	75	0	4
928	164.369526	164.458812	C4	64	75	0	1
929	164.621627	164.795996	C4	64	79	0	1
930	164.621627	164.814904	F4	64	82	0	1
931	164.877929	165.349567	F5	64	80	0	3
932	165.125828	165.377928	F3	64	97	1	-3
933	165.382130	165.835911	A#4	64	80	0	1
934	165.382130	166.996623	A#2	64	79	1	-5
935	165.630029	165.967213	F4	64	79	0	1
936	165.634230	166.714061	F3	64	65	1	-3
937	165.886331	166.390532	C5	64	79	0	3
938	165.886331	165.932549	A#3	64	64	1	-3
939	166.134230	166.291792	D4	64	79	0	3
940	166.138431	166.307549	A#3	64	75	1	-3
941	166.386330	166.596414	A#3	64	73	1	-3
942	166.386330	166.684649	F4	64	79	0	1
943	166.390532	166.904186	A#4	64	78	0	1
944	166.890531	167.142632	F3	64	75	1	-3
945	166.894733	167.391581	G#4	64	78	0	4
946	167.142632	167.394732	A#3	64	65	1	-3
947	167.394732	167.520782	F4	64	85	0	1
948	167.394732	167.649984	G#3	64	82	1	-5
949	167.394732	167.868471	C#4	64	82	0	2
950	167.394732	169.293889	C#3	64	82	1	-2
951	167.398934	167.784437	A#4	64	81	0	1
952	167.898933	167.991370	G#3	64	65	1	-5
953	167.903135	168.101664	C5	64	77	0	3
954	168.151034	168.319101	G#3	64	78	1	-5
955	168.151034	168.385277	C#4	64	78	0	2
956	168.155235	168.826453	D#5	64	82	0	1
957	168.403134	168.529184	G#3	64	76	1	-5
958	168.403134	168.529184	C#4	64	76	0	2
959	168.403134	168.529184	F4	64	76	0	1
960	168.655235	168.769730	G#3	64	76	1	-5
961	168.655235	168.907335	C#4	64	76	0	2
962	168.907335	169.033385	C#4	64	76	0	2
963	168.907335	169.080654	G#3	64	76	1	-5
964	168.911537	169.423091	F5	64	82	0	3
965	169.159436	169.267629	C#4	64	70	0	2
966	169.159436	169.285486	F4	64	72	0	1
967	169.411536	169.852712	G#3	64	74	1	-5
968	169.411536	169.856914	C4	64	77	0	1
969	169.411536	170.874769	G#2	64	76	1	-2
970	169.415738	170.920988	C5	64	81	0	3
971	169.915737	170.482963	D#3	64	53	1	-5
972	170.172039	170.283384	G#3	64	73	1	-5
973	170.424140	170.644728	G#3	64	78	1	-5
974	170.424140	170.652081	C4	64	80	0	1
975	170.424140	170.652081	D#4	64	79	0	4
976	170.672039	170.885274	D#3	64	75	1	-5
977	170.924139	171.022878	G#3	64	78	1	-5
978	171.176240	171.302290	D#3	64	75	1	-5
979	171.176240	171.302290	G#3	64	75	1	-5
980	171.428340	171.806491	G#4	64	80	0	4
981	171.432542	171.857961	C5	64	79	0	3
982	171.432542	171.645777	C4	64	80	0	1
983	171.432542	171.898928	F4	64	80	0	1
984	171.432542	173.307539	F3	64	80	1	-3
985	171.936743	172.090104	A#4	64	74	0	1
986	172.184641	172.332751	F4	64	72	0	1
987	172.188843	172.870565	C5	64	79	0	3
988	172.188843	172.304389	C4	64	80	0	1
989	172.436742	172.552288	C4	64	80	0	1
990	172.436742	172.584851	G#4	64	72	0	4
991	172.693044	172.807540	C4	64	80	0	1
992	172.693044	172.905229	F4	64	84	0	1
993	172.945145	173.460900	G#4	64	78	0	4
994	172.945145	173.065943	C4	64	75	0	1
995	173.193044	173.319094	G#4	64	76	0	4
996	173.197245	173.271825	F4	64	73	0	1
997	173.445144	173.687791	A#3	64	71	1	-3
998	173.445144	173.697245	D#4	64	75	0	4
999	173.445144	175.209847	D#3	64	79	1	-5
1000	173.449346	173.988210	A#4	64	79	0	1
1001	173.697245	173.823295	A#3	64	69	1	-3
1002	173.697245	173.823295	G4	64	69	0	3
1003	173.953547	174.515521	G#4	64	78	0	4
1004	174.201446	174.327496	D#4	64	97	0	4
1005	174.205647	174.357958	A#3	64	78	1	-3
1006	174.453546	174.526025	A#3	64	65	1	-3
1007	174.453546	174.633168	G4	64	75	0	3
1008	174.457748	174.954596	G4	64	79	0	3
1009	174.709848	174.811739	A#3	64	78	1	-3
1010	174.709848	174.891571	D#4	64	79	0	4
1011	174.961949	175.466150	G#4	64	79	0	4
1012	174.961949	175.047033	A#3	64	76	1	-3
1013	175.209847	175.335898	D#3	64	70	1	-5
1014	175.466150	175.850603	G#4	64	78	0	4
1015	175.466150	175.645771	G#3	64	77	1	-5
1016	175.466150	175.977704	C#4	64	77	0	2
1017	175.466150	177.356903	C#3	64	78	1	-2
1018	175.970351	176.430434	G4	64	87	0	3
1019	176.218250	176.470350	C#4	64	80	0	2
1020	176.222451	176.391569	G#3	64	79	1	-5
1021	176.470350	176.558585	G#3	64	69	1	-5
1022	176.470350	176.688837	F4	64	80	0	1
1023	176.474552	176.933585	G#4	64	74	0	4
1024	176.726652	176.823291	G#3	64	79	1	-5
1025	176.726652	176.999761	C#4	64	79	0	2
1026	176.978753	177.506063	A#4	64	73	0	1
1027	176.978753	177.083795	G#3	64	76	1	-5
1028	177.226652	177.352702	G#3	64	77	1	-5
1029	177.482954	179.422027	C5	64	79	0	3
1030	177.482954	177.619508	C4	64	77	0	1
1031	177.482954	177.735054	E4	64	77	0	5
1032	177.482954	178.305432	C3	64	77	1	-3
1033	177.730852	177.856903	C4	64	77	0	1
1034	177.730852	177.856903	G4	64	77	0	3
1035	177.987155	178.071188	C4	64	67	0	1
1036	178.235054	178.487154	E4	64	78	0	5
1037	178.487154	178.491356	C4	64	77	0	1
1038	178.487154	178.613204	E4	64	77	0	5
1039	178.487154	178.991355	C3	64	77	1	-3
1040	178.491356	178.860053	G3	64	77	1	-1
1041	178.743456	179.010263	C4	64	77	0	1
1042	178.743456	179.121607	E4	64	77	0	5
1043	178.743456	179.121607	G4	64	77	0	3
1044	178.995557	179.372657	E3	64	77	1	-4
1045	179.243456	179.495556	G4	64	77	0	3
1046	179.247657	179.489253	C4	64	77	0	1
1047	179.499758	180.061732	F5	64	80	0	3
1048	179.499758	179.762362	C4	64	73	0	1
1049	179.499758	179.968244	F4	64	73	0	1
1050	179.499758	181.145764	F3	64	73	1	-3
1051	180.003959	180.248706	C5	64	80	0	3
1052	180.251857	180.373706	F4	64	74	0	1
1053	180.256059	181.015512	G#5	64	78	0	1
1054	180.256059	180.366353	C4	64	78	0	1
1055	180.503958	180.593244	C4	64	68	0	1
1056	180.503958	180.630008	G#4	64	97	0	4
1057	180.760260	180.934630	C4	64	79	0	1
1058	180.760260	180.953537	F4	64	82	0	1
1059	181.012361	181.503957	F5	64	79	0	3
1060	181.260260	181.386310	F3	64	97	1	-3
1061	181.264461	181.369503	C4	64	72	0	1
1062	181.512360	181.764461	D4	64	82	0	3
1063	181.516562	182.065931	A#4	64	79	0	1
1064	181.516562	183.131055	A#2	64	72	1	-5
1065	181.764461	181.768662	A#3	64	70	1	-3
1066	181.764461	182.101645	F4	64	70	0	1
1067	181.768662	182.848493	F3	64	72	1	-3
1068	182.020763	182.272863	C5	64	79	0	3
1069	182.020763	182.099544	A#3	64	64	1	-3
1070	182.268662	182.426224	D4	64	79	0	3
1071	182.272863	182.823283	A#4	64	79	0	1
1072	182.272863	182.441981	A#3	64	75	1	-3
1073	182.520762	182.730846	A#3	64	73	1	-3
1074	182.520762	182.819081	F4	64	79	0	1
1075	183.024963	183.151013	A#3	64	70	1	-3
1076	183.024963	183.151013	D4	64	70	0	3
1077	183.029165	183.468240	G#4	64	78	0	4
1078	183.029165	183.143660	F3	64	73	1	-3
1079	183.277063	183.403114	A#2	64	63	1	-5
1080	183.281265	183.354794	A#3	64	62	1	-3
1081	183.529164	183.781265	F4	64	76	0	1
1082	183.533366	183.924121	F5	64	80	0	3
1083	183.533366	183.788617	G#3	64	76	1	-5
1084	183.533366	184.007105	C#4	64	76	0	2
1085	184.037567	184.512356	D#5	64	83	0	1
1086	184.285466	184.519709	C#4	64	78	0	2
1087	184.289667	184.457734	G#3	64	78	1	-5
1088	184.537566	184.630003	G#3	64	62	1	-5
1089	184.537566	184.663616	F4	64	97	0	1
1090	184.541768	185.007103	C5	64	84	0	3
1091	184.793868	184.908364	G#3	64	74	1	-5
1092	184.793868	185.097439	C#4	64	75	0	2
1093	185.045969	185.563825	A#4	64	76	0	1
1094	185.045969	185.219288	G#3	64	69	1	-5
1095	185.293868	185.298069	C#3	64	79	1	-2
1096	185.298069	185.406262	C#4	64	80	0	2
1097	185.550170	187.363192	C5	64	78	0	3
1098	185.550170	185.802270	C4	64	76	0	1
1099	185.550170	187.188823	G#2	64	76	1	-2
1100	185.798068	185.802270	G#3	64	97	1	-5
1101	185.798068	186.050169	D#4	64	77	0	4
1102	186.054371	186.621597	D#3	64	53	1	-5
1103	186.302270	186.428320	C4	64	97	0	1
1104	186.306471	186.417816	G#3	64	73	1	-5
1105	186.558572	186.779160	G#3	64	78	1	-5
1106	186.558572	186.786513	C4	64	80	0	1
1107	186.558572	186.786513	D#4	64	79	0	4
1108	186.810672	187.023907	D#3	64	75	1	-5
1109	187.062773	187.161512	G#3	64	78	1	-5
1110	187.310672	187.562772	G#2	64	73	1	-2
1111	187.566974	188.009200	C5	64	79	0	3
1112	187.566974	187.780209	C4	64	78	0	1
1113	187.566974	188.033360	F4	64	78	0	1
1114	188.071175	188.319074	A#4	64	77	0	1
1115	188.319074	188.467183	F4	64	72	0	1
1116	188.323275	189.063820	C5	64	74	0	3
1117	188.323275	188.438821	C4	64	80	0	1
1118	188.571174	188.704577	C4	64	65	0	1
1119	188.571174	188.823274	G#4	64	97	0	4
1120	188.827476	188.941972	C4	64	80	0	1
1121	188.827476	189.039661	F4	64	84	0	1
1122	189.079577	189.577475	G#4	64	78	0	4
1123	189.079577	189.200375	C4	64	75	0	1
1124	189.327476	189.331677	F3	64	67	1	-3
1125	189.327476	189.453526	C4	64	97	0	1
1126	189.331677	189.406257	F4	64	66	0	1
1127	189.583778	190.064869	A#4	64	79	0	1
1128	189.583778	189.826424	A#3	64	71	1	-3
1129	189.583778	189.835878	D#4	64	75	0	4
1130	189.583778	191.138397	D#3	64	79	1	-5
1131	189.831677	189.957727	A#3	64	97	1	-3
1132	189.831677	190.083777	G4	64	97	0	3
1133	190.083777	190.156256	A#3	64	65	1	-3
1134	190.087979	190.634196	G#4	64	78	0	4
1135	190.587978	190.740289	A#3	64	78	1	-3
1136	190.587978	190.767600	G4	64	75	0	3
1137	190.592180	190.844280	G4	64	78	0	3
1138	190.844280	191.600582	G#4	64	79	0	4
1139	191.092179	191.194070	A#3	64	78	1	-3
1140	191.092179	191.273901	D#4	64	79	0	4
1141	191.344279	191.429363	A#3	64	76	1	-3
1142	191.600582	191.947220	G4	64	70	0	3
1143	191.600582	192.210875	C#3	64	82	1	-2
1144	191.604783	191.882094	G#3	64	74	1	-5
1145	191.627893	192.113186	C#4	64	76	0	2
1146	192.104783	192.329572	G#4	64	78	0	4
1147	192.104783	192.426211	G#3	64	79	1	-5
1148	192.356883	192.991336	G4	64	84	0	3
1149	192.356883	192.576421	C#4	64	79	0	2
1150	192.608984	193.339025	D#2	64	62	1	-2
1151	192.625790	192.887345	A#3	64	62	1	-3
1152	192.643647	193.154151	D#4	64	70	0	4
1153	192.861084	193.297008	A#2	64	62	1	-5
1154	193.113185	193.624739	D#4	64	81	0	4
1155	193.113185	193.473478	A#3	64	76	1	-3
1156	193.365285	193.542806	D#4	64	76	0	4
1157	193.617386	195.634190	F4	64	82	0	1
1158	193.617386	195.607929	F2	64	72	1	-5
1159	193.618436	193.974528	C3	64	73	1	-3
1160	193.632092	193.878940	C4	64	73	0	1
1161	193.650999	194.108982	F4	64	75	0	1
1162	194.121587	195.615282	C3	64	57	1	-3
1163	194.373687	194.648897	G#4	64	73	0	4
1164	194.373687	194.699317	C4	64	72	0	1
1165	194.877888	195.036501	C4	64	74	0	1
1166	195.629988	197.275994	F3	64	83	1	-3
1167	195.634190	196.094273	F5	64	82	0	3
1168	195.634190	195.640492	C4	64	74	0	1
1169	195.634190	195.661501	F4	64	78	0	1
1170	196.138391	196.361079	C5	64	82	0	3
1171	196.386290	196.449315	F4	64	80	0	1
1172	196.386290	196.496583	C4	64	80	0	1
1173	196.390491	197.018642	G#5	64	79	0	1
1174	196.638390	196.701415	F4	64	75	0	1
1175	196.638390	196.701415	G#4	64	75	0	4
1176	196.638390	196.727676	C4	64	75	0	1
1177	196.890490	197.064860	C4	64	79	0	1
1178	196.890490	197.083768	F4	64	82	0	1
1179	197.146793	197.618431	F5	64	80	0	3
1180	197.394692	197.646792	F3	64	97	1	-3
1181	197.650994	198.104775	A#4	64	80	0	1
1182	197.650994	199.265487	A#2	64	79	1	-5
1183	197.898893	198.236077	F4	64	79	0	1
1184	197.903094	198.982925	F3	64	65	1	-3
1185	198.155195	198.659396	C5	64	79	0	3
1186	198.155195	198.201413	A#3	64	64	1	-3
1187	198.403094	198.560656	D4	64	79	0	3
1188	198.407295	198.576413	A#3	64	75	1	-3
1189	198.655194	198.865278	A#3	64	73	1	-3
1190	198.655194	198.953513	F4	64	79	0	1
1191	198.659396	199.173050	A#4	64	78	0	1
1192	199.159395	199.411496	F3	64	75	1	-3
1193	199.163597	199.660445	G#4	64	78	0	4
1194	199.411496	199.663596	A#3	64	65	1	-3
1195	199.663596	199.789646	F4	64	85	0	1
1196	199.663596	199.918848	G#3	64	82	1	-5
1197	199.663596	200.137335	C#4	64	82	0	2
1198	199.663596	201.562753	C#3	64	82	1	-2
1199	199.667798	200.053301	A#4	64	81	0	1
1200	200.167797	200.260234	G#3	64	65	1	-5
1201	200.171999	200.370528	C5	64	77	0	3
1202	200.419898	200.587964	G#3	64	78	1	-5
1203	200.419898	200.654141	C#4	64	78	0	2
1204	200.424099	201.095317	D#5	64	82	0	1
1205	200.671998	200.798048	G#3	64	76	1	-5
1206	200.671998	200.798048	C#4	64	76	0	2
1207	200.671998	200.798048	F4	64	76	0	1
1208	200.924099	201.038594	G#3	64	76	1	-5
1209	200.924099	201.176199	C#4	64	76	0	2
1210	201.176199	201.302249	C#4	64	76	0	2
1211	201.176199	201.349518	G#3	64	76	1	-5
1212	201.180401	201.691955	F5	64	82	0	3
1213	201.428300	201.536493	C#4	64	70	0	2
1214	201.428300	201.554350	F4	64	72	0	1
1215	201.680400	202.121576	G#3	64	74	1	-5
1216	201.680400	202.125778	C4	64	77	0	1
1217	201.680400	203.143633	G#2	64	76	1	-2
1218	201.684602	203.189852	C5	64	81	0	3
1219	202.184601	202.751827	D#3	64	53	1	-5
1220	202.440903	202.552248	G#3	64	73	1	-5
1221	202.693004	202.913592	G#3	64	78	1	-5
1222	202.693004	202.920945	C4	64	80	0	1
1223	202.693004	202.920945	D#4	64	79	0	4
1224	202.940903	203.154138	D#3	64	75	1	-5
1225	203.193003	203.291742	G#3	64	78	1	-5
1226	203.445104	203.571154	D#3	64	75	1	-5
1227	203.445104	203.571154	G#3	64	75	1	-5
1228	203.697204	204.075355	G#4	64	80	0	4
1229	203.701406	204.126825	C5	64	79	0	3
1230	203.701406	203.914641	C4	64	80	0	1
1231	203.701406	204.167792	F4	64	80	0	1
1232	203.701406	205.576403	F3	64	80	1	-3
1233	204.205607	204.358968	A#4	64	74	0	1
1234	204.453506	204.601615	F4	64	72	0	1
1235	204.457707	205.139429	C5	64	79	0	3
1236	204.457707	204.573253	C4	64	80	0	1
1237	204.705606	204.821152	C4	64	80	0	1
1238	204.705606	204.853715	G#4	64	72	0	4
1239	204.961908	205.076404	C4	64	80	0	1
1240	204.961908	205.174093	F4	64	84	0	1
1241	205.214009	205.729764	G#4	64	78	0	4
1242	205.214009	205.334807	C4	64	75	0	1
1243	205.461908	205.587958	G#4	64	76	0	4
1244	205.466109	205.540689	F4	64	73	0	1
1245	205.714008	205.956655	A#3	64	71	1	-3
1246	205.714008	205.966109	D#4	64	75	0	4
1247	205.714008	207.478712	D#3	64	79	1	-5
1248	205.718210	206.257074	A#4	64	79	0	1
1249	205.966109	206.092159	A#3	64	69	1	-3
1250	205.966109	206.092159	G4	64	69	0	3
1251	206.222411	206.784385	G#4	64	78	0	4
1252	206.470310	206.596360	D#4	64	97	0	4
1253	206.474511	206.626822	A#3	64	78	1	-3
1254	206.722410	206.794889	A#3	64	65	1	-3
1255	206.722410	206.902032	G4	64	75	0	3
1256	206.726612	207.223460	G4	64	79	0	3
1257	206.978712	207.080603	A#3	64	78	1	-3
1258	206.978712	207.160435	D#4	64	79	0	4
1259	207.230813	207.735014	G#4	64	79	0	4
1260	207.230813	207.315897	A#3	64	76	1	-3
1261	207.478712	207.604762	D#3	64	70	1	-5
1262	207.735014	208.119467	G#4	64	78	0	4
1263	207.735014	207.914635	G#3	64	77	1	-5
1264	207.735014	208.246568	C#4	64	77	0	2
1265	207.735014	209.625767	C#3	64	78	1	-2
1266	208.239215	208.699298	G4	64	87	0	3
1267	208.487114	208.739214	C#4	64	80	0	2
1268	208.491315	208.660433	G#3	64	79	1	-5
1269	208.739214	208.827449	G#3	64	69	1	-5
1270	208.739214	208.957701	F4	64	80	0	1
1271	208.743416	209.202449	G#4	64	74	0	4
1272	208.995516	209.092155	G#3	64	79	1	-5
1273	208.995516	209.268625	C#4	64	79	0	2
1274	209.247617	209.774927	A#4	64	73	0	1
1275	209.247617	209.352659	G#3	64	76	1	-5
1276	209.495516	209.621566	G#3	64	77	1	-5
1277	209.751818	211.690891	C5	64	79	0	3
1278	209.751818	209.888372	C4	64	77	0	1
1279	209.751818	210.003918	E4	64	77	0	5
1280	209.751818	210.574296	C3	64	77	1	-3
1281	209.999717	210.125767	C4	64	77	0	1
1282	209.999717	210.125767	G4	64	77	0	3
1283	210.256019	210.340052	C4	64	67	0	1
1284	210.503918	210.756018	E4	64	78	0	5
1285	210.756018	210.760220	C4	64	77	0	1
1286	210.756018	210.882068	E4	64	77	0	5
1287	210.756018	211.260219	C3	64	77	1	-3
1288	210.760220	211.128917	G3	64	77	1	-1
1289	211.012320	211.279127	C4	64	77	0	1
1290	211.012320	211.390471	E4	64	77	0	5
1291	211.012320	211.390471	G4	64	77	0	3
1292	211.264421	211.641521	E3	64	77	1	-4
1293	211.512320	211.764420	G4	64	77	0	3
1294	211.516521	211.758117	C4	64	77	0	1
1295	211.768622	212.330596	F5	64	80	0	3
1296	211.768622	212.031226	C4	64	73	0	1
1297	211.768622	212.237108	F4	64	73	0	1
1298	211.768622	213.414628	F3	64	73	1	-3
1299	212.272823	212.517570	C5	64	80	0	3
1300	212.520722	212.642570	F4	64	74	0	1
1301	212.524923	213.284376	G#5	64	78	0	1
1302	212.524923	212.635217	C4	64	78	0	1
1303	212.772822	212.862108	C4	64	68	0	1
1304	212.772822	212.898872	G#4	64	97	0	4
1305	213.029124	213.203494	C4	64	79	0	1
1306	213.029124	213.222401	F4	64	82	0	1
1307	213.281225	213.772821	F5	64	79	0	3
1308	213.529123	213.655174	F3	64	97	1	-3
1309	213.533325	213.638367	C4	64	72	0	1
1310	213.781224	214.033325	D4	64	82	0	3
1311	213.785426	214.334795	A#4	64	79	0	1
1312	213.785426	215.399919	A#2	64	72	1	-5
1313	214.033325	214.037526	A#3	64	70	1	-3
1314	214.033325	214.370509	F4	64	70	0	1
1315	214.037526	215.117357	F3	64	72	1	-3
1316	214.289627	214.541727	C5	64	79	0	3
1317	214.289627	214.368408	A#3	64	64	1	-3
1318	214.537526	214.695088	D4	64	79	0	3
1319	214.541727	215.092147	A#4	64	79	0	1
1320	214.541727	214.710845	A#3	64	75	1	-3
1321	214.789626	214.999710	A#3	64	73	1	-3
1322	214.789626	215.087945	F4	64	79	0	1
1323	215.293827	215.419877	A#3	64	70	1	-3
1324	215.293827	215.419877	D4	64	70	0	3
1325	215.298029	215.737104	G#4	64	78	0	4
1326	215.298029	215.412524	F3	64	73	1	-3
1327	215.545928	215.671978	A#2	64	63	1	-5
1328	215.550129	215.623658	A#3	64	62	1	-3
1329	215.798028	216.050128	F4	64	76	0	1
1330	215.802230	216.192985	F5	64	80	0	3
1331	215.802230	216.057481	G#3	64	76	1	-5
1332	215.802230	216.275969	C#4	64	76	0	2
1333	216.306431	216.781220	D#5	64	83	0	1
1334	216.554330	216.788573	C#4	64	78	0	2
1335	216.558531	216.726598	G#3	64	78	1	-5
1336	216.806430	216.898867	G#3	64	62	1	-5
1337	216.806430	216.932480	F4	64	97	0	1
1338	216.810632	217.275967	C5	64	84	0	3
1339	217.062732	217.177228	G#3	64	74	1	-5
1340	217.062732	217.366303	C#4	64	75	0	2
1341	217.314833	217.832689	A#4	64	76	0	1
1342	217.314833	217.488152	G#3	64	69	1	-5
1343	217.562732	217.566933	C#3	64	79	1	-2
1344	217.566933	217.675126	C#4	64	80	0	2
1345	217.819034	219.632056	C5	64	78	0	3
1346	217.819034	218.071134	C4	64	76	0	1
1347	217.819034	219.457687	G#2	64	76	1	-2
1348	218.066933	218.071134	G#3	64	97	1	-5
1349	218.066933	218.319033	D#4	64	77	0	4
1350	218.323235	218.890461	D#3	64	53	1	-5
1351	218.571134	218.697184	C4	64	97	0	1
1352	218.575335	218.686680	G#3	64	73	1	-5
1353	218.827436	219.048024	G#3	64	78	1	-5
1354	218.827436	219.055377	C4	64	80	0	1
1355	218.827436	219.055377	D#4	64	79	0	4
1356	219.079536	219.292771	D#3	64	75	1	-5
1357	219.331637	219.430376	G#3	64	78	1	-5
1358	219.579536	219.831636	G#2	64	73	1	-2
1359	219.835838	220.278064	C5	64	79	0	3
1360	219.835838	220.049073	C4	64	78	0	1
1361	219.835838	220.302224	F4	64	78	0	1
1362	220.340039	220.587938	A#4	64	77	0	1
1363	220.587938	220.736047	F4	64	72	0	1
1364	220.592139	221.332684	C5	64	74	0	3
1365	220.592139	220.707685	C4	64	80	0	1
1366	220.840038	220.973441	C4	64	65	0	1
1367	220.840038	221.092139	G#4	64	97	0	4
1368	221.096340	221.210836	C4	64	80	0	1
1369	221.096340	221.308525	F4	64	84	0	1
1370	221.348441	221.846339	G#4	64	78	0	4
1371	221.348441	221.469239	C4	64	75	0	1
1372	221.596339	221.600541	F3	64	67	1	-3
1373	221.596339	221.722390	C4	64	97	0	1
1374	221.600541	221.675121	F4	64	66	0	1
1375	221.852642	222.333733	A#4	64	79	0	1
1376	221.852642	222.095288	A#3	64	71	1	-3
1377	221.852642	222.104742	D#4	64	75	0	4
1378	221.852642	223.407261	D#3	64	79	1	-5
1379	222.100541	222.226591	A#3	64	97	1	-3
1380	222.100541	222.352641	G4	64	97	0	3
1381	222.352641	222.425120	A#3	64	65	1	-3
1382	222.356843	222.903060	G#4	64	78	0	4
1383	222.856842	223.009153	A#3	64	78	1	-3
1384	222.856842	223.036464	G4	64	75	0	3
1385	222.861044	223.113144	G4	64	78	0	3
1386	223.113144	223.869446	G#4	64	79	0	4
1387	223.361043	223.462934	A#3	64	78	1	-3
1388	223.361043	223.542765	D#4	64	79	0	4
1389	223.613144	223.698227	A#3	64	76	1	-3
1390	223.869446	224.216084	G4	64	70	0	3
1391	223.869446	224.751797	C#3	64	82	1	-2
1392	223.873647	224.423016	G#3	64	74	1	-5
1393	223.896757	224.654108	C#4	64	76	0	2
1394	224.373647	224.598436	G#4	64	78	0	4
1395	224.625747	225.260200	G4	64	84	0	3
1396	224.877848	225.760199	D#2	64	62	1	-2
1397	224.894654	225.777006	A#3	64	62	1	-3
1398	224.912511	225.794863	D#4	64	70	0	4
1399	225.129948	225.718183	A#2	64	62	1	-5
1400	225.377847	225.908308	D#3	64	73	1	-5
1401	225.382049	225.893603	D#4	64	81	0	4
1402	225.886250	227.903054	F4	64	82	0	1
1403	225.887300	226.243392	C3	64	73	1	-3
1404	225.900956	226.147804	C4	64	73	0	1
1405	225.919863	226.377846	F4	64	75	0	1
1406	226.390451	227.884146	C3	64	57	1	-3
1407	226.642551	226.917761	G#4	64	73	0	4
1408	226.642551	226.968181	C4	64	72	0	1
1409	227.146752	227.930365	F4	64	78	0	1
1410	227.398853	227.909356	C4	64	73	0	1
1411	227.866289	228.408305	C5	64	81	0	3
1412	227.868390	227.876793	F2	64	73	1	-5
1413	228.109986	229.229733	C3	64	66	1	-3
1414	228.354734	229.213976	C4	64	75	0	1
1415	228.414608	228.932464	F4	64	80	0	1
1416	228.646750	229.327422	F4	64	76	0	1
1417	228.929313	229.158304	G#4	64	75	0	4
1418	229.183514	229.785404	C5	64	74	0	3
1419	229.798009	230.014395	A#3	64	60	1	-3
1420	229.862085	230.341076	D#4	64	60	0	4
1421	229.877841	231.405150	D#2	64	80	1	-2
1422	229.878891	230.445067	A#4	64	74	0	1
1423	229.908303	230.424059	G4	64	65	0	3
1424	230.128891	231.300108	A#2	64	57	1	-5
1425	230.396748	230.804310	A#3	64	59	1	-3
1426	230.408302	230.795907	G#4	64	71	0	4
1427	230.663554	231.217125	D#4	64	73	0	4
1428	230.911453	231.265444	G4	64	78	0	3
1429	231.150948	231.914603	G4	64	80	0	3
1430	231.239184	232.225527	G#4	64	72	0	4
1431	231.431410	231.764393	A#3	64	55	1	-3
1432	232.013342	233.046954	C#3	64	80	1	-2
1433	232.260191	232.804308	G4	64	72	0	3
1434	232.357880	232.939812	G#3	64	66	1	-5
1435	232.750736	233.187710	C#4	64	78	0	2
1436	232.808509	233.138341	G#4	64	73	0	4
1437	233.108929	233.223425	F4	64	78	0	1
1438	233.189811	234.857876	G4	64	79	0	3
1439	233.567962	234.893590	D#3	64	70	1	-5
1440	233.632038	235.132036	A#3	64	61	1	-3
1441	233.746533	235.121531	D#4	64	74	0	4
1442	233.851575	235.116279	G4	64	68	0	3
1443	235.382035	235.987076	D#4	64	70	0	4
1444	235.699262	240.327407	F2	64	80	1	-5
1445	235.857875	238.644636	F4	64	77	0	1
1446	236.064807	240.254928	C3	64	53	1	-3
1447	236.330563	236.528042	G3	64	65	1	-1
1448	236.540647	236.849470	G#3	64	72	1	-5
1449	236.785395	237.021739	C4	64	76	0	1
1450	237.015436	237.157243	F4	64	78	0	1
1451	237.350520	237.522789	G#4	64	70	0	4
1452	237.700309	237.856822	C5	64	78	0	3
1453	238.207662	238.368376	C5	64	45	0	3
1454	238.314804	238.493376	F5	64	73	0	3
1455	239.170896	239.338963	C5	64	68	0	3
1456	239.307450	239.418794	G5	64	71	0	5
