//Version: PianoFingering_v170101
0	1.310976	2.239838	A#2	64	89	1	-5
1	1.554878	2.201220	F3	64	66	1	-3
2	1.798781	2.239838	A#3	64	93	1	-3
3	2.042683	2.304879	D4	64	83	0	3
4	2.286586	3.243903	C3	64	69	1	-3
5	2.530488	3.162602	G3	64	55	1	-1
6	2.774391	3.252033	E4	64	92	0	5
7	3.018293	3.239838	C4	64	56	0	1
8	3.262196	4.225611	D3	64	70	1	-1
9	3.506098	4.272359	A3	64	68	1	-4
10	3.750001	4.182928	D4	64	79	0	3
11	3.993903	4.197156	F4	64	73	0	1
12	4.237806	4.707318	C3	64	67	1	-3
13	4.481708	5.260164	G3	64	70	1	-1
14	4.725611	5.193091	E4	64	81	0	5
15	4.969513	5.197156	C4	64	61	0	1
16	5.213416	6.217481	A#2	64	76	1	-5
17	5.457318	6.022359	F3	64	63	1	-3
18	5.701221	6.081302	A#3	64	92	1	-3
19	5.945123	6.138213	D4	64	70	0	3
20	6.189026	7.207319	A2	64	69	1	-1
21	6.432928	6.871953	A3	64	66	1	-4
22	6.676831	7.126018	E4	64	93	0	5
23	6.920733	7.144311	C4	64	64	0	1
24	7.164636	8.117888	G2	64	69	1	-3
25	7.408538	8.115856	G3	64	47	1	-1
26	7.652441	8.085368	A#3	64	95	1	-3
27	7.896343	8.119921	D4	64	77	0	3
28	8.140246	8.699189	C3	64	75	1	-3
29	8.384148	9.028458	G3	64	51	1	-1
30	8.628051	9.056913	C4	64	67	0	1
31	8.871953	9.087401	E4	64	66	0	5
32	9.115856	10.971547	D2	64	76	1	-3
33	9.359758	11.522361	A2	64	59	1	-1
34	9.603661	10.180897	D3	64	69	1	-1
35	9.847563	10.636182	A3	64	68	1	-4
36	10.091466	11.682930	F4	64	90	0	1
37	10.335368	11.487808	D3	64	62	1	-1
38	10.579271	10.886182	D4	64	66	0	3
39	10.823173	11.873987	A3	64	55	1	-4
40	11.067076	11.666670	D4	64	82	0	3
41	11.067076	12.077239	D2	64	60	1	-3
42	12.042686	12.522361	C2	64	71	1	-5
43	12.042686	13.010166	G3	64	93	1	-1
44	12.042686	13.032524	C4	64	85	0	1
45	12.042686	13.063011	E4	64	78	0	5
46	13.018296	13.412605	C4	64	100	0	1
47	13.018296	16.363825	F2	64	72	1	-5
48	13.506101	13.636182	C4	64	81	0	1
49	13.506101	16.296752	C3	64	56	1	-3
50	13.750003	13.859760	C4	64	85	0	1
51	13.993906	14.449191	C4	64	93	0	1
52	13.993906	15.174801	F3	64	55	1	-3
53	14.237808	14.859760	F4	64	77	0	1
54	14.481711	15.121955	A3	64	58	1	-4
55	14.969516	15.628053	C4	64	92	0	1
56	14.969516	15.810980	C4	64	65	0	1
57	14.969516	16.963419	F4	64	64	0	1
58	15.701223	16.018297	F4	64	93	0	1
59	15.945126	16.995939	C4	64	86	0	1
60	16.189028	16.363825	G4	64	107	0	3
61	16.432931	16.644313	A4	64	90	0	5
62	16.432931	17.024394	A3	64	63	1	-4
63	16.676833	16.890248	G4	64	93	0	3
64	16.920736	17.709354	E4	64	95	0	5
65	16.920736	20.479680	C2	64	73	1	-5
66	17.408541	20.810981	G2	64	60	1	-3
67	17.652443	17.772362	D4	64	90	0	3
68	17.896346	18.176834	D4	64	96	0	3
69	17.896346	20.042688	C3	64	72	1	-3
70	18.140248	19.140249	C4	64	69	0	1
71	18.384151	19.020330	G3	64	58	1	-1
72	18.871956	19.715452	E4	64	59	0	5
73	18.871956	19.865859	C4	64	63	0	1
74	19.847566	20.892282	E4	64	79	0	5
75	20.091468	20.241875	C3	64	55	1	-3
76	20.335371	20.884152	C4	64	53	0	1
77	20.579273	20.802851	C4	64	95	0	1
78	20.579273	20.888217	G3	64	62	1	-1
79	20.823176	21.158542	G4	64	102	0	3
80	20.823176	22.693095	D2	64	69	1	-3
81	21.310981	21.455290	G4	64	100	0	3
82	21.310981	22.784559	A2	64	49	1	-1
83	21.554883	21.869924	G4	64	127	0	3
84	21.798786	22.152445	D3	64	85	1	-1
85	22.042688	22.414640	G4	64	92	0	3
86	22.286591	23.130087	F#4	64	99	0	2
87	22.286591	22.918705	A3	64	79	1	-4
88	22.774396	23.615860	F#4	64	92	0	2
89	22.774396	23.644315	D4	64	64	0	3
90	22.774396	24.105697	F#2	64	65	1	-4
91	23.262201	23.512201	D4	64	112	0	3
92	23.750006	23.993908	D4	64	112	0	3
93	23.750006	24.796754	D4	64	85	0	3
94	23.750006	24.817079	F#4	64	117	0	2
95	23.993908	24.225616	C4	64	92	0	1
96	24.237811	24.467486	A3	64	85	1	-4
97	24.237811	24.920738	A3	64	77	1	-4
98	24.481713	25.128055	C4	64	93	0	1
99	24.725616	26.282527	G2	64	72	1	-3
100	25.213421	26.495942	A#3	64	112	1	-3
101	25.213421	26.176836	D3	64	56	1	-1
102	25.701226	26.408543	D4	64	97	0	3
103	26.189031	26.475616	A#3	64	89	1	-3
104	26.676836	27.176836	F#3	64	69	1	-2
105	26.676836	27.630088	A3	64	73	1	-4
106	26.676836	28.148381	F#2	64	69	1	-4
107	26.676836	28.510170	C4	64	81	0	1
108	27.652446	27.989844	A#3	64	117	1	-3
109	27.652446	28.256105	F#3	64	72	1	-2
110	28.140251	28.457324	C4	64	96	0	1
111	28.140251	28.642284	A3	64	66	1	-4
112	28.628056	29.176837	D4	64	117	0	3
113	28.628056	29.691064	A#2	64	68	1	-5
114	29.115861	30.678869	F3	64	72	1	-3
115	29.359763	29.575211	D4	64	90	0	3
116	29.603666	30.081308	E4	64	89	0	5
117	29.603666	30.691065	D4	64	90	0	3
118	30.091471	30.599601	F4	64	90	0	1
119	30.091471	30.628056	A#3	64	72	1	-3
120	30.579276	31.209357	E4	64	97	0	5
121	30.579276	32.010171	C2	64	66	1	-5
122	31.067081	32.022366	G2	64	58	1	-3
123	31.554886	32.296756	C3	64	48	1	-3
124	31.554886	32.550821	C4	64	83	0	1
125	32.042691	32.451228	D4	64	97	0	3
126	32.042691	32.579276	G3	64	68	1	-1
127	32.530496	33.754073	A2	64	75	1	-1
128	33.018301	33.073179	C#4	64	99	0	2
129	33.018301	33.650415	E3	64	67	1	-4
130	33.506106	33.920740	C#4	64	107	0	2
131	33.506106	34.447163	C#4	64	117	0	2
132	33.993911	34.530496	G4	64	99	0	3
133	33.993911	35.660578	A3	64	69	1	-4
134	34.481716	35.540659	F4	64	102	0	1
135	34.481716	35.910578	D2	64	66	1	-3
136	34.969521	35.851635	A2	64	56	1	-1
137	35.457326	36.428871	F4	64	97	0	1
138	35.457326	36.445131	D3	64	43	1	-1
139	35.701228	36.010172	D4	64	95	0	3
140	36.189033	36.412611	E4	64	93	0	5
141	36.432936	37.932936	A#2	64	60	1	-5
142	36.920741	38.422774	F3	64	82	1	-3
143	37.164643	37.247977	F4	64	78	0	1
144	37.408546	37.595538	F4	64	92	0	1
145	37.408546	38.384156	D4	64	93	0	3
146	37.652448	37.918709	G4	64	86	0	3
147	37.896351	38.369928	A4	64	96	0	5
148	37.896351	38.428871	A#3	64	70	1	-3
149	38.384156	39.083343	G4	64	112	0	3
150	38.384156	40.252043	C3	64	59	1	-3
151	38.871961	39.924807	G3	64	69	1	-1
152	39.115863	39.227652	G4	64	96	0	3
153	39.359766	39.552855	G4	64	96	0	3
154	39.359766	40.461392	E4	64	95	0	5
155	39.603668	39.786595	F4	64	90	0	1
156	39.847571	40.329278	E4	64	93	0	5
157	39.847571	40.457327	C4	64	88	0	1
158	40.335376	42.979686	F4	64	100	0	1
159	40.335376	42.239848	F2	64	77	1	-5
160	40.823181	42.284563	C3	64	58	1	-3
161	41.310986	43.058954	F3	64	86	1	-3
162	41.798791	41.975620	A3	64	85	1	-4
163	42.286596	42.837409	D4	64	86	0	3
164	42.286596	43.144320	A#3	64	107	1	-3
165	42.286596	43.197165	A#2	64	90	1	-5
166	43.262206	44.142287	C3	64	67	1	-3
167	43.262206	44.215458	G3	64	82	1	-1
168	43.262206	44.243913	E4	64	93	0	5
169	43.262206	44.256109	C4	64	93	0	1
170	44.237816	44.569117	C4	64	99	0	1
171	44.237816	46.008142	F2	64	83	1	-5
172	44.725621	44.839442	C4	64	92	0	1
173	44.725621	46.205296	C3	64	50	1	-3
174	44.969523	45.085377	C4	64	82	0	1
175	45.213426	45.459361	C4	64	95	0	1
176	45.213426	46.947166	C4	64	96	0	1
177	45.457328	46.085377	F4	64	95	0	1
178	45.701231	47.093508	A3	64	52	1	-4
179	46.189036	47.032532	C4	64	83	0	1
180	46.189036	47.487817	F2	64	66	1	-5
181	46.676841	47.351638	C3	64	59	1	-3
182	46.920743	47.272370	F4	64	96	0	1
183	47.164646	48.207329	C4	64	100	0	1
184	47.408548	47.621963	G4	64	107	0	3
185	47.652451	47.916679	A4	64	85	0	5
186	47.652451	48.197167	A3	64	71	1	-4
187	47.896353	48.152451	G4	64	96	0	3
188	48.140256	48.634158	E4	64	100	0	5
189	48.140256	49.930907	C2	64	75	1	-5
190	48.628061	50.152452	G2	64	56	1	-3
191	48.871963	49.016272	D4	64	93	0	3
192	49.115866	49.308955	D4	64	112	0	3
193	49.115866	49.607736	C3	64	54	1	-3
194	49.115866	50.957330	C4	64	95	0	1
195	49.359768	49.463427	E4	64	73	0	5
196	49.481720	49.628061	D4	64	88	0	3
197	49.603671	50.329281	C4	64	92	0	1
198	49.603671	51.182940	G3	64	71	1	-1
199	50.091476	51.873997	C2	64	85	1	-5
200	50.579281	52.060989	G2	64	54	1	-3
201	51.067086	52.115867	E4	64	107	0	5
202	51.310988	51.640257	G3	64	66	1	-1
203	51.554891	52.093509	C4	64	89	0	1
204	51.798793	52.036598	C4	64	89	0	1
205	51.798793	52.121964	G3	64	88	1	-1
206	52.042696	52.406517	G4	64	100	0	3
207	52.042696	53.827249	D2	64	79	1	-3
208	52.530501	52.640257	G4	64	112	0	3
209	52.530501	53.916680	A2	64	59	1	-1
210	52.774403	53.237818	G4	64	127	0	3
211	53.018306	53.550826	D4	64	97	0	3
212	53.018306	53.837412	D3	64	72	1	-1
213	53.262208	53.650420	G4	64	107	0	3
214	53.506111	53.743916	A3	64	85	1	-4
215	53.750013	54.441071	F#4	64	112	0	2
216	53.750013	54.046761	G3	64	70	1	-1
217	53.993916	55.245949	F#2	64	95	1	-4
218	54.481721	54.804892	D4	64	122	0	3
219	54.481721	55.028469	D3	64	89	1	-1
220	54.969526	55.144323	D4	64	112	0	3
221	54.969526	55.979689	A3	64	93	1	-4
222	55.213428	55.437006	C4	64	93	0	1
223	55.457331	55.788632	A3	64	97	1	-4
224	55.457331	55.969526	F#3	64	92	1	-2
225	55.701233	56.233754	C4	64	117	0	1
226	55.945136	57.526437	G2	64	90	1	-3
227	56.189038	56.422778	D4	64	69	0	3
228	56.432941	57.774405	A#3	64	97	1	-3
229	56.432941	57.404486	D3	64	63	1	-1
230	56.920746	57.896356	D4	64	100	0	3
231	57.408551	57.896356	A#3	64	99	1	-3
232	57.896356	59.575218	F#2	64	95	1	-4
233	58.384161	58.977657	A3	64	62	1	-4
234	58.871966	59.280503	A#3	64	122	1	-3
235	58.871966	59.821153	C4	64	92	0	1
236	59.359771	59.747982	C4	64	99	0	1
237	59.359771	59.835381	A3	64	73	1	-4
238	59.847576	60.552861	D4	64	112	0	3
239	59.847576	61.282536	A#2	64	90	1	-5
240	60.335381	60.971560	F3	64	71	1	-3
241	60.579283	60.697170	D4	64	97	0	3
242	60.823186	61.008145	D4	64	99	0	3
243	60.823186	61.798796	A#3	64	97	1	-3
244	60.823186	61.798796	D4	64	96	0	3
245	61.067088	61.274406	E4	64	96	0	5
246	61.310991	61.831316	F4	64	102	0	1
247	61.310991	61.798796	F3	64	59	1	-3
248	61.798796	62.571154	E4	64	102	0	5
249	61.798796	63.087414	C2	64	85	1	-5
250	62.286601	62.845544	G3	64	69	1	-1
251	62.286601	63.262211	C3	64	38	1	-3
252	62.774406	63.723593	E4	64	90	0	5
253	62.774406	63.741886	C4	64	95	0	1
254	63.262211	63.676845	D4	64	117	0	3
255	63.262211	63.731723	G3	64	74	1	-1
256	63.750016	64.121967	C#4	64	127	0	2
257	63.750016	64.890260	A2	64	82	1	-1
258	64.237821	64.343512	C#4	64	117	0	2
259	64.237821	64.823187	E3	64	74	1	-4
260	64.481723	64.581317	C#4	64	107	0	2
261	64.725626	65.002049	C#4	64	122	0	2
262	64.725626	65.790667	C#4	64	90	0	2
263	64.725626	65.796764	E4	64	95	0	5
264	64.969528	65.713431	G4	64	100	0	3
265	65.213431	66.004082	A3	64	89	1	-4
266	65.701236	66.701236	F4	64	102	0	1
267	65.701236	67.024407	D2	64	72	1	-3
268	66.189041	66.971561	A2	64	47	1	-1
269	66.676846	67.343513	D3	64	76	1	-1
270	66.676846	67.361805	F4	64	107	0	1
271	66.920748	67.217496	D4	64	100	0	3
272	66.920748	67.764245	A3	64	67	1	-4
273	67.164651	67.668716	E4	64	93	0	5
274	67.408553	67.567090	E4	64	95	0	5
275	67.652456	68.221562	F4	64	100	0	1
276	67.652456	68.869936	A#2	64	92	1	-5
277	68.140261	68.678879	F3	64	81	1	-3
278	68.384163	68.489855	F4	64	100	0	1
279	68.628066	68.792700	F4	64	102	0	1
280	68.628066	69.628066	D4	64	96	0	3
281	68.628066	69.636196	A#3	64	79	1	-3
282	68.871968	69.089448	G4	64	96	0	3
283	69.115871	69.624001	A4	64	112	0	5
284	69.115871	69.630099	F3	64	72	1	-3
285	69.603676	70.174814	G4	64	107	0	3
286	69.603676	71.398392	C3	64	75	1	-3
287	70.091481	70.778473	G3	64	78	1	-1
288	70.335383	70.441075	G4	64	102	0	3
289	70.579286	70.760180	G4	64	117	0	3
290	70.579286	71.658554	E4	64	99	0	5
291	70.823188	71.060993	F4	64	112	0	1
292	71.067091	71.648392	C4	64	88	0	1
293	71.310993	71.441075	E4	64	117	0	5
294	71.554896	72.284571	G4	64	127	0	3
295	71.554896	73.485791	F2	64	92	1	-5
296	72.042701	73.485791	C3	64	65	1	-3
297	72.286603	74.142295	F4	64	127	0	1
298	72.530506	73.272376	C4	64	102	0	1
299	73.018311	73.264246	A3	64	75	1	-4
300	73.506116	74.091482	D4	64	97	0	3
301	73.506116	74.302864	F3	64	89	1	-3
302	73.506116	74.374002	A#3	64	112	1	-3
303	73.506116	74.412620	A#2	64	86	1	-5
304	74.481726	74.760181	C4	64	117	0	1
305	74.481726	75.371970	C3	64	92	1	-3
306	74.481726	75.445141	C4	64	100	0	1
307	74.481726	75.463433	G3	64	95	1	-1
308	74.481726	75.473596	E4	64	96	0	5
309	74.725628	74.904490	D4	64	102	0	3
310	74.969531	75.164653	F4	64	127	0	1
311	75.213433	75.351645	G4	64	100	0	3
312	75.457336	75.934978	A4	64	112	0	5
313	75.457336	77.069125	F2	64	81	1	-5
314	75.701238	76.571157	C3	64	88	1	-3
315	75.945141	76.347580	F3	64	89	1	-3
316	76.189043	76.656523	A4	64	127	0	5
317	76.189043	76.794735	A3	64	81	1	-4
318	76.432946	77.290670	F4	64	122	0	1
319	76.676848	76.892296	C5	64	102	0	3
320	76.676848	77.044735	C3	64	72	1	-3
321	76.920751	77.392296	A4	64	117	0	5
322	76.920751	77.459369	C4	64	100	0	1
323	77.164653	77.447174	A3	64	92	1	-4
324	77.408556	78.034572	G4	64	112	0	3
325	77.408556	78.991890	C2	64	67	1	-5
326	77.652458	79.030508	G2	64	78	1	-3
327	77.896361	78.485792	C3	64	95	1	-3
328	78.140263	78.565060	G4	64	107	0	3
329	78.140263	78.530507	G3	64	92	1	-1
330	78.384166	79.355711	E4	64	112	0	5
331	78.628068	78.890264	C5	64	102	0	3
332	78.628068	78.867906	C3	64	97	1	-3
333	78.871971	79.304898	G4	64	112	0	3
334	78.871971	79.390264	C4	64	92	0	1
335	79.115873	79.414654	G3	64	100	1	-1
336	79.359776	79.778475	F4	64	102	0	1
337	79.359776	80.764248	D2	64	86	1	-3
338	79.603678	80.713435	A2	64	69	1	-1
339	79.847581	80.428882	D3	64	95	1	-1
340	80.091483	80.191077	F4	64	95	0	1
341	80.091483	80.479695	A3	64	90	1	-4
342	80.335386	80.455305	F4	64	97	0	1
343	80.335386	81.134167	F4	64	122	0	1
344	80.579288	80.721565	G4	64	107	0	3
345	80.579288	80.979695	D3	64	96	1	-1
346	80.823191	81.018313	A4	64	102	0	5
347	80.823191	81.146362	D4	64	100	0	3
348	81.067093	81.274411	F4	64	107	0	1
349	81.067093	81.310996	A3	64	97	1	-4
350	81.310996	81.827256	D4	64	107	0	3
351	81.310996	81.939045	A#2	64	112	1	-5
352	81.554898	81.971565	F3	64	77	1	-3
353	81.798801	82.008151	G4	64	127	0	3
354	81.798801	82.006118	D4	64	102	0	3
355	82.042703	82.300834	E4	64	95	0	5
356	82.042703	82.808964	C3	64	93	1	-3
357	82.530508	82.713435	E4	64	97	0	5
358	82.530508	82.760183	G3	64	93	1	-1
359	82.774411	84.095549	F4	64	112	0	1
360	82.774411	84.154493	F2	64	79	1	-5
361	83.018313	84.138232	C3	64	52	1	-3
362	83.262216	83.932948	F3	64	72	1	-3
363	83.506118	83.829289	G3	64	81	1	-1
364	83.750021	83.961403	A3	64	59	1	-4
365	83.993923	84.178883	G3	64	82	1	-1
366	84.237826	84.437013	C4	64	107	0	1
367	84.237826	85.193111	C4	64	122	0	1
368	84.237826	85.207338	C3	64	97	1	-3
369	84.237826	85.213436	E4	64	102	0	5
370	84.237826	85.239859	G3	64	77	1	-1
371	84.481728	84.638233	D4	64	95	0	3
372	84.725631	84.971566	F4	64	117	0	1
373	84.969533	85.144330	G4	64	97	0	3
374	85.213436	85.760184	A4	64	127	0	5
375	85.213436	86.680916	F2	64	72	1	-5
376	85.457338	86.284574	C3	64	81	1	-3
377	85.701241	86.036607	F3	64	93	1	-3
378	85.945143	86.396363	A4	64	122	0	5
379	85.945143	86.443111	A3	64	83	1	-4
380	86.189046	87.022379	F4	64	97	0	1
381	86.432948	86.691079	C5	64	99	0	3
382	86.432948	86.666688	C3	64	78	1	-3
383	86.676851	87.113843	A4	64	127	0	5
384	86.676851	87.189046	C4	64	90	0	1
385	86.920753	87.199209	A3	64	86	1	-4
386	87.164656	87.717502	G4	64	100	0	3
387	87.164656	88.886201	C2	64	69	1	-5
388	87.408558	88.855713	G2	64	58	1	-3
389	87.652461	88.235794	C3	64	88	1	-3
390	87.896363	88.239859	G4	64	112	0	3
391	87.896363	88.280510	G3	64	82	1	-1
392	88.140266	89.050835	E4	64	112	0	5
393	88.384168	88.579290	C5	64	107	0	3
394	88.384168	88.941079	C3	64	79	1	-3
395	88.628071	89.079291	G4	64	122	0	3
396	88.628071	89.065063	C4	64	95	0	1
397	88.871973	89.079291	G3	64	75	1	-1
398	89.115876	89.601648	F4	64	102	0	1
399	89.115876	90.491893	D2	64	81	1	-3
400	89.359778	90.378071	A2	64	58	1	-1
401	89.603681	90.142299	D3	64	82	1	-1
402	89.847583	90.371974	A3	64	88	1	-4
403	90.091486	90.902462	F4	64	99	0	1
404	90.335388	90.711405	D3	64	83	1	-1
405	90.579291	90.916689	D4	64	89	0	3
406	90.823193	91.140267	D4	64	95	0	3
407	90.823193	91.042706	A3	64	68	1	-4
408	91.067096	91.745958	E4	64	127	0	5
409	91.067096	91.747990	A#2	64	107	1	-5
410	91.310998	91.741893	F3	64	40	1	-3
411	91.554901	91.674820	D4	64	34	0	3
412	91.554901	91.758153	A#3	64	89	1	-3
413	91.798803	92.304901	F4	64	107	0	1
414	91.798803	94.967503	C3	64	92	1	-3
415	92.530511	94.930918	F4	64	127	0	1
416	92.530511	94.914658	G3	64	64	1	-1
417	92.530511	94.949211	C4	64	85	0	1
418	92.530511	94.965471	E4	64	83	0	5
419	94.969536	95.906528	A#2	64	93	1	-5
420	95.213438	95.912626	F3	64	63	1	-3
421	95.457341	95.932951	D4	64	90	0	3
422	95.701243	95.926853	A#3	64	88	1	-3
423	95.945146	96.770349	C3	64	63	1	-3
424	96.189048	96.800837	G3	64	53	1	-1
425	96.432951	96.993927	E4	64	97	0	5
426	96.676853	96.967504	C4	64	79	0	1
427	96.920756	97.745959	D2	64	67	1	-3
428	97.164658	97.790675	A2	64	70	1	-1
429	97.408561	97.741894	D3	64	74	1	-1
430	97.652463	97.912626	A3	64	82	1	-4
431	97.896366	98.522382	C2	64	71	1	-5
432	98.140268	98.920756	G3	64	72	1	-1
433	98.384171	98.847586	E4	64	89	0	5
434	98.628073	98.851651	C4	64	70	0	1
435	98.871976	99.721570	A#2	64	88	1	-5
436	99.115878	99.770350	F3	64	67	1	-3
437	99.359781	99.871976	D4	64	89	0	3
438	99.603683	99.878074	A#3	64	90	1	-3
439	99.847586	100.579293	A2	64	72	1	-1
440	100.091488	100.782546	A3	64	53	1	-4
441	100.335391	100.764253	E4	64	86	0	5
442	100.579293	100.808968	C4	64	77	0	1
443	100.823196	101.725635	G2	64	63	1	-3
444	101.067098	101.770351	G3	64	59	1	-1
445	101.311001	101.752058	D4	64	95	0	3
446	101.554903	101.707342	A#3	64	88	1	-3
447	101.798806	102.306936	C3	64	85	1	-3
448	102.042708	102.772383	G3	64	58	1	-1
449	102.286611	102.798806	E4	64	89	0	5
450	102.530513	102.800839	C4	64	68	0	1
451	102.774416	105.443116	D2	64	74	1	-3
452	103.018318	105.374010	A2	64	45	1	-1
453	103.262221	103.892302	D3	64	71	1	-1
454	103.506123	103.898400	A3	64	50	1	-4
455	103.750026	105.252059	F4	64	97	0	1
456	103.993928	104.552872	D3	64	63	1	-1
457	104.237831	105.398400	E4	64	85	0	5
458	104.481733	105.434986	A3	64	32	1	-4
459	104.725636	105.713441	D3	64	68	1	-1
460	105.701246	106.349620	C3	64	71	1	-3
461	105.701246	106.591490	G3	64	97	1	-1
462	105.701246	106.613848	C4	64	96	0	1
463	105.701246	106.624010	E4	64	93	0	5
464	106.676856	107.008157	C4	64	99	0	1
465	106.676856	108.447182	F2	64	83	1	-5
466	107.164661	107.278482	C4	64	92	0	1
467	107.164661	108.644336	C3	64	50	1	-3
468	107.408563	107.524417	C4	64	82	0	1
469	107.652466	107.898401	C4	64	95	0	1
470	107.652466	109.386206	C4	64	96	0	1
471	107.896368	108.524417	F4	64	95	0	1
472	108.140271	109.532548	A3	64	52	1	-4
473	108.628076	109.300840	C4	64	83	0	1
474	108.628076	109.926857	F2	64	66	1	-5
475	109.115881	109.790678	C3	64	59	1	-3
476	109.359783	109.711410	F4	64	96	0	1
477	109.603686	110.646369	C4	64	100	0	1
478	109.847588	110.061003	G4	64	107	0	3
479	110.091491	110.355719	A4	64	85	0	5
480	110.091491	110.636207	A3	64	71	1	-4
481	110.335393	110.591491	G4	64	96	0	3
482	110.579296	111.073198	E4	64	100	0	5
483	110.579296	112.369947	C2	64	75	1	-5
484	111.067101	112.591492	G2	64	56	1	-3
485	111.311003	111.455312	D4	64	93	0	3
486	111.554906	111.747995	D4	64	112	0	3
487	111.554906	112.046776	C3	64	54	1	-3
488	111.554906	113.396370	C4	64	95	0	1
489	111.798808	111.902467	E4	64	73	0	5
490	111.920760	112.067101	D4	64	88	0	3
491	112.042711	113.506126	C4	64	92	0	1
492	112.042711	113.621980	G3	64	71	1	-1
493	112.530516	114.313037	C2	64	85	1	-5
494	113.018321	114.500029	G2	64	54	1	-3
495	113.506126	114.554907	E4	64	107	0	5
496	113.750028	114.079297	G3	64	66	1	-1
497	113.993931	114.532549	C4	64	89	0	1
498	114.237833	114.475638	C4	64	89	0	1
499	114.237833	114.561004	G3	64	88	1	-1
500	114.481736	114.845557	G4	64	100	0	3
501	114.481736	116.266289	D2	64	79	1	-3
502	114.969541	115.079297	G4	64	112	0	3
503	114.969541	116.355720	A2	64	59	1	-1
504	115.213443	115.676858	G4	64	127	0	3
505	115.457346	115.989866	D4	64	97	0	3
506	115.457346	116.276452	D3	64	72	1	-1
507	115.701248	116.089460	G4	64	107	0	3
508	115.945151	116.182956	A3	64	85	1	-4
509	116.189053	116.880111	F#4	64	112	0	2
510	116.189053	116.485801	G3	64	70	1	-1
511	116.432956	117.684989	F#2	64	95	1	-4
512	116.920761	117.243932	D4	64	122	0	3
513	116.920761	117.467509	D3	64	89	1	-1
514	117.408566	117.583363	D4	64	112	0	3
515	117.408566	118.418729	A3	64	93	1	-4
516	117.652468	117.876046	C4	64	93	0	1
517	117.896371	118.227672	A3	64	97	1	-4
518	117.896371	118.408566	F#3	64	92	1	-2
519	118.140273	118.672794	C4	64	117	0	1
520	118.384176	119.965477	G2	64	90	1	-3
521	118.628078	118.861818	D4	64	69	0	3
522	118.871981	120.213445	A#3	64	97	1	-3
523	118.871981	119.843526	D3	64	63	1	-1
524	119.359786	120.335396	D4	64	100	0	3
525	119.847591	120.335396	A#3	64	99	1	-3
526	120.335396	122.014258	F#2	64	95	1	-4
527	120.823201	121.416697	A3	64	62	1	-4
528	121.311006	121.719543	A#3	64	122	1	-3
529	121.311006	122.260193	C4	64	92	0	1
530	121.798811	122.187022	C4	64	99	0	1
531	121.798811	122.274421	A3	64	73	1	-4
532	122.286616	122.991901	D4	64	112	0	3
533	122.286616	123.721576	A#2	64	90	1	-5
534	122.774421	123.410600	F3	64	71	1	-3
535	123.018323	123.136210	D4	64	97	0	3
536	123.262226	123.447185	D4	64	99	0	3
537	123.262226	124.237836	A#3	64	97	1	-3
538	123.262226	124.237836	D4	64	96	0	3
539	123.506128	123.713446	E4	64	96	0	5
540	123.750031	124.270356	F4	64	102	0	1
541	123.750031	124.237836	F3	64	59	1	-3
542	124.237836	125.010194	E4	64	102	0	5
543	124.237836	125.526454	C2	64	85	1	-5
544	124.725641	125.284584	G3	64	69	1	-1
545	124.725641	125.701251	C3	64	38	1	-3
546	125.213446	126.162633	E4	64	90	0	5
547	125.213446	126.180926	C4	64	95	0	1
548	125.701251	126.115885	D4	64	117	0	3
549	125.701251	126.170763	G3	64	74	1	-1
550	126.189056	126.561007	C#4	64	127	0	2
551	126.189056	127.329300	A2	64	82	1	-1
552	126.676861	126.782552	C#4	64	117	0	2
553	126.676861	127.262227	E3	64	74	1	-4
554	126.920763	127.020357	C#4	64	107	0	2
555	127.164666	127.441089	C#4	64	122	0	2
556	127.164666	128.229707	C#4	64	90	0	2
557	127.164666	128.235804	E4	64	95	0	5
558	127.408568	128.152471	G4	64	100	0	3
559	127.652471	128.443122	A3	64	89	1	-4
560	128.140276	129.140276	F4	64	102	0	1
561	128.140276	129.463447	D2	64	72	1	-3
562	128.628081	129.410601	A2	64	47	1	-1
563	129.115886	129.782553	D3	64	76	1	-1
564	129.115886	129.800845	F4	64	107	0	1
565	129.359788	129.656536	D4	64	100	0	3
566	129.359788	130.203285	A3	64	67	1	-4
567	129.603691	130.107756	E4	64	93	0	5
568	129.847593	130.006130	E4	64	95	0	5
569	130.091496	130.660602	F4	64	100	0	1
570	130.091496	131.308976	A#2	64	92	1	-5
571	130.579301	131.117919	F3	64	81	1	-3
572	130.823203	130.928895	F4	64	100	0	1
573	131.067106	131.231740	F4	64	102	0	1
574	131.067106	132.067106	D4	64	96	0	3
575	131.067106	132.075236	A#3	64	79	1	-3
576	131.311008	131.528488	G4	64	96	0	3
577	131.554911	132.063041	A4	64	112	0	5
578	131.554911	132.069139	F3	64	72	1	-3
579	132.042716	132.613854	G4	64	107	0	3
580	132.042716	133.837432	C3	64	75	1	-3
581	132.530521	133.217513	G3	64	78	1	-1
582	132.774423	132.880115	G4	64	102	0	3
583	133.018326	133.199220	G4	64	117	0	3
584	133.018326	134.097594	E4	64	99	0	5
585	133.262228	133.500033	F4	64	112	0	1
586	133.506131	134.087432	C4	64	88	0	1
587	133.750033	133.880115	E4	64	117	0	5
588	133.993936	134.723611	G4	64	127	0	3
589	133.993936	135.924831	F2	64	92	1	-5
590	134.481741	135.924831	C3	64	65	1	-3
591	134.725643	136.581335	F4	64	127	0	1
592	134.969546	135.711416	C4	64	102	0	1
593	135.457351	135.703286	A3	64	75	1	-4
594	135.945156	136.530522	D4	64	97	0	3
595	135.945156	136.741904	F3	64	89	1	-3
596	135.945156	136.813042	A#3	64	112	1	-3
597	135.945156	136.851660	A#2	64	86	1	-5
598	136.920766	137.199221	C4	64	117	0	1
599	136.920766	137.811010	C3	64	92	1	-3
600	136.920766	137.884181	C4	64	100	0	1
601	136.920766	137.902473	G3	64	95	1	-1
602	136.920766	137.912636	E4	64	96	0	5
603	137.164668	137.343530	D4	64	102	0	3
604	137.408571	137.603693	F4	64	127	0	1
605	137.652473	137.790685	G4	64	100	0	3
606	137.896376	138.374018	A4	64	112	0	5
607	137.896376	139.508165	F2	64	81	1	-5
608	138.140278	139.010197	C3	64	88	1	-3
609	138.384181	138.786620	F3	64	89	1	-3
610	138.628083	139.095563	A4	64	127	0	5
611	138.628083	139.233775	A3	64	81	1	-4
612	138.871986	139.729710	F4	64	122	0	1
613	139.115888	139.331336	C5	64	102	0	3
614	139.115888	139.483775	C3	64	72	1	-3
615	139.359791	139.831336	A4	64	117	0	5
616	139.359791	139.898409	C4	64	100	0	1
617	139.603693	139.886214	A3	64	92	1	-4
618	139.847596	140.473612	G4	64	112	0	3
619	139.847596	141.430930	C2	64	67	1	-5
620	140.091498	141.469548	G2	64	78	1	-3
621	140.335401	140.924832	C3	64	95	1	-3
622	140.579303	141.004100	G4	64	107	0	3
623	140.579303	140.969547	G3	64	92	1	-1
624	140.823206	141.794751	E4	64	112	0	5
625	141.067108	141.329304	C5	64	102	0	3
626	141.067108	141.306946	C3	64	97	1	-3
627	141.311011	141.743938	G4	64	112	0	3
628	141.311011	141.829304	C4	64	92	0	1
629	141.554913	141.853694	G3	64	100	1	-1
630	141.798816	142.217515	F4	64	102	0	1
631	141.798816	143.203288	D2	64	86	1	-3
632	142.042718	143.152475	A2	64	69	1	-1
633	142.286621	142.867922	D3	64	95	1	-1
634	142.530523	142.630117	F4	64	95	0	1
635	142.530523	142.918735	A3	64	90	1	-4
636	142.774426	142.894345	F4	64	97	0	1
637	142.774426	143.573207	F4	64	122	0	1
638	143.018328	143.160605	G4	64	107	0	3
639	143.018328	143.418735	D3	64	96	1	-1
640	143.262231	143.457353	A4	64	102	0	5
641	143.262231	143.585402	D4	64	100	0	3
642	143.506133	143.713451	F4	64	107	0	1
643	143.506133	143.750036	A3	64	97	1	-4
644	143.750036	144.266296	D4	64	107	0	3
645	143.750036	144.378085	A#2	64	112	1	-5
646	143.993938	144.410605	F3	64	77	1	-3
647	144.237841	144.447191	G4	64	127	0	3
648	144.237841	144.445158	D4	64	102	0	3
649	144.481743	144.739874	E4	64	95	0	5
650	144.481743	145.248004	C3	64	93	1	-3
651	144.969548	145.152475	E4	64	97	0	5
652	144.969548	145.199223	G3	64	93	1	-1
653	145.213451	146.534589	F4	64	112	0	1
654	145.213451	146.593533	F2	64	79	1	-5
655	145.457353	146.577272	C3	64	52	1	-3
656	145.701256	146.371988	F3	64	72	1	-3
657	145.945158	146.268329	G3	64	81	1	-1
658	146.189061	146.400443	A3	64	59	1	-4
659	146.432963	146.617923	G3	64	82	1	-1
660	146.676866	146.876053	C4	64	107	0	1
661	146.676866	147.632151	C4	64	122	0	1
662	146.676866	147.646378	C3	64	97	1	-3
663	146.676866	147.652476	E4	64	102	0	5
664	146.676866	147.678899	G3	64	77	1	-1
665	146.920768	147.077273	D4	64	95	0	3
666	147.164671	147.410606	F4	64	117	0	1
667	147.408573	147.583370	G4	64	97	0	3
668	147.652476	148.199224	A4	64	127	0	5
669	147.652476	149.119956	F2	64	72	1	-5
670	147.896378	148.723614	C3	64	81	1	-3
671	148.140281	148.475647	F3	64	93	1	-3
672	148.384183	148.835403	A4	64	122	0	5
673	148.384183	148.882151	A3	64	83	1	-4
674	148.628086	149.461419	F4	64	97	0	1
675	148.871988	149.130119	C5	64	99	0	3
676	148.871988	149.105728	C3	64	78	1	-3
677	149.115891	149.552883	A4	64	127	0	5
678	149.115891	149.628086	C4	64	90	0	1
679	149.359793	149.638249	A3	64	86	1	-4
680	149.603696	150.156542	G4	64	100	0	3
681	149.603696	151.325241	C2	64	69	1	-5
682	149.847598	151.294753	G2	64	58	1	-3
683	150.091501	150.674834	C3	64	88	1	-3
684	150.335403	150.678899	G4	64	112	0	3
685	150.335403	150.719550	G3	64	82	1	-1
686	150.579306	151.489875	E4	64	112	0	5
687	150.823208	151.018330	C5	64	107	0	3
688	150.823208	151.380119	C3	64	79	1	-3
689	151.067111	151.518331	G4	64	122	0	3
690	151.067111	151.504103	C4	64	95	0	1
691	151.311013	151.518331	G3	64	75	1	-1
692	151.554916	152.040688	F4	64	102	0	1
693	151.554916	152.930933	D2	64	81	1	-3
694	151.798818	152.817111	A2	64	58	1	-1
695	152.042721	152.581339	D3	64	82	1	-1
696	152.286623	152.811014	A3	64	88	1	-4
697	152.530526	153.341502	F4	64	99	0	1
698	152.774428	153.150445	D3	64	83	1	-1
699	153.018331	153.355729	D4	64	89	0	3
700	153.262233	153.579307	D4	64	95	0	3
701	153.262233	153.481746	A3	64	68	1	-4
702	153.506136	154.184998	E4	64	127	0	5
703	153.506136	154.187030	A#2	64	107	1	-5
704	153.750038	154.180933	F3	64	40	1	-3
705	153.993941	154.113860	D4	64	34	0	3
706	153.993941	154.197193	A#3	64	89	1	-3
707	154.237843	154.743941	F4	64	107	0	1
708	154.237843	157.406543	C3	64	92	1	-3
709	154.969551	157.369958	F4	64	127	0	1
710	154.969551	157.353698	G3	64	64	1	-1
711	154.969551	157.388251	C4	64	85	0	1
712	154.969551	157.404511	E4	64	83	0	5
713	157.408576	158.359796	A#2	64	97	1	-5
714	157.652478	158.182966	F3	64	89	1	-3
715	157.896381	158.337438	A#3	64	117	1	-3
716	158.140283	158.394349	D4	64	93	0	3
717	158.384186	159.329308	C3	64	86	1	-3
718	158.628088	159.176869	G3	64	73	1	-1
719	158.871991	159.319146	E4	64	99	0	5
720	159.115893	159.333373	C4	64	83	0	1
721	159.359796	159.916707	D3	64	79	1	-1
722	159.603698	160.339471	A3	64	77	1	-4
723	159.847601	160.335406	F4	64	107	0	1
724	160.091503	160.365894	D4	64	90	0	3
725	160.335406	160.922804	C3	64	93	1	-3
726	160.579308	161.260203	G3	64	70	1	-1
727	160.823211	161.213455	E4	64	102	0	5
728	161.067113	161.241910	C4	64	93	0	1
729	161.311016	162.272398	A#2	64	92	1	-5
730	161.554918	161.943130	F3	64	69	1	-3
731	161.798821	162.152480	A#3	64	112	1	-3
732	162.042723	162.227683	D4	64	93	0	3
733	162.286626	163.209390	A2	64	90	1	-1
734	162.530528	163.036626	A3	64	83	1	-4
735	162.774431	163.195163	E4	64	107	0	5
736	163.018333	163.203293	C4	64	75	0	1
737	163.262236	164.227683	G2	64	82	1	-3
738	163.506138	164.239878	G3	64	70	1	-1
739	163.750041	164.083374	A#3	64	107	1	-3
740	163.993943	164.176870	D4	64	93	0	3
741	164.237846	164.784594	C3	64	100	1	-3
742	164.481748	165.046789	G3	64	86	1	-1
743	164.725651	165.199228	E4	64	107	0	5
744	164.969553	165.193131	C4	64	97	0	1
745	165.213456	166.152481	A#2	64	102	1	-5
746	165.457358	165.871993	A#3	64	89	1	-3
747	165.701261	165.975651	D4	64	107	0	3
748	165.945163	166.113863	F4	64	100	0	1
749	166.189066	167.134188	C3	64	69	1	-3
750	166.432968	166.847603	G3	64	86	1	-1
751	166.676871	167.101668	E4	64	107	0	5
752	166.920773	167.256139	C4	64	100	0	1
753	167.164676	168.199229	A2	64	83	1	-1
754	167.408578	168.012237	A3	64	81	1	-4
755	167.652481	168.002075	C4	64	112	0	1
756	167.896383	168.073213	E4	64	90	0	5
757	168.140286	168.867928	D3	64	82	1	-1
758	168.384188	169.142319	A3	64	82	1	-4
759	168.628091	169.111831	F#4	64	127	0	2
760	168.871993	169.081343	D4	64	67	0	3
761	169.115896	170.981750	A#2	64	92	1	-5
762	169.359798	169.758173	F3	64	67	1	-3
763	169.603701	169.985815	A#3	64	107	1	-3
764	169.847603	170.164677	F3	64	86	1	-3
765	170.091506	171.054921	D4	64	97	0	3
766	170.335408	170.674839	F3	64	76	1	-3
767	170.579311	171.024433	A#3	64	85	1	-3
768	170.823213	171.117929	F3	64	68	1	-3
769	171.067116	172.182970	C3	64	78	1	-3
770	171.311018	171.680937	G3	64	77	1	-1
771	171.554921	171.937035	C4	64	86	0	1
772	171.798823	172.022401	G3	64	95	1	-1
773	172.042726	172.591507	C4	64	102	0	1
774	172.042726	172.611832	E4	64	117	0	5
775	172.286628	172.593539	C3	64	112	1	-3
776	172.530531	173.054921	G3	64	90	1	-1
777	173.018336	173.902482	A4	64	127	0	5
778	173.018336	174.040694	A#2	64	107	1	-5
779	173.262238	173.621995	F3	64	83	1	-3
780	173.506141	174.063052	A#3	64	127	1	-3
781	173.750043	174.000044	F3	64	85	1	-3
782	173.993946	174.361832	G4	64	112	0	3
783	173.993946	174.945166	C3	64	100	1	-3
784	174.237848	174.941101	G3	64	86	1	-1
785	174.481751	174.965491	C5	64	127	0	3
786	174.481751	174.524434	E4	64	59	0	5
787	174.481751	174.926873	C4	64	95	0	1
788	174.725653	174.959393	E4	64	86	0	5
789	174.969556	175.471589	A4	64	112	0	5
790	174.969556	175.930938	D3	64	96	1	-1
791	175.213458	175.930938	A3	64	72	1	-4
792	175.457361	175.863865	F4	64	99	0	1
793	175.701263	175.953296	D4	64	92	0	3
794	175.945166	176.768337	C3	64	97	1	-3
795	176.189068	176.951264	G3	64	79	1	-1
796	176.432971	176.878093	G4	64	127	0	3
797	176.432971	176.871995	E4	64	102	0	5
798	176.676873	176.867930	C4	64	92	0	1
799	176.920776	177.237849	F4	64	127	0	1
800	176.920776	177.880126	A#2	64	100	1	-5
801	177.164678	177.811020	F3	64	82	1	-3
802	177.408581	177.617931	D4	64	112	0	3
803	177.408581	177.859801	D4	64	97	0	3
804	177.652483	177.839475	E4	64	117	0	5
805	177.652483	177.833378	A#3	64	117	1	-3
806	177.896386	178.270370	F4	64	127	0	1
807	177.896386	178.837443	C3	64	78	1	-3
808	178.140288	178.745980	G3	64	70	1	-1
809	178.384191	178.788663	G4	64	107	0	3
810	178.384191	178.912646	C4	64	107	0	1
811	178.628093	178.841508	E4	64	90	0	5
812	178.871996	179.666712	C4	64	107	0	1
813	178.871996	179.817118	D3	64	92	1	-1
814	179.115898	179.806956	A3	64	74	1	-4
815	179.359801	179.766305	F4	64	100	0	1
816	179.603703	179.843541	D4	64	102	0	3
817	179.847606	180.786631	C3	64	95	1	-3
818	180.091508	180.855736	G3	64	81	1	-1
819	180.335411	180.760208	E4	64	102	0	5
820	180.579313	180.774435	C4	64	99	0	1
821	180.823216	181.689070	A4	64	127	0	5
822	180.823216	181.829314	A#2	64	100	1	-5
823	181.067118	181.756143	F3	64	70	1	-3
824	181.311021	181.833379	D4	64	88	0	3
825	181.554923	181.851671	A#3	64	117	1	-3
826	181.798826	182.191102	G4	64	112	0	3
827	181.798826	182.772403	C3	64	65	1	-3
828	182.042728	182.550859	G3	64	73	1	-1
829	182.286631	182.750046	C5	64	127	0	3
830	182.286631	182.778501	E4	64	97	0	5
831	182.530533	182.908582	C4	64	99	0	1
832	182.774436	183.857770	A4	64	127	0	5
833	182.774436	183.748013	A2	64	81	1	-1
834	183.018338	183.823217	A3	64	79	1	-4
835	183.262241	183.624030	E4	64	97	0	5
836	183.506143	183.786631	C4	64	97	0	1
837	183.750046	184.626062	D3	64	117	1	-1
838	183.993948	184.721591	A3	64	85	1	-4
839	184.237851	184.451266	D4	64	100	0	3
840	184.237851	184.640290	F#4	64	122	0	2
841	184.481753	184.615900	E4	64	97	0	5
842	184.481753	184.695168	D4	64	92	0	3
843	184.725656	186.109803	F4	64	127	0	1
844	184.725656	185.890290	A#2	64	97	1	-5
845	184.969558	185.374030	F3	64	60	1	-3
846	185.213461	185.573217	A#3	64	100	1	-3
847	185.457363	185.774437	F3	64	72	1	-3
848	185.701266	186.284599	A#3	64	76	1	-3
849	185.701266	186.493949	D4	64	97	0	3
850	185.945168	186.603705	A#2	64	86	1	-5
851	186.189071	186.475656	F3	64	86	1	-3
852	186.432973	186.573217	A#3	64	102	1	-3
853	186.676876	187.030535	G3	64	90	1	-1
854	186.676876	187.278502	C4	64	112	0	1
855	186.676876	187.337445	C3	64	107	1	-3
856	186.676876	187.479722	E4	64	107	0	5
857	187.164681	187.634193	G3	64	99	1	-1
858	187.408583	187.717527	C3	64	89	1	-3
859	187.652486	187.930941	C4	64	117	0	1
860	187.652486	188.219559	C4	64	117	0	1
861	187.652486	188.542730	E4	64	102	0	5
862	187.896388	188.075250	D4	64	102	0	3
863	187.896388	188.524437	C3	64	127	1	-3
864	188.140291	188.335413	F4	64	127	0	1
865	188.140291	188.481754	G3	64	96	1	-1
866	188.384193	188.522405	G4	64	100	0	3
867	188.384193	188.558990	C4	64	107	0	1
868	188.628096	189.105738	A4	64	112	0	5
869	188.628096	190.126064	F2	64	92	1	-5
870	188.871998	189.711430	C3	64	102	1	-3
871	189.115901	189.457364	F3	64	107	1	-3
872	189.359803	189.827283	A4	64	127	0	5
873	189.359803	189.819153	A3	64	100	1	-4
874	189.603706	190.343544	F4	64	127	0	1
875	189.847608	190.063056	C5	64	102	0	3
876	189.847608	190.095576	C3	64	96	1	-3
877	190.091511	190.563056	A4	64	117	0	5
878	190.091511	190.626064	C4	64	122	0	1
879	190.335413	190.593544	A3	64	99	1	-4
880	190.579316	191.205332	G4	64	112	0	3
881	190.579316	192.406552	C2	64	89	1	-5
882	190.823218	192.548829	G2	64	86	1	-3
883	191.067121	191.648422	C3	64	97	1	-3
884	191.311023	191.735820	G4	64	107	0	3
885	191.311023	191.737853	G3	64	96	1	-1
886	191.554926	192.481755	E4	64	127	0	5
887	191.798828	192.061024	C5	64	102	0	3
888	191.798828	192.036633	C3	64	112	1	-3
889	192.042731	192.475658	G4	64	112	0	3
890	192.042731	193.223626	C4	64	97	0	1
891	192.286633	192.554926	G3	64	100	1	-1
892	192.530536	192.949235	F4	64	102	0	1
893	192.530536	194.050862	D2	64	95	1	-3
894	192.774438	193.951268	A2	64	95	1	-1
895	193.018341	193.593544	D3	64	100	1	-1
896	193.262243	193.361837	F4	64	95	0	1
897	193.262243	193.652487	A3	64	78	1	-4
898	193.506146	193.626065	F4	64	97	0	1
899	193.506146	194.002081	F4	64	117	0	1
900	193.506146	194.054927	D4	64	102	0	3
901	193.750048	193.892325	G4	64	107	0	3
902	193.750048	194.359805	D3	64	107	1	-1
903	193.993951	194.189073	A4	64	102	0	5
904	193.993951	194.193138	A3	64	102	1	-4
905	194.237853	194.445171	F4	64	107	0	1
906	194.237853	194.337447	A#3	64	74	1	-3
907	194.481756	194.998016	D4	64	107	0	3
908	194.481756	194.658585	F3	64	96	1	-3
909	194.481756	194.947203	F4	64	90	0	1
910	194.481756	195.026472	D4	64	97	0	3
911	194.481756	195.109805	A#3	64	127	1	-3
912	194.481756	195.130130	A#2	64	117	1	-5
913	194.969561	195.178911	G4	64	127	0	3
914	194.969561	195.099642	F3	64	93	1	-3
915	195.213463	195.471594	E4	64	95	0	5
916	195.213463	195.495984	G3	64	95	1	-1
917	195.213463	195.715496	E4	64	112	0	5
918	195.213463	195.762244	C4	64	112	0	1
919	195.213463	195.924846	C3	64	107	1	-3
920	195.701268	195.884195	E4	64	97	0	5
921	195.701268	195.819155	G3	64	100	1	-1
922	195.945171	197.266309	F4	64	112	0	1
923	195.945171	196.869968	F3	64	107	1	-3
924	195.945171	197.095578	A3	64	99	1	-4
925	195.945171	197.103708	C4	64	102	0	1
926	195.945171	197.327285	F2	64	93	1	-5
927	196.920781	197.321188	C3	64	59	1	-3
928	197.408586	197.607773	C4	64	107	0	1
929	197.408586	197.808993	E4	64	122	0	5
930	197.408586	197.811025	G3	64	112	1	-1
931	197.408586	197.833383	C4	64	122	0	1
932	197.408586	197.985822	C3	64	100	1	-3
933	197.652488	197.808993	D4	64	95	0	3
934	197.896391	198.142326	F4	64	117	0	1
935	197.896391	198.083383	E4	64	117	0	5
936	197.896391	198.178911	C4	64	117	0	1
937	197.896391	198.296798	G3	64	96	1	-1
938	198.140293	198.315090	G4	64	97	0	3
939	198.384196	198.930944	A4	64	127	0	5
940	198.384196	198.534602	F3	64	100	1	-3
941	198.384196	198.707367	C4	64	95	0	1
942	198.384196	198.715497	A3	64	89	1	-4
943	198.384196	199.880131	F2	64	83	1	-5
944	198.628098	199.469562	C3	64	97	1	-3
945	198.872001	199.176879	F3	64	100	1	-3
946	199.115903	199.567123	A4	64	122	0	5
947	199.115903	199.587448	G3	64	96	1	-1
948	199.359806	200.097611	C4	64	122	0	1
949	199.603708	199.861839	C5	64	99	0	3
950	199.603708	199.869969	C3	64	93	1	-3
951	199.847611	200.284603	A4	64	127	0	5
952	199.847611	200.122001	A3	64	112	1	-4
953	200.091513	200.382164	G3	64	76	1	-1
954	200.335416	200.888262	G4	64	100	0	3
955	200.335416	202.130132	C2	64	86	1	-5
956	200.579318	202.308994	G2	64	78	1	-3
957	200.823221	201.408587	C3	64	100	1	-3
958	201.067123	201.410619	G4	64	112	0	3
959	201.067123	201.451270	G3	64	93	1	-1
960	201.311026	202.201270	E4	64	127	0	5
961	201.554928	201.750050	C5	64	107	0	3
962	201.554928	201.778506	C3	64	97	1	-3
963	201.798831	202.250051	G4	64	122	0	3
964	201.798831	202.250051	C4	64	102	0	1
965	202.042733	202.467530	A3	64	95	1	-4
966	202.286636	202.772408	F4	64	102	0	1
967	202.286636	203.750051	D2	64	85	1	-3
968	202.530538	203.666718	A2	64	93	1	-1
969	202.774441	203.376067	D3	64	97	1	-1
970	203.018343	203.386230	A3	64	92	1	-4
971	203.262246	204.028506	F4	64	122	0	1
972	203.506148	204.024441	D3	64	92	1	-1
973	203.750051	203.981758	D4	64	112	0	3
974	203.750051	204.028506	D4	64	117	0	3
975	203.993953	204.400458	E4	64	122	0	5
976	203.993953	204.150458	A3	64	102	1	-4
977	204.237856	204.981759	A#2	64	127	1	-5
978	204.481758	204.851677	F3	64	86	1	-3
979	204.603710	204.995986	F4	64	112	0	1
980	204.725661	204.902490	D4	64	107	0	3
981	204.969563	205.117937	C4	64	86	0	1
982	204.969563	206.185011	C3	64	107	1	-3
983	205.213466	206.983792	F4	64	127	0	1
984	205.457368	205.983791	G3	64	65	1	-1
985	205.701271	206.128100	E4	64	117	0	5
986	205.945173	206.187043	C4	64	102	0	1
987	206.189076	207.711434	F2	64	99	1	-5
988	206.432978	207.294767	C3	64	86	1	-3
989	206.676881	206.983792	F3	64	95	1	-3
990	206.920783	207.219564	A3	64	102	1	-4
991	207.164686	207.951271	C4	64	122	0	1
992	207.408588	207.674849	C3	64	97	1	-3
993	207.652491	207.955337	A3	64	107	1	-4
994	207.896393	208.170784	G3	64	88	1	-1
995	208.140296	209.959402	C2	64	88	1	-5
996	208.384198	210.058996	G2	64	85	1	-3
997	208.628101	209.241922	C3	64	97	1	-3
998	208.872003	209.296800	G4	64	107	0	3
999	208.872003	209.386231	G3	64	86	1	-1
1000	209.115906	209.993955	E4	64	117	0	5
1001	209.359808	209.622004	C5	64	102	0	3
1002	209.359808	209.772410	C3	64	95	1	-3
1003	209.603711	210.036638	G4	64	112	0	3
1004	209.603711	210.000052	C4	64	95	0	1
1005	209.847613	210.103711	G3	64	97	1	-1
1006	210.091516	210.510215	F4	64	102	0	1
1007	210.091516	211.601679	D2	64	93	1	-3
1008	210.335418	211.502085	A2	64	70	1	-1
1009	210.579321	211.095581	D3	64	99	1	-1
1010	210.823223	210.922817	F4	64	95	0	1
1011	210.823223	211.211435	A3	64	79	1	-4
1012	211.067126	211.187045	F4	64	97	0	1
1013	211.067126	211.827289	F4	64	127	0	1
1014	211.311028	211.453305	G4	64	107	0	3
1015	211.311028	211.874037	D3	64	99	1	-1
1016	211.554931	211.750053	A4	64	102	0	5
1017	211.554931	211.843549	D4	64	112	0	3
1018	211.798833	212.006151	F4	64	107	0	1
1019	211.798833	211.975663	A3	64	100	1	-4
1020	212.042736	212.558996	D4	64	107	0	3
1021	212.042736	212.697208	A#2	64	127	1	-5
1022	212.286638	212.648427	F3	64	95	1	-3
1023	212.530541	212.739891	G4	64	127	0	3
1024	212.530541	212.711435	D4	64	122	0	3
1025	212.774443	213.032574	E4	64	95	0	5
1026	212.774443	214.016314	C3	64	97	1	-3
1027	213.262248	213.445175	E4	64	97	0	5
1028	213.262248	213.752086	G3	64	83	1	-1
1029	213.506151	214.827289	F4	64	112	0	1
1030	213.506151	213.993956	E4	64	112	0	5
1031	213.750053	214.022411	C4	64	112	0	1
1032	213.993956	215.396395	F2	64	82	1	-5
1033	214.237858	215.111842	C3	64	83	1	-3
1034	214.481761	214.798834	F3	64	102	1	-3
1035	214.725663	215.002086	A3	64	112	1	-4
1036	214.969566	215.168753	C4	64	107	0	1
1037	214.969566	215.912656	C4	64	122	0	1
1038	215.213468	215.369973	D4	64	95	0	3
1039	215.213468	215.378103	C3	64	86	1	-3
1040	215.457371	215.703306	F4	64	117	0	1
1041	215.457371	215.941111	A3	64	112	1	-4
1042	215.701273	215.876070	G4	64	97	0	3
1043	215.701273	215.965501	F3	64	95	1	-3
1044	215.945176	216.491924	A4	64	127	0	5
1045	215.945176	217.745989	C2	64	86	1	-5
1046	216.189078	217.079323	G2	64	78	1	-3
1047	216.432981	217.067127	C3	64	95	1	-3
1048	216.676883	217.128103	A4	64	122	0	5
1049	216.676883	217.148428	G3	64	96	1	-1
1050	216.920786	217.682981	E4	64	122	0	5
1051	217.164688	217.422819	C5	64	99	0	3
1052	217.164688	217.874038	G2	64	93	1	-3
1053	217.408591	217.845583	A4	64	127	0	5
1054	217.408591	217.857778	C4	64	127	0	1
1055	217.652493	217.945176	G3	64	96	1	-1
1056	217.896396	218.872006	G4	64	100	0	3
1057	217.896396	219.292738	D2	64	82	1	-3
1058	218.140298	219.237860	A2	64	96	1	-1
1059	218.384201	218.957372	D3	64	95	1	-1
1060	218.628103	218.985827	A3	64	90	1	-4
1061	218.872006	219.654526	F4	64	127	0	1
1062	219.115908	219.662657	D3	64	95	1	-1
1063	219.359811	219.577291	D4	64	100	0	3
1064	219.359811	219.664689	D4	64	127	0	3
1065	219.603713	220.280543	E4	64	122	0	5
1066	219.603713	219.811031	A3	64	92	1	-4
1067	219.847616	220.528510	A#2	64	112	1	-5
1068	220.091518	220.512250	F3	64	96	1	-3
1069	220.335421	220.630136	F4	64	102	0	1
1070	220.335421	220.528510	D4	64	100	0	3
1071	220.579323	221.835421	C3	64	122	1	-3
1072	220.823226	222.264283	F4	64	127	0	1
1073	221.067128	221.536641	G3	64	93	1	-1
1074	221.311031	221.735828	E4	64	117	0	5
1075	221.554933	221.847616	C4	64	127	0	1
1076	221.798836	223.369975	F2	64	76	1	-5
1077	222.042738	222.939080	C3	64	90	1	-3
1078	222.286641	222.672820	F3	64	95	1	-3
1079	222.530543	222.874039	A3	64	92	1	-4
1080	222.774446	223.693145	F4	64	112	0	1
1081	223.018348	223.347617	C3	64	74	1	-3
1082	223.262251	223.796804	C4	64	117	0	1
1083	223.506153	223.758186	A3	64	97	1	-4
1084	223.750056	225.520382	C2	64	86	1	-5
1085	223.993958	225.711439	G2	64	92	1	-3
1086	224.237861	224.794772	C3	64	92	1	-3
1087	224.481763	224.906560	G4	64	107	0	3
1088	224.481763	224.878105	G3	64	92	1	-1
1089	224.725666	225.522414	E4	64	112	0	5
1090	224.969568	225.231764	C5	64	102	0	3
1091	224.969568	225.201276	C3	64	100	1	-3
1092	225.213471	225.646398	G4	64	112	0	3
1093	225.213471	225.646398	C4	64	112	0	1
1094	225.457373	225.754121	G3	64	99	1	-1
1095	225.701276	226.119975	F4	64	102	0	1
1096	225.701276	227.122008	D2	64	89	1	-3
1097	225.945178	227.079325	A2	64	82	1	-1
1098	226.189081	226.772414	D3	64	96	1	-1
1099	226.432983	226.532577	F4	64	95	0	1
1100	226.432983	226.831358	A3	64	88	1	-4
1101	226.676886	226.796805	F4	64	97	0	1
1102	226.676886	227.479732	F4	64	127	0	1
1103	226.920788	227.063065	G4	64	107	0	3
1104	226.920788	227.323228	D3	64	99	1	-1
1105	227.164691	227.359813	A4	64	102	0	5
1106	227.164691	227.471602	D4	64	117	0	3
1107	227.408593	227.615911	F4	64	107	0	1
1108	227.408593	227.609813	A3	64	117	1	-4
1109	227.652496	228.168756	D4	64	107	0	3
1110	227.652496	228.280545	A#2	64	112	1	-5
1111	227.896398	228.243959	F3	64	93	1	-3
1112	228.140301	228.349651	G4	64	127	0	3
1113	228.140301	228.300870	D4	64	112	0	3
1114	228.384203	228.642334	E4	64	95	0	5
1115	228.384203	229.124041	C3	64	112	1	-3
1116	228.872008	229.054935	E4	64	97	0	5
1117	228.872008	229.101683	C4	64	107	0	1
1118	228.872008	229.103716	E4	64	100	0	5
1119	229.115911	230.437049	F4	64	112	0	1
1120	229.115911	231.451277	F2	64	97	1	-5
1121	229.359813	230.284610	C3	64	86	1	-3
1122	229.603716	230.217537	F3	64	97	1	-3
1123	229.847618	230.227700	A3	64	89	1	-4
1124	230.091521	230.849651	F4	64	122	0	1
1125	230.335423	231.485830	C3	64	100	1	-3
1126	230.579326	230.778513	C4	64	107	0	1
1127	230.579326	230.841521	C4	64	122	0	1
1128	230.823228	230.979733	D4	64	95	0	3
1129	230.823228	231.128107	A3	64	65	1	-4
1130	231.067131	231.313066	F4	64	117	0	1
1131	231.067131	231.406562	G3	64	100	1	-1
1132	231.311033	231.485830	G4	64	97	0	3
1133	231.311033	231.534611	A3	64	96	1	-4
1134	231.554936	232.101684	A4	64	127	0	5
1135	231.554936	232.967538	F2	64	92	1	-5
1136	231.798838	232.666725	C3	64	83	1	-3
1137	232.042741	232.359814	F3	64	97	1	-3
1138	232.286643	232.737863	A4	64	122	0	5
1139	232.286643	232.678920	A3	64	89	1	-4
1140	232.530546	233.217538	F4	64	112	0	1
1141	232.774448	233.032579	C5	64	99	0	3
1142	232.774448	232.930953	C3	64	79	1	-3
1143	233.018351	233.455343	A4	64	127	0	5
1144	233.018351	233.536644	C4	64	96	0	1
1145	233.262253	233.500058	A3	64	96	1	-4
1146	233.506156	234.059002	G4	64	100	0	3
1147	233.506156	235.321197	C2	64	88	1	-5
1148	233.750058	235.455343	G2	64	73	1	-3
1149	233.993961	234.583392	C3	64	92	1	-3
1150	234.237863	234.581359	G4	64	112	0	3
1151	234.237863	234.605750	G3	64	86	1	-1
1152	234.481766	235.339490	E4	64	112	0	5
1153	234.725668	234.920790	C5	64	107	0	3
1154	234.725668	234.985831	C3	64	100	1	-3
1155	234.969571	235.420791	G4	64	122	0	3
1156	234.969571	235.319165	C4	64	107	0	1
1157	235.213473	235.495994	G3	64	95	1	-1
1158	235.457376	235.943148	F4	64	102	0	1
1159	235.457376	236.882173	D2	64	92	1	-3
1160	235.701278	236.823230	A2	64	81	1	-1
1161	235.945181	236.528514	D3	64	95	1	-1
1162	236.189083	236.534612	A3	64	90	1	-4
1163	236.432986	237.260222	F4	64	127	0	1
1164	236.676888	237.172824	D3	64	97	1	-1
1165	236.920791	237.040710	D4	64	102	0	3
1166	236.920791	237.221604	D4	64	112	0	3
1167	237.164693	237.876076	E4	64	127	0	5
1168	237.164693	237.402498	A3	64	90	1	-4
1169	237.408596	238.089490	A#2	64	122	1	-5
1170	237.652498	237.937051	A#3	64	112	1	-3
1171	237.896401	238.235832	F4	64	107	0	1
1172	237.896401	238.079328	D4	64	97	0	3
1173	238.140303	239.337458	C3	64	117	1	-3
1174	238.384206	240.567133	F4	64	127	0	1
1175	238.628108	238.983800	G3	64	56	1	-1
1176	238.872011	239.333393	C4	64	122	0	1
1177	239.115913	239.327296	G3	64	93	1	-1
1178	239.359816	240.863881	F2	64	86	1	-5
1179	239.603718	240.435019	C3	64	75	1	-3
1180	239.847621	240.237865	F3	64	89	1	-3
1181	240.091523	240.489898	A3	64	88	1	-4
1182	240.335426	241.166727	F4	64	122	0	1
1183	240.579328	240.839491	C3	64	95	1	-3
1184	240.823231	241.335426	C4	64	107	0	1
1185	241.067133	241.325264	A3	64	99	1	-4
1186	241.311036	243.095589	C2	64	90	1	-5
1187	241.554938	243.122012	G2	64	55	1	-3
1188	241.798841	242.414695	C3	64	89	1	-3
1189	242.042743	242.467540	G4	64	107	0	3
1190	242.042743	242.406565	G3	64	85	1	-1
1191	242.286646	243.199248	E4	64	127	0	5
1192	242.530548	242.792744	C5	64	102	0	3
1193	242.530548	243.195183	C3	64	92	1	-3
1194	242.774451	243.207378	G4	64	112	0	3
1195	242.774451	243.185020	C4	64	112	0	1
1196	243.018353	243.221606	G3	64	99	1	-1
1197	243.262256	243.680955	F4	64	102	0	1
1198	243.262256	244.687053	D2	64	72	1	-3
1199	243.506158	244.571199	A2	64	89	1	-1
1200	243.750061	244.333394	D3	64	93	1	-1
1201	243.993963	244.093557	F4	64	95	0	1
1202	243.993963	244.372012	A3	64	92	1	-4
1203	244.237866	244.357785	F4	64	97	0	1
1204	244.237866	245.016321	F4	64	127	0	1
1205	244.481768	244.624045	G4	64	107	0	3
1206	244.481768	244.896403	D3	64	112	1	-1
1207	244.725671	244.920793	A4	64	102	0	5
1208	244.725671	244.998029	D4	64	127	0	3
1209	244.969573	245.176891	F4	64	107	0	1
1210	244.969573	245.160630	A3	64	90	1	-4
1211	245.213476	245.313069	E4	64	127	0	5
1212	245.213476	245.902500	A#2	64	117	1	-5
1213	245.457378	245.624045	E4	64	112	0	5
1214	245.457378	245.764289	A#3	64	107	1	-3
1215	245.701281	245.823232	F4	64	100	0	1
1216	245.701281	245.861850	D4	64	96	0	3
1217	245.945183	246.189086	C4	64	112	0	1
1218	245.945183	247.172826	C3	64	117	1	-3
1219	246.432988	246.676891	D4	64	102	0	3
1220	246.432988	246.821200	G3	64	90	1	-1
1221	246.676891	246.951281	F4	64	107	0	1
1222	246.676891	247.109818	E4	64	117	0	5
1223	246.920793	247.209411	G4	64	90	0	3
1224	246.920793	247.209411	C4	64	122	0	1
1225	247.164696	247.512257	A4	64	102	0	5
1226	247.164696	248.678924	F2	64	82	1	-5
1227	247.408598	248.304940	C3	64	89	1	-3
1228	247.652501	248.187054	F3	64	96	1	-3
1229	247.896403	248.280550	A4	64	117	0	5
1230	247.896403	248.239899	A3	64	82	1	-4
1231	248.140306	249.052908	F4	64	112	0	1
1232	248.384208	248.628111	C5	64	112	0	3
1233	248.384208	248.640306	C3	64	83	1	-3
1234	248.628111	249.056973	A4	64	127	0	5
1235	248.628111	249.042745	C4	64	100	0	1
1236	248.872013	249.067135	A3	64	90	1	-4
1237	249.115916	249.607786	G4	64	107	0	3
1238	249.115916	250.900469	C2	64	61	1	-5
1239	249.359818	251.083396	G2	64	59	1	-3
1240	249.603721	250.223640	C3	64	100	1	-3
1241	249.847623	250.237867	G4	64	107	0	3
1242	249.847623	250.203315	G3	64	89	1	-1
1243	250.091526	250.882177	E4	64	122	0	5
1244	250.335428	250.552908	C5	64	107	0	3
1245	250.335428	250.595591	C3	64	95	1	-3
1246	250.579331	251.054941	G4	64	102	0	3
1247	250.579331	250.908599	G3	64	89	1	-1
1248	250.823233	251.054941	C4	64	107	0	1
1249	251.067136	252.498031	D2	64	88	1	-3
1250	251.311038	252.148437	F4	64	102	0	1
1251	251.311038	252.473640	A2	64	69	1	-1
1252	251.554941	252.158600	D3	64	93	1	-1
1253	251.798843	252.174860	A3	64	75	1	-4
1254	252.042746	252.798844	F4	64	107	0	1
1255	252.286648	252.764291	D3	64	93	1	-1
1256	252.530551	252.707380	D4	64	102	0	3
1257	252.530551	252.786649	D4	64	107	0	3
1258	252.774453	253.459413	E4	64	127	0	5
1259	252.774453	252.928925	A3	64	92	1	-4
1260	253.018356	253.359819	F3	64	93	1	-3
1261	253.018356	253.599657	D4	64	92	0	3
1262	253.018356	253.640307	A#3	64	112	1	-3
1263	253.018356	253.699250	A#2	64	100	1	-5
1264	253.506161	254.101690	F4	64	122	0	1
1265	253.750063	255.538682	G3	64	81	1	-1
1266	253.750063	255.550877	C3	64	90	1	-3
1267	253.750063	255.573235	E4	64	96	0	5
1268	253.750063	255.577300	C4	64	99	0	1
1269	254.481771	257.103723	F4	64	127	0	1
1270	256.920796	257.849658	A#2	64	89	1	-5
1271	257.164698	257.811040	F3	64	66	1	-3
1272	257.408601	257.849658	A#3	64	93	1	-3
1273	257.652503	257.914699	D4	64	83	0	3
1274	257.896406	258.853723	C3	64	69	1	-3
1275	258.140308	258.772422	G3	64	55	1	-1
1276	258.384211	258.861853	E4	64	92	0	5
1277	258.628113	258.849658	C4	64	56	0	1
1278	258.872016	259.835431	D3	64	70	1	-1
1279	259.115918	259.882179	A3	64	68	1	-4
1280	259.359821	259.792748	D4	64	79	0	3
1281	259.603723	259.806976	F4	64	73	0	1
1282	259.847626	260.317138	C3	64	67	1	-3
1283	260.091528	260.869984	G3	64	70	1	-1
1284	260.335431	260.802911	E4	64	81	0	5
1285	260.579333	260.806976	C4	64	61	0	1
1286	260.823236	261.827301	A#2	64	76	1	-5
1287	261.067138	261.632179	F3	64	63	1	-3
1288	261.311041	261.691122	A#3	64	92	1	-3
1289	261.554943	261.748033	D4	64	70	0	3
1290	261.798846	262.817139	A2	64	69	1	-1
1291	262.042748	262.481773	A3	64	66	1	-4
1292	262.286651	262.735838	E4	64	93	0	5
1293	262.530553	262.754131	C4	64	64	0	1
1294	262.725675	267.223644	G2	64	77	1	-3
1295	262.993968	267.077303	D3	64	77	1	-1
1296	263.290716	266.979742	G3	64	77	1	-1
1297	263.544781	267.016327	A#3	64	63	1	-3
1298	263.559009	267.012262	D4	64	72	0	3
1299	263.561041	267.030555	G4	64	59	0	3
1300	267.105758	267.961449	F3	64	59	1	-3
1301	267.109823	267.471612	A#2	64	38	1	-5
1302	267.162668	268.109823	A#3	64	83	1	-3
1303	267.252099	268.140311	D4	64	73	0	3
1304	267.288685	268.176896	F4	64	79	0	1
1305	268.006165	270.827303	A#2	64	39	1	-5
1306	268.270392	270.815108	F3	64	57	1	-3
1307	268.573238	269.012262	A#3	64	75	1	-3
1308	268.918766	269.256165	D4	64	69	0	3
1309	269.219580	269.327303	F4	64	67	0	1
1310	269.579336	270.556978	A#4	64	72	0	1
1311	270.006165	271.404539	D5	64	95	0	5
1312	270.428929	271.378117	F5	64	88	0	3
1313	270.983808	271.221613	A#4	64	73	0	1
1314	271.526491	276.662671	F2	64	82	1	-5
1315	271.967548	276.638281	C3	64	61	1	-3
1316	272.170800	276.630150	F3	64	69	1	-3
1317	272.376084	272.798849	G3	64	55	1	-1
1318	272.587467	272.841532	A3	64	58	1	-4
1319	272.817141	272.896410	C4	64	78	0	1
1320	273.038686	273.359824	F4	64	81	0	1
1321	273.296816	273.617955	G4	64	63	0	3
1322	273.587467	273.658605	A4	64	68	0	5
1323	273.890312	274.262264	F5	64	51	0	3
1324	274.197223	274.615922	G5	64	53	0	5
1325	274.550882	274.680963	A5	64	62	0	2
1326	275.493971	276.648443	F6	64	33	0	5
1327	275.548849	276.605760	A6	64	37	0	4
1328	275.601695	276.607793	C7	64	36	0	2
