//Version: PianoFingering_v170101
0	2.534481	4.288790	G#3	64	63	1	-5
1	2.534481	4.349135	G#2	64	61	1	-2
2	2.534481	4.353445	G#4	64	74	0	4
3	2.534481	4.355600	G#1	64	62	1	-4
4	4.603445	5.883616	G#4	64	39	0	4
5	4.603445	5.903013	G#3	64	34	1	-5
6	4.603445	5.905168	D#4	64	44	0	4
7	4.603445	5.948271	B3	64	38	1	-2
8	4.603445	6.006461	G#2	64	44	1	-2
9	5.120686	5.299565	B4	64	112	0	2
10	5.379306	5.556030	C#5	64	127	0	4
11	5.637927	5.754306	D#5	64	127	0	1
12	5.896547	6.002151	D#5	64	122	0	1
13	6.155168	6.252151	D#5	64	127	0	1
14	6.413788	6.499995	D#5	64	127	0	1
15	6.672409	6.898702	D#5	64	127	0	1
16	6.672409	7.834046	E4	64	44	0	5
17	6.672409	7.844822	C#4	64	56	0	2
18	6.672409	7.849132	C#3	64	47	1	-2
19	6.672409	7.943960	G#3	64	40	1	-5
20	7.189650	7.396546	G#4	64	117	0	4
21	7.448270	7.834046	F#5	64	117	0	4
22	7.965511	8.077580	F#5	64	127	0	4
23	8.224132	8.428873	F#5	64	122	0	4
24	8.482752	8.685338	G#5	64	112	0	1
25	8.741373	9.040942	E5	64	117	0	2
26	8.741373	9.898700	F#3	64	41	1	-2
27	8.741373	9.911631	A#3	64	58	1	-3
28	8.741373	9.954734	C#4	64	50	0	2
29	8.741373	9.974131	F#2	64	56	1	-4
30	9.258614	9.450424	E5	64	117	0	2
31	9.517234	9.702579	F#5	64	99	0	4
32	9.775855	9.874993	C#5	64	127	0	4
33	10.034475	10.124993	C#5	64	112	0	4
34	10.293096	10.385768	C#5	64	102	0	4
35	10.551716	10.659475	C#5	64	112	0	4
36	10.810337	11.043095	C#5	64	127	0	4
37	10.810337	13.706886	B2	64	35	1	-4
38	10.810337	13.790938	D#4	64	45	0	4
39	10.810337	13.812490	F#4	64	50	0	2
40	10.810337	13.816800	B3	64	42	1	-2
41	11.327578	11.446112	F#4	64	117	0	2
42	11.586198	11.956888	E5	64	122	0	2
43	12.103439	12.226284	E5	64	112	0	2
44	12.362060	12.532318	E5	64	107	0	2
45	12.620680	12.818956	F#5	64	117	0	4
46	12.879301	13.338352	D#5	64	127	0	1
47	13.396542	13.633611	C#5	64	127	0	4
48	13.655162	13.795249	B4	64	99	0	2
49	13.913783	15.327575	G#2	64	75	1	-2
50	14.172403	15.290937	D#3	64	62	1	-5
51	14.431024	15.064644	G#3	64	71	1	-5
52	14.689644	15.390075	B3	64	66	1	-2
53	14.948265	15.956885	G#4	64	100	0	4
54	15.206885	15.329730	G#3	64	41	1	-5
55	15.982747	17.422401	C#2	64	86	1	-4
56	16.241367	17.418091	G#2	64	53	1	-2
57	16.499988	17.558177	C#3	64	58	1	-2
58	16.758608	17.271539	C#4	64	53	0	2
59	17.017229	17.989211	G#4	64	99	0	4
60	17.534470	17.969814	E4	64	53	0	5
61	18.051711	19.454727	F#2	64	61	1	-4
62	18.310331	19.415934	C#3	64	61	1	-2
63	18.568952	19.254296	F#3	64	56	1	-2
64	18.827572	19.967658	A#3	64	71	1	-3
65	19.086193	20.133606	F#4	64	78	0	2
66	19.862054	20.178865	C#4	64	66	0	2
67	20.120675	21.497829	B2	64	65	1	-4
68	20.379295	21.278002	F#3	64	96	1	-2
69	20.637916	21.056019	B3	64	86	1	-2
70	20.896536	21.825415	F#4	64	117	0	2
71	21.155157	21.743519	D#4	64	127	0	4
72	21.413777	21.487053	F#3	64	102	1	-2
73	21.672398	22.394380	B3	64	100	1	-2
74	22.189639	23.581879	E2	64	97	1	-1
75	22.448259	23.601276	B2	64	89	1	-4
76	22.706880	23.321104	E3	64	92	1	-4
77	22.965500	23.185328	B3	64	93	1	-2
78	23.224121	24.122827	E4	64	97	0	5
79	23.224121	24.144379	G#4	64	117	0	4
80	23.482741	23.566793	E3	64	85	1	-4
81	23.741362	24.306017	B3	64	96	1	-2
82	24.258603	26.120670	C#2	64	82	1	-4
83	24.517223	26.196101	G#2	64	76	1	-2
84	24.775844	25.471964	C#3	64	99	1	-2
85	25.034464	25.282309	G#3	64	88	1	-5
86	25.293085	25.370671	G#3	64	35	1	-5
87	25.293085	26.247826	C#4	64	97	0	2
88	25.293085	26.262912	E4	64	99	0	5
89	25.551705	26.129291	C#3	64	96	1	-2
90	25.810326	26.271532	G#3	64	96	1	-5
91	26.327567	28.038773	G#2	64	82	1	-2
92	26.586187	28.056014	D#3	64	60	1	-5
93	26.844808	27.476273	G#3	64	93	1	-5
94	27.103428	27.795238	B3	64	75	1	-2
95	27.362049	28.181014	G#4	64	112	0	4
96	27.620669	28.015066	G#3	64	82	1	-5
97	27.879290	28.198255	D#4	64	102	0	4
98	28.137910	30.433167	B3	64	77	1	-2
99	28.396531	30.295236	G#2	64	60	1	-2
100	28.396531	30.316788	G#4	64	79	0	4
101	28.396531	30.346961	G#3	64	66	1	-5
102	28.396531	30.381443	D#3	64	63	1	-5
103	28.396531	30.439633	D#4	64	76	0	4
104	30.465495	31.939632	G#2	64	92	1	-2
105	30.724115	31.827563	D#3	64	58	1	-5
106	30.982736	31.396529	D#4	64	112	0	4
107	30.982736	31.622822	G#3	64	67	1	-5
108	31.241356	32.530149	B3	64	58	1	-2
109	31.499977	31.971959	B4	64	107	0	2
110	31.499977	32.495666	G#4	64	96	0	4
111	32.017218	32.349114	B4	64	117	0	2
112	32.275838	32.491355	C#5	64	112	0	4
113	32.534459	33.978423	F#2	64	81	1	-4
114	32.793079	32.997821	A#4	64	127	0	1
115	32.793079	33.877130	C#3	64	35	1	-2
116	33.051700	33.310320	G#4	64	78	0	4
117	33.051700	33.827561	F#3	64	59	1	-2
118	33.310320	34.096958	F#4	64	95	0	2
119	33.310320	34.581871	C#4	64	83	0	2
120	34.344802	34.601268	B3	64	96	1	-2
121	34.344802	34.635750	A#3	64	61	1	-3
122	34.603423	34.724112	G#4	64	102	0	4
123	34.603423	36.152991	E2	64	65	1	-1
124	34.862043	34.974112	G#4	64	107	0	4
125	35.120664	35.226267	G#4	64	107	0	4
126	35.120664	36.241353	B2	64	63	1	-4
127	35.379284	35.521526	G#4	64	127	0	4
128	35.637905	35.765060	G#4	64	127	0	4
129	35.637905	36.646525	B3	64	92	1	-2
130	35.896525	36.088336	G#4	64	117	0	4
131	36.155146	36.400835	F#4	64	112	0	2
132	36.155146	36.614197	G#3	64	99	1	-5
133	36.413766	36.637904	G#4	64	100	0	4
134	36.672387	37.112042	F#4	64	97	0	2
135	36.672387	38.058162	B2	64	82	1	-4
136	37.189628	38.140058	D#4	64	107	0	4
137	37.189628	37.874972	F#3	64	72	1	-2
138	37.706869	38.724110	F#4	64	122	0	2
139	37.965489	38.068938	F#3	64	79	1	-2
140	38.224110	38.747816	D#4	64	59	0	4
141	38.741351	40.318936	C#2	64	63	1	-4
142	39.258592	39.368506	C#4	64	100	0	2
143	39.258592	40.368505	G#2	64	34	1	-2
144	39.517212	39.620661	C#4	64	97	0	2
145	39.775833	40.124971	C#4	64	102	0	2
146	39.775833	40.413763	C#3	64	42	1	-2
147	39.775833	40.879280	G#3	64	99	1	-5
148	40.293074	40.592643	D#4	64	107	0	4
149	40.293074	40.829711	E3	64	67	1	-4
150	40.810315	40.905142	F#4	64	112	0	2
151	40.810315	42.368503	D#2	64	73	1	-2
152	41.068935	41.284452	F#4	64	102	0	2
153	41.327556	41.586176	G#4	64	117	0	4
154	41.327556	41.946090	D#3	64	89	1	-5
155	41.586176	42.256435	F#4	64	112	0	2
156	41.844797	42.831865	F#3	64	78	1	-2
157	42.362038	42.441779	F#4	64	117	0	2
158	42.362038	42.756434	D#3	64	70	1	-5
159	42.620658	42.704710	F#4	64	107	0	2
160	42.879279	43.066779	G#4	64	127	0	4
161	42.879279	44.282295	E2	64	78	1	-1
162	43.137899	43.359882	F#4	64	117	0	2
163	43.396520	43.517209	G#4	64	112	0	4
164	43.396520	44.392209	B2	64	58	1	-4
165	43.655140	43.821089	G#4	64	127	0	4
166	43.913761	44.038761	G#4	64	122	0	4
167	43.913761	44.329709	E3	64	57	1	-4
168	43.913761	45.023674	E4	64	70	0	5
169	44.172381	44.310312	G#4	64	112	0	4
170	44.431002	44.620657	B4	64	96	0	2
171	44.431002	45.027984	G#3	64	64	1	-5
172	44.689622	44.838329	G#4	64	107	0	4
173	44.948243	46.448242	A4	64	112	0	5
174	44.948243	46.398673	D#2	64	88	1	-2
175	45.465484	46.120656	D#3	64	89	1	-5
176	45.982725	47.025828	A#3	64	102	1	-3
177	45.982725	47.071086	D#4	64	117	0	4
178	46.241345	46.491345	D#3	64	102	1	-5
179	46.499966	47.058155	G3	64	92	1	-1
180	47.017207	48.581861	G#2	64	96	1	-2
181	47.534448	47.627120	D#4	64	97	0	4
182	47.534448	48.239189	G#3	64	89	1	-5
183	47.793068	47.920223	D#4	64	99	0	4
184	48.051689	48.390051	B4	64	95	0	2
185	48.051689	49.112033	G#4	64	102	0	4
186	48.051689	49.148671	D#4	64	90	0	4
187	48.310309	48.491344	G#3	64	70	1	-5
188	48.568930	48.769361	B4	64	100	0	2
189	48.568930	49.137895	B3	64	90	1	-2
190	48.827550	49.045223	C#5	64	112	0	4
191	49.086171	49.196085	A#4	64	122	0	1
192	49.086171	50.530135	F#2	64	92	1	-4
193	49.344791	49.538757	A#4	64	117	0	1
194	49.603412	49.782291	G#4	64	112	0	4
195	49.603412	50.424532	C#3	64	48	1	-2
196	49.862032	50.484877	F#4	64	99	0	2
197	50.120653	50.435308	F#3	64	56	1	-2
198	50.120653	51.183152	C#4	64	90	0	2
199	50.120653	51.200393	F#4	64	90	0	2
200	50.637894	51.224100	A#3	64	86	1	-3
201	50.896514	51.043066	B3	64	95	1	-2
202	51.155135	51.265049	G#4	64	107	0	4
203	51.155135	52.607720	E2	64	86	1	-1
204	51.413755	51.512893	G#4	64	122	0	4
205	51.672376	51.765048	G#4	64	117	0	4
206	51.672376	52.683151	B2	64	62	1	-4
207	51.930996	52.023669	G#4	64	102	0	4
208	52.189617	52.273669	G#4	64	112	0	4
209	52.189617	52.808151	E3	64	75	1	-4
210	52.189617	53.245651	E4	64	82	0	5
211	52.189617	53.277978	G#4	64	88	0	4
212	52.448237	52.538755	G#4	64	122	0	4
213	52.706858	52.780134	F#4	64	117	0	2
214	52.706858	53.396513	B3	64	76	1	-2
215	52.965478	53.051685	G#4	64	127	0	4
216	53.224099	53.618495	F#4	64	122	0	2
217	53.224099	54.655132	B2	64	89	1	-4
218	53.741340	54.144357	D#4	64	100	0	4
219	53.741340	54.400822	F#3	64	92	1	-2
220	54.258581	55.336166	F#4	64	117	0	2
221	54.517201	54.640046	F#3	64	97	1	-2
222	54.775822	55.334011	D#4	64	99	0	4
223	55.034442	55.359873	B3	64	89	1	-2
224	55.293063	56.939613	C#2	64	71	1	-4
225	55.810304	55.894356	C#4	64	112	0	2
226	55.810304	56.950389	G#2	64	37	1	-2
227	56.068924	56.176683	C#4	64	100	0	2
228	56.327545	56.709010	C#4	64	122	0	2
229	56.327545	57.060303	C#3	64	65	1	-2
230	56.327545	57.293061	C#4	64	63	0	2
231	56.327545	57.312458	E4	64	73	0	5
232	56.844786	57.112027	D#4	64	117	0	4
233	56.844786	57.297372	G#3	64	75	1	-5
234	57.362027	57.480561	F#4	64	127	0	2
235	57.362027	58.812457	D#2	64	77	1	-2
236	57.620647	57.726251	F#4	64	122	0	2
237	57.879268	58.043061	G#4	64	112	0	4
238	57.879268	58.842629	A#2	64	53	1	-5
239	58.137888	58.534440	F#4	64	127	0	2
240	58.396509	58.562457	A#3	64	72	1	-3
241	58.396509	58.810302	D#3	64	66	1	-5
242	58.396509	59.204698	D#4	64	88	0	4
243	58.913750	59.146508	A#3	64	46	1	-3
244	59.430991	59.827542	B4	64	127	0	2
245	59.430991	59.805991	E2	64	85	1	-1
246	59.430991	59.827542	E4	64	95	0	5
247	59.430991	59.829698	G#4	64	96	0	4
248	59.430991	59.890042	B3	64	89	1	-2
249	59.948232	60.297370	A#4	64	122	0	1
250	60.465473	60.831852	G#4	64	127	0	4
251	60.465473	61.010731	F#3	64	93	1	-2
252	60.465473	61.032283	A#3	64	95	1	-3
253	60.465473	61.036593	F#2	64	96	1	-4
254	60.465473	61.058145	C#4	64	82	0	2
255	60.982714	61.267196	F#4	64	117	0	2
256	61.241334	62.715471	G#4	64	112	0	4
257	61.499955	63.189609	G#2	64	93	1	-2
258	62.017196	63.112023	D#3	64	52	1	-5
259	62.534437	63.562453	G#4	64	112	0	4
260	62.793057	62.954695	G#4	64	117	0	4
261	62.793057	63.096936	G#3	64	96	1	-5
262	63.051678	63.245643	B4	64	102	0	2
263	63.051678	63.545212	D#4	64	127	0	4
264	63.310298	63.484867	G#4	64	127	0	4
265	63.310298	63.575384	B3	64	100	1	-2
266	63.568919	63.954694	C#5	64	122	0	4
267	63.568919	65.036590	C#2	64	92	1	-4
268	64.086160	64.426677	C#5	64	127	0	4
269	64.086160	64.721935	C#3	64	88	1	-2
270	64.603401	64.954694	C#5	64	127	0	4
271	64.603401	64.784435	G#3	64	100	1	-5
272	64.603401	66.172365	C#4	64	107	0	2
273	64.603401	66.209003	E4	64	102	0	5
274	64.862021	65.116332	D#5	64	122	0	1
275	64.862021	65.174521	C#3	64	78	1	-2
276	65.120642	66.217624	G#3	64	112	1	-5
277	65.379262	66.777968	C#5	64	127	0	4
278	65.637883	67.008572	C#2	64	112	1	-4
279	66.155124	66.767192	C#3	64	49	1	-2
280	66.413744	66.495641	G#3	64	27	1	-5
281	66.672365	67.709002	C#4	64	122	0	2
282	66.672365	67.739174	E4	64	99	0	5
283	66.930985	67.185296	B4	64	100	0	2
284	66.930985	67.129261	C#3	64	95	1	-2
285	67.189606	67.532278	D#5	64	127	0	1
286	67.189606	67.709002	G#3	64	99	1	-5
287	67.706847	68.114174	D#5	64	127	0	1
288	67.706847	69.213311	D#2	64	99	1	-2
289	68.224088	68.601243	C#5	64	127	0	4
290	68.224088	69.180984	A#2	64	34	1	-5
291	68.741329	69.144346	B4	64	112	0	2
292	68.741329	69.777966	A#3	64	92	1	-3
293	68.741329	69.784432	D#4	64	99	0	4
294	68.999949	69.282277	A#4	64	112	0	1
295	69.258570	69.510725	B4	64	86	0	2
296	69.258570	69.771501	F#3	64	88	1	-2
297	69.517190	69.795207	A#4	64	100	0	1
298	69.775811	70.780121	G#4	64	112	0	4
299	69.775811	71.359861	G#2	64	97	1	-2
300	70.293052	70.900810	D#3	64	88	1	-5
301	70.810293	71.948223	D#4	64	112	0	4
302	71.068913	71.265034	G#4	64	96	0	4
303	71.068913	71.314603	D#3	64	86	1	-5
304	71.327534	71.519344	B4	64	100	0	2
305	71.327534	71.620637	B3	64	81	1	-2
306	71.586154	71.829689	G#4	64	122	0	4
307	71.586154	71.885723	G#3	64	107	1	-5
308	71.844775	72.178826	C#5	64	117	0	4
309	71.844775	73.771498	C#2	64	92	1	-4
310	72.362016	72.726240	C#5	64	127	0	4
311	72.362016	73.887877	G#2	64	60	1	-2
312	72.879257	73.094774	C#5	64	127	0	4
313	72.879257	73.948222	C#3	64	55	1	-2
314	72.879257	74.077532	C#4	64	90	0	2
315	73.137877	73.474084	D#5	64	127	0	1
316	73.396498	74.021497	G#3	64	88	1	-5
317	73.655118	75.023652	C#5	64	127	0	4
318	73.655118	73.859860	E3	64	69	1	-4
319	73.913739	75.346928	C#2	64	92	1	-4
320	74.430980	75.094773	C#3	64	93	1	-2
321	74.689600	74.823221	E5	64	102	0	2
322	74.948221	75.159428	E5	64	90	0	2
323	74.948221	75.471927	C#4	64	127	0	2
324	75.206841	75.489169	F#5	64	127	0	4
325	75.206841	75.392186	C#3	64	83	1	-2
326	75.465462	75.536583	G#3	64	107	1	-5
327	75.724082	76.010720	C#5	64	117	0	4
328	75.982703	76.618478	A#3	64	102	1	-3
329	75.982703	76.730547	G3	64	92	1	-1
330	75.982703	77.700374	D#2	64	99	1	-2
331	76.241323	78.241322	D#5	64	127	0	1
332	76.499944	77.655115	A#2	64	39	1	-5
333	77.017185	77.562443	A#3	64	127	1	-3
334	77.017185	77.665891	D#4	64	127	0	4
335	77.275805	77.780115	D#3	64	107	1	-5
336	77.534426	77.909426	G3	64	117	1	-1
337	77.793046	77.976236	A#3	64	112	1	-3
338	78.051667	78.200374	A#2	64	90	1	-5
339	78.051667	78.202529	D#3	64	89	1	-5
340	78.051667	78.213305	D#2	64	66	1	-2
341	78.051667	78.215460	G4	64	83	0	3
342	78.051667	78.228391	D#4	64	96	0	4
343	78.051667	78.230546	A#3	64	107	1	-3
344	78.310287	78.502098	A#2	64	97	1	-5
345	78.310287	78.538736	D#3	64	102	1	-5
346	78.310287	78.549511	A#3	64	112	1	-3
347	78.310287	78.555977	D#4	64	107	0	4
348	78.310287	78.564598	G4	64	95	0	3
349	78.310287	78.566753	D#2	64	72	1	-2
350	79.086149	79.609855	B4	64	122	0	2
351	79.603390	80.055976	C#5	64	122	0	4
352	80.120631	80.243476	D#5	64	127	0	1
353	80.120631	82.036578	G#2	64	96	1	-2
354	80.379251	80.495631	D#5	64	102	0	1
355	80.379251	81.911578	D#3	64	88	1	-5
356	80.637872	80.756406	D#5	64	127	0	1
357	80.637872	81.258561	G#3	64	107	1	-5
358	80.896492	81.032268	D#5	64	127	0	1
359	80.896492	81.424509	B3	64	92	1	-2
360	81.155113	81.344768	D#5	64	127	0	1
361	81.155113	82.189595	G#4	64	127	0	4
362	81.413733	81.553820	G#4	64	112	0	4
363	81.413733	81.797354	G#3	64	102	1	-5
364	81.672354	81.829681	G#4	64	122	0	4
365	81.672354	82.148647	D#4	64	127	0	4
366	81.930974	82.402957	F#5	64	127	0	4
367	81.930974	82.174509	B3	64	107	1	-2
368	82.189595	83.581835	C#2	64	93	1	-4
369	82.448215	82.566750	F#5	64	127	0	4
370	82.448215	83.532266	G#2	64	33	1	-2
371	82.706836	82.926663	F#5	64	127	0	4
372	82.706836	83.385715	C#3	64	100	1	-2
373	82.965456	83.183129	G#5	64	112	0	1
374	82.965456	83.512870	E3	64	96	1	-4
375	83.224077	83.650801	E5	64	112	0	2
376	83.224077	84.230542	C#4	64	122	0	2
377	83.482697	83.717611	C#3	64	107	1	-2
378	83.741318	83.926663	E5	64	127	0	2
379	83.741318	84.271490	G#3	64	99	1	-5
380	83.999938	84.193904	F#5	64	107	0	4
381	83.999938	84.252093	E3	64	97	1	-4
382	84.258559	84.374938	C#5	64	122	0	4
383	84.258559	85.668041	F#2	64	86	1	-4
384	84.517179	84.624938	C#5	64	127	0	4
385	84.517179	85.668041	C#3	64	72	1	-2
386	84.775800	84.883558	C#5	64	122	0	4
387	84.775800	85.400799	F#3	64	96	1	-2
388	85.034420	85.133558	C#5	64	117	0	4
389	85.034420	85.411575	A#3	64	88	1	-3
390	85.293041	85.465455	C#5	64	127	0	4
391	85.293041	86.241316	F#4	64	127	0	2
392	85.551661	85.767178	F#3	64	97	1	-2
393	85.810282	85.937437	F#4	64	112	0	2
394	85.810282	86.282264	C#4	64	117	0	2
395	86.068902	86.474075	E5	64	112	0	2
396	86.068902	86.301661	A#3	64	99	1	-3
397	86.327523	87.732694	B2	64	78	1	-4
398	86.586143	86.708988	E5	64	97	0	2
399	86.586143	87.467608	F#3	64	107	1	-2
400	86.844764	87.034419	E5	64	102	0	2
401	86.844764	87.456832	B3	64	95	1	-2
402	87.103384	87.336143	F#5	64	112	0	4
403	87.103384	87.390022	D#4	64	117	0	4
404	87.362005	87.715453	D#5	64	122	0	1
405	87.362005	88.325366	F#4	64	122	0	2
406	87.620625	87.741315	F#3	64	83	1	-2
407	87.879246	88.355539	D#4	64	117	0	4
408	88.137866	88.982693	B3	64	97	1	-2
409	88.396487	88.508556	B4	64	100	0	2
410	88.396487	89.814589	E2	64	97	1	-1
411	88.655107	88.765021	B4	64	95	0	2
412	88.655107	89.816744	B2	64	99	1	-4
413	88.913728	89.021486	B4	64	97	0	2
414	88.913728	89.555969	E3	64	97	1	-4
415	89.172348	89.284417	B4	64	100	0	2
416	89.172348	89.640020	B3	64	90	1	-2
417	89.430969	89.812434	B4	64	112	0	2
418	89.430969	90.482692	G#4	64	127	0	4
419	89.689589	89.821055	E3	64	93	1	-4
420	89.948210	90.342606	D#5	64	127	0	1
421	89.948210	90.465451	E4	64	96	0	5
422	90.206830	90.471916	B3	64	100	1	-2
423	90.465451	90.683123	D#5	64	127	0	1
424	90.465451	91.829674	C#2	64	83	1	-4
425	90.724071	90.851226	C#5	64	122	0	4
426	90.724071	91.838295	G#2	64	86	1	-2
427	90.982692	91.099071	C#5	64	122	0	4
428	90.982692	91.573209	C#3	64	88	1	-2
429	91.241312	91.803812	C#5	64	127	0	4
430	91.241312	91.905105	E3	64	85	1	-4
431	91.499933	92.448208	C#4	64	107	0	2
432	91.758553	91.902950	C#3	64	90	1	-2
433	92.017174	92.430967	G#3	64	107	1	-5
434	92.275794	92.446053	E3	64	96	1	-4
435	92.534415	92.836139	A#4	64	127	0	1
436	92.534415	93.890017	E2	64	95	1	-1
437	92.793035	93.915879	B2	64	78	1	-4
438	93.051656	93.226225	B4	64	99	0	2
439	93.051656	93.685276	E3	64	122	1	-4
440	93.310276	93.642173	C#5	64	117	0	4
441	93.310276	93.737000	B3	64	89	1	-2
442	93.568897	94.603379	G#4	64	127	0	4
443	93.827517	94.497776	E5	64	127	0	2
444	93.827517	93.989155	E3	64	112	1	-4
445	94.086138	94.603379	E4	64	112	0	5
446	94.344758	94.603379	B3	64	112	1	-2
447	94.603379	95.872775	D#5	64	127	0	1
448	94.603379	95.976223	D#2	64	97	1	-2
449	94.861999	95.961137	A#2	64	55	1	-5
450	95.120620	95.771481	D#3	64	112	1	-5
451	95.379240	95.943895	G3	64	99	1	-1
452	95.637861	96.607688	D#4	64	127	0	4
453	95.896481	96.122774	D#3	64	112	1	-5
454	96.155102	96.333981	B4	64	112	0	2
455	96.155102	96.566740	A#3	64	122	1	-3
456	96.413722	96.590446	C#5	64	127	0	4
457	96.413722	96.650791	G3	64	107	1	-1
458	96.672343	96.788722	D#5	64	127	0	1
459	96.672343	98.079669	G#2	64	88	1	-2
460	96.930963	97.036567	D#5	64	122	0	1
461	96.930963	98.083980	D#3	64	73	1	-5
462	97.189584	97.286567	D#5	64	127	0	1
463	97.189584	97.801652	G#3	64	99	1	-5
464	97.448204	97.534411	D#5	64	127	0	1
465	97.448204	97.976221	B3	64	97	1	-2
466	97.706825	97.933118	D#5	64	127	0	1
467	97.706825	98.648635	G#4	64	127	0	4
468	97.965445	98.034411	G#3	64	99	1	-5
469	98.224066	98.430962	G#4	64	117	0	4
470	98.224066	98.704669	D#4	64	122	0	4
471	98.482686	98.868462	F#5	64	117	0	4
472	98.482686	98.749928	B3	64	112	1	-2
473	98.741307	100.208978	C#2	64	81	1	-4
474	98.999927	99.111996	F#5	64	127	0	4
475	98.999927	100.157254	G#2	64	61	1	-2
476	99.258548	99.463289	F#5	64	122	0	4
477	99.258548	99.861996	C#3	64	93	1	-2
478	99.517168	99.719754	G#5	64	112	0	1
479	99.517168	100.086133	E3	64	95	1	-4
480	99.775789	100.075358	E5	64	117	0	2
481	99.775789	100.771478	C#4	64	127	0	2
482	100.034409	100.390013	C#3	64	97	1	-2
483	100.293030	100.484840	E5	64	117	0	2
484	100.293030	100.795185	G#3	64	117	1	-5
485	100.551650	100.736995	F#5	64	99	0	4
486	100.551650	100.799495	E3	64	100	1	-4
487	100.810271	100.909409	C#5	64	127	0	4
488	100.810271	102.236994	F#2	64	97	1	-4
489	101.068891	101.159409	C#5	64	112	0	4
490	101.068891	102.267166	C#3	64	78	1	-2
491	101.327512	101.420184	C#5	64	102	0	4
492	101.327512	101.965442	F#3	64	102	1	-2
493	101.586132	101.693891	C#5	64	112	0	4
494	101.586132	101.911563	A#3	64	100	1	-3
495	101.844753	102.077511	C#5	64	127	0	4
496	101.844753	102.267166	C#4	64	127	0	2
497	102.103373	102.387856	F#3	64	102	1	-2
498	102.361994	102.480528	F#4	64	117	0	2
499	102.361994	102.918028	F#4	64	117	0	2
500	102.620614	102.991304	E5	64	122	0	2
501	102.620614	102.872769	A#3	64	97	1	-3
502	102.879235	104.346906	B2	64	83	1	-4
503	103.137855	103.260700	E5	64	112	0	2
504	103.137855	104.083975	F#3	64	102	1	-2
505	103.396476	103.566734	E5	64	107	0	2
506	103.396476	103.892165	B3	64	85	1	-2
507	103.655096	103.853372	F#5	64	117	0	4
508	103.655096	103.963286	D#4	64	117	0	4
509	103.913717	104.372768	D#5	64	127	0	1
510	103.913717	104.777940	F#4	64	122	0	2
511	104.172337	104.301648	F#3	64	95	1	-2
512	104.430958	104.668027	C#5	64	127	0	4
513	104.430958	104.782251	D#4	64	122	0	4
514	104.689578	104.829665	B4	64	99	0	2
515	104.689578	105.463285	B3	64	97	1	-2
516	104.948199	105.159406	C#5	64	127	0	4
517	104.948199	106.364146	E2	64	89	1	-1
518	105.206819	105.325354	B4	64	96	0	2
519	105.206819	106.374922	B2	64	69	1	-4
520	105.465440	105.564578	B4	64	99	0	2
521	105.465440	106.142164	E3	64	102	1	-4
522	105.724060	106.099060	B4	64	112	0	2
523	105.724060	106.161560	B3	64	89	1	-2
524	105.982681	106.954663	G#4	64	127	0	4
525	106.241301	106.607680	D#5	64	117	0	1
526	106.241301	106.338284	E3	64	96	1	-4
527	106.499922	106.967594	E4	64	90	0	5
528	106.758542	107.053801	D#5	64	127	0	1
529	106.758542	107.038715	B3	64	102	1	-2
530	107.017163	107.282249	E5	64	83	0	2
531	107.017163	108.484834	C#2	64	89	1	-4
532	107.275783	107.562421	D#5	64	102	0	1
533	107.275783	108.482679	G#2	64	47	1	-2
534	107.534404	108.286559	C#5	64	117	0	4
535	107.534404	108.168024	C#3	64	93	1	-2
536	107.793024	108.142162	G#3	64	88	1	-5
537	108.051645	108.614144	C#4	64	82	0	2
538	108.051645	109.079661	E4	64	100	0	5
539	108.310265	108.443886	A#4	64	122	0	1
540	108.310265	108.523627	C#3	64	99	1	-2
541	108.568886	108.726213	A#4	64	122	0	1
542	108.568886	108.937420	G#3	64	107	1	-5
543	108.827506	109.043023	B4	64	100	0	2
544	108.827506	109.068886	C#4	64	100	0	2
545	109.086127	109.383540	C#5	64	127	0	4
546	109.086127	110.398626	D#2	64	99	1	-2
547	109.344747	110.387850	A#2	64	64	1	-5
548	109.603368	109.771471	D#5	64	117	0	1
549	109.603368	110.232678	D#3	64	102	1	-5
550	109.861988	110.193885	A#4	64	127	0	1
551	109.861988	110.435264	G3	64	89	1	-1
552	110.120609	111.129229	D#4	64	127	0	4
553	110.379229	110.680953	B4	64	100	0	2
554	110.379229	110.601212	D#3	64	97	1	-5
555	110.637850	111.114143	A#3	64	117	1	-3
556	110.857677	111.310263	A#4	64	122	0	1
557	110.896470	111.118453	G3	64	89	1	-1
558	111.155091	112.739141	G#2	64	82	1	-2
559	111.413711	112.607676	D#3	64	65	1	-5
560	111.446039	111.590435	B4	64	112	0	2
561	111.601211	111.730522	A#4	64	112	0	1
562	111.672332	112.368452	G#3	64	81	1	-5
563	111.741297	113.215434	G#4	64	127	0	4
564	111.930952	113.254227	B3	64	74	1	-2
565	112.189573	113.260693	G#4	64	117	0	4
566	112.448193	112.637848	G#3	64	50	1	-5
567	112.706814	113.267158	D#4	64	83	0	4
568	113.224055	114.663709	G#2	64	96	1	-2
569	113.482675	114.555950	D#3	64	27	1	-5
570	113.741296	114.340433	G#3	64	95	1	-5
571	113.999916	115.284398	G#4	64	127	0	4
572	114.258537	114.840433	D#4	64	127	0	4
573	114.517157	114.603364	G#3	64	92	1	-5
574	114.775778	115.312415	B3	64	82	1	-2
575	115.034398	115.288709	D#4	64	112	0	4
576	115.293019	116.840432	C#2	64	74	1	-4
577	115.551639	116.870604	G#2	64	97	1	-2
578	115.810260	116.454656	C#3	64	77	1	-2
579	116.068880	117.383535	C#4	64	112	0	2
580	116.586121	116.993449	C#3	64	89	1	-2
581	116.844742	117.299483	G#3	64	112	1	-5
582	117.103362	117.323190	E3	64	90	1	-4
583	117.361983	118.754223	F#2	64	82	1	-4
584	117.620603	118.767154	C#3	64	58	1	-2
585	117.879224	118.514999	F#3	64	90	1	-2
586	118.137844	118.452499	A#3	64	68	1	-3
587	118.396465	118.950344	C#4	64	107	0	2
588	118.396465	119.467585	F#4	64	100	0	2
589	118.655085	118.874913	F#3	64	92	1	-2
590	118.913706	119.280085	A#3	64	82	1	-3
591	119.172326	119.471895	C#4	64	93	0	2
592	119.430947	120.849049	B2	64	72	1	-4
593	119.689567	120.103360	F#3	64	95	1	-2
594	119.948188	120.532239	B3	64	68	1	-2
595	120.206808	120.622756	F#3	64	72	1	-2
596	120.465429	121.517152	F#4	64	76	0	2
597	120.465429	121.530083	D#4	64	82	0	4
598	120.724049	120.859825	F#3	64	93	1	-2
599	120.982670	121.803790	B3	64	89	1	-2
600	121.499911	122.889996	E2	64	85	1	-1
601	121.758531	122.894306	B2	64	77	1	-4
602	122.017152	122.670169	E3	64	85	1	-4
603	122.275772	122.620600	B3	64	83	1	-2
604	122.534393	123.146461	E4	64	85	0	5
605	122.534393	123.581806	G#4	64	96	0	4
606	122.793013	122.874910	E3	64	83	1	-4
607	123.051634	123.648616	B3	64	92	1	-2
608	123.310254	123.603358	E4	64	96	0	5
609	123.568875	125.155081	C#2	64	81	1	-4
610	123.827495	124.984822	G#2	64	63	1	-2
611	124.086116	124.713271	C#3	64	95	1	-2
612	124.344736	124.691719	E3	64	69	1	-4
613	124.603357	125.193874	G#3	64	90	1	-5
614	124.603357	125.596891	C#4	64	100	0	2
615	124.861977	125.252063	C#3	64	89	1	-2
616	125.120598	125.486977	E3	64	90	1	-4
617	125.379218	125.594735	G#3	64	102	1	-5
618	125.637839	127.010683	D#2	64	90	1	-2
619	125.896459	127.019303	A#2	64	32	1	-5
620	126.155080	126.788700	D#3	64	97	1	-5
621	126.413700	126.756373	G3	64	72	1	-1
622	126.672321	127.693872	A#3	64	97	1	-3
623	126.672321	127.728355	D#4	64	97	0	4
624	126.930941	127.180941	D#3	64	92	1	-5
625	127.189562	127.696027	G3	64	86	1	-1
626	127.965423	129.857663	D#3	64	39	1	-5
627	128.224044	129.857663	G#3	64	88	1	-5
628	128.482664	129.939560	B3	64	67	1	-2
629	128.741285	129.911543	G#4	64	100	0	4
630	129.258526	129.892146	D#4	64	83	0	4
631	129.775767	129.935250	G#2	64	96	1	-2
632	130.293008	130.385680	D#4	64	97	0	4
633	130.293008	130.997749	G#3	64	89	1	-5
634	130.551628	130.678783	D#4	64	99	0	4
635	130.810249	131.148611	B4	64	95	0	2
636	130.810249	131.870593	G#4	64	102	0	4
637	130.810249	131.907231	D#4	64	90	0	4
638	131.068869	131.249904	G#3	64	70	1	-5
639	131.327490	131.527921	B4	64	100	0	2
640	131.327490	131.896455	B3	64	90	1	-2
641	131.586110	131.803783	C#5	64	112	0	4
642	131.844731	131.954645	A#4	64	122	0	1
643	131.844731	133.288695	F#2	64	92	1	-4
644	132.103351	132.297317	A#4	64	117	0	1
645	132.361972	132.540851	G#4	64	112	0	4
646	132.361972	133.183092	C#3	64	48	1	-2
647	132.620592	133.243437	F#4	64	99	0	2
648	132.879213	133.193868	F#3	64	56	1	-2
649	132.879213	133.941712	C#4	64	90	0	2
650	132.879213	133.958953	F#4	64	90	0	2
651	133.396454	133.982660	A#3	64	86	1	-3
652	133.655074	133.801626	B3	64	95	1	-2
653	133.913695	134.023609	G#4	64	107	0	4
654	133.913695	135.366280	E2	64	86	1	-1
655	134.172315	134.271453	G#4	64	122	0	4
656	134.430936	134.523608	G#4	64	117	0	4
657	134.430936	135.441711	B2	64	62	1	-4
658	134.689556	134.782229	G#4	64	102	0	4
659	134.948177	135.032229	G#4	64	112	0	4
660	134.948177	135.566711	E3	64	75	1	-4
661	134.948177	136.004211	E4	64	82	0	5
662	134.948177	136.036538	G#4	64	88	0	4
663	135.206797	135.297315	G#4	64	122	0	4
664	135.465418	135.538694	F#4	64	117	0	2
665	135.465418	136.155073	B3	64	76	1	-2
666	135.724038	135.810245	G#4	64	127	0	4
667	135.982659	136.377055	F#4	64	122	0	2
668	135.982659	137.413692	B2	64	89	1	-4
669	136.499900	136.902917	D#4	64	100	0	4
670	136.499900	137.159382	F#3	64	92	1	-2
671	137.017141	138.094726	F#4	64	117	0	2
672	137.275761	137.398606	F#3	64	97	1	-2
673	137.534382	138.092571	D#4	64	99	0	4
674	137.793002	138.118433	B3	64	89	1	-2
675	138.051623	139.698173	C#2	64	71	1	-4
676	138.568864	138.652916	C#4	64	112	0	2
677	138.568864	139.708949	G#2	64	37	1	-2
678	138.827484	138.935243	C#4	64	100	0	2
679	139.086105	139.467570	C#4	64	122	0	2
680	139.086105	139.818863	C#3	64	65	1	-2
681	139.086105	140.051621	C#4	64	63	0	2
682	139.086105	140.071018	E4	64	73	0	5
683	139.603346	139.870587	D#4	64	117	0	4
684	139.603346	140.055932	G#3	64	75	1	-5
685	140.120587	140.239121	F#4	64	127	0	2
686	140.120587	141.571017	D#2	64	77	1	-2
687	140.379207	140.484811	F#4	64	122	0	2
688	140.637828	140.801621	G#4	64	112	0	4
689	140.637828	141.601189	A#2	64	53	1	-5
690	140.896448	141.293000	F#4	64	127	0	2
691	141.155069	141.321017	A#3	64	72	1	-3
692	141.155069	141.568862	D#3	64	66	1	-5
693	141.155069	141.963258	D#4	64	88	0	4
694	141.672310	141.905068	A#3	64	46	1	-3
695	142.189551	142.586102	B4	64	127	0	2
696	142.189551	142.564551	E2	64	85	1	-1
697	142.189551	142.586102	E4	64	95	0	5
698	142.189551	142.588258	G#4	64	96	0	4
699	142.189551	142.648602	B3	64	89	1	-2
700	142.706792	143.055930	A#4	64	122	0	1
701	143.224033	143.590412	G#4	64	127	0	4
702	143.224033	143.769291	F#3	64	93	1	-2
703	143.224033	143.790843	A#3	64	95	1	-3
704	143.224033	143.795153	F#2	64	96	1	-4
705	143.224033	143.816705	C#4	64	82	0	2
706	143.741274	144.025756	F#4	64	117	0	2
707	143.999894	145.474031	G#4	64	112	0	4
708	144.258515	145.948169	G#2	64	93	1	-2
709	144.775756	145.870583	D#3	64	52	1	-5
710	145.292997	146.321013	G#4	64	112	0	4
711	145.551617	145.713255	G#4	64	117	0	4
712	145.551617	145.855496	G#3	64	96	1	-5
713	145.810238	146.004203	B4	64	102	0	2
714	145.810238	146.303772	D#4	64	127	0	4
715	146.068858	146.243427	G#4	64	127	0	4
716	146.068858	146.333944	B3	64	100	1	-2
717	146.327479	146.713254	C#5	64	122	0	4
718	146.327479	147.795150	C#2	64	92	1	-4
719	146.844720	147.185237	C#5	64	127	0	4
720	146.844720	147.480495	C#3	64	88	1	-2
721	147.361961	147.713254	C#5	64	127	0	4
722	147.361961	147.542995	G#3	64	100	1	-5
723	147.361961	148.930925	C#4	64	107	0	2
724	147.361961	148.967563	E4	64	102	0	5
725	147.620581	147.874892	D#5	64	122	0	1
726	147.620581	147.933081	C#3	64	78	1	-2
727	147.879202	148.976184	G#3	64	112	1	-5
728	148.137822	149.536528	C#5	64	127	0	4
729	148.396443	149.767132	C#2	64	112	1	-4
730	148.913684	149.525752	C#3	64	49	1	-2
731	149.172304	149.254201	G#3	64	27	1	-5
732	149.430925	150.467562	C#4	64	122	0	2
733	149.430925	150.497734	E4	64	99	0	5
734	149.689545	149.943856	B4	64	100	0	2
735	149.689545	149.887821	C#3	64	95	1	-2
736	149.948166	150.290838	D#5	64	127	0	1
737	149.948166	150.467562	G#3	64	99	1	-5
738	150.465407	150.872734	D#5	64	127	0	1
739	150.465407	151.971871	D#2	64	99	1	-2
740	150.982648	151.359803	C#5	64	127	0	4
741	150.982648	151.939544	A#2	64	34	1	-5
742	151.499889	151.902906	B4	64	112	0	2
743	151.499889	152.536526	A#3	64	92	1	-3
744	151.499889	152.542992	D#4	64	99	0	4
745	151.758509	152.040837	A#4	64	112	0	1
746	152.017130	152.269285	B4	64	86	0	2
747	152.017130	152.530061	F#3	64	88	1	-2
748	152.275750	152.553767	A#4	64	100	0	1
749	152.534371	153.538681	G#4	64	112	0	4
750	152.534371	154.118421	G#2	64	97	1	-2
751	153.051612	153.659370	D#3	64	88	1	-5
752	153.568853	154.706783	D#4	64	112	0	4
753	153.827473	154.023594	G#4	64	96	0	4
754	153.827473	154.073163	D#3	64	86	1	-5
755	154.086094	154.277904	B4	64	100	0	2
756	154.086094	154.379197	B3	64	81	1	-2
757	154.344714	154.588249	G#4	64	122	0	4
758	154.344714	154.644283	G#3	64	107	1	-5
759	154.603335	154.937386	C#5	64	117	0	4
760	154.603335	156.530058	C#2	64	92	1	-4
761	155.120576	155.484800	C#5	64	127	0	4
762	155.120576	156.646437	G#2	64	60	1	-2
763	155.637817	155.853334	C#5	64	127	0	4
764	155.637817	156.706782	C#3	64	55	1	-2
765	155.637817	156.836092	C#4	64	90	0	2
766	155.896437	156.232644	D#5	64	127	0	1
767	156.155058	156.780057	G#3	64	88	1	-5
768	156.413678	157.782212	C#5	64	127	0	4
769	156.413678	156.618420	E3	64	69	1	-4
770	156.672299	158.105488	C#2	64	92	1	-4
771	157.189540	157.853333	C#3	64	93	1	-2
772	157.448160	157.581781	E5	64	102	0	2
773	157.706781	157.917988	E5	64	90	0	2
774	157.706781	158.230487	C#4	64	127	0	2
775	157.965401	158.247729	F#5	64	127	0	4
776	157.965401	158.150746	C#3	64	83	1	-2
777	158.224022	158.295143	G#3	64	107	1	-5
778	158.482642	158.769280	C#5	64	117	0	4
779	158.741263	159.377038	A#3	64	102	1	-3
780	158.741263	159.489107	G3	64	92	1	-1
781	158.741263	160.458934	D#2	64	99	1	-2
782	158.999883	160.999882	D#5	64	127	0	1
783	159.258504	160.413675	A#2	64	39	1	-5
784	159.775745	160.321003	A#3	64	127	1	-3
785	159.775745	160.424451	D#4	64	127	0	4
786	160.034365	160.538675	D#3	64	107	1	-5
787	160.292986	160.667986	G3	64	117	1	-1
788	160.551606	160.734796	A#3	64	112	1	-3
789	160.810227	160.958934	A#2	64	90	1	-5
790	160.810227	160.961089	D#3	64	89	1	-5
791	160.810227	160.971865	D#2	64	66	1	-2
792	160.810227	160.974020	G4	64	83	0	3
793	160.810227	160.986951	D#4	64	96	0	4
794	160.810227	160.989106	A#3	64	107	1	-3
795	161.068847	161.260658	A#2	64	97	1	-5
796	161.068847	161.297296	D#3	64	102	1	-5
797	161.068847	161.308071	A#3	64	112	1	-3
798	161.068847	161.314537	D#4	64	107	0	4
799	161.068847	161.323158	G4	64	95	0	3
800	161.068847	161.325313	D#2	64	72	1	-2
801	161.844709	162.368415	B4	64	122	0	2
802	162.361950	162.814536	C#5	64	122	0	4
803	162.879191	163.002036	D#5	64	127	0	1
804	162.879191	164.795138	G#2	64	96	1	-2
805	163.137811	163.254191	D#5	64	102	0	1
806	163.137811	164.670138	D#3	64	88	1	-5
807	163.396432	163.514966	D#5	64	127	0	1
808	163.396432	164.017121	G#3	64	107	1	-5
809	163.655052	163.790828	D#5	64	127	0	1
810	163.655052	164.183069	B3	64	92	1	-2
811	163.913673	164.103328	D#5	64	127	0	1
812	163.913673	164.948155	G#4	64	127	0	4
813	164.172293	164.312380	G#4	64	112	0	4
814	164.172293	164.555914	G#3	64	102	1	-5
815	164.430914	164.588241	G#4	64	122	0	4
816	164.430914	164.907207	D#4	64	127	0	4
817	164.689534	165.161517	F#5	64	127	0	4
818	164.689534	164.933069	B3	64	107	1	-2
819	164.948155	166.340395	C#2	64	93	1	-4
820	165.206775	165.325310	F#5	64	127	0	4
821	165.206775	166.290826	G#2	64	33	1	-2
822	165.465396	165.685223	F#5	64	127	0	4
823	165.465396	166.144275	C#3	64	100	1	-2
824	165.724016	165.941689	G#5	64	112	0	1
825	165.724016	166.271430	E3	64	96	1	-4
826	165.982637	166.409361	E5	64	112	0	2
827	165.982637	166.989102	C#4	64	122	0	2
828	166.241257	166.476171	C#3	64	107	1	-2
829	166.499878	166.685223	E5	64	127	0	2
830	166.499878	167.030050	G#3	64	99	1	-5
831	166.758498	166.952464	F#5	64	107	0	4
832	166.758498	167.010653	E3	64	97	1	-4
833	167.017119	167.133498	C#5	64	122	0	4
834	167.017119	168.426601	F#2	64	86	1	-4
835	167.275739	167.383498	C#5	64	127	0	4
836	167.275739	168.426601	C#3	64	72	1	-2
837	167.534360	167.642118	C#5	64	122	0	4
838	167.534360	168.159359	F#3	64	96	1	-2
839	167.792980	167.892118	C#5	64	117	0	4
840	167.792980	168.170135	A#3	64	88	1	-3
841	168.051601	168.224015	C#5	64	127	0	4
842	168.051601	168.999876	F#4	64	127	0	2
843	168.310221	168.525738	F#3	64	97	1	-2
844	168.568842	168.695997	F#4	64	112	0	2
845	168.568842	169.040824	C#4	64	117	0	2
846	168.827462	169.232635	E5	64	112	0	2
847	168.827462	169.060221	A#3	64	99	1	-3
848	169.086083	170.491254	B2	64	78	1	-4
849	169.344703	169.467548	E5	64	97	0	2
850	169.344703	170.226168	F#3	64	107	1	-2
851	169.603324	169.792979	E5	64	102	0	2
852	169.603324	170.215392	B3	64	95	1	-2
853	169.861944	170.094703	F#5	64	112	0	4
854	169.861944	170.148582	D#4	64	117	0	4
855	170.120565	170.474013	D#5	64	122	0	1
856	170.120565	171.083926	F#4	64	122	0	2
857	170.379185	170.499875	F#3	64	83	1	-2
858	170.637806	171.114099	D#4	64	117	0	4
859	170.896426	171.741253	B3	64	97	1	-2
860	171.155047	171.267116	B4	64	100	0	2
861	171.155047	172.573149	E2	64	97	1	-1
862	171.413667	171.523581	B4	64	95	0	2
863	171.413667	172.575304	B2	64	99	1	-4
864	171.672288	171.780046	B4	64	97	0	2
865	171.672288	172.314529	E3	64	97	1	-4
866	171.930908	172.042977	B4	64	100	0	2
867	171.930908	172.398580	B3	64	90	1	-2
868	172.189529	172.570994	B4	64	112	0	2
869	172.189529	173.241252	G#4	64	127	0	4
870	172.448149	172.579615	E3	64	93	1	-4
871	172.706770	173.101166	D#5	64	127	0	1
872	172.706770	173.224011	E4	64	96	0	5
873	172.965390	173.230476	B3	64	100	1	-2
874	173.224011	173.441683	D#5	64	127	0	1
875	173.224011	174.588234	C#2	64	83	1	-4
876	173.482631	173.609786	C#5	64	122	0	4
877	173.482631	174.596855	G#2	64	86	1	-2
878	173.741252	173.857631	C#5	64	122	0	4
879	173.741252	174.331769	C#3	64	88	1	-2
880	173.999872	174.562372	C#5	64	127	0	4
881	173.999872	174.663665	E3	64	85	1	-4
882	174.258493	175.206768	C#4	64	107	0	2
883	174.517113	174.661510	C#3	64	90	1	-2
884	174.775734	175.189527	G#3	64	107	1	-5
885	175.034354	175.204613	E3	64	96	1	-4
886	175.292975	175.594699	A#4	64	127	0	1
887	175.292975	176.648577	E2	64	95	1	-1
888	175.551595	176.674439	B2	64	78	1	-4
889	175.810216	175.984785	B4	64	99	0	2
890	175.810216	176.443836	E3	64	122	1	-4
891	176.068836	176.400733	C#5	64	117	0	4
892	176.068836	176.495560	B3	64	89	1	-2
893	176.327457	177.361939	G#4	64	127	0	4
894	176.586077	177.256336	E5	64	127	0	2
895	176.586077	176.747715	E3	64	112	1	-4
896	176.844698	177.361939	E4	64	112	0	5
897	177.103318	177.361939	B3	64	112	1	-2
898	177.361939	178.631335	D#5	64	127	0	1
899	177.361939	178.734783	D#2	64	97	1	-2
900	177.620559	178.719697	A#2	64	55	1	-5
901	177.879180	178.530041	D#3	64	112	1	-5
902	178.137800	178.702455	G3	64	99	1	-1
903	178.396421	179.366248	D#4	64	127	0	4
904	178.655041	178.881334	D#3	64	112	1	-5
905	178.913662	179.092541	B4	64	112	0	2
906	178.913662	179.325300	A#3	64	122	1	-3
907	179.172282	179.349006	C#5	64	127	0	4
908	179.172282	179.409351	G3	64	107	1	-1
909	179.430903	179.547282	D#5	64	127	0	1
910	179.430903	180.838229	G#2	64	88	1	-2
911	179.689523	179.795127	D#5	64	122	0	1
912	179.689523	180.842540	D#3	64	73	1	-5
913	179.948144	180.045127	D#5	64	127	0	1
914	179.948144	180.560212	G#3	64	99	1	-5
915	180.206764	180.292971	D#5	64	127	0	1
916	180.206764	180.734781	B3	64	97	1	-2
917	180.465385	180.691678	D#5	64	127	0	1
918	180.465385	181.407195	G#4	64	127	0	4
919	180.724005	180.792971	G#3	64	99	1	-5
920	180.982626	181.189522	G#4	64	117	0	4
921	180.982626	181.463229	D#4	64	122	0	4
922	181.241246	181.627022	F#5	64	117	0	4
923	181.241246	181.508488	B3	64	112	1	-2
924	181.499867	182.967538	C#2	64	81	1	-4
925	181.758487	181.870556	F#5	64	127	0	4
926	181.758487	182.915814	G#2	64	61	1	-2
927	182.017108	182.221849	F#5	64	122	0	4
928	182.017108	182.620556	C#3	64	93	1	-2
929	182.275728	182.478314	G#5	64	112	0	1
930	182.275728	182.844693	E3	64	95	1	-4
931	182.534349	182.833918	E5	64	117	0	2
932	182.534349	183.530038	C#4	64	127	0	2
933	182.792969	183.148573	C#3	64	97	1	-2
934	183.051590	183.243400	E5	64	117	0	2
935	183.051590	183.553745	G#3	64	117	1	-5
936	183.310210	183.495555	F#5	64	99	0	4
937	183.310210	183.558055	E3	64	100	1	-4
938	183.568831	183.667969	C#5	64	127	0	4
939	183.568831	184.995554	F#2	64	97	1	-4
940	183.827451	183.917969	C#5	64	112	0	4
941	183.827451	185.025726	C#3	64	78	1	-2
942	184.086072	184.178744	C#5	64	102	0	4
943	184.086072	184.724002	F#3	64	102	1	-2
944	184.344692	184.452451	C#5	64	112	0	4
945	184.344692	184.670123	A#3	64	100	1	-3
946	184.603313	184.836071	C#5	64	127	0	4
947	184.603313	185.025726	C#4	64	127	0	2
948	184.861933	185.146416	F#3	64	102	1	-2
949	185.120554	185.239088	F#4	64	117	0	2
950	185.120554	185.676588	F#4	64	117	0	2
951	185.379174	185.749864	E5	64	122	0	2
952	185.379174	185.631329	A#3	64	97	1	-3
953	185.637795	187.105466	B2	64	83	1	-4
954	185.896415	186.019260	E5	64	112	0	2
955	185.896415	186.842535	F#3	64	102	1	-2
956	186.155036	186.325294	E5	64	107	0	2
957	186.155036	186.650725	B3	64	85	1	-2
958	186.413656	186.611932	F#5	64	117	0	4
959	186.413656	186.721846	D#4	64	117	0	4
960	186.672277	187.131328	D#5	64	127	0	1
961	186.672277	187.536500	F#4	64	122	0	2
962	186.930897	187.060208	F#3	64	95	1	-2
963	187.189518	187.426587	C#5	64	127	0	4
964	187.189518	187.540811	D#4	64	122	0	4
965	187.448138	187.588225	B4	64	99	0	2
966	187.448138	188.221845	B3	64	97	1	-2
967	187.706759	187.917966	C#5	64	127	0	4
968	187.706759	189.122706	E2	64	89	1	-1
969	187.965379	188.083914	B4	64	96	0	2
970	187.965379	189.133482	B2	64	69	1	-4
971	188.224000	188.323138	B4	64	99	0	2
972	188.224000	188.900724	E3	64	102	1	-4
973	188.482620	188.857620	B4	64	112	0	2
974	188.482620	188.920120	B3	64	89	1	-2
975	188.741241	189.713223	G#4	64	127	0	4
976	188.999861	189.366240	D#5	64	117	0	1
977	188.999861	189.096844	E3	64	96	1	-4
978	189.258482	189.726154	E4	64	90	0	5
979	189.517102	189.812361	D#5	64	127	0	1
980	189.517102	189.797275	B3	64	102	1	-2
981	189.775723	190.040809	E5	64	83	0	2
982	189.775723	191.243394	C#2	64	89	1	-4
983	190.034343	190.320981	D#5	64	102	0	1
984	190.034343	191.241239	G#2	64	47	1	-2
985	190.292964	191.045119	C#5	64	117	0	4
986	190.292964	190.926584	C#3	64	93	1	-2
987	190.551584	190.900722	G#3	64	88	1	-5
988	190.810205	191.372704	C#4	64	82	0	2
989	190.810205	191.838221	E4	64	100	0	5
990	191.068825	191.202446	A#4	64	122	0	1
991	191.068825	191.282187	C#3	64	99	1	-2
992	191.327446	191.484773	A#4	64	122	0	1
993	191.327446	191.695980	G#3	64	107	1	-5
994	191.586066	191.801583	B4	64	100	0	2
995	191.586066	191.827446	C#4	64	100	0	2
996	191.844687	192.142100	C#5	64	127	0	4
997	191.844687	193.157186	D#2	64	99	1	-2
998	192.103307	193.146410	A#2	64	64	1	-5
999	192.361928	192.530031	D#5	64	117	0	1
1000	192.361928	192.991238	D#3	64	102	1	-5
1001	192.620548	192.952445	A#4	64	127	0	1
1002	192.620548	193.193824	G3	64	89	1	-1
1003	192.879169	193.887789	D#4	64	127	0	4
1004	193.137789	193.439513	B4	64	100	0	2
1005	193.137789	193.359772	D#3	64	97	1	-5
1006	193.396410	193.872703	A#3	64	117	1	-3
1007	193.616237	194.068823	A#4	64	122	0	1
1008	193.655030	193.877013	G3	64	89	1	-1
1009	193.913651	195.497701	G#2	64	82	1	-2
1010	194.172271	195.366236	D#3	64	65	1	-5
1011	194.204599	194.348995	B4	64	112	0	2
1012	194.359771	194.489082	A#4	64	112	0	1
1013	194.430892	195.127012	G#3	64	81	1	-5
1014	194.499857	195.973994	G#4	64	127	0	4
1015	194.689512	195.982615	B3	64	74	1	-2
1016	194.948133	195.982615	G#4	64	117	0	4
1017	195.206753	195.396408	G#3	64	50	1	-5
1018	195.465374	195.982615	D#4	64	83	0	4
1019	195.982615	196.105460	D#5	64	127	0	1
1020	195.982615	197.898562	G#2	64	96	1	-2
1021	196.241235	196.357615	D#5	64	102	0	1
1022	196.241235	197.773562	D#3	64	88	1	-5
1023	196.499856	196.618390	D#5	64	127	0	1
1024	196.499856	197.120545	G#3	64	107	1	-5
1025	196.758476	196.894252	D#5	64	127	0	1
1026	196.758476	197.286493	B3	64	92	1	-2
1027	197.017097	197.206752	D#5	64	127	0	1
1028	197.017097	198.051579	G#4	64	127	0	4
1029	197.275717	197.415804	G#4	64	112	0	4
1030	197.275717	197.659338	G#3	64	102	1	-5
1031	197.534338	197.691665	G#4	64	122	0	4
1032	197.534338	198.010631	D#4	64	127	0	4
1033	197.792958	198.264941	F#5	64	127	0	4
1034	197.792958	198.036493	B3	64	107	1	-2
1035	198.051579	199.443819	C#2	64	93	1	-4
1036	198.310199	198.428734	F#5	64	127	0	4
1037	198.310199	199.394250	G#2	64	33	1	-2
1038	198.568820	198.788647	F#5	64	127	0	4
1039	198.568820	199.247699	C#3	64	100	1	-2
1040	198.827440	199.045113	G#5	64	112	0	1
1041	198.827440	199.374854	E3	64	96	1	-4
1042	199.086061	199.512785	E5	64	112	0	2
1043	199.086061	200.092526	C#4	64	122	0	2
1044	199.344681	199.579595	C#3	64	107	1	-2
1045	199.603302	199.788647	E5	64	127	0	2
1046	199.603302	200.133474	G#3	64	99	1	-5
1047	199.861922	200.055888	F#5	64	107	0	4
1048	199.861922	200.114077	E3	64	97	1	-4
1049	200.120543	200.236922	C#5	64	122	0	4
1050	200.120543	201.530025	F#2	64	86	1	-4
1051	200.379163	200.486922	C#5	64	127	0	4
1052	200.379163	201.530025	C#3	64	72	1	-2
1053	200.637784	200.745542	C#5	64	122	0	4
1054	200.637784	201.262783	F#3	64	96	1	-2
1055	200.896404	200.995542	C#5	64	117	0	4
1056	200.896404	201.273559	A#3	64	88	1	-3
1057	201.155025	201.327439	C#5	64	127	0	4
1058	201.155025	202.103300	F#4	64	127	0	2
1059	201.413645	201.629162	F#3	64	97	1	-2
1060	201.672266	201.799421	F#4	64	112	0	2
1061	201.672266	202.144248	C#4	64	117	0	2
1062	201.930886	202.336059	E5	64	112	0	2
1063	201.930886	202.163645	A#3	64	99	1	-3
1064	202.189507	203.594678	B2	64	78	1	-4
1065	202.448127	202.570972	E5	64	97	0	2
1066	202.448127	203.329592	F#3	64	107	1	-2
1067	202.706748	202.896403	E5	64	102	0	2
1068	202.706748	203.318816	B3	64	95	1	-2
1069	202.965368	203.198127	F#5	64	112	0	4
1070	202.965368	203.252006	D#4	64	117	0	4
1071	203.223989	203.577437	D#5	64	122	0	1
1072	203.223989	204.187350	F#4	64	122	0	2
1073	203.482609	203.603299	F#3	64	83	1	-2
1074	203.741230	204.217523	D#4	64	117	0	4
1075	203.999850	204.844677	B3	64	97	1	-2
1076	204.258471	204.370540	B4	64	100	0	2
1077	204.258471	205.676573	E2	64	97	1	-1
1078	204.517091	204.627005	B4	64	95	0	2
1079	204.517091	205.678728	B2	64	99	1	-4
1080	204.775712	204.883470	B4	64	97	0	2
1081	204.775712	205.417953	E3	64	97	1	-4
1082	205.034332	205.146401	B4	64	100	0	2
1083	205.034332	205.502004	B3	64	90	1	-2
1084	205.292953	205.674418	B4	64	112	0	2
1085	205.292953	206.344676	G#4	64	127	0	4
1086	205.551573	205.683039	E3	64	93	1	-4
1087	205.810194	206.204590	D#5	64	127	0	1
1088	205.810194	206.327435	E4	64	96	0	5
1089	206.068814	206.333900	B3	64	100	1	-2
1090	206.327435	206.545107	D#5	64	127	0	1
1091	206.327435	207.691658	C#2	64	83	1	-4
1092	206.586055	206.713210	C#5	64	122	0	4
1093	206.586055	207.700279	G#2	64	86	1	-2
1094	206.844676	206.961055	C#5	64	122	0	4
1095	206.844676	207.435193	C#3	64	88	1	-2
1096	207.103296	207.665796	C#5	64	127	0	4
1097	207.103296	207.767089	E3	64	85	1	-4
1098	207.361917	208.310192	C#4	64	107	0	2
1099	207.620537	207.764934	C#3	64	90	1	-2
1100	207.879158	208.292951	G#3	64	107	1	-5
1101	208.137778	208.308037	E3	64	96	1	-4
1102	208.396399	208.698123	A#4	64	127	0	1
1103	208.396399	209.752001	E2	64	95	1	-1
1104	208.655019	209.777863	B2	64	78	1	-4
1105	208.913640	209.088209	B4	64	99	0	2
1106	208.913640	209.547260	E3	64	122	1	-4
1107	209.172260	209.504157	C#5	64	117	0	4
1108	209.172260	209.598984	B3	64	89	1	-2
1109	209.430881	210.465363	G#4	64	127	0	4
1110	209.689501	210.359760	E5	64	127	0	2
1111	209.689501	209.851139	E3	64	112	1	-4
1112	209.948122	210.465363	E4	64	112	0	5
1113	210.206742	210.465363	B3	64	112	1	-2
1114	210.465363	211.734759	D#5	64	127	0	1
1115	210.465363	211.838207	D#2	64	97	1	-2
1116	210.723983	211.823121	A#2	64	55	1	-5
1117	210.982604	211.633465	D#3	64	112	1	-5
1118	211.241224	211.805879	G3	64	99	1	-1
1119	211.499845	212.469672	D#4	64	127	0	4
1120	211.758465	211.984758	D#3	64	112	1	-5
1121	212.017086	212.195965	B4	64	112	0	2
1122	212.017086	212.428724	A#3	64	122	1	-3
1123	212.275706	212.452430	C#5	64	127	0	4
1124	212.275706	212.512775	G3	64	107	1	-1
1125	212.534327	212.650706	D#5	64	127	0	1
1126	212.534327	213.941653	G#2	64	88	1	-2
1127	212.792947	212.898551	D#5	64	122	0	1
1128	212.792947	213.945964	D#3	64	73	1	-5
1129	213.051568	213.148551	D#5	64	127	0	1
1130	213.051568	213.663636	G#3	64	99	1	-5
1131	213.310188	213.396395	D#5	64	127	0	1
1132	213.310188	213.838205	B3	64	97	1	-2
1133	213.568809	213.795102	D#5	64	127	0	1
1134	213.568809	214.510619	G#4	64	127	0	4
1135	213.827429	213.896395	G#3	64	99	1	-5
1136	214.086050	214.292946	G#4	64	117	0	4
1137	214.086050	214.566653	D#4	64	122	0	4
1138	214.344670	214.730446	F#5	64	117	0	4
1139	214.344670	214.611912	B3	64	112	1	-2
1140	214.603291	216.070962	C#2	64	81	1	-4
1141	214.861911	214.973980	F#5	64	127	0	4
1142	214.861911	216.019238	G#2	64	61	1	-2
1143	215.120532	215.325273	F#5	64	122	0	4
1144	215.120532	215.723980	C#3	64	93	1	-2
1145	215.379152	215.581738	G#5	64	112	0	1
1146	215.379152	215.948117	E3	64	95	1	-4
1147	215.637773	215.937342	E5	64	117	0	2
1148	215.637773	216.633462	C#4	64	127	0	2
1149	215.896393	216.251997	C#3	64	97	1	-2
1150	216.155014	216.346824	E5	64	117	0	2
1151	216.155014	216.657169	G#3	64	117	1	-5
1152	216.413634	216.598979	F#5	64	99	0	4
1153	216.413634	216.661479	E3	64	100	1	-4
1154	216.672255	216.771393	C#5	64	127	0	4
1155	216.672255	218.098978	F#2	64	97	1	-4
1156	216.930875	217.021393	C#5	64	112	0	4
1157	216.930875	218.129150	C#3	64	78	1	-2
1158	217.189496	217.282168	C#5	64	102	0	4
1159	217.189496	217.827426	F#3	64	102	1	-2
1160	217.448116	217.555875	C#5	64	112	0	4
1161	217.448116	217.773547	A#3	64	100	1	-3
1162	217.706737	217.939495	C#5	64	127	0	4
1163	217.706737	218.129150	C#4	64	127	0	2
1164	217.965357	218.249840	F#3	64	102	1	-2
1165	218.223978	218.342512	F#4	64	117	0	2
1166	218.223978	218.780012	F#4	64	117	0	2
1167	218.482598	218.853288	E5	64	122	0	2
1168	218.482598	218.734753	A#3	64	97	1	-3
1169	218.741219	220.208890	B2	64	83	1	-4
1170	218.999839	219.122684	E5	64	112	0	2
1171	218.999839	219.945959	F#3	64	102	1	-2
1172	219.258460	219.428718	E5	64	107	0	2
1173	219.258460	219.754149	B3	64	85	1	-2
1174	219.517080	219.715356	F#5	64	117	0	4
1175	219.517080	219.825270	D#4	64	117	0	4
1176	219.775701	220.234752	D#5	64	127	0	1
1177	219.775701	220.639924	F#4	64	122	0	2
1178	220.034321	220.163632	F#3	64	95	1	-2
1179	220.292942	220.530011	C#5	64	127	0	4
1180	220.292942	220.644235	D#4	64	122	0	4
1181	220.551562	220.691649	B4	64	99	0	2
1182	220.551562	221.325269	B3	64	97	1	-2
1183	220.810183	221.021390	C#5	64	127	0	4
1184	220.810183	222.226130	E2	64	89	1	-1
1185	221.068803	221.187338	B4	64	96	0	2
1186	221.068803	222.236906	B2	64	69	1	-4
1187	221.327424	221.426562	B4	64	99	0	2
1188	221.327424	222.004148	E3	64	102	1	-4
1189	221.586044	221.961044	B4	64	112	0	2
1190	221.586044	222.023544	B3	64	89	1	-2
1191	221.844665	222.816647	G#4	64	127	0	4
1192	222.103285	222.469664	D#5	64	117	0	1
1193	222.103285	222.200268	E3	64	96	1	-4
1194	222.361906	222.829578	E4	64	90	0	5
1195	222.620526	222.915785	D#5	64	127	0	1
1196	222.620526	222.900699	B3	64	102	1	-2
1197	222.879147	223.144233	E5	64	83	0	2
1198	222.879147	224.346818	C#2	64	89	1	-4
1199	223.137767	223.424405	D#5	64	102	0	1
1200	223.137767	224.344663	G#2	64	47	1	-2
1201	223.396388	224.030008	C#3	64	93	1	-2
1202	223.655008	223.913629	C#5	64	127	0	4
1203	223.655008	224.004146	G#3	64	88	1	-5
1204	223.913629	224.476128	C#4	64	82	0	2
1205	223.913629	224.941645	E4	64	100	0	5
1206	224.172249	224.385611	C#3	64	99	1	-2
1207	224.430870	224.799404	G#3	64	107	1	-5
1208	224.689490	224.930870	C#4	64	100	0	2
1209	224.948111	225.336042	A#4	64	127	0	1
1210	224.948111	226.260610	D#2	64	99	1	-2
1211	225.206731	226.249834	A#2	64	64	1	-5
1212	225.465352	225.672248	B4	64	107	0	2
1213	225.465352	226.094662	D#3	64	102	1	-5
1214	225.723972	226.051558	C#5	64	127	0	4
1215	225.723972	226.297248	G3	64	89	1	-1
1216	225.982593	226.991213	D#4	64	127	0	4
1217	226.241213	226.913627	E5	64	127	0	2
1218	226.241213	226.463196	D#3	64	97	1	-5
1219	226.499834	226.976127	A#3	64	117	1	-3
1220	226.758454	226.980437	G3	64	89	1	-1
1221	227.017075	228.435177	D#5	64	127	0	1
1222	227.017075	227.249833	G4	64	85	0	3
1223	227.017075	227.273540	D#2	64	65	1	-2
1224	227.017075	227.277851	A#4	64	88	0	1
1225	227.017075	227.286471	D#4	64	92	0	4
1226	227.275695	227.277851	D#3	64	88	1	-5
1227	227.275695	227.424402	D#2	64	65	1	-2
1228	227.534316	227.611902	G4	64	97	0	3
1229	227.534316	227.655005	D#4	64	96	0	4
1230	227.534316	227.663626	A#4	64	88	0	1
1231	227.792936	227.831729	G4	64	112	0	3
1232	227.792936	227.846816	A#4	64	95	0	1
1233	227.792936	227.853281	D#4	64	97	0	4
1234	227.792936	227.855436	D#2	64	88	1	-2
1235	227.792936	227.870523	D#3	64	82	1	-5
1236	228.051557	228.665781	D#3	64	107	1	-5
1237	228.051557	228.680867	G4	64	117	0	3
1238	228.051557	228.683022	D#4	64	112	0	4
1239	228.051557	228.689487	D#2	64	99	1	-2
1240	228.051557	228.708884	A#4	64	112	0	1
1241	228.568798	228.747677	B4	64	112	0	2
1242	228.827418	229.004142	C#5	64	127	0	4
1243	229.086039	229.202418	D#5	64	127	0	1
1244	229.086039	230.493365	G#2	64	88	1	-2
1245	229.344659	229.450263	D#5	64	122	0	1
1246	229.344659	230.497676	D#3	64	73	1	-5
1247	229.603280	229.700263	D#5	64	127	0	1
1248	229.603280	230.215348	G#3	64	99	1	-5
1249	229.861900	229.948107	D#5	64	127	0	1
1250	229.861900	230.389917	B3	64	97	1	-2
1251	230.120521	230.346814	D#5	64	127	0	1
1252	230.120521	231.062331	G#4	64	127	0	4
1253	230.379141	230.448107	G#3	64	99	1	-5
1254	230.637762	230.844658	G#4	64	117	0	4
1255	230.637762	231.118365	D#4	64	122	0	4
1256	230.896382	231.282158	F#5	64	117	0	4
1257	230.896382	231.163624	B3	64	112	1	-2
1258	231.155003	232.622674	C#2	64	81	1	-4
1259	231.413623	231.525692	F#5	64	127	0	4
1260	231.413623	232.570950	G#2	64	61	1	-2
1261	231.672244	231.876985	F#5	64	122	0	4
1262	231.672244	232.275692	C#3	64	93	1	-2
1263	231.930864	232.133450	G#5	64	112	0	1
1264	231.930864	232.499829	E3	64	95	1	-4
1265	232.189485	232.489054	E5	64	117	0	2
1266	232.189485	233.185174	C#4	64	127	0	2
1267	232.448105	232.803709	C#3	64	97	1	-2
1268	232.706726	232.898536	E5	64	117	0	2
1269	232.706726	233.208881	G#3	64	117	1	-5
1270	232.965346	233.150691	F#5	64	99	0	4
1271	232.965346	233.213191	E3	64	100	1	-4
1272	233.223967	233.323105	C#5	64	127	0	4
1273	233.223967	234.650690	F#2	64	97	1	-4
1274	233.482587	233.573105	C#5	64	112	0	4
1275	233.482587	234.680862	C#3	64	78	1	-2
1276	233.741208	233.833880	C#5	64	102	0	4
1277	233.741208	234.379138	F#3	64	102	1	-2
1278	233.999828	234.107587	C#5	64	112	0	4
1279	233.999828	234.325259	A#3	64	100	1	-3
1280	234.258449	234.491207	C#5	64	127	0	4
1281	234.258449	234.680862	C#4	64	127	0	2
1282	234.517069	234.801552	F#3	64	102	1	-2
1283	234.775690	234.894224	F#4	64	117	0	2
1284	234.775690	235.331724	F#4	64	117	0	2
1285	235.034310	235.405000	E5	64	122	0	2
1286	235.034310	235.286465	A#3	64	97	1	-3
1287	235.292931	236.760602	B2	64	83	1	-4
1288	235.551551	235.674396	E5	64	112	0	2
1289	235.551551	236.497671	F#3	64	102	1	-2
1290	235.810172	235.980430	E5	64	107	0	2
1291	235.810172	236.305861	B3	64	85	1	-2
1292	236.068792	236.267068	F#5	64	117	0	4
1293	236.068792	236.376982	D#4	64	117	0	4
1294	236.327413	236.786464	D#5	64	127	0	1
1295	236.327413	237.191636	F#4	64	122	0	2
1296	236.586033	236.715344	F#3	64	95	1	-2
1297	236.844654	237.081723	C#5	64	127	0	4
1298	236.844654	237.195947	D#4	64	122	0	4
1299	237.103274	237.243361	B4	64	99	0	2
1300	237.103274	237.876981	B3	64	97	1	-2
1301	237.361895	237.573102	C#5	64	127	0	4
1302	237.361895	238.777842	E2	64	89	1	-1
1303	237.620515	237.739050	B4	64	96	0	2
1304	237.620515	238.788618	B2	64	69	1	-4
1305	237.879136	237.978274	B4	64	99	0	2
1306	237.879136	238.555860	E3	64	102	1	-4
1307	238.137756	238.512756	B4	64	112	0	2
1308	238.137756	238.575256	B3	64	89	1	-2
1309	238.396377	239.368359	G#4	64	127	0	4
1310	238.654997	239.021376	D#5	64	117	0	1
1311	238.654997	238.751980	E3	64	96	1	-4
1312	238.913618	239.381290	E4	64	90	0	5
1313	239.172238	239.467497	D#5	64	127	0	1
1314	239.172238	239.452411	B3	64	102	1	-2
1315	239.430859	239.695945	E5	64	83	0	2
1316	239.430859	240.898530	C#2	64	89	1	-4
1317	239.689479	239.976117	D#5	64	102	0	1
1318	239.689479	240.896375	G#2	64	47	1	-2
1319	239.930859	242.014909	C#5	64	127	0	4
1320	239.948100	240.581720	C#3	64	93	1	-2
1321	240.206720	240.555858	G#3	64	88	1	-5
1322	240.465341	241.027840	C#4	64	82	0	2
1323	240.465341	241.493357	E4	64	100	0	5
1324	240.723961	240.937323	C#3	64	99	1	-2
1325	240.982582	241.351116	G#3	64	107	1	-5
1326	241.241202	241.482582	C#4	64	100	0	2
1327	241.499823	242.467495	E4	64	69	0	5
1328	241.499823	242.480426	G#4	64	68	0	4
1329	241.499823	242.495512	C#4	64	66	0	2
1330	241.499823	242.501977	C#2	64	66	1	-4
1331	241.499823	242.501977	C#3	64	63	1	-2
1332	242.792925	242.904994	A#4	64	112	0	1
1333	243.051546	243.211029	A#4	64	122	0	1
1334	243.310166	243.467494	B4	64	95	0	2
1335	243.568787	244.019218	C#5	64	127	0	4
1336	243.568787	244.607579	A#2	64	36	1	-5
1337	243.568787	244.620510	D#2	64	48	1	-2
1338	243.568787	244.700252	G4	64	60	0	3
1339	243.568787	244.708872	D#4	64	44	0	4
1340	243.568787	244.726114	D#3	64	38	1	-5
1341	243.568787	244.823096	A#4	64	56	0	1
1342	244.086028	244.234735	D#5	64	127	0	1
1343	244.344648	244.920079	A#4	64	122	0	1
1344	245.120510	245.704561	B4	64	99	0	2
1345	245.637751	247.135595	G#2	64	97	1	-2
1346	245.642061	245.933009	A#4	64	117	0	1
1347	245.896371	246.745509	G#3	64	62	1	-5
1348	245.902837	246.176544	B4	64	79	0	2
1349	246.144216	246.422233	A#4	64	117	0	1
1350	246.154992	246.887750	B3	64	72	1	-2
1351	246.389906	246.575250	B4	64	82	0	2
1352	246.413612	246.721802	D#4	64	107	0	4
1353	246.536457	246.702405	A#4	64	107	0	1
1354	246.672233	247.715336	G#4	64	122	0	4
1355	246.680854	249.566627	G#4	64	112	0	4
1356	246.930853	247.086026	G#3	64	68	1	-5
1357	247.448094	247.751973	D#4	64	112	0	4
1358	247.706715	249.157145	C#2	64	86	1	-4
1359	247.965335	249.402834	C#3	64	67	1	-2
1360	248.223956	249.273524	E3	64	63	1	-4
1361	248.482576	249.771369	C#4	64	100	0	2
1362	249.258438	249.790765	G#3	64	85	1	-5
1363	249.517058	249.758438	E3	64	68	1	-4
1364	249.775679	251.129126	F#2	64	73	1	-4
1365	250.034299	251.152833	C#3	64	53	1	-2
1366	250.292920	250.928695	F#3	64	78	1	-2
1367	250.551540	251.333867	A#3	64	62	1	-3
1368	250.810161	251.831712	F#4	64	95	0	2
1369	251.068781	251.323092	F#3	64	78	1	-2
1370	251.327402	251.754126	C#4	64	34	0	2
1371	251.586022	251.818781	A#3	64	56	1	-3
1372	251.844643	253.303694	B2	64	66	1	-4
1373	252.103263	253.049383	F#3	64	88	1	-2
1374	252.361884	252.930849	B3	64	72	1	-2
1375	252.620504	253.810159	F#4	64	122	0	2
1376	252.879125	253.512745	D#4	64	52	0	4
1377	253.137745	253.239038	F#3	64	42	1	-2
1378	253.396366	254.370503	B3	64	86	1	-2
1379	253.913607	255.308002	E2	64	75	1	-1
1380	254.172227	255.301537	B2	64	61	1	-4
1381	254.430848	255.120503	E3	64	73	1	-4
1382	254.689468	255.316623	B3	64	72	1	-2
1383	254.948089	255.872657	G#4	64	112	0	4
1384	255.206709	255.305847	E3	64	59	1	-4
1385	255.465330	255.872657	E4	64	52	0	5
1386	255.982571	257.603259	C#2	64	90	1	-4
1387	256.241191	257.730414	C#3	64	63	1	-2
1388	256.499812	257.320932	E3	64	69	1	-4
1389	256.758432	258.047225	C#4	64	96	0	2
1390	257.275673	258.027828	G#3	64	75	1	-5
1391	257.534294	257.971794	E3	64	66	1	-4
1392	258.029983	259.775672	G#2	64	81	1	-2
1393	258.333862	259.678689	D#3	64	28	1	-5
1394	258.529983	259.137741	G#3	64	79	1	-5
1395	258.827396	259.711016	B3	64	76	1	-2
1396	259.314465	259.726103	G#3	64	66	1	-5
1397	259.586017	259.965327	D#4	64	95	0	4
1398	259.844637	262.499807	B3	64	60	1	-2
1399	260.109723	262.506273	D#4	64	66	0	4
1400	260.120499	262.566618	G#2	64	63	1	-2
1401	260.122654	262.461014	G#3	64	60	1	-5
1402	260.122654	262.532135	G#4	64	76	0	4
1403	260.144206	262.489032	D#3	64	53	1	-5
