//Version: PianoFingering_v170101
0	11.623617	12.641673	D#2	64	70	1	-2
1	11.956950	12.458340	D#3	64	58	1	-5
2	12.290284	13.000006	A#4	64	47	0	1
3	12.623617	13.005562	D#4	64	56	0	4
4	12.956951	14.156952	D2	64	55	1	-3
5	13.290284	13.693062	D3	64	53	1	-1
6	13.623618	14.255563	A#4	64	76	0	1
7	13.956951	14.329174	D4	64	52	0	3
8	14.290285	15.365285	C2	64	63	1	-5
9	14.623618	15.083341	C4	64	56	0	1
10	14.956952	15.650008	G4	64	83	0	3
11	15.290285	15.631952	C4	64	66	0	1
12	15.623619	16.608342	A#1	64	75	1	-2
13	15.956952	16.318064	A#3	64	40	1	-3
14	16.290286	16.863897	D4	64	67	0	3
15	16.623619	16.902786	A#3	64	71	1	-3
16	16.956953	17.712509	G#1	64	66	1	-4
17	17.290286	17.747231	G#3	64	64	1	-5
18	17.623620	18.206954	D#4	64	81	0	4
19	17.956953	18.306954	G#3	64	73	1	-5
20	18.290287	19.290287	G2	64	70	1	-3
21	18.623620	19.077787	G3	64	58	1	-1
22	18.956954	19.623621	D4	64	93	0	3
23	19.290287	19.613899	G3	64	69	1	-1
24	19.623621	20.108343	F2	64	76	1	-5
25	19.956954	20.433344	F3	64	68	1	-3
26	20.290288	20.869455	C4	64	93	0	1
27	20.623621	20.884733	F3	64	76	1	-3
28	20.790288	21.938900	A#2	64	102	1	-5
29	21.290288	21.881955	A#3	64	83	1	-3
30	21.623622	21.866678	D#4	64	127	0	4
31	21.623622	22.022233	D4	64	97	0	3
32	21.956955	22.180567	F4	64	122	0	1
33	21.956955	22.312511	F4	64	92	0	1
34	22.290289	22.894456	G4	64	127	0	3
35	22.290289	23.130567	D#2	64	72	1	-2
36	22.623622	23.041678	D#3	64	85	1	-5
37	22.956956	23.708345	A#4	64	99	0	1
38	23.290289	23.563901	G4	64	112	0	3
39	23.290289	23.665290	D#4	64	89	0	4
40	23.623623	23.954179	F4	64	117	0	1
41	23.623623	24.851401	D2	64	75	1	-3
42	23.956956	24.284734	D3	64	63	1	-1
43	23.956956	24.383346	D4	64	82	0	3
44	24.290290	24.581957	D#4	64	127	0	4
45	24.290290	24.861124	A#4	64	102	0	1
46	24.623623	24.973624	D4	64	107	0	3
47	24.623623	25.044457	D4	64	88	0	3
48	24.956957	25.811124	C2	64	73	1	-5
49	25.290290	25.308346	D#4	64	127	0	4
50	25.290290	25.700013	C3	64	89	1	-3
51	25.290290	25.704180	C4	64	77	0	1
52	25.623624	25.838902	D#4	64	122	0	4
53	25.623624	26.234735	G4	64	97	0	3
54	25.956957	26.193069	F4	64	117	0	1
55	25.956957	26.319458	C4	64	93	0	1
56	26.290291	26.743069	G4	64	127	0	3
57	26.290291	27.152791	A#1	64	99	1	-2
58	26.623624	27.018069	A#3	64	69	1	-3
59	26.623624	27.072236	A#2	64	77	1	-5
60	26.956958	27.143069	F4	64	122	0	1
61	26.956958	27.587514	F4	64	96	0	1
62	27.290291	27.422236	G4	64	127	0	3
63	27.290291	27.638903	A#3	64	95	1	-3
64	27.623625	28.087514	G#4	64	127	0	4
65	27.623625	28.570848	G#1	64	81	1	-4
66	27.956958	28.404181	G#2	64	89	1	-2
67	28.290292	28.865292	D#4	64	107	0	4
68	28.623625	28.848626	G#4	64	122	0	4
69	28.623625	28.972237	G#3	64	99	1	-5
70	28.956959	29.394459	G4	64	127	0	3
71	28.956959	29.531959	G1	64	77	1	-5
72	29.290292	29.740293	G3	64	92	1	-1
73	29.623626	29.872237	F4	64	127	0	1
74	29.623626	30.256960	D4	64	100	0	3
75	29.956959	30.143071	G4	64	127	0	3
76	29.956959	30.351404	G3	64	97	1	-1
77	30.290293	30.479182	G4	64	127	0	3
78	30.290293	31.283349	F2	64	83	1	-5
79	30.623626	30.834738	F4	64	122	0	1
80	30.623626	31.143071	F3	64	89	1	-3
81	30.956960	31.115293	F4	64	112	0	1
82	30.956960	31.623627	C4	64	102	0	1
83	31.290293	31.423627	C4	64	100	0	1
84	31.290293	31.605571	F3	64	95	1	-3
85	31.623627	32.129183	D#4	64	127	0	4
86	31.623627	31.676405	G#3	64	72	1	-5
87	31.623627	32.268072	G#2	64	95	1	-2
88	31.956960	32.254183	G#3	64	100	1	-5
89	32.290294	32.497238	F4	64	117	0	1
90	32.290294	32.856961	A#3	64	75	1	-3
91	32.290294	32.866683	A#2	64	95	1	-5
92	32.290294	32.875016	D4	64	86	0	3
93	32.956961	33.276406	G4	64	127	0	3
94	32.959739	33.800017	D#2	64	72	1	-2
95	33.293072	33.711128	D#3	64	85	1	-5
96	33.623628	33.880572	A#3	64	122	1	-3
97	33.626406	34.377795	A#4	64	99	0	1
98	33.956961	34.206962	G4	64	112	0	3
99	33.959739	34.334739	D#4	64	89	0	4
100	34.290295	34.695851	F4	64	127	0	1
101	34.293073	35.519462	D2	64	75	1	-3
102	34.626406	34.952795	D3	64	63	1	-1
103	34.626406	35.052795	D4	64	82	0	3
104	34.956962	35.063906	D#4	64	127	0	4
105	34.959740	35.529184	A#4	64	102	0	1
106	35.290295	35.387518	D4	64	100	0	3
107	35.293073	35.713907	D4	64	88	0	3
108	35.623629	35.825018	D#4	64	127	0	4
109	35.626407	36.480574	C2	64	73	1	-5
110	35.956962	36.100018	D#4	64	127	0	4
111	35.959740	36.369463	C3	64	89	1	-3
112	35.959740	36.373629	C4	64	77	0	1
113	36.290296	36.450018	D#4	64	127	0	4
114	36.293074	36.902796	G4	64	97	0	3
115	36.623629	36.793074	F4	64	122	0	1
116	36.626407	36.988907	C4	64	93	0	1
117	36.956963	37.381963	G4	64	127	0	3
118	36.959741	37.820852	A#1	64	99	1	-2
119	37.293074	37.686130	A#3	64	69	1	-3
120	37.293074	37.740297	A#2	64	77	1	-5
121	37.623630	37.747241	F4	64	102	0	1
122	37.626408	38.255575	F4	64	96	0	1
123	37.956963	38.136130	G4	64	117	0	3
124	37.959741	38.306964	A#3	64	95	1	-3
125	38.290297	38.712519	G#4	64	127	0	4
126	38.293075	39.240297	G#1	64	81	1	-4
127	38.626408	39.072242	G#2	64	89	1	-2
128	38.959742	39.534742	D#4	64	107	0	4
129	39.179186	39.383353	G#4	64	127	0	4
130	39.293075	39.641686	G#3	64	99	1	-5
131	39.623631	39.972242	G4	64	127	0	3
132	39.626409	40.200020	G1	64	77	1	-5
133	39.956964	40.108353	F4	64	112	0	1
134	39.959742	40.409742	G3	64	92	1	-1
135	40.290298	40.465298	D#4	64	112	0	4
136	40.293076	40.925020	D4	64	100	0	3
137	40.623631	40.781965	G4	64	127	0	3
138	40.626409	40.956965	G3	64	97	1	-1
139	40.956965	41.261132	G#4	64	127	0	4
140	40.956965	41.144465	G#3	64	79	1	-5
141	40.956965	41.201409	F2	64	74	1	-5
142	40.956965	41.201409	F3	64	81	1	-3
143	40.956965	41.204187	C4	64	79	0	1
144	41.623632	41.976410	D4	64	127	0	3
145	41.623632	41.875021	A#3	64	100	1	-3
146	41.623632	41.891688	D4	64	82	0	3
147	41.623632	41.906965	A#2	64	97	1	-5
148	41.623632	41.918077	F4	64	75	0	1
149	42.290299	43.588911	D#4	64	127	0	4
150	42.623632	43.630577	D#3	64	73	1	-5
151	42.956966	43.636133	A#4	64	99	0	1
152	43.290299	43.637522	D#4	64	83	0	4
153	43.626411	43.697244	D#2	64	72	1	-2
154	43.956966	44.101411	G4	64	100	0	3
155	43.959744	44.377800	D#3	64	85	1	-5
156	44.290300	44.462522	G4	64	102	0	3
157	44.293078	45.044467	A#4	64	99	0	1
158	44.623633	44.715300	D#4	64	102	0	4
159	44.626411	45.001411	D#4	64	89	0	4
160	44.790300	45.156967	F4	64	100	0	1
161	44.959745	46.186134	D2	64	75	1	-3
162	45.290300	45.431967	F4	64	99	0	1
163	45.293078	45.619467	D3	64	63	1	-1
164	45.293078	45.719467	D4	64	82	0	3
165	45.623634	45.758356	F4	64	102	0	1
166	45.626412	46.195856	A#4	64	102	0	1
167	45.956967	46.044467	D4	64	96	0	3
168	45.959745	46.380579	D4	64	88	0	3
169	46.123634	46.559746	D#4	64	127	0	4
170	46.293079	47.147246	C2	64	73	1	-5
171	46.623634	46.756968	G4	64	117	0	3
172	46.626412	47.036135	C3	64	89	1	-3
173	46.626412	47.040301	C4	64	77	0	1
174	46.956968	47.100024	G4	64	96	0	3
175	46.959746	47.569468	G4	64	97	0	3
176	47.290301	47.387524	D#4	64	117	0	4
177	47.293079	47.655579	C4	64	93	0	1
178	47.456968	47.818079	F4	64	107	0	1
179	47.626413	48.487524	A#1	64	99	1	-2
180	47.956968	48.093080	F4	64	107	0	1
181	47.959746	48.352802	A#3	64	69	1	-3
182	47.959746	48.406969	A#2	64	77	1	-5
183	48.290302	48.427802	F4	64	102	0	1
184	48.293080	48.922247	F4	64	96	0	1
185	48.623635	48.704191	D4	64	102	0	3
186	48.626413	48.973636	A#3	64	95	1	-3
187	48.790302	49.133358	D#4	64	122	0	4
188	48.959747	49.906969	G#1	64	81	1	-4
189	49.290302	49.415302	D#4	64	127	0	4
190	49.293080	49.738914	G#2	64	89	1	-2
191	49.623636	49.756969	D#4	64	127	0	4
192	49.626414	50.201414	D#4	64	107	0	4
193	49.956969	50.075025	F4	64	102	0	1
194	49.959747	50.308358	G#3	64	99	1	-5
195	50.123636	50.469470	D#4	64	112	0	4
196	50.293081	50.866692	G1	64	77	1	-5
197	50.623636	50.768081	A#3	64	122	1	-3
198	50.626414	51.076414	G3	64	92	1	-1
199	50.956970	51.183359	D#4	64	127	0	4
200	50.959748	51.591692	D4	64	100	0	3
201	51.290303	51.515304	D4	64	112	0	3
202	51.293081	51.687526	G3	64	97	1	-1
203	51.623637	51.851415	C4	64	112	0	1
204	51.626415	52.618082	F2	64	83	1	-5
205	51.959748	52.477804	F3	64	89	1	-3
206	52.290304	52.863915	G4	64	127	0	3
207	52.293082	52.959749	C4	64	102	0	1
208	52.626415	52.940304	F3	64	95	1	-3
209	52.956971	53.215304	F4	64	127	0	1
210	52.959749	53.012527	G#3	64	72	1	-5
211	52.959749	53.602805	G#2	64	95	1	-2
212	53.293082	53.588916	G#3	64	100	1	-5
213	53.623638	53.837527	D#4	64	127	0	4
214	53.626416	54.193083	A#3	64	75	1	-3
215	53.626416	54.202805	A#2	64	95	1	-5
216	53.626416	54.211138	D4	64	86	0	3
217	53.956971	54.202805	F4	64	127	0	1
218	54.293083	55.133361	D#2	64	72	1	-2
219	54.623638	54.762527	G4	64	127	0	3
220	54.626416	55.044472	D#3	64	85	1	-5
221	54.956972	55.084750	G4	64	127	0	3
222	54.959750	55.711139	A#4	64	99	0	1
223	55.290305	55.394472	D#4	64	127	0	4
224	55.293083	55.668083	D#4	64	89	0	4
225	55.456972	55.823639	F4	64	127	0	1
226	55.626417	56.852806	D2	64	75	1	-3
227	55.956972	56.019472	F4	64	127	0	1
228	55.959750	56.286139	D3	64	63	1	-1
229	55.959750	56.386139	D4	64	82	0	3
230	56.123639	56.190306	F4	64	85	0	1
231	56.290306	56.391695	F4	64	107	0	1
232	56.293084	56.862528	A#4	64	102	0	1
233	56.623639	56.726417	D4	64	112	0	3
234	56.626417	57.047251	D4	64	88	0	3
235	56.790306	56.951417	D#4	64	127	0	4
236	56.959751	57.813918	C2	64	73	1	-5
237	57.290306	57.466695	G4	64	100	0	3
238	57.293084	57.702807	C3	64	89	1	-3
239	57.293084	57.706973	C4	64	77	0	1
240	57.623640	57.776418	G4	64	107	0	3
241	57.626418	58.236140	G4	64	97	0	3
242	57.956973	58.063918	D#4	64	127	0	4
243	57.959751	58.322251	C4	64	93	0	1
244	58.123640	58.359751	F4	64	112	0	1
245	58.293085	59.154196	A#1	64	99	1	-2
246	58.623640	58.755585	F4	64	127	0	1
247	58.626418	59.019474	A#3	64	69	1	-3
248	58.626418	59.073641	A#2	64	77	1	-5
249	58.956974	59.081974	F4	64	107	0	1
250	58.959752	59.588919	F4	64	96	0	1
251	59.290307	59.377807	D4	64	99	0	3
252	59.293085	59.640308	A#3	64	95	1	-3
253	59.456974	59.675030	D#4	64	122	0	4
254	59.626419	60.573641	G#1	64	81	1	-4
255	59.956974	60.105586	D#4	64	127	0	4
256	59.959752	60.405586	G#2	64	89	1	-2
257	60.290308	60.477808	D#4	64	122	0	4
258	60.293086	60.868086	D#4	64	107	0	4
259	60.623641	60.804197	F4	64	107	0	1
260	60.626419	60.975030	G#3	64	99	1	-5
261	60.956975	61.170864	D#4	64	122	0	4
262	60.959753	61.533364	G1	64	77	1	-5
263	61.290308	61.505586	A#3	64	127	1	-3
264	61.293086	61.743086	G3	64	92	1	-1
265	61.623642	61.848642	D#4	64	127	0	4
266	61.626420	62.258364	D4	64	100	0	3
267	61.956975	62.140309	C4	64	117	0	1
268	61.959753	62.290309	G3	64	97	1	-1
269	62.290309	62.541698	C4	64	127	0	1
270	62.290309	62.919476	F2	64	86	1	-5
271	62.623642	63.091698	F3	64	81	1	-3
272	62.956976	63.448643	G4	64	122	0	3
273	62.956976	63.347254	C4	64	97	0	1
274	63.290309	63.705587	F3	64	95	1	-3
275	63.623643	63.816699	F4	64	127	0	1
276	63.623643	64.026421	A#3	64	95	1	-3
277	63.623643	64.061143	D4	64	96	0	3
278	63.623643	64.877810	A#2	64	83	1	-5
279	63.956976	64.447254	F3	64	67	1	-3
280	64.290310	64.459754	D#4	64	127	0	4
281	64.290310	64.904199	D4	64	100	0	3
282	64.623643	64.823644	D4	64	117	0	3
283	64.623643	64.890310	A#3	64	100	1	-3
284	64.956977	65.190310	C4	64	127	0	1
285	64.956977	65.702811	G#2	64	112	1	-2
286	65.290310	65.545866	C4	64	90	0	1
287	65.623644	65.756977	C4	64	112	0	1
288	65.623644	65.980589	G#3	64	112	1	-5
289	65.623644	66.286144	G#4	64	97	0	4
290	65.623644	66.309755	D#4	64	93	0	4
291	65.956977	66.083366	D#4	64	122	0	4
292	66.123644	66.280589	G#2	64	68	1	-2
293	66.290311	66.533367	D4	64	127	0	3
294	66.290311	67.081978	A#2	64	127	1	-5
295	66.623644	66.901422	A#3	64	70	1	-3
296	66.956978	67.156978	D4	64	127	0	3
297	66.956978	67.100034	A#3	64	67	1	-3
298	66.956978	67.170867	F4	64	95	0	1
299	66.956978	67.181978	D4	64	95	0	3
300	67.290311	67.498645	C4	64	112	0	1
301	67.290311	67.627812	F4	64	41	0	1
302	67.290311	67.672256	D4	64	45	0	3
303	67.290311	67.719478	A#3	64	117	1	-3
304	67.456978	67.591700	A#2	64	117	1	-5
305	67.623645	67.868089	A#3	64	127	1	-3
306	67.623645	68.427812	G2	64	86	1	-3
307	67.956978	68.313923	G3	64	96	1	-1
308	68.290312	68.537534	A#3	64	127	1	-3
309	68.290312	68.873646	D4	64	97	0	3
310	68.290312	68.959757	A#3	64	100	1	-3
311	68.456979	68.898646	G3	64	76	1	-1
312	68.623645	68.852812	F4	64	122	0	1
313	68.790312	68.930590	G2	64	100	1	-3
314	68.956979	69.212535	D#4	64	127	0	4
315	68.956979	69.791702	C3	64	100	1	-3
316	69.290312	69.663924	G3	64	97	1	-1
317	69.623646	69.850035	C4	64	117	0	1
318	69.623646	70.266702	D#4	64	122	0	4
319	69.623646	70.272257	C4	64	99	0	1
320	69.956979	70.197257	G3	64	102	1	-1
321	69.956979	70.290313	G3	64	86	1	-1
322	70.290313	70.523646	G#3	64	127	1	-5
323	70.290313	71.254202	F2	64	97	1	-5
324	70.623646	71.065313	F3	64	89	1	-3
325	70.790313	71.279202	C3	64	64	1	-3
326	70.956980	71.186147	G#3	64	107	1	-5
327	70.956980	71.588925	C4	64	102	0	1
328	71.290313	71.370869	D#4	64	117	0	4
329	71.290313	71.554202	G#3	64	99	1	-5
330	71.456980	71.772258	D#4	64	122	0	4
331	71.456980	71.602814	F3	64	86	1	-3
332	71.623647	72.311147	G#2	64	92	1	-2
333	71.956980	72.080592	D4	64	107	0	3
334	71.956980	72.412536	G#3	64	95	1	-5
335	72.290314	72.461147	D4	64	127	0	3
336	72.290314	72.906981	D#4	64	112	0	4
337	72.456981	72.577814	G#2	64	75	1	-2
338	72.623647	72.879203	C4	64	122	0	1
339	72.623647	72.862536	G#3	64	96	1	-5
340	72.790314	72.931981	C4	64	63	0	1
341	72.956981	74.198648	D#2	64	112	1	-2
342	73.290314	74.497259	A#3	64	117	1	-3
343	73.290314	73.668092	D#3	64	92	1	-5
344	73.623648	74.198648	D#4	64	127	0	4
345	73.790315	74.262537	D#3	64	93	1	-5
346	73.956981	74.156982	A#3	64	93	1	-3
347	74.123648	74.344482	G3	64	82	1	-1
348	74.290315	75.208371	D#2	64	107	1	-2
349	74.456982	74.948649	D#3	64	99	1	-5
350	74.623648	74.897260	G3	64	89	1	-1
351	74.790315	74.931982	A#3	64	102	1	-3
352	74.956982	75.166704	D#4	64	127	0	4
353	74.956982	75.565316	D#4	64	127	0	4
354	75.123649	75.295871	D#3	64	100	1	-5
355	75.290315	75.463927	D4	64	122	0	3
356	75.290315	75.495871	A#3	64	112	1	-3
357	75.456982	75.591704	G3	64	93	1	-1
358	75.623649	75.915316	C4	64	112	0	1
359	75.623649	76.620872	G#2	64	112	1	-2
360	75.956982	76.431983	G#3	64	95	1	-5
361	76.123649	76.394483	D#3	64	66	1	-5
362	76.290316	76.484760	C4	64	122	0	1
363	76.290316	76.843094	D#4	64	127	0	4
364	76.456983	76.636149	D#3	64	96	1	-5
365	76.623649	76.812538	D#4	64	127	0	4
366	76.623649	76.838927	G#3	64	90	1	-5
367	76.790316	76.912538	C4	64	78	0	1
368	76.956983	77.369483	D4	64	127	0	3
369	76.956983	78.000039	A#2	64	102	1	-5
370	77.290316	77.970872	D3	64	67	1	-1
371	77.456983	77.644483	F3	64	95	1	-3
372	77.623650	77.820872	D4	64	117	0	3
373	77.623650	77.680594	F4	64	62	0	1
374	77.623650	77.959761	D4	64	82	0	3
375	77.790317	77.990317	F3	64	90	1	-3
376	77.956983	78.138928	C4	64	112	0	1
377	77.956983	78.194484	A#3	64	112	1	-3
378	78.123650	78.320872	D4	64	85	0	3
379	78.290317	78.526428	A#3	64	127	1	-3
380	78.290317	79.280595	G2	64	88	1	-3
381	78.456984	79.034762	D3	64	74	1	-1
382	78.623650	78.865317	G3	64	97	1	-1
383	78.790317	78.940317	A#3	64	90	1	-3
384	78.956984	79.473651	F4	64	122	0	1
385	78.956984	79.497262	D4	64	99	0	3
386	79.123651	79.241706	D3	64	81	1	-1
387	79.290317	79.491706	A#3	64	102	1	-3
388	79.456984	79.722262	G3	64	93	1	-1
389	79.623651	79.893096	D#4	64	127	0	4
390	79.623651	80.620874	C2	64	79	1	-5
391	79.790318	80.636151	G2	64	74	1	-3
392	79.956984	80.344485	C3	64	76	1	-3
393	80.123651	80.305596	G3	64	89	1	-1
394	80.290318	80.477818	C4	64	112	0	1
395	80.290318	80.848652	D#4	64	117	0	4
396	80.456985	80.879207	C3	64	93	1	-3
397	80.623651	80.736151	D4	64	127	0	3
398	80.623651	80.852818	C4	64	95	0	1
399	80.790318	81.105596	D#4	64	122	0	4
400	80.790318	80.930596	G3	64	89	1	-1
401	80.956985	82.170874	F2	64	76	1	-5
402	81.123652	81.690319	C3	64	82	1	-3
403	81.290318	81.434763	D#4	64	127	0	4
404	81.290318	81.541707	F3	64	89	1	-3
405	81.456985	81.594485	G#3	64	96	1	-5
406	81.623652	81.744485	D#4	64	127	0	4
407	81.623652	82.243097	C4	64	99	0	1
408	81.790319	82.268097	C3	64	81	1	-3
409	81.956985	82.094485	D4	64	127	0	3
410	81.956985	82.233374	G#3	64	96	1	-5
411	82.123652	82.261152	F3	64	75	1	-3
412	82.290319	82.480597	D#4	64	127	0	4
413	82.290319	83.262542	F2	64	74	1	-5
414	82.456986	83.047264	C3	64	70	1	-3
415	82.623652	82.850041	F4	64	127	0	1
416	82.623652	82.838930	F3	64	96	1	-3
417	82.790319	82.947264	G#3	64	90	1	-5
418	82.956986	83.055597	G4	64	122	0	3
419	82.956986	83.495875	C4	64	100	0	1
420	83.123653	83.261153	C3	64	83	1	-3
421	83.290319	83.886153	G4	64	127	0	3
422	83.290319	83.512542	G#3	64	127	1	-5
423	83.456986	83.588931	F3	64	89	1	-3
424	83.623653	84.861154	A#2	64	107	1	-5
425	83.790320	84.913931	D3	64	63	1	-1
426	83.956986	84.066709	G#4	64	127	0	4
427	83.956986	84.302820	F3	64	99	1	-3
428	84.123653	84.283375	A#3	64	89	1	-3
429	84.290320	84.572265	G4	64	127	0	3
430	84.290320	84.658376	F4	64	112	0	1
431	84.456987	84.834765	F3	64	97	1	-3
432	84.623653	85.461154	F4	64	127	0	1
433	84.623653	84.901431	D4	64	100	0	3
434	84.790320	84.895876	A#3	64	107	1	-3
435	84.956987	85.380598	F3	64	93	1	-3
436	84.956987	85.450043	A#3	64	99	1	-3
437	84.956987	85.484765	D4	64	97	0	3
438	84.956987	85.486154	F4	64	99	0	1
439	84.956987	86.126432	A#2	64	112	1	-5
440	85.290320	86.105599	D3	64	102	1	-1
441	85.456987	85.636154	F3	64	89	1	-3
442	85.623654	85.829210	D#4	64	127	0	4
443	85.623654	85.861154	A#3	64	100	1	-3
444	85.790321	86.113932	F3	64	102	1	-3
445	85.956987	86.148654	F4	64	112	0	1
446	85.956987	86.195876	D4	64	97	0	3
447	86.123654	86.261154	A#3	64	112	1	-3
448	86.290321	86.655599	G4	64	127	0	3
449	86.290321	87.168099	D#2	64	85	1	-2
450	86.456988	87.109766	A#2	64	66	1	-5
451	86.623654	87.037544	D#3	64	86	1	-5
452	86.790321	86.972266	D#4	64	92	0	4
453	86.956988	87.166710	A#4	64	102	0	1
454	87.123655	87.475044	D#4	64	99	0	4
455	87.290321	87.502822	G4	64	122	0	3
456	87.290321	87.429210	G4	64	68	0	3
457	87.456988	87.629210	A#4	64	100	0	1
458	87.623655	87.870877	F4	64	117	0	1
459	87.623655	87.876433	D2	64	89	1	-3
460	87.790322	88.476433	G2	64	95	1	-3
461	87.956988	88.204211	D4	64	82	0	3
462	88.123655	88.277822	G4	64	90	0	3
463	88.290322	88.462544	D#4	64	127	0	4
464	88.290322	88.513933	A#4	64	127	0	1
465	88.456989	88.606989	G4	64	89	0	3
466	88.623655	88.794489	D4	64	100	0	3
467	88.623655	88.877822	D4	64	95	0	3
468	88.790322	88.944489	A#4	64	112	0	1
469	88.956989	89.209767	D#4	64	127	0	4
470	88.956989	89.609767	C2	64	66	1	-5
471	89.123656	89.677823	G2	64	86	1	-3
472	89.290322	89.458378	D#4	64	117	0	4
473	89.290322	89.679212	C3	64	95	1	-3
474	89.456989	89.679212	C4	64	88	0	1
475	89.623656	89.800045	D#4	64	127	0	4
476	89.623656	89.877823	G4	64	88	0	3
477	89.790323	89.963934	D#4	64	112	0	4
478	89.956989	90.162545	F4	64	117	0	1
479	89.956989	90.147267	C4	64	107	0	1
480	90.123656	90.244490	G4	64	97	0	3
481	90.290323	90.586156	G4	64	127	0	3
482	90.290323	91.258379	A#2	64	100	1	-5
483	90.456990	91.198657	D3	64	82	1	-1
484	90.623656	91.180601	F3	64	92	1	-3
485	90.790323	91.023657	A#3	64	97	1	-3
486	90.956990	91.100046	F4	64	122	0	1
487	90.956990	91.175046	D4	64	73	0	3
488	91.123657	91.402823	F4	64	97	0	1
489	91.290323	91.429212	G4	64	127	0	3
490	91.290323	91.537546	D4	64	74	0	3
491	91.456990	91.562546	A#3	64	92	1	-3
492	91.623657	91.975046	G#4	64	127	0	4
493	91.623657	91.851435	G#2	64	112	1	-2
494	91.790324	92.786158	C3	64	66	1	-3
495	91.956990	92.654213	D#3	64	100	1	-5
496	91.956990	92.704213	G#2	64	25	1	-2
497	92.123657	92.298657	C4	64	78	0	1
498	92.290324	92.498657	G#4	64	127	0	4
499	92.456991	92.600046	D#4	64	122	0	4
500	92.623657	92.786158	G#4	64	127	0	4
501	92.623657	92.805602	C4	64	96	0	1
502	92.790324	92.934769	G#4	64	122	0	4
503	92.956991	93.308380	G4	64	122	0	3
504	92.956991	94.188936	G2	64	85	1	-3
505	93.123658	94.066714	D3	64	88	1	-1
506	93.290324	93.736158	G3	64	76	1	-1
507	93.456991	93.669491	A#3	64	107	1	-3
508	93.623658	93.861158	F4	64	117	0	1
509	93.623658	93.887547	F4	64	100	0	1
510	93.790325	94.072269	D4	64	85	0	3
511	93.956991	94.102825	G4	64	127	0	3
512	93.956991	94.176436	A#3	64	88	1	-3
513	94.123658	94.216714	G3	64	77	1	-1
514	94.290325	94.455603	G4	64	127	0	3
515	94.290325	95.245881	F2	64	89	1	-5
516	94.456992	95.038936	C3	64	88	1	-3
517	94.623658	94.795881	F4	64	99	0	1
518	94.623658	94.909770	F3	64	85	1	-3
519	94.790325	94.929214	G#3	64	85	1	-5
520	94.956992	95.111159	F4	64	99	0	1
521	94.956992	95.509770	C4	64	100	0	1
522	95.123659	95.304214	C3	64	68	1	-3
523	95.290325	95.444492	C4	64	102	0	1
524	95.290325	95.462548	G#3	64	112	1	-5
525	95.456992	95.577826	F3	64	79	1	-3
526	95.623659	95.936159	D#4	64	127	0	4
527	95.623659	96.154215	G#2	64	107	1	-2
528	95.956992	96.165326	G#3	64	96	1	-5
529	96.123659	96.226437	D#4	64	75	0	4
530	96.290326	96.481993	F4	64	127	0	1
531	96.290326	96.873660	A#2	64	112	1	-5
532	96.623659	96.812548	A#3	64	107	1	-3
533	96.790326	96.936160	D4	64	85	0	3
534	96.956993	97.193104	G4	64	122	0	3
535	96.956993	97.834771	D#2	64	85	1	-2
536	97.123660	97.776438	A#2	64	66	1	-5
537	97.290326	97.704216	D#3	64	86	1	-5
538	97.456993	97.638938	D#4	64	92	0	4
539	97.623660	97.723660	A#3	64	122	1	-3
540	97.623660	97.833382	A#4	64	102	0	1
541	97.790327	98.141716	D#4	64	99	0	4
542	97.956993	98.183382	G4	64	112	0	3
543	97.956993	98.095882	G4	64	68	0	3
544	98.123660	98.295882	A#4	64	100	0	1
545	98.290327	98.627827	F4	64	127	0	1
546	98.290327	98.543105	D2	64	89	1	-3
547	98.456994	99.143105	G2	64	95	1	-3
548	98.623660	98.870883	D4	64	82	0	3
549	98.790327	98.944494	G4	64	90	0	3
550	98.956994	99.112550	D#4	64	127	0	4
551	98.956994	99.180605	A#4	64	127	0	1
552	99.123661	99.273661	G4	64	89	0	3
553	99.290327	99.445883	D4	64	107	0	3
554	99.290327	99.544494	D4	64	95	0	3
555	99.456994	99.611161	A#4	64	112	0	1
556	99.623661	99.834772	D#4	64	127	0	4
557	99.623661	100.276439	C2	64	66	1	-5
558	99.790328	100.344495	G2	64	86	1	-3
559	99.956994	100.056994	D#4	64	122	0	4
560	99.956994	100.345884	C3	64	95	1	-3
561	100.123661	100.345884	C4	64	88	0	1
562	100.290328	100.400050	D#4	64	127	0	4
563	100.290328	100.544495	G4	64	88	0	3
564	100.456995	100.661161	F4	64	107	0	1
565	100.456995	100.630606	D#4	64	112	0	4
566	100.623661	100.813939	C4	64	107	0	1
567	100.790328	101.105606	G4	64	127	0	3
568	100.790328	100.911162	G4	64	97	0	3
569	100.956995	101.925051	A#2	64	100	1	-5
570	101.123662	101.865329	D3	64	82	1	-1
571	101.290328	101.847273	F3	64	92	1	-3
572	101.456995	101.690329	A#3	64	97	1	-3
573	101.623662	101.755606	F4	64	112	0	1
574	101.623662	101.841718	D4	64	73	0	3
575	101.790329	102.069495	F4	64	97	0	1
576	101.956995	102.111162	G4	64	122	0	3
577	101.956995	102.204218	D4	64	74	0	3
578	102.123662	102.229218	A#3	64	92	1	-3
579	102.290329	102.640329	G#4	64	102	0	4
580	102.290329	102.518107	G#2	64	112	1	-2
581	102.456996	103.452830	C3	64	66	1	-3
582	102.623662	103.320885	D#3	64	100	1	-5
583	102.623662	103.370885	G#2	64	25	1	-2
584	102.790329	102.965329	C4	64	78	0	1
585	102.956996	103.165329	G#4	64	127	0	4
586	103.123663	103.266718	D#4	64	122	0	4
587	103.290329	103.462552	G#4	64	127	0	4
588	103.290329	103.472274	C4	64	96	0	1
589	103.456996	103.601441	G#4	64	122	0	4
590	103.623663	103.801441	G4	64	122	0	3
591	103.623663	104.855608	G2	64	85	1	-3
592	103.790330	104.733386	D3	64	88	1	-1
593	103.956996	104.143108	F4	64	117	0	1
594	103.956996	104.402830	G3	64	76	1	-1
595	104.123663	104.336163	A#3	64	107	1	-3
596	104.290330	104.429219	D#4	64	122	0	4
597	104.290330	104.554219	F4	64	100	0	1
598	104.456997	104.738941	D4	64	85	0	3
599	104.623663	104.816719	G4	64	127	0	3
600	104.623663	104.843108	A#3	64	88	1	-3
601	104.790330	104.883386	G3	64	77	1	-1
602	104.956997	105.297275	G#4	64	127	0	4
603	104.956997	105.369497	F2	64	92	1	-5
604	105.123664	105.350053	F3	64	90	1	-3
605	105.290330	105.402830	G#3	64	99	1	-5
606	105.290330	105.490331	C4	64	100	0	1
607	105.623664	105.838942	D4	64	127	0	3
608	105.623664	106.148664	A#2	64	127	1	-5
609	105.790331	106.070886	F3	64	71	1	-3
610	105.956997	106.198664	D4	64	88	0	3
611	106.123664	106.252831	A#3	64	117	1	-3
612	106.123664	107.401443	D#2	64	76	1	-2
613	106.290331	107.788943	D#4	64	127	0	4
614	106.290331	107.484776	A#2	64	66	1	-5
615	106.623664	107.040331	D#3	64	92	1	-5
616	106.790331	107.019498	G3	64	79	1	-1
617	106.956998	107.622276	D#4	64	99	0	4
618	107.123665	107.612554	D#3	64	86	1	-5
619	107.290331	107.623665	A#3	64	102	1	-3
620	107.456998	107.623665	G3	64	70	1	-1
621	107.626443	108.466721	D#2	64	72	1	-2
622	107.956998	108.101443	G4	64	100	0	3
623	107.959776	108.377832	D#3	64	85	1	-5
624	108.290332	108.462554	G4	64	102	0	3
625	108.293110	109.044499	A#4	64	99	0	1
626	108.623665	108.715332	D#4	64	102	0	4
627	108.626443	109.001443	D#4	64	89	0	4
628	108.790332	109.156999	F4	64	100	0	1
629	108.959777	110.186166	D2	64	75	1	-3
630	109.290332	109.431999	F4	64	99	0	1
631	109.293110	109.619499	D3	64	63	1	-1
632	109.293110	109.719499	D4	64	82	0	3
633	109.623666	109.758388	F4	64	102	0	1
634	109.626444	110.195888	A#4	64	102	0	1
635	109.956999	110.044499	D4	64	96	0	3
636	109.959777	110.380611	D4	64	88	0	3
637	110.123666	110.559778	D#4	64	127	0	4
638	110.293111	111.147278	C2	64	73	1	-5
639	110.623666	110.757000	G4	64	117	0	3
640	110.626444	111.036167	C3	64	89	1	-3
641	110.626444	111.040333	C4	64	77	0	1
642	110.957000	111.100056	G4	64	96	0	3
643	110.959778	111.569500	G4	64	97	0	3
644	111.290333	111.387556	D#4	64	117	0	4
645	111.293111	111.655611	C4	64	93	0	1
646	111.457000	111.818111	F4	64	107	0	1
647	111.626445	112.487556	A#1	64	99	1	-2
648	111.957000	112.093112	F4	64	107	0	1
649	111.959778	112.352834	A#3	64	69	1	-3
650	111.959778	112.407001	A#2	64	77	1	-5
651	112.290334	112.427834	F4	64	102	0	1
652	112.293112	112.922279	F4	64	96	0	1
653	112.623667	112.704223	D4	64	102	0	3
654	112.626445	112.973668	A#3	64	95	1	-3
655	112.790334	113.133390	D#4	64	122	0	4
656	112.959779	113.907001	G#1	64	81	1	-4
657	113.290334	113.415334	D#4	64	127	0	4
658	113.293112	113.738946	G#2	64	89	1	-2
659	113.623668	113.757001	D#4	64	127	0	4
660	113.626446	114.201446	D#4	64	107	0	4
661	113.957001	114.075057	F4	64	102	0	1
662	113.959779	114.308390	G#3	64	99	1	-5
663	114.123668	114.469502	D#4	64	112	0	4
664	114.293113	114.866724	G1	64	77	1	-5
665	114.623668	114.768113	A#3	64	122	1	-3
666	114.626446	115.076446	G3	64	92	1	-1
667	114.957002	115.183391	D#4	64	127	0	4
668	114.959780	115.591724	D4	64	100	0	3
669	115.290335	115.515336	D4	64	112	0	3
670	115.293113	115.687558	G3	64	97	1	-1
671	115.623669	115.851447	C4	64	112	0	1
672	115.626447	116.618114	F2	64	83	1	-5
673	115.959780	116.477836	F3	64	89	1	-3
674	116.290336	116.863947	G4	64	127	0	3
675	116.293114	116.959781	C4	64	102	0	1
676	116.626447	116.940336	F3	64	95	1	-3
677	116.957003	117.215336	F4	64	127	0	1
678	116.959781	117.012559	G#3	64	72	1	-5
679	116.959781	117.602837	G#2	64	95	1	-2
680	117.293114	117.588948	G#3	64	100	1	-5
681	117.623670	117.837559	D#4	64	127	0	4
682	117.626448	118.193115	A#3	64	75	1	-3
683	117.626448	118.202837	A#2	64	95	1	-5
684	117.626448	118.211170	D4	64	86	0	3
685	117.957003	118.202837	F4	64	127	0	1
686	118.293115	119.133393	D#2	64	72	1	-2
687	118.623670	118.762559	G4	64	127	0	3
688	118.626448	119.044504	D#3	64	85	1	-5
689	118.957004	119.084782	G4	64	127	0	3
690	118.959782	119.711171	A#4	64	99	0	1
691	119.290337	119.394504	D#4	64	127	0	4
692	119.293115	119.668115	D#4	64	89	0	4
693	119.457004	119.823671	F4	64	127	0	1
694	119.626449	120.852838	D2	64	75	1	-3
695	119.957004	120.019504	F4	64	127	0	1
696	119.959782	120.286171	D3	64	63	1	-1
697	119.959782	120.386171	D4	64	82	0	3
698	120.123671	120.190338	F4	64	85	0	1
699	120.290338	120.391727	F4	64	107	0	1
700	120.293116	120.862560	A#4	64	102	0	1
701	120.623671	120.726449	D4	64	112	0	3
702	120.626449	121.047283	D4	64	88	0	3
703	120.790338	120.951449	D#4	64	127	0	4
704	120.959783	121.813950	C2	64	73	1	-5
705	121.290338	121.466727	G4	64	100	0	3
706	121.293116	121.702839	C3	64	89	1	-3
707	121.293116	121.707005	C4	64	77	0	1
708	121.623672	121.776450	G4	64	107	0	3
709	121.626450	122.236172	G4	64	97	0	3
710	121.957005	122.063950	D#4	64	127	0	4
711	121.959783	122.322283	C4	64	93	0	1
712	122.123672	122.359783	F4	64	112	0	1
713	122.293117	123.154228	A#1	64	99	1	-2
714	122.623672	122.755617	F4	64	127	0	1
715	122.626450	123.019506	A#3	64	69	1	-3
716	122.626450	123.073673	A#2	64	77	1	-5
717	122.957006	123.082006	F4	64	107	0	1
718	122.959784	123.588951	F4	64	96	0	1
719	123.290339	123.377839	D4	64	99	0	3
720	123.293117	123.640340	A#3	64	95	1	-3
721	123.457006	123.675062	D#4	64	122	0	4
722	123.626451	124.573673	G#1	64	81	1	-4
723	123.957006	124.105618	D#4	64	127	0	4
724	123.959784	124.405618	G#2	64	89	1	-2
725	124.290340	124.477840	D#4	64	122	0	4
726	124.293118	124.868118	D#4	64	107	0	4
727	124.623673	124.804229	F4	64	107	0	1
728	124.626451	124.975062	G#3	64	99	1	-5
729	124.957007	125.170896	D#4	64	122	0	4
730	124.959785	125.533396	G1	64	77	1	-5
731	125.290340	125.505618	A#3	64	127	1	-3
732	125.293118	125.743118	G3	64	92	1	-1
733	125.623674	125.848674	D#4	64	127	0	4
734	125.626452	126.258396	D4	64	100	0	3
735	125.957007	126.140341	C4	64	117	0	1
736	125.959785	126.290341	G3	64	97	1	-1
737	126.290341	126.541730	C4	64	127	0	1
738	126.290341	126.919508	F2	64	86	1	-5
739	126.623674	127.091730	F3	64	81	1	-3
740	126.957008	127.448675	G4	64	122	0	3
741	126.957008	127.347286	C4	64	97	0	1
742	127.290341	127.705619	F3	64	95	1	-3
743	127.623675	127.816731	F4	64	127	0	1
744	127.623675	128.026453	A#3	64	95	1	-3
745	127.623675	128.061175	D4	64	96	0	3
746	127.623675	128.877842	A#2	64	83	1	-5
747	127.957008	128.447286	F3	64	67	1	-3
748	128.290342	128.459786	D#4	64	127	0	4
749	128.290342	128.904231	D4	64	100	0	3
750	128.623675	128.823676	D4	64	117	0	3
751	128.623675	128.890342	A#3	64	100	1	-3
752	128.957009	129.190342	C4	64	127	0	1
753	128.957009	129.702843	G#2	64	112	1	-2
754	129.290342	129.545898	C4	64	90	0	1
755	129.623676	129.757009	C4	64	112	0	1
756	129.623676	129.980621	G#3	64	112	1	-5
757	129.623676	130.286176	G#4	64	97	0	4
758	129.623676	130.309787	D#4	64	93	0	4
759	129.957009	130.083398	D#4	64	122	0	4
760	130.123676	130.280621	G#2	64	68	1	-2
761	130.290343	130.533399	D4	64	127	0	3
762	130.290343	131.082010	A#2	64	127	1	-5
763	130.623676	130.901454	A#3	64	70	1	-3
764	130.957010	131.157010	D4	64	127	0	3
765	130.957010	131.100066	A#3	64	67	1	-3
766	130.957010	131.170899	F4	64	95	0	1
767	130.957010	131.182010	D4	64	95	0	3
768	131.290343	131.498677	C4	64	112	0	1
769	131.290343	131.627844	F4	64	41	0	1
770	131.290343	131.672288	D4	64	45	0	3
771	131.290343	131.719510	A#3	64	117	1	-3
772	131.457010	131.591732	A#2	64	117	1	-5
773	131.623677	131.868121	A#3	64	127	1	-3
774	131.623677	132.427844	G2	64	86	1	-3
775	131.957010	132.313955	G3	64	96	1	-1
776	132.290344	132.537566	A#3	64	127	1	-3
777	132.290344	132.873678	D4	64	97	0	3
778	132.290344	132.959789	A#3	64	100	1	-3
779	132.457011	132.898678	G3	64	76	1	-1
780	132.623677	132.852844	F4	64	122	0	1
781	132.790344	132.930622	G2	64	100	1	-3
782	132.957011	133.212567	D#4	64	127	0	4
783	132.957011	133.791734	C3	64	100	1	-3
784	133.290344	133.663956	G3	64	97	1	-1
785	133.623678	133.850067	C4	64	117	0	1
786	133.623678	134.266734	D#4	64	122	0	4
787	133.623678	134.272289	C4	64	99	0	1
788	133.957011	134.197289	G3	64	102	1	-1
789	133.957011	134.290345	G3	64	86	1	-1
790	134.290345	134.523678	G#3	64	127	1	-5
791	134.290345	135.254234	F2	64	97	1	-5
792	134.623678	135.065345	F3	64	89	1	-3
793	134.790345	135.279234	C3	64	64	1	-3
794	134.957012	135.186179	G#3	64	107	1	-5
795	134.957012	135.588957	C4	64	102	0	1
796	135.290345	135.370901	D#4	64	117	0	4
797	135.290345	135.554234	G#3	64	99	1	-5
798	135.457012	135.772290	D#4	64	122	0	4
799	135.457012	135.602846	F3	64	86	1	-3
800	135.623679	136.311179	G#2	64	92	1	-2
801	135.957012	136.080624	D4	64	107	0	3
802	135.957012	136.412568	G#3	64	95	1	-5
803	136.290346	136.461179	D4	64	127	0	3
804	136.290346	136.907013	D#4	64	112	0	4
805	136.457013	136.577846	G#2	64	75	1	-2
806	136.623679	136.879235	C4	64	122	0	1
807	136.623679	136.862568	G#3	64	96	1	-5
808	136.790346	136.932013	C4	64	63	0	1
809	136.957013	138.198680	D#2	64	112	1	-2
810	137.290346	138.497291	A#3	64	117	1	-3
811	137.290346	137.668124	D#3	64	92	1	-5
812	137.623680	138.198680	D#4	64	127	0	4
813	137.790347	138.262569	D#3	64	93	1	-5
814	137.957013	138.157014	A#3	64	93	1	-3
815	138.123680	138.344514	G3	64	82	1	-1
816	138.290347	139.208403	D#2	64	107	1	-2
817	138.457014	138.948681	D#3	64	99	1	-5
818	138.623680	138.897292	G3	64	89	1	-1
819	138.790347	138.932014	A#3	64	102	1	-3
820	138.957014	139.166736	D#4	64	127	0	4
821	138.957014	139.565348	D#4	64	127	0	4
822	139.123681	139.295903	D#3	64	100	1	-5
823	139.290347	139.463959	D4	64	122	0	3
824	139.290347	139.495903	A#3	64	112	1	-3
825	139.457014	139.591736	G3	64	93	1	-1
826	139.623681	139.915348	C4	64	112	0	1
827	139.623681	140.620904	G#2	64	112	1	-2
828	139.957014	140.432015	G#3	64	95	1	-5
829	140.123681	140.394515	D#3	64	66	1	-5
830	140.290348	140.484792	C4	64	122	0	1
831	140.290348	140.843126	D#4	64	127	0	4
832	140.457015	140.636181	D#3	64	96	1	-5
833	140.623681	140.812570	D#4	64	127	0	4
834	140.623681	140.838959	G#3	64	90	1	-5
835	140.790348	140.912570	C4	64	78	0	1
836	140.957015	141.369515	D4	64	127	0	3
837	140.957015	142.000071	A#2	64	102	1	-5
838	141.290348	141.970904	D3	64	67	1	-1
839	141.457015	141.644515	F3	64	95	1	-3
840	141.623682	141.820904	D4	64	117	0	3
841	141.623682	141.680626	F4	64	62	0	1
842	141.623682	141.959793	D4	64	82	0	3
843	141.790349	141.990349	F3	64	90	1	-3
844	141.957015	142.138960	C4	64	112	0	1
845	141.957015	142.194516	A#3	64	112	1	-3
846	142.123682	142.320904	D4	64	85	0	3
847	142.290349	142.526460	A#3	64	127	1	-3
848	142.290349	143.280627	G2	64	88	1	-3
849	142.457016	143.034794	D3	64	74	1	-1
850	142.623682	142.865349	G3	64	97	1	-1
851	142.790349	142.940349	A#3	64	90	1	-3
852	142.957016	143.473683	F4	64	122	0	1
853	142.957016	143.497294	D4	64	99	0	3
854	143.123683	143.241738	D3	64	81	1	-1
855	143.290349	143.491738	A#3	64	102	1	-3
856	143.457016	143.722294	G3	64	93	1	-1
857	143.623683	143.893128	D#4	64	127	0	4
858	143.623683	144.620906	C2	64	79	1	-5
859	143.790350	144.636183	G2	64	74	1	-3
860	143.957016	144.344517	C3	64	76	1	-3
861	144.123683	144.305628	G3	64	89	1	-1
862	144.290350	144.477850	C4	64	112	0	1
863	144.290350	144.848684	D#4	64	117	0	4
864	144.457017	144.879239	C3	64	93	1	-3
865	144.623683	144.736183	D4	64	127	0	3
866	144.623683	144.852850	C4	64	95	0	1
867	144.790350	145.105628	D#4	64	122	0	4
868	144.790350	144.930628	G3	64	89	1	-1
869	144.957017	146.170906	F2	64	76	1	-5
870	145.123684	145.690351	C3	64	82	1	-3
871	145.290350	145.434795	D#4	64	127	0	4
872	145.290350	145.541739	F3	64	89	1	-3
873	145.457017	145.594517	G#3	64	96	1	-5
874	145.623684	145.744517	D#4	64	127	0	4
875	145.623684	146.243129	C4	64	99	0	1
876	145.790351	146.268129	C3	64	81	1	-3
877	145.957017	146.094517	D4	64	127	0	3
878	145.957017	146.233406	G#3	64	96	1	-5
879	146.123684	146.261184	F3	64	75	1	-3
880	146.290351	146.480629	D#4	64	127	0	4
881	146.290351	147.262574	F2	64	74	1	-5
882	146.457018	147.047296	C3	64	70	1	-3
883	146.623684	146.850073	F4	64	127	0	1
884	146.623684	146.838962	F3	64	96	1	-3
885	146.790351	146.947296	G#3	64	90	1	-5
886	146.957018	147.055629	G4	64	122	0	3
887	146.957018	147.495907	C4	64	100	0	1
888	147.123685	147.261185	C3	64	83	1	-3
889	147.290351	147.886185	G4	64	127	0	3
890	147.290351	147.512574	G#3	64	127	1	-5
891	147.457018	147.588963	F3	64	89	1	-3
892	147.623685	148.861186	A#2	64	107	1	-5
893	147.790352	148.913963	D3	64	63	1	-1
894	147.957018	148.066741	G#4	64	127	0	4
895	147.957018	148.302852	F3	64	99	1	-3
896	148.123685	148.283407	A#3	64	89	1	-3
897	148.290352	148.572297	G4	64	127	0	3
898	148.290352	148.658408	F4	64	112	0	1
899	148.457019	148.834797	F3	64	97	1	-3
900	148.623685	149.461186	F4	64	127	0	1
901	148.623685	148.901463	D4	64	100	0	3
902	148.790352	148.895908	A#3	64	107	1	-3
903	148.957019	149.380630	F3	64	93	1	-3
904	148.957019	149.450075	A#3	64	99	1	-3
905	148.957019	149.484797	D4	64	97	0	3
906	148.957019	149.486186	F4	64	99	0	1
907	148.957019	150.126464	A#2	64	112	1	-5
908	149.290352	150.105631	D3	64	102	1	-1
909	149.457019	149.636186	F3	64	89	1	-3
910	149.623686	149.829242	D#4	64	127	0	4
911	149.623686	149.861186	A#3	64	100	1	-3
912	149.790353	150.113964	F3	64	102	1	-3
913	149.957019	150.148686	F4	64	112	0	1
914	149.957019	150.195908	D4	64	97	0	3
915	150.123686	150.261186	A#3	64	112	1	-3
916	150.290353	150.655631	G4	64	127	0	3
917	150.290353	151.168131	D#2	64	85	1	-2
918	150.457020	151.109798	A#2	64	66	1	-5
919	150.623686	151.037576	D#3	64	86	1	-5
920	150.790353	150.972298	D#4	64	92	0	4
921	150.957020	151.166742	A#4	64	102	0	1
922	151.123687	151.475076	D#4	64	99	0	4
923	151.290353	151.502854	G4	64	122	0	3
924	151.290353	151.429242	G4	64	68	0	3
925	151.457020	151.629242	A#4	64	100	0	1
926	151.623687	151.870909	F4	64	117	0	1
927	151.623687	151.876465	D2	64	89	1	-3
928	151.790354	152.476465	G2	64	95	1	-3
929	151.957020	152.204243	D4	64	82	0	3
930	152.123687	152.277854	G4	64	90	0	3
931	152.290354	152.462576	D#4	64	127	0	4
932	152.290354	152.513965	A#4	64	127	0	1
933	152.457021	152.607021	G4	64	89	0	3
934	152.623687	152.794521	D4	64	100	0	3
935	152.623687	152.877854	D4	64	95	0	3
936	152.790354	152.944521	A#4	64	112	0	1
937	152.957021	153.209799	D#4	64	127	0	4
938	152.957021	153.609799	C2	64	66	1	-5
939	153.123688	153.677855	G2	64	86	1	-3
940	153.290354	153.458410	D#4	64	117	0	4
941	153.290354	153.679244	C3	64	95	1	-3
942	153.457021	153.679244	C4	64	88	0	1
943	153.623688	153.800077	D#4	64	127	0	4
944	153.623688	153.877855	G4	64	88	0	3
945	153.790355	153.963966	D#4	64	112	0	4
946	153.957021	154.162577	F4	64	117	0	1
947	153.957021	154.147299	C4	64	107	0	1
948	154.123688	154.244522	G4	64	97	0	3
949	154.290355	154.586188	G4	64	127	0	3
950	154.290355	155.258411	A#2	64	100	1	-5
951	154.457022	155.198689	D3	64	82	1	-1
952	154.623688	155.180633	F3	64	92	1	-3
953	154.790355	155.023689	A#3	64	97	1	-3
954	154.957022	155.100078	F4	64	122	0	1
955	154.957022	155.175078	D4	64	73	0	3
956	155.123689	155.402855	F4	64	97	0	1
957	155.290355	155.429244	G4	64	127	0	3
958	155.290355	155.537578	D4	64	74	0	3
959	155.457022	155.562578	A#3	64	92	1	-3
960	155.623689	155.975078	G#4	64	127	0	4
961	155.623689	155.851467	G#2	64	112	1	-2
962	155.790356	156.786190	C3	64	66	1	-3
963	155.957022	156.654245	D#3	64	100	1	-5
964	155.957022	156.704245	G#2	64	25	1	-2
965	156.123689	156.298689	C4	64	78	0	1
966	156.290356	156.498689	G#4	64	127	0	4
967	156.457023	156.600078	D#4	64	122	0	4
968	156.623689	156.786190	G#4	64	127	0	4
969	156.623689	156.805634	C4	64	96	0	1
970	156.790356	156.934801	G#4	64	122	0	4
971	156.957023	157.308412	G4	64	122	0	3
972	156.957023	158.188968	G2	64	85	1	-3
973	157.123690	158.066746	D3	64	88	1	-1
974	157.290356	157.736190	G3	64	76	1	-1
975	157.457023	157.669523	A#3	64	107	1	-3
976	157.623690	157.861190	F4	64	117	0	1
977	157.623690	157.887579	F4	64	100	0	1
978	157.790357	158.072301	D4	64	85	0	3
979	157.957023	158.102857	G4	64	127	0	3
980	157.957023	158.176468	A#3	64	88	1	-3
981	158.123690	158.216746	G3	64	77	1	-1
982	158.290357	158.455635	G4	64	127	0	3
983	158.290357	159.245913	F2	64	89	1	-5
984	158.457024	159.038968	C3	64	88	1	-3
985	158.623690	158.795913	F4	64	99	0	1
986	158.623690	158.909802	F3	64	85	1	-3
987	158.790357	158.929246	G#3	64	85	1	-5
988	158.957024	159.111191	F4	64	99	0	1
989	158.957024	159.509802	C4	64	100	0	1
990	159.123691	159.304246	C3	64	68	1	-3
991	159.290357	159.444524	C4	64	102	0	1
992	159.290357	159.462580	G#3	64	112	1	-5
993	159.457024	159.577858	F3	64	79	1	-3
994	159.623691	159.936191	D#4	64	127	0	4
995	159.623691	160.154247	G#2	64	107	1	-2
996	159.957024	160.165358	G#3	64	96	1	-5
997	160.123691	160.226469	D#4	64	75	0	4
998	160.290358	160.482025	F4	64	127	0	1
999	160.290358	160.873692	A#2	64	112	1	-5
1000	160.623691	160.812580	A#3	64	107	1	-3
1001	160.790358	160.936192	D4	64	85	0	3
1002	160.957025	161.193136	G4	64	122	0	3
1003	160.957025	161.834803	D#2	64	85	1	-2
1004	161.123692	161.776470	A#2	64	66	1	-5
1005	161.290358	161.704248	D#3	64	86	1	-5
1006	161.457025	161.638970	D#4	64	92	0	4
1007	161.623692	161.723692	A#3	64	122	1	-3
1008	161.623692	161.833414	A#4	64	102	0	1
1009	161.790359	162.141748	D#4	64	99	0	4
1010	161.957025	162.183414	G4	64	112	0	3
1011	161.957025	162.095914	G4	64	68	0	3
1012	162.123692	162.295914	A#4	64	100	0	1
1013	162.290359	162.627859	F4	64	127	0	1
1014	162.290359	162.543137	D2	64	89	1	-3
1015	162.457026	163.143137	G2	64	95	1	-3
1016	162.623692	162.870915	D4	64	82	0	3
1017	162.790359	162.944526	G4	64	90	0	3
1018	162.957026	163.112582	D#4	64	127	0	4
1019	162.957026	163.180637	A#4	64	127	0	1
1020	163.123693	163.273693	G4	64	89	0	3
1021	163.290359	163.445915	D4	64	107	0	3
1022	163.290359	163.544526	D4	64	95	0	3
1023	163.457026	163.611193	A#4	64	112	0	1
1024	163.623693	163.834804	D#4	64	127	0	4
1025	163.623693	164.276471	C2	64	66	1	-5
1026	163.790360	164.344527	G2	64	86	1	-3
1027	163.957026	164.057026	D#4	64	122	0	4
1028	163.957026	164.345916	C3	64	95	1	-3
1029	164.123693	164.345916	C4	64	88	0	1
1030	164.290360	164.400082	D#4	64	127	0	4
1031	164.290360	164.544527	G4	64	88	0	3
1032	164.457027	164.661193	F4	64	107	0	1
1033	164.457027	164.630638	D#4	64	112	0	4
1034	164.623693	164.813971	C4	64	107	0	1
1035	164.790360	165.105638	G4	64	127	0	3
1036	164.790360	164.911194	G4	64	97	0	3
1037	164.957027	165.925083	A#2	64	100	1	-5
1038	165.123694	165.865361	D3	64	82	1	-1
1039	165.290360	165.847305	F3	64	92	1	-3
1040	165.457027	165.690361	A#3	64	97	1	-3
1041	165.623694	165.755638	F4	64	112	0	1
1042	165.623694	165.841750	D4	64	73	0	3
1043	165.790361	166.069527	F4	64	97	0	1
1044	165.957027	166.111194	G4	64	122	0	3
1045	165.957027	166.204250	D4	64	74	0	3
1046	166.123694	166.229250	A#3	64	92	1	-3
1047	166.290361	166.640361	G#4	64	102	0	4
1048	166.290361	166.518139	G#2	64	112	1	-2
1049	166.457028	167.452862	C3	64	66	1	-3
1050	166.623694	167.320917	D#3	64	100	1	-5
1051	166.623694	167.370917	G#2	64	25	1	-2
1052	166.790361	166.965361	C4	64	78	0	1
1053	166.957028	167.165361	G#4	64	127	0	4
1054	167.123695	167.266750	D#4	64	122	0	4
1055	167.290361	167.462584	G#4	64	127	0	4
1056	167.290361	167.472306	C4	64	96	0	1
1057	167.457028	167.601473	G#4	64	122	0	4
1058	167.623695	167.801473	G4	64	122	0	3
1059	167.623695	168.855640	G2	64	85	1	-3
1060	167.790362	168.733418	D3	64	88	1	-1
1061	167.957028	168.143140	F4	64	117	0	1
1062	167.957028	168.402862	G3	64	76	1	-1
1063	168.123695	168.336195	A#3	64	107	1	-3
1064	168.290362	168.429251	D#4	64	122	0	4
1065	168.290362	168.554251	F4	64	100	0	1
1066	168.457029	168.738973	D4	64	85	0	3
1067	168.623695	168.816751	G4	64	127	0	3
1068	168.623695	168.843140	A#3	64	88	1	-3
1069	168.790362	168.883418	G3	64	77	1	-1
1070	168.957029	169.297307	G#4	64	127	0	4
1071	168.957029	169.369529	F2	64	92	1	-5
1072	169.123696	169.350085	F3	64	90	1	-3
1073	169.290362	169.402862	G#3	64	99	1	-5
1074	169.290362	169.490363	C4	64	100	0	1
1075	169.623696	169.838974	D4	64	127	0	3
1076	169.623696	170.148696	A#2	64	127	1	-5
1077	169.790363	170.070918	F3	64	71	1	-3
1078	169.957029	170.198696	D4	64	88	0	3
1079	170.123696	170.252863	A#3	64	117	1	-3
1080	170.290363	170.957030	D#4	64	127	0	4
1081	170.290363	170.652863	D#3	64	107	1	-5
1082	170.623696	170.757030	D#4	64	100	0	4
1083	170.957030	171.162586	E4	64	127	0	5
1084	170.957030	171.555641	D#4	64	117	0	4
1085	170.957030	171.559808	B2	64	117	1	-4
1086	170.957030	171.566752	F#4	64	122	0	2
1087	170.957030	171.586197	B3	64	122	1	-2
1088	171.290363	171.482030	F#4	64	112	0	2
1089	171.623697	171.988975	G#4	64	127	0	4
1090	171.623697	172.501475	E2	64	85	1	-1
1091	171.790364	172.443142	B2	64	66	1	-4
1092	171.957030	172.370920	E3	64	86	1	-4
1093	172.123697	172.305642	E4	64	92	0	5
1094	172.290364	172.500086	B4	64	102	0	2
1095	172.457031	172.808420	E4	64	99	0	5
1096	172.623697	172.836198	G#4	64	122	0	4
1097	172.623697	172.762586	G#4	64	68	0	4
1098	172.790364	172.962586	B4	64	100	0	2
1099	172.957031	173.204253	F#4	64	117	0	2
1100	172.957031	174.044531	D#2	64	89	1	-2
1101	173.290364	173.537587	D#4	64	82	0	4
1102	173.290364	173.976476	G#2	64	95	1	-2
1103	173.457031	173.611198	G#4	64	90	0	4
1104	173.623698	173.795920	E4	64	127	0	5
1105	173.623698	173.847309	B4	64	127	0	2
1106	173.790365	173.940365	G#4	64	89	0	4
1107	173.957031	174.127865	D#4	64	100	0	4
1108	173.957031	174.211198	D#4	64	95	0	4
1109	174.123698	174.277865	B4	64	112	0	2
1110	174.290365	174.543143	E4	64	127	0	5
1111	174.290365	174.943143	C#2	64	66	1	-4
1112	174.623698	174.791754	E4	64	117	0	5
1113	174.623698	175.012588	C#3	64	95	1	-2
1114	174.623698	175.177865	G#2	64	86	1	-2
1115	174.790365	175.012588	C#4	64	88	0	2
1116	174.957032	175.133421	E4	64	127	0	5
1117	174.957032	175.211199	G#4	64	88	0	4
1118	175.123699	175.297310	E4	64	112	0	5
1119	175.290365	175.495921	F#4	64	117	0	2
1120	175.290365	175.480643	C#4	64	107	0	2
1121	175.457032	175.577866	G#4	64	97	0	4
1122	175.623699	175.919532	G#4	64	127	0	4
1123	175.623699	176.591755	B2	64	100	1	-4
1124	175.790366	176.532033	D#3	64	82	1	-5
1125	175.957032	176.513977	F#3	64	92	1	-2
1126	176.123699	176.357033	B3	64	97	1	-2
1127	176.290366	176.433422	F#4	64	122	0	2
1128	176.290366	176.508422	D#4	64	73	0	4
1129	176.457033	176.736199	F#4	64	97	0	2
1130	176.623699	176.762588	G#4	64	127	0	4
1131	176.623699	176.870922	D#4	64	74	0	4
1132	176.790366	176.895922	B3	64	92	1	-2
1133	176.957033	177.308422	A4	64	127	0	5
1134	176.957033	177.184811	A2	64	112	1	-1
1135	177.123700	178.119534	C#3	64	66	1	-2
1136	177.290366	177.987589	E3	64	100	1	-4
1137	177.290366	178.037589	A2	64	25	1	-1
1138	177.457033	177.632033	C#4	64	78	0	2
1139	177.623700	177.832033	A4	64	127	0	5
1140	177.790367	177.933422	E4	64	122	0	5
1141	177.957033	178.119534	A4	64	127	0	5
1142	177.957033	178.138978	C#4	64	96	0	2
1143	178.123700	178.268145	A4	64	122	0	5
1144	178.290367	178.641756	G#4	64	122	0	4
1145	178.290367	179.522312	G#2	64	85	1	-2
1146	178.457034	179.400090	D#3	64	88	1	-5
1147	178.623700	179.069534	G#3	64	76	1	-5
1148	178.790367	179.002867	B3	64	107	1	-2
1149	178.957034	179.194534	F#4	64	117	0	2
1150	178.957034	179.220923	F#4	64	100	0	2
1151	179.123701	179.405645	D#4	64	85	0	4
1152	179.290367	179.436201	G#4	64	127	0	4
1153	179.290367	179.509812	B3	64	88	1	-2
1154	179.457034	179.550090	G#3	64	77	1	-5
1155	179.623701	179.788979	G#4	64	127	0	4
1156	179.623701	180.579257	F#2	64	89	1	-4
1157	179.790368	180.372312	C#3	64	88	1	-2
1158	179.957034	180.129257	F#4	64	99	0	2
1159	179.957034	180.243146	F#3	64	85	1	-2
1160	180.123701	180.262590	A3	64	85	1	-4
1161	180.290368	180.444535	F#4	64	99	0	2
1162	180.290368	180.843146	C#4	64	100	0	2
1163	180.457035	180.637590	C#3	64	68	1	-2
1164	180.623701	180.777868	C#4	64	102	0	2
1165	180.623701	180.795924	A3	64	112	1	-4
1166	180.790368	180.911202	F#3	64	79	1	-2
1167	180.957035	181.269535	E4	64	127	0	5
1168	180.957035	181.487591	A2	64	107	1	-1
1169	181.290368	181.498702	A3	64	96	1	-4
1170	181.457035	181.559813	E4	64	75	0	5
1171	181.623702	181.815369	F#4	64	127	0	2
1172	181.623702	182.207036	B2	64	112	1	-4
1173	181.957035	182.145924	B3	64	107	1	-2
1174	182.123702	182.269536	D#4	64	85	0	4
1175	182.290369	182.526480	G#4	64	122	0	4
1176	182.290369	183.168147	E2	64	85	1	-1
1177	182.457036	183.109814	B2	64	66	1	-4
1178	182.623702	183.037592	E3	64	86	1	-4
1179	182.790369	182.972314	E4	64	92	0	5
1180	182.957036	183.057036	B3	64	122	1	-2
1181	182.957036	183.166758	B4	64	102	0	2
1182	183.123703	183.475092	E4	64	99	0	5
1183	183.290369	183.516758	G#4	64	112	0	4
1184	183.290369	183.429258	G#4	64	68	0	4
1185	183.457036	183.629258	B4	64	100	0	2
1186	183.623703	183.961203	F#4	64	127	0	2
1187	183.623703	183.876481	D#2	64	89	1	-2
1188	183.790370	184.476481	G#2	64	95	1	-2
1189	183.957036	184.204259	D#4	64	82	0	4
1190	184.123703	184.277870	G#4	64	90	0	4
1191	184.290370	184.445926	E4	64	127	0	5
1192	184.290370	184.513981	B4	64	127	0	2
1193	184.457037	184.607037	G#4	64	89	0	4
1194	184.623703	184.779259	D#4	64	107	0	4
1195	184.623703	184.877870	D#4	64	95	0	4
1196	184.790370	184.944537	B4	64	112	0	2
1197	184.957037	185.168148	E4	64	127	0	5
1198	184.957037	185.609815	C#2	64	66	1	-4
1199	185.123704	185.677871	G#2	64	86	1	-2
1200	185.290370	185.390370	E4	64	122	0	5
1201	185.290370	185.679260	C#3	64	95	1	-2
1202	185.457037	185.679260	C#4	64	88	0	2
1203	185.623704	185.733426	E4	64	127	0	5
1204	185.623704	185.877871	G#4	64	88	0	4
1205	185.790371	185.994537	F#4	64	107	0	2
1206	185.790371	185.963982	E4	64	112	0	5
1207	185.957037	186.147315	C#4	64	107	0	2
1208	186.123704	186.438982	G#4	64	127	0	4
1209	186.123704	186.244538	G#4	64	97	0	4
1210	186.290371	187.258427	B2	64	100	1	-4
1211	186.457038	187.198705	D#3	64	82	1	-5
1212	186.623704	187.180649	F#3	64	92	1	-2
1213	186.790371	187.023705	B3	64	97	1	-2
1214	186.957038	187.088982	F#4	64	112	0	2
1215	186.957038	187.175094	D#4	64	73	0	4
1216	187.123705	187.402871	F#4	64	97	0	2
1217	187.290371	187.444538	G#4	64	122	0	4
1218	187.290371	187.537594	D#4	64	74	0	4
1219	187.457038	187.562594	B3	64	92	1	-2
1220	187.623705	187.973705	A4	64	102	0	5
1221	187.623705	187.851483	A2	64	112	1	-1
1222	187.790372	188.786206	C#3	64	66	1	-2
1223	187.957038	188.654261	E3	64	100	1	-4
1224	187.957038	188.704261	A2	64	25	1	-1
1225	188.123705	188.298705	C#4	64	78	0	2
1226	188.290372	188.498705	A4	64	127	0	5
1227	188.457039	188.600094	E4	64	122	0	5
1228	188.623705	188.795928	A4	64	127	0	5
1229	188.623705	188.805650	C#4	64	96	0	2
1230	188.790372	188.934817	A4	64	122	0	5
1231	188.957039	189.134817	G#4	64	122	0	4
1232	188.957039	190.188984	G#2	64	85	1	-2
1233	189.123706	190.066762	D#3	64	88	1	-5
1234	189.290372	189.476484	F#4	64	117	0	2
1235	189.290372	189.736206	G#3	64	76	1	-5
1236	189.457039	189.669539	B3	64	107	1	-2
1237	189.623706	189.762595	E4	64	122	0	5
1238	189.623706	189.887595	F#4	64	100	0	2
1239	189.790373	190.072317	D#4	64	85	0	4
1240	189.957039	190.150095	G#4	64	127	0	4
1241	189.957039	190.176484	B3	64	88	1	-2
1242	190.123706	190.216762	G#3	64	77	1	-5
1243	190.290373	190.630651	A4	64	127	0	5
1244	190.290373	190.702873	F#2	64	92	1	-4
1245	190.457040	190.683429	F#3	64	90	1	-2
1246	190.623706	190.736206	A3	64	99	1	-4
1247	190.623706	190.823707	C#4	64	100	0	2
1248	190.957040	191.172318	D#4	64	127	0	4
1249	190.957040	191.482040	B2	64	127	1	-4
1250	191.123707	191.404262	F#3	64	71	1	-2
1251	191.290373	191.532040	D#4	64	88	0	4
1252	191.457040	191.586207	B3	64	117	1	-2
1253	191.623707	193.122319	E4	64	127	0	5
1254	191.623707	192.818152	B2	64	66	1	-4
1255	191.957040	192.373707	E3	64	92	1	-4
1256	192.123707	192.352874	G#3	64	79	1	-5
1257	192.290374	192.955652	E4	64	99	0	5
1258	192.457041	192.945930	E3	64	86	1	-4
1259	192.623707	192.957041	B3	64	102	1	-2
1260	192.790374	192.957041	G#3	64	70	1	-5
1261	192.957041	193.834819	E2	64	85	1	-1
1262	193.123708	193.776486	B2	64	66	1	-4
1263	193.290374	193.704264	E3	64	86	1	-4
1264	193.457041	193.638986	E4	64	92	0	5
1265	193.623708	193.833430	B4	64	102	0	2
1266	193.790375	194.141764	E4	64	99	0	5
1267	193.957041	194.095930	G#4	64	68	0	4
1268	194.123708	194.295930	B4	64	100	0	2
1269	194.290375	195.377875	D#2	64	89	1	-2
1270	194.623708	194.870931	D#4	64	82	0	4
1271	194.623708	195.309820	G#2	64	95	1	-2
1272	194.790375	194.944542	G#4	64	90	0	4
1273	194.957042	195.180653	B4	64	127	0	2
1274	195.123709	195.273709	G#4	64	89	0	4
1275	195.290375	195.544542	D#4	64	95	0	4
1276	195.457042	195.611209	B4	64	112	0	2
1277	195.623709	196.276487	C#2	64	66	1	-4
1278	195.957042	196.345932	C#3	64	95	1	-2
1279	195.957042	196.511209	G#2	64	86	1	-2
1280	196.123709	196.345932	C#4	64	88	0	2
1281	196.290376	196.544543	G#4	64	88	0	4
1282	196.457043	196.630654	E4	64	112	0	5
1283	196.623709	196.813987	C#4	64	107	0	2
1284	196.790376	196.911210	G#4	64	97	0	4
1285	196.957043	197.925099	B2	64	100	1	-4
1286	197.123710	197.865377	D#3	64	82	1	-5
1287	197.290376	197.847321	F#3	64	92	1	-2
1288	197.457043	197.690377	B3	64	97	1	-2
1289	197.623710	197.841766	D#4	64	73	0	4
1290	197.790377	198.069543	F#4	64	97	0	2
1291	197.957043	198.204266	D#4	64	74	0	4
1292	198.123710	198.229266	B3	64	92	1	-2
1293	198.290377	198.518155	A2	64	112	1	-1
1294	198.457044	199.452878	C#3	64	66	1	-2
1295	198.623710	199.320933	E3	64	100	1	-4
1296	198.623710	199.370933	A2	64	25	1	-1
1297	198.790377	198.965377	C#4	64	78	0	2
1298	198.957044	199.165377	A4	64	127	0	5
1299	199.123711	199.266766	E4	64	122	0	5
1300	199.290377	199.472322	C#4	64	96	0	2
1301	199.457044	199.601489	A4	64	122	0	5
1302	199.623711	200.855656	G#2	64	85	1	-2
1303	199.790378	200.733434	D#3	64	88	1	-5
1304	199.957044	200.402878	G#3	64	76	1	-5
1305	200.123711	200.336211	B3	64	107	1	-2
1306	200.290378	200.554267	F#4	64	100	0	2
1307	200.457045	200.738989	D#4	64	85	0	4
1308	200.623711	200.843156	B3	64	88	1	-2
1309	200.790378	200.883434	G#3	64	77	1	-5
1310	200.957045	201.912601	F#2	64	89	1	-4
1311	201.123712	201.705656	C#3	64	88	1	-2
1312	201.290378	201.576490	F#3	64	85	1	-2
1313	201.457045	201.595934	A3	64	85	1	-4
1314	201.623712	202.176490	C#4	64	100	0	2
1315	201.790379	201.970934	C#3	64	68	1	-2
1316	201.957045	202.129268	A3	64	112	1	-4
1317	202.123712	202.244546	F#3	64	79	1	-2
1318	202.290379	202.820935	A2	64	107	1	-1
1319	202.623712	202.832046	A3	64	96	1	-4
1320	202.790379	202.893157	E4	64	75	0	5
1321	202.957046	203.540380	B2	64	112	1	-4
1322	203.290379	203.479268	B3	64	107	1	-2
1323	203.457046	203.602880	D#4	64	85	0	4
1324	203.623713	204.501491	E2	64	85	1	-1
1325	203.790380	204.443158	B2	64	66	1	-4
1326	203.957046	204.370936	E3	64	86	1	-4
1327	204.123713	204.305658	E4	64	92	0	5
1328	204.290380	204.500102	B4	64	102	0	2
1329	204.457047	204.808436	E4	64	99	0	5
1330	204.623713	204.762602	G#4	64	68	0	4
1331	204.790380	204.962602	B4	64	100	0	2
1332	204.957047	205.209825	D#2	64	89	1	-2
1333	205.123714	205.809825	G#2	64	95	1	-2
1334	205.290380	205.537603	D#4	64	82	0	4
1335	205.457047	205.611214	G#4	64	90	0	4
1336	205.623714	205.847325	B4	64	127	0	2
1337	205.790381	205.940381	G#4	64	89	0	4
1338	205.957047	206.211214	D#4	64	95	0	4
1339	206.123714	206.277881	B4	64	112	0	2
1340	206.290381	206.943159	C#2	64	66	1	-4
1341	206.457048	207.011215	G#2	64	86	1	-2
1342	206.623714	207.012604	C#3	64	95	1	-2
1343	206.790381	207.012604	C#4	64	88	0	2
1344	206.957048	207.211215	G#4	64	88	0	4
1345	207.123715	207.297326	E4	64	112	0	5
1346	207.290381	207.480659	C#4	64	107	0	2
1347	207.457048	207.577882	G#4	64	97	0	4
1348	207.623715	208.591771	B2	64	100	1	-4
1349	207.790382	208.532049	D#3	64	82	1	-5
1350	207.957048	208.513993	F#3	64	92	1	-2
1351	208.123715	208.357049	B3	64	97	1	-2
1352	208.290382	208.508438	D#4	64	73	0	4
1353	208.457049	208.736215	F#4	64	97	0	2
1354	208.623715	208.870938	D#4	64	74	0	4
1355	208.790382	208.895938	B3	64	92	1	-2
1356	208.957049	209.184827	A2	64	112	1	-1
1357	209.123716	210.119550	C#3	64	66	1	-2
1358	209.290382	209.987605	E3	64	100	1	-4
1359	209.290382	210.037605	A2	64	25	1	-1
1360	209.457049	209.632049	C#4	64	78	0	2
1361	209.623716	209.832049	A4	64	127	0	5
1362	209.790383	209.933438	E4	64	122	0	5
1363	209.957049	210.138994	C#4	64	96	0	2
1364	210.123716	210.268161	A4	64	122	0	5
1365	210.290383	211.522328	G#2	64	85	1	-2
1366	210.457050	211.400106	D#3	64	88	1	-5
1367	210.623716	211.069550	G#3	64	76	1	-5
1368	210.790383	211.002883	B3	64	107	1	-2
1369	210.957050	211.220939	F#4	64	100	0	2
1370	211.123717	211.405661	D#4	64	85	0	4
1371	211.290383	211.509828	B3	64	88	1	-2
1372	211.457050	211.550106	G#3	64	77	1	-5
1373	211.623717	212.036217	F#2	64	92	1	-4
1374	211.790384	212.016773	F#3	64	90	1	-2
1375	211.957050	212.069550	A3	64	99	1	-4
1376	211.957050	212.157051	C#4	64	100	0	2
1377	212.290384	212.815384	B2	64	127	1	-4
1378	212.457051	212.737606	F#3	64	71	1	-2
1379	212.623717	212.865384	D#4	64	88	0	4
1380	212.790384	212.919551	B3	64	117	1	-2
1381	212.957051	214.151496	B2	64	66	1	-4
1382	213.290384	213.707051	E3	64	92	1	-4
1383	213.457051	213.686218	G#3	64	79	1	-5
1384	213.623718	214.288996	E4	64	99	0	5
1385	213.790385	214.279274	E3	64	86	1	-4
1386	213.957051	214.290385	B3	64	102	1	-2
1387	214.123718	214.290385	G#3	64	70	1	-5
1388	214.290385	215.447330	E3	64	77	1	-4
1389	214.623718	215.777886	B3	64	45	1	-2
1390	214.957052	215.823719	E4	64	56	0	5
1391	215.623719	216.908442	D#3	64	63	1	-5
1392	215.957052	216.393164	D#4	64	53	0	4
1393	216.290386	216.932053	E4	64	44	0	5
1394	216.957053	218.304276	C#3	64	55	1	-2
1395	217.290386	218.254276	C#4	64	43	0	2
1396	217.623720	218.316776	G#4	64	45	0	4
1397	218.290387	219.530665	B2	64	63	1	-4
1398	218.623720	219.087610	B3	64	50	1	-2
1399	218.957054	219.561221	G#4	64	62	0	4
1400	219.623721	220.970944	A2	64	65	1	-1
1401	219.957054	220.345944	A3	64	48	1	-4
1402	220.290388	220.938999	E4	64	69	0	5
1403	220.957055	222.311222	G#2	64	59	1	-2
1404	221.290388	221.670944	G#3	64	43	1	-5
1405	221.623722	222.218167	E4	64	59	0	5
1406	222.290389	223.336223	F#2	64	58	1	-4
1407	222.623722	223.540390	F#3	64	37	1	-2
1408	223.623723	224.451501	B2	64	70	1	-4
1409	223.957056	225.184835	B3	64	55	1	-2
1410	224.290390	224.993168	F#4	64	74	0	2
1411	224.957057	226.132058	E3	64	63	1	-4
1412	225.290390	225.834835	B3	64	53	1	-2
1413	225.623724	226.097335	E4	64	68	0	5
1414	225.957057	226.680669	B3	64	58	1	-2
1415	226.290391	227.614003	D#3	64	50	1	-5
1416	226.623724	227.026502	D#4	64	58	0	4
1417	226.957058	227.623725	E4	64	57	0	5
1418	227.623725	228.947337	C#3	64	66	1	-2
1419	227.957058	228.416781	C#4	64	50	0	2
1420	228.290392	228.926503	G#4	64	58	0	4
1421	228.623725	229.000114	C#4	64	47	0	2
1422	228.957059	230.252893	B2	64	56	1	-4
1423	229.290392	229.676504	B3	64	50	1	-2
1424	229.623726	230.286226	F#4	64	68	0	2
1425	229.957059	230.344560	B3	64	48	1	-2
1426	230.290393	231.265393	A2	64	48	1	-1
1427	230.623726	231.059838	A3	64	53	1	-4
1428	230.957060	231.615394	E4	64	71	0	5
1429	231.623727	232.957061	G#2	64	58	1	-2
1430	231.957060	232.325116	G#3	64	54	1	-5
1431	232.290394	232.909839	E4	64	50	0	5
1432	232.957061	233.683450	F#2	64	75	1	-4
1433	233.290394	233.891784	F#3	64	42	1	-2
1434	233.623728	234.440395	C#4	64	50	0	2
1435	234.290395	235.194562	B2	64	42	1	-4
1436	234.623728	235.066784	F#3	64	43	1	-2
1437	234.957062	235.434840	F#4	64	57	0	2
1438	235.623729	238.957064	E2	64	35	1	-1
1439	235.623729	238.957064	E3	64	36	1	-4
1440	235.623729	238.957064	B3	64	42	1	-2
1441	235.623729	238.957064	E4	64	52	0	5
1442	235.623729	238.957064	G#4	64	51	0	4
