//Version: PianoFingering_v170101
0	3.543473	3.919831	D#4	64	85	0	4
1	3.543473	4.205157	G#4	64	84	0	4
2	3.543473	5.648090	G#2	64	88	1	-2
3	3.869560	5.559775	D#3	64	80	1	-5
4	4.195646	4.641298	D#4	64	88	0	4
5	4.521733	4.680700	G#4	64	74	0	4
6	4.847819	5.043471	D#4	64	87	0	4
7	4.847819	5.073362	C5	64	90	0	3
8	5.499992	5.555699	D#4	64	72	0	4
9	5.499992	5.961948	G#4	64	81	0	4
10	5.826079	6.108687	D#4	64	75	0	4
11	6.152165	6.600534	G#4	64	85	0	4
12	6.152165	8.331510	F3	64	94	1	-3
13	6.478252	6.862762	C4	64	81	0	1
14	6.804338	7.195642	F4	64	94	0	1
15	7.130425	7.557055	C4	64	81	0	1
16	7.456511	7.711946	C5	64	89	0	3
17	7.456511	7.730967	F4	64	92	0	1
18	7.782598	8.259499	C4	64	60	0	1
19	8.108684	8.196999	F4	64	88	0	1
20	8.108684	8.385858	G#4	64	88	0	4
21	8.760857	9.071998	A#3	64	84	1	-3
22	8.760857	9.141292	A#4	64	90	0	1
23	8.760857	10.683409	A#2	64	93	1	-5
24	9.086944	9.523084	F3	64	85	1	-3
25	9.413030	9.726889	F4	64	86	0	1
26	9.413030	9.774443	A#3	64	81	1	-3
27	9.739117	10.190203	F3	64	71	1	-3
28	10.065203	10.456507	C#4	64	79	0	2
29	10.065203	10.516290	A#3	64	84	1	-3
30	10.391290	10.672539	F3	64	80	1	-3
31	10.717376	10.838300	A#3	64	90	1	-3
32	10.717376	11.195637	F4	64	93	0	1
33	11.043463	11.298897	A#3	64	85	1	-3
34	11.369549	13.570633	D#3	64	94	1	-5
35	11.695636	12.736395	A#3	64	81	1	-3
36	12.021722	12.366831	D#4	64	94	0	4
37	12.347809	12.483678	F4	64	96	0	1
38	12.673895	12.921178	G4	64	93	0	3
39	12.673895	13.110036	D#4	64	92	0	4
40	12.999982	13.502698	A#3	64	82	1	-3
41	13.326068	13.495905	D#4	64	89	0	4
42	13.326068	13.748622	G4	64	92	0	3
43	13.326068	13.934763	A#4	64	92	0	1
44	13.652155	13.971448	D#4	64	96	0	4
45	13.978241	14.365469	D#4	64	88	0	4
46	13.978241	14.521719	G#4	64	85	0	4
47	13.978241	16.020358	G#2	64	88	1	-2
48	14.304328	14.718729	D#3	64	80	1	-5
49	14.630414	15.074707	D#4	64	103	0	4
50	14.956501	15.476881	D#3	64	82	1	-5
51	15.282587	15.324707	D#4	64	78	0	4
52	15.282587	15.690195	G#4	64	93	0	4
53	15.282587	15.709217	C5	64	93	0	3
54	15.608674	15.725521	D#4	64	87	0	4
55	15.934760	16.076064	D#4	64	88	0	4
56	15.934760	16.421173	G#4	64	90	0	4
57	16.260847	16.381771	D#4	64	80	0	4
58	16.586933	17.286661	G#4	64	87	0	4
59	16.586933	18.660300	F3	64	94	1	-3
60	16.913020	17.316552	C4	64	83	0	1
61	17.239106	17.698345	F4	64	98	0	1
62	17.565193	17.955138	C4	64	79	0	1
63	17.891279	18.086931	F4	64	96	0	1
64	17.891279	18.156225	C5	64	92	0	3
65	18.217366	18.569267	C4	64	77	0	1
66	18.543452	18.682039	F4	64	94	0	1
67	18.543452	18.789376	G#4	64	94	0	4
68	18.869539	19.105952	F4	64	97	0	1
69	19.195625	19.608668	F4	64	92	0	1
70	19.195625	19.612744	A#4	64	88	0	1
71	19.195625	19.986385	A#2	64	92	1	-5
72	19.521712	19.893994	F3	64	83	1	-3
73	19.847798	19.968722	F4	64	97	0	1
74	19.847798	20.258124	C#5	64	88	0	4
75	20.173885	20.373613	F4	64	89	0	1
76	20.499971	20.993177	A#4	64	92	0	1
77	20.499971	21.224155	D#3	64	88	1	-5
78	20.826058	21.175242	A#3	64	82	1	-3
79	21.152144	21.336927	D#4	64	95	0	4
80	21.478231	21.801600	F4	64	95	0	1
81	21.804317	22.169806	G#4	64	85	0	4
82	21.804317	24.264912	G#2	64	92	1	-2
83	22.130404	24.192901	D#3	64	78	1	-5
84	22.456490	22.672523	G#3	64	87	1	-5
85	22.782577	22.898066	A#3	64	93	1	-3
86	23.108663	23.393989	C4	64	91	0	1
87	23.434750	23.860021	D#4	64	95	0	4
88	23.760836	24.372248	G#4	64	82	0	4
89	24.413009	24.604585	D#4	64	94	0	4
90	24.413009	26.775778	G#2	64	91	1	-2
91	24.739096	24.911650	D#4	64	93	0	4
92	24.739096	26.789365	D#3	64	85	1	-5
93	25.065182	25.304312	D#4	64	93	0	4
94	25.065182	25.290725	A#3	64	86	1	-3
95	25.391269	25.629040	F4	64	94	0	1
96	25.391269	25.862736	C4	64	94	0	1
97	25.717355	26.608658	G#4	64	89	0	4
98	26.043442	26.233659	G#3	64	86	1	-5
99	26.043442	26.233659	D#4	64	92	0	4
100	26.695615	26.974147	F4	64	94	0	1
101	27.021701	29.080122	D#4	64	93	0	4
102	27.021701	29.551589	G#2	64	91	1	-2
103	27.347788	29.470067	D#3	64	81	1	-5
104	27.673874	27.918439	A#3	64	83	1	-3
105	27.999961	28.523058	C4	64	88	0	1
106	27.999961	28.543438	G#3	64	89	1	-5
107	28.652134	29.747241	G#3	64	88	1	-5
108	28.652134	29.846426	D#4	64	92	0	4
109	29.630393	29.819252	D#4	64	94	0	4
110	29.630393	31.960553	G#2	64	92	1	-2
111	29.956480	30.133110	D#4	64	93	0	4
112	29.956480	31.944249	D#3	64	83	1	-5
113	30.282566	30.482294	D#4	64	94	0	4
114	30.282566	30.520338	A#3	64	86	1	-3
115	30.608653	30.808381	F4	64	96	0	1
116	30.608653	31.112728	C4	64	86	0	1
117	30.608653	31.131750	G#3	64	88	1	-5
118	30.934739	31.300228	D#5	64	96	0	1
119	31.260826	31.514902	G#3	64	88	1	-5
120	31.260826	32.124955	C4	64	93	0	1
121	31.260826	32.220064	D#4	64	92	0	4
122	31.423869	31.739086	C5	64	93	0	3
123	31.912999	32.164357	G#4	64	92	0	4
124	32.239085	33.706475	A#4	64	90	0	1
125	32.239085	34.705114	D#3	64	96	1	-5
126	32.565172	33.347779	A#3	64	78	1	-3
127	32.891258	33.282562	D#4	64	86	0	4
128	33.217345	33.736366	F4	64	95	0	1
129	33.543431	33.983648	A#3	64	80	1	-3
130	33.869518	34.251311	D#4	64	92	0	4
131	33.869518	34.812451	G4	64	94	0	3
132	34.195604	34.426582	A#4	64	90	0	1
133	34.195604	34.721419	A#3	64	85	1	-3
134	34.521691	34.710549	C5	64	95	0	3
135	34.521691	34.830114	D#4	64	88	0	4
136	34.847777	35.675222	D#5	64	99	0	1
137	34.847777	36.955111	C3	64	92	1	-3
138	35.173864	35.690167	C4	64	92	0	1
139	35.499950	35.862722	D#4	64	93	0	4
140	35.826037	36.031200	F5	64	94	0	3
141	35.826037	36.694242	G4	64	90	0	3
142	36.152123	36.350493	F5	64	98	0	3
143	36.478210	36.641253	D#5	64	98	0	1
144	36.478210	36.899405	G3	64	57	1	-1
145	36.804296	37.035274	C5	64	98	0	3
146	36.804296	36.930655	C4	64	91	0	1
147	36.804296	37.297502	D#4	64	94	0	4
148	37.130383	37.345056	D#5	64	97	0	1
149	37.130383	37.392611	C4	64	86	0	1
150	37.456469	38.274403	A#4	64	96	0	1
151	37.456469	37.823317	F4	64	89	0	1
152	37.456469	38.618152	F3	64	95	1	-3
153	37.782556	38.406196	C4	64	82	0	1
154	38.108642	38.379022	F4	64	96	0	1
155	38.434729	38.696957	G#4	64	88	0	4
156	38.760815	39.512173	F4	64	98	0	1
157	38.760815	39.828749	D2	64	83	1	-3
158	38.760815	39.937444	D4	64	81	0	3
159	38.760815	39.949672	F4	64	91	0	1
160	38.760815	39.967335	G#4	64	85	0	4
161	40.065161	40.222770	A#4	64	96	0	1
162	40.065161	40.495867	A#3	64	84	1	-3
163	40.065161	40.741791	C#4	64	85	0	2
164	40.065161	42.453745	A#2	64	92	1	-5
165	40.391248	40.558367	A#4	64	93	0	1
166	40.391248	41.489072	F3	64	80	1	-3
167	40.717334	40.893964	A#4	64	93	0	1
168	40.717334	40.953747	A#3	64	92	1	-3
169	41.043421	41.247225	C5	64	94	0	3
170	41.043421	41.802931	C#4	64	92	0	2
171	41.043421	41.809724	A#3	64	88	1	-3
172	41.369507	41.865431	A#4	64	96	0	1
173	41.695594	42.438799	F3	64	74	1	-3
174	42.021680	42.213256	G#4	64	92	0	4
175	42.021680	42.254017	A#3	64	91	1	-3
176	42.021680	42.301571	C#4	64	93	0	2
177	42.021680	42.312441	F4	64	96	0	1
178	42.347767	42.573310	F4	64	97	0	1
179	42.673853	44.743144	D#4	64	96	0	4
180	42.673853	42.854560	A#3	64	86	1	-3
181	42.673853	43.148037	D#4	64	91	0	4
182	42.673853	45.010807	D#3	64	92	1	-5
183	42.999940	43.662982	A#3	64	77	1	-3
184	43.326026	43.687439	D#4	64	67	0	4
185	43.652113	43.827384	F4	64	94	0	1
186	43.978199	44.148036	G4	64	94	0	3
187	44.304286	44.561079	F4	64	94	0	1
188	44.630372	44.859992	D#4	64	91	0	4
189	44.956459	45.081459	C#4	64	86	0	2
190	45.282545	45.474121	D#4	64	94	0	4
191	45.282545	47.645314	G#2	64	91	1	-2
192	45.608632	45.781186	D#4	64	93	0	4
193	45.608632	47.658901	D#3	64	85	1	-5
194	45.934718	46.173848	D#4	64	93	0	4
195	45.934718	46.160261	A#3	64	86	1	-3
196	46.260805	46.498576	F4	64	94	0	1
197	46.260805	46.732272	C4	64	94	0	1
198	46.586891	47.478194	G#4	64	89	0	4
199	46.912978	47.103195	G#3	64	86	1	-5
200	46.912978	47.103195	D#4	64	92	0	4
201	47.565151	47.843683	F4	64	94	0	1
202	47.891237	49.949658	D#4	64	93	0	4
203	47.891237	50.421125	G#2	64	91	1	-2
204	48.217324	50.339603	D#3	64	81	1	-5
205	48.543410	48.787975	A#3	64	83	1	-3
206	48.869497	49.392594	C4	64	88	0	1
207	48.869497	49.412974	G#3	64	89	1	-5
208	49.521670	50.616777	G#3	64	88	1	-5
209	49.521670	50.715962	D#4	64	92	0	4
210	50.499929	50.688788	D#4	64	94	0	4
211	50.499929	52.830089	G#2	64	92	1	-2
212	50.826016	51.002646	D#4	64	93	0	4
213	50.826016	52.813785	D#3	64	83	1	-5
214	51.152102	51.351830	D#4	64	94	0	4
215	51.152102	51.389874	A#3	64	86	1	-3
216	51.478189	51.677917	F4	64	96	0	1
217	51.478189	51.982264	C4	64	86	0	1
218	51.478189	52.001286	G#3	64	88	1	-5
219	51.804275	52.169764	D#5	64	96	0	1
220	52.130362	52.384438	G#3	64	88	1	-5
221	52.130362	52.994491	C4	64	93	0	1
222	52.130362	53.089600	D#4	64	92	0	4
223	52.293405	52.608622	C5	64	93	0	3
224	52.782535	53.033893	G#4	64	92	0	4
225	53.108621	54.576011	A#4	64	90	0	1
226	53.108621	55.574650	D#3	64	96	1	-5
227	53.434708	54.217315	A#3	64	78	1	-3
228	53.760794	54.152098	D#4	64	86	0	4
229	54.086881	54.605902	F4	64	95	0	1
230	54.412967	54.853184	A#3	64	80	1	-3
231	54.739054	55.120847	D#4	64	92	0	4
232	54.739054	55.681987	G4	64	94	0	3
233	55.065140	55.296118	A#4	64	90	0	1
234	55.065140	55.590955	A#3	64	85	1	-3
235	55.391227	55.580085	C5	64	95	0	3
236	55.391227	55.699650	D#4	64	88	0	4
237	55.717313	56.043400	D#5	64	99	0	1
238	55.717313	57.824647	C3	64	92	1	-3
239	56.043400	56.544758	D#5	64	99	0	1
240	56.043400	56.559703	C4	64	92	0	1
241	56.369486	56.732258	D#4	64	93	0	4
242	56.695573	56.900736	F5	64	94	0	3
243	56.695573	57.563778	G4	64	90	0	3
244	57.021659	57.220029	F5	64	98	0	3
245	57.347746	57.510789	D#5	64	98	0	1
246	57.347746	57.768941	G3	64	57	1	-1
247	57.673832	57.904810	C5	64	98	0	3
248	57.673832	57.800191	C4	64	91	0	1
249	57.673832	58.167038	D#4	64	94	0	4
250	57.999919	58.214592	D#5	64	97	0	1
251	57.999919	58.262147	C4	64	86	0	1
252	58.326005	59.143939	A#4	64	96	0	1
253	58.326005	58.692853	F4	64	89	0	1
254	58.326005	59.487688	F3	64	95	1	-3
255	58.652092	59.275732	C4	64	82	0	1
256	58.978178	59.248558	F4	64	96	0	1
257	59.304265	59.566493	G#4	64	88	0	4
258	59.630351	60.381709	F4	64	98	0	1
259	59.630351	60.698285	D2	64	83	1	-3
260	59.630351	60.806980	D4	64	81	0	3
261	59.630351	60.819208	F4	64	91	0	1
262	59.630351	60.836871	G#4	64	85	0	4
263	60.934697	61.092306	A#4	64	96	0	1
264	60.934697	61.292034	C#4	64	87	0	2
265	60.934697	61.311055	A#3	64	86	1	-3
266	60.934697	61.668392	A#2	64	92	1	-5
267	61.260784	61.427903	A#4	64	93	0	1
268	61.260784	61.662957	F3	64	87	1	-3
269	61.586870	61.763500	A#4	64	93	0	1
270	61.586870	61.646653	A#3	64	84	1	-3
271	61.586870	62.006707	C#4	64	94	0	2
272	61.912957	62.116761	C5	64	94	0	3
273	61.912957	62.186054	A#3	64	92	1	-3
274	62.239043	62.734967	A#4	64	96	0	1
275	62.239043	62.543391	D#4	64	90	0	4
276	62.239043	63.006705	D#3	64	94	1	-5
277	62.565130	62.933336	A#3	64	81	1	-3
278	62.891216	63.082792	G#4	64	92	0	4
279	62.891216	63.274368	D#4	64	95	0	4
280	63.217303	63.442846	F4	64	97	0	1
281	63.217303	63.442846	F4	64	93	0	1
282	63.543389	65.612680	G#4	64	96	0	4
283	63.543389	63.649367	G#2	64	92	1	-2
284	63.543389	64.190128	D#4	64	87	0	4
285	63.543389	64.251269	G#4	64	86	0	4
286	63.869476	66.043386	D#3	64	88	1	-5
287	64.195562	65.997190	C4	64	93	0	1
288	64.521649	64.726812	D#4	64	93	0	4
289	64.847735	65.024365	D#4	64	93	0	4
290	64.847735	65.100452	C5	64	94	0	3
291	65.173822	65.565126	D#4	64	88	0	4
292	65.173822	65.581430	A#4	64	97	0	1
293	65.499908	65.898006	G#4	64	93	0	4
294	65.825995	66.055614	D#4	64	86	0	4
295	66.152081	66.368114	D#5	64	108	0	1
296	66.152081	66.463222	D#4	64	89	0	4
297	66.152081	66.582787	G#4	64	88	0	4
298	66.152081	67.825992	G#2	64	88	1	-2
299	66.478168	66.970015	D#5	64	103	0	1
300	66.478168	66.975450	D#3	64	85	1	-5
301	66.804254	66.995830	D#4	64	82	0	4
302	66.804254	67.218656	G#4	64	84	0	4
303	67.130341	67.359960	F5	64	97	0	3
304	67.130341	67.297460	D#4	64	81	0	4
305	67.130341	67.771644	D#3	64	79	1	-5
306	67.456427	67.990394	G#5	64	94	0	1
307	67.456427	67.592297	D#4	64	93	0	4
308	67.456427	67.834144	C5	64	98	0	3
309	67.456427	67.898003	G#4	64	93	0	4
310	67.782514	67.931970	D#4	64	64	0	4
311	68.108600	68.657513	F5	64	98	0	3
312	68.108600	68.224089	G#4	64	87	0	4
313	68.108600	68.248546	D#4	64	91	0	4
314	68.760773	70.755336	D#5	64	99	0	1
315	68.760773	69.194197	C4	64	87	0	1
316	68.760773	69.283870	D#4	64	92	0	4
317	68.760773	71.021640	C3	64	92	1	-3
318	69.086860	69.550174	G3	64	72	1	-1
319	69.412946	69.643924	C4	64	84	0	1
320	69.412946	69.778435	D#4	64	87	0	4
321	69.739033	70.156152	G3	64	75	1	-1
322	70.065119	70.479521	G4	64	92	0	3
323	70.065119	70.514847	C4	64	88	0	1
324	70.065119	70.518923	D#4	64	93	0	4
325	70.391206	70.839575	G3	64	64	1	-1
326	70.717292	70.853162	C4	64	92	0	1
327	70.717292	71.158868	D#4	64	94	0	4
328	70.717292	71.168379	G4	64	93	0	3
329	71.043379	71.258052	C4	64	87	0	1
330	71.369465	71.563759	F5	64	96	0	3
331	71.369465	71.467291	F2	64	94	1	-5
332	71.369465	71.880334	G#4	64	91	0	4
333	71.369465	71.895280	F4	64	92	0	1
334	71.695552	71.869465	F5	64	93	0	3
335	71.695552	73.468647	F3	64	93	1	-3
336	72.021638	72.252616	F5	64	96	0	3
337	72.021638	72.272997	F4	64	92	0	1
338	72.021638	72.372181	G#4	64	92	0	4
339	72.347725	72.561040	D#5	64	98	0	1
340	72.347725	72.748539	C4	64	81	0	1
341	72.673811	73.192832	C5	64	98	0	3
342	72.673811	73.016202	C5	64	93	0	3
343	72.673811	73.071909	G#4	64	91	0	4
344	72.673811	73.097724	F4	64	92	0	1
345	72.999898	73.421093	C4	64	70	0	1
346	73.325984	73.540658	F4	64	96	0	1
347	73.325984	73.446908	F4	64	95	0	1
348	73.325984	73.714571	G#4	64	94	0	4
349	73.652071	73.850440	G#4	64	93	0	4
350	73.652071	73.914299	F4	64	88	0	1
351	73.978157	75.608590	A#4	64	93	0	1
352	73.978157	74.430602	D#4	64	87	0	4
353	73.978157	74.463211	G4	64	88	0	3
354	73.978157	74.612667	A#4	64	91	0	1
355	73.978157	76.108589	D#3	64	94	1	-5
356	74.304244	74.698265	A#3	64	79	1	-3
357	74.630330	74.961852	D#4	64	93	0	4
358	74.956417	75.446905	A#3	64	73	1	-3
359	75.282503	75.687394	A#4	64	93	0	1
360	75.282503	75.748535	D#4	64	93	0	4
361	75.282503	75.752611	G4	64	94	0	3
362	75.608590	76.005328	A#3	64	81	1	-3
363	75.934676	76.141198	A#4	64	98	0	1
364	75.934676	76.107230	D#4	64	93	0	4
365	75.934676	76.282502	D#5	64	96	0	1
366	75.934676	76.323263	G4	64	94	0	3
367	76.260763	76.465926	C5	64	98	0	3
368	76.260763	76.377610	D#4	64	94	0	4
369	76.586849	76.770273	D#5	64	97	0	1
370	76.586849	77.082773	C4	64	87	0	1
371	76.586849	77.108588	D#4	64	92	0	4
372	76.586849	78.779781	C3	64	92	1	-3
373	76.912936	77.085490	D#5	64	101	0	1
374	76.912936	77.372174	G3	64	81	1	-1
375	77.239022	77.412935	D#5	64	96	0	1
376	77.239022	77.535218	C4	64	86	0	1
377	77.239022	77.573261	D#4	64	89	0	4
378	77.565109	77.753967	C5	64	93	0	3
379	77.565109	77.984945	G3	64	76	1	-1
380	77.891195	78.109945	A#4	64	96	0	1
381	77.891195	78.149347	C4	64	93	0	1
382	77.891195	78.171086	G4	64	93	0	3
383	78.217282	78.718640	C5	64	96	0	3
384	78.217282	78.603151	G3	64	73	1	-1
385	78.543368	78.686031	C4	64	94	0	1
386	78.543368	78.793368	D#4	64	95	0	4
387	78.869455	79.094998	G4	64	93	0	3
388	78.869455	79.043368	C4	64	93	0	1
389	79.195541	80.840919	F4	64	96	0	1
390	79.195541	79.414291	F3	64	92	1	-3
391	79.195541	79.509400	C4	64	93	0	1
392	79.195541	79.622171	F4	64	94	0	1
393	79.521628	81.302875	F3	64	89	1	-3
394	79.847714	80.272985	F4	64	93	0	1
395	79.847714	80.286572	G#4	64	94	0	4
396	80.173801	80.618094	C4	64	83	0	1
397	80.499887	80.902061	C5	64	94	0	3
398	80.499887	80.955050	G#4	64	93	0	4
399	80.499887	80.982224	F4	64	93	0	1
400	80.825974	81.230865	C4	64	71	0	1
401	81.152060	81.340919	F4	64	103	0	1
402	81.152060	81.308310	F4	64	97	0	1
403	81.152060	81.522984	G#4	64	96	0	4
404	81.478147	81.672440	G#4	64	93	0	4
405	81.478147	81.605864	F4	64	95	0	1
406	81.804233	81.994450	A#4	64	94	0	1
407	81.804233	82.259396	C#4	64	89	0	2
408	81.804233	82.270265	A#3	64	87	1	-3
409	81.804233	83.828687	A#2	64	92	1	-5
410	82.130320	82.313743	A#4	64	94	0	1
411	82.130320	82.546080	F3	64	84	1	-3
412	82.456406	82.650700	A#4	64	94	0	1
413	82.456406	82.831406	C#4	64	93	0	2
414	82.456406	82.839558	A#3	64	91	1	-3
415	82.782493	82.971351	C5	64	94	0	3
416	82.782493	83.188742	F3	64	83	1	-3
417	83.108579	83.342275	A#4	64	95	0	1
418	83.108579	83.380318	F4	64	97	0	1
419	83.108579	83.446894	A#3	64	93	1	-3
420	83.434666	83.978143	G#5	64	94	0	1
421	83.434666	83.830046	F3	64	84	1	-3
422	83.760752	83.870806	A#3	64	94	1	-3
423	83.760752	83.971350	C#4	64	98	0	2
424	84.086839	84.301512	F5	64	94	0	3
425	84.086839	84.165643	A#3	64	92	1	-3
426	84.412925	86.304227	D#5	64	99	0	1
427	84.412925	84.838196	D#4	64	88	0	4
428	84.412925	84.853142	G4	64	88	0	3
429	84.412925	86.972704	D#3	64	97	1	-5
430	84.739012	85.133033	A#3	64	86	1	-3
431	85.065098	85.361294	G4	64	94	0	3
432	85.065098	85.411565	A#4	64	94	0	1
433	85.065098	85.421076	D#4	64	94	0	4
434	85.391185	85.809662	A#3	64	82	1	-3
435	85.717271	86.077325	D#5	64	101	0	1
436	85.717271	86.296075	D#4	64	98	0	4
437	86.043358	86.464553	A#3	64	87	1	-3
438	86.369444	86.418357	D#4	64	76	0	4
439	86.369444	87.014824	C#5	64	98	0	4
440	86.695531	87.009389	A#3	64	86	1	-3
441	87.021617	87.195530	D#5	64	98	0	1
442	87.021617	87.332758	D#4	64	89	0	4
443	87.021617	87.452323	G#4	64	88	0	4
444	87.021617	88.695528	G#2	64	88	1	-2
445	87.347704	87.839551	D#5	64	108	0	1
446	87.347704	87.844986	D#3	64	85	1	-5
447	87.673790	87.865366	D#4	64	82	0	4
448	87.673790	88.088192	G#4	64	84	0	4
449	87.999877	88.228137	F5	64	96	0	3
450	87.999877	88.166996	D#4	64	81	0	4
451	87.999877	88.641180	D#3	64	79	1	-5
452	88.325963	88.864006	G#5	64	92	0	1
453	88.325963	88.461833	D#4	64	93	0	4
454	88.325963	88.703680	C5	64	98	0	3
455	88.325963	88.767539	G#4	64	93	0	4
456	88.652050	88.801506	D#4	64	64	0	4
457	88.978136	89.565092	F5	64	93	0	3
458	88.978136	89.093625	G#4	64	87	0	4
459	88.978136	89.118082	D#4	64	91	0	4
460	89.630309	91.407481	D#5	64	94	0	1
461	89.630309	90.063733	C4	64	87	0	1
462	89.630309	90.153406	D#4	64	92	0	4
463	89.630309	91.891176	C3	64	92	1	-3
464	89.956396	90.419710	G3	64	72	1	-1
465	90.282482	90.513460	C4	64	84	0	1
466	90.282482	90.647971	D#4	64	87	0	4
467	90.608569	91.025688	G3	64	75	1	-1
468	90.934655	91.349057	G4	64	92	0	3
469	90.934655	91.384383	C4	64	88	0	1
470	90.934655	91.388459	D#4	64	93	0	4
471	91.260742	91.709111	G3	64	64	1	-1
472	91.586828	91.722698	C4	64	92	0	1
473	91.586828	92.028404	D#4	64	94	0	4
474	91.586828	92.037915	G4	64	93	0	3
475	91.912915	92.127588	C4	64	87	0	1
476	92.239001	92.416990	F5	64	93	0	3
477	92.239001	92.336827	F2	64	94	1	-5
478	92.239001	92.749870	G#4	64	91	0	4
479	92.239001	92.764816	F4	64	92	0	1
480	92.565088	92.744435	F5	64	93	0	3
481	92.565088	94.338183	F3	64	93	1	-3
482	92.891174	93.084109	F5	64	99	0	3
483	92.891174	93.142533	F4	64	92	0	1
484	92.891174	93.241717	G#4	64	92	0	4
485	93.217261	93.416989	D#5	64	96	0	1
486	93.217261	93.618075	C4	64	81	0	1
487	93.543347	94.035194	C5	64	96	0	3
488	93.543347	93.885738	C5	64	93	0	3
489	93.543347	93.941445	G#4	64	91	0	4
490	93.543347	93.967260	F4	64	92	0	1
491	93.869434	94.290629	C4	64	70	0	1
492	94.195520	94.406118	F4	64	99	0	1
493	94.195520	94.316444	F4	64	95	0	1
494	94.195520	94.584107	G#4	64	94	0	4
495	94.521607	94.777041	G#4	64	94	0	4
496	94.521607	94.783835	F4	64	88	0	1
497	94.847693	96.774321	A#4	64	93	0	1
498	94.847693	95.300138	D#4	64	87	0	4
499	94.847693	95.332747	G4	64	88	0	3
500	94.847693	95.482203	A#4	64	91	0	1
501	94.847693	96.978125	D#3	64	94	1	-5
502	95.173780	95.567801	A#3	64	79	1	-3
503	95.499866	95.831388	D#4	64	93	0	4
504	95.825953	96.316441	A#3	64	73	1	-3
505	96.152039	96.556930	A#4	64	93	0	1
506	96.152039	96.618071	D#4	64	93	0	4
507	96.152039	96.622147	G4	64	94	0	3
508	96.478126	96.874864	A#3	64	81	1	-3
509	96.804212	97.050136	A#4	64	94	0	1
510	96.804212	96.976766	D#4	64	93	0	4
511	96.804212	97.152038	D#5	64	96	0	1
512	96.804212	97.192799	G4	64	94	0	3
513	97.130299	97.351766	C5	64	94	0	3
514	97.130299	97.247146	D#4	64	94	0	4
515	97.456385	97.652037	D#5	64	94	0	1
516	97.456385	97.952309	C4	64	87	0	1
517	97.456385	97.978124	D#4	64	92	0	4
518	97.456385	99.649317	C3	64	92	1	-3
519	97.782472	97.960461	D#5	64	94	0	1
520	97.782472	98.241710	G3	64	81	1	-1
521	98.108558	98.313721	D#5	64	96	0	1
522	98.108558	98.404754	C4	64	86	0	1
523	98.108558	98.442797	D#4	64	89	0	4
524	98.434645	98.623503	C5	64	95	0	3
525	98.434645	98.854481	G3	64	76	1	-1
526	98.760731	99.009372	A#4	64	96	0	1
527	98.760731	99.018883	C4	64	93	0	1
528	98.760731	99.040622	G4	64	93	0	3
529	99.086818	99.645241	C5	64	93	0	3
530	99.086818	99.472687	G3	64	73	1	-1
531	99.412904	99.555567	C4	64	94	0	1
532	99.412904	99.662904	D#4	64	95	0	4
533	99.738991	99.987632	G4	64	93	0	3
534	99.738991	99.912904	C4	64	93	0	1
535	100.065077	101.753934	F4	64	94	0	1
536	100.065077	100.283827	F3	64	92	1	-3
537	100.065077	100.378936	C4	64	93	0	1
538	100.065077	100.491707	F4	64	94	0	1
539	100.391164	102.172411	F3	64	89	1	-3
540	100.717250	101.142521	F4	64	93	0	1
541	100.717250	101.156108	G#4	64	94	0	4
542	101.043337	101.487630	C4	64	83	0	1
543	101.369423	101.771597	C5	64	94	0	3
544	101.369423	101.824586	G#4	64	93	0	4
545	101.369423	101.851760	F4	64	93	0	1
546	101.695510	102.100401	C4	64	71	0	1
547	102.021596	102.251216	F4	64	96	0	1
548	102.021596	102.177846	F4	64	97	0	1
549	102.021596	102.392520	G#4	64	96	0	4
550	102.347683	102.581378	G#4	64	93	0	4
551	102.347683	102.475400	F4	64	95	0	1
552	102.673769	102.883008	A#4	64	93	0	1
553	102.673769	103.128932	C#4	64	89	0	2
554	102.673769	103.139801	A#3	64	87	1	-3
555	102.673769	104.698223	A#2	64	92	1	-5
556	102.999856	103.162899	A#4	64	94	0	1
557	102.999856	103.415616	F3	64	84	1	-3
558	103.325942	103.555562	A#4	64	93	0	1
559	103.325942	103.700942	C#4	64	93	0	2
560	103.325942	103.709094	A#3	64	91	1	-3
561	103.652029	103.870778	G#4	64	94	0	4
562	103.652029	104.058278	F3	64	83	1	-3
563	103.978115	104.194148	A#4	64	96	0	1
564	103.978115	104.249854	F4	64	97	0	1
565	103.978115	104.316430	A#3	64	93	1	-3
566	104.304202	104.785179	G#5	64	92	0	1
567	104.304202	104.699582	F3	64	84	1	-3
568	104.630288	104.740342	A#3	64	94	1	-3
569	104.630288	104.840886	C#4	64	98	0	2
570	104.956375	105.207733	F5	64	92	0	3
571	104.956375	105.035179	A#3	64	92	1	-3
572	105.282461	106.809633	D#5	64	96	0	1
573	105.282461	105.707732	D#4	64	88	0	4
574	105.282461	105.722678	G4	64	88	0	3
575	105.282461	107.842240	D#3	64	97	1	-5
576	105.608548	106.002569	A#3	64	86	1	-3
577	105.934634	106.230830	G4	64	94	0	3
578	105.934634	106.281101	A#4	64	94	0	1
579	105.934634	106.290612	D#4	64	94	0	4
580	106.260721	106.679198	A#3	64	82	1	-3
581	106.586807	106.946861	D#5	64	101	0	1
582	106.586807	107.165611	D#4	64	98	0	4
583	106.912894	107.334089	A#3	64	87	1	-3
584	107.238980	107.370774	F4	64	108	0	1
585	107.238980	107.287893	D#4	64	76	0	4
586	107.238980	107.533817	C#5	64	98	0	4
587	107.565067	107.733545	G#4	64	93	0	4
588	107.565067	107.859903	C5	64	98	0	3
589	107.565067	107.878925	A#3	64	86	1	-3
590	107.891153	108.071860	A#4	64	93	0	1
591	107.891153	108.404740	C#4	64	89	0	2
592	107.891153	108.407457	A#3	64	86	1	-3
593	107.891153	108.703652	A#2	64	93	1	-5
594	108.217240	108.395229	A#4	64	92	0	1
595	108.217240	108.684630	F3	64	82	1	-3
596	108.543326	108.743054	A#4	64	93	0	1
597	108.543326	108.675120	A#3	64	91	1	-3
598	108.543326	108.916967	C#4	64	93	0	2
599	108.869413	109.109902	C5	64	93	0	3
600	108.869413	108.984902	A#3	64	86	1	-3
601	109.195499	109.480825	D#5	64	98	0	1
602	109.195499	109.660173	D#4	64	82	0	4
603	109.195499	109.699575	G4	64	88	0	3
604	109.195499	109.971313	D#3	64	94	1	-5
605	109.521586	109.949574	C5	64	93	0	3
606	109.521586	109.908814	A#3	64	84	1	-3
607	109.847672	110.278378	D#4	64	92	0	4
608	110.173759	110.499845	A#4	64	94	0	1
609	110.173759	110.357182	G4	64	92	0	3
610	110.499845	112.976744	G#4	64	92	0	4
611	110.499845	110.631639	G#2	64	92	1	-2
612	110.499845	111.336801	G#4	64	84	0	4
613	110.825932	113.169679	D#3	64	89	1	-5
614	111.152018	113.135711	C4	64	87	0	1
615	111.478105	111.857180	D#4	64	86	0	4
616	111.804191	112.313701	C5	64	90	0	3
617	112.130278	112.324571	D#4	64	77	0	4
618	112.456364	112.646581	D#4	64	87	0	4
619	113.108537	113.143863	G#4	64	84	0	4
620	113.108537	113.153374	D#4	64	85	0	4
621	113.108537	115.213154	G#2	64	88	1	-2
622	113.434624	115.124839	D#3	64	80	1	-5
623	113.760710	114.206362	D#4	64	88	0	4
624	114.086797	114.245764	G#4	64	74	0	4
625	114.412883	114.608535	D#4	64	87	0	4
626	114.412883	114.638426	C5	64	90	0	3
627	115.065056	115.120763	D#4	64	72	0	4
628	115.065056	115.527012	G#4	64	81	0	4
629	115.391143	115.673751	D#4	64	75	0	4
630	115.717229	116.165598	G#4	64	85	0	4
631	115.717229	117.896574	F3	64	94	1	-3
632	116.043316	116.427826	C4	64	81	0	1
633	116.369402	116.760706	F4	64	94	0	1
634	116.695489	117.122119	C4	64	81	0	1
635	117.021575	117.277010	C5	64	89	0	3
636	117.021575	117.296031	F4	64	92	0	1
637	117.347662	117.824563	C4	64	60	0	1
638	117.673748	117.762063	F4	64	88	0	1
639	117.673748	117.950922	G#4	64	88	0	4
640	118.325921	118.637062	A#3	64	84	1	-3
641	118.325921	118.706356	A#4	64	90	0	1
642	118.325921	120.248473	A#2	64	93	1	-5
643	118.652008	119.088148	F3	64	85	1	-3
644	118.978094	119.291953	F4	64	86	0	1
645	118.978094	119.339507	A#3	64	81	1	-3
646	119.304181	119.755267	F3	64	71	1	-3
647	119.630267	120.021571	C#4	64	79	0	2
648	119.630267	120.081354	A#3	64	84	1	-3
649	119.956354	120.237603	F3	64	80	1	-3
650	120.282440	120.403364	A#3	64	90	1	-3
651	120.282440	120.760700	F4	64	93	0	1
652	120.608527	120.863961	A#3	64	85	1	-3
653	120.934613	123.135697	D#3	64	94	1	-5
654	121.260700	122.301459	A#3	64	81	1	-3
655	121.586786	121.931895	D#4	64	94	0	4
656	121.912873	122.048742	F4	64	96	0	1
657	122.238959	122.486242	G4	64	93	0	3
658	122.238959	122.675100	D#4	64	92	0	4
659	122.565046	123.067762	A#3	64	82	1	-3
660	122.891132	123.060969	D#4	64	89	0	4
661	122.891132	123.313686	G4	64	92	0	3
662	122.891132	123.499827	A#4	64	92	0	1
663	123.217219	123.536512	D#4	64	96	0	4
664	123.543305	123.930533	D#4	64	88	0	4
665	123.543305	124.086783	G#4	64	85	0	4
666	123.543305	125.585422	G#2	64	88	1	-2
667	123.869392	124.283793	D#3	64	80	1	-5
668	124.195478	124.639771	D#4	64	103	0	4
669	124.521565	125.041945	D#3	64	82	1	-5
670	124.847651	124.889771	D#4	64	78	0	4
671	124.847651	125.255259	G#4	64	93	0	4
672	124.847651	125.274281	C5	64	93	0	3
673	125.173738	125.290585	D#4	64	87	0	4
674	125.499824	125.641128	D#4	64	88	0	4
675	125.499824	125.986237	G#4	64	90	0	4
676	125.825911	125.946835	D#4	64	80	0	4
677	126.151997	126.851725	G#4	64	87	0	4
678	126.151997	128.225364	F3	64	94	1	-3
679	126.478084	126.881616	C4	64	83	0	1
680	126.804170	127.263409	F4	64	98	0	1
681	127.130257	127.520202	C4	64	79	0	1
682	127.456343	127.651995	F4	64	96	0	1
683	127.456343	127.721289	C5	64	92	0	3
684	127.782430	128.134331	C4	64	77	0	1
685	128.108516	128.247103	F4	64	94	0	1
686	128.108516	128.354440	G#4	64	94	0	4
687	128.434603	128.671016	F4	64	97	0	1
688	128.760689	129.173732	F4	64	92	0	1
689	128.760689	129.177808	A#4	64	88	0	1
690	128.760689	129.551449	A#2	64	92	1	-5
691	129.086776	129.459058	F3	64	83	1	-3
692	129.412862	129.533786	F4	64	97	0	1
693	129.412862	129.823188	C#5	64	88	0	4
694	129.738949	129.938677	F4	64	89	0	1
695	130.065035	130.558241	A#4	64	92	0	1
696	130.065035	130.789219	D#3	64	88	1	-5
697	130.391122	130.740306	A#3	64	82	1	-3
698	130.717208	130.901991	D#4	64	95	0	4
699	131.043295	131.366664	F4	64	95	0	1
700	131.369381	131.734870	G#4	64	85	0	4
701	131.369381	133.829976	G#2	64	92	1	-2
702	131.695468	133.757965	D#3	64	78	1	-5
703	132.021554	132.237587	G#3	64	87	1	-5
704	132.347641	132.463130	A#3	64	93	1	-3
705	132.673727	132.959053	C4	64	91	0	1
706	132.999814	133.425085	D#4	64	95	0	4
707	133.325900	133.937312	G#4	64	82	0	4
708	133.978073	134.169649	D#4	64	94	0	4
709	133.978073	136.340842	G#2	64	91	1	-2
710	134.304160	134.476714	D#4	64	93	0	4
711	134.304160	136.354429	D#3	64	85	1	-5
712	134.630246	134.869376	D#4	64	93	0	4
713	134.630246	134.855789	A#3	64	86	1	-3
714	134.956333	135.194104	F4	64	94	0	1
715	134.956333	135.427800	C4	64	94	0	1
716	135.282419	136.173722	G#4	64	89	0	4
717	135.608506	135.798723	G#3	64	86	1	-5
718	135.608506	135.798723	D#4	64	92	0	4
719	136.260679	136.539211	F4	64	94	0	1
720	136.586765	138.645186	D#4	64	93	0	4
721	136.586765	139.116653	G#2	64	91	1	-2
722	136.912852	139.035131	D#3	64	81	1	-5
723	137.238938	137.483503	A#3	64	83	1	-3
724	137.565025	138.088122	C4	64	88	0	1
725	137.565025	138.108502	G#3	64	89	1	-5
726	138.217198	139.312305	G#3	64	88	1	-5
727	138.217198	139.411490	D#4	64	92	0	4
728	139.195457	139.384316	D#4	64	94	0	4
729	139.195457	141.525617	G#2	64	92	1	-2
730	139.521544	139.698174	D#4	64	93	0	4
731	139.521544	141.509313	D#3	64	83	1	-5
732	139.847630	140.047358	D#4	64	94	0	4
733	139.847630	140.085402	A#3	64	86	1	-3
734	140.173717	140.373445	F4	64	96	0	1
735	140.173717	140.677792	C4	64	86	0	1
736	140.173717	140.696814	G#3	64	88	1	-5
737	140.499803	140.865292	D#5	64	96	0	1
738	140.825890	141.079966	G#3	64	88	1	-5
739	140.825890	141.690019	C4	64	93	0	1
740	140.825890	141.785128	D#4	64	92	0	4
741	140.988933	141.304150	C5	64	93	0	3
742	141.478063	141.729421	G#4	64	92	0	4
743	141.804149	143.271539	A#4	64	90	0	1
744	141.804149	144.270178	D#3	64	96	1	-5
745	142.130236	142.912843	A#3	64	78	1	-3
746	142.456322	142.847626	D#4	64	86	0	4
747	142.782409	143.301430	F4	64	95	0	1
748	143.108495	143.548712	A#3	64	80	1	-3
749	143.434582	143.816375	D#4	64	92	0	4
750	143.434582	144.377515	G4	64	94	0	3
751	143.760668	143.991646	A#4	64	90	0	1
752	143.760668	144.286483	A#3	64	85	1	-3
753	144.086755	144.275613	C5	64	95	0	3
754	144.086755	144.395178	D#4	64	88	0	4
755	144.412841	145.240286	D#5	64	99	0	1
756	144.412841	146.520175	C3	64	92	1	-3
757	144.738928	145.255231	C4	64	92	0	1
758	145.065014	145.427786	D#4	64	93	0	4
759	145.391101	145.596264	F5	64	94	0	3
760	145.391101	146.259306	G4	64	90	0	3
761	145.717187	145.915557	F5	64	98	0	3
762	146.043274	146.206317	D#5	64	98	0	1
763	146.043274	146.464469	G3	64	57	1	-1
764	146.369360	146.600338	C5	64	98	0	3
765	146.369360	146.495719	C4	64	91	0	1
766	146.369360	146.862566	D#4	64	94	0	4
767	146.695447	146.910120	D#5	64	97	0	1
768	146.695447	146.957675	C4	64	86	0	1
769	147.021533	147.839467	A#4	64	96	0	1
770	147.021533	147.388381	F4	64	89	0	1
771	147.021533	148.183216	F3	64	95	1	-3
772	147.347620	147.971260	C4	64	82	0	1
773	147.673706	147.944086	F4	64	96	0	1
774	147.999793	148.262021	G#4	64	88	0	4
775	148.325879	149.077237	F4	64	98	0	1
776	148.325879	149.393813	D2	64	83	1	-3
777	148.325879	149.502508	D4	64	81	0	3
778	148.325879	149.514736	F4	64	91	0	1
779	148.325879	149.532399	G#4	64	85	0	4
780	149.630225	149.787834	A#4	64	96	0	1
781	149.630225	150.060931	A#3	64	84	1	-3
782	149.630225	150.306855	C#4	64	85	0	2
783	149.630225	152.018809	A#2	64	92	1	-5
784	149.956312	150.123431	A#4	64	93	0	1
785	149.956312	151.054136	F3	64	80	1	-3
786	150.282398	150.459028	A#4	64	93	0	1
787	150.282398	150.518811	A#3	64	92	1	-3
788	150.608485	150.812289	C5	64	94	0	3
789	150.608485	151.367995	C#4	64	92	0	2
790	150.608485	151.374788	A#3	64	88	1	-3
791	150.934571	151.430495	A#4	64	96	0	1
792	151.260658	152.003863	F3	64	74	1	-3
793	151.586744	151.778320	G#4	64	92	0	4
794	151.586744	151.819081	A#3	64	91	1	-3
795	151.586744	151.866635	C#4	64	93	0	2
796	151.586744	151.877505	F4	64	96	0	1
797	151.912831	152.138374	F4	64	97	0	1
798	152.238917	154.308208	D#4	64	96	0	4
799	152.238917	152.419624	A#3	64	86	1	-3
800	152.238917	152.713101	D#4	64	91	0	4
801	152.238917	154.575871	D#3	64	92	1	-5
802	152.565004	153.228046	A#3	64	77	1	-3
803	152.891090	153.252503	D#4	64	67	0	4
804	153.217177	153.392448	F4	64	94	0	1
805	153.543263	153.713100	G4	64	94	0	3
806	153.869350	154.126143	F4	64	94	0	1
807	154.195436	154.425056	D#4	64	91	0	4
808	154.521523	154.646523	C#4	64	86	0	2
809	154.847609	155.039185	D#4	64	94	0	4
810	154.847609	157.210378	G#2	64	91	1	-2
811	155.173696	155.346250	D#4	64	93	0	4
812	155.173696	157.223965	D#3	64	85	1	-5
813	155.499782	155.738912	D#4	64	93	0	4
814	155.499782	155.725325	A#3	64	86	1	-3
815	155.825869	156.063640	F4	64	94	0	1
816	155.825869	156.297336	C4	64	94	0	1
817	156.151955	157.043258	G#4	64	89	0	4
818	156.478042	156.668259	G#3	64	86	1	-5
819	156.478042	156.668259	D#4	64	92	0	4
820	157.130215	157.408747	F4	64	94	0	1
821	157.456301	159.514722	D#4	64	93	0	4
822	157.456301	159.986189	G#2	64	91	1	-2
823	157.782388	159.904667	D#3	64	81	1	-5
824	158.108474	158.353039	A#3	64	83	1	-3
825	158.434561	158.957658	C4	64	88	0	1
826	158.434561	158.978038	G#3	64	89	1	-5
827	159.086734	160.181841	G#3	64	88	1	-5
828	159.086734	160.281026	D#4	64	92	0	4
829	160.064993	160.253852	D#4	64	94	0	4
830	160.064993	162.395153	G#2	64	92	1	-2
831	160.391080	160.567710	D#4	64	93	0	4
832	160.391080	162.378849	D#3	64	83	1	-5
833	160.717166	160.916894	D#4	64	94	0	4
834	160.717166	160.954938	A#3	64	86	1	-3
835	161.043253	161.242981	F4	64	96	0	1
836	161.043253	161.547328	C4	64	86	0	1
837	161.043253	161.566350	G#3	64	88	1	-5
838	161.369339	161.734828	D#5	64	96	0	1
839	161.695426	161.949502	G#3	64	88	1	-5
840	161.695426	162.559555	C4	64	93	0	1
841	161.695426	162.654664	D#4	64	92	0	4
842	161.858469	162.173686	C5	64	93	0	3
843	162.347599	162.598957	G#4	64	92	0	4
844	162.673685	164.141075	A#4	64	90	0	1
845	162.673685	165.139714	D#3	64	96	1	-5
846	162.999772	163.782379	A#3	64	78	1	-3
847	163.325858	163.717162	D#4	64	86	0	4
848	163.651945	164.170966	F4	64	95	0	1
849	163.978031	164.418248	A#3	64	80	1	-3
850	164.304118	164.685911	D#4	64	92	0	4
851	164.304118	165.247051	G4	64	94	0	3
852	164.630204	164.861182	A#4	64	90	0	1
853	164.630204	165.156019	A#3	64	85	1	-3
854	164.956291	165.145149	C5	64	95	0	3
855	164.956291	165.264714	D#4	64	88	0	4
856	165.282377	166.260637	D#5	64	99	0	1
857	165.282377	167.389711	C3	64	92	1	-3
858	165.608464	166.124767	C4	64	92	0	1
859	165.934550	166.297322	D#4	64	93	0	4
860	166.260637	166.465800	F5	64	94	0	3
861	166.260637	167.128842	G4	64	90	0	3
862	166.586723	166.785093	F5	64	98	0	3
863	166.912810	167.075853	D#5	64	98	0	1
864	166.912810	167.334005	G3	64	57	1	-1
865	167.238896	167.469874	C5	64	98	0	3
866	167.238896	167.365255	C4	64	91	0	1
867	167.238896	167.732102	D#4	64	94	0	4
868	167.564983	167.779656	D#5	64	97	0	1
869	167.564983	167.827211	C4	64	86	0	1
870	167.891069	168.709003	A#4	64	96	0	1
871	167.891069	168.257917	F4	64	89	0	1
872	167.891069	169.052752	F3	64	95	1	-3
873	168.217156	168.840796	C4	64	82	0	1
874	168.543242	168.813622	F4	64	96	0	1
875	168.869329	169.131557	G#4	64	88	0	4
876	169.195415	169.946773	F4	64	98	0	1
877	169.195415	170.263349	D2	64	83	1	-3
878	169.195415	170.372044	D4	64	81	0	3
879	169.195415	170.384272	F4	64	91	0	1
880	169.195415	170.401935	G#4	64	85	0	4
881	170.499761	170.657370	A#4	64	96	0	1
882	170.499761	170.857098	C#4	64	87	0	2
883	170.499761	170.876119	A#3	64	86	1	-3
884	170.499761	171.233456	A#2	64	92	1	-5
885	170.825848	170.992967	A#4	64	93	0	1
886	170.825848	171.228021	F3	64	87	1	-3
887	171.151934	171.328564	A#4	64	93	0	1
888	171.151934	171.211717	A#3	64	84	1	-3
889	171.151934	171.571771	C#4	64	94	0	2
890	171.478021	171.681825	C5	64	94	0	3
891	171.478021	171.751118	A#3	64	92	1	-3
892	171.804107	172.300031	A#4	64	96	0	1
893	171.804107	172.108455	D#4	64	90	0	4
894	171.804107	172.571769	D#3	64	94	1	-5
895	172.130194	172.498400	A#3	64	81	1	-3
896	172.456280	172.647856	G#4	64	92	0	4
897	172.456280	172.839432	D#4	64	95	0	4
898	172.782367	173.007910	F4	64	97	0	1
899	172.782367	173.007910	F4	64	93	0	1
900	173.108453	175.177744	G#4	64	96	0	4
901	173.108453	173.214431	G#2	64	92	1	-2
902	173.108453	173.755192	D#4	64	87	0	4
903	173.108453	173.816333	G#4	64	86	0	4
904	173.434540	175.608450	D#3	64	88	1	-5
905	173.760626	175.562254	C4	64	93	0	1
906	174.086713	174.291876	D#4	64	93	0	4
907	174.412799	174.589429	D#4	64	93	0	4
908	174.412799	174.665516	C5	64	94	0	3
909	174.738886	175.130190	D#4	64	88	0	4
910	174.738886	175.146494	A#4	64	97	0	1
911	175.064972	175.463070	G#4	64	93	0	4
912	175.391059	175.620678	D#4	64	86	0	4
913	175.717145	175.933178	D#5	64	108	0	1
914	175.717145	176.028286	D#4	64	89	0	4
915	175.717145	176.147851	G#4	64	88	0	4
916	175.717145	177.391056	G#2	64	88	1	-2
917	176.043232	176.535079	D#5	64	103	0	1
918	176.043232	176.540514	D#3	64	85	1	-5
919	176.369318	176.560894	D#4	64	82	0	4
920	176.369318	176.783720	G#4	64	84	0	4
921	176.695405	176.925024	F5	64	97	0	3
922	176.695405	176.862524	D#4	64	81	0	4
923	176.695405	177.336708	D#3	64	79	1	-5
924	177.021491	177.555458	G#5	64	94	0	1
925	177.021491	177.157361	D#4	64	93	0	4
926	177.021491	177.399208	C5	64	98	0	3
927	177.021491	177.463067	G#4	64	93	0	4
928	177.347578	177.497034	D#4	64	64	0	4
929	177.673664	178.222577	F5	64	98	0	3
930	177.673664	177.789153	G#4	64	87	0	4
931	177.673664	177.813610	D#4	64	91	0	4
932	178.325837	180.320400	D#5	64	99	0	1
933	178.325837	178.759261	C4	64	87	0	1
934	178.325837	178.848934	D#4	64	92	0	4
935	178.325837	180.586704	C3	64	92	1	-3
936	178.651924	179.115238	G3	64	72	1	-1
937	178.978010	179.208988	C4	64	84	0	1
938	178.978010	179.343499	D#4	64	87	0	4
939	179.304097	179.721216	G3	64	75	1	-1
940	179.630183	180.044585	G4	64	92	0	3
941	179.630183	180.079911	C4	64	88	0	1
942	179.630183	180.083987	D#4	64	93	0	4
943	179.956270	180.404639	G3	64	64	1	-1
944	180.282356	180.418226	C4	64	92	0	1
945	180.282356	180.723932	D#4	64	94	0	4
946	180.282356	180.733443	G4	64	93	0	3
947	180.608443	180.823116	C4	64	87	0	1
948	180.934529	181.128823	F5	64	96	0	3
949	180.934529	181.032355	F2	64	94	1	-5
950	180.934529	181.445398	G#4	64	91	0	4
951	180.934529	181.460344	F4	64	92	0	1
952	181.260616	181.434529	F5	64	93	0	3
953	181.260616	183.033711	F3	64	93	1	-3
954	181.586702	181.817680	F5	64	96	0	3
955	181.586702	181.838061	F4	64	92	0	1
956	181.586702	181.937245	G#4	64	92	0	4
957	181.912789	182.126104	D#5	64	98	0	1
958	181.912789	182.313603	C4	64	81	0	1
959	182.238875	182.757896	C5	64	98	0	3
960	182.238875	182.581266	C5	64	93	0	3
961	182.238875	182.636973	G#4	64	91	0	4
962	182.238875	182.662788	F4	64	92	0	1
963	182.564962	182.986157	C4	64	70	0	1
964	182.891048	183.105722	F4	64	96	0	1
965	182.891048	183.011972	F4	64	95	0	1
966	182.891048	183.279635	G#4	64	94	0	4
967	183.217135	183.415504	G#4	64	93	0	4
968	183.217135	183.479363	F4	64	88	0	1
969	183.543221	185.173654	A#4	64	93	0	1
970	183.543221	183.995666	D#4	64	87	0	4
971	183.543221	184.028275	G4	64	88	0	3
972	183.543221	184.177731	A#4	64	91	0	1
973	183.543221	185.673653	D#3	64	94	1	-5
974	183.869308	184.263329	A#3	64	79	1	-3
975	184.195394	184.526916	D#4	64	93	0	4
976	184.521481	185.011969	A#3	64	73	1	-3
977	184.847567	185.252458	A#4	64	93	0	1
978	184.847567	185.313599	D#4	64	93	0	4
979	184.847567	185.317675	G4	64	94	0	3
980	185.173654	185.570392	A#3	64	81	1	-3
981	185.499740	185.706262	A#4	64	98	0	1
982	185.499740	185.672294	D#4	64	93	0	4
983	185.499740	185.847566	D#5	64	96	0	1
984	185.499740	185.888327	G4	64	94	0	3
985	185.825827	186.030990	C5	64	98	0	3
986	185.825827	185.942674	D#4	64	94	0	4
987	186.151913	186.335337	D#5	64	97	0	1
988	186.151913	186.647837	C4	64	87	0	1
989	186.151913	186.673652	D#4	64	92	0	4
990	186.151913	188.344845	C3	64	92	1	-3
991	186.478000	186.650554	D#5	64	101	0	1
992	186.478000	186.937238	G3	64	81	1	-1
993	186.804086	186.977999	D#5	64	96	0	1
994	186.804086	187.100282	C4	64	86	0	1
995	186.804086	187.138325	D#4	64	89	0	4
996	187.130173	187.319031	C5	64	93	0	3
997	187.130173	187.550009	G3	64	76	1	-1
998	187.456259	187.675009	A#4	64	96	0	1
999	187.456259	187.714411	C4	64	93	0	1
1000	187.456259	187.736150	G4	64	93	0	3
1001	187.782346	188.283704	C5	64	96	0	3
1002	187.782346	188.168215	G3	64	73	1	-1
1003	188.108432	188.251095	C4	64	94	0	1
1004	188.108432	188.358432	D#4	64	95	0	4
1005	188.434519	188.660062	G4	64	93	0	3
1006	188.434519	188.608432	C4	64	93	0	1
1007	188.760605	190.405983	F4	64	96	0	1
1008	188.760605	188.979355	F3	64	92	1	-3
1009	188.760605	189.074464	C4	64	93	0	1
1010	188.760605	189.187235	F4	64	94	0	1
1011	189.086692	190.867939	F3	64	89	1	-3
1012	189.412778	189.838049	F4	64	93	0	1
1013	189.412778	189.851636	G#4	64	94	0	4
1014	189.738865	190.183158	C4	64	83	0	1
1015	190.064951	190.467125	C5	64	94	0	3
1016	190.064951	190.520114	G#4	64	93	0	4
1017	190.064951	190.547288	F4	64	93	0	1
1018	190.391038	190.795929	C4	64	71	0	1
1019	190.717124	190.905983	F4	64	103	0	1
1020	190.717124	190.873374	F4	64	97	0	1
1021	190.717124	191.088048	G#4	64	96	0	4
1022	191.043211	191.237504	G#4	64	93	0	4
1023	191.043211	191.170928	F4	64	95	0	1
1024	191.369297	191.559514	A#4	64	94	0	1
1025	191.369297	191.824460	C#4	64	89	0	2
1026	191.369297	191.835329	A#3	64	87	1	-3
1027	191.369297	193.393751	A#2	64	92	1	-5
1028	191.695384	191.878807	A#4	64	94	0	1
1029	191.695384	192.111144	F3	64	84	1	-3
1030	192.021470	192.215764	A#4	64	94	0	1
1031	192.021470	192.396470	C#4	64	93	0	2
1032	192.021470	192.404622	A#3	64	91	1	-3
1033	192.347557	192.536415	C5	64	94	0	3
1034	192.347557	192.753806	F3	64	83	1	-3
1035	192.673643	192.907339	A#4	64	95	0	1
1036	192.673643	192.945382	F4	64	97	0	1
1037	192.673643	193.011958	A#3	64	93	1	-3
1038	192.999730	193.543207	G#5	64	94	0	1
1039	192.999730	193.395110	F3	64	84	1	-3
1040	193.325816	193.435870	A#3	64	94	1	-3
1041	193.325816	193.536414	C#4	64	98	0	2
1042	193.651903	193.866576	F5	64	94	0	3
1043	193.651903	193.730707	A#3	64	92	1	-3
1044	193.977989	195.869291	D#5	64	99	0	1
1045	193.977989	194.403260	D#4	64	88	0	4
1046	193.977989	194.418206	G4	64	88	0	3
1047	193.977989	196.537768	D#3	64	97	1	-5
1048	194.304076	194.698097	A#3	64	86	1	-3
1049	194.630162	194.926358	G4	64	94	0	3
1050	194.630162	194.976629	A#4	64	94	0	1
1051	194.630162	194.986140	D#4	64	94	0	4
1052	194.956249	195.374726	A#3	64	82	1	-3
1053	195.282335	195.642389	D#5	64	101	0	1
1054	195.282335	195.861139	D#4	64	98	0	4
1055	195.608422	196.029617	A#3	64	87	1	-3
1056	195.934508	195.983421	D#4	64	76	0	4
1057	195.934508	196.579888	C#5	64	98	0	4
1058	196.260595	196.574453	A#3	64	86	1	-3
1059	196.586681	196.760594	D#5	64	98	0	1
1060	196.586681	196.897822	D#4	64	89	0	4
1061	196.586681	197.017387	G#4	64	88	0	4
1062	196.586681	198.260592	G#2	64	88	1	-2
1063	196.912768	197.404615	D#5	64	108	0	1
1064	196.912768	197.410050	D#3	64	85	1	-5
1065	197.238854	197.430430	D#4	64	82	0	4
1066	197.238854	197.653256	G#4	64	84	0	4
1067	197.564941	197.793201	F5	64	96	0	3
1068	197.564941	197.732060	D#4	64	81	0	4
1069	197.564941	198.206244	D#3	64	79	1	-5
1070	197.891027	198.429070	G#5	64	92	0	1
1071	197.891027	198.026897	D#4	64	93	0	4
1072	197.891027	198.268744	C5	64	98	0	3
1073	197.891027	198.332603	G#4	64	93	0	4
1074	198.217114	198.366570	D#4	64	64	0	4
1075	198.543200	199.130156	F5	64	93	0	3
1076	198.543200	198.658689	G#4	64	87	0	4
1077	198.543200	198.683146	D#4	64	91	0	4
1078	199.195373	200.972545	D#5	64	94	0	1
1079	199.195373	199.628797	C4	64	87	0	1
1080	199.195373	199.718470	D#4	64	92	0	4
1081	199.195373	201.456240	C3	64	92	1	-3
1082	199.521460	199.984774	G3	64	72	1	-1
1083	199.847546	200.078524	C4	64	84	0	1
1084	199.847546	200.213035	D#4	64	87	0	4
1085	200.173633	200.590752	G3	64	75	1	-1
1086	200.499719	200.914121	G4	64	92	0	3
1087	200.499719	200.949447	C4	64	88	0	1
1088	200.499719	200.953523	D#4	64	93	0	4
1089	200.825806	201.274175	G3	64	64	1	-1
1090	201.151892	201.287762	C4	64	92	0	1
1091	201.151892	201.593468	D#4	64	94	0	4
1092	201.151892	201.602979	G4	64	93	0	3
1093	201.477979	201.692652	C4	64	87	0	1
1094	201.804065	201.982054	F5	64	93	0	3
1095	201.804065	201.901891	F2	64	94	1	-5
1096	201.804065	202.314934	G#4	64	91	0	4
1097	201.804065	202.329880	F4	64	92	0	1
1098	202.130152	202.309499	F5	64	93	0	3
1099	202.130152	203.903247	F3	64	93	1	-3
1100	202.456238	202.649173	F5	64	99	0	3
1101	202.456238	202.707597	F4	64	92	0	1
1102	202.456238	202.806781	G#4	64	92	0	4
1103	202.782325	202.982053	D#5	64	96	0	1
1104	202.782325	203.183139	C4	64	81	0	1
1105	203.108411	203.600258	C5	64	96	0	3
1106	203.108411	203.450802	C5	64	93	0	3
1107	203.108411	203.506509	G#4	64	91	0	4
1108	203.108411	203.532324	F4	64	92	0	1
1109	203.434498	203.855693	C4	64	70	0	1
1110	203.760584	203.971182	F4	64	99	0	1
1111	203.760584	203.881508	F4	64	95	0	1
1112	203.760584	204.149171	G#4	64	94	0	4
1113	204.086671	204.342105	G#4	64	94	0	4
1114	204.086671	204.348899	F4	64	88	0	1
1115	204.412757	206.339385	A#4	64	93	0	1
1116	204.412757	204.865202	D#4	64	87	0	4
1117	204.412757	204.897811	G4	64	88	0	3
1118	204.412757	205.047267	A#4	64	91	0	1
1119	204.412757	206.543189	D#3	64	94	1	-5
1120	204.738844	205.132865	A#3	64	79	1	-3
1121	205.064930	205.396452	D#4	64	93	0	4
1122	205.391017	205.881505	A#3	64	73	1	-3
1123	205.717103	206.121994	A#4	64	93	0	1
1124	205.717103	206.183135	D#4	64	93	0	4
1125	205.717103	206.187211	G4	64	94	0	3
1126	206.043190	206.439928	A#3	64	81	1	-3
1127	206.369276	206.615200	A#4	64	94	0	1
1128	206.369276	206.541830	D#4	64	93	0	4
1129	206.369276	206.717102	D#5	64	96	0	1
1130	206.369276	206.757863	G4	64	94	0	3
1131	206.695363	206.916830	C5	64	94	0	3
1132	206.695363	206.812210	D#4	64	94	0	4
1133	207.021449	207.217101	D#5	64	94	0	1
1134	207.021449	207.517373	C4	64	87	0	1
1135	207.021449	207.543188	D#4	64	92	0	4
1136	207.021449	209.214381	C3	64	92	1	-3
1137	207.347536	207.525525	D#5	64	94	0	1
1138	207.347536	207.806774	G3	64	81	1	-1
1139	207.673622	207.878785	D#5	64	96	0	1
1140	207.673622	207.969818	C4	64	86	0	1
1141	207.673622	208.007861	D#4	64	89	0	4
1142	207.999709	208.188567	C5	64	95	0	3
1143	207.999709	208.419545	G3	64	76	1	-1
1144	208.325795	208.574436	A#4	64	96	0	1
1145	208.325795	208.583947	C4	64	93	0	1
1146	208.325795	208.605686	G4	64	93	0	3
1147	208.651882	209.210305	C5	64	93	0	3
1148	208.651882	209.037751	G3	64	73	1	-1
1149	208.977968	209.120631	C4	64	94	0	1
1150	208.977968	209.227968	D#4	64	95	0	4
1151	209.304055	209.552696	G4	64	93	0	3
1152	209.304055	209.477968	C4	64	93	0	1
1153	209.630141	211.318998	F4	64	94	0	1
1154	209.630141	209.848891	F3	64	92	1	-3
1155	209.630141	209.944000	C4	64	93	0	1
1156	209.630141	210.056771	F4	64	94	0	1
1157	209.956228	211.737475	F3	64	89	1	-3
1158	210.282314	210.707585	F4	64	93	0	1
1159	210.282314	210.721172	G#4	64	94	0	4
1160	210.608401	211.052694	C4	64	83	0	1
1161	210.934487	211.336661	C5	64	94	0	3
1162	210.934487	211.389650	G#4	64	93	0	4
1163	210.934487	211.416824	F4	64	93	0	1
1164	211.260574	211.665465	C4	64	71	0	1
1165	211.586660	211.816280	F4	64	96	0	1
1166	211.586660	211.742910	F4	64	97	0	1
1167	211.586660	211.957584	G#4	64	96	0	4
1168	211.912747	212.146442	G#4	64	93	0	4
1169	211.912747	212.040464	F4	64	95	0	1
1170	212.238833	212.448072	A#4	64	93	0	1
1171	212.238833	212.693996	C#4	64	89	0	2
1172	212.238833	212.704865	A#3	64	87	1	-3
1173	212.238833	214.263287	A#2	64	92	1	-5
1174	212.564920	212.727963	A#4	64	94	0	1
1175	212.564920	212.980680	F3	64	84	1	-3
1176	212.891006	213.120626	A#4	64	93	0	1
1177	212.891006	213.266006	C#4	64	93	0	2
1178	212.891006	213.274158	A#3	64	91	1	-3
1179	213.217093	213.435842	G#4	64	94	0	4
1180	213.217093	213.623342	F3	64	83	1	-3
1181	213.543179	213.759212	A#4	64	96	0	1
1182	213.543179	213.814918	F4	64	97	0	1
1183	213.543179	213.881494	A#3	64	93	1	-3
1184	213.869266	214.350243	G#5	64	92	0	1
1185	213.869266	214.264646	F3	64	84	1	-3
1186	214.195352	214.305406	A#3	64	94	1	-3
1187	214.195352	214.405950	C#4	64	98	0	2
1188	214.521439	214.772797	F5	64	92	0	3
1189	214.521439	214.600243	A#3	64	92	1	-3
1190	214.847525	216.374697	D#5	64	96	0	1
1191	214.847525	215.272796	D#4	64	88	0	4
1192	214.847525	215.287742	G4	64	88	0	3
1193	214.847525	217.407304	D#3	64	97	1	-5
1194	215.173612	215.567633	A#3	64	86	1	-3
1195	215.499698	215.795894	G4	64	94	0	3
1196	215.499698	215.846165	A#4	64	94	0	1
1197	215.499698	215.855676	D#4	64	94	0	4
1198	215.825785	216.244262	A#3	64	82	1	-3
1199	216.151871	216.511925	D#5	64	101	0	1
1200	216.151871	216.730675	D#4	64	98	0	4
1201	216.477958	216.899153	A#3	64	87	1	-3
1202	216.804044	216.935838	F4	64	108	0	1
1203	216.804044	216.852957	D#4	64	76	0	4
1204	216.804044	217.098881	C#5	64	98	0	4
1205	217.130131	217.298609	G#4	64	93	0	4
1206	217.130131	217.424967	C5	64	98	0	3
1207	217.130131	217.443989	A#3	64	86	1	-3
1208	217.456217	217.636924	A#4	64	93	0	1
1209	217.456217	217.969804	C#4	64	89	0	2
1210	217.456217	217.972521	A#3	64	86	1	-3
1211	217.456217	218.268716	A#2	64	93	1	-5
1212	217.782304	217.960293	A#4	64	92	0	1
1213	217.782304	218.249694	F3	64	82	1	-3
1214	218.108390	218.308118	A#4	64	93	0	1
1215	218.108390	218.240184	A#3	64	91	1	-3
1216	218.108390	218.482031	C#4	64	93	0	2
1217	218.434477	218.674966	C5	64	93	0	3
1218	218.434477	218.549966	A#3	64	86	1	-3
1219	218.760563	219.045889	D#5	64	98	0	1
1220	218.760563	219.225237	D#4	64	82	0	4
1221	218.760563	219.264639	G4	64	88	0	3
1222	218.760563	219.536377	D#3	64	94	1	-5
1223	219.086650	219.514638	C5	64	93	0	3
1224	219.086650	219.473878	A#3	64	84	1	-3
1225	219.412736	219.843442	D#4	64	92	0	4
1226	219.738823	220.064909	A#4	64	94	0	1
1227	219.738823	219.922246	G4	64	92	0	3
1228	220.064909	221.695342	G#4	64	92	0	4
1229	220.064909	220.196703	G#2	64	92	1	-2
1230	220.064909	220.901865	G#4	64	84	0	4
1231	220.390996	222.734743	D#3	64	89	1	-5
1232	220.717082	222.700775	C4	64	87	0	1
1233	221.043169	221.422244	D#4	64	86	0	4
1234	221.369255	221.878765	C5	64	90	0	3
1235	221.695342	221.889635	D#4	64	77	0	4
1236	222.021428	222.211645	D#4	64	87	0	4
1237	222.021428	222.708927	G#4	64	86	0	4
1238	222.093439	222.338004	F4	64	101	0	1
1239	222.347515	222.718438	D#4	64	74	0	4
1240	222.405939	222.646427	G#4	64	92	0	4
1241	222.491536	222.684471	F4	64	70	0	1
1242	222.552678	223.400502	A#4	64	83	0	1
1243	222.604308	223.457568	A#2	64	92	1	-5
1244	222.621971	223.390992	C#5	64	89	0	4
1245	222.755123	222.949416	A#4	64	90	0	1
1246	222.963003	223.338003	F3	64	80	1	-3
1247	223.058112	223.256481	A#4	64	90	0	1
1248	223.336644	223.782295	F4	64	98	0	1
1249	223.382839	223.596154	A#4	64	94	0	1
1250	223.715719	223.818980	C#5	64	93	0	4
1251	223.740176	224.074415	C5	64	94	0	3
1252	224.143708	225.150500	D#4	64	77	0	4
1253	224.162730	224.469794	D#5	64	99	0	1
1254	224.185827	224.363816	D#2	64	81	1	-2
1255	224.207567	225.055391	G4	64	81	0	3
1256	224.290447	225.198054	A#4	64	84	0	1
1257	224.590718	225.007837	C5	64	94	0	3
1258	224.617892	227.640986	D#3	64	90	1	-5
1259	225.060826	227.630116	A#3	64	83	1	-3
1260	225.146424	226.808106	A#4	64	93	0	1
1261	225.511913	225.958923	A#4	64	83	0	1
1262	225.905934	226.357020	D#4	64	67	0	4
1263	226.048597	227.884192	D#5	64	79	0	1
1264	226.112455	227.844790	A#4	64	71	0	1
1265	227.502399	228.377398	F4	64	99	0	1
1266	227.562181	227.793159	G#3	64	81	1	-5
1267	227.635551	227.912724	C4	64	83	0	1
1268	227.661366	229.912722	G#2	64	92	1	-2
1269	227.687181	227.914083	D#4	64	81	0	4
1270	227.718431	228.117887	G#4	64	90	0	4
1271	228.040442	230.123319	D#3	64	69	1	-5
1272	228.344789	232.615163	G#4	64	92	0	4
1273	228.352941	228.645060	G#4	64	85	0	4
1274	228.677669	229.024136	A#4	64	93	0	1
1275	229.015984	230.147776	C5	64	96	0	3
1276	230.318971	230.477938	F4	64	84	0	1
1277	230.367884	230.869242	G#4	64	80	0	4
1278	230.446688	230.555384	F2	64	94	1	-5
1279	230.452123	230.934459	C5	64	92	0	3
1280	230.780927	232.982011	F3	64	90	1	-3
1281	231.147774	231.321687	F4	64	86	0	1
1282	231.149133	231.352937	C5	64	88	0	3
1283	231.483372	231.679023	A#4	64	88	0	1
1284	231.492882	231.653208	F4	64	89	0	1
1285	231.809458	232.647772	G#4	64	96	0	4
1286	231.810817	232.236088	F4	64	93	0	1
1287	232.111088	232.986087	C4	64	83	0	1
1288	232.443968	232.870598	F4	64	85	0	1
1289	233.024130	233.214347	F4	64	90	0	1
1290	233.130108	233.532282	A#4	64	89	0	1
1291	233.146413	234.195324	A#2	64	88	1	-5
1292	233.449401	234.078477	F3	64	85	1	-3
1293	233.757825	234.009183	A#4	64	101	0	1
1294	233.763260	233.988803	F4	64	98	0	1
1295	234.105651	234.514617	G#4	64	97	0	4
1296	234.509183	234.995595	F4	64	101	0	1
1297	234.518693	234.630106	D#2	64	93	1	-2
1298	234.839345	236.950755	D#3	64	93	1	-5
1299	235.252388	235.736083	D#4	64	101	0	4
1300	235.661355	236.990157	F4	64	101	0	1
1301	236.958907	237.196679	D#4	64	80	0	4
1302	237.074396	242.214335	G#2	64	92	1	-2
1303	237.123309	237.378744	G#4	64	85	0	4
1304	237.431733	242.154552	D#3	64	80	1	-5
1305	237.636896	237.832547	G#3	64	83	1	-5
1306	237.804015	237.941243	A#3	64	87	1	-3
1307	238.002384	238.174938	C4	64	88	0	1
1308	238.176297	238.389612	D#4	64	81	0	4
1309	238.378742	238.525481	G#4	64	82	0	4
1310	238.547220	238.685807	A#4	64	87	0	1
1311	238.787709	239.062165	C5	64	92	0	3
1312	239.009176	239.203469	D#5	64	93	0	1
1313	239.255100	239.384176	F5	64	91	0	3
1314	239.520045	239.635534	G#5	64	91	0	1
1315	239.790425	239.948034	A#5	64	83	0	3
1316	240.064881	240.420859	C6	64	83	0	5
1317	240.352924	240.649120	D#6	64	83	0	3
1318	240.653196	241.014608	F6	64	84	0	5
1319	241.003739	241.172217	G#6	64	86	0	3
1320	241.453466	241.543140	C7	64	84	0	2
