//Version: PianoFingering_v170101
0	3.051275	3.528838	C#4	64	70	0	2
1	3.133006	3.633004	F#4	64	78	0	2
2	3.185890	6.041653	F#2	64	88	1	-4
3	3.206723	3.618581	A4	64	83	0	5
4	3.616979	5.681077	C#3	64	60	1	-2
5	3.831722	4.294862	C#4	64	73	0	2
6	4.198708	4.467938	A4	64	74	0	5
7	5.173065	5.456718	C#4	64	60	0	2
8	5.371783	5.487167	F#4	64	76	0	2
9	5.592936	5.729153	A4	64	83	0	5
10	5.775628	6.075307	C#3	64	76	1	-2
11	5.979153	6.161845	C#4	64	78	0	2
12	6.323703	6.749984	F#4	64	81	0	2
13	6.325306	6.608959	C#4	64	76	0	2
14	6.347742	6.762805	A4	64	82	0	5
15	6.370178	9.298056	F#2	64	85	1	-4
16	6.754792	8.963120	C#3	64	55	1	-2
17	6.939087	7.257996	C#4	64	74	0	2
18	7.336522	7.548060	F#4	64	74	0	2
19	7.892610	8.128186	A4	64	81	0	5
20	7.924661	8.051264	C#4	64	68	0	2
21	8.488763	8.657031	F#4	64	73	0	2
22	8.504788	8.645813	C#4	64	63	0	2
23	8.842928	8.999979	C#4	64	70	0	2
24	9.067287	9.249979	A4	64	86	0	5
25	9.301261	9.913439	C#4	64	73	0	2
26	9.374978	9.931067	F#4	64	78	0	2
27	9.411837	12.278818	F#2	64	89	1	-4
28	9.442286	9.913439	A4	64	84	0	5
29	9.447094	9.831708	F#4	64	91	0	2
30	9.809272	10.429463	C#3	64	61	1	-2
31	9.831708	10.216323	A4	64	89	0	5
32	10.206707	10.581706	A4	64	83	0	5
33	10.216323	10.600937	F#4	64	89	0	2
34	10.217925	10.610553	F#4	64	75	0	2
35	10.240361	10.525617	C#4	64	63	0	2
36	10.600937	10.985552	E4	64	94	0	5
37	10.602540	12.084908	C#3	64	51	1	-2
38	10.767603	11.190679	C#4	64	75	0	2
39	10.985552	11.754781	F#4	64	89	0	2
40	11.158628	11.400615	F#4	64	74	0	2
41	11.352538	11.684268	C#4	64	74	0	2
42	11.573691	11.782024	F#4	64	73	0	2
43	11.745165	12.025613	A4	64	87	0	5
44	11.754781	12.139395	A4	64	89	0	5
45	11.931062	12.306061	C#4	64	77	0	2
46	12.126575	12.277215	F#4	64	75	0	2
47	12.139395	12.524010	B4	64	91	0	2
48	12.503176	13.100931	A4	64	83	0	5
49	12.506381	14.655415	F#2	64	82	1	-4
50	12.517599	12.820483	C#4	64	75	0	2
51	12.524010	13.291636	C#5	64	91	0	4
52	12.903816	14.613748	C#3	64	62	1	-2
53	13.102534	13.461507	F#4	64	80	0	2
54	13.293239	14.060865	C#5	64	93	0	4
55	13.471123	13.998365	C#4	64	71	0	2
56	13.706699	14.073686	F#4	64	75	0	2
57	14.062468	14.447082	C#5	64	94	0	4
58	14.067275	14.536826	A4	64	87	0	5
59	14.437467	14.921440	C#4	64	72	0	2
60	14.447082	14.639389	E5	64	91	0	2
61	14.639389	14.831697	C#5	64	91	0	4
62	14.655415	15.091311	F#4	64	81	0	2
63	14.831697	15.216311	B4	64	98	0	2
64	15.043235	15.314067	A4	64	87	0	5
65	15.216311	15.600926	A4	64	89	0	5
66	15.591310	18.376560	B2	64	87	1	-4
67	15.597721	15.977527	B3	64	83	1	-2
68	15.599323	15.959899	D4	64	85	0	3
69	15.600926	15.983938	B4	64	92	0	2
70	15.983938	17.307652	F#3	64	66	1	-2
71	15.985540	16.754769	B4	64	94	0	2
72	16.189065	16.632975	F#4	64	81	0	2
73	16.554449	17.040025	B3	64	77	1	-2
74	16.754769	17.139384	A4	64	91	0	5
75	16.765987	17.036820	D4	64	82	0	3
76	17.139384	17.908613	B4	64	96	0	2
77	17.153807	17.551242	F#4	64	76	0	2
78	17.158614	17.520793	D4	64	80	0	3
79	17.165025	17.453485	B3	64	78	1	-2
80	17.514383	17.802844	F#3	64	58	1	-2
81	17.698677	18.158612	B3	64	84	1	-2
82	17.908613	18.677842	C#5	64	88	0	4
83	17.950279	18.163420	F#3	64	58	1	-2
84	18.110535	18.546432	D4	64	84	0	3
85	18.277202	18.640983	B3	64	81	1	-2
86	18.562457	18.794829	C#4	64	68	0	2
87	18.640983	19.283609	E4	64	83	0	5
88	18.661816	18.785213	C#2	64	81	1	-4
89	18.677842	19.062456	B4	64	94	0	2
90	18.684252	19.326879	G#4	64	77	0	4
91	19.062456	19.254763	C#5	64	88	0	4
92	19.064059	19.575275	C#3	64	91	1	-2
93	19.254763	19.447071	B4	64	91	0	2
94	19.257969	19.727519	G#3	64	62	1	-5
95	19.447071	19.831685	A4	64	94	0	5
96	19.599314	19.897390	C#4	64	82	0	2
97	19.823672	20.354120	G#4	64	78	0	4
98	19.831685	20.216300	B4	64	91	0	2
99	20.213095	21.413412	F#2	64	76	1	-4
100	20.216300	21.753155	F#4	64	93	0	2
101	20.583286	21.240336	C#3	64	74	1	-2
102	20.798029	21.168221	F#3	64	83	1	-2
103	21.136169	21.350912	C#4	64	82	0	2
104	21.330079	21.515976	C#3	64	76	1	-2
105	21.573668	21.897386	C#4	64	72	0	2
106	21.642578	22.214692	F#4	64	78	0	2
107	21.701873	23.980714	F#2	64	87	1	-4
108	21.724309	22.225910	A4	64	86	0	5
109	21.754758	22.139372	F#4	64	91	0	2
110	22.100911	23.536805	C#3	64	66	1	-2
111	22.139372	22.523987	A4	64	89	0	5
112	22.310846	22.743537	C#4	64	75	0	2
113	22.523987	22.908601	F#4	64	89	0	2
114	22.681038	22.942255	F#4	64	82	0	2
115	22.878153	23.225908	C#4	64	76	0	2
116	22.908601	23.293216	E4	64	94	0	5
117	23.291613	23.767574	A4	64	87	0	5
118	23.293216	24.062445	F#4	64	89	0	2
119	23.296421	23.551228	C#4	64	82	0	2
120	23.677830	23.950265	C#3	64	70	1	-2
121	23.870137	24.253149	F#4	64	80	0	2
122	23.874945	24.112124	C#4	64	82	0	2
123	23.881355	24.498341	A4	64	82	0	5
124	24.062445	24.447059	A4	64	89	0	5
125	24.243534	24.480713	C#4	64	77	0	2
126	24.447059	24.831674	C#5	64	91	0	4
127	24.810840	26.294811	B2	64	86	1	-4
128	24.812443	25.273980	D4	64	83	0	3
129	24.814045	25.248339	B3	64	87	1	-2
130	24.831674	25.599300	B4	64	91	0	2
131	25.201865	25.663403	F#3	64	74	1	-2
132	25.410198	25.793210	F#4	64	81	0	2
133	25.600903	26.368529	B4	64	93	0	2
134	25.799620	26.285196	F#3	64	75	1	-2
135	25.987120	26.509554	B3	64	81	1	-2
136	26.190645	26.546413	D4	64	81	0	3
137	26.368529	27.602501	B2	64	87	1	-4
138	26.370132	26.754746	B4	64	94	0	2
139	26.740323	27.145771	F#3	64	73	1	-2
140	26.754746	26.947053	C#5	64	91	0	4
141	26.915002	27.435834	B3	64	85	1	-2
142	26.947053	27.139361	B4	64	91	0	2
143	27.139361	27.523975	A4	64	98	0	5
144	27.256348	27.572052	F#3	64	79	1	-2
145	27.455065	27.854103	D4	64	82	0	3
146	27.523975	28.293204	B4	64	89	0	2
147	27.653783	27.905385	B3	64	82	1	-2
148	27.868526	29.235510	C#3	64	83	1	-2
149	28.288396	29.277176	G#3	64	75	1	-5
150	28.293204	28.677819	C#5	64	93	0	4
151	28.477499	28.858908	C#4	64	77	0	2
152	28.677819	29.062433	B4	64	94	0	2
153	28.806023	29.068843	E4	64	81	0	5
154	28.995126	29.302817	C#4	64	79	0	2
155	29.062433	29.447048	C#5	64	92	0	4
156	29.371727	30.067239	G#4	64	85	0	4
157	29.376535	29.836470	C#4	64	81	0	2
158	29.382945	30.246725	C#3	64	85	1	-2
159	29.384548	29.847688	E4	64	85	0	5
160	29.447048	30.023969	E5	64	94	0	2
161	29.785188	30.241918	G#3	64	73	1	-5
162	29.977495	30.418199	C#4	64	83	0	2
163	30.023969	30.600891	B4	64	93	0	2
164	30.360507	30.575250	E4	64	83	0	5
165	30.531981	30.681019	C#4	64	79	0	2
166	30.600891	31.003134	C#5	64	93	0	4
167	30.955057	32.363708	F#2	64	82	1	-4
168	30.956660	31.541594	A4	64	87	0	5
169	30.966275	31.358902	C#4	64	78	0	2
170	30.972685	31.578453	F#4	64	77	0	2
171	30.985506	31.562427	E4	64	94	0	5
172	31.342877	32.365310	C#3	64	67	1	-2
173	31.548004	31.999926	C#4	64	85	0	2
174	31.562427	37.139338	F#4	64	88	0	2
175	31.943837	32.213067	F#4	64	77	0	2
176	32.126529	32.386143	C#4	64	72	0	2
177	32.479092	33.830050	F#2	64	75	1	-4
178	32.483900	33.116911	A4	64	82	0	5
179	32.485502	33.099283	F#4	64	77	0	2
180	32.488707	32.927809	C#4	64	75	0	2
181	32.879732	33.810820	C#3	64	67	1	-2
182	33.059219	33.331654	C#4	64	75	0	2
183	33.262744	33.607294	F#4	64	81	0	2
184	33.910178	34.451844	C#4	64	75	0	2
185	34.001524	34.536780	F#4	64	80	0	2
186	34.064024	34.544792	A4	64	88	0	5
187	34.437421	37.190620	C#3	64	67	1	-2
188	34.634536	35.056009	C#4	64	75	0	2
189	35.003125	35.264342	F#4	64	77	0	2
190	35.201842	35.477483	C#4	64	75	0	2
191	35.581649	35.797995	C#4	64	80	0	2
192	35.583251	36.049597	A4	64	83	0	5
193	35.953443	36.054404	C#4	64	66	0	2
194	36.147353	36.560813	F#4	64	78	0	2
195	36.155366	36.325237	C#4	64	77	0	2
196	36.517544	36.815620	C#4	64	72	0	2
197	36.730685	37.144145	F#4	64	81	0	2
198	37.139338	37.523952	C#4	64	88	0	2
199	37.139338	37.206645	F#2	64	75	1	-4
200	37.139338	37.689016	C#4	64	81	0	2
201	37.139338	37.974272	F#3	64	75	1	-2
202	37.523952	37.908567	A4	64	88	0	5
203	37.523952	38.043182	C#3	64	61	1	-2
204	37.908567	38.293181	F#4	64	85	0	2
205	37.908567	38.687411	A3	64	83	1	-4
206	38.293181	38.677796	E4	64	91	0	5
207	38.293181	38.801193	C#3	64	67	1	-2
208	38.677796	39.445422	C#4	64	92	0	2
209	38.677796	38.951833	C#4	64	83	0	2
210	39.062410	39.964652	C#3	64	40	1	-2
211	39.447025	39.831639	C#4	64	90	0	2
212	39.447025	39.745101	C#4	64	83	0	2
213	39.447025	39.916575	F#3	64	82	1	-2
214	39.831639	40.216254	E4	64	91	0	5
215	40.216254	40.600868	F#4	64	87	0	2
216	40.216254	40.597663	F#4	64	81	0	2
217	40.216254	40.878111	F#3	64	67	1	-2
218	40.216254	42.855671	F#2	64	76	1	-4
219	40.600868	40.985483	A4	64	91	0	5
220	40.600868	41.852468	C#3	64	63	1	-2
221	40.985483	41.384520	F#4	64	88	0	2
222	40.985483	41.408559	C#4	64	82	0	2
223	41.370097	41.754712	E4	64	89	0	5
224	41.370097	41.591250	A3	64	77	1	-4
225	41.754712	43.291567	F#4	64	91	0	2
226	41.754712	42.330031	C#4	64	77	0	2
227	42.139326	42.741889	C#3	64	47	1	-2
228	42.523941	42.801184	A3	64	74	1	-4
229	42.523941	42.812402	C#4	64	79	0	2
230	42.523941	42.863683	F#3	64	69	1	-2
231	43.293170	43.677784	F#4	64	93	0	2
232	43.293170	45.716241	B2	64	87	1	-4
233	43.677784	44.060796	B4	64	89	0	2
234	43.677784	44.168168	F#3	64	73	1	-2
235	44.062399	44.447013	B4	64	89	0	2
236	44.062399	44.834833	D4	64	84	0	3
237	44.062399	44.854064	B3	64	80	1	-2
238	44.447013	44.831628	C#5	64	91	0	4
239	44.447013	45.055986	F#3	64	67	1	-2
240	44.831628	45.600857	B4	64	88	0	2
241	44.831628	45.756305	F#4	64	79	0	2
242	45.216242	45.721049	F#3	64	61	1	-2
243	45.600857	45.985471	A4	64	93	0	5
244	45.600857	45.882907	D4	64	82	0	3
245	45.985471	46.370086	F#4	64	91	0	2
246	46.370086	46.754700	E4	64	94	0	5
247	46.370086	46.889315	E4	64	81	0	5
248	46.370086	47.006302	G#4	64	76	0	4
249	46.370086	47.193802	E3	64	87	1	-4
250	46.754700	47.137712	F#4	64	89	0	2
251	46.754700	47.158545	B3	64	77	1	-2
252	47.139315	47.523929	F#4	64	90	0	2
253	47.139315	47.336430	E4	64	89	0	5
254	47.523929	47.908544	E4	64	88	0	5
255	47.908544	49.445399	C#4	64	87	0	2
256	47.908544	48.677773	G#4	64	74	0	4
257	47.908544	48.700209	C#4	64	77	0	2
258	47.908544	48.769119	C#3	64	78	1	-2
259	48.293158	48.745080	G#3	64	81	1	-5
260	48.677773	49.081618	E4	64	88	0	5
261	49.062387	49.171361	C#4	64	85	0	2
262	49.447002	49.831616	C#4	64	91	0	2
263	49.447002	52.137701	F#2	64	87	1	-4
264	49.831616	50.216231	A4	64	89	0	5
265	49.831616	51.081613	C#3	64	79	1	-2
266	50.216231	50.600845	F#4	64	87	0	2
267	50.216231	50.648922	A3	64	86	1	-4
268	50.600845	50.985460	E4	64	88	0	5
269	50.600845	50.834819	F#3	64	71	1	-2
270	50.985460	51.754689	C#4	64	88	0	2
271	50.985460	51.365266	C#4	64	79	0	2
272	51.370074	52.121675	C#3	64	56	1	-2
273	51.754689	52.139303	E4	64	98	0	5
274	51.754689	52.073598	F#4	64	84	0	2
275	52.139303	52.523918	F#4	64	93	0	2
276	52.523918	53.291544	B4	64	92	0	2
277	52.523918	55.004681	B2	64	85	1	-4
278	52.908532	52.975840	B3	64	81	1	-2
279	53.293147	54.060773	B4	64	88	0	2
280	53.293147	54.209811	F#3	64	80	1	-2
281	53.677761	54.094427	D4	64	81	0	3
282	54.062376	55.600834	B4	64	88	0	2
283	54.062376	54.833207	F#4	64	80	0	2
284	54.446990	54.905322	F#3	64	68	1	-2
285	54.831605	55.017502	B3	64	80	1	-2
286	54.831605	55.038335	D4	64	83	0	3
287	55.600834	55.985448	F#4	64	85	0	2
288	55.600834	56.099230	E4	64	83	0	5
289	55.600834	56.174550	G#4	64	80	0	4
290	55.600834	58.006277	E3	64	89	1	-4
291	55.985448	56.368460	B4	64	88	0	2
292	55.985448	57.975828	B3	64	78	1	-2
293	56.370063	56.754677	B4	64	83	0	2
294	56.370063	56.958202	G#4	64	76	0	4
295	56.754677	57.139292	C#5	64	91	0	4
296	56.754677	57.842816	G#3	64	69	1	-5
297	57.139292	57.906918	B4	64	88	0	2
298	57.139292	57.735444	E4	64	79	0	5
299	57.139292	57.769098	B4	64	83	0	2
300	57.908521	58.293135	B4	64	91	0	2
301	57.908521	58.257879	G#4	64	82	0	4
302	58.293135	58.677750	C#5	64	87	0	4
303	58.677750	59.446979	E4	64	93	0	5
304	59.062364	60.440566	C#3	64	73	1	-2
305	59.446979	60.216208	A4	64	87	0	5
306	59.446979	59.953388	A3	64	86	1	-4
307	59.831593	60.254669	C#4	64	73	0	2
308	60.216208	64.829979	F#4	64	88	0	2
309	60.216208	60.668130	F#4	64	87	0	2
310	60.600822	61.116847	C#3	64	64	1	-2
311	61.370051	61.797935	C#3	64	76	1	-2
312	61.583192	61.762678	F#3	64	75	1	-2
313	61.693768	61.815563	A3	64	84	1	-4
314	61.724217	61.821973	F#2	64	87	1	-4
315	61.725820	61.777102	C#4	64	80	0	2
316	61.773896	62.140883	F#4	64	82	0	2
317	62.163319	64.474211	F#3	64	88	1	-2
318	62.554343	63.445367	C#4	64	78	0	2
319	62.895689	63.129662	F#4	64	77	0	2
320	63.270688	63.929340	F#4	64	80	0	2
321	63.273893	63.943763	C#5	64	73	0	4
322	63.658507	64.155301	C#4	64	61	0	2
323	64.043122	64.767479	F#4	64	83	0	2
324	64.044724	64.767479	A4	64	89	0	5
325	64.405301	64.703377	C#4	64	75	0	2
326	64.831582	65.216196	F#4	64	91	0	2
327	64.831582	67.693755	F#2	64	88	1	-4
328	65.216196	65.600811	A4	64	89	0	5
329	65.216196	65.804336	C#3	64	73	1	-2
330	65.600811	65.985425	F#4	64	89	0	2
331	65.600811	66.411706	A3	64	83	1	-4
332	65.985425	66.370040	E4	64	94	0	5
333	65.985425	66.535103	C#3	64	69	1	-2
334	66.370040	67.139269	F#4	64	89	0	2
335	66.370040	66.567155	C#4	64	87	0	2
336	66.754654	67.754652	C#3	64	64	1	-2
337	67.139269	67.523883	A4	64	89	0	5
338	67.139269	67.435742	F#4	64	81	0	2
339	67.139269	67.456576	F#3	64	92	1	-2
340	67.523883	67.908498	B4	64	91	0	2
341	67.908498	68.676124	C#5	64	91	0	4
342	67.908498	70.283492	F#2	64	82	1	-4
343	68.293112	69.612019	C#3	64	76	1	-2
344	68.677727	69.445353	C#5	64	93	0	4
345	68.677727	69.124841	A3	64	87	1	-4
346	69.062341	69.515866	F#3	64	88	1	-2
347	69.446956	69.831570	C#5	64	94	0	4
348	69.446956	69.874839	F#4	64	84	0	2
349	69.831570	70.023877	E5	64	91	0	2
350	69.831570	70.285095	C#3	64	71	1	-2
351	70.023877	70.216185	C#5	64	91	0	4
352	70.216185	70.600799	B4	64	98	0	2
353	70.216185	70.403684	F#3	64	87	1	-2
354	70.216185	70.584774	A3	64	88	1	-4
355	70.600799	70.985414	A4	64	89	0	5
356	70.600799	70.703363	F#3	64	88	1	-2
357	70.985414	71.368426	B4	64	92	0	2
358	70.985414	71.833168	B3	64	87	1	-2
359	70.985414	73.429318	B2	64	87	1	-4
360	71.370028	72.139257	B4	64	94	0	2
361	71.370028	71.905283	F#3	64	74	1	-2
362	71.754643	72.589577	D4	64	84	0	3
363	72.139257	72.523872	A4	64	91	0	5
364	72.139257	72.620025	F#3	64	70	1	-2
365	72.523872	73.293101	B4	64	96	0	2
366	72.523872	72.855602	F#4	64	88	0	2
367	72.908486	73.315537	F#3	64	63	1	-2
368	73.293101	74.062330	C#5	64	88	0	4
369	73.293101	73.432523	B3	64	86	1	-2
370	73.293101	73.554318	D4	64	88	0	3
371	73.293101	73.679318	F#4	64	87	0	2
372	73.677715	73.911689	B3	64	84	1	-2
373	74.062330	74.446944	B4	64	94	0	2
374	74.062330	74.297906	C#4	64	78	0	2
375	74.062330	74.326752	E4	64	87	0	5
376	74.062330	74.902071	C#3	64	89	1	-2
377	74.446944	74.639251	C#5	64	88	0	4
378	74.446944	74.855597	G#3	64	72	1	-5
379	74.639251	74.831559	B4	64	91	0	2
380	74.831559	75.216173	A4	64	94	0	5
381	74.831559	75.264250	C#4	64	85	0	2
382	75.216173	75.600788	B4	64	91	0	2
383	75.216173	75.360404	C#3	64	75	1	-2
384	75.600788	77.137643	F#4	64	93	0	2
385	75.600788	76.661683	F#2	64	86	1	-4
386	75.985402	76.732195	C#3	64	81	1	-2
387	76.370017	76.812323	A3	64	82	1	-4
388	76.370017	76.874823	F#3	64	83	1	-2
389	76.370017	76.906874	C#4	64	82	0	2
390	77.139246	77.523860	F#4	64	91	0	2
391	77.139246	77.546296	F#4	64	80	0	2
392	77.139246	77.817129	F#3	64	82	1	-2
393	77.139246	78.972575	F#2	64	84	1	-4
394	77.523860	77.908475	A4	64	89	0	5
395	77.523860	78.065526	C#3	64	75	1	-2
396	77.908475	78.293089	F#4	64	89	0	2
397	77.908475	78.370012	A3	64	81	1	-4
398	78.293089	78.677704	E4	64	94	0	5
399	78.293089	79.217767	F#3	64	90	1	-2
400	78.677704	79.446933	F#4	64	89	0	2
401	78.677704	79.261036	C#4	64	88	0	2
402	79.062318	79.245010	A3	64	81	1	-4
403	79.446933	79.831547	A4	64	89	0	5
404	79.446933	79.639240	A3	64	88	1	-4
405	79.446933	79.658471	C#4	64	81	0	2
406	79.446933	79.664881	F#3	64	87	1	-2
407	79.446933	79.857188	F#4	64	84	0	2
408	79.831547	80.216162	C#5	64	91	0	4
409	80.216162	80.983788	B4	64	91	0	2
410	80.216162	81.051096	D4	64	83	0	3
411	80.216162	81.954940	B3	64	80	1	-2
412	80.216162	82.769040	B2	64	87	1	-4
413	80.600776	81.156865	F#3	64	73	1	-2
414	80.985391	81.753017	B4	64	93	0	2
415	80.985391	81.796286	F#4	64	83	0	2
416	81.370005	81.993401	F#3	64	70	1	-2
417	81.754620	82.139234	B4	64	94	0	2
418	81.754620	81.999811	D4	64	44	0	3
419	81.754620	82.289875	B4	64	88	0	2
420	82.139234	82.331541	C#5	64	91	0	4
421	82.139234	82.437310	B3	64	84	1	-2
422	82.331541	82.523849	B4	64	91	0	2
423	82.523849	82.908463	A4	64	98	0	5
424	82.523849	82.578336	B3	64	78	1	-2
425	82.523849	82.910066	D4	64	90	0	3
426	82.523849	82.932502	F#4	64	80	0	2
427	82.908463	83.677692	B4	64	89	0	2
428	82.908463	83.030258	B3	64	88	1	-2
429	83.293078	83.414872	C#2	64	83	1	-4
430	83.293078	84.267434	C#4	64	85	0	2
431	83.293078	84.533459	E4	64	88	0	5
432	83.677692	84.060704	C#5	64	93	0	4
433	83.677692	86.094353	C#3	64	84	1	-2
434	84.062307	84.445319	C#5	64	94	0	4
435	84.062307	84.975766	G#3	64	86	1	-5
436	84.446921	84.831536	C#5	64	92	0	4
437	84.446921	84.945317	C#4	64	88	0	2
438	84.831536	85.216150	B4	64	94	0	2
439	84.831536	85.265830	G#4	64	87	0	4
440	84.831536	85.267432	E4	64	88	0	5
441	85.023843	85.648841	C#4	64	47	0	2
442	85.216150	85.600765	C#5	64	93	0	4
443	85.216150	86.003007	G#3	64	70	1	-5
444	85.600765	86.003007	E5	64	93	0	2
445	85.600765	85.767431	E4	64	89	0	5
446	85.600765	86.065507	G#4	64	90	0	4
447	85.985379	86.369994	B4	64	94	0	2
448	85.985379	86.265827	C#4	64	80	0	2
449	86.369994	89.446910	C#5	64	94	0	4
450	86.369994	86.874800	C#4	64	88	0	2
451	86.369994	87.309094	C#3	64	90	1	-2
452	86.754608	87.345953	G#3	64	75	1	-5
453	87.139223	87.363581	C#4	64	89	0	2
454	87.139223	87.740183	G#4	64	86	0	4
455	87.523837	87.789862	C#4	64	77	0	2
456	87.908452	88.304284	G#4	64	83	0	4
457	87.908452	88.341143	C#4	64	89	0	2
458	88.293066	88.773834	G#3	64	75	1	-5
459	88.293066	88.794668	C#3	64	74	1	-2
460	88.677681	89.400435	C#4	64	96	0	2
461	88.677681	89.459730	C#5	64	87	0	4
462	89.062295	89.445307	C#3	64	85	1	-2
463	89.062295	89.448512	G#3	64	87	1	-5
464	89.446910	89.831524	F#4	64	91	0	2
465	89.446910	92.309083	F#2	64	88	1	-4
466	89.831524	90.216139	A4	64	89	0	5
467	89.831524	90.419664	C#3	64	73	1	-2
468	90.216139	90.600753	F#4	64	89	0	2
469	90.216139	91.027034	A3	64	83	1	-4
470	90.600753	90.985368	E4	64	94	0	5
471	90.600753	91.150431	C#3	64	69	1	-2
472	90.985368	91.754597	F#4	64	89	0	2
473	90.985368	91.182483	C#4	64	87	0	2
474	91.369982	92.369980	C#3	64	64	1	-2
475	91.754597	92.139211	A4	64	89	0	5
476	91.754597	92.051070	F#4	64	81	0	2
477	91.754597	92.071904	F#3	64	92	1	-2
478	92.139211	92.523826	B4	64	91	0	2
479	92.523826	93.291452	C#5	64	91	0	4
480	92.523826	94.898820	F#2	64	82	1	-4
481	92.908440	94.227347	C#3	64	76	1	-2
482	93.293055	94.060681	C#5	64	93	0	4
483	93.293055	93.740169	A3	64	87	1	-4
484	93.677669	94.131194	F#3	64	88	1	-2
485	94.062284	94.446898	C#5	64	94	0	4
486	94.062284	94.490167	F#4	64	84	0	2
487	94.446898	94.639205	E5	64	91	0	2
488	94.446898	94.900423	C#3	64	71	1	-2
489	94.639205	94.831513	C#5	64	91	0	4
490	94.831513	95.216127	B4	64	98	0	2
491	94.831513	95.019012	F#3	64	87	1	-2
492	94.831513	95.200102	A3	64	88	1	-4
493	95.216127	95.600742	A4	64	89	0	5
494	95.216127	95.318691	F#3	64	88	1	-2
495	95.600742	95.983754	B4	64	92	0	2
496	95.600742	96.448496	B3	64	87	1	-2
497	95.600742	98.044646	B2	64	87	1	-4
498	95.985356	96.754585	B4	64	94	0	2
499	95.985356	96.520611	F#3	64	74	1	-2
500	96.369971	97.204905	D4	64	84	0	3
501	96.754585	97.139200	A4	64	91	0	5
502	96.754585	97.235353	F#3	64	70	1	-2
503	97.139200	97.908429	B4	64	96	0	2
504	97.139200	97.470930	F#4	64	88	0	2
505	97.523814	97.930865	F#3	64	63	1	-2
506	97.908429	98.677658	C#5	64	88	0	4
507	97.908429	98.047851	B3	64	86	1	-2
508	97.908429	98.169646	D4	64	88	0	3
509	97.908429	98.294646	F#4	64	87	0	2
510	98.293043	98.527017	B3	64	84	1	-2
511	98.677658	99.062272	B4	64	94	0	2
512	98.677658	98.913234	C#4	64	78	0	2
513	98.677658	98.942080	E4	64	87	0	5
514	98.677658	99.517399	C#3	64	89	1	-2
515	99.062272	99.254579	C#5	64	88	0	4
516	99.062272	99.470925	G#3	64	72	1	-5
517	99.254579	99.446887	B4	64	91	0	2
518	99.446887	99.831501	A4	64	94	0	5
519	99.446887	99.871565	G#4	64	80	0	4
520	99.446887	99.879578	C#4	64	85	0	2
521	99.831501	100.216116	B4	64	91	0	2
522	99.831501	99.975732	C#3	64	75	1	-2
523	100.216116	101.752971	F#4	64	93	0	2
524	100.216116	101.277011	F#2	64	86	1	-4
525	100.600730	101.347523	C#3	64	81	1	-2
526	100.985345	101.427651	A3	64	82	1	-4
527	100.985345	101.490151	F#3	64	83	1	-2
528	100.985345	101.522202	C#4	64	82	0	2
529	101.754574	102.139188	F#4	64	91	0	2
530	101.754574	102.161624	F#4	64	80	0	2
531	101.754574	102.432457	F#3	64	82	1	-2
532	101.754574	103.587903	F#2	64	84	1	-4
533	102.139188	102.523803	A4	64	89	0	5
534	102.139188	102.680854	C#3	64	75	1	-2
535	102.523803	102.908417	F#4	64	89	0	2
536	102.523803	102.985340	A3	64	81	1	-4
537	102.908417	103.293032	E4	64	94	0	5
538	102.908417	103.833095	F#3	64	90	1	-2
539	103.293032	104.062261	F#4	64	89	0	2
540	103.293032	103.876364	C#4	64	88	0	2
541	103.677646	103.860338	A3	64	81	1	-4
542	104.062261	104.446875	A4	64	89	0	5
543	104.062261	104.254568	A3	64	88	1	-4
544	104.062261	104.273799	C#4	64	81	0	2
545	104.062261	104.280209	F#3	64	87	1	-2
546	104.062261	104.472516	F#4	64	84	0	2
547	104.446875	104.831490	C#5	64	91	0	4
548	104.831490	105.599116	B4	64	91	0	2
549	104.831490	105.666424	D4	64	83	0	3
550	104.831490	106.570268	B3	64	80	1	-2
551	104.831490	107.384368	B2	64	87	1	-4
552	105.216104	105.772193	F#3	64	73	1	-2
553	105.600719	106.368345	B4	64	93	0	2
554	105.600719	106.411614	F#4	64	83	0	2
555	105.985333	106.608729	F#3	64	70	1	-2
556	106.369948	106.754562	B4	64	94	0	2
557	106.369948	106.615139	D4	64	44	0	3
558	106.369948	106.905203	B4	64	88	0	2
559	106.754562	106.946869	C#5	64	91	0	4
560	106.754562	107.052638	B3	64	84	1	-2
561	106.946869	107.139177	B4	64	91	0	2
562	107.139177	107.523791	A4	64	98	0	5
563	107.139177	107.193664	B3	64	78	1	-2
564	107.139177	107.525394	D4	64	90	0	3
565	107.139177	107.547830	F#4	64	80	0	2
566	107.523791	108.293020	B4	64	89	0	2
567	107.523791	107.645586	B3	64	88	1	-2
568	107.908406	108.030200	C#2	64	83	1	-4
569	107.908406	108.882762	C#4	64	85	0	2
570	107.908406	109.148787	E4	64	88	0	5
571	108.293020	108.677635	C#5	64	93	0	4
572	108.293020	110.709681	C#3	64	84	1	-2
573	108.677635	109.062249	B4	64	94	0	2
574	108.677635	109.591094	G#3	64	86	1	-5
575	109.062249	109.446864	C#5	64	92	0	4
576	109.062249	109.560645	C#4	64	88	0	2
577	109.446864	110.023785	E5	64	94	0	2
578	109.446864	109.881158	G#4	64	87	0	4
579	109.446864	109.882760	E4	64	88	0	5
580	109.639171	110.264169	C#4	64	47	0	2
581	109.831478	110.618335	G#3	64	70	1	-5
582	110.023785	110.600707	B4	64	93	0	2
583	110.216093	110.382759	E4	64	89	0	5
584	110.216093	110.680835	G#4	64	90	0	4
585	110.600707	111.002950	C#5	64	93	0	4
586	110.600707	110.881155	C#4	64	80	0	2
587	110.985322	111.562243	E4	64	94	0	5
588	110.985322	111.648782	C#4	64	80	0	2
589	110.985322	111.653589	F#4	64	82	0	2
590	110.985322	114.039802	F#2	64	88	1	-4
591	111.369936	112.642369	C#3	64	80	1	-2
592	111.562243	114.126340	F#4	64	88	0	2
593	111.754551	111.940448	C#4	64	79	0	2
594	111.754551	112.166409	A4	64	87	0	5
595	112.139165	112.326665	F#4	64	75	0	2
596	112.139165	112.329870	C#4	64	71	0	2
597	112.523780	112.879548	C#5	64	89	0	4
598	112.908394	113.159996	C#4	64	78	0	2
599	113.293009	114.017366	F#4	64	84	0	2
600	113.293009	114.026981	C#4	64	79	0	2
601	113.293009	114.062238	A4	64	77	0	5
602	113.677623	114.060635	C#3	64	76	1	-2
603	114.062238	115.517363	F#2	64	85	1	-4
604	114.254545	114.772172	C#3	64	75	1	-2
605	114.446852	114.764159	F#3	64	82	1	-2
606	114.639159	115.196850	C#4	64	87	0	2
607	115.023774	115.248132	A3	64	77	1	-4
608	115.216081	115.491722	F#3	64	80	1	-2
609	115.408388	115.793003	C#4	64	85	0	2
610	115.600696	116.797808	F#2	64	81	1	-4
611	115.793003	116.244925	C#3	64	69	1	-2
612	115.985310	116.262553	F#3	64	83	1	-2
613	116.177617	116.672809	F#4	64	91	0	2
614	116.369925	116.640757	C#3	64	69	1	-2
615	116.562232	116.833065	C#4	64	83	0	2
616	116.754539	117.124731	F#3	64	89	1	-2
617	116.946846	117.256141	A3	64	75	1	-4
618	117.139154	119.634340	F#2	64	88	1	-4
619	117.331461	118.619919	C#3	64	75	1	-2
620	117.523768	117.945242	F#3	64	76	1	-2
621	117.716075	118.100690	A3	64	86	1	-4
622	118.100690	118.565432	C#4	64	79	0	2
623	118.292997	118.559022	A3	64	79	1	-4
624	118.485304	118.749727	F#3	64	77	1	-2
625	118.677612	118.741714	C#4	64	61	0	2
626	118.677612	119.714468	F#4	64	87	0	2
627	119.062226	119.389148	C#3	64	71	1	-2
628	119.254533	119.728891	C#4	64	84	0	2
629	119.446841	119.634340	C#3	64	73	1	-2
630	119.639148	119.863506	A3	64	83	1	-4
631	119.831455	120.084660	F#3	64	87	1	-2
632	120.023762	120.180813	A3	64	84	1	-4
633	120.216070	121.676002	B2	64	88	1	-4
634	120.600684	121.063824	F#3	64	79	1	-2
635	120.792991	121.432413	D4	64	90	0	3
636	121.177606	121.634336	F#3	64	75	1	-2
637	121.369913	121.815425	B3	64	83	1	-2
638	121.562220	122.012540	D4	64	81	0	3
639	121.754528	122.991704	B2	64	89	1	-4
640	121.946835	122.395552	F#3	64	75	1	-2
641	122.139142	122.405167	B3	64	85	1	-2
642	122.331449	122.802602	F#4	64	91	0	2
643	122.523757	122.817025	F#3	64	79	1	-2
644	122.716064	122.945230	D4	64	88	0	3
645	122.908371	123.187217	B3	64	83	1	-2
646	123.100678	123.259332	D4	64	83	0	3
647	123.292986	124.523752	C#3	64	89	1	-2
648	123.485293	123.950035	G#3	64	75	1	-5
649	123.677600	123.934010	C#4	64	88	0	2
650	123.869907	124.450034	G#4	64	89	0	4
651	124.254522	124.563816	G#3	64	87	1	-5
652	124.446829	124.712854	C#4	64	89	0	2
653	124.639136	124.842662	G#4	64	79	0	4
654	124.831444	126.047787	F#2	64	91	1	-4
655	125.023751	125.461250	C#3	64	69	1	-2
656	125.216058	125.499711	F#3	64	82	1	-2
657	125.408365	125.711249	F#4	64	92	0	2
658	125.592660	126.009326	A4	64	91	0	5
659	125.600673	125.882723	C#3	64	81	1	-2
660	125.792980	126.054197	C#4	64	82	0	2
661	125.985287	126.389132	F#3	64	88	1	-2
662	125.998108	126.403555	G#4	64	91	0	4
663	126.369902	127.783360	F#2	64	91	1	-4
664	126.371504	127.434002	F#4	64	87	0	2
665	126.562209	127.116695	C#3	64	74	1	-2
666	126.754516	127.065413	F#3	64	89	1	-2
667	126.946823	127.363489	F#4	64	89	0	2
668	127.331438	127.592655	C#4	64	83	0	2
669	127.523745	127.913167	F#3	64	88	1	-2
670	127.716052	128.571820	F#4	64	86	0	2
671	127.908360	129.067011	F#2	64	88	1	-4
672	128.100667	128.589448	C#3	64	74	1	-2
673	128.292974	128.562204	F#3	64	82	1	-2
674	128.485281	129.100665	C#4	64	87	0	2
675	128.664768	129.405151	C#5	64	72	0	4
676	128.869896	129.078229	C#3	64	86	1	-2
677	129.062203	129.296177	F#3	64	89	1	-2
678	129.254510	129.547779	F#4	64	80	0	2
679	129.437202	130.988481	B4	64	68	0	2
680	129.446818	130.916366	B2	64	87	1	-4
681	129.639125	129.998098	F#3	64	67	1	-2
682	129.831432	130.153547	B3	64	83	1	-2
683	130.023739	130.389123	D4	64	89	0	3
684	130.216047	130.893930	F#3	64	82	1	-2
685	130.408354	130.695212	B3	64	88	1	-2
686	130.600661	131.611877	F#4	64	86	0	2
687	130.792968	131.216044	D4	64	81	0	3
688	130.985276	132.328221	B2	64	89	1	-4
689	131.177583	131.663159	F#3	64	82	1	-2
690	131.369890	131.708030	B3	64	88	1	-2
691	131.562197	132.422772	B4	64	90	0	2
692	131.796171	132.318606	B4	64	68	0	2
693	131.946812	132.262516	F#3	64	88	1	-2
694	132.139119	132.504503	F#4	64	89	0	2
695	132.296170	132.565400	A4	64	68	0	5
696	132.331426	132.520529	B3	64	88	1	-2
697	132.523734	133.879500	C#3	64	88	1	-2
698	132.533349	133.853859	G#4	64	68	0	4
699	132.716041	133.187194	G#3	64	71	1	-5
700	132.908348	133.187194	C#4	64	80	0	2
701	133.100655	133.499693	G#4	64	91	0	4
702	133.485270	133.933987	G#3	64	87	1	-5
703	133.677577	134.126294	C#4	64	89	0	2
704	133.869884	134.533344	G#4	64	87	0	4
705	134.062192	135.337830	C#3	64	89	1	-2
706	134.254499	134.722447	G#3	64	72	1	-5
707	134.446806	134.757703	C#4	64	89	0	2
708	134.639113	135.145522	C#5	64	90	0	4
709	134.831421	135.225651	C#5	64	68	0	4
710	134.831421	135.265715	G#3	64	77	1	-5
711	135.023728	135.273727	G#4	64	84	0	4
712	135.216035	135.454817	C#4	64	88	0	2
713	135.225651	135.663150	B4	64	68	0	2
714	135.600650	135.836226	C#4	64	78	0	2
715	135.600650	136.023726	F#4	64	80	0	2
716	135.600650	137.001287	F#2	64	87	1	-4
717	135.792957	137.004493	C#3	64	77	1	-2
718	135.930777	137.595837	F#4	64	68	0	2
719	135.985264	136.241674	C#4	64	86	0	2
720	136.177571	136.570199	A4	64	88	0	5
721	136.562186	136.800967	F#4	64	83	0	2
722	136.754493	137.320197	C#4	64	87	0	2
723	136.946800	137.672760	A4	64	91	0	5
724	137.331415	137.857055	C#3	64	75	1	-2
725	137.523722	138.014106	C#4	64	83	0	2
726	137.716029	138.042952	F#4	64	80	0	2
727	138.100644	138.220836	C#4	64	77	0	2
728	138.292951	138.568592	F#4	64	77	0	2
729	138.485258	138.653527	C#4	64	77	0	2
730	138.677566	139.062180	C#4	64	88	0	2
731	138.677566	138.706412	F#2	64	75	1	-4
732	138.677566	139.227244	C#4	64	81	0	2
733	138.677566	139.512500	F#3	64	75	1	-2
734	139.062180	139.446795	A4	64	88	0	5
735	139.062180	139.581410	C#3	64	61	1	-2
736	139.446795	139.831409	F#4	64	85	0	2
737	139.446795	140.225639	A3	64	83	1	-4
738	139.831409	140.216024	E4	64	91	0	5
739	139.831409	140.339421	C#3	64	67	1	-2
740	140.216024	140.983650	C#4	64	92	0	2
741	140.216024	140.490061	C#4	64	83	0	2
742	140.600638	141.502880	C#3	64	40	1	-2
743	140.985253	141.369867	C#4	64	90	0	2
744	140.985253	141.283329	C#4	64	83	0	2
745	140.985253	141.454803	F#3	64	82	1	-2
746	141.369867	141.754482	E4	64	91	0	5
747	141.754482	142.139096	F#4	64	87	0	2
748	141.754482	142.135891	F#4	64	81	0	2
749	141.754482	142.416339	F#3	64	67	1	-2
750	141.754482	144.393899	F#2	64	76	1	-4
751	142.139096	142.523711	A4	64	91	0	5
752	142.139096	143.390696	C#3	64	63	1	-2
753	142.523711	142.922748	F#4	64	88	0	2
754	142.523711	142.946787	C#4	64	82	0	2
755	142.908325	143.292940	E4	64	89	0	5
756	142.908325	143.129478	A3	64	77	1	-4
757	143.292940	144.829795	F#4	64	91	0	2
758	143.292940	143.868259	C#4	64	77	0	2
759	143.677554	144.280117	C#3	64	47	1	-2
760	144.062169	144.339412	A3	64	74	1	-4
761	144.062169	144.350630	C#4	64	79	0	2
762	144.062169	144.401911	F#3	64	69	1	-2
763	144.831398	145.216012	F#4	64	93	0	2
764	144.831398	147.254469	B2	64	87	1	-4
765	145.216012	145.599024	B4	64	89	0	2
766	145.216012	145.706396	F#3	64	73	1	-2
767	145.600627	145.985241	B4	64	89	0	2
768	145.600627	146.373061	D4	64	84	0	3
769	145.600627	146.392292	B3	64	80	1	-2
770	145.985241	146.369856	C#5	64	91	0	4
771	145.985241	146.594214	F#3	64	67	1	-2
772	146.369856	147.139085	B4	64	88	0	2
773	146.369856	147.294533	F#4	64	79	0	2
774	146.754470	147.259277	F#3	64	61	1	-2
775	147.139085	147.523699	A4	64	93	0	5
776	147.139085	147.421135	D4	64	82	0	3
777	147.523699	147.908314	F#4	64	91	0	2
778	147.908314	148.292928	E4	64	94	0	5
779	147.908314	148.427543	E4	64	81	0	5
780	147.908314	148.544530	G#4	64	76	0	4
781	147.908314	148.732030	E3	64	87	1	-4
782	148.292928	148.675940	F#4	64	89	0	2
783	148.292928	148.696773	B3	64	77	1	-2
784	148.677543	149.062157	F#4	64	90	0	2
785	148.677543	148.874658	E4	64	89	0	5
786	149.062157	149.446772	E4	64	88	0	5
787	149.446772	150.983627	C#4	64	87	0	2
788	149.446772	150.216001	G#4	64	74	0	4
789	149.446772	150.238437	C#4	64	77	0	2
790	149.446772	150.307347	C#3	64	78	1	-2
791	149.831386	150.283308	G#3	64	81	1	-5
792	150.216001	150.619846	E4	64	88	0	5
793	150.600615	150.709589	C#4	64	85	0	2
794	150.985230	151.369844	C#4	64	91	0	2
795	150.985230	153.675929	F#2	64	87	1	-4
796	151.369844	151.754459	A4	64	89	0	5
797	151.369844	152.619841	C#3	64	79	1	-2
798	151.754459	152.139073	F#4	64	87	0	2
799	151.754459	152.187150	A3	64	86	1	-4
800	152.139073	152.523688	E4	64	88	0	5
801	152.139073	152.373047	F#3	64	71	1	-2
802	152.523688	153.292917	C#4	64	88	0	2
803	152.523688	152.903494	C#4	64	79	0	2
804	152.908302	153.659903	C#3	64	56	1	-2
805	153.292917	153.677531	E4	64	98	0	5
806	153.292917	153.611826	F#4	64	84	0	2
807	153.677531	154.062146	F#4	64	93	0	2
808	154.062146	154.829772	B4	64	92	0	2
809	154.062146	156.542909	B2	64	85	1	-4
810	154.446760	154.514068	B3	64	81	1	-2
811	154.831375	155.599001	B4	64	88	0	2
812	154.831375	155.748039	F#3	64	80	1	-2
813	155.215989	155.632655	D4	64	81	0	3
814	155.600604	157.139062	B4	64	88	0	2
815	155.600604	156.371435	F#4	64	80	0	2
816	155.985218	156.443550	F#3	64	68	1	-2
817	156.369833	156.555730	B3	64	80	1	-2
818	156.369833	156.576563	D4	64	83	0	3
819	157.139062	157.523676	F#4	64	85	0	2
820	157.139062	157.637458	E4	64	83	0	5
821	157.139062	157.712778	G#4	64	80	0	4
822	157.139062	159.544505	E3	64	89	1	-4
823	157.523676	157.906688	B4	64	88	0	2
824	157.523676	159.514056	B3	64	78	1	-2
825	157.908291	158.292905	B4	64	83	0	2
826	157.908291	158.496430	G#4	64	76	0	4
827	158.292905	158.677520	C#5	64	91	0	4
828	158.292905	159.381044	G#3	64	69	1	-5
829	158.677520	159.445146	B4	64	88	0	2
830	158.677520	159.273672	E4	64	79	0	5
831	158.677520	159.307326	B4	64	83	0	2
832	159.446749	159.831363	B4	64	91	0	2
833	159.446749	159.796107	G#4	64	82	0	4
834	159.831363	160.215978	C#5	64	87	0	4
835	160.215978	160.985207	E4	64	93	0	5
836	160.600592	161.978794	C#3	64	73	1	-2
837	160.985207	161.754436	A4	64	87	0	5
838	160.985207	161.491616	A3	64	86	1	-4
839	161.369821	161.792897	C#4	64	73	0	2
840	161.754436	166.368207	F#4	64	88	0	2
841	161.754436	162.206358	F#4	64	87	0	2
842	162.139050	162.655075	C#3	64	64	1	-2
843	162.908279	163.336163	C#3	64	76	1	-2
844	163.121420	163.300906	F#3	64	75	1	-2
845	163.231996	163.353791	A3	64	84	1	-4
846	163.262445	163.360201	F#2	64	87	1	-4
847	163.264048	163.315330	C#4	64	80	0	2
848	163.312124	163.679111	F#4	64	82	0	2
849	163.701547	166.012439	F#3	64	88	1	-2
850	164.092571	164.983595	C#4	64	78	0	2
851	164.433917	164.667890	F#4	64	77	0	2
852	164.808916	165.467568	F#4	64	80	0	2
853	164.812121	165.481991	C#5	64	73	0	4
854	165.196735	165.693529	C#4	64	61	0	2
855	165.581350	166.305707	F#4	64	83	0	2
856	165.582952	166.305707	A4	64	89	0	5
857	165.943529	166.241605	C#4	64	75	0	2
858	166.369810	166.754424	F#4	64	91	0	2
859	166.369810	169.231983	F#2	64	88	1	-4
860	166.754424	167.139039	A4	64	89	0	5
861	166.754424	167.342564	C#3	64	73	1	-2
862	167.139039	167.523653	F#4	64	89	0	2
863	167.139039	167.949934	A3	64	83	1	-4
864	167.523653	167.908268	E4	64	94	0	5
865	167.523653	168.073331	C#3	64	69	1	-2
866	167.908268	168.677497	F#4	64	89	0	2
867	167.908268	168.105383	C#4	64	87	0	2
868	168.292882	169.292880	C#3	64	64	1	-2
869	168.677497	169.062111	A4	64	89	0	5
870	168.677497	168.973970	F#4	64	81	0	2
871	168.677497	168.994804	F#3	64	92	1	-2
872	169.062111	169.446726	B4	64	91	0	2
873	169.446726	170.214352	C#5	64	91	0	4
874	169.446726	171.821720	F#2	64	82	1	-4
875	169.831340	171.150247	C#3	64	76	1	-2
876	170.215955	170.983581	C#5	64	93	0	4
877	170.215955	170.663069	A3	64	87	1	-4
878	170.600569	171.054094	F#3	64	88	1	-2
879	170.985184	171.369798	C#5	64	94	0	4
880	170.985184	171.413067	F#4	64	84	0	2
881	171.369798	171.562105	E5	64	91	0	2
882	171.369798	171.823323	C#3	64	71	1	-2
883	171.562105	171.754413	C#5	64	91	0	4
884	171.754413	172.139027	B4	64	98	0	2
885	171.754413	171.941912	F#3	64	87	1	-2
886	171.754413	172.123002	A3	64	88	1	-4
887	172.139027	172.523642	A4	64	89	0	5
888	172.139027	172.241591	F#3	64	88	1	-2
889	172.523642	172.906654	B4	64	92	0	2
890	172.523642	173.371396	B3	64	87	1	-2
891	172.523642	174.967546	B2	64	87	1	-4
892	172.908256	173.677485	B4	64	94	0	2
893	172.908256	173.443511	F#3	64	74	1	-2
894	173.292871	174.127805	D4	64	84	0	3
895	173.677485	174.062100	A4	64	91	0	5
896	173.677485	174.158253	F#3	64	70	1	-2
897	174.062100	174.831329	B4	64	96	0	2
898	174.062100	174.393830	F#4	64	88	0	2
899	174.446714	174.853765	F#3	64	63	1	-2
900	174.831329	175.600558	C#5	64	88	0	4
901	174.831329	174.970751	B3	64	86	1	-2
902	174.831329	175.092546	D4	64	88	0	3
903	174.831329	175.217546	F#4	64	87	0	2
904	175.215943	175.449917	B3	64	84	1	-2
905	175.600558	175.985172	B4	64	94	0	2
906	175.600558	175.836134	C#4	64	78	0	2
907	175.600558	175.864980	E4	64	87	0	5
908	175.600558	176.440299	C#3	64	89	1	-2
909	175.985172	176.177479	C#5	64	88	0	4
910	175.985172	176.393825	G#3	64	72	1	-5
911	176.177479	176.369787	B4	64	91	0	2
912	176.369787	176.754401	A4	64	94	0	5
913	176.369787	176.802478	C#4	64	85	0	2
914	176.754401	177.139016	B4	64	91	0	2
915	176.754401	176.898632	C#3	64	75	1	-2
916	177.139016	178.675871	F#4	64	93	0	2
917	177.139016	178.199911	F#2	64	86	1	-4
918	177.523630	178.270423	C#3	64	81	1	-2
919	177.908245	178.350551	A3	64	82	1	-4
920	177.908245	178.413051	F#3	64	83	1	-2
921	177.908245	178.445102	C#4	64	82	0	2
922	178.677474	179.062088	F#4	64	91	0	2
923	178.677474	179.084524	F#4	64	80	0	2
924	178.677474	179.355357	F#3	64	82	1	-2
925	178.677474	180.510803	F#2	64	84	1	-4
926	179.062088	179.446703	A4	64	89	0	5
927	179.062088	179.603754	C#3	64	75	1	-2
928	179.446703	179.831317	F#4	64	89	0	2
929	179.446703	179.908240	A3	64	81	1	-4
930	179.831317	180.215932	E4	64	94	0	5
931	179.831317	180.755995	F#3	64	90	1	-2
932	180.215932	180.985161	F#4	64	89	0	2
933	180.215932	180.799264	C#4	64	88	0	2
934	180.600546	180.783238	A3	64	81	1	-4
935	180.985161	181.369775	A4	64	89	0	5
936	180.985161	181.177468	A3	64	88	1	-4
937	180.985161	181.196699	C#4	64	81	0	2
938	180.985161	181.203109	F#3	64	87	1	-2
939	180.985161	181.395416	F#4	64	84	0	2
940	181.369775	181.754390	C#5	64	91	0	4
941	181.754390	182.522016	B4	64	91	0	2
942	181.754390	182.589324	D4	64	83	0	3
943	181.754390	183.493168	B3	64	80	1	-2
944	181.754390	184.307268	B2	64	87	1	-4
945	182.139004	182.695093	F#3	64	73	1	-2
946	182.523619	183.291245	B4	64	93	0	2
947	182.523619	183.334514	F#4	64	83	0	2
948	182.908233	183.531629	F#3	64	70	1	-2
949	183.292848	183.677462	B4	64	94	0	2
950	183.292848	183.538039	D4	64	44	0	3
951	183.292848	183.828103	B4	64	88	0	2
952	183.677462	183.869769	C#5	64	91	0	4
953	183.677462	183.975538	B3	64	84	1	-2
954	183.869769	184.062077	B4	64	91	0	2
955	184.062077	184.446691	A4	64	98	0	5
956	184.062077	184.116564	B3	64	78	1	-2
957	184.062077	184.448294	D4	64	90	0	3
958	184.062077	184.470730	F#4	64	80	0	2
959	184.446691	185.215920	B4	64	89	0	2
960	184.446691	184.568486	B3	64	88	1	-2
961	184.831306	184.953100	C#2	64	83	1	-4
962	184.831306	185.805662	C#4	64	85	0	2
963	184.831306	186.071687	E4	64	88	0	5
964	185.215920	185.598932	C#5	64	93	0	4
965	185.215920	187.632581	C#3	64	84	1	-2
966	185.600535	185.983547	C#5	64	94	0	4
967	185.600535	186.513994	G#3	64	86	1	-5
968	185.985149	186.369764	C#5	64	92	0	4
969	185.985149	186.483545	C#4	64	88	0	2
970	186.369764	186.754378	B4	64	94	0	2
971	186.369764	186.804058	G#4	64	87	0	4
972	186.369764	186.805660	E4	64	88	0	5
973	186.562071	187.187069	C#4	64	47	0	2
974	186.754378	187.138993	C#5	64	93	0	4
975	186.754378	187.541235	G#3	64	70	1	-5
976	187.138993	187.541235	E5	64	93	0	2
977	187.138993	187.305659	E4	64	89	0	5
978	187.138993	187.603735	G#4	64	90	0	4
979	187.523607	187.908222	B4	64	94	0	2
980	187.523607	187.804055	C#4	64	80	0	2
981	187.908222	190.985138	C#5	64	94	0	4
982	187.908222	188.413028	C#4	64	88	0	2
983	187.908222	188.847322	C#3	64	90	1	-2
984	188.292836	188.884181	G#3	64	75	1	-5
985	188.677451	188.901809	C#4	64	89	0	2
986	188.677451	189.278411	G#4	64	86	0	4
987	189.062065	189.328090	C#4	64	77	0	2
988	189.446680	189.842512	G#4	64	83	0	4
989	189.446680	189.879371	C#4	64	89	0	2
990	189.831294	190.312062	G#3	64	75	1	-5
991	189.831294	190.332896	C#3	64	74	1	-2
992	190.215909	190.938663	C#4	64	96	0	2
993	190.215909	190.997958	C#5	64	87	0	4
994	190.600523	190.983535	C#3	64	85	1	-2
995	190.600523	190.986740	G#3	64	87	1	-5
996	190.985138	191.369752	F#4	64	91	0	2
997	190.985138	193.847311	F#2	64	88	1	-4
998	191.369752	191.754367	A4	64	89	0	5
999	191.369752	191.957892	C#3	64	73	1	-2
1000	191.754367	192.138981	F#4	64	89	0	2
1001	191.754367	192.565262	A3	64	83	1	-4
1002	192.138981	192.523596	E4	64	94	0	5
1003	192.138981	192.688659	C#3	64	69	1	-2
1004	192.523596	193.292825	F#4	64	89	0	2
1005	192.523596	192.720711	C#4	64	87	0	2
1006	192.908210	193.908208	C#3	64	64	1	-2
1007	193.292825	193.677439	A4	64	89	0	5
1008	193.292825	193.589298	F#4	64	81	0	2
1009	193.292825	193.610132	F#3	64	92	1	-2
1010	193.677439	194.062054	B4	64	91	0	2
1011	194.062054	194.829680	C#5	64	91	0	4
1012	194.062054	196.437048	F#2	64	82	1	-4
1013	194.446668	195.765575	C#3	64	76	1	-2
1014	194.831283	195.598909	C#5	64	93	0	4
1015	194.831283	195.278397	A3	64	87	1	-4
1016	195.215897	195.669422	F#3	64	88	1	-2
1017	195.600512	195.985126	C#5	64	94	0	4
1018	195.600512	196.028395	F#4	64	84	0	2
1019	195.985126	196.177433	E5	64	91	0	2
1020	195.985126	196.438651	C#3	64	71	1	-2
1021	196.177433	196.369741	C#5	64	91	0	4
1022	196.369741	196.754355	B4	64	98	0	2
1023	196.369741	196.557240	F#3	64	87	1	-2
1024	196.369741	196.738330	A3	64	88	1	-4
1025	196.754355	197.138970	A4	64	89	0	5
1026	196.754355	196.856919	F#3	64	88	1	-2
1027	197.138970	197.521982	B4	64	92	0	2
1028	197.138970	197.986724	B3	64	87	1	-2
1029	197.138970	199.582874	B2	64	87	1	-4
1030	197.523584	198.292813	B4	64	94	0	2
1031	197.523584	198.058839	F#3	64	74	1	-2
1032	197.908199	198.743133	D4	64	84	0	3
1033	198.292813	198.677428	A4	64	91	0	5
1034	198.292813	198.773581	F#3	64	70	1	-2
1035	198.677428	199.446657	B4	64	96	0	2
1036	198.677428	199.009158	F#4	64	88	0	2
1037	199.062042	199.469093	F#3	64	63	1	-2
1038	199.446657	200.215886	C#5	64	88	0	4
1039	199.446657	199.586079	B3	64	86	1	-2
1040	199.446657	199.707874	D4	64	88	0	3
1041	199.446657	199.832874	F#4	64	87	0	2
1042	199.831271	200.065245	B3	64	84	1	-2
1043	200.215886	200.600500	B4	64	94	0	2
1044	200.215886	200.451462	C#4	64	78	0	2
1045	200.215886	200.480308	E4	64	87	0	5
1046	200.215886	201.055627	C#3	64	89	1	-2
1047	200.600500	200.792807	C#5	64	88	0	4
1048	200.600500	201.009153	G#3	64	72	1	-5
1049	200.792807	200.985115	B4	64	91	0	2
1050	200.985115	201.369729	A4	64	94	0	5
1051	200.985115	201.409793	G#4	64	80	0	4
1052	200.985115	201.417806	C#4	64	85	0	2
1053	201.369729	201.754344	B4	64	91	0	2
1054	201.369729	201.513960	C#3	64	75	1	-2
1055	201.754344	203.291199	F#4	64	93	0	2
1056	201.754344	202.815239	F#2	64	86	1	-4
1057	202.138958	202.885751	C#3	64	81	1	-2
1058	202.523573	202.965879	A3	64	82	1	-4
1059	202.523573	203.028379	F#3	64	83	1	-2
1060	202.523573	203.060430	C#4	64	82	0	2
1061	203.292802	203.677416	F#4	64	91	0	2
1062	203.292802	203.699852	F#4	64	80	0	2
1063	203.292802	203.970685	F#3	64	82	1	-2
1064	203.292802	205.126131	F#2	64	84	1	-4
1065	203.677416	204.062031	A4	64	89	0	5
1066	203.677416	204.219082	C#3	64	75	1	-2
1067	204.062031	204.446645	F#4	64	89	0	2
1068	204.062031	204.523568	A3	64	81	1	-4
1069	204.446645	204.831260	E4	64	94	0	5
1070	204.446645	205.371323	F#3	64	90	1	-2
1071	204.831260	205.600489	F#4	64	89	0	2
1072	204.831260	205.414592	C#4	64	88	0	2
1073	205.215874	205.398566	A3	64	81	1	-4
1074	205.600489	205.985103	A4	64	89	0	5
1075	205.600489	205.792796	A3	64	88	1	-4
1076	205.600489	205.812027	C#4	64	81	0	2
1077	205.600489	205.818437	F#3	64	87	1	-2
1078	205.600489	206.010744	F#4	64	84	0	2
1079	205.985103	206.369718	C#5	64	91	0	4
1080	206.369718	207.137344	B4	64	91	0	2
1081	206.369718	207.204652	D4	64	83	0	3
1082	206.369718	208.108496	B3	64	80	1	-2
1083	206.369718	208.922596	B2	64	87	1	-4
1084	206.754332	207.310421	F#3	64	73	1	-2
1085	207.138947	207.906573	B4	64	93	0	2
1086	207.138947	207.949842	F#4	64	83	0	2
1087	207.523561	208.146957	F#3	64	70	1	-2
1088	207.908176	208.292790	B4	64	94	0	2
1089	207.908176	208.153367	D4	64	44	0	3
1090	207.908176	208.443431	B4	64	88	0	2
1091	208.292790	208.485097	C#5	64	91	0	4
1092	208.292790	208.590866	B3	64	84	1	-2
1093	208.485097	208.677405	B4	64	91	0	2
1094	208.677405	209.062019	A4	64	98	0	5
1095	208.677405	208.731892	B3	64	78	1	-2
1096	208.677405	209.063622	D4	64	90	0	3
1097	208.677405	209.086058	F#4	64	80	0	2
1098	209.062019	209.831248	B4	64	89	0	2
1099	209.062019	209.183814	B3	64	88	1	-2
1100	209.446634	209.568428	C#2	64	83	1	-4
1101	209.446634	210.420990	C#4	64	85	0	2
1102	209.446634	210.687015	E4	64	88	0	5
1103	209.831248	210.215863	C#5	64	93	0	4
1104	209.831248	212.247909	C#3	64	84	1	-2
1105	210.215863	210.600477	B4	64	94	0	2
1106	210.215863	211.129322	G#3	64	86	1	-5
1107	210.600477	210.985092	C#5	64	92	0	4
1108	210.600477	211.098873	C#4	64	88	0	2
1109	210.985092	211.562013	E5	64	94	0	2
1110	210.985092	211.419386	G#4	64	87	0	4
1111	210.985092	211.420988	E4	64	88	0	5
1112	211.177399	211.802397	C#4	64	47	0	2
1113	211.369706	212.156563	G#3	64	70	1	-5
1114	211.562013	212.138935	B4	64	93	0	2
1115	211.754321	211.920987	E4	64	89	0	5
1116	211.754321	212.219063	G#4	64	90	0	4
1117	212.138935	212.541178	C#5	64	93	0	4
1118	212.138935	212.419383	C#4	64	80	0	2
1119	212.523550	213.100471	E4	64	94	0	5
1120	212.523550	213.187010	C#4	64	80	0	2
1121	212.523550	213.191817	F#4	64	82	0	2
1122	212.523550	215.578030	F#2	64	88	1	-4
1123	212.908164	214.180597	C#3	64	80	1	-2
1124	213.100471	215.598863	F#4	64	88	0	2
1125	213.292779	213.478676	C#4	64	79	0	2
1126	213.292779	213.704637	A4	64	87	0	5
1127	213.677393	213.864893	F#4	64	75	0	2
1128	213.677393	213.868098	C#4	64	71	0	2
1129	214.062008	214.417776	C#5	64	89	0	4
1130	214.446622	214.698224	C#4	64	78	0	2
1131	214.831237	215.555594	F#4	64	84	0	2
1132	214.831237	215.565209	C#4	64	79	0	2
1133	214.831237	215.600466	A4	64	77	0	5
1134	215.215851	215.598863	C#3	64	76	1	-2
1135	215.600466	215.985080	F#4	64	91	0	2
1136	215.600466	217.055591	F#2	64	85	1	-4
1137	215.792773	216.310400	C#3	64	75	1	-2
1138	215.985080	216.369695	A4	64	89	0	5
1139	215.985080	216.302387	F#3	64	82	1	-2
1140	216.177387	216.735078	C#4	64	87	0	2
1141	216.369695	216.754309	F#4	64	89	0	2
1142	216.562002	216.786360	A3	64	77	1	-4
1143	216.754309	217.138924	E4	64	94	0	5
1144	216.754309	217.029950	F#3	64	80	1	-2
1145	216.946616	217.331231	C#4	64	85	0	2
1146	217.138924	217.908153	F#4	64	89	0	2
1147	217.138924	218.336036	F#2	64	81	1	-4
1148	217.331231	217.783153	C#3	64	69	1	-2
1149	217.523538	217.800781	F#3	64	83	1	-2
1150	217.715845	218.211037	F#4	64	91	0	2
1151	217.908153	218.292767	A4	64	89	0	5
1152	217.908153	218.178985	C#3	64	69	1	-2
1153	218.100460	218.371293	C#4	64	83	0	2
1154	218.292767	218.677382	B4	64	91	0	2
1155	218.292767	218.662959	F#3	64	89	1	-2
1156	218.485074	218.794369	A3	64	75	1	-4
1157	218.677382	219.445008	C#5	64	91	0	4
1158	218.677382	221.172568	F#2	64	88	1	-4
1159	218.869689	220.158147	C#3	64	75	1	-2
1160	219.061996	219.483470	F#3	64	76	1	-2
1161	219.254303	219.638918	A3	64	86	1	-4
1162	219.446611	220.214237	C#5	64	93	0	4
1163	219.638918	220.103660	C#4	64	79	0	2
1164	219.831225	220.097250	A3	64	79	1	-4
1165	220.023532	220.287955	F#3	64	77	1	-2
1166	220.215840	220.600454	C#5	64	94	0	4
1167	220.215840	220.279942	C#4	64	61	0	2
1168	220.215840	221.252696	F#4	64	87	0	2
1169	220.600454	220.792761	E5	64	91	0	2
1170	220.600454	220.927376	C#3	64	71	1	-2
1171	220.792761	220.985069	C#5	64	91	0	4
1172	220.792761	221.267119	C#4	64	84	0	2
1173	220.985069	221.369683	B4	64	98	0	2
1174	220.985069	221.172568	C#3	64	73	1	-2
1175	221.177376	221.401734	A3	64	83	1	-4
1176	221.369683	221.754298	A4	64	89	0	5
1177	221.369683	221.622888	F#3	64	87	1	-2
1178	221.561990	221.719041	A3	64	84	1	-4
1179	221.754298	222.137310	B4	64	92	0	2
1180	221.754298	223.214230	B2	64	88	1	-4
1181	222.138912	222.908141	B4	64	94	0	2
1182	222.138912	222.602052	F#3	64	79	1	-2
1183	222.331219	222.970641	D4	64	90	0	3
1184	222.715834	223.172564	F#3	64	75	1	-2
1185	222.908141	223.292756	A4	64	91	0	5
1186	222.908141	223.353653	B3	64	83	1	-2
1187	223.100448	223.550768	D4	64	81	0	3
1188	223.292756	224.061985	B4	64	96	0	2
1189	223.292756	224.529932	B2	64	89	1	-4
1190	223.485063	223.933780	F#3	64	75	1	-2
1191	223.677370	223.943395	B3	64	85	1	-2
1192	223.869677	224.340830	F#4	64	91	0	2
1193	224.061985	224.831214	C#5	64	88	0	4
1194	224.061985	224.355253	F#3	64	79	1	-2
1195	224.254292	224.483458	D4	64	88	0	3
1196	224.446599	224.725445	B3	64	83	1	-2
1197	224.638906	224.797560	D4	64	83	0	3
1198	224.831214	225.215828	B4	64	94	0	2
1199	224.831214	226.061980	C#3	64	89	1	-2
1200	225.023521	225.488263	G#3	64	75	1	-5
1201	225.215828	225.408135	C#5	64	88	0	4
1202	225.215828	225.472238	C#4	64	88	0	2
1203	225.408135	225.600443	B4	64	91	0	2
1204	225.408135	225.988262	G#4	64	89	0	4
1205	225.600443	225.985057	A4	64	94	0	5
1206	225.792750	226.102044	G#3	64	87	1	-5
1207	225.985057	226.369672	B4	64	91	0	2
1208	225.985057	226.251082	C#4	64	89	0	2
1209	226.177364	226.380890	G#4	64	79	0	4
1210	226.369672	227.906527	F#4	64	93	0	2
1211	226.369672	227.586015	F#2	64	91	1	-4
1212	226.561979	226.999478	C#3	64	69	1	-2
1213	226.754286	227.037939	F#3	64	82	1	-2
1214	226.946593	227.249477	F#4	64	92	0	2
1215	227.138901	227.420951	C#3	64	81	1	-2
1216	227.331208	227.592425	C#4	64	82	0	2
1217	227.523515	227.927360	F#3	64	88	1	-2
1218	227.908130	228.292744	F#4	64	91	0	2
1219	227.908130	229.321588	F#2	64	91	1	-4
1220	228.100437	228.654923	C#3	64	74	1	-2
1221	228.292744	228.677359	A4	64	89	0	5
1222	228.292744	228.603641	F#3	64	89	1	-2
1223	228.485051	228.901717	F#4	64	89	0	2
1224	228.677359	229.061973	F#4	64	89	0	2
1225	228.869666	229.130883	C#4	64	83	0	2
1226	229.061973	229.446588	E4	64	94	0	5
1227	229.061973	229.451395	F#3	64	88	1	-2
1228	229.254280	230.110048	F#4	64	86	0	2
1229	229.446588	230.215817	F#4	64	89	0	2
1230	229.446588	230.605239	F#2	64	88	1	-4
1231	229.638895	230.127676	C#3	64	74	1	-2
1232	229.831202	230.100432	F#3	64	82	1	-2
1233	230.023509	230.638893	C#4	64	87	0	2
1234	230.215817	230.600431	A4	64	89	0	5
1235	230.408124	230.616457	C#3	64	86	1	-2
1236	230.600431	230.985046	C#5	64	91	0	4
1237	230.600431	230.834405	F#3	64	89	1	-2
1238	230.792738	231.086007	F#4	64	80	0	2
1239	230.985046	231.752672	B4	64	91	0	2
1240	230.985046	232.454594	B2	64	87	1	-4
1241	231.177353	231.536326	F#3	64	67	1	-2
1242	231.369660	231.691775	B3	64	83	1	-2
1243	231.561967	231.927351	D4	64	89	0	3
1244	231.754275	232.521901	B4	64	93	0	2
1245	231.754275	232.432158	F#3	64	82	1	-2
1246	231.946582	232.233440	B3	64	88	1	-2
1247	232.138889	233.150105	F#4	64	86	0	2
1248	232.331196	232.754272	D4	64	81	0	3
1249	232.523504	232.908118	B4	64	94	0	2
1250	232.523504	233.866449	B2	64	89	1	-4
1251	232.715811	233.201387	F#3	64	82	1	-2
1252	232.908118	233.100425	C#5	64	91	0	4
1253	232.908118	233.246258	B3	64	88	1	-2
1254	233.100425	233.292733	B4	64	91	0	2
1255	233.100425	233.961000	B4	64	90	0	2
1256	233.292733	233.677347	A4	64	98	0	5
1257	233.485040	233.800744	F#3	64	88	1	-2
1258	233.677347	234.446576	B4	64	89	0	2
1259	233.677347	234.042731	F#4	64	89	0	2
1260	233.869654	234.058757	B3	64	88	1	-2
1261	234.061962	235.417728	C#3	64	88	1	-2
1262	234.254269	234.725422	G#3	64	71	1	-5
1263	234.446576	234.831191	C#5	64	93	0	4
1264	234.446576	234.725422	C#4	64	80	0	2
1265	234.638883	235.037921	G#4	64	91	0	4
1266	234.831191	235.215805	B4	64	94	0	2
1267	235.023498	235.472215	G#3	64	87	1	-5
1268	235.215805	235.600420	C#5	64	92	0	4
1269	235.215805	235.664522	C#4	64	89	0	2
1270	235.408112	236.071572	G#4	64	87	0	4
1271	235.600420	235.985034	B4	64	94	0	2
1272	235.600420	236.876058	C#3	64	89	1	-2
1273	235.792727	236.260675	G#3	64	72	1	-5
1274	235.985034	236.369649	C#5	64	93	0	4
1275	235.985034	236.295931	C#4	64	89	0	2
1276	236.177341	236.683750	C#5	64	90	0	4
1277	236.369649	236.771891	E5	64	93	0	2
1278	236.369649	236.803943	G#3	64	77	1	-5
1279	236.561956	236.811955	G#4	64	84	0	4
1280	236.754263	237.138878	B4	64	94	0	2
1281	236.754263	236.993045	C#4	64	88	0	2
1282	237.138878	239.832782	C#5	64	88	0	4
1283	237.138878	237.374454	C#4	64	78	0	2
1284	237.138878	237.561954	F#4	64	80	0	2
1285	237.138878	238.539515	F#2	64	87	1	-4
1286	237.331185	238.542721	C#3	64	77	1	-2
1287	237.523492	237.779902	C#4	64	86	0	2
1288	237.715799	238.108427	A4	64	88	0	5
1289	238.100414	238.339195	F#4	64	83	0	2
1290	238.292721	238.858425	C#4	64	87	0	2
1291	238.485028	239.210988	A4	64	91	0	5
1292	238.869643	239.395283	C#3	64	75	1	-2
1293	239.061950	239.552334	C#4	64	83	0	2
1294	239.254257	239.581180	F#4	64	80	0	2
1295	239.638872	239.759064	C#4	64	77	0	2
1296	239.831179	240.106820	F#4	64	77	0	2
1297	240.119640	240.191755	C#4	64	73	0	2
1298	240.193358	240.244640	F#2	64	81	1	-4
1299	240.194960	241.779893	F#4	64	79	0	2
1300	240.291114	241.763867	A4	64	71	0	5
