//Version: PianoFingering_v170101
0	0.497023	0.995535	D#5	64	86	0	1
1	0.497023	1.002975	B4	64	78	0	2
2	0.497023	1.391368	B3	64	85	1	-2
3	0.854166	1.907736	F#4	64	80	0	2
4	1.211308	1.348213	D#5	64	87	0	1
5	1.211308	1.397320	B4	64	87	0	2
6	1.568451	2.470236	C#5	64	85	0	4
7	1.568451	2.488093	A#4	64	85	0	1
8	1.568451	2.779759	A#3	64	85	1	-3
9	2.282736	2.735116	F#4	64	69	0	2
10	2.639878	2.787200	C#5	64	80	0	4
11	2.639878	2.812497	F#5	64	78	0	4
12	2.639878	2.822914	A#4	64	81	0	1
13	2.997021	3.885413	B4	64	86	0	2
14	2.997021	4.007436	G#4	64	85	0	4
15	2.997021	5.894339	G#3	64	85	1	-5
16	3.711306	4.587793	D#4	64	71	0	4
17	4.068448	4.325889	B4	64	83	0	2
18	4.068448	4.366067	D#5	64	87	0	1
19	4.425591	5.558030	G#4	64	72	0	4
20	5.139876	5.636899	D#4	64	69	0	4
21	5.497018	5.846720	G#5	64	85	0	1
22	5.497018	5.885411	D#5	64	85	0	1
23	5.497018	5.897316	B4	64	85	0	2
24	5.854161	5.983625	G#4	64	78	0	4
25	6.211303	6.523803	B4	64	79	0	2
26	6.211303	7.333326	B3	64	87	1	-2
27	6.568446	7.744040	F#4	64	76	0	2
28	6.925588	7.062493	B4	64	85	0	2
29	6.925588	7.351183	D#5	64	86	0	1
30	7.282731	7.486600	B4	64	85	0	2
31	7.639873	8.311004	A#4	64	88	0	1
32	7.639873	8.492551	A#3	64	85	1	-3
33	7.997016	8.425587	C#5	64	85	0	4
34	8.354158	8.583325	F#5	64	86	0	4
35	8.711301	11.874988	G#3	64	81	1	-5
36	8.711301	11.879452	G#4	64	89	0	4
37	11.660703	11.863083	B4	64	74	0	2
38	11.749988	13.950879	D#5	64	85	0	1
39	11.782726	14.206831	B3	64	86	1	-2
40	11.840762	14.008915	F#5	64	74	0	4
41	12.282726	12.413678	D#5	64	90	0	1
42	12.461297	12.571416	C#5	64	96	0	4
43	12.639868	12.915166	D#5	64	92	0	1
44	12.997011	13.080344	C#5	64	96	0	4
45	13.175582	13.763379	D#5	64	92	0	1
46	14.068438	14.324390	C#5	64	91	0	4
47	14.425581	14.665164	B4	64	86	0	2
48	14.699390	15.358616	G#4	64	70	0	4
49	14.755938	15.607127	B4	64	80	0	2
50	14.782723	15.047604	C#5	64	92	0	4
51	14.802069	17.099685	G#3	64	85	1	-5
52	14.818438	15.790163	D#5	64	76	0	1
53	15.139866	15.883913	B4	64	88	0	2
54	15.159211	16.947900	D#4	64	72	0	4
55	15.525282	15.810996	G#4	64	72	0	4
56	15.873496	16.778257	B4	64	81	0	2
57	15.880936	16.863078	G#4	64	72	0	4
58	17.282721	17.425578	C#5	64	96	0	4
59	17.517840	18.098196	B4	64	70	0	2
60	17.601173	18.435993	D#5	64	84	0	1
61	17.639863	17.772304	D#5	64	89	0	1
62	17.642839	18.989564	B3	64	88	1	-2
63	17.669625	18.467243	F#5	64	72	0	4
64	17.818435	17.909208	C#5	64	92	0	4
65	17.950875	18.864564	F#4	64	73	0	2
66	17.997006	18.111589	D#5	64	89	0	1
67	18.175577	18.285696	C#5	64	86	0	4
68	18.352660	18.723196	B4	64	69	0	2
69	18.354148	18.596708	D#5	64	92	0	1
70	18.711291	18.956826	F#5	64	86	0	4
71	19.425576	19.691945	E5	64	86	0	2
72	19.782718	19.985099	D#5	64	92	0	1
73	20.139861	20.241051	C#5	64	92	0	4
74	20.318432	20.796110	E5	64	90	0	2
75	20.354146	21.330336	D#5	64	80	0	1
76	20.406230	21.294622	B4	64	70	0	2
77	20.480634	22.483608	G#3	64	85	1	-5
78	20.485099	21.004443	G#4	64	74	0	4
79	20.830336	22.346704	D#4	64	70	0	4
80	20.854146	21.952359	D#5	64	88	0	1
81	21.199384	22.336287	G#4	64	80	0	4
82	21.528252	22.300573	B4	64	79	0	2
83	21.534205	22.288668	D#5	64	80	0	1
84	21.544621	22.258906	G#5	64	80	0	1
85	23.119024	23.824381	B4	64	72	0	2
86	23.166643	23.809500	G#4	64	77	0	4
87	23.290155	23.778250	E4	64	78	0	5
88	23.321405	24.425571	E3	64	85	1	-4
89	23.688964	24.482118	B3	64	74	1	-2
90	23.711286	23.827357	F#5	64	87	0	4
91	23.889857	23.985095	G#5	64	87	0	1
92	24.023785	24.331821	E4	64	94	0	5
93	24.068428	24.290154	G#5	64	88	0	1
94	24.425571	24.529737	G#5	64	91	0	1
95	24.604142	25.058011	F#5	64	92	0	4
96	24.790154	25.308010	F#4	64	81	0	2
97	24.793130	25.370510	A#4	64	83	0	1
98	24.797594	25.913665	F#3	64	86	1	-2
99	25.139856	25.598189	B4	64	91	0	2
100	25.139856	25.773784	C#4	64	75	0	2
101	25.507415	25.935986	F#4	64	99	0	2
102	26.110093	26.983604	A#4	64	74	0	1
103	26.157712	26.910687	C#5	64	82	0	4
104	26.190450	26.941937	A#3	64	85	1	-3
105	26.215748	26.999973	F#5	64	81	0	4
106	26.925568	27.395806	C#5	64	91	0	4
107	27.461282	27.571401	D#5	64	86	0	1
108	27.519318	27.985091	G#4	64	74	0	4
109	27.560984	27.958305	B4	64	77	0	2
110	27.633901	28.141341	G#3	64	85	1	-5
111	27.639853	27.913663	C#5	64	92	0	4
112	27.645806	28.245507	D#5	64	85	0	1
113	27.996996	28.348186	B4	64	87	0	2
114	28.345210	28.668126	A#4	64	80	0	1
115	28.345210	28.715745	F#4	64	80	0	2
116	28.352650	28.751459	F#3	64	82	1	-2
117	28.532710	28.611579	C#5	64	96	0	4
118	28.711281	28.808007	C#5	64	99	0	4
119	28.889852	28.985090	D#5	64	89	0	1
120	29.065447	29.791637	E4	64	76	0	5
121	29.066935	29.549078	G#4	64	80	0	4
122	29.068423	29.308006	E5	64	88	0	2
123	29.077352	30.163660	E3	64	86	1	-4
124	29.401756	30.105625	B3	64	72	1	-2
125	29.425566	29.671101	F#5	64	89	0	4
126	29.760387	30.157708	B4	64	85	0	2
127	29.766339	30.105625	G#4	64	84	0	4
128	29.782708	30.040149	E5	64	87	0	2
129	30.139851	30.391339	D#5	64	94	0	1
130	30.467231	31.081814	A#4	64	81	0	1
131	30.471696	30.979136	F#4	64	80	0	2
132	30.477648	31.494016	F#3	64	86	1	-2
133	30.496993	30.904731	D#5	64	91	0	1
134	30.816933	31.415147	C#4	64	78	0	2
135	31.032707	31.319909	B4	64	86	0	2
136	31.175564	31.610087	F#4	64	87	0	2
137	31.552052	31.912170	A#4	64	89	0	1
138	31.568421	32.126456	B4	64	92	0	2
139	31.901754	32.749967	C#5	64	81	0	4
140	31.906218	34.581811	C#4	64	86	0	2
141	32.257408	34.540144	E4	64	71	0	5
142	32.282706	33.089253	C#5	64	91	0	4
143	32.620503	33.657704	G#4	64	81	0	4
144	32.964253	33.943418	E5	64	86	0	2
145	34.016335	34.246990	G#4	64	85	0	4
146	34.022287	34.700858	C#5	64	85	0	4
147	34.382406	34.727644	G#4	64	85	0	4
148	34.782703	35.316929	D#5	64	87	0	1
149	34.782703	35.568417	B4	64	82	0	2
150	34.782703	37.194903	B3	64	88	1	-2
151	35.139846	35.270798	D#5	64	90	0	1
152	35.139846	36.349666	F#4	64	75	0	2
153	35.318417	35.428536	C#5	64	96	0	4
154	35.496988	35.772286	D#5	64	92	0	1
155	35.496988	36.075857	D#5	64	88	0	1
156	35.496988	36.095202	F#5	64	88	0	4
157	35.854131	35.937464	C#5	64	96	0	4
158	35.854131	35.934488	B4	64	62	0	2
159	36.032702	36.620499	D#5	64	92	0	1
160	36.211273	36.669606	D#5	64	88	0	1
161	36.925558	37.104130	C#5	64	91	0	4
162	36.925558	37.071391	B4	64	89	0	2
163	36.925558	37.281213	F#5	64	88	0	4
164	37.282701	37.461272	C#5	64	91	0	4
165	37.282701	37.422582	B4	64	89	0	2
166	37.461272	37.639843	B4	64	86	0	2
167	37.639843	37.904724	C#5	64	92	0	4
168	37.639843	38.148771	B4	64	82	0	2
169	37.639843	38.203831	G#4	64	80	0	4
170	37.639843	40.220198	G#3	64	86	1	-5
171	37.996986	38.741033	B4	64	88	0	2
172	37.996986	40.135377	D#4	64	72	0	4
173	38.354128	38.546092	G#4	64	83	0	4
174	38.354128	38.656211	B4	64	81	0	2
175	39.068413	39.236568	D#5	64	81	0	1
176	39.068413	39.263354	B4	64	74	0	2
177	39.782698	39.935972	G#4	64	85	0	4
178	39.782698	40.159186	B4	64	90	0	2
179	39.782698	40.177043	D#5	64	91	0	1
180	40.139841	40.282698	C#5	64	96	0	4
181	40.496983	40.629424	D#5	64	89	0	1
182	40.496983	40.754424	F#4	64	85	0	2
183	40.496983	41.010376	B4	64	84	0	2
184	40.496983	42.793112	B3	64	86	1	-2
185	40.675555	40.766328	C#5	64	92	0	4
186	40.854126	40.968709	D#5	64	89	0	1
187	40.854126	41.110078	F#4	64	79	0	2
188	41.032697	41.142816	C#5	64	86	0	4
189	41.211268	41.453828	D#5	64	92	0	1
190	41.211268	41.241030	F#4	64	59	0	2
191	41.211268	41.467220	D#5	64	90	0	1
192	41.211268	41.496982	B4	64	92	0	2
193	41.568411	41.813946	F#5	64	86	0	4
194	42.282696	42.549065	E5	64	86	0	2
195	42.282696	42.444898	F#4	64	85	0	2
196	42.639838	42.842219	D#5	64	92	0	1
197	42.639838	42.800552	F#4	64	86	0	2
198	42.639838	43.142814	B4	64	88	0	2
199	42.639838	43.156207	D#5	64	90	0	1
200	42.996981	43.098171	C#5	64	92	0	4
201	42.996981	43.180016	F#4	64	85	0	2
202	43.175552	43.653230	E5	64	90	0	2
203	43.354123	43.706802	B4	64	85	0	2
204	43.354123	43.842218	G#4	64	84	0	4
205	43.354123	45.787157	G#3	64	86	1	-5
206	43.711266	44.809479	D#5	64	88	0	1
207	43.711266	44.218706	D#4	64	69	0	4
208	44.068408	44.293110	B4	64	87	0	2
209	44.068408	44.325849	D#5	64	86	0	1
210	44.425551	44.955312	D#4	64	65	0	4
211	44.782693	44.982098	G#4	64	60	0	4
212	44.782693	45.211264	B4	64	79	0	2
213	45.139836	45.681502	D#4	64	69	0	4
214	45.496978	45.648764	G#4	64	87	0	4
215	45.496978	45.650252	B4	64	89	0	2
216	45.854121	46.005906	F#4	64	91	0	2
217	46.211263	46.730608	B4	64	86	0	2
218	46.211263	46.815429	G#4	64	81	0	4
219	46.211263	47.211262	E3	64	85	1	-4
220	46.568406	46.684477	F#5	64	87	0	4
221	46.568406	47.196381	B3	64	72	1	-2
222	46.746977	46.842215	G#5	64	87	0	1
223	46.925548	47.147274	G#5	64	88	0	1
224	46.925548	47.369000	B4	64	87	0	2
225	46.925548	47.391322	E5	64	86	0	2
226	47.282691	47.386857	G#5	64	91	0	1
227	47.282691	47.531202	G#4	64	86	0	4
228	47.461262	47.915131	F#5	64	92	0	4
229	47.639833	48.105607	B4	64	85	0	2
230	47.639833	48.153226	G#4	64	85	0	4
231	47.639833	48.773761	G#3	64	86	1	-5
232	47.996976	48.455309	B4	64	91	0	2
233	47.996976	48.723166	D#4	64	77	0	4
234	48.354118	48.599654	G#4	64	86	0	4
235	48.354118	48.754416	B4	64	88	0	2
236	48.354118	48.854118	D#5	64	90	0	1
237	49.068403	49.584772	A#4	64	85	0	1
238	49.068403	49.668105	F#4	64	81	0	2
239	49.068403	50.340723	F#3	64	85	1	-2
240	49.425546	50.252926	C#4	64	76	0	2
241	49.782688	50.252926	C#5	64	91	0	4
242	49.782688	49.993998	F#4	64	87	0	2
243	49.782688	50.162152	A#4	64	90	0	1
244	49.782688	50.171081	C#5	64	86	0	4
245	50.318402	50.428521	D#5	64	86	0	1
246	50.496973	50.770783	C#5	64	92	0	4
247	50.496973	50.726140	B4	64	86	0	2
248	50.496973	50.802033	D#5	64	94	0	1
249	50.496973	50.840723	B3	64	87	1	-2
250	50.854116	51.205306	B4	64	87	0	2
251	51.211258	51.602627	C#5	64	84	0	4
252	51.211258	51.638341	A#4	64	86	0	1
253	51.211258	51.699353	F#5	64	83	0	4
254	51.211258	51.717210	F#3	64	85	1	-2
255	51.389830	51.468699	C#5	64	96	0	4
256	51.568401	51.665127	D#5	64	99	0	1
257	51.746972	51.842210	E5	64	89	0	2
258	51.925543	52.165126	F#5	64	88	0	4
259	51.925543	52.324352	G#4	64	80	0	4
260	51.925543	52.428519	E4	64	81	0	5
261	51.925543	53.153221	E3	64	86	1	-4
262	52.282686	52.461257	B5	64	89	0	4
263	52.282686	53.211256	B3	64	79	1	-2
264	52.461257	52.818400	B5	64	89	0	4
265	52.639828	53.127923	E4	64	81	0	5
266	52.639828	53.162149	G#4	64	86	0	4
267	52.639828	53.185959	B4	64	81	0	2
268	52.996971	53.175542	F#5	64	87	0	4
269	53.175542	53.354113	F#5	64	94	0	4
270	53.354113	53.532685	G#5	64	91	0	1
271	53.354113	53.805006	A#4	64	85	0	1
272	53.354113	54.011851	F#4	64	86	0	2
273	53.354113	54.236553	F#3	64	85	1	-2
274	53.532685	53.711256	F#5	64	91	0	4
275	53.711256	54.068398	F#5	64	91	0	4
276	53.711256	54.180005	C#4	64	71	0	2
277	54.068398	54.349648	D#5	64	92	0	1
278	54.068398	54.249946	A#4	64	89	0	1
279	54.068398	54.281196	C#5	64	86	0	4
280	54.425541	54.650243	C#5	64	91	0	4
281	54.782683	55.086254	C#5	64	99	0	4
282	54.782683	55.227623	D#5	64	87	0	1
283	54.782683	55.316909	B4	64	83	0	2
284	54.782683	57.368990	B3	64	87	1	-2
285	55.139826	56.596670	B4	64	87	0	2
286	55.139826	55.665123	F#4	64	74	0	2
287	55.496968	55.993992	F#5	64	86	0	4
288	55.496968	56.276729	B4	64	89	0	2
289	55.854111	57.035657	F#4	64	76	0	2
290	56.211253	56.596670	B5	64	85	0	4
291	56.211253	56.610062	D#5	64	87	0	1
292	56.211253	56.635360	F#5	64	85	0	4
293	56.568396	56.805003	B4	64	86	0	2
294	56.925538	57.623454	D#5	64	99	0	1
295	56.925538	57.629407	B4	64	88	0	2
296	56.925538	57.636847	F#5	64	89	0	4
297	57.639823	57.653216	F#4	64	85	0	2
298	57.639823	57.743990	F#3	64	86	1	-2
299	57.639823	57.888335	C#5	64	81	0	4
300	57.996966	59.918095	F#4	64	83	0	2
301	58.354108	59.870476	C#5	64	82	0	4
302	58.711251	58.977620	D#5	64	96	0	1
303	58.711251	58.915120	F#5	64	81	0	4
304	58.711251	58.922560	C#6	64	86	0	1
305	59.068393	59.334762	D#5	64	96	0	1
306	59.068393	59.184465	F#5	64	85	0	4
307	59.068393	59.190417	F#6	64	78	0	1
308	59.425536	59.687440	E5	64	89	0	2
309	59.782678	60.022261	F#5	64	91	0	4
310	60.139821	60.373452	G#5	64	87	0	1
311	60.496963	61.040118	F#5	64	89	0	4
312	60.496963	60.849642	F#5	64	82	0	4
313	60.496963	61.121963	B4	64	87	0	2
314	60.496963	61.769283	B3	64	87	1	-2
315	60.854106	61.866010	F#4	64	77	0	2
316	61.211248	61.435950	B5	64	89	0	4
317	61.211248	61.270772	B4	64	69	0	2
318	61.211248	61.394284	F#5	64	86	0	4
319	61.211248	61.403212	D#5	64	90	0	1
320	61.211248	61.684462	B5	64	86	0	4
321	61.568391	61.941902	F#5	64	89	0	4
322	61.568391	61.806486	F#5	64	83	0	4
323	61.746962	61.858569	B4	64	87	0	2
324	61.925533	62.468688	A#4	64	94	0	1
325	61.925533	62.493985	C#5	64	87	0	4
326	61.925533	62.937437	A#3	64	87	1	-3
327	62.282676	62.577318	E5	64	91	0	2
328	62.282676	62.928508	F#4	64	81	0	2
329	62.639818	62.916604	C#5	64	96	0	4
330	62.639818	62.796068	A#4	64	79	0	1
331	62.639818	62.974639	C#5	64	83	0	4
332	62.639818	63.074342	F#5	64	88	0	4
333	62.996961	63.278211	E5	64	91	0	2
334	62.996961	63.132377	A#4	64	85	0	1
335	63.354103	64.160650	D#5	64	90	0	1
336	63.354103	63.888329	B4	64	81	0	2
337	63.354103	63.953805	G#4	64	82	0	4
338	63.354103	64.482078	G#3	64	86	1	-5
339	63.711246	64.383864	D#4	64	79	0	4
340	64.068388	64.154698	B4	64	96	0	2
341	64.068388	64.313924	D#5	64	96	0	1
342	64.246960	64.450828	B4	64	85	0	2
343	64.425531	64.674042	B4	64	89	0	2
344	64.425531	64.560947	G#4	64	87	0	4
345	64.782673	65.066899	B4	64	92	0	2
346	64.782673	65.293089	G#4	64	86	0	4
347	64.782673	65.391304	E4	64	82	0	5
348	64.782673	65.714220	E3	64	85	1	-4
349	65.139816	65.379399	C#5	64	96	0	4
350	65.139816	65.697851	B3	64	80	1	-2
351	65.496958	65.732077	D#5	64	90	0	1
352	65.496958	65.626422	E4	64	83	0	5
353	65.496958	65.868982	G#4	64	90	0	4
354	65.496958	65.916601	B4	64	87	0	2
355	65.854101	66.120470	E5	64	89	0	2
356	65.854101	65.958267	E4	64	89	0	5
357	66.211243	66.711243	F#5	64	87	0	4
358	66.211243	66.418088	G#4	64	86	0	4
359	66.211243	66.696362	C#5	64	86	0	4
360	66.211243	67.267790	C#4	64	94	0	2
361	66.568386	67.037135	G#4	64	86	0	4
362	66.925528	67.483563	C#5	64	99	0	4
363	66.925528	67.296064	E5	64	94	0	2
364	67.282671	67.450825	C#5	64	91	0	4
365	67.461242	67.547551	G#4	64	86	0	4
366	67.639813	67.937432	E5	64	87	0	2
367	67.639813	68.086241	A#4	64	86	0	1
368	67.639813	68.220170	F#4	64	90	0	2
369	67.639813	68.724634	F#3	64	86	1	-2
370	67.996956	68.263325	D#5	64	90	0	1
371	67.996956	68.727610	C#4	64	81	0	2
372	68.354098	68.604098	C#5	64	101	0	4
373	68.354098	68.467193	F#4	64	80	0	2
374	68.354098	68.651717	A#4	64	92	0	1
375	68.354098	68.822848	C#5	64	88	0	4
376	68.711241	69.773740	D#5	64	89	0	1
377	68.711241	68.882372	F#4	64	90	0	2
378	69.068383	69.258859	F#4	64	89	0	2
379	69.068383	69.488026	B4	64	86	0	2
380	69.068383	70.409156	B3	64	86	1	-2
381	69.425526	69.650228	F#4	64	88	0	2
382	69.782668	69.991001	F#4	64	94	0	2
383	69.782668	70.050525	D#5	64	91	0	1
384	70.139811	70.358561	D#5	64	96	0	1
385	70.139811	70.310942	B4	64	88	0	2
386	70.318382	70.427013	F#4	64	90	0	2
387	70.496953	70.751417	D#5	64	96	0	1
388	70.496953	70.687429	F#4	64	92	0	2
389	70.496953	70.915108	B4	64	86	0	2
390	70.496953	71.406179	B3	64	89	1	-2
391	70.854096	71.084750	E5	64	89	0	2
392	70.854096	71.069869	F#4	64	88	0	2
393	71.211238	71.419571	F#5	64	87	0	4
394	71.211238	71.379393	F#4	64	94	0	2
395	71.211238	71.429988	D#5	64	90	0	1
396	71.389810	71.581774	B4	64	86	0	2
397	71.568381	71.781178	G#5	64	87	0	1
398	71.568381	71.703797	F#4	64	92	0	2
399	71.925523	72.351118	A#5	64	88	0	3
400	71.925523	72.330285	G4	64	86	0	3
401	71.925523	72.355582	D#4	64	86	0	4
402	71.925523	73.264808	D#3	64	86	1	-5
403	72.282666	72.807963	A#3	64	83	1	-3
404	72.639808	73.093677	D#5	64	94	0	1
405	72.639808	72.909153	D#4	64	99	0	4
406	72.639808	73.050522	D#5	64	96	0	1
407	72.996951	73.273736	A#3	64	87	1	-3
408	73.175522	73.218677	D#5	64	77	0	1
409	73.175522	73.288617	D#4	64	99	0	4
410	73.354093	73.587724	D#5	64	94	0	1
411	73.354093	73.730581	A#4	64	86	0	1
412	73.354093	73.760343	D#4	64	106	0	4
413	73.354093	74.169569	D#3	64	89	1	-5
414	73.711236	74.321354	C#5	64	101	0	4
415	73.711236	74.123438	A#3	64	86	1	-3
416	74.068378	74.252902	D#4	64	94	0	4
417	74.068378	74.297545	G4	64	90	0	3
418	74.425521	75.394270	B4	64	92	0	2
419	74.425521	74.565402	D#4	64	102	0	4
420	74.782663	75.299032	B4	64	82	0	2
421	74.782663	75.312425	G#4	64	81	0	4
422	74.782663	76.075817	G#3	64	85	1	-5
423	75.139806	76.084745	D#4	64	89	0	4
424	75.496948	75.721650	G#4	64	89	0	4
425	75.496948	75.800519	G#5	64	86	0	1
426	75.854091	76.107067	B4	64	91	0	2
427	75.854091	76.047543	D#5	64	86	0	1
428	76.032662	76.142781	G#4	64	83	0	4
429	76.211233	76.455281	G#5	64	87	0	1
430	76.211233	76.663614	B4	64	86	0	2
431	76.211233	76.668078	G#4	64	85	0	4
432	76.211233	77.084744	G#3	64	86	1	-5
433	76.568376	76.802007	A#5	64	89	0	3
434	76.568376	77.068375	D#4	64	86	0	4
435	76.925518	77.165101	B5	64	87	0	4
436	76.925518	77.056471	G#4	64	91	0	4
437	76.925518	77.124923	B4	64	99	0	2
438	77.282661	77.525220	A#5	64	87	0	3
439	77.282661	77.444863	G#4	64	91	0	4
440	77.639803	78.181469	G#5	64	88	0	1
441	77.639803	77.729089	C#3	64	89	1	-2
442	77.639803	77.907660	G#4	64	88	0	4
443	77.639803	77.979089	C#5	64	86	0	4
444	77.996946	78.967183	C#4	64	85	0	2
445	78.354088	78.697838	C#5	64	90	0	4
446	78.354088	78.867481	C#6	64	91	0	1
447	78.711231	79.602599	F#5	64	91	0	4
448	78.711231	78.995457	G#4	64	85	0	4
449	78.889802	79.203790	C#5	64	90	0	4
450	79.068373	79.938908	C#4	64	91	0	2
451	79.246945	79.775218	G#4	64	88	0	4
452	79.425516	79.669563	C#5	64	94	0	4
453	79.604087	79.726111	G#5	64	87	0	1
454	79.782658	79.980575	G#5	64	87	0	1
455	79.782658	80.184444	C#5	64	102	0	4
456	80.139801	81.328788	F#5	64	88	0	4
457	80.139801	80.249920	G#4	64	85	0	4
458	80.496943	80.705276	F#5	64	80	0	4
459	80.496943	80.755872	C#5	64	86	0	4
460	80.496943	81.849621	F#3	64	87	1	-2
461	80.854086	81.319859	C#4	64	89	0	2
462	81.211228	81.621942	C#5	64	89	0	4
463	81.211228	81.645752	F#4	64	90	0	2
464	81.568371	81.834740	D#5	64	96	0	1
465	81.568371	81.863013	C#4	64	85	0	2
466	81.746942	81.846644	F#4	64	68	0	2
467	81.746942	81.848132	A#4	64	86	0	1
468	81.925513	82.191882	D#5	64	96	0	1
469	81.925513	82.321346	F#4	64	86	0	2
470	81.925513	82.382358	F#5	64	86	0	4
471	81.925513	83.059441	F#3	64	86	1	-2
472	82.282656	82.544560	E5	64	89	0	2
473	82.282656	82.852596	C#4	64	87	0	2
474	82.461227	82.656167	F#4	64	85	0	2
475	82.639798	82.879381	F#5	64	91	0	4
476	82.639798	82.870453	C#5	64	88	0	4
477	82.818370	83.004381	A#4	64	96	0	1
478	82.996941	83.230572	G#5	64	87	0	1
479	82.996941	83.255869	F#4	64	90	0	2
480	83.175512	83.404678	C#4	64	96	0	2
481	83.354083	83.897238	F#5	64	89	0	4
482	83.354083	83.706762	F#5	64	82	0	4
483	83.354083	83.979083	B4	64	87	0	2
484	83.354083	84.626403	B3	64	87	1	-2
485	83.711226	84.723130	F#4	64	77	0	2
486	84.068368	84.293070	B5	64	89	0	4
487	84.068368	84.127892	B4	64	69	0	2
488	84.068368	84.251404	F#5	64	86	0	4
489	84.068368	84.260332	D#5	64	90	0	1
490	84.068368	84.541582	B5	64	86	0	4
491	84.425511	84.799022	F#5	64	89	0	4
492	84.425511	84.663606	F#5	64	83	0	4
493	84.604082	84.715689	B4	64	87	0	2
494	84.782653	85.325808	A#4	64	94	0	1
495	84.782653	85.351105	C#5	64	87	0	4
496	84.782653	85.794557	A#3	64	87	1	-3
497	85.139796	85.434438	E5	64	91	0	2
498	85.139796	85.785628	F#4	64	81	0	2
499	85.496938	85.773724	C#5	64	96	0	4
500	85.496938	85.653188	A#4	64	79	0	1
501	85.496938	85.831759	C#5	64	83	0	4
502	85.496938	85.931462	F#5	64	88	0	4
503	85.854081	86.135331	E5	64	91	0	2
504	85.854081	85.989497	A#4	64	85	0	1
505	86.211223	87.017770	D#5	64	90	0	1
506	86.211223	86.745449	B4	64	81	0	2
507	86.211223	86.810925	G#4	64	82	0	4
508	86.211223	87.339198	G#3	64	86	1	-5
509	86.568366	87.240984	D#4	64	79	0	4
510	86.925508	87.011818	B4	64	96	0	2
511	86.925508	87.171044	D#5	64	96	0	1
512	87.104080	87.307948	B4	64	85	0	2
513	87.282651	87.531162	B4	64	89	0	2
514	87.282651	87.418067	G#4	64	87	0	4
515	87.639793	87.924019	B4	64	92	0	2
516	87.639793	88.150209	G#4	64	86	0	4
517	87.639793	88.248424	E4	64	82	0	5
518	87.639793	88.571340	E3	64	85	1	-4
519	87.996936	88.236519	C#5	64	96	0	4
520	87.996936	88.554971	B3	64	80	1	-2
521	88.354078	88.589197	D#5	64	90	0	1
522	88.354078	88.483542	E4	64	83	0	5
523	88.354078	88.726102	G#4	64	90	0	4
524	88.354078	88.773721	B4	64	87	0	2
525	88.711221	88.977590	E5	64	89	0	2
526	88.711221	88.815387	E4	64	89	0	5
527	89.068363	89.568363	F#5	64	87	0	4
528	89.068363	89.275208	G#4	64	86	0	4
529	89.068363	89.553482	C#5	64	86	0	4
530	89.068363	90.124910	C#4	64	94	0	2
531	89.425506	89.894255	G#4	64	86	0	4
532	89.782648	90.340683	C#5	64	99	0	4
533	89.782648	90.153184	E5	64	94	0	2
534	90.139791	90.307945	C#5	64	91	0	4
535	90.318362	90.404671	G#4	64	86	0	4
536	90.496933	90.794552	E5	64	87	0	2
537	90.496933	90.943361	A#4	64	86	0	1
538	90.496933	91.077290	F#4	64	90	0	2
539	90.496933	91.581754	F#3	64	86	1	-2
540	90.854076	91.120445	D#5	64	90	0	1
541	90.854076	91.584730	C#4	64	81	0	2
542	91.211218	91.461218	C#5	64	101	0	4
543	91.211218	91.324313	F#4	64	80	0	2
544	91.211218	91.508837	A#4	64	92	0	1
545	91.211218	91.679968	C#5	64	88	0	4
546	91.568361	92.630860	D#5	64	89	0	1
547	91.568361	91.739492	F#4	64	90	0	2
548	91.925503	92.115979	F#4	64	89	0	2
549	91.925503	92.345146	B4	64	86	0	2
550	91.925503	93.266276	B3	64	86	1	-2
551	92.282646	92.507348	F#4	64	88	0	2
552	92.639788	92.848121	F#4	64	94	0	2
553	92.639788	92.907645	D#5	64	91	0	1
554	92.996931	93.215681	D#5	64	96	0	1
555	92.996931	93.168062	B4	64	88	0	2
556	93.175502	93.284133	F#4	64	90	0	2
557	93.354073	93.608537	D#5	64	96	0	1
558	93.354073	93.544549	F#4	64	92	0	2
559	93.354073	93.772228	B4	64	86	0	2
560	93.354073	94.263299	B3	64	89	1	-2
561	93.711216	93.941870	E5	64	89	0	2
562	93.711216	93.926989	F#4	64	88	0	2
563	94.068358	94.276691	F#5	64	87	0	4
564	94.068358	94.236513	F#4	64	94	0	2
565	94.068358	94.287108	D#5	64	90	0	1
566	94.246930	94.438894	B4	64	86	0	2
567	94.425501	94.638298	G#5	64	87	0	1
568	94.425501	94.560917	F#4	64	92	0	2
569	94.782643	95.208238	A#5	64	88	0	3
570	94.782643	95.187405	G4	64	86	0	3
571	94.782643	95.212702	D#4	64	86	0	4
572	94.782643	96.121928	D#3	64	86	1	-5
573	95.139786	95.665083	A#3	64	83	1	-3
574	95.496928	95.950797	D#5	64	94	0	1
575	95.496928	95.766273	D#4	64	99	0	4
576	95.496928	95.907642	D#5	64	96	0	1
577	95.854071	96.130856	A#3	64	87	1	-3
578	96.032642	96.075797	D#5	64	77	0	1
579	96.032642	96.145737	D#4	64	99	0	4
580	96.211213	96.444844	D#5	64	94	0	1
581	96.211213	96.587701	A#4	64	86	0	1
582	96.211213	96.617463	D#4	64	106	0	4
583	96.211213	97.026689	D#3	64	89	1	-5
584	96.568356	97.178474	A#5	64	101	0	3
585	96.568356	96.980558	A#3	64	86	1	-3
586	96.925498	97.110022	D#4	64	94	0	4
587	96.925498	97.154665	G4	64	90	0	3
588	97.282641	98.251390	B5	64	92	0	4
589	97.282641	97.422522	D#4	64	102	0	4
590	97.639783	98.156152	B4	64	82	0	2
591	97.639783	98.169545	G#4	64	81	0	4
592	97.639783	98.932937	G#3	64	85	1	-5
593	97.996926	98.941865	D#4	64	89	0	4
594	98.354068	98.578770	G#4	64	89	0	4
595	98.354068	98.657639	G#5	64	86	0	1
596	98.711211	99.035615	G#5	64	89	0	1
597	98.711211	98.904663	D#5	64	86	0	1
598	98.889782	98.999901	G#4	64	83	0	4
599	99.068353	99.331746	F#5	64	86	0	4
600	99.068353	99.520734	B4	64	86	0	2
601	99.068353	99.525198	G#4	64	85	0	4
602	99.068353	99.941864	G#3	64	86	1	-5
603	99.425496	99.696329	G#5	64	86	0	1
604	99.425496	99.925495	D#4	64	86	0	4
605	99.782638	100.013293	F#5	64	91	0	4
606	99.782638	99.913591	G#4	64	91	0	4
607	99.782638	99.982043	B4	64	99	0	2
608	100.139781	100.349602	G#5	64	87	0	1
609	100.139781	100.301983	G#4	64	91	0	4
610	100.496923	101.464184	F#5	64	94	0	4
611	100.496923	100.589185	F#3	64	86	1	-2
612	100.496923	100.712697	F#4	64	86	0	2
613	100.496923	100.740971	C#5	64	84	0	4
614	100.854066	103.056445	F#4	64	85	0	2
615	101.211208	102.178469	C#5	64	96	0	4
616	101.389780	101.590672	F#5	64	90	0	4
617	101.568351	103.666563	C#5	64	101	0	4
618	101.568351	101.712696	C#6	64	99	0	1
619	101.746922	101.915077	F#5	64	87	0	4
620	101.925493	102.181445	F#6	64	88	0	1
621	102.104065	102.249898	F#5	64	76	0	4
622	102.282636	102.867457	C#5	64	79	0	4
623	102.639778	102.825790	F#6	64	86	0	1
624	102.639778	102.873409	A#6	64	87	0	5
625	103.354063	103.605551	C#7	64	83	0	3
626	103.354063	103.641265	F#6	64	84	0	1
627	103.354063	104.549003	F#4	64	87	0	2
628	103.354063	104.560907	C#5	64	85	0	4
629	105.496918	106.123406	C#5	64	99	0	4
630	106.211203	106.815369	B4	64	88	0	2
631	106.211203	106.669536	B4	64	86	0	2
632	106.211203	106.687393	D5	64	90	0	5
633	106.211203	106.895726	B3	64	88	1	-2
634	106.568346	106.874893	F#4	64	71	0	2
635	106.925488	107.060905	B4	64	87	0	2
636	106.925488	107.069833	D5	64	99	0	5
637	106.925488	107.093643	F#5	64	86	0	4
638	107.282631	107.729059	D5	64	80	0	5
639	107.282631	107.735011	F#5	64	61	0	4
640	107.282631	108.406142	D3	64	88	1	-1
641	107.996916	108.391261	A3	64	58	1	-4
642	108.354058	108.514772	D5	64	94	0	5
643	108.354058	108.607034	F#5	64	90	0	4
644	108.354058	108.694832	A5	64	87	0	2
645	109.068343	109.409117	G#5	64	83	0	1
646	109.068343	109.435902	E5	64	86	0	2
647	109.068343	110.010307	E3	64	87	1	-4
648	109.425486	109.970128	B3	64	67	1	-2
649	109.604057	109.709712	E5	64	89	0	2
650	109.604057	109.735009	E6	64	86	0	4
651	110.139771	110.458223	B5	64	85	0	4
652	110.139771	110.535604	G#5	64	86	0	1
653	110.139771	110.607032	E5	64	80	0	2
654	110.139771	111.340662	E3	64	85	1	-4
655	110.496913	110.909115	B3	64	64	1	-2
656	110.854056	111.226079	E5	64	99	0	2
657	110.854056	111.252865	G#5	64	99	0	1
658	111.211198	111.352567	B3	64	79	1	-2
659	111.389770	111.507329	E5	64	91	0	2
660	111.925483	112.240959	B4	64	85	0	2
661	111.925483	112.275185	D5	64	94	0	5
662	111.925483	112.307923	F#5	64	85	0	4
663	111.925483	112.629352	B2	64	85	1	-4
664	112.282626	112.659114	F#3	64	73	1	-2
665	112.461197	112.610006	B4	64	87	0	2
666	112.639768	112.758816	D5	64	87	0	5
667	112.639768	112.766256	F#5	64	86	0	4
668	112.996911	113.294530	D5	64	86	0	5
669	112.996911	113.331732	F#5	64	89	0	4
670	112.996911	113.681434	D3	64	94	1	-1
671	113.354053	113.699291	A3	64	76	1	-4
672	113.711196	113.906136	D5	64	76	0	5
673	114.068338	114.136791	F#5	64	87	0	4
674	114.068338	114.169529	D5	64	90	0	5
675	114.068338	114.226076	A5	64	89	0	2
676	114.425481	114.883814	E3	64	89	1	-4
677	114.425481	114.894230	E5	64	86	0	2
678	114.425481	114.916552	G#5	64	89	0	1
679	115.139766	117.443335	F#5	64	87	0	4
680	115.139766	117.453752	A#5	64	92	0	3
681	115.139766	117.501371	F#3	64	88	1	-2
682	117.639763	118.173989	D#5	64	87	0	1
683	117.639763	118.425477	B4	64	82	0	2
684	117.639763	120.051963	B3	64	88	1	-2
685	117.996906	118.127858	D#5	64	90	0	1
686	117.996906	119.206726	F#4	64	75	0	2
687	118.175477	118.285596	C#5	64	96	0	4
688	118.354048	118.629346	D#5	64	92	0	1
689	118.354048	118.932917	D#5	64	88	0	1
690	118.354048	118.952262	F#5	64	88	0	4
691	118.711191	118.794524	C#5	64	96	0	4
692	118.711191	118.791548	B4	64	62	0	2
693	118.889762	119.477559	D#5	64	92	0	1
694	119.068333	119.526666	D#5	64	88	0	1
695	119.782618	119.961190	C#5	64	91	0	4
696	119.782618	119.928451	B4	64	89	0	2
697	119.782618	120.138273	F#5	64	88	0	4
698	120.139761	120.318332	C#5	64	91	0	4
699	120.139761	120.279642	B4	64	89	0	2
700	120.318332	120.496903	B4	64	86	0	2
701	120.496903	120.761784	C#5	64	92	0	4
702	120.496903	121.005831	B4	64	82	0	2
703	120.496903	121.060891	G#4	64	80	0	4
704	120.496903	123.077258	G#3	64	86	1	-5
705	120.854046	121.598093	B4	64	88	0	2
706	120.854046	122.992437	D#4	64	72	0	4
707	121.211188	121.403152	G#4	64	83	0	4
708	121.211188	121.513271	B4	64	81	0	2
709	121.925473	122.093628	D#5	64	81	0	1
710	121.925473	122.120414	B4	64	74	0	2
711	122.639758	122.793032	G#4	64	85	0	4
712	122.639758	123.016246	B4	64	90	0	2
713	122.639758	123.034103	D#5	64	91	0	1
714	122.996901	123.139758	C#5	64	96	0	4
715	123.354043	123.486484	D#5	64	89	0	1
716	123.354043	123.611484	F#4	64	85	0	2
717	123.354043	123.867436	B4	64	84	0	2
718	123.354043	125.650172	B3	64	86	1	-2
719	123.532615	123.623388	C#5	64	92	0	4
720	123.711186	123.825769	D#5	64	89	0	1
721	123.711186	123.967138	F#4	64	79	0	2
722	123.889757	123.999876	C#5	64	86	0	4
723	124.068328	124.310888	D#5	64	92	0	1
724	124.068328	124.098090	F#4	64	59	0	2
725	124.068328	124.324280	D#5	64	90	0	1
726	124.068328	124.354042	B4	64	92	0	2
727	124.425471	124.671006	F#5	64	86	0	4
728	125.139756	125.406125	E5	64	86	0	2
729	125.139756	125.301958	F#4	64	85	0	2
730	125.496898	125.699279	D#5	64	92	0	1
731	125.496898	125.657612	F#4	64	86	0	2
732	125.496898	125.999874	B4	64	88	0	2
733	125.496898	126.013267	D#5	64	90	0	1
734	125.854041	125.955231	C#5	64	92	0	4
735	125.854041	126.037076	F#4	64	85	0	2
736	126.032612	126.510290	E5	64	90	0	2
737	126.211183	126.563862	B4	64	85	0	2
738	126.211183	126.699278	G#4	64	84	0	4
739	126.211183	128.644217	G#3	64	86	1	-5
740	126.568326	127.666539	D#5	64	88	0	1
741	126.568326	127.075766	D#4	64	69	0	4
742	126.925468	127.150170	B4	64	87	0	2
743	126.925468	127.182909	D#5	64	86	0	1
744	127.282611	127.812372	D#4	64	65	0	4
745	127.639753	127.839158	G#4	64	60	0	4
746	127.639753	128.068324	B4	64	79	0	2
747	127.996896	128.538562	D#4	64	69	0	4
748	128.354038	128.505824	G#4	64	87	0	4
749	128.354038	128.507312	B4	64	89	0	2
750	128.711181	128.862966	F#4	64	91	0	2
751	129.068323	129.587668	B4	64	86	0	2
752	129.068323	129.672489	G#4	64	81	0	4
753	129.068323	130.068322	E3	64	85	1	-4
754	129.425466	129.541537	F#5	64	87	0	4
755	129.425466	130.053441	B3	64	72	1	-2
756	129.604037	129.699275	G#5	64	87	0	1
757	129.782608	130.004334	G#5	64	88	0	1
758	129.782608	130.226060	B4	64	87	0	2
759	129.782608	130.248382	E5	64	86	0	2
760	130.139751	130.243917	G#5	64	91	0	1
761	130.139751	130.388262	G#4	64	86	0	4
762	130.318322	130.772191	F#5	64	92	0	4
763	130.496893	130.962667	B4	64	85	0	2
764	130.496893	131.010286	G#4	64	85	0	4
765	130.496893	131.630821	G#3	64	86	1	-5
766	130.854036	131.312369	B4	64	91	0	2
767	130.854036	131.580226	D#4	64	77	0	4
768	131.211178	131.456714	G#4	64	86	0	4
769	131.211178	131.611476	B4	64	88	0	2
770	131.211178	131.711178	D#5	64	90	0	1
771	131.925463	132.441832	A#4	64	85	0	1
772	131.925463	132.525165	F#4	64	81	0	2
773	131.925463	133.197783	F#3	64	85	1	-2
774	132.282606	133.109986	C#4	64	76	0	2
775	132.639748	133.109986	C#5	64	91	0	4
776	132.639748	132.851058	F#4	64	87	0	2
777	132.639748	133.019212	A#4	64	90	0	1
778	132.639748	133.028141	C#5	64	86	0	4
779	133.175462	133.285581	D#5	64	86	0	1
780	133.354033	133.627843	C#5	64	92	0	4
781	133.354033	133.583200	B4	64	86	0	2
782	133.354033	133.659093	D#5	64	94	0	1
783	133.354033	133.697783	B3	64	87	1	-2
784	133.711176	134.062366	B4	64	87	0	2
785	134.068318	134.459687	C#5	64	84	0	4
786	134.068318	134.495401	A#4	64	86	0	1
787	134.068318	134.556413	F#5	64	83	0	4
788	134.068318	134.574270	F#3	64	85	1	-2
789	134.246890	134.325759	C#5	64	96	0	4
790	134.425461	134.522187	D#5	64	99	0	1
791	134.604032	134.699270	E5	64	89	0	2
792	134.782603	135.022186	F#5	64	88	0	4
793	134.782603	135.181412	G#4	64	80	0	4
794	134.782603	135.285579	E4	64	81	0	5
795	134.782603	136.010281	E3	64	86	1	-4
796	135.139746	135.318317	B5	64	89	0	4
797	135.139746	136.068316	B3	64	79	1	-2
798	135.318317	135.675460	B5	64	89	0	4
799	135.496888	135.984983	E4	64	81	0	5
800	135.496888	136.019209	G#4	64	86	0	4
801	135.496888	136.043019	B4	64	81	0	2
802	135.854031	136.032602	F#5	64	87	0	4
803	136.032602	136.211173	F#5	64	94	0	4
804	136.211173	136.389745	G#5	64	91	0	1
805	136.211173	136.662066	A#4	64	85	0	1
806	136.211173	136.868911	F#4	64	86	0	2
807	136.211173	137.093613	F#3	64	85	1	-2
808	136.389745	136.568316	F#5	64	91	0	4
809	136.568316	136.925458	F#5	64	91	0	4
810	136.568316	137.037065	C#4	64	71	0	2
811	136.925458	137.206708	D#5	64	92	0	1
812	136.925458	137.107006	A#4	64	89	0	1
813	136.925458	137.138256	C#5	64	86	0	4
814	137.282601	137.507303	C#5	64	91	0	4
815	137.639743	137.943314	C#5	64	99	0	4
816	137.639743	138.084683	D#5	64	87	0	1
817	137.639743	138.173969	B4	64	83	0	2
818	137.639743	140.226050	B3	64	87	1	-2
819	137.996886	139.453730	B4	64	87	0	2
820	137.996886	138.522183	F#4	64	74	0	2
821	138.354028	138.851052	F#5	64	86	0	4
822	138.354028	139.133789	B4	64	89	0	2
823	138.711171	139.892717	F#4	64	76	0	2
824	139.068313	139.453730	B5	64	85	0	4
825	139.068313	139.467122	D#5	64	87	0	1
826	139.068313	139.492420	F#5	64	85	0	4
827	139.425456	139.662063	B4	64	86	0	2
828	139.782598	140.480514	D#5	64	99	0	1
829	139.782598	140.486467	B4	64	88	0	2
830	139.782598	140.493907	F#5	64	89	0	4
831	140.496883	140.510276	F#4	64	85	0	2
832	140.496883	140.601050	F#3	64	86	1	-2
833	140.496883	140.745395	C#5	64	81	0	4
834	140.854026	142.775155	F#4	64	83	0	2
835	141.211168	142.727536	C#5	64	82	0	4
836	141.568311	141.834680	D#5	64	96	0	1
837	141.568311	141.772180	F#5	64	81	0	4
838	141.568311	141.779620	C#6	64	86	0	1
839	141.925453	142.191822	D#5	64	96	0	1
840	141.925453	142.041525	F#5	64	85	0	4
841	141.925453	142.047477	F#6	64	78	0	1
842	142.282596	142.544500	E5	64	89	0	2
843	142.639738	142.879321	F#5	64	91	0	4
844	142.996881	143.230512	G#5	64	87	0	1
845	143.354023	143.897178	F#5	64	89	0	4
846	143.354023	143.706702	F#5	64	82	0	4
847	143.354023	143.979023	B4	64	87	0	2
848	143.354023	144.626343	B3	64	87	1	-2
849	143.711166	144.723070	F#4	64	77	0	2
850	144.068308	144.293010	B5	64	89	0	4
851	144.068308	144.127832	B4	64	69	0	2
852	144.068308	144.251344	F#5	64	86	0	4
853	144.068308	144.260272	D#5	64	90	0	1
854	144.068308	144.541522	B5	64	86	0	4
855	144.425451	144.798962	F#5	64	89	0	4
856	144.425451	144.663546	F#5	64	83	0	4
857	144.604022	144.715629	B4	64	87	0	2
858	144.782593	145.325748	A#4	64	94	0	1
859	144.782593	145.351045	C#5	64	87	0	4
860	144.782593	145.794497	A#3	64	87	1	-3
861	145.139736	145.434378	E5	64	91	0	2
862	145.139736	145.785568	F#4	64	81	0	2
863	145.496878	145.773664	C#5	64	96	0	4
864	145.496878	145.653128	A#4	64	79	0	1
865	145.496878	145.831699	C#5	64	83	0	4
866	145.496878	145.931402	F#5	64	88	0	4
867	145.854021	146.135271	E5	64	91	0	2
868	145.854021	145.989437	A#4	64	85	0	1
869	146.211163	147.017710	D#5	64	90	0	1
870	146.211163	146.745389	B4	64	81	0	2
871	146.211163	146.810865	G#4	64	82	0	4
872	146.211163	147.339138	G#3	64	86	1	-5
873	146.568306	147.240924	D#4	64	79	0	4
874	146.925448	147.011758	B4	64	96	0	2
875	146.925448	147.170984	D#5	64	96	0	1
876	147.104020	147.307888	B4	64	85	0	2
877	147.282591	147.531102	B4	64	89	0	2
878	147.282591	147.418007	G#4	64	87	0	4
879	147.639733	147.923959	B4	64	92	0	2
880	147.639733	148.150149	G#4	64	86	0	4
881	147.639733	148.248364	E4	64	82	0	5
882	147.639733	148.571280	E3	64	85	1	-4
883	147.996876	148.236459	C#5	64	96	0	4
884	147.996876	148.554911	B3	64	80	1	-2
885	148.354018	148.589137	D#5	64	90	0	1
886	148.354018	148.483482	E4	64	83	0	5
887	148.354018	148.726042	G#4	64	90	0	4
888	148.354018	148.773661	B4	64	87	0	2
889	148.711161	148.977530	E5	64	89	0	2
890	148.711161	148.815327	E4	64	89	0	5
891	149.068303	149.568303	F#5	64	87	0	4
892	149.068303	149.275148	G#4	64	86	0	4
893	149.068303	149.553422	C#5	64	86	0	4
894	149.068303	150.124850	C#4	64	94	0	2
895	149.425446	149.894195	G#4	64	86	0	4
896	149.782588	150.340623	C#5	64	99	0	4
897	149.782588	150.153124	E5	64	94	0	2
898	150.139731	150.307885	C#5	64	91	0	4
899	150.318302	150.404611	G#4	64	86	0	4
900	150.496873	150.794492	E5	64	87	0	2
901	150.496873	150.943301	A#4	64	86	0	1
902	150.496873	151.077230	F#4	64	90	0	2
903	150.496873	151.581694	F#3	64	86	1	-2
904	150.854016	151.120385	D#5	64	90	0	1
905	150.854016	151.584670	C#4	64	81	0	2
906	151.211158	151.461158	C#5	64	101	0	4
907	151.211158	151.324253	F#4	64	80	0	2
908	151.211158	151.508777	A#4	64	92	0	1
909	151.211158	151.679908	C#5	64	88	0	4
910	151.568301	152.630800	D#5	64	89	0	1
911	151.568301	151.739432	F#4	64	90	0	2
912	151.925443	152.115919	F#4	64	89	0	2
913	151.925443	152.345086	B4	64	86	0	2
914	151.925443	153.266216	B3	64	86	1	-2
915	152.282586	152.507288	F#4	64	88	0	2
916	152.639728	152.848061	F#4	64	94	0	2
917	152.639728	152.907585	D#5	64	91	0	1
918	152.996871	153.215621	D#5	64	96	0	1
919	152.996871	153.168002	B4	64	88	0	2
920	153.175442	153.284073	F#4	64	90	0	2
921	153.354013	153.608477	D#5	64	96	0	1
922	153.354013	153.544489	F#4	64	92	0	2
923	153.354013	153.772168	B4	64	86	0	2
924	153.354013	154.263239	B3	64	89	1	-2
925	153.711156	153.941810	E5	64	89	0	2
926	153.711156	153.926929	F#4	64	88	0	2
927	154.068298	154.276631	F#5	64	87	0	4
928	154.068298	154.236453	F#4	64	94	0	2
929	154.068298	154.287048	D#5	64	90	0	1
930	154.246870	154.438834	B4	64	86	0	2
931	154.425441	154.638238	G#5	64	87	0	1
932	154.425441	154.560857	F#4	64	92	0	2
933	154.782583	155.208178	A#5	64	88	0	3
934	154.782583	155.187345	G4	64	86	0	3
935	154.782583	155.212642	D#4	64	86	0	4
936	154.782583	156.121868	D#3	64	86	1	-5
937	155.139726	155.665023	A#3	64	83	1	-3
938	155.496868	155.950737	D#5	64	94	0	1
939	155.496868	155.766213	D#4	64	99	0	4
940	155.496868	155.907582	D#5	64	96	0	1
941	155.854011	156.130796	A#3	64	87	1	-3
942	156.032582	156.075737	D#5	64	77	0	1
943	156.032582	156.145677	D#4	64	99	0	4
944	156.211153	156.444784	D#5	64	94	0	1
945	156.211153	156.587641	A#4	64	86	0	1
946	156.211153	156.617403	D#4	64	106	0	4
947	156.211153	157.026629	D#3	64	89	1	-5
948	156.568296	157.178414	C#5	64	101	0	4
949	156.568296	156.980498	A#3	64	86	1	-3
950	156.925438	157.109962	D#4	64	94	0	4
951	156.925438	157.154605	G4	64	90	0	3
952	157.282581	158.251330	B4	64	92	0	2
953	157.282581	157.422462	D#4	64	102	0	4
954	157.639723	158.156092	B4	64	82	0	2
955	157.639723	158.169485	G#4	64	81	0	4
956	157.639723	158.932877	G#3	64	85	1	-5
957	157.996866	158.941805	D#4	64	89	0	4
958	158.354008	158.578710	G#4	64	89	0	4
959	158.354008	158.657579	G#5	64	86	0	1
960	158.711151	158.964127	B4	64	91	0	2
961	158.711151	158.904603	D#5	64	86	0	1
962	158.889722	158.999841	G#4	64	83	0	4
963	159.068293	159.312341	G#5	64	87	0	1
964	159.068293	159.520674	B4	64	86	0	2
965	159.068293	159.525138	G#4	64	85	0	4
966	159.068293	159.941804	G#3	64	86	1	-5
967	159.425436	159.659067	A#5	64	89	0	3
968	159.425436	159.925435	D#4	64	86	0	4
969	159.782578	160.022161	B5	64	87	0	4
970	159.782578	159.913531	G#4	64	91	0	4
971	159.782578	159.981983	B4	64	99	0	2
972	160.139721	160.382280	A#5	64	87	0	3
973	160.139721	160.301923	G#4	64	91	0	4
974	160.496863	161.038529	G#5	64	88	0	1
975	160.496863	160.586149	C#3	64	89	1	-2
976	160.496863	160.764720	G#4	64	88	0	4
977	160.496863	160.836149	C#5	64	86	0	4
978	160.854006	161.824243	C#4	64	85	0	2
979	161.211148	161.554898	C#5	64	90	0	4
980	161.211148	161.724541	C#6	64	91	0	1
981	161.568291	162.459659	F#5	64	91	0	4
982	161.568291	161.852517	G#4	64	85	0	4
983	161.746862	162.060850	C#5	64	90	0	4
984	161.925433	162.795968	C#4	64	91	0	2
985	162.104005	162.632278	G#4	64	88	0	4
986	162.282576	162.526623	C#5	64	94	0	4
987	162.461147	162.583171	G#5	64	87	0	1
988	162.639718	162.837635	G#5	64	87	0	1
989	162.639718	163.041504	C#5	64	102	0	4
990	162.996861	164.185848	F#5	64	88	0	4
991	162.996861	163.106980	G#4	64	85	0	4
992	163.354003	163.562336	F#5	64	80	0	4
993	163.354003	163.612932	C#5	64	86	0	4
994	163.354003	164.706681	F#3	64	87	1	-2
995	163.711146	164.176919	C#4	64	89	0	2
996	164.068288	164.479002	C#5	64	89	0	4
997	164.068288	164.502812	F#4	64	90	0	2
998	164.425431	164.691800	D#5	64	96	0	1
999	164.425431	164.720073	C#4	64	85	0	2
1000	164.604002	164.703704	F#4	64	68	0	2
1001	164.604002	164.705192	A#4	64	86	0	1
1002	164.782573	165.048942	D#5	64	96	0	1
1003	164.782573	165.178406	F#4	64	86	0	2
1004	164.782573	165.239418	F#5	64	86	0	4
1005	164.782573	165.916501	F#3	64	86	1	-2
1006	165.139716	165.401620	E5	64	89	0	2
1007	165.139716	165.709656	C#4	64	87	0	2
1008	165.318287	165.513227	F#4	64	85	0	2
1009	165.496858	165.736441	F#5	64	91	0	4
1010	165.496858	165.727513	C#5	64	88	0	4
1011	165.675430	165.861441	A#4	64	96	0	1
1012	165.854001	166.087632	G#5	64	87	0	1
1013	165.854001	166.112929	F#4	64	90	0	2
1014	166.032572	166.261738	C#4	64	96	0	2
1015	166.211143	166.754298	F#5	64	89	0	4
1016	166.211143	166.563822	F#5	64	82	0	4
1017	166.211143	166.836143	B4	64	87	0	2
1018	166.211143	167.483463	B3	64	87	1	-2
1019	166.568286	167.580190	F#4	64	77	0	2
1020	166.925428	167.150130	B5	64	89	0	4
1021	166.925428	166.984952	B4	64	69	0	2
1022	166.925428	167.108464	F#5	64	86	0	4
1023	166.925428	167.117392	D#5	64	90	0	1
1024	166.925428	167.398642	B5	64	86	0	4
1025	167.282571	167.656082	F#5	64	89	0	4
1026	167.282571	167.520666	F#5	64	83	0	4
1027	167.461142	167.572749	B4	64	87	0	2
1028	167.639713	168.182868	A#4	64	94	0	1
1029	167.639713	168.208165	C#5	64	87	0	4
1030	167.639713	168.651617	A#3	64	87	1	-3
1031	167.996856	168.291498	E5	64	91	0	2
1032	167.996856	168.642688	F#4	64	81	0	2
1033	168.353998	168.630784	C#5	64	96	0	4
1034	168.353998	168.510248	A#4	64	79	0	1
1035	168.353998	168.688819	C#5	64	83	0	4
1036	168.353998	168.788522	F#5	64	88	0	4
1037	168.711141	168.992391	E5	64	91	0	2
1038	168.711141	168.846557	A#4	64	85	0	1
1039	169.068283	169.874830	D#5	64	90	0	1
1040	169.068283	169.602509	B4	64	81	0	2
1041	169.068283	169.667985	G#4	64	82	0	4
1042	169.068283	170.196258	G#3	64	86	1	-5
1043	169.425426	170.098044	D#4	64	79	0	4
1044	169.782568	169.868878	B4	64	96	0	2
1045	169.782568	170.028104	D#5	64	96	0	1
1046	169.961140	170.165008	B4	64	85	0	2
1047	170.139711	170.388222	B4	64	89	0	2
1048	170.139711	170.275127	G#4	64	87	0	4
1049	170.496853	170.781079	B4	64	92	0	2
1050	170.496853	171.007269	G#4	64	86	0	4
1051	170.496853	171.105484	E4	64	82	0	5
1052	170.496853	171.428400	E3	64	85	1	-4
1053	170.853996	171.093579	C#5	64	96	0	4
1054	170.853996	171.412031	B3	64	80	1	-2
1055	171.211138	171.446257	D#5	64	90	0	1
1056	171.211138	171.340602	E4	64	83	0	5
1057	171.211138	171.583162	G#4	64	90	0	4
1058	171.211138	171.630781	B4	64	87	0	2
1059	171.568281	171.834650	E5	64	89	0	2
1060	171.568281	171.672447	E4	64	89	0	5
1061	171.925423	172.425423	F#5	64	87	0	4
1062	171.925423	172.132268	G#4	64	86	0	4
1063	171.925423	172.410542	C#5	64	86	0	4
1064	171.925423	172.981970	C#4	64	94	0	2
1065	172.282566	172.751315	G#4	64	86	0	4
1066	172.639708	173.197743	C#5	64	99	0	4
1067	172.639708	173.010244	E5	64	94	0	2
1068	172.996851	173.165005	C#5	64	91	0	4
1069	173.175422	173.261731	G#4	64	86	0	4
1070	173.353993	173.651612	E5	64	87	0	2
1071	173.353993	173.800421	A#4	64	86	0	1
1072	173.353993	173.934350	F#4	64	90	0	2
1073	173.353993	174.438814	F#3	64	86	1	-2
1074	173.711136	173.977505	D#5	64	90	0	1
1075	173.711136	174.441790	C#4	64	81	0	2
1076	174.068278	174.318278	C#5	64	101	0	4
1077	174.068278	174.181373	F#4	64	80	0	2
1078	174.068278	174.365897	A#4	64	92	0	1
1079	174.068278	174.537028	C#5	64	88	0	4
1080	174.425421	175.487920	D#5	64	89	0	1
1081	174.425421	174.596552	F#4	64	90	0	2
1082	174.782563	174.973039	F#4	64	89	0	2
1083	174.782563	175.202206	B4	64	86	0	2
1084	174.782563	176.123336	B3	64	86	1	-2
1085	175.139706	175.364408	F#4	64	88	0	2
1086	175.496848	175.705181	F#4	64	94	0	2
1087	175.496848	175.764705	D#5	64	91	0	1
1088	175.853991	176.072741	D#5	64	96	0	1
1089	175.853991	176.025122	B4	64	88	0	2
1090	176.032562	176.141193	F#4	64	90	0	2
1091	176.211133	176.465597	D#5	64	96	0	1
1092	176.211133	176.401609	F#4	64	92	0	2
1093	176.211133	176.629288	B4	64	86	0	2
1094	176.211133	177.120359	B3	64	89	1	-2
1095	176.568276	176.798930	E5	64	89	0	2
1096	176.568276	176.784049	F#4	64	88	0	2
1097	176.925418	177.133751	F#5	64	87	0	4
1098	176.925418	177.093573	F#4	64	94	0	2
1099	176.925418	177.144168	D#5	64	90	0	1
1100	177.103990	177.295954	B4	64	86	0	2
1101	177.282561	177.495358	G#5	64	87	0	1
1102	177.282561	177.417977	F#4	64	92	0	2
1103	177.639703	178.065298	A#5	64	88	0	3
1104	177.639703	178.044465	G4	64	86	0	3
1105	177.639703	178.069762	D#4	64	86	0	4
1106	177.639703	178.978988	D#3	64	86	1	-5
1107	177.996846	178.522143	A#3	64	83	1	-3
1108	178.353988	178.807857	D#5	64	94	0	1
1109	178.353988	178.623333	D#4	64	99	0	4
1110	178.353988	178.764702	D#5	64	96	0	1
1111	178.711131	178.987916	A#3	64	87	1	-3
1112	178.889702	178.932857	D#5	64	77	0	1
1113	178.889702	179.002797	D#4	64	99	0	4
1114	179.068273	179.301904	D#5	64	94	0	1
1115	179.068273	179.444761	A#4	64	86	0	1
1116	179.068273	179.474523	D#4	64	106	0	4
1117	179.068273	179.883749	D#3	64	89	1	-5
1118	179.425416	180.035534	A#5	64	101	0	3
1119	179.425416	179.837618	A#3	64	86	1	-3
1120	179.782558	179.967082	D#4	64	94	0	4
1121	179.782558	180.011725	G4	64	90	0	3
1122	180.139701	181.108450	B5	64	92	0	4
1123	180.139701	180.279582	D#4	64	102	0	4
1124	180.496843	181.013212	B4	64	82	0	2
1125	180.496843	181.026605	G#4	64	81	0	4
1126	180.496843	181.789997	G#3	64	85	1	-5
1127	180.853986	181.798925	D#4	64	89	0	4
1128	181.211128	181.435830	G#4	64	89	0	4
1129	181.211128	181.514699	G#5	64	86	0	1
1130	181.568271	181.892675	G#5	64	89	0	1
1131	181.568271	181.761723	D#5	64	86	0	1
1132	181.746842	181.856961	G#4	64	83	0	4
1133	181.925413	182.188806	F#5	64	86	0	4
1134	181.925413	182.377794	B4	64	86	0	2
1135	181.925413	182.382258	G#4	64	85	0	4
1136	181.925413	182.798924	G#3	64	86	1	-5
1137	182.282556	182.553389	G#5	64	86	0	1
1138	182.282556	182.782555	D#4	64	86	0	4
1139	182.639698	182.870353	F#5	64	91	0	4
1140	182.639698	182.770651	G#4	64	91	0	4
1141	182.639698	182.839103	B4	64	99	0	2
1142	182.996841	183.206662	G#5	64	87	0	1
1143	182.996841	183.159043	G#4	64	91	0	4
1144	183.353983	184.321244	F#5	64	94	0	4
1145	183.353983	183.446245	F#3	64	86	1	-2
1146	183.353983	183.569757	F#4	64	86	0	2
1147	183.353983	183.598031	C#5	64	84	0	4
1148	183.711126	185.913505	F#4	64	85	0	2
1149	184.068268	185.035529	C#5	64	96	0	4
1150	184.246840	184.447732	F#5	64	90	0	4
1151	184.425411	185.853981	C#5	64	101	0	4
1152	184.425411	184.569756	C#6	64	99	0	1
1153	184.603982	184.772137	F#5	64	87	0	4
1154	184.782553	185.038505	F#6	64	88	0	1
1155	184.961125	185.106958	F#5	64	76	0	4
1156	185.139696	185.724517	C#5	64	79	0	4
1157	185.496838	185.682850	F#6	64	86	0	1
1158	185.496838	185.730469	A#6	64	87	0	5
1159	185.853981	186.432849	D#5	64	99	0	1
1160	186.211123	186.550409	G#4	64	88	0	4
1161	186.211123	186.566778	B4	64	92	0	2
1162	186.211123	187.133741	G#3	64	87	1	-5
1163	186.568266	187.995348	B5	64	92	0	4
1164	186.568266	187.133741	D#4	64	74	0	4
1165	186.746837	186.865885	G#4	64	86	0	4
1166	186.925408	187.086122	B4	64	89	0	2
1167	187.282551	187.834634	F#4	64	89	0	2
1168	187.282551	188.099514	A#4	64	91	0	1
1169	187.282551	188.502788	F#3	64	86	1	-2
1170	187.996836	188.211121	F#4	64	76	0	2
1171	188.353978	188.459633	A#4	64	90	0	1
1172	188.353978	188.486419	F#4	64	92	0	2
1173	188.353978	188.489395	C#5	64	89	0	4
1174	188.711121	189.447727	G#4	64	91	0	4
1175	188.711121	189.493858	E4	64	87	0	5
1176	188.711121	190.343560	E3	64	87	1	-4
1177	189.425406	189.886715	B3	64	77	1	-2
1178	189.782548	189.940286	E4	64	96	0	5
1179	189.782548	189.955167	E5	64	87	0	2
1180	190.318262	190.517667	E4	64	81	0	5
1181	190.318262	190.595047	G#4	64	87	0	4
1182	190.318262	190.602488	B4	64	85	0	2
1183	190.496833	191.322725	E3	64	85	1	-4
1184	190.675405	191.269154	B3	64	78	1	-2
1185	190.853976	191.087607	E4	64	89	0	5
1186	191.211118	191.432844	E4	64	99	0	5
1187	191.211118	191.435820	G#4	64	94	0	4
1188	191.211118	191.483439	B4	64	90	0	2
1189	191.568261	191.669451	E3	64	86	1	-4
1190	191.925403	192.337605	G#4	64	85	0	4
1191	191.925403	192.339093	B4	64	85	0	2
1192	191.925403	193.039986	G#3	64	87	1	-5
1193	192.282546	192.971533	D#4	64	78	0	4
1194	192.639688	192.776593	G#4	64	92	0	4
1195	192.639688	192.825700	B4	64	101	0	2
1196	192.639688	192.833140	D#5	64	99	0	1
1197	192.996831	193.170938	G#4	64	87	0	4
1198	193.353973	193.736413	A#4	64	87	0	1
1199	193.353973	193.757247	F#4	64	90	0	2
1200	193.353973	194.187306	F#3	64	87	1	-2
1201	193.711116	194.153080	C#4	64	81	0	2
1202	193.889687	194.045937	F#4	64	86	0	2
1203	194.068258	194.157544	A#4	64	92	0	1
1204	194.068258	194.166472	C#5	64	87	0	4
1205	194.068258	194.167961	F#4	64	74	0	2
1206	194.425401	195.194745	G#4	64	86	0	4
1207	194.425401	195.214090	E4	64	86	0	5
1208	194.425401	195.647126	E3	64	86	1	-4
1209	195.139686	195.258733	B4	64	80	0	2
1210	195.496828	195.605459	E4	64	96	0	5
1211	195.496828	195.609923	E5	64	88	0	2
1212	195.853971	196.294447	B3	64	70	1	-2
1213	195.853971	197.173910	E3	64	55	1	-4
1214	196.032542	196.109923	E5	64	73	0	2
1215	196.032542	196.112899	G#5	64	86	0	1
1216	196.211113	196.563792	G#5	64	96	0	1
1217	196.211113	196.587601	E5	64	91	0	2
1218	196.568256	197.014684	B3	64	75	1	-2
1219	196.746827	196.824208	B5	64	85	0	4
1220	196.746827	196.828672	E5	64	85	0	2
1221	196.925398	197.124803	E5	64	90	0	2
1222	196.925398	197.167958	B5	64	101	0	4
1223	197.639683	198.092064	B4	64	88	0	2
1224	197.639683	198.100992	G#4	64	86	0	4
1225	197.639683	198.767658	G#3	64	87	1	-5
1226	197.996826	198.803373	D#4	64	72	0	4
1227	198.353968	198.470040	G#4	64	86	0	4
1228	198.353968	198.490873	B4	64	89	0	2
1229	198.353968	198.520635	D#5	64	87	0	1
1230	198.711111	198.861408	G#4	64	80	0	4
1231	199.068253	199.438789	A#4	64	87	0	1
1232	199.068253	199.478967	F#4	64	86	0	2
1233	199.068253	199.871824	F#3	64	87	1	-2
1234	199.425396	199.852479	C#4	64	76	0	2
1235	199.782538	199.864383	A#4	64	99	0	1
1236	199.782538	199.879264	C#5	64	94	0	4
1237	199.782538	199.892657	F#4	64	94	0	2
1238	200.139681	200.237895	E3	64	90	1	-4
1239	200.139681	200.437300	E4	64	92	0	5
1240	200.139681	200.474502	G#4	64	90	0	4
1241	200.853966	202.090572	E4	64	85	0	5
1242	201.032537	201.706644	B4	64	90	0	2
1243	201.211108	201.409025	E5	64	101	0	2
1244	201.389680	201.630751	B5	64	96	0	4
1245	201.568251	201.678370	E5	64	91	0	2
1246	201.746822	201.810810	E5	64	77	0	2
1247	201.746822	201.862893	E6	64	87	0	4
1248	201.925393	202.188786	E5	64	92	0	2
1249	201.925393	202.196226	E6	64	86	0	4
1250	202.103965	202.452178	B4	64	85	0	2
1251	202.103965	202.486405	E4	64	63	0	5
1252	202.282536	202.382238	E5	64	89	0	2
1253	202.461107	202.624797	A#5	64	86	0	3
1254	202.461107	202.638190	B5	64	85	0	4
1255	202.461107	202.727476	E5	64	87	0	2
1256	202.639678	202.916464	E4	64	87	0	5
1257	202.818250	202.992357	B4	64	91	0	2
1258	202.996821	203.252773	E5	64	92	0	2
1259	203.353963	203.806344	B4	64	88	0	2
1260	203.353963	203.815272	G#4	64	86	0	4
1261	203.353963	204.481938	G#3	64	87	1	-5
1262	203.711106	204.517653	D#4	64	72	0	4
1263	204.068248	204.184320	G#4	64	86	0	4
1264	204.068248	204.205153	B4	64	89	0	2
1265	204.068248	204.234915	D#5	64	87	0	1
1266	204.425391	204.575688	G#4	64	80	0	4
1267	204.782533	205.153069	A#4	64	87	0	1
1268	204.782533	205.193247	F#4	64	86	0	2
1269	204.782533	205.586104	F#3	64	87	1	-2
1270	205.139676	205.566759	C#4	64	76	0	2
1271	205.496818	205.578663	A#4	64	99	0	1
1272	205.496818	205.593544	C#5	64	94	0	4
1273	205.496818	205.606937	F#4	64	94	0	2
1274	205.853961	205.952175	E3	64	90	1	-4
1275	205.853961	206.151580	E4	64	92	0	5
1276	205.853961	206.188782	G#4	64	90	0	4
1277	206.568246	207.804852	E4	64	85	0	5
1278	206.746817	207.420924	B4	64	90	0	2
1279	206.925388	207.123305	E5	64	101	0	2
1280	207.103960	207.345031	B5	64	96	0	4
1281	207.282531	207.392650	E5	64	91	0	2
1282	207.461102	207.525090	E5	64	77	0	2
1283	207.461102	207.577173	E6	64	87	0	4
1284	207.639673	207.903066	E5	64	92	0	2
1285	207.639673	207.910506	E6	64	86	0	4
1286	207.818245	208.166458	B4	64	85	0	2
1287	207.818245	208.200685	E4	64	63	0	5
1288	207.996816	208.096518	E5	64	89	0	2
1289	208.175387	208.339077	A#5	64	86	0	3
1290	208.175387	208.352470	B5	64	85	0	4
1291	208.175387	208.441756	E5	64	87	0	2
1292	208.353958	208.630744	E4	64	87	0	5
1293	208.532530	208.706637	G#5	64	91	0	1
1294	208.711101	208.967053	E5	64	92	0	2
1295	209.068243	209.166457	F#3	64	87	1	-2
1296	209.068243	209.505743	C#5	64	87	0	4
1297	209.068243	209.568243	A#5	64	87	0	3
1298	209.425386	210.350980	C#4	64	79	0	2
1299	209.603957	210.179849	A#4	64	86	0	1
1300	209.782528	210.016159	C#5	64	101	0	4
1301	209.961100	210.092052	G#5	64	87	0	1
1302	210.139671	210.406040	D#5	64	96	0	1
1303	210.496813	210.763182	D#5	64	96	0	1
1304	210.496813	210.955146	C#5	64	90	0	4
1305	210.496813	210.974491	F#5	64	88	0	4
1306	210.496813	211.356931	F#4	64	86	0	2
1307	210.853956	211.115860	E5	64	89	0	2
1308	210.853956	211.312289	A#4	64	83	0	1
1309	211.211098	211.450681	F#5	64	91	0	4
1310	211.211098	211.848002	A#5	64	101	0	3
1311	211.211098	211.850979	C#5	64	96	0	4
1312	211.211098	211.861395	F#5	64	92	0	4
1313	211.568241	211.801872	G#5	64	87	0	1
1314	211.568241	211.938776	A#4	64	87	0	1
1315	211.925383	212.468538	F#5	64	89	0	4
1316	211.925383	212.362883	F#5	64	84	0	4
1317	211.925383	213.173894	B3	64	86	1	-2
1318	212.282526	212.691752	B4	64	78	0	2
1319	212.639668	212.864370	B5	64	89	0	4
1320	212.639668	213.042942	F#5	64	86	0	4
1321	212.996811	213.370322	F#5	64	89	0	4
1322	212.996811	213.420918	B4	64	84	0	2
1323	213.353953	213.800381	F#5	64	85	0	4
1324	213.353953	214.254250	A#3	64	86	1	-3
1325	213.711096	214.005738	E5	64	91	0	2
1326	213.711096	214.148595	A#4	64	86	0	1
1327	214.068238	214.345024	C#5	64	96	0	4
1328	214.068238	214.355440	C#5	64	86	0	4
1329	214.068238	214.632226	F#5	64	85	0	4
1330	214.425381	214.706631	E5	64	91	0	2
1331	214.425381	214.664964	A#4	64	84	0	1
1332	214.782523	215.589070	D#5	64	90	0	1
1333	214.782523	215.193237	B4	64	77	0	2
1334	214.782523	215.231928	F#5	64	86	0	4
1335	214.782523	216.145617	G#3	64	85	1	-5
1336	215.139666	215.365856	G#4	64	71	0	4
1337	215.496808	215.642641	G#4	64	86	0	4
1338	215.496808	215.910498	B4	64	85	0	2
1339	215.853951	216.102462	B4	64	89	0	2
1340	215.853951	216.273593	G#4	64	77	0	4
1341	216.211093	216.495319	B4	64	92	0	2
1342	216.211093	216.632224	E5	64	86	0	2
1343	216.211093	217.050378	E3	64	81	1	-4
1344	216.568236	216.807819	C#5	64	96	0	4
1345	216.568236	216.989366	G#4	64	80	0	4
1346	216.925378	217.160497	D#5	64	90	0	1
1347	216.925378	217.307818	B4	64	85	0	2
1348	217.282521	217.548890	E5	64	89	0	2
1349	217.282521	217.617342	G#4	64	89	0	4
1350	217.639663	218.139663	F#5	64	87	0	4
1351	217.639663	218.023591	E5	64	86	0	2
1352	217.639663	219.042936	C#4	64	82	0	2
1353	217.996806	218.391151	G#4	64	84	0	4
1354	218.353948	218.911983	C#5	64	99	0	4
1355	218.353948	218.772103	C#5	64	87	0	4
1356	218.711091	219.002757	G#4	64	87	0	4
1357	219.068233	219.365852	E5	64	87	0	2
1358	219.068233	219.395614	C#5	64	85	0	4
1359	219.068233	219.853947	F#3	64	85	1	-2
1360	219.425376	219.691745	D#5	64	90	0	1
1361	219.425376	219.810792	F#4	64	85	0	2
1362	219.782518	220.032518	C#5	64	101	0	4
1363	219.782518	220.220018	C#5	64	88	0	4
1364	220.139661	221.202160	D#5	64	89	0	1
1365	220.139661	220.525077	F#4	64	87	0	2
1366	220.496803	220.961089	D#5	64	87	0	1
1367	220.496803	222.865849	B3	64	86	1	-2
1368	220.853946	221.264660	F#4	64	81	0	2
1369	221.211088	221.583112	B4	64	90	0	2
1370	221.568231	221.786981	D#5	64	96	0	1
1371	221.568231	221.995314	F#4	64	90	0	2
1372	221.925373	222.179837	D#5	64	96	0	1
1373	221.925373	222.353944	D#5	64	91	0	1
1374	222.282516	222.513170	E5	64	89	0	2
1375	222.282516	222.667932	F#4	64	89	0	2
1376	222.639658	222.847991	F#5	64	87	0	4
1377	222.639658	223.025075	B4	64	94	0	2
1378	222.996801	223.209598	G#5	64	87	0	1
1379	222.996801	223.298884	F#4	64	92	0	2
1380	223.353943	223.779538	A#5	64	88	0	3
1381	223.353943	224.139657	D#5	64	87	0	1
1382	223.353943	225.864357	D#3	64	88	1	-5
1383	223.711086	223.999776	D#4	64	86	0	4
1384	224.068228	224.522097	D#5	64	94	0	1
1385	224.068228	224.462573	A#4	64	85	0	1
1386	224.425371	224.623287	D#4	64	89	0	4
1387	224.782513	225.016144	D#5	64	94	0	1
1388	224.782513	224.971501	D#4	64	96	0	4
1389	224.782513	226.077155	D#5	64	88	0	1
1390	225.139656	225.749774	C#5	64	101	0	4
1391	225.139656	225.484894	D#4	64	94	0	4
1392	225.496798	225.865846	G4	64	88	0	3
1393	225.853941	226.822690	B4	64	92	0	2
1394	225.853941	225.968524	D#4	64	92	0	4
1395	226.211083	226.681321	B4	64	82	0	2
1396	226.211083	226.809297	G#4	64	79	0	4
1397	226.211083	228.751259	G#3	64	85	1	-5
1398	226.568226	228.481914	D#4	64	75	0	4
1399	226.925368	227.374773	D#5	64	92	0	1
1400	227.282511	227.535487	B4	64	91	0	2
1401	227.282511	227.580130	G#4	64	85	0	4
1402	227.639653	227.883701	G#5	64	87	0	1
1403	227.639653	227.824177	G#4	64	85	0	4
1404	227.639653	228.115843	B4	64	82	0	2
1405	227.996796	228.230427	A#5	64	89	0	3
1406	227.996796	228.350962	G#4	64	80	0	4
1407	228.353938	228.593521	B5	64	87	0	4
1408	228.353938	228.682807	B4	64	90	0	2
1409	228.353938	228.709593	D#5	64	92	0	1
1410	228.711081	228.953640	A#5	64	87	0	3
1411	229.068223	229.609889	G#5	64	88	0	1
1412	229.068223	229.481913	E5	64	91	0	2
1413	229.068223	231.455126	C#4	64	86	0	2
1414	229.425366	229.837568	G#4	64	79	0	4
1415	229.782508	230.086079	E5	64	94	0	2
1416	230.139651	231.031019	F#5	64	91	0	4
1417	230.139651	230.583103	G#4	64	89	0	4
1418	230.496793	230.972983	G#5	64	88	0	1
1419	230.853936	231.066733	G#4	64	86	0	4
1420	231.211078	231.408995	G#5	64	87	0	1
1421	231.211078	231.380721	G#4	64	86	0	4
1422	231.211078	231.581614	E5	64	85	0	2
1423	231.568221	232.757208	F#5	64	88	0	4
1424	231.568221	231.708102	G#4	64	86	0	4
1425	231.925363	232.301851	C#5	64	85	0	4
1426	231.925363	232.342030	F#4	64	85	0	2
1427	231.925363	233.161969	F#3	64	86	1	-2
1428	232.282506	233.138160	C#4	64	83	0	2
1429	232.639648	232.788458	F#4	64	86	0	2
1430	232.639648	232.870303	A#4	64	89	0	1
1431	232.996791	233.263160	D#5	64	96	0	1
1432	232.996791	233.206612	F#4	64	91	0	2
1433	233.353933	233.620302	D#5	64	96	0	1
1434	233.353933	233.742326	F#4	64	88	0	2
1435	233.353933	233.763159	A#4	64	92	0	1
1436	233.353933	233.770600	C#5	64	87	0	4
1437	233.353933	234.306313	F#3	64	90	1	-2
1438	233.711076	233.972980	E5	64	89	0	2
1439	233.711076	234.260182	C#4	64	80	0	2
1440	234.068218	234.307801	F#5	64	91	0	4
1441	234.068218	234.711075	F#4	64	99	0	2
1442	234.068218	234.717027	A#4	64	111	0	1
1443	234.425361	234.658992	G#5	64	87	0	1
1444	234.425361	234.717027	F#3	64	92	1	-2
1445	234.782503	235.325658	F#5	64	89	0	4
1446	234.782503	235.135182	F#5	64	82	0	4
1447	234.782503	235.407503	B4	64	87	0	2
1448	234.782503	236.054823	B3	64	87	1	-2
1449	235.139646	236.151550	F#4	64	77	0	2
1450	235.496788	235.721490	B5	64	89	0	4
1451	235.496788	235.556312	B4	64	69	0	2
1452	235.496788	235.679824	F#5	64	86	0	4
1453	235.496788	235.688752	D#5	64	90	0	1
1454	235.496788	235.970002	B5	64	86	0	4
1455	235.853931	236.227442	F#5	64	89	0	4
1456	235.853931	236.092026	F#5	64	83	0	4
1457	236.032502	236.144109	B4	64	87	0	2
1458	236.211073	236.754228	A#4	64	94	0	1
1459	236.211073	236.779525	C#5	64	87	0	4
1460	236.211073	237.222977	A#3	64	87	1	-3
1461	236.568216	236.862858	E5	64	91	0	2
1462	236.568216	237.214048	F#4	64	81	0	2
1463	236.925358	237.202144	C#5	64	96	0	4
1464	236.925358	237.081608	A#4	64	79	0	1
1465	236.925358	237.260179	C#5	64	83	0	4
1466	236.925358	237.359882	F#5	64	88	0	4
1467	237.282501	237.563751	E5	64	91	0	2
1468	237.282501	237.417917	A#4	64	85	0	1
1469	237.639643	238.446190	D#5	64	90	0	1
1470	237.639643	238.173869	B4	64	81	0	2
1471	237.639643	238.239345	G#4	64	82	0	4
1472	237.639643	238.767618	G#3	64	86	1	-5
1473	237.996786	238.669404	D#4	64	79	0	4
1474	238.353928	238.440238	B4	64	96	0	2
1475	238.353928	238.599464	D#5	64	96	0	1
1476	238.532500	238.736368	B4	64	85	0	2
1477	238.711071	238.959582	B4	64	89	0	2
1478	238.711071	238.846487	G#4	64	87	0	4
1479	239.068213	239.352439	B4	64	92	0	2
1480	239.068213	239.578629	G#4	64	86	0	4
1481	239.068213	239.676844	E4	64	82	0	5
1482	239.068213	239.999760	E3	64	85	1	-4
1483	239.425356	239.664939	C#5	64	96	0	4
1484	239.425356	239.983391	B3	64	80	1	-2
1485	239.782498	240.017617	D#5	64	90	0	1
1486	239.782498	239.911962	E4	64	83	0	5
1487	239.782498	240.154522	G#4	64	90	0	4
1488	239.782498	240.202141	B4	64	87	0	2
1489	240.139641	240.406010	E5	64	89	0	2
1490	240.139641	240.243807	E4	64	89	0	5
1491	240.496783	240.996783	F#5	64	87	0	4
1492	240.496783	240.703628	G#4	64	86	0	4
1493	240.496783	240.981902	C#5	64	86	0	4
1494	240.496783	241.553330	C#4	64	94	0	2
1495	240.853926	241.322675	G#4	64	86	0	4
1496	241.211068	241.769103	C#5	64	99	0	4
1497	241.211068	241.581604	E5	64	94	0	2
1498	241.568211	241.736365	C#5	64	91	0	4
1499	241.746782	241.833091	G#4	64	86	0	4
1500	241.925353	242.222972	E5	64	87	0	2
1501	241.925353	242.371781	A#4	64	86	0	1
1502	241.925353	242.505710	F#4	64	90	0	2
1503	241.925353	243.010174	F#3	64	86	1	-2
1504	242.282496	242.548865	D#5	64	90	0	1
1505	242.282496	243.013150	C#4	64	81	0	2
1506	242.639638	242.889638	C#5	64	101	0	4
1507	242.639638	242.752733	F#4	64	80	0	2
1508	242.639638	242.937257	A#4	64	92	0	1
1509	242.639638	243.108388	C#5	64	88	0	4
1510	242.996781	244.059280	D#5	64	89	0	1
1511	242.996781	243.167912	F#4	64	90	0	2
1512	243.353923	243.544399	F#4	64	89	0	2
1513	243.353923	243.773566	B4	64	86	0	2
1514	243.353923	244.694696	B3	64	86	1	-2
1515	243.711066	243.935768	F#4	64	88	0	2
1516	244.068208	244.276541	F#4	64	94	0	2
1517	244.068208	244.336065	D#5	64	91	0	1
1518	244.425351	244.644101	D#5	64	96	0	1
1519	244.425351	244.596482	B4	64	88	0	2
1520	244.603922	244.712553	F#4	64	90	0	2
1521	244.782493	245.036957	D#5	64	96	0	1
1522	244.782493	244.972969	F#4	64	92	0	2
1523	244.782493	245.200648	B4	64	86	0	2
1524	244.782493	245.691719	B3	64	89	1	-2
1525	245.139636	245.370290	E5	64	89	0	2
1526	245.139636	245.355409	F#4	64	88	0	2
1527	245.496778	245.705111	F#5	64	87	0	4
1528	245.496778	245.664933	F#4	64	94	0	2
1529	245.496778	245.715528	D#5	64	90	0	1
1530	245.675350	245.867314	B4	64	86	0	2
1531	245.853921	246.066718	G#5	64	87	0	1
1532	245.853921	245.989337	F#4	64	92	0	2
1533	246.211063	246.636658	A#5	64	88	0	3
1534	246.211063	246.615825	G4	64	86	0	3
1535	246.211063	246.641122	D#4	64	86	0	4
1536	246.211063	247.550348	D#3	64	86	1	-5
1537	246.568206	247.093503	A#3	64	83	1	-3
1538	246.925348	247.379217	D#5	64	94	0	1
1539	246.925348	247.194693	D#4	64	99	0	4
1540	246.925348	247.336062	D#5	64	96	0	1
1541	247.282491	247.559276	A#3	64	87	1	-3
1542	247.461062	247.504217	D#5	64	77	0	1
1543	247.461062	247.574157	D#4	64	99	0	4
1544	247.639633	247.873264	D#5	64	94	0	1
1545	247.639633	248.016121	A#4	64	86	0	1
1546	247.639633	248.045883	D#4	64	106	0	4
1547	247.639633	248.455109	D#3	64	89	1	-5
1548	247.996776	248.606894	A#5	64	101	0	3
1549	247.996776	248.408978	A#3	64	86	1	-3
1550	248.353918	248.538442	D#4	64	94	0	4
1551	248.353918	248.583085	G4	64	90	0	3
1552	248.711061	249.679810	B5	64	92	0	4
1553	248.711061	248.850942	D#4	64	102	0	4
1554	249.068203	249.584572	B4	64	82	0	2
1555	249.068203	249.597965	G#4	64	81	0	4
1556	249.068203	250.361357	G#3	64	85	1	-5
1557	249.425346	250.370285	D#4	64	89	0	4
1558	249.782488	250.007190	G#4	64	89	0	4
1559	249.782488	250.086059	G#5	64	86	0	1
1560	250.139631	250.464035	G#5	64	89	0	1
1561	250.139631	250.333083	D#5	64	86	0	1
1562	250.318202	250.428321	G#4	64	83	0	4
1563	250.496773	250.760166	F#5	64	86	0	4
1564	250.496773	250.949154	B4	64	86	0	2
1565	250.496773	250.953618	G#4	64	85	0	4
1566	250.496773	251.370284	G#3	64	86	1	-5
1567	250.853916	251.124749	G#5	64	86	0	1
1568	250.853916	251.353915	D#4	64	86	0	4
1569	251.211058	251.441713	F#5	64	91	0	4
1570	251.211058	251.342011	G#4	64	91	0	4
1571	251.211058	251.410463	B4	64	99	0	2
1572	251.568201	251.778022	G#5	64	87	0	1
1573	251.568201	251.730403	G#4	64	91	0	4
1574	251.925343	252.892604	F#5	64	94	0	4
1575	251.925343	252.017605	F#3	64	86	1	-2
1576	251.925343	252.141117	F#4	64	86	0	2
1577	251.925343	252.169391	C#5	64	84	0	4
1578	252.282486	254.484865	F#4	64	85	0	2
1579	252.639628	253.606889	C#5	64	96	0	4
1580	252.818200	253.019092	F#5	64	90	0	4
1581	252.996771	254.425341	C#5	64	101	0	4
1582	252.996771	253.141116	C#6	64	99	0	1
1583	253.175342	253.343497	F#5	64	87	0	4
1584	253.353913	253.609865	F#6	64	88	0	1
1585	253.532485	253.678318	F#5	64	76	0	4
1586	253.711056	254.295877	C#5	64	79	0	4
1587	254.068198	254.254210	F#6	64	86	0	1
1588	254.068198	254.301829	A#6	64	87	0	5
1589	254.645579	256.545874	C#5	64	84	0	4
1590	254.740817	256.408970	F#3	64	81	1	-2
1591	254.743793	256.544386	F#5	64	86	0	4
1592	254.804805	256.520577	A#5	64	86	0	3
1593	256.925338	257.731885	C#5	64	96	0	4
1594	257.639623	258.138135	D#5	64	86	0	1
1595	257.639623	258.145575	B4	64	78	0	2
1596	257.639623	258.533968	B3	64	85	1	-2
1597	257.996766	259.001229	B4	64	87	0	2
1598	257.996766	259.050336	F#4	64	80	0	2
1599	258.353908	258.490813	D#5	64	87	0	1
1600	258.353908	258.539920	B4	64	87	0	2
1601	258.711051	259.612836	C#5	64	85	0	4
1602	258.711051	259.630693	A#4	64	85	0	1
1603	258.711051	259.922359	A#3	64	85	1	-3
1604	259.425336	259.877716	F#4	64	69	0	2
1605	259.782478	259.929800	C#5	64	80	0	4
1606	259.782478	259.955097	F#5	64	78	0	4
1607	259.782478	259.965514	A#4	64	81	0	1
1608	260.139621	261.028013	B4	64	86	0	2
1609	260.139621	261.150036	G#4	64	85	0	4
1610	260.139621	263.036939	G#3	64	85	1	-5
1611	260.853906	261.730393	D#4	64	71	0	4
1612	261.211048	261.468489	B4	64	83	0	2
1613	261.211048	261.508667	D#5	64	87	0	1
1614	261.568191	262.700630	G#4	64	72	0	4
1615	262.282476	262.779499	D#4	64	69	0	4
1616	262.639618	262.989320	G#5	64	85	0	1
1617	262.639618	263.028011	D#5	64	85	0	1
1618	262.639618	263.039916	B4	64	85	0	2
1619	262.996761	263.126225	G#4	64	78	0	4
1620	263.353903	263.666403	B4	64	79	0	2
1621	263.353903	264.475926	B3	64	87	1	-2
1622	263.711046	264.886640	F#4	64	76	0	2
1623	264.068188	264.205093	B4	64	85	0	2
1624	264.068188	264.493783	D#5	64	86	0	1
1625	264.425331	264.629200	B4	64	85	0	2
1626	264.782473	265.453604	A#4	64	88	0	1
1627	264.782473	265.635151	A#3	64	85	1	-3
1628	265.139616	265.568187	C#5	64	85	0	4
1629	265.496758	265.725925	F#5	64	86	0	4
1630	265.853901	269.005683	B4	64	79	0	2
1631	265.853901	269.017588	G#3	64	81	1	-5
1632	265.853901	269.022052	G#4	64	89	0	4
