//Version: PianoFingering_v170101
0	3.485711	6.455351	G2	64	94	1	-3
1	3.914282	6.278565	D3	64	77	1	-1
2	4.128567	4.591067	G3	64	92	1	-1
3	4.342853	4.583924	A#3	64	78	1	-3
4	4.557138	4.812495	D4	64	91	0	3
5	5.199995	5.441066	G3	64	94	1	-1
6	5.199995	5.498209	G4	64	93	0	3
7	6.057137	6.262494	A#3	64	90	1	-3
8	6.057137	6.417851	D4	64	93	0	3
9	6.485708	6.623208	G3	64	89	1	-1
10	6.914279	7.617850	A3	64	85	1	-4
11	6.914279	7.646421	F3	64	85	1	-3
12	6.914279	9.674990	F2	64	94	1	-5
13	7.342850	9.583919	C3	64	79	1	-3
14	7.557135	8.303563	C4	64	90	0	1
15	7.985706	8.276777	A3	64	85	1	-4
16	8.199992	8.691063	F3	64	87	1	-3
17	8.628563	9.376776	F4	64	95	0	1
18	9.485705	9.599990	A3	64	85	1	-4
19	9.485705	9.630348	C4	64	87	0	1
20	10.342847	11.041060	A#3	64	85	1	-3
21	10.342847	12.778559	D#2	64	86	1	-2
22	10.771418	12.803559	A#2	64	82	1	-5
23	10.985703	11.664274	G3	64	89	1	-1
24	11.414274	11.716060	A#3	64	91	1	-3
25	11.628560	11.864274	D#4	64	91	0	4
26	12.057131	12.380345	D#4	64	90	0	4
27	12.057131	12.414273	A#3	64	90	1	-3
28	12.914273	13.078558	A#3	64	82	1	-3
29	12.914273	13.096415	G3	64	88	1	-1
30	13.771415	14.241057	A#3	64	83	1	-3
31	13.771415	16.451769	A#2	64	85	1	-5
32	14.199986	14.560700	F3	64	82	1	-3
33	14.414271	14.862485	A#3	64	88	1	-3
34	14.842842	15.216056	D4	64	96	0	3
35	15.485699	16.091055	D4	64	82	0	3
36	15.485699	16.174984	A#3	64	79	1	-3
37	17.199983	17.649982	G3	64	86	1	-1
38	17.199983	17.876768	A#3	64	80	1	-3
39	17.199983	17.907125	D4	64	92	0	3
40	17.199983	18.808910	G2	64	94	1	-3
41	17.628554	18.748196	D3	64	80	1	-1
42	17.842839	18.369624	G3	64	88	1	-1
43	18.057125	18.094625	D4	64	74	0	3
44	18.057125	18.378553	A#3	64	96	1	-3
45	18.485696	18.566053	G3	64	95	1	-1
46	18.485696	18.726767	A#3	64	100	1	-3
47	18.485696	18.742838	D4	64	101	0	3
48	18.699981	18.805338	G3	64	90	1	-1
49	18.914267	19.414266	A3	64	93	1	-4
50	18.914267	19.817837	F3	64	91	1	-3
51	18.914267	20.466051	F2	64	95	1	-5
52	19.342838	19.962480	C3	64	84	1	-3
53	19.771409	19.857123	C4	64	96	0	1
54	19.771409	19.864266	A3	64	99	1	-4
55	19.771409	19.978551	F4	64	95	0	1
56	20.199980	20.649979	C3	64	93	1	-3
57	20.628551	21.207122	F4	64	96	0	1
58	20.628551	21.214264	A4	64	98	0	5
59	20.628551	21.816050	F2	64	90	1	-5
60	21.057122	21.366050	C3	64	73	1	-3
61	21.271407	21.539264	F4	64	96	0	1
62	21.271407	21.576764	A4	64	98	0	5
63	21.271407	21.635693	C5	64	97	0	3
64	21.485693	21.839264	C3	64	93	1	-3
65	21.699978	21.880335	F4	64	97	0	1
66	21.699978	21.935692	A4	64	99	0	5
67	22.342835	22.551763	G4	64	96	0	3
68	22.342835	22.551763	A#4	64	92	0	1
69	22.342835	23.662476	G2	64	95	1	-3
70	22.771406	23.230334	D3	64	89	1	-1
71	23.199977	23.439262	G3	64	95	1	-1
72	23.199977	23.464262	A#3	64	95	1	-3
73	23.199977	23.517834	D4	64	97	0	3
74	23.414262	23.707119	D3	64	96	1	-1
75	23.628548	23.946405	G3	64	101	1	-1
76	23.842833	23.989262	A#3	64	99	1	-3
77	24.057119	24.553547	D#4	64	90	0	4
78	24.057119	24.778547	A#4	64	91	0	1
79	24.057119	24.948189	D#2	64	102	1	-2
80	24.485690	25.005332	A#2	64	86	1	-5
81	24.699975	25.067832	D#4	64	97	0	4
82	24.914261	25.180332	G4	64	95	0	3
83	25.128546	25.499975	A#4	64	106	0	1
84	25.771403	26.305331	A4	64	96	0	5
85	25.771403	26.412474	F4	64	91	0	1
86	25.771403	27.064259	F2	64	96	1	-5
87	26.199974	26.932116	C3	64	84	1	-3
88	26.628545	27.226758	C5	64	96	0	3
89	26.628545	27.369615	F4	64	97	0	1
90	26.628545	27.369615	A4	64	98	0	5
91	27.485687	27.966043	D#4	64	96	0	4
92	27.485687	28.383900	A#4	64	95	0	1
93	27.485687	28.771400	D#2	64	100	1	-2
94	27.914258	28.716043	A#2	64	86	1	-5
95	28.128543	28.441043	D#4	64	95	0	4
96	28.342829	28.449972	G4	64	89	0	3
97	28.557114	28.780328	G4	64	99	0	3
98	28.557114	28.803543	D#4	64	101	0	4
99	28.557114	28.864257	A#4	64	100	0	1
100	29.199971	29.678542	F4	64	92	0	1
101	29.199971	29.733899	A4	64	94	0	5
102	29.199971	30.732112	F2	64	96	1	-5
103	29.628542	30.537469	C3	64	85	1	-3
104	29.842827	29.980327	F4	64	95	0	1
105	30.271398	30.469612	C5	64	95	0	3
106	30.271398	30.476755	F4	64	96	0	1
107	30.914255	31.628540	A4	64	95	0	5
108	30.914255	31.657111	C5	64	95	0	3
109	30.914255	31.814254	F4	64	90	0	1
110	30.914255	33.774966	F2	64	95	1	-5
111	31.771397	32.112468	F5	64	89	0	3
112	31.771397	32.189254	A4	64	87	0	5
113	31.771397	32.201754	C5	64	86	0	3
114	32.199968	32.466039	F4	64	69	0	1
115	32.628539	32.724967	A4	64	93	0	5
116	32.628539	32.749967	F4	64	95	0	1
117	34.180323	35.282108	G3	64	83	1	-1
118	34.226751	34.944608	A#3	64	78	1	-3
119	34.267823	35.616036	G2	64	91	1	-3
120	34.285680	35.005322	D4	64	78	0	3
121	34.771394	34.924965	G4	64	90	0	3
122	34.985679	35.101751	G4	64	87	0	3
123	35.199965	35.382107	G4	64	93	0	3
124	35.414250	35.712464	D5	64	98	0	5
125	35.842821	35.994607	D5	64	102	0	5
126	35.912464	36.167821	A3	64	74	1	-4
127	35.982107	36.492821	D4	64	82	0	3
128	36.007107	36.491035	F4	64	90	0	1
129	36.012464	37.017820	D3	64	92	1	-1
130	36.057107	36.208892	C5	64	96	0	3
131	36.271392	36.937463	C5	64	94	0	3
132	36.392821	36.742820	A3	64	78	1	-4
133	36.880320	37.024963	F4	64	89	0	1
134	36.885677	37.030320	D4	64	89	0	3
135	36.903535	37.057106	A3	64	73	1	-4
136	37.342820	37.553534	A#4	64	98	0	1
137	37.557105	37.680319	C5	64	102	0	3
138	37.628534	37.816034	G3	64	68	1	-1
139	37.699962	38.187462	A#3	64	83	1	-3
140	37.753534	38.692818	D#2	64	88	1	-2
141	37.757105	38.326747	D#4	64	84	0	4
142	37.771391	37.969605	D5	64	96	0	5
143	37.985676	38.280319	G4	64	101	0	3
144	38.171390	38.467819	G3	64	79	1	-1
145	38.414247	38.569604	G4	64	97	0	3
146	38.603533	38.926747	A#3	64	82	1	-3
147	38.605319	38.932104	D#4	64	84	0	4
148	38.628533	38.791033	F4	64	99	0	1
149	38.842818	39.126747	G4	64	96	0	3
150	39.271389	40.255317	G4	64	99	0	3
151	39.469603	40.212460	D4	64	87	0	3
152	39.473175	39.969603	G3	64	81	1	-1
153	39.476746	39.964246	A#3	64	78	1	-3
154	39.482103	40.878531	G2	64	89	1	-3
155	39.932103	40.821388	D3	64	58	1	-1
156	40.342817	40.742816	A3	64	91	1	-4
157	40.739245	40.862459	A#3	64	94	1	-3
158	41.196387	41.703530	G3	64	81	1	-1
159	41.205316	41.871387	A#3	64	86	1	-3
160	41.221387	42.721386	D#2	64	95	1	-2
161	41.223173	41.928530	D#4	64	91	0	4
162	41.628530	41.744601	G4	64	95	0	3
163	41.842815	41.964244	G4	64	91	0	3
164	42.057101	42.157101	G4	64	94	0	3
165	42.085672	42.426743	D#4	64	86	0	4
166	42.085672	42.430315	A#3	64	90	1	-3
167	42.271386	42.637457	G4	64	96	0	3
168	42.699957	42.862457	A#4	64	101	0	1
169	42.914243	43.060671	A4	64	95	0	5
170	42.919600	43.935670	F2	64	89	1	-5
171	42.921386	43.821385	F3	64	82	1	-3
172	42.923171	43.358885	A3	64	84	1	-4
173	43.128528	43.849956	A4	64	95	0	5
174	43.292814	43.846385	C3	64	63	1	-3
175	43.764242	43.958885	C4	64	91	0	1
176	43.774956	43.873170	A3	64	86	1	-4
177	43.985670	44.112456	A#4	64	94	0	1
178	44.199956	44.351741	A#4	64	93	0	1
179	44.414241	44.542813	G4	64	96	0	3
180	44.539241	44.694598	A#3	64	81	1	-3
181	44.576741	45.526740	A#2	64	92	1	-5
182	44.587455	44.773170	D4	64	90	0	3
183	44.628527	44.958884	A#4	64	104	0	1
184	44.994598	45.480312	F3	64	70	1	-3
185	45.057098	45.194598	C5	64	97	0	3
186	45.271383	45.599954	A#4	64	104	0	1
187	45.417812	45.539240	A#3	64	96	1	-3
188	45.423169	45.589240	D4	64	95	0	3
189	45.699954	45.989240	C5	64	98	0	3
190	46.128525	47.414238	D5	64	106	0	5
191	46.251739	47.287453	D2	64	92	1	-3
192	46.258882	46.562453	A3	64	84	1	-4
193	46.264239	46.682096	D4	64	88	0	3
194	46.673168	47.249953	A2	64	77	1	-1
195	47.130310	47.307096	F#4	64	88	0	2
196	47.133881	47.339238	A3	64	91	1	-4
197	47.964238	48.442809	G3	64	84	1	-1
198	48.007095	48.498166	A#3	64	86	1	-3
199	48.028523	49.276736	D#2	64	90	1	-2
200	48.048166	48.492809	D#4	64	88	0	4
201	48.471380	49.246379	A#2	64	52	1	-5
202	48.485666	48.601737	G4	64	94	0	3
203	48.699951	48.819594	G4	64	95	0	3
204	48.894594	49.057094	A#3	64	89	1	-3
205	48.899951	49.098165	D#4	64	89	0	4
206	48.914237	49.057094	G4	64	95	0	3
207	49.128522	49.410665	D5	64	100	0	5
208	49.557093	49.701736	D5	64	101	0	5
209	49.769593	50.885663	F2	64	94	1	-5
210	49.771379	49.933879	C5	64	96	0	3
211	49.771379	50.664235	F3	64	86	1	-3
212	49.773165	50.196378	A3	64	88	1	-4
213	49.985664	50.685664	C5	64	95	0	3
214	50.174950	50.871378	C3	64	81	1	-3
215	50.608878	50.694592	A3	64	95	1	-4
216	50.610664	50.710664	C4	64	90	0	1
217	50.612449	50.826735	F4	64	90	0	1
218	50.842806	50.957092	A#4	64	101	0	1
219	51.057092	51.194592	A#4	64	93	0	1
220	51.271377	51.408877	C5	64	99	0	3
221	51.337449	51.553520	A3	64	73	1	-4
222	51.408877	51.803520	D4	64	85	0	3
223	51.469591	52.416019	D3	64	91	1	-1
224	51.474949	52.037448	F4	64	90	0	1
225	51.485663	51.828520	D5	64	111	0	5
226	51.882091	52.094591	A3	64	75	1	-4
227	51.914234	52.033877	G4	64	95	0	3
228	52.128519	52.473162	F4	64	96	0	1
229	52.294591	52.514233	A3	64	89	1	-4
230	52.294591	52.535662	D4	64	91	0	3
231	52.557090	52.855304	G4	64	93	0	3
232	52.985661	53.842803	G4	64	96	0	3
233	53.139233	53.946375	G3	64	78	1	-1
234	53.146375	53.658875	D4	64	78	0	3
235	53.148161	54.423160	G2	64	82	1	-3
236	53.149947	53.685661	A#3	64	78	1	-3
237	53.576732	54.369588	D3	64	70	1	-1
238	54.030303	54.244589	A#3	64	96	1	-3
239	54.453517	54.778517	A3	64	96	1	-4
240	54.485660	54.594588	G4	64	96	0	3
241	54.699945	54.851731	A4	64	97	0	5
242	54.862445	56.242801	C2	64	90	1	-5
243	54.867802	55.839230	C4	64	86	0	1
244	54.869588	55.616016	G4	64	86	0	3
245	54.871374	55.567802	D#4	64	84	0	4
246	54.894588	55.376730	G3	64	91	1	-1
247	54.914231	55.585659	A#4	64	99	0	1
248	55.751730	56.941014	G4	64	95	0	3
249	55.767801	56.657086	D#4	64	91	0	4
250	55.771373	55.876730	G4	64	96	0	3
251	55.985658	56.153515	A#4	64	96	0	1
252	56.199944	56.542801	D5	64	102	0	5
253	56.605301	57.269586	D4	64	82	0	3
254	56.616015	57.342800	F4	64	91	0	1
255	56.621372	57.803514	D3	64	96	1	-1
256	56.628515	57.255300	C5	64	97	0	3
257	57.055300	57.757085	A3	64	85	1	-4
258	57.271371	57.392800	F4	64	91	0	1
259	57.485657	57.632085	F4	64	101	0	1
260	57.496371	58.082085	D4	64	96	0	3
261	57.699942	57.837442	G4	64	95	0	3
262	57.907085	58.407084	F4	64	94	0	1
263	57.914228	58.330299	A4	64	98	0	5
264	58.333870	61.619581	G2	64	95	1	-3
265	58.339227	59.819583	G4	64	92	0	3
266	58.342799	59.994583	G4	64	95	0	3
267	58.783870	61.478510	D3	64	78	1	-1
268	59.210655	59.769583	A#3	64	87	1	-3
269	59.574940	61.621367	G3	64	82	1	-1
270	60.019583	61.624938	A#3	64	94	1	-3
271	60.028511	61.649938	D4	64	95	0	3
272	60.035654	61.635653	G4	64	95	0	3
273	61.342796	61.564224	D5	64	102	0	5
274	61.557081	61.739224	C5	64	95	0	3
275	61.771367	62.944580	G4	64	98	0	3
276	61.771367	61.901724	C2	64	89	1	-5
277	61.771367	62.844580	G4	64	91	0	3
278	61.771367	62.869580	D#4	64	84	0	4
279	62.199938	63.016008	C3	64	87	1	-3
280	62.628509	62.989223	G3	64	97	1	-1
281	62.842794	63.349937	C4	64	97	0	1
282	63.057080	63.224937	D5	64	106	0	5
283	63.057080	63.467794	D#4	64	99	0	4
284	63.271365	64.298150	C5	64	99	0	3
285	63.485651	63.842793	C4	64	89	0	1
286	63.485651	63.989222	F4	64	90	0	1
287	63.485651	64.658864	F2	64	96	1	-5
288	63.914222	64.630293	C3	64	79	1	-3
289	64.342793	64.669578	F3	64	90	1	-3
290	64.342793	64.724935	A3	64	91	1	-4
291	65.199935	65.542792	A4	64	97	0	5
292	65.199935	65.830291	A#3	64	83	1	-3
293	65.199935	66.114220	G3	64	89	1	-1
294	65.199935	68.403503	G2	64	95	1	-3
295	65.628506	65.764220	A4	64	95	0	5
296	65.628506	66.244577	D3	64	71	1	-1
297	65.842791	66.171362	A4	64	98	0	5
298	66.057077	66.623148	A#3	64	95	1	-3
299	66.057077	66.712433	D4	64	96	0	3
300	66.271362	66.598148	F4	64	98	0	1
301	66.485648	67.083861	D3	64	68	1	-1
302	66.699933	67.642790	A#4	64	96	0	1
303	66.699933	67.041004	G3	64	84	1	-1
304	66.914219	67.291004	G4	64	97	0	3
305	67.342790	67.824932	D3	64	80	1	-1
306	67.771361	68.024932	A#3	64	96	1	-3
307	67.771361	68.260646	D4	64	96	0	3
308	67.985646	68.314217	D3	64	83	1	-1
309	68.199932	68.316003	G4	64	96	0	3
310	68.199932	68.433860	G3	64	95	1	-1
311	68.414217	68.539217	G4	64	91	0	3
312	68.628503	69.596359	A#4	64	96	0	1
313	68.628503	69.257074	D#4	64	88	0	4
314	68.628503	69.480288	G4	64	94	0	3
315	68.628503	69.876716	D#2	64	92	1	-2
316	69.057074	69.910644	A#2	64	77	1	-5
317	69.485645	69.942787	D#4	64	97	0	4
318	69.699930	69.964216	G4	64	86	0	3
319	69.914216	70.385644	A#4	64	95	0	1
320	70.128501	70.292787	G4	64	94	0	3
321	70.342787	70.707072	A4	64	101	0	5
322	70.342787	70.794572	A4	64	88	0	5
323	70.342787	71.648143	F2	64	94	1	-5
324	70.771358	70.953500	G4	64	96	0	3
325	70.771358	71.435643	C3	64	86	1	-3
326	70.985643	71.433857	F4	64	98	0	1
327	71.199929	71.521357	C4	64	95	0	1
328	71.199929	72.003499	F4	64	95	0	1
329	71.414214	71.799928	G4	64	96	0	3
330	71.628500	71.953499	C4	64	90	0	1
331	71.842785	73.667783	D4	64	99	0	3
332	72.057071	72.578499	A#3	64	83	1	-3
333	72.057071	72.780284	D4	64	95	0	3
334	72.057071	72.783856	F4	64	90	0	1
335	72.057071	73.226712	A#2	64	91	1	-5
336	72.485642	73.153498	F3	64	82	1	-3
337	72.699927	73.210641	A#3	64	97	1	-3
338	73.128498	73.264212	D4	64	96	0	3
339	73.128498	73.324927	F4	64	96	0	1
340	73.771355	74.182069	D4	64	90	0	3
341	73.771355	74.349926	F#4	64	89	0	2
342	73.771355	74.960639	D2	64	98	1	-3
343	74.199926	74.915997	A2	64	78	1	-1
344	74.414211	74.896354	D4	64	92	0	3
345	74.628497	74.942782	F#4	64	98	0	2
346	74.842782	75.446353	D5	64	109	0	5
347	75.057068	75.235639	D5	64	99	0	5
348	75.057068	75.146353	F#4	64	68	0	2
349	75.057068	75.449925	D4	64	95	0	3
350	75.271353	75.408853	C5	64	94	0	3
351	75.485639	76.412424	D5	64	111	0	5
352	75.485639	75.939210	D#2	64	94	1	-2
353	75.485639	76.557066	D#4	64	93	0	4
354	75.485639	77.176709	A#4	64	89	0	1
355	76.342781	76.669566	D#3	64	96	1	-5
356	76.557066	76.699923	D5	64	109	0	5
357	76.557066	76.698138	A#3	64	92	1	-3
358	76.771352	76.939209	F5	64	99	0	3
359	76.771352	77.067780	D#4	64	98	0	4
360	76.985637	78.110636	C5	64	101	0	3
361	77.199923	77.853494	A4	64	95	0	5
362	77.199923	78.328493	F2	64	95	1	-5
363	77.628494	78.269565	C3	64	85	1	-3
364	78.057065	78.564207	F4	64	95	0	1
365	78.485636	78.601707	F4	64	98	0	1
366	78.699921	78.839207	F4	64	101	0	1
367	78.914207	79.057064	F5	64	96	0	3
368	78.914207	78.976707	A4	64	92	0	5
369	78.914207	79.153492	D2	64	95	1	-3
370	78.914207	79.671349	D4	64	94	0	3
371	79.128492	79.635635	G5	64	96	0	5
372	79.342778	80.292777	D3	64	97	1	-1
373	79.557063	80.210634	A3	64	96	1	-4
374	79.771349	79.958849	C5	64	104	0	3
375	79.985634	80.396348	F5	64	95	0	3
376	79.985634	80.249920	F4	64	95	0	1
377	80.199920	80.514205	D4	64	95	0	3
378	80.414205	81.274919	D5	64	102	0	5
379	80.414205	80.678491	F4	64	91	0	1
380	80.628491	81.374919	G4	64	92	0	3
381	80.628491	82.194561	G2	64	96	1	-3
382	81.057062	81.580276	D3	64	82	1	-1
383	81.485633	81.948132	A#3	64	97	1	-3
384	81.485633	81.980275	D4	64	96	0	3
385	81.699918	81.828490	G4	64	96	0	3
386	81.699918	82.203489	D3	64	88	1	-1
387	81.914204	82.083846	A4	64	96	0	5
388	81.914204	82.315989	G3	64	96	1	-1
389	82.128489	83.035631	A#4	64	98	0	1
390	82.128489	82.165989	D4	64	74	0	3
391	82.128489	82.328489	A#3	64	95	1	-3
392	82.342775	82.828489	D#4	64	92	0	4
393	82.342775	83.189203	A#4	64	89	0	1
394	82.342775	83.648131	D#2	64	97	1	-2
395	82.771346	83.714202	A#2	64	87	1	-5
396	82.985631	83.408845	D#4	64	101	0	4
397	83.199917	83.523131	D5	64	102	0	5
398	83.199917	83.457059	G4	64	88	0	3
399	83.414202	83.958845	A#4	64	97	0	1
400	83.628488	83.755273	C5	64	96	0	3
401	83.628488	83.832059	D#4	64	97	0	4
402	83.842773	84.669558	A4	64	97	0	5
403	84.057059	84.669558	A4	64	91	0	5
404	84.057059	84.671344	F4	64	90	0	1
405	84.057059	85.183843	F2	64	96	1	-5
406	84.485630	85.176701	C3	64	84	1	-3
407	84.699915	84.842772	F4	64	99	0	1
408	84.914201	85.223129	F4	64	101	0	1
409	84.914201	85.180272	F4	64	96	0	1
410	84.914201	85.223129	A4	64	97	0	5
411	85.342772	85.483843	G4	64	95	0	3
412	85.557057	87.683841	G4	64	96	0	3
413	85.771343	86.274914	D4	64	85	0	3
414	85.771343	86.358842	G4	64	89	0	3
415	85.771343	87.417770	G2	64	95	1	-3
416	86.199914	86.742770	D3	64	83	1	-1
417	86.628485	87.098127	D4	64	98	0	3
418	86.628485	87.103484	A#4	64	101	0	1
419	87.057056	87.355270	D3	64	85	1	-1
420	87.271341	87.371341	D4	64	90	0	3
421	87.271341	87.385627	A4	64	95	0	5
422	87.485627	87.878484	D4	64	96	0	3
423	87.485627	87.924912	G4	64	97	0	3
424	87.485627	88.805268	G2	64	97	1	-3
425	87.914198	88.403483	D3	64	92	1	-1
426	88.128483	88.217769	D4	64	84	0	3
427	88.342769	88.590983	G4	64	106	0	3
428	88.342769	88.594554	D4	64	101	0	3
429	88.342769	88.623126	A#4	64	111	0	1
430	88.557054	88.771340	D3	64	95	1	-1
431	88.771340	88.912411	D5	64	112	0	5
432	88.771340	89.064197	D4	64	99	0	3
433	88.771340	89.153482	A4	64	100	0	5
434	88.985625	89.148125	F5	64	100	0	3
435	89.199911	89.503482	G5	64	104	0	5
436	89.199911	89.637410	G4	64	94	0	3
437	89.199911	90.226695	D#2	64	100	1	-2
438	89.628482	90.826695	G5	64	101	0	5
439	89.628482	90.183838	A#2	64	79	1	-5
440	90.057053	90.346338	D#4	64	111	0	4
441	90.057053	90.423124	G4	64	98	0	3
442	90.914195	91.189195	F4	64	95	0	1
443	90.914195	91.348123	A4	64	96	0	5
444	90.914195	91.973122	F2	64	97	1	-5
445	91.342766	91.923122	C3	64	88	1	-3
446	91.557051	91.898122	G5	64	102	0	5
447	91.557051	91.673123	A3	64	95	1	-4
448	91.771337	92.065979	A3	64	98	1	-4
449	91.771337	92.098122	D4	64	106	0	3
450	91.771337	92.174908	F4	64	97	0	1
451	91.985622	92.173122	F5	64	100	0	3
452	92.199908	92.324908	F5	64	106	0	3
453	92.414193	92.587407	D5	64	101	0	5
454	92.628479	92.962407	F5	64	100	0	3
455	92.628479	93.087407	D4	64	97	0	3
456	92.628479	93.132050	F4	64	97	0	1
457	92.628479	93.787406	D3	64	99	1	-1
458	93.057050	93.187407	F5	64	98	0	3
459	93.057050	93.546335	A3	64	86	1	-4
460	93.271335	93.553478	G5	64	102	0	5
461	93.271335	93.367764	D4	64	86	0	3
462	93.485621	93.724906	D4	64	99	0	3
463	93.485621	93.748121	F4	64	101	0	1
464	93.485621	93.769549	A4	64	97	0	5
465	93.699906	93.842763	C5	64	101	0	3
466	93.699906	93.826692	A3	64	95	1	-4
467	93.914192	94.035620	F5	64	99	0	3
468	93.914192	94.212406	D4	64	97	0	3
469	94.128477	95.010619	D5	64	106	0	5
470	94.128477	94.274906	F4	64	90	0	1
471	94.342763	94.558834	G4	64	96	0	3
472	94.342763	94.580263	D4	64	97	0	3
473	94.342763	95.532047	G2	64	96	1	-3
474	94.771334	95.230262	D3	64	87	1	-1
475	94.985619	95.060619	D4	64	94	0	3
476	95.199905	95.432047	A#4	64	100	0	1
477	95.199905	95.462405	D4	64	99	0	3
478	95.414190	95.576690	D3	64	96	1	-1
479	95.628476	95.842761	C5	64	97	0	3
480	95.628476	95.901690	D4	64	89	0	3
481	95.628476	96.032047	A4	64	97	0	5
482	95.842761	95.951690	A#4	64	109	0	1
483	96.057047	96.187404	C5	64	101	0	3
484	96.057047	96.610618	G4	64	95	0	3
485	96.057047	97.062403	D#2	64	97	1	-2
486	96.271332	96.360618	D5	64	96	0	5
487	96.485618	97.246331	G4	64	101	0	3
488	96.485618	97.005260	A#2	64	83	1	-5
489	96.914189	97.178474	D#4	64	109	0	4
490	96.914189	97.264188	G4	64	99	0	3
491	97.128474	97.321331	A#2	64	83	1	-5
492	97.342760	97.455260	D#2	64	93	1	-2
493	97.771331	98.126688	C5	64	101	0	3
494	97.771331	98.226687	F4	64	93	0	1
495	97.771331	98.296330	A4	64	96	0	5
496	97.771331	98.799901	F2	64	96	1	-5
497	98.199902	98.351687	A#4	64	99	0	1
498	98.199902	98.758830	C3	64	83	1	-3
499	98.414187	98.690973	C5	64	102	0	3
500	98.628473	98.823115	F4	64	100	0	1
501	98.628473	98.830258	A4	64	106	0	5
502	98.842758	99.108829	F5	64	96	0	3
503	99.057044	99.210615	F2	64	96	1	-5
504	99.271329	102.135612	D5	64	106	0	5
505	99.485615	99.874900	F4	64	95	0	1
506	99.485615	99.923114	A#4	64	99	0	1
507	99.485615	100.632042	A#2	64	106	1	-5
508	99.914186	100.428471	F3	64	89	1	-3
509	100.128471	100.332043	F4	64	97	0	1
510	100.342757	100.567757	A#4	64	112	0	1
511	100.557042	100.719542	F3	64	92	1	-3
512	100.771328	100.901685	F4	64	97	0	1
513	100.985613	101.060613	A#4	64	102	0	1
514	101.199899	101.283827	D2	64	100	1	-3
515	101.199899	101.914184	A4	64	104	0	5
516	101.414184	102.560612	D3	64	96	1	-1
517	101.628470	102.524897	A3	64	97	1	-4
518	101.842755	102.149898	C4	64	106	0	1
519	102.057041	102.214184	F#4	64	112	0	2
520	102.485612	102.626683	D5	64	112	0	5
521	102.485612	102.751683	C4	64	101	0	1
522	102.485612	102.887397	F#4	64	104	0	2
523	102.485612	102.978468	A4	64	98	0	5
524	102.699897	102.862397	F5	64	100	0	3
525	102.699897	103.049897	A3	64	97	1	-4
526	102.914183	103.217754	G5	64	104	0	5
527	102.914183	103.542754	D#4	64	89	0	4
528	102.914183	103.567754	A#4	64	90	0	1
529	102.914183	103.999896	D#2	64	104	1	-2
530	103.342754	104.540967	G5	64	101	0	5
531	103.342754	103.889182	A#2	64	90	1	-5
532	103.771325	104.001682	D#4	64	101	0	4
533	103.771325	104.083824	G4	64	101	0	3
534	103.771325	104.274896	A#4	64	101	0	1
535	103.985610	104.112396	A#2	64	93	1	-5
536	104.199896	104.480253	D#4	64	106	0	4
537	104.414181	104.640967	A#4	64	97	0	1
538	104.628467	105.221323	A4	64	95	0	5
539	104.628467	105.887394	F2	64	96	1	-5
540	105.057038	105.569537	C3	64	93	1	-3
541	105.271323	105.612394	G5	64	102	0	5
542	105.485609	105.744537	F4	64	101	0	1
543	105.485609	106.012394	A4	64	104	0	5
544	105.699894	105.887394	F5	64	100	0	3
545	105.699894	105.898108	C3	64	95	1	-3
546	105.914180	106.039180	F5	64	106	0	3
547	105.914180	106.296322	F4	64	97	0	1
548	106.128465	106.301679	D5	64	101	0	5
549	106.342751	106.676679	A5	64	100	0	2
550	106.342751	106.830250	A4	64	95	0	5
551	106.342751	107.482035	D3	64	98	1	-1
552	106.557036	107.053464	A3	64	84	1	-4
553	106.771322	106.901679	A5	64	98	0	2
554	106.771322	107.132036	D4	64	96	0	3
555	106.985607	107.267750	A5	64	102	0	2
556	106.985607	107.248107	F4	64	106	0	1
557	107.199893	107.444535	A3	64	91	1	-4
558	107.414178	107.557035	F5	64	101	0	3
559	107.414178	107.658821	D4	64	97	0	3
560	107.414178	107.687392	F4	64	102	0	1
561	107.414178	107.749892	A4	64	99	0	5
562	107.628464	107.749892	F5	64	99	0	3
563	107.628464	107.758821	D3	64	97	1	-1
564	107.842749	108.724891	D5	64	106	0	5
565	107.842749	107.957035	D4	64	91	0	3
566	108.057035	108.265963	D4	64	96	0	3
567	108.057035	108.276677	G4	64	90	0	3
568	108.057035	109.119534	G2	64	95	1	-3
569	108.271320	109.008820	D3	64	97	1	-1
570	108.485606	108.789177	D4	64	97	0	3
571	108.914177	109.180248	D4	64	97	0	3
572	108.914177	109.223105	G4	64	100	0	3
573	108.914177	109.348105	A#4	64	98	0	1
574	109.342748	109.557033	C5	64	97	0	3
575	109.342748	109.539176	G2	64	96	1	-3
576	109.557033	109.665962	A#4	64	109	0	1
577	109.771319	109.901676	C5	64	101	0	3
578	109.771319	110.239175	C4	64	87	0	1
579	109.771319	110.253461	D#4	64	89	0	4
580	109.771319	110.367747	G4	64	90	0	3
581	109.771319	111.214174	C2	64	93	1	-5
582	109.985604	110.074890	D5	64	96	0	5
583	110.199890	110.960603	G4	64	101	0	3
584	110.199890	110.958818	G2	64	73	1	-3
585	110.414175	110.739175	C4	64	95	0	1
586	110.842746	111.065960	C4	64	97	0	1
587	110.842746	111.114175	D#4	64	101	0	4
588	110.842746	111.374889	G4	64	94	0	3
589	111.057032	111.215960	G2	64	85	1	-3
590	111.271317	111.382031	C4	64	70	0	1
591	111.485603	111.828460	C5	64	97	0	3
592	111.485603	112.073102	C4	64	93	0	1
593	111.485603	112.082031	F4	64	87	0	1
594	111.485603	112.642745	F2	64	95	1	-5
595	111.914174	112.028459	D5	64	102	0	5
596	111.914174	112.501673	C3	64	90	1	-3
597	112.128459	112.515959	F4	64	97	0	1
598	112.342745	112.730244	C4	64	98	0	1
599	112.342745	112.765959	F4	64	102	0	1
600	112.557030	112.921316	A#4	64	91	0	1
601	112.771316	113.033816	F2	64	93	1	-5
602	112.985601	115.037385	G4	64	96	0	3
603	113.199887	113.428458	D4	64	91	0	3
604	113.199887	113.574886	G4	64	91	0	3
605	113.199887	114.703457	G2	64	95	1	-3
606	113.628458	113.910600	D3	64	77	1	-1
607	113.842743	114.144529	G3	64	100	1	-1
608	114.057029	114.335600	D3	64	88	1	-1
609	114.271314	114.521314	G3	64	99	1	-1
610	114.271314	114.528457	A#3	64	101	1	-3
611	114.271314	114.560600	D4	64	99	0	3
612	114.485600	114.687385	D3	64	95	1	-1
613	114.699885	114.762385	D4	64	81	0	3
614	114.699885	114.764171	G4	64	81	0	3
615	114.699885	114.787385	G3	64	87	1	-1
616	114.914171	116.557026	A#3	64	81	1	-3
617	114.914171	116.560598	G3	64	94	1	-1
618	114.914171	116.599883	D4	64	95	0	3
619	114.914171	116.608812	G2	64	96	1	-3
620	117.057026	117.210597	G4	64	90	0	3
621	117.271311	117.387383	G4	64	87	0	3
622	117.485597	117.667739	G4	64	93	0	3
623	117.699882	117.998096	D5	64	98	0	5
624	118.128453	118.280239	D5	64	102	0	5
625	118.342739	118.494524	C5	64	96	0	3
626	118.557024	119.223095	C5	64	94	0	3
627	119.199881	119.671309	F2	64	96	1	-5
628	119.199881	119.724880	C4	64	95	0	1
629	119.199881	119.739166	F4	64	95	0	1
630	119.199881	119.819523	A4	64	95	0	5
631	119.628452	119.839166	A#4	64	98	0	1
632	119.842737	119.965951	C5	64	102	0	3
633	120.057023	120.255237	D5	64	96	0	5
634	120.057023	120.664165	D#4	64	87	0	4
635	120.057023	120.714165	G4	64	89	0	3
636	120.057023	120.987379	D#2	64	101	1	-2
637	120.271308	120.565951	G4	64	101	0	3
638	120.485594	121.058808	A#2	64	79	1	-5
639	120.699879	120.855236	G4	64	97	0	3
640	120.914165	121.076665	F4	64	99	0	1
641	120.914165	121.112379	D#4	64	101	0	4
642	120.914165	121.203450	G4	64	96	0	3
643	121.128450	121.412379	G4	64	96	0	3
644	121.557021	122.540949	G4	64	99	0	3
645	121.771307	122.307021	D4	64	93	0	3
646	121.771307	122.315949	G4	64	90	0	3
647	121.771307	123.276662	G2	64	95	1	-3
648	122.199878	123.153448	D3	64	82	1	-1
649	122.628449	122.823091	G4	64	97	0	3
650	122.628449	122.835591	D4	64	92	0	3
651	122.628449	122.848091	A#4	64	100	0	1
652	123.057020	123.323091	A4	64	95	0	5
653	123.057020	123.335591	D4	64	91	0	3
654	123.485591	124.180233	A#4	64	89	0	1
655	123.485591	124.294519	D#4	64	90	0	4
656	123.485591	124.528447	D#2	64	98	1	-2
657	123.914162	124.030233	G4	64	95	0	3
658	123.914162	124.521304	A#2	64	72	1	-5
659	124.128447	124.249876	G4	64	91	0	3
660	124.342733	124.442733	G4	64	94	0	3
661	124.342733	124.380233	D#4	64	61	0	4
662	124.342733	124.814161	G4	64	93	0	3
663	124.342733	125.126661	A#4	64	95	0	1
664	124.557018	124.923089	G4	64	96	0	3
665	124.771304	124.928447	D#4	64	91	0	4
666	124.985589	125.148089	A#4	64	101	0	1
667	125.199875	125.346303	A4	64	95	0	5
668	125.199875	125.844517	A4	64	92	0	5
669	125.199875	125.932017	F4	64	89	0	1
670	125.199875	126.567731	F2	64	91	1	-5
671	125.414160	126.135588	A4	64	95	0	5
672	125.628446	126.469516	C3	64	83	1	-3
673	126.057017	126.676659	F4	64	99	0	1
674	126.057017	126.739159	A4	64	97	0	5
675	126.271302	126.398088	A#4	64	94	0	1
676	126.485588	126.637373	A#4	64	93	0	1
677	126.699873	126.828445	G4	64	96	0	3
678	126.914159	127.244516	A#4	64	104	0	1
679	126.914159	127.433801	F4	64	96	0	1
680	126.914159	127.490944	A#4	64	97	0	1
681	126.914159	128.158800	A#2	64	96	1	-5
682	127.342730	127.480230	C5	64	97	0	3
683	127.342730	128.167729	F3	64	82	1	-3
684	127.557015	127.885586	A#4	64	104	0	1
685	127.771301	127.998086	F4	64	96	0	1
686	127.771301	128.508800	A#4	64	109	0	1
687	127.771301	128.548086	D5	64	102	0	5
688	127.985586	128.274872	C5	64	98	0	3
689	128.199872	128.428443	F4	64	90	0	1
690	128.414157	129.699870	D5	64	106	0	5
691	128.628443	128.985585	D5	64	101	0	5
692	128.628443	128.994514	A4	64	89	0	5
693	128.628443	130.362370	D2	64	99	1	-3
694	129.057014	130.369512	A2	64	90	1	-1
695	129.485585	129.755227	A3	64	97	1	-4
696	129.485585	130.340941	D4	64	97	0	3
697	129.914156	130.355227	A3	64	99	1	-4
698	130.342727	130.928440	G4	64	91	0	3
699	130.342727	131.296297	D#4	64	91	0	4
700	130.342727	131.594511	D#2	64	100	1	-2
701	130.771298	130.887369	G4	64	94	0	3
702	130.771298	131.651654	A#2	64	85	1	-5
703	130.985583	131.105226	G4	64	95	0	3
704	131.199869	131.342726	G4	64	95	0	3
705	131.199869	131.630226	G4	64	100	0	3
706	131.199869	131.976654	A#4	64	100	0	1
707	131.414154	131.696297	D5	64	100	0	5
708	131.628440	131.894511	D#4	64	93	0	4
709	131.842725	131.987368	D5	64	101	0	5
710	132.057011	132.219511	C5	64	96	0	3
711	132.057011	132.692724	F4	64	84	0	1
712	132.057011	132.724867	A4	64	92	0	5
713	132.057011	133.321295	F2	64	96	1	-5
714	132.271296	132.971296	C5	64	95	0	3
715	132.485582	133.333795	C3	64	87	1	-3
716	132.914153	133.248081	F4	64	97	0	1
717	132.914153	133.248081	A4	64	104	0	5
718	133.128438	133.242724	A#4	64	101	0	1
719	133.342724	133.480224	A#4	64	93	0	1
720	133.557009	133.694509	C5	64	99	0	3
721	133.771295	134.114152	D5	64	111	0	5
722	133.771295	134.228437	F4	64	95	0	1
723	133.771295	134.265937	D4	64	92	0	3
724	133.771295	134.283794	A4	64	93	0	5
725	133.771295	134.928437	D2	64	97	1	-3
726	134.199866	134.319509	G4	64	95	0	3
727	134.199866	134.864151	A2	64	80	1	-1
728	134.414151	134.758794	F4	64	96	0	1
729	134.628437	134.857008	D4	64	96	0	3
730	134.628437	135.128436	F4	64	100	0	1
731	134.842722	135.140936	G4	64	93	0	3
732	135.057008	135.376650	D4	64	97	0	3
733	135.271293	136.128435	G4	64	96	0	3
734	135.485579	136.037364	G4	64	95	0	3
735	135.485579	136.048078	D4	64	96	0	3
736	135.485579	136.589149	G2	64	95	1	-3
737	135.914150	136.532006	D3	64	84	1	-1
738	136.342721	136.574863	D4	64	95	0	3
739	136.342721	136.796292	G4	64	97	0	3
740	136.342721	136.799863	A#4	64	96	0	1
741	136.771292	136.880220	G4	64	96	0	3
742	136.771292	136.944506	D4	64	95	0	3
743	136.985577	137.137363	A4	64	97	0	5
744	137.199863	137.871291	A#4	64	99	0	1
745	137.199863	137.805219	D#4	64	90	0	4
746	137.199863	137.849862	G4	64	96	0	3
747	137.199863	138.133790	C4	64	88	0	1
748	137.199863	138.407004	C3	64	96	1	-3
749	137.628434	138.371290	G3	64	84	1	-1
750	138.057005	138.162362	G4	64	96	0	3
751	138.057005	138.482004	D#4	64	101	0	4
752	138.057005	138.485576	G4	64	96	0	3
753	138.271290	138.439147	A#4	64	96	0	1
754	138.485576	138.828433	D5	64	102	0	5
755	138.485576	138.990932	C4	64	101	0	1
756	138.914147	139.540932	C5	64	97	0	3
757	138.914147	139.537360	A4	64	95	0	5
758	138.914147	139.542718	F4	64	95	0	1
759	138.914147	140.096288	F2	64	88	1	-5
760	139.342718	140.098074	C3	64	90	1	-3
761	139.557003	139.678432	F4	64	91	0	1
762	139.771289	139.917717	F4	64	101	0	1
763	139.771289	140.001646	C4	64	97	0	1
764	139.771289	140.324860	F4	64	101	0	1
765	139.771289	140.585574	A4	64	102	0	5
766	139.985574	140.123074	G4	64	95	0	3
767	140.199860	140.615931	A4	64	98	0	5
768	140.199860	140.467717	C4	64	99	0	1
769	140.628431	142.280215	G4	64	95	0	3
770	140.628431	140.933788	G4	64	91	0	3
771	140.628431	140.942716	D4	64	94	0	3
772	140.628431	142.164144	G2	64	96	1	-3
773	141.057002	142.099858	D3	64	89	1	-1
774	141.485573	141.674858	A#4	64	98	0	1
775	141.485573	141.767715	D4	64	96	0	3
776	141.699858	142.139144	A4	64	98	0	5
777	141.914144	142.044501	D4	64	81	0	3
778	142.342715	142.683786	D4	64	96	0	3
779	142.342715	143.024857	G4	64	97	0	3
780	142.342715	144.019499	G2	64	96	1	-3
781	142.771286	144.031999	D3	64	90	1	-1
782	142.985571	143.076643	D4	64	89	0	3
783	143.199857	143.312357	G4	64	104	0	3
784	143.199857	143.333785	D4	64	99	0	3
785	143.199857	143.346285	A#4	64	104	0	1
786	143.628428	143.849856	D5	64	102	0	5
787	143.628428	144.021285	D4	64	99	0	3
788	143.628428	144.031999	A4	64	100	0	5
789	143.842713	144.024856	C5	64	95	0	3
790	144.056999	145.230212	G4	64	98	0	3
791	144.056999	144.187356	C2	64	89	1	-5
792	144.056999	145.130212	G4	64	91	0	3
793	144.056999	145.155212	D#4	64	84	0	4
794	144.485570	145.301640	C3	64	87	1	-3
795	144.914141	145.274855	G3	64	97	1	-1
796	145.128426	145.635569	C4	64	97	0	1
797	145.342712	145.510569	D5	64	106	0	5
798	145.342712	145.753426	D#4	64	99	0	4
799	145.556997	146.583782	C5	64	99	0	3
800	145.771283	146.128425	C4	64	89	0	1
801	145.771283	146.274854	F4	64	90	0	1
802	145.771283	146.944496	F2	64	96	1	-5
803	146.199854	146.915925	C3	64	79	1	-3
804	146.628425	146.955210	F3	64	90	1	-3
805	146.628425	147.010567	A3	64	91	1	-4
806	147.485567	147.828424	A4	64	97	0	5
807	147.485567	148.115923	A#3	64	83	1	-3
808	147.485567	148.399852	G3	64	89	1	-1
809	147.485567	150.689135	G2	64	95	1	-3
810	147.914138	148.049852	A4	64	95	0	5
811	147.914138	148.530209	D3	64	71	1	-1
812	148.128423	148.456994	A4	64	98	0	5
813	148.342709	148.908780	A#3	64	95	1	-3
814	148.342709	148.998065	D4	64	96	0	3
815	148.556994	148.883780	F4	64	98	0	1
816	148.771280	149.369493	D3	64	68	1	-1
817	148.985565	149.928422	A#4	64	96	0	1
818	148.985565	149.326636	G3	64	84	1	-1
819	149.199851	149.576636	G4	64	97	0	3
820	149.628422	150.110564	D3	64	80	1	-1
821	150.056993	150.310564	A#3	64	96	1	-3
822	150.056993	150.546278	D4	64	96	0	3
823	150.271278	150.599849	D3	64	83	1	-1
824	150.485564	150.601635	G4	64	96	0	3
825	150.485564	150.719492	G3	64	95	1	-1
826	150.699849	150.824849	G4	64	91	0	3
827	150.914135	151.881991	A#4	64	96	0	1
828	150.914135	151.542706	D#4	64	88	0	4
829	150.914135	151.765920	G4	64	94	0	3
830	150.914135	152.162348	D#2	64	92	1	-2
831	151.342706	152.196276	A#2	64	77	1	-5
832	151.771277	152.228419	D#4	64	97	0	4
833	151.985562	152.249848	G4	64	86	0	3
834	152.199848	152.671276	A#4	64	95	0	1
835	152.414133	152.578419	G4	64	94	0	3
836	152.628419	152.992704	A4	64	101	0	5
837	152.628419	153.080204	A4	64	88	0	5
838	152.628419	153.933775	F2	64	94	1	-5
839	153.056990	153.239132	G4	64	96	0	3
840	153.056990	153.721275	C3	64	86	1	-3
841	153.271275	153.719489	F4	64	98	0	1
842	153.485561	153.806989	C4	64	95	0	1
843	153.485561	154.289131	F4	64	95	0	1
844	153.699846	154.085560	G4	64	96	0	3
845	153.914132	154.239131	C4	64	90	0	1
846	154.128417	155.953415	D4	64	99	0	3
847	154.342703	154.864131	A#3	64	83	1	-3
848	154.342703	155.065916	D4	64	95	0	3
849	154.342703	155.069488	F4	64	90	0	1
850	154.342703	155.512344	A#2	64	91	1	-5
851	154.771274	155.439130	F3	64	82	1	-3
852	154.985559	155.496273	A#3	64	97	1	-3
853	155.414130	155.549844	D4	64	96	0	3
854	155.414130	155.610559	F4	64	96	0	1
855	156.056987	156.467701	D4	64	90	0	3
856	156.056987	156.635558	F#4	64	89	0	2
857	156.056987	157.246271	D2	64	98	1	-3
858	156.485558	157.201629	A2	64	78	1	-1
859	156.699843	157.181986	D4	64	92	0	3
860	156.914129	157.228414	F#4	64	98	0	2
861	157.128414	157.731985	D5	64	109	0	5
862	157.342700	157.521271	D5	64	99	0	5
863	157.342700	157.431985	F#4	64	68	0	2
864	157.342700	157.735557	D4	64	95	0	3
865	157.556985	157.694485	C5	64	94	0	3
866	157.771271	158.698056	D5	64	111	0	5
867	157.771271	158.224842	D#2	64	94	1	-2
868	157.771271	158.842698	D#4	64	93	0	4
869	157.771271	159.462341	A#4	64	89	0	1
870	158.628413	158.955198	D#3	64	96	1	-5
871	158.842698	158.985555	D5	64	109	0	5
872	158.842698	158.983770	A#3	64	92	1	-3
873	159.056984	159.224841	F5	64	99	0	3
874	159.056984	159.353412	D#4	64	98	0	4
875	159.271269	160.396268	C5	64	101	0	3
876	159.485555	160.139126	A4	64	95	0	5
877	159.485555	160.614125	F2	64	95	1	-5
878	159.914126	160.555197	C3	64	85	1	-3
879	160.342697	160.849839	F4	64	95	0	1
880	160.771268	160.887339	F4	64	98	0	1
881	160.985553	161.124839	F4	64	101	0	1
882	161.199839	161.342696	F5	64	96	0	3
883	161.199839	161.262339	A4	64	92	0	5
884	161.199839	161.439124	D2	64	95	1	-3
885	161.199839	161.956981	D4	64	94	0	3
886	161.414124	161.921267	G5	64	96	0	5
887	161.628410	162.578409	D3	64	97	1	-1
888	161.842695	162.496266	A3	64	96	1	-4
889	162.056981	162.244481	C5	64	104	0	3
890	162.271266	162.681980	F5	64	95	0	3
891	162.271266	162.535552	F4	64	95	0	1
892	162.485552	162.799837	D4	64	95	0	3
893	162.699837	163.560551	D5	64	102	0	5
894	162.699837	162.964123	F4	64	91	0	1
895	162.914123	163.660551	G4	64	92	0	3
896	162.914123	164.480193	G2	64	96	1	-3
897	163.342694	163.865908	D3	64	82	1	-1
898	163.771265	164.233764	A#3	64	97	1	-3
899	163.771265	164.265907	D4	64	96	0	3
900	163.985550	164.114122	G4	64	96	0	3
901	163.985550	164.489121	D3	64	88	1	-1
902	164.199836	164.369478	A4	64	96	0	5
903	164.199836	164.601621	G3	64	96	1	-1
904	164.414121	165.321263	A#4	64	98	0	1
905	164.414121	164.451621	D4	64	74	0	3
906	164.414121	164.614121	A#3	64	95	1	-3
907	164.628407	165.114121	D#4	64	92	0	4
908	164.628407	165.474835	A#4	64	89	0	1
909	164.628407	165.933763	D#2	64	97	1	-2
910	165.056978	165.999834	A#2	64	87	1	-5
911	165.271263	165.694477	D#4	64	101	0	4
912	165.485549	165.808763	D5	64	102	0	5
913	165.485549	165.742691	G4	64	88	0	3
914	165.699834	166.244477	A#4	64	97	0	1
915	165.914120	166.040905	C5	64	96	0	3
916	165.914120	166.117691	D#4	64	97	0	4
917	166.128405	166.955190	A4	64	97	0	5
918	166.342691	166.955190	A4	64	91	0	5
919	166.342691	166.956976	F4	64	90	0	1
920	166.342691	167.469475	F2	64	96	1	-5
921	166.771262	167.462333	C3	64	84	1	-3
922	166.985547	167.128404	F4	64	99	0	1
923	167.199833	167.508761	F4	64	101	0	1
924	167.199833	167.465904	F4	64	96	0	1
925	167.199833	167.508761	A4	64	97	0	5
926	167.628404	167.769475	G4	64	95	0	3
927	167.842689	169.969473	G4	64	96	0	3
928	168.056975	168.560546	D4	64	85	0	3
929	168.056975	168.644474	G4	64	89	0	3
930	168.056975	169.703402	G2	64	95	1	-3
931	168.485546	169.028402	D3	64	83	1	-1
932	168.914117	169.383759	D4	64	98	0	3
933	168.914117	169.389116	A#4	64	101	0	1
934	169.342688	169.640902	D3	64	85	1	-1
935	169.556973	169.656973	D4	64	90	0	3
936	169.556973	169.671259	A4	64	95	0	5
937	169.771259	170.164116	D4	64	96	0	3
938	169.771259	170.210544	G4	64	97	0	3
939	169.771259	171.090900	G2	64	97	1	-3
940	170.199830	170.689115	D3	64	92	1	-1
941	170.414115	170.503401	D4	64	84	0	3
942	170.628401	170.876615	G4	64	106	0	3
943	170.628401	170.880186	D4	64	101	0	3
944	170.628401	170.908758	A#4	64	111	0	1
945	170.842686	171.056972	D3	64	95	1	-1
946	171.056972	171.198043	D5	64	112	0	5
947	171.056972	171.349829	D4	64	99	0	3
948	171.056972	171.439114	A4	64	100	0	5
949	171.271257	171.433757	F5	64	100	0	3
950	171.485543	171.789114	G5	64	104	0	5
951	171.485543	171.923042	G4	64	94	0	3
952	171.485543	172.512327	D#2	64	100	1	-2
953	171.914114	173.112327	G5	64	101	0	5
954	171.914114	172.469470	A#2	64	79	1	-5
955	172.342685	172.631970	D#4	64	111	0	4
956	172.342685	172.708756	G4	64	98	0	3
957	173.199827	173.474827	F4	64	95	0	1
958	173.199827	173.633755	A4	64	96	0	5
959	173.199827	174.258754	F2	64	97	1	-5
960	173.628398	174.208754	C3	64	88	1	-3
961	173.842683	174.183754	G5	64	102	0	5
962	173.842683	173.958755	A3	64	95	1	-4
963	174.056969	174.351611	A3	64	98	1	-4
964	174.056969	174.383754	D4	64	106	0	3
965	174.056969	174.460540	F4	64	97	0	1
966	174.271254	174.458754	F5	64	100	0	3
967	174.485540	174.610540	F5	64	106	0	3
968	174.699825	174.873039	D5	64	101	0	5
969	174.914111	175.248039	F5	64	100	0	3
970	174.914111	175.373039	D4	64	97	0	3
971	174.914111	175.417682	F4	64	97	0	1
972	174.914111	176.073038	D3	64	99	1	-1
973	175.342682	175.473039	F5	64	98	0	3
974	175.342682	175.831967	A3	64	86	1	-4
975	175.556967	175.839110	G5	64	102	0	5
976	175.556967	175.653396	D4	64	86	0	3
977	175.771253	176.010538	D4	64	99	0	3
978	175.771253	176.033753	F4	64	101	0	1
979	175.771253	176.055181	A4	64	97	0	5
980	175.985538	176.128395	C5	64	101	0	3
981	175.985538	176.112324	A3	64	95	1	-4
982	176.199824	176.321252	F5	64	99	0	3
983	176.199824	176.498038	D4	64	97	0	3
984	176.414109	177.296251	D5	64	106	0	5
985	176.414109	176.560538	F4	64	90	0	1
986	176.628395	176.844466	G4	64	96	0	3
987	176.628395	176.865895	D4	64	97	0	3
988	176.628395	177.817679	G2	64	96	1	-3
989	177.056966	177.515894	D3	64	87	1	-1
990	177.271251	177.346251	D4	64	94	0	3
991	177.485537	177.717679	A#4	64	100	0	1
992	177.485537	177.748037	D4	64	99	0	3
993	177.699822	177.862322	D3	64	96	1	-1
994	177.914108	178.128393	C5	64	97	0	3
995	177.914108	178.187322	D4	64	89	0	3
996	177.914108	178.317679	A4	64	97	0	5
997	178.128393	178.237322	A#4	64	109	0	1
998	178.342679	178.473036	C5	64	101	0	3
999	178.342679	178.896250	G4	64	95	0	3
1000	178.342679	179.348035	D#2	64	97	1	-2
1001	178.556964	178.646250	D5	64	96	0	5
1002	178.771250	179.531963	G4	64	101	0	3
1003	178.771250	179.290892	A#2	64	83	1	-5
1004	179.199821	179.464106	D#4	64	109	0	4
1005	179.199821	179.549820	G4	64	99	0	3
1006	179.414106	179.606963	A#2	64	83	1	-5
1007	179.628392	179.740892	D#2	64	93	1	-2
1008	180.056963	180.412320	C5	64	101	0	3
1009	180.056963	180.512319	F4	64	93	0	1
1010	180.056963	180.581962	A4	64	96	0	5
1011	180.056963	181.085533	F2	64	96	1	-5
1012	180.485534	180.637319	A#4	64	99	0	1
1013	180.485534	181.044462	C3	64	83	1	-3
1014	180.699819	180.976605	C5	64	102	0	3
1015	180.914105	181.108747	F4	64	100	0	1
1016	180.914105	181.115890	A4	64	106	0	5
1017	181.128390	181.394461	F5	64	96	0	3
1018	181.342676	181.496247	F2	64	96	1	-5
1019	181.556961	184.421244	D5	64	106	0	5
1020	181.771247	182.160532	F4	64	95	0	1
1021	181.771247	182.208746	A#4	64	99	0	1
1022	181.771247	182.917674	A#2	64	106	1	-5
1023	182.199818	182.714103	F3	64	89	1	-3
1024	182.414103	182.617675	F4	64	97	0	1
1025	182.628389	182.853389	A#4	64	112	0	1
1026	182.842674	183.005174	F3	64	92	1	-3
1027	183.056960	183.187317	F4	64	97	0	1
1028	183.271245	183.346245	A#4	64	102	0	1
1029	183.485531	183.569459	D2	64	100	1	-3
1030	183.485531	184.199816	A4	64	104	0	5
1031	183.699816	184.846244	D3	64	96	1	-1
1032	183.914102	184.810529	A3	64	97	1	-4
1033	184.128387	184.435530	C4	64	106	0	1
1034	184.342673	184.499816	F#4	64	112	0	2
1035	184.771244	184.912315	D5	64	112	0	5
1036	184.771244	185.037315	C4	64	101	0	1
1037	184.771244	185.173029	F#4	64	104	0	2
1038	184.771244	185.264100	A4	64	98	0	5
1039	184.985529	185.148029	F5	64	100	0	3
1040	184.985529	185.335529	A3	64	97	1	-4
1041	185.199815	185.503386	G5	64	104	0	5
1042	185.199815	185.828386	D#4	64	89	0	4
1043	185.199815	185.853386	A#4	64	90	0	1
1044	185.199815	186.285528	D#2	64	104	1	-2
1045	185.628386	186.826599	G5	64	101	0	5
1046	185.628386	186.174814	A#2	64	90	1	-5
1047	186.056957	186.287314	D#4	64	101	0	4
1048	186.056957	186.369456	G4	64	101	0	3
1049	186.056957	186.560528	A#4	64	101	0	1
1050	186.271242	186.398028	A#2	64	93	1	-5
1051	186.485528	186.765885	D#4	64	106	0	4
1052	186.699813	186.926599	A#4	64	97	0	1
1053	186.914099	187.506955	A4	64	95	0	5
1054	186.914099	188.173026	F2	64	96	1	-5
1055	187.342670	187.855169	C3	64	93	1	-3
1056	187.556955	187.898026	G5	64	102	0	5
1057	187.771241	188.030169	F4	64	101	0	1
1058	187.771241	188.298026	A4	64	104	0	5
1059	187.985526	188.173026	F5	64	100	0	3
1060	187.985526	188.183740	C3	64	95	1	-3
1061	188.199812	188.324812	F5	64	106	0	3
1062	188.199812	188.581954	F4	64	97	0	1
1063	188.414097	188.587311	D5	64	101	0	5
1064	188.628383	188.962311	A5	64	100	0	2
1065	188.628383	189.115882	A4	64	95	0	5
1066	188.628383	189.767667	D3	64	98	1	-1
1067	188.842668	189.339096	A3	64	84	1	-4
1068	189.056954	189.187311	A5	64	98	0	2
1069	189.056954	189.417668	D4	64	96	0	3
1070	189.271239	189.553382	A5	64	102	0	2
1071	189.271239	189.533739	F4	64	106	0	1
1072	189.485525	189.730167	A3	64	91	1	-4
1073	189.699810	189.842667	F5	64	101	0	3
1074	189.699810	189.944453	D4	64	97	0	3
1075	189.699810	189.973024	F4	64	102	0	1
1076	189.699810	190.035524	A4	64	99	0	5
1077	189.914096	190.035524	F5	64	99	0	3
1078	189.914096	190.044453	D3	64	97	1	-1
1079	190.128381	191.010523	D5	64	106	0	5
1080	190.128381	190.242667	D4	64	91	0	3
1081	190.342667	190.551595	D4	64	96	0	3
1082	190.342667	190.562309	G4	64	90	0	3
1083	190.342667	191.405166	G2	64	95	1	-3
1084	190.556952	191.294452	D3	64	97	1	-1
1085	190.771238	191.074809	D4	64	97	0	3
1086	191.199809	191.465880	D4	64	97	0	3
1087	191.199809	191.508737	G4	64	100	0	3
1088	191.199809	191.633737	A#4	64	98	0	1
1089	191.628380	191.842665	C5	64	97	0	3
1090	191.628380	191.824808	G2	64	96	1	-3
1091	191.842665	191.951594	A#4	64	109	0	1
1092	192.056951	192.187308	C5	64	101	0	3
1093	192.056951	192.524807	C4	64	87	0	1
1094	192.056951	192.539093	D#4	64	89	0	4
1095	192.056951	192.653379	G4	64	90	0	3
1096	192.056951	193.499807	C2	64	93	1	-5
1097	192.271236	192.360522	D5	64	96	0	5
1098	192.485522	193.246235	G4	64	101	0	3
1099	192.485522	193.244450	G2	64	73	1	-3
1100	192.699807	193.024807	C4	64	95	0	1
1101	193.128378	193.351592	C4	64	97	0	1
1102	193.128378	193.399807	D#4	64	101	0	4
1103	193.128378	193.660521	G4	64	94	0	3
1104	193.342664	193.501592	G2	64	85	1	-3
1105	193.556949	193.667663	C4	64	70	0	1
1106	193.771235	194.114092	C5	64	97	0	3
1107	193.771235	194.358734	C4	64	93	0	1
1108	193.771235	194.367663	F4	64	87	0	1
1109	193.771235	194.928377	F2	64	95	1	-5
1110	194.199806	194.314091	D5	64	102	0	5
1111	194.199806	194.787305	C3	64	90	1	-3
1112	194.414091	194.801591	F4	64	97	0	1
1113	194.628377	195.015876	C4	64	98	0	1
1114	194.628377	195.051591	F4	64	102	0	1
1115	194.842662	195.206948	A#4	64	91	0	1
1116	195.056948	195.319448	F2	64	93	1	-5
1117	195.271233	197.323017	G4	64	96	0	3
1118	195.485519	195.714090	D4	64	91	0	3
1119	195.485519	195.860518	G4	64	91	0	3
1120	195.485519	196.989089	G2	64	95	1	-3
1121	195.914090	196.196232	D3	64	77	1	-1
1122	196.128375	196.430161	G3	64	100	1	-1
1123	196.342661	196.621232	D3	64	88	1	-1
1124	196.556946	196.806946	G3	64	99	1	-1
1125	196.556946	196.814089	A#3	64	101	1	-3
1126	196.556946	196.846232	D4	64	99	0	3
1127	196.771232	196.973017	D3	64	95	1	-1
1128	196.985517	197.048017	D4	64	81	0	3
1129	196.985517	197.049803	G4	64	81	0	3
1130	196.985517	197.073017	G3	64	87	1	-1
1131	197.199803	198.842658	A#3	64	81	1	-3
1132	197.199803	198.846230	G3	64	94	1	-1
1133	197.199803	198.885515	D4	64	95	0	3
1134	197.199803	198.894444	G2	64	96	1	-3
1135	198.914087	199.119444	B3	64	97	1	-2
1136	198.914087	199.230158	D4	64	101	0	3
1137	198.914087	200.510514	B2	64	98	1	-4
1138	199.128372	199.890872	F#3	64	95	1	-2
1139	199.342658	199.560515	D4	64	91	0	3
1140	199.556943	199.740872	B3	64	99	1	-2
1141	199.771229	200.042657	F#4	64	109	0	2
1142	199.985514	200.115871	B3	64	96	1	-2
1143	200.199800	200.410514	D4	64	98	0	3
1144	200.414085	200.540871	B3	64	98	1	-2
1145	200.628371	200.874799	A3	64	87	1	-4
1146	200.628371	200.944442	C#4	64	101	0	2
1147	200.628371	202.217655	A2	64	96	1	-1
1148	200.842656	201.592656	E3	64	94	1	-4
1149	201.056942	201.542656	A3	64	97	1	-4
1150	201.485513	201.631941	C#4	64	112	0	2
1151	201.699798	202.199798	E3	64	95	1	-4
1152	201.914084	202.185512	A3	64	104	1	-4
1153	202.128369	202.231941	C#4	64	106	0	2
1154	202.342655	202.558726	A3	64	95	1	-4
1155	202.342655	202.608726	C#4	64	97	0	2
1156	202.342655	203.714082	A2	64	97	1	-1
1157	202.556940	203.319440	E3	64	89	1	-4
1158	202.771226	203.144440	A3	64	96	1	-4
1159	202.985511	203.073011	C#4	64	85	0	2
1160	203.199797	203.428368	A3	64	95	1	-4
1161	203.199797	203.440868	C#4	64	99	0	2
1162	203.199797	203.489082	E4	64	104	0	5
1163	203.414082	203.896225	E3	64	96	1	-4
1164	203.628368	203.919439	A3	64	101	1	-4
1165	203.628368	203.930153	E4	64	88	0	5
1166	203.842653	203.949796	C#4	64	99	0	2
1167	204.056939	204.303367	B3	64	96	1	-2
1168	204.056939	204.398010	D4	64	92	0	3
1169	204.056939	205.648009	B2	64	100	1	-4
1170	204.485510	204.771224	B3	64	100	1	-2
1171	204.699795	204.855152	D4	64	95	0	3
1172	204.914081	205.598009	F#3	64	97	1	-2
1173	205.128366	205.394437	B3	64	101	1	-2
1174	205.342652	205.589080	D4	64	96	0	3
1175	205.556937	205.656937	F#4	64	101	0	2
1176	205.771223	206.044437	G3	64	93	1	-1
1177	205.771223	206.087294	B3	64	87	1	-2
1178	205.771223	207.278364	G2	64	97	1	-3
1179	205.985508	206.698008	D3	64	86	1	-1
1180	206.199794	206.485508	G3	64	101	1	-1
1181	206.414079	206.544436	B3	64	99	1	-2
1182	206.628365	206.960507	D4	64	116	0	3
1183	206.842650	207.339078	D3	64	97	1	-1
1184	207.056936	207.333721	G3	64	101	1	-1
1185	207.271221	207.424793	B3	64	100	1	-2
1186	207.485507	207.878364	C#4	64	106	0	2
1187	207.485507	208.444434	A2	64	97	1	-1
1188	207.699792	208.362292	E3	64	90	1	-4
1189	207.914078	208.203363	A3	64	99	1	-4
1190	208.128363	208.230149	C#4	64	109	0	2
1191	208.342649	208.590863	A3	64	100	1	-4
1192	208.342649	208.614077	C#4	64	106	0	2
1193	208.342649	208.728363	E4	64	106	0	5
1194	208.556934	208.858720	E3	64	97	1	-4
1195	208.771220	208.798005	E4	64	63	0	5
1196	208.771220	208.928362	A3	64	99	1	-4
1197	209.199791	209.658719	F4	64	97	0	1
1198	209.199791	209.687290	D4	64	98	0	3
1199	209.199791	209.724790	A#3	64	96	1	-3
1200	209.199791	209.803362	A#2	64	106	1	-5
1201	209.628362	209.789076	F3	64	93	1	-3
1202	209.842647	210.317647	A#2	64	97	1	-5
1203	209.842647	210.344433	F4	64	99	0	1
1204	209.842647	210.351575	D4	64	104	0	3
1205	209.842647	210.371218	A#3	64	97	1	-3
1206	209.842647	210.439075	F3	64	96	1	-3
1207	210.485504	210.564075	D4	64	109	0	3
1208	210.485504	210.605147	A#2	64	106	1	-5
1209	210.485504	210.614075	A#3	64	102	1	-3
1210	210.485504	210.621218	F4	64	99	0	1
1211	210.914075	211.346217	D4	64	97	0	3
1212	210.914075	211.380146	B3	64	101	1	-2
1213	210.914075	211.396217	G3	64	101	1	-1
1214	210.914075	211.412289	G2	64	100	1	-3
1215	211.556931	212.081931	B3	64	100	1	-2
1216	211.556931	212.087288	G2	64	100	1	-3
1217	211.556931	212.089074	D4	64	97	0	3
1218	211.556931	212.090859	G3	64	98	1	-1
1219	212.199788	212.544430	G3	64	101	1	-1
1220	212.199788	212.548002	B3	64	106	1	-2
1221	212.199788	212.562287	D4	64	106	0	3
1222	212.199788	212.612287	G4	64	96	0	3
1223	212.199788	212.701573	G2	64	100	1	-3
1224	213.056930	213.369429	G4	64	94	0	3
1225	213.056930	213.371215	G2	64	96	1	-3
1226	213.056930	213.373001	D4	64	95	0	3
1227	213.056930	213.378358	B4	64	97	0	2
1228	213.485501	213.769429	G4	64	98	0	3
1229	213.485501	213.773001	G2	64	99	1	-3
1230	213.485501	213.776572	D4	64	98	0	3
1231	213.485501	213.790858	B4	64	99	0	2
1232	213.914072	214.055143	D5	64	112	0	5
1233	213.914072	214.206929	D4	64	99	0	3
1234	213.914072	214.221214	G4	64	96	0	3
1235	213.914072	214.237286	B4	64	95	0	2
1236	213.914072	214.280143	G2	64	102	1	-3
1237	214.128357	214.290857	F5	64	100	0	3
1238	214.342643	214.646214	G5	64	104	0	5
1239	214.342643	215.822998	D#3	64	93	1	-5
1240	214.556928	215.865856	A#3	64	84	1	-3
1241	214.771214	215.969427	G5	64	101	0	5
1242	214.771214	215.264070	D#4	64	88	0	4
1243	214.985499	215.458713	G4	64	91	0	3
1244	215.199785	215.456927	A#4	64	89	0	1
1245	215.414070	216.072998	D#5	64	89	0	1
1246	215.628356	215.824784	D#4	64	90	0	4
1247	215.628356	216.044427	A#4	64	89	0	1
1248	216.056927	217.592640	F3	64	95	1	-3
1249	216.271212	216.872997	C4	64	81	0	1
1250	216.485498	216.840855	F4	64	89	0	1
1251	216.699783	217.040854	G5	64	102	0	5
1252	216.699783	217.024783	A4	64	92	0	5
1253	217.128354	217.315854	F5	64	100	0	3
1254	217.128354	217.378354	F4	64	96	0	1
1255	217.342640	217.467640	F5	64	106	0	3
1256	217.342640	217.546211	C4	64	93	0	1
1257	217.556925	217.730139	D5	64	101	0	5
1258	217.556925	217.767639	F4	64	90	0	1
1259	217.771211	218.105139	F5	64	100	0	3
1260	217.771211	218.940852	D3	64	95	1	-1
1261	217.985496	218.451567	A3	64	83	1	-4
1262	218.199782	218.330139	F5	64	98	0	3
1263	218.199782	218.499782	D4	64	89	0	3
1264	218.414067	218.696210	G5	64	102	0	5
1265	218.414067	218.840853	F4	64	102	0	1
1266	218.628353	218.872995	A3	64	82	1	-4
1267	218.842638	218.985495	C5	64	101	0	3
1268	218.842638	219.099781	D4	64	88	0	3
1269	219.056924	219.178352	F5	64	99	0	3
1270	219.056924	219.381923	F4	64	90	0	1
1271	219.271209	220.153351	D5	64	106	0	5
1272	219.271209	219.458709	D4	64	85	0	3
1273	219.485495	220.622994	G3	64	90	1	-1
1274	219.699780	220.530137	D4	64	87	0	3
1275	219.914066	220.351565	G4	64	91	0	3
1276	220.128351	220.274780	A#4	64	97	0	1
1277	220.342637	220.640851	D5	64	102	0	5
1278	220.556922	220.835493	A#4	64	91	0	1
1279	220.771208	220.985493	C5	64	97	0	3
1280	220.771208	221.012279	G4	64	95	0	3
1281	220.985493	221.094422	A#4	64	109	0	1
1282	220.985493	221.176565	A#4	64	86	0	1
1283	221.199779	221.330136	C5	64	101	0	3
1284	221.199779	222.197992	D#3	64	94	1	-5
1285	221.414064	221.503350	D5	64	96	0	5
1286	221.414064	221.921207	A#3	64	77	1	-3
1287	221.628350	222.389063	G4	64	101	0	3
1288	221.628350	221.921207	D#4	64	86	0	4
1289	221.842635	222.317635	G4	64	89	0	3
1290	222.056921	222.292635	A#3	64	78	1	-3
1291	222.271206	222.714063	A#4	64	100	0	1
1292	222.485492	222.787277	D#4	64	84	0	4
1293	222.699777	222.892634	G4	64	83	0	3
1294	222.914063	223.269420	C5	64	101	0	3
1295	222.914063	224.165847	F2	64	95	1	-5
1296	223.128348	223.646205	C3	64	84	1	-3
1297	223.342634	223.494419	A#4	64	99	0	1
1298	223.342634	223.621205	F4	64	91	0	1
1299	223.556919	223.833705	C5	64	102	0	3
1300	223.556919	223.822990	A4	64	99	0	5
1301	223.771205	224.153347	C3	64	86	1	-3
1302	223.985490	224.251561	F5	64	96	0	3
1303	223.985490	224.171204	F4	64	97	0	1
1304	223.985490	224.221204	A4	64	104	0	5
1305	224.414061	227.278344	D5	64	106	0	5
1306	224.628347	224.747990	F4	64	83	0	1
1307	224.628347	225.255132	D5	64	97	0	5
1308	224.628347	225.305132	A#4	64	97	0	1
1309	224.628347	225.714060	A#2	64	94	1	-5
1310	225.056918	225.753346	F3	64	93	1	-3
1311	225.271203	225.671203	F4	64	100	0	1
1312	225.485489	225.726560	A#4	64	116	0	1
1313	225.699774	225.819417	D5	64	112	0	5
1314	226.342631	226.469416	A3	64	96	1	-4
1315	226.342631	226.490845	D3	64	102	1	-1
1316	226.342631	226.496202	F#4	64	96	0	2
1317	226.342631	226.503345	A4	64	96	0	5
1318	226.342631	226.503345	D5	64	100	0	5
1319	226.342631	226.505131	D4	64	95	0	3
1320	226.771202	226.896202	F#4	64	97	0	2
1321	226.771202	226.914059	A4	64	96	0	5
1322	226.771202	226.914059	D5	64	95	0	5
1323	226.771202	226.917630	D4	64	97	0	3
1324	226.771202	226.924773	A3	64	97	1	-4
1325	226.771202	226.926559	D3	64	98	1	-1
1326	227.199773	227.983701	F#4	64	111	0	2
1327	227.199773	227.989058	D5	64	106	0	5
1328	227.199773	227.990843	A4	64	109	0	5
1329	227.199773	227.992629	D4	64	101	0	3
1330	227.199773	228.024772	D3	64	104	1	-1
1331	227.199773	228.024772	A3	64	104	1	-4
1332	227.628344	227.769415	D5	64	112	0	5
1333	227.842629	228.005129	F5	64	100	0	3
1334	228.056915	228.360486	G5	64	104	0	5
1335	228.056915	228.685486	D#4	64	89	0	4
1336	228.056915	228.710486	A#4	64	90	0	1
1337	228.056915	229.142628	D#2	64	104	1	-2
1338	228.485486	229.683699	G5	64	101	0	5
1339	228.485486	229.031914	A#2	64	90	1	-5
1340	228.914057	229.144414	D#4	64	101	0	4
1341	228.914057	229.226556	G4	64	101	0	3
1342	228.914057	229.417628	A#4	64	101	0	1
1343	229.128342	229.255128	A#2	64	93	1	-5
1344	229.342628	229.622985	D#4	64	106	0	4
1345	229.556913	229.783699	A#4	64	97	0	1
1346	229.771199	230.364055	A4	64	95	0	5
1347	229.771199	231.030126	F2	64	96	1	-5
1348	230.199770	230.712269	C3	64	93	1	-3
1349	230.414055	230.755126	G5	64	102	0	5
1350	230.628341	230.887269	F4	64	101	0	1
1351	230.628341	231.155126	A4	64	104	0	5
1352	230.842626	231.030126	F5	64	100	0	3
1353	230.842626	231.040840	C3	64	95	1	-3
1354	231.056912	231.181912	F5	64	106	0	3
1355	231.056912	231.439054	F4	64	97	0	1
1356	231.271197	231.444411	D5	64	101	0	5
1357	231.485483	231.819411	A5	64	100	0	2
1358	231.485483	231.972982	A4	64	95	0	5
1359	231.485483	232.624767	D3	64	98	1	-1
1360	231.699768	232.196196	A3	64	84	1	-4
1361	231.914054	232.044411	A5	64	98	0	2
1362	231.914054	232.274768	D4	64	96	0	3
1363	232.128339	232.410482	A5	64	102	0	2
1364	232.128339	232.390839	F4	64	106	0	1
1365	232.342625	232.587267	A3	64	91	1	-4
1366	232.556910	232.699767	F5	64	101	0	3
1367	232.556910	232.801553	D4	64	97	0	3
1368	232.556910	232.830124	F4	64	102	0	1
1369	232.556910	232.892624	A4	64	99	0	5
1370	232.771196	232.892624	F5	64	99	0	3
1371	232.771196	232.901553	D3	64	97	1	-1
1372	232.985481	233.867623	D5	64	106	0	5
1373	232.985481	233.099767	D4	64	91	0	3
1374	233.199767	233.408695	D4	64	96	0	3
1375	233.199767	233.419409	G4	64	90	0	3
1376	233.199767	234.262266	G2	64	95	1	-3
1377	233.414052	234.151552	D3	64	97	1	-1
1378	233.628338	233.931909	D4	64	97	0	3
1379	234.056909	234.322980	D4	64	97	0	3
1380	234.056909	234.365837	G4	64	100	0	3
1381	234.056909	234.490837	A#4	64	98	0	1
1382	234.485480	234.699765	C5	64	97	0	3
1383	234.485480	234.681908	G2	64	96	1	-3
1384	234.699765	234.808694	A#4	64	109	0	1
1385	234.914051	235.044408	C5	64	101	0	3
1386	234.914051	235.381907	C4	64	87	0	1
1387	234.914051	235.396193	D#4	64	89	0	4
1388	234.914051	235.510479	G4	64	90	0	3
1389	234.914051	236.356907	C2	64	93	1	-5
1390	235.128336	235.217622	D5	64	96	0	5
1391	235.342622	236.103335	G4	64	101	0	3
1392	235.342622	236.101550	G2	64	73	1	-3
1393	235.556907	235.881907	C4	64	95	0	1
1394	235.985478	236.208692	C4	64	97	0	1
1395	235.985478	236.256907	D#4	64	101	0	4
1396	235.985478	236.517621	G4	64	94	0	3
1397	236.199764	236.358692	G2	64	85	1	-3
1398	236.414049	236.524763	C4	64	70	0	1
1399	236.628335	236.971192	C5	64	97	0	3
1400	236.628335	237.215834	C4	64	93	0	1
1401	236.628335	237.224763	F4	64	87	0	1
1402	236.628335	237.785477	F2	64	95	1	-5
1403	237.056906	237.171191	D5	64	102	0	5
1404	237.056906	237.644405	C3	64	90	1	-3
1405	237.271191	237.658691	F4	64	97	0	1
1406	237.485477	237.872976	C4	64	98	0	1
1407	237.485477	237.908691	F4	64	102	0	1
1408	237.699762	238.064048	A#4	64	91	0	1
1409	237.914048	238.176548	F2	64	93	1	-5
1410	238.128333	240.180117	G4	64	96	0	3
1411	238.342619	238.571190	D4	64	91	0	3
1412	238.342619	238.717618	G4	64	91	0	3
1413	238.342619	239.846189	G2	64	95	1	-3
1414	238.771190	239.053332	D3	64	77	1	-1
1415	238.985475	239.287261	G3	64	100	1	-1
1416	239.199761	239.478332	D3	64	88	1	-1
1417	239.414046	239.664046	G3	64	99	1	-1
1418	239.414046	239.671189	A#3	64	101	1	-3
1419	239.414046	239.703332	D4	64	99	0	3
1420	239.628332	239.830117	D3	64	95	1	-1
1421	239.842617	239.905117	D4	64	81	0	3
1422	239.842617	239.906903	G4	64	81	0	3
1423	239.842617	239.930117	G3	64	87	1	-1
1424	240.056903	241.699758	A#3	64	81	1	-3
1425	240.056903	241.703330	G3	64	94	1	-1
1426	240.056903	241.742615	D4	64	95	0	3
1427	240.056903	241.751544	G2	64	96	1	-3
1428	241.342616	241.483687	D5	64	112	0	5
1429	241.556901	241.719401	F5	64	100	0	3
1430	241.771187	242.074758	G5	64	104	0	5
1431	241.771187	242.399758	D#4	64	89	0	4
1432	241.771187	242.424758	A#4	64	90	0	1
1433	241.771187	242.856900	D#2	64	104	1	-2
1434	242.199758	243.397971	G5	64	101	0	5
1435	242.199758	242.746186	A#2	64	90	1	-5
1436	242.628329	242.858686	D#4	64	101	0	4
1437	242.628329	242.940828	G4	64	101	0	3
1438	242.628329	243.131900	A#4	64	101	0	1
1439	242.842614	242.969400	A#2	64	93	1	-5
1440	243.056900	243.337257	D#4	64	106	0	4
1441	243.271185	243.497971	A#4	64	97	0	1
1442	243.485471	244.078327	A4	64	95	0	5
1443	243.485471	244.744398	F2	64	96	1	-5
1444	243.914042	244.426541	C3	64	93	1	-3
1445	244.128327	244.469398	G5	64	102	0	5
1446	244.342613	244.601541	F4	64	101	0	1
1447	244.342613	244.869398	A4	64	104	0	5
1448	244.556898	244.744398	F5	64	100	0	3
1449	244.556898	244.755112	C3	64	95	1	-3
1450	244.771184	244.896184	F5	64	106	0	3
1451	244.771184	245.153326	F4	64	97	0	1
1452	244.985469	245.158683	D5	64	101	0	5
1453	245.199755	245.533683	A5	64	100	0	2
1454	245.199755	245.687254	A4	64	95	0	5
1455	245.199755	246.339039	D3	64	98	1	-1
1456	245.414040	245.910468	A3	64	84	1	-4
1457	245.628326	245.758683	A5	64	98	0	2
1458	245.628326	245.989040	D4	64	96	0	3
1459	245.842611	246.124754	A5	64	102	0	2
1460	245.842611	246.105111	F4	64	106	0	1
1461	246.056897	246.301539	A3	64	91	1	-4
1462	246.271182	246.414039	F5	64	101	0	3
1463	246.271182	246.515825	D4	64	97	0	3
1464	246.271182	246.544396	F4	64	102	0	1
1465	246.271182	246.606896	A4	64	99	0	5
1466	246.485468	246.606896	F5	64	99	0	3
1467	246.485468	246.615825	D3	64	97	1	-1
1468	246.699753	247.581895	D5	64	106	0	5
1469	246.699753	246.814039	D4	64	91	0	3
1470	246.914039	247.122967	D4	64	96	0	3
1471	246.914039	247.133681	G4	64	90	0	3
1472	246.914039	247.976538	G2	64	95	1	-3
1473	247.128324	247.865824	D3	64	97	1	-1
1474	247.342610	247.646181	D4	64	97	0	3
1475	247.771181	248.037252	D4	64	97	0	3
1476	247.771181	248.080109	G4	64	100	0	3
1477	247.771181	248.205109	A#4	64	98	0	1
1478	248.199752	248.414037	C5	64	97	0	3
1479	248.199752	248.396180	G2	64	96	1	-3
1480	248.414037	248.522966	A#4	64	109	0	1
1481	248.628323	248.758680	C5	64	101	0	3
1482	248.628323	249.096179	C4	64	87	0	1
1483	248.628323	249.110465	D#4	64	89	0	4
1484	248.628323	249.224751	G4	64	90	0	3
1485	248.628323	250.071179	C2	64	93	1	-5
1486	248.842608	248.931894	D5	64	96	0	5
1487	249.056894	249.817607	G4	64	101	0	3
1488	249.056894	249.815822	G2	64	73	1	-3
1489	249.271179	249.596179	C4	64	95	0	1
1490	249.699750	249.922964	C4	64	97	0	1
1491	249.699750	249.971179	D#4	64	101	0	4
1492	249.699750	250.231893	G4	64	94	0	3
1493	249.914036	250.072964	G2	64	85	1	-3
1494	250.128321	250.239035	C4	64	70	0	1
1495	250.342607	250.685464	C5	64	97	0	3
1496	250.342607	250.930106	C4	64	93	0	1
1497	250.342607	250.939035	F4	64	87	0	1
1498	250.342607	251.499749	F2	64	95	1	-5
1499	250.771178	250.885463	D5	64	102	0	5
1500	250.771178	251.358677	C3	64	90	1	-3
1501	250.985463	251.372963	F4	64	97	0	1
1502	251.199749	251.587248	C4	64	98	0	1
1503	251.199749	251.622963	F4	64	102	0	1
1504	251.414034	251.778320	A#4	64	91	0	1
1505	251.628320	251.890820	F2	64	93	1	-5
1506	251.842605	253.894389	G4	64	96	0	3
1507	252.056891	252.285462	D4	64	91	0	3
1508	252.056891	252.431890	G4	64	91	0	3
1509	252.056891	253.560461	G2	64	95	1	-3
1510	252.485462	252.767604	D3	64	77	1	-1
1511	252.699747	253.001533	G3	64	100	1	-1
1512	252.914033	253.192604	D3	64	88	1	-1
1513	253.128318	253.378318	G3	64	99	1	-1
1514	253.128318	253.385461	A#3	64	101	1	-3
1515	253.128318	253.417604	D4	64	99	0	3
1516	253.342604	253.544389	D3	64	95	1	-1
1517	253.556889	253.619389	D4	64	81	0	3
1518	253.556889	253.621175	G4	64	81	0	3
1519	253.556889	253.644389	G3	64	87	1	-1
1520	253.771175	255.199745	G2	64	96	1	-3
1521	253.771175	255.230102	A#3	64	81	1	-3
1522	253.771175	255.233673	G3	64	94	1	-1
1523	253.771175	255.274745	D4	64	95	0	3
1524	255.056888	255.271173	C5	64	97	0	3
1525	255.271173	255.380102	A#4	64	109	0	1
1526	255.303316	258.797955	C4	64	89	0	1
1527	255.371173	258.796170	D#4	64	86	0	4
1528	255.403316	256.867600	C2	64	93	1	-5
1529	255.424745	258.803313	G4	64	91	0	3
1530	255.469387	258.806884	C5	64	90	0	3
1531	255.485459	255.615816	C5	64	101	0	3
1532	255.699744	255.789030	D5	64	96	0	5
1533	255.914030	256.674743	G4	64	101	0	3
1534	257.199743	257.542600	C5	64	97	0	3
1535	257.628314	257.742599	D5	64	102	0	5
1536	257.842599	258.230099	F4	64	97	0	1
1537	258.271170	258.635456	A#4	64	91	0	1
1538	258.699741	260.751525	G4	64	96	0	3
1539	258.855098	259.567598	D#4	64	91	0	4
1540	258.855098	259.569383	A#4	64	90	0	1
1541	258.860455	260.010454	D#2	64	98	1	-2
1542	259.255098	260.214025	A#2	64	77	1	-5
1543	259.737240	260.040811	D#4	64	98	0	4
1544	259.737240	260.121168	A#4	64	97	0	1
1545	259.742597	260.019383	G4	64	98	0	3
1546	260.172954	260.483668	D#2	64	99	1	-2
1547	260.622954	261.262239	F4	64	91	0	1
1548	260.626525	261.240810	C5	64	95	0	3
1549	260.628311	261.205096	A4	64	90	0	5
1550	260.630097	261.696167	F2	64	96	1	-5
1551	261.037239	261.639024	C3	64	83	1	-3
1552	261.522953	261.831881	F4	64	99	0	1
1553	261.524738	262.605095	C5	64	98	0	3
1554	261.530096	262.217595	A4	64	100	0	5
1555	262.003309	262.605095	F4	64	97	0	1
1556	262.526523	265.631877	G2	64	98	1	-3
1557	262.824737	265.490806	D3	64	82	1	-1
1558	263.031880	263.292594	G3	64	88	1	-1
1559	263.246165	263.467594	A3	64	85	1	-4
1560	263.440808	263.530094	A#3	64	101	1	-3
1561	263.671165	263.983665	D4	64	95	0	3
1562	263.931879	264.571164	A4	64	87	0	5
1563	264.181879	264.608664	D4	64	87	0	3
1564	264.497950	265.215806	G4	64	91	0	3
1565	264.812235	265.183663	D4	64	87	0	3
1566	265.181878	265.330092	D5	64	96	0	5
1567	265.878306	267.721161	G2	64	62	1	-3
1568	266.008663	267.435447	D5	64	81	0	5
1569	266.060448	267.658661	D3	64	76	1	-1
1570	266.189020	267.401518	G5	64	71	0	5
1571	266.262234	266.601519	G6	64	75	0	2
1572	266.276519	266.530091	D6	64	62	0	2
