//Version: PianoFingering_v170101
0	3.366643	7.301466	B2	64	67	1	-4
1	3.366643	8.428244	B3	64	72	1	-2
2	3.366643	8.444673	D4	64	74	0	3
3	3.366643	8.452888	F#4	64	72	0	2
4	8.624027	8.693851	F#4	64	127	0	2
5	8.624027	8.699328	B3	64	107	1	-2
6	8.624027	13.388531	B2	64	51	1	-4
7	8.624027	13.582944	D4	64	58	0	3
8	8.788320	8.855406	F#4	64	97	0	2
9	8.788320	8.863621	B3	64	89	1	-2
10	8.952613	9.081309	F#4	64	117	0	2
11	8.952613	9.085417	B3	64	100	1	-2
12	9.609786	9.680980	F#4	64	127	0	2
13	9.609786	9.689194	B3	64	107	1	-2
14	9.774079	9.842535	F#4	64	117	0	2
15	9.774079	9.854857	B3	64	97	1	-2
16	9.938373	10.087606	B3	64	107	1	-2
17	9.938373	10.087606	F#4	64	117	0	2
18	11.252719	11.325281	B3	64	117	1	-2
19	11.252719	11.325281	F#4	64	122	0	2
20	11.417012	11.485467	F#4	64	107	0	2
21	11.417012	11.495051	B3	64	107	1	-2
22	11.581305	11.699049	B3	64	99	1	-2
23	11.581305	11.703156	F#4	64	107	0	2
24	12.238478	12.312410	F#4	64	127	0	2
25	12.238478	12.315148	B3	64	112	1	-2
26	12.402771	12.469858	F#4	64	102	0	2
27	12.402771	12.480811	B3	64	95	1	-2
28	12.567065	12.708083	F#4	64	127	0	2
29	12.567065	12.712190	B3	64	99	1	-2
30	13.881411	18.529540	F#2	64	63	1	-4
31	13.881411	18.571983	C#4	64	73	0	2
32	13.881411	18.588412	F#4	64	76	0	2
33	13.881411	18.604841	A#3	64	72	1	-3
34	13.881411	18.607580	F#3	64	66	1	-2
35	19.138795	19.209988	B3	64	112	1	-2
36	19.138795	19.212726	F#4	64	127	0	2
37	19.138795	24.282542	D4	64	69	0	3
38	19.138795	24.293495	B2	64	65	1	-4
39	19.303088	19.374282	F#4	64	93	0	2
40	19.303088	19.379758	B3	64	90	1	-2
41	19.467381	19.555004	F#4	64	127	0	2
42	19.467381	19.561850	B3	64	107	1	-2
43	20.124554	20.197117	F#4	64	122	0	2
44	20.124554	20.202593	B3	64	107	1	-2
45	20.288847	20.360041	B3	64	95	1	-2
46	20.288847	20.365517	F#4	64	107	0	2
47	20.453141	20.550347	B3	64	96	1	-2
48	20.453141	20.564038	F#4	64	117	0	2
49	21.767487	21.827727	B3	64	99	1	-2
50	21.767487	21.842788	F#4	64	112	0	2
51	21.931780	22.001604	F#4	64	97	0	2
52	21.931780	22.007081	B3	64	97	1	-2
53	22.096073	22.185065	B3	64	100	1	-2
54	22.096073	22.186434	F#4	64	117	0	2
55	22.753246	22.820332	B3	64	100	1	-2
56	22.753246	22.831285	F#4	64	127	0	2
57	22.917539	22.980518	B3	64	89	1	-2
58	22.917539	22.983257	F#4	64	112	0	2
59	23.081833	23.188623	B3	64	112	1	-2
60	23.081833	23.214636	F#4	64	127	0	2
61	24.396179	25.172464	B3	64	112	1	-2
62	24.396179	26.918080	B2	64	74	1	-4
63	24.724765	25.761182	F#3	64	46	1	-2
64	25.053352	25.958333	B3	64	47	1	-2
65	25.381938	25.609210	F#4	64	102	0	2
66	25.381938	27.019394	F#4	64	95	0	2
67	25.710525	25.992561	E4	64	96	0	5
68	26.039111	26.212988	F#4	64	112	0	2
69	26.039111	27.083742	F#3	64	56	1	-2
70	26.367698	26.596339	D4	64	99	0	3
71	26.367698	26.855101	D4	64	96	0	3
72	26.696284	26.908496	C#4	64	95	0	2
73	26.696284	27.105648	C#4	64	64	0	2
74	27.024871	28.428209	B3	64	96	1	-2
75	27.024871	29.229138	B2	64	64	1	-4
76	27.353457	28.357015	F#3	64	56	1	-2
77	27.682044	28.565120	B3	64	47	1	-2
78	28.010630	29.653563	F#4	64	96	0	2
79	28.667803	29.653563	F#3	64	52	1	-2
80	28.996390	29.653563	D4	64	96	0	3
81	29.324976	29.653563	C#4	64	60	0	2
82	29.653563	29.895895	F#4	64	117	0	2
83	29.653563	32.119330	D2	64	82	1	-3
84	29.982149	30.417526	B4	64	107	0	2
85	29.982149	32.295946	A2	64	65	1	-1
86	30.310736	31.107558	D3	64	69	1	-1
87	30.639322	30.851534	A4	64	102	0	5
88	30.639322	31.384118	A3	64	63	1	-4
89	30.967909	31.233516	F#4	64	95	0	2
90	30.967909	32.701202	F#4	64	112	0	2
91	31.296495	31.427930	E4	64	99	0	5
92	31.296495	32.398629	D3	64	54	1	-1
93	31.625082	31.768838	D4	64	95	0	3
94	31.625082	33.128365	D4	64	61	0	3
95	31.953668	32.113854	E4	64	89	0	5
96	31.953668	32.783349	A3	64	76	1	-4
97	32.282255	33.571957	F#4	64	117	0	2
98	32.282255	34.162043	D2	64	56	1	-3
99	32.610841	34.203116	A2	64	52	1	-1
100	32.939428	33.782800	D3	64	55	1	-1
101	33.268014	33.833457	A3	64	53	1	-4
102	33.596601	34.776774	F#4	64	127	0	2
103	33.925187	34.290739	D3	64	60	1	-1
104	34.253774	34.468724	F#4	64	117	0	2
105	34.253774	34.890410	D4	64	86	0	3
106	34.582360	34.761713	A4	64	112	0	5
107	34.582360	34.906839	A3	64	82	1	-4
108	34.910947	35.550321	B4	64	127	0	2
109	34.910947	35.631099	G2	64	85	1	-3
110	35.239533	35.674910	G3	64	72	1	-1
111	35.568120	36.170528	D4	64	112	0	3
112	35.896706	36.113025	D5	64	107	0	5
113	35.896706	36.174635	B3	64	72	1	-2
114	36.225293	36.590845	B4	64	107	0	2
115	36.225293	37.026222	E2	64	85	1	-1
116	36.553879	36.755138	A4	64	100	0	5
117	36.553879	37.127536	B2	64	45	1	-4
118	36.882466	37.085094	F#4	64	117	0	2
119	36.882466	37.532793	B3	64	82	1	-2
120	37.211052	37.395882	E4	64	90	0	5
121	37.211052	37.580712	G4	64	92	0	3
122	37.539639	37.754589	D4	64	99	0	3
123	37.539639	39.643961	B2	64	77	1	-4
124	37.868225	38.514445	D4	64	97	0	3
125	37.868225	39.047029	F#3	64	55	1	-2
126	38.196812	38.618498	B3	64	67	1	-2
127	38.525398	38.741717	E4	64	96	0	5
128	38.525398	38.906011	F#4	64	102	0	2
129	38.853985	39.286623	F#4	64	112	0	2
130	38.853985	39.394783	D4	64	86	0	3
131	39.182571	39.613841	F#3	64	67	1	-2
132	39.511158	39.882186	D4	64	81	0	3
133	39.839744	40.257323	C#4	64	66	0	2
134	40.168331	40.855624	E4	64	117	0	5
135	40.168331	42.198721	A2	64	70	1	-1
136	40.496917	41.332074	E3	64	63	1	-4
137	40.825504	41.544286	A3	64	69	1	-4
138	41.154090	41.317014	F#4	64	102	0	2
139	41.154090	42.797023	E4	64	81	0	5
140	41.482677	41.775666	C#4	64	107	0	2
141	41.482677	42.193245	C#4	64	92	0	2
142	41.811263	42.045381	B3	64	92	1	-2
143	41.811263	42.117944	E3	64	45	1	-4
144	42.139850	42.708030	A3	64	100	1	-4
145	42.139850	42.797023	A3	64	83	1	-4
146	42.468436	42.797023	C#4	64	45	0	2
147	42.797023	44.123691	B3	64	102	1	-2
148	42.797023	44.824675	B2	64	86	1	-4
149	43.125609	44.146965	F#3	64	89	1	-2
150	43.454196	43.827963	C#4	64	73	0	2
151	43.782782	44.643952	F#4	64	90	0	2
152	44.439955	45.323031	F#3	64	62	1	-2
153	44.768542	45.053316	D4	64	97	0	3
154	45.097128	45.570840	C#4	64	67	0	2
155	45.425715	46.202000	B3	64	112	1	-2
156	45.425715	45.633819	B2	64	92	1	-4
157	45.754301	47.764155	B2	64	99	1	-4
158	46.082888	46.811254	B3	64	74	1	-2
159	46.411474	46.638746	F#4	64	102	0	2
160	46.411474	46.918045	F#3	64	71	1	-2
161	46.740061	47.022097	E4	64	96	0	5
162	46.740061	47.816181	F#4	64	100	0	2
163	47.068647	47.242524	F#4	64	112	0	2
164	47.068647	48.001011	F#3	64	81	1	-2
165	47.397234	47.625875	D4	64	99	0	3
166	47.397234	47.694330	D4	64	100	0	3
167	47.725820	47.938032	C#4	64	95	0	2
168	47.725820	48.721163	C#4	64	83	0	2
169	48.054407	49.457745	B3	64	96	1	-2
170	48.054407	48.163935	B2	64	82	1	-4
171	48.382993	48.689674	F#4	64	1	0	2
172	48.382993	50.154622	B2	64	88	1	-4
173	48.711580	49.596025	F#3	64	95	1	-2
174	49.040166	49.519355	B3	64	63	1	-2
175	49.368753	50.772091	F#4	64	112	0	2
176	49.697339	49.998543	F#3	64	100	1	-2
177	50.025926	50.427075	B3	64	78	1	-2
178	50.354512	51.178716	C#4	64	107	0	2
179	50.683099	50.925431	F#4	64	117	0	2
180	50.683099	50.799473	D2	64	93	1	-3
181	51.011685	51.447062	B4	64	107	0	2
182	51.011685	53.103686	D2	64	86	1	-3
183	51.340272	52.300018	A3	64	93	1	-4
184	51.668858	51.881070	A4	64	102	0	5
185	51.668858	52.208288	A2	64	58	1	-1
186	51.997445	52.263052	F#4	64	95	0	2
187	51.997445	53.726631	F#4	64	117	0	2
188	52.326031	52.457466	E4	64	99	0	5
189	52.326031	53.215953	A2	64	89	1	-1
190	52.654618	52.798374	D4	64	95	0	3
191	52.654618	53.732107	D4	64	66	0	3
192	52.983204	53.143390	E4	64	89	0	5
193	52.983204	53.752644	A3	64	90	1	-4
194	53.311791	54.601493	F#4	64	117	0	2
195	53.311791	53.421319	D2	64	93	1	-3
196	53.640377	55.272357	D2	64	89	1	-3
197	53.968964	55.318906	A2	64	82	1	-1
198	54.297550	54.790430	D3	64	52	1	-1
199	54.626137	55.714579	F#4	64	117	0	2
200	54.954723	55.494153	D3	64	63	1	-1
201	55.283310	55.498260	F#4	64	117	0	2
202	55.283310	55.784404	D4	64	92	0	3
203	55.611896	55.791249	A4	64	112	0	5
204	55.611896	56.045904	A3	64	93	1	-4
205	55.940483	56.579857	B4	64	127	0	2
206	55.940483	56.080132	G2	64	93	1	-3
207	56.269069	56.934457	G2	64	74	1	-3
208	56.597656	57.243876	D4	64	100	0	3
209	56.926242	57.142561	D5	64	107	0	5
210	56.926242	57.284949	B3	64	83	1	-2
211	57.254829	57.620381	B4	64	107	0	2
212	57.254829	58.099570	E2	64	86	1	-1
213	57.583415	57.784674	A4	64	116	0	5
214	57.583415	58.131059	B2	64	52	1	-4
215	57.912002	58.114630	F#4	64	117	0	2
216	57.912002	58.552745	E4	64	90	0	5
217	58.240588	58.425418	E4	64	90	0	5
218	58.240588	58.537685	G3	64	93	1	-1
219	58.569175	58.784125	D4	64	99	0	3
220	58.569175	58.691025	B2	64	85	1	-4
221	58.897761	59.543981	D4	64	97	0	3
222	58.897761	60.620102	B2	64	63	1	-4
223	59.226348	60.094364	F#3	64	83	1	-2
224	59.554934	59.771253	E4	64	96	0	5
225	59.554934	60.284670	B3	64	54	1	-2
226	59.883521	60.316159	F#4	64	112	0	2
227	59.883521	60.869280	F#4	64	122	0	2
228	60.212107	60.579029	F#3	64	92	1	-2
229	60.540694	61.080123	D4	64	83	0	3
230	60.869280	61.197867	B3	64	100	1	-2
231	61.197867	61.885160	E4	64	117	0	5
232	61.197867	63.281653	A2	64	89	1	-1
233	61.526453	62.651862	E3	64	72	1	-4
234	61.855040	62.445126	A3	64	75	1	-4
235	62.183626	62.346550	F#4	64	102	0	2
236	62.183626	63.844357	E4	64	93	0	5
237	62.512213	62.805202	C#4	64	107	0	2
238	62.512213	63.248794	C#4	64	117	0	2
239	62.840799	63.074917	B3	64	92	1	-2
240	62.840799	63.487019	E3	64	72	1	-4
241	63.169386	63.737566	A3	64	100	1	-4
242	63.169386	63.615716	A3	64	90	1	-4
243	63.497972	63.795069	C#4	64	100	0	2
244	63.826559	65.153227	B3	64	102	1	-2
245	63.826559	63.944302	B2	64	93	1	-4
246	64.155145	66.374473	B2	64	93	1	-4
247	64.483732	65.365439	F#3	64	63	1	-2
248	64.812318	65.321627	B3	64	45	1	-2
249	65.140905	66.427868	F#4	64	122	0	2
250	65.469491	66.382688	F#3	64	93	1	-2
251	65.798078	66.423761	D4	64	62	0	3
252	66.126664	66.278635	F#4	64	127	0	2
253	66.126664	66.444298	B3	64	58	1	-2
254	66.455251	67.178141	A4	64	122	0	5
255	66.455251	67.476607	D2	64	95	1	-3
256	66.783837	67.597089	A2	64	69	1	-1
257	67.112424	67.532740	F#4	64	112	0	2
258	67.441010	67.562861	F#4	64	127	0	2
259	67.441010	67.699772	D4	64	65	0	3
260	67.769597	68.284382	F#4	64	127	0	2
261	67.769597	67.873649	D4	64	93	0	3
262	67.769597	67.884602	A3	64	81	1	-4
263	67.769597	67.884602	F#4	64	99	0	2
264	67.769597	67.901031	D2	64	78	1	-3
265	68.098183	68.184437	A3	64	68	1	-4
266	68.098183	68.187175	F#4	64	73	0	2
267	68.098183	68.196759	D4	64	75	0	3
268	68.098183	68.207712	D2	64	63	1	-3
269	68.426770	68.669102	D2	64	93	1	-3
270	68.426770	68.815597	D4	64	99	0	3
271	68.426770	68.832026	A3	64	93	1	-4
272	68.426770	68.889529	F#4	64	122	0	2
273	68.755356	68.900482	F#4	64	112	0	2
274	69.083943	69.574084	D5	64	127	0	5
275	69.083943	70.250425	B2	64	92	1	-4
276	69.412529	70.314773	F#3	64	99	1	-2
277	69.741116	70.181969	F#4	64	127	0	2
278	70.069702	70.212089	B4	64	127	0	2
279	70.069702	70.332571	D4	64	97	0	3
280	70.398289	70.652943	B4	64	127	0	2
281	70.398289	70.465375	B2	64	52	1	-4
282	70.398289	70.472220	D4	64	69	0	3
283	70.398289	70.506448	B3	64	66	1	-2
284	70.398289	70.510556	F#3	64	88	1	-2
285	70.398289	70.524247	F#4	64	83	0	2
286	70.726875	70.800807	D4	64	83	0	3
287	70.726875	70.803545	B3	64	75	1	-2
288	70.726875	70.813129	B2	64	70	1	-4
289	70.726875	70.815867	F#4	64	92	0	2
290	70.726875	70.822713	F#3	64	97	1	-2
291	71.055462	71.245768	B4	64	122	0	2
292	71.055462	71.552449	B2	64	85	1	-4
293	71.055462	71.571616	F#3	64	100	1	-2
294	71.055462	71.646917	D4	64	99	0	3
295	71.055462	71.672930	F#4	64	117	0	2
296	71.055462	71.705789	B3	64	89	1	-2
297	71.384048	71.533281	C#5	64	122	0	4
298	71.712635	72.161703	B4	64	127	0	2
299	71.712635	72.519041	A2	64	96	1	-1
300	72.041221	72.676488	E3	64	53	1	-4
301	72.369808	72.868164	A4	64	115	0	5
302	72.369808	73.410331	E4	64	102	0	5
303	72.698394	73.418546	C#4	64	99	0	2
304	73.026981	73.335030	D4	64	127	0	3
305	73.026981	73.988096	A2	64	85	1	-1
306	73.355567	73.911426	E3	64	97	1	-4
307	73.684154	73.970298	E4	64	122	0	5
308	73.684154	74.359125	E4	64	102	0	5
309	74.012740	74.304361	D4	64	96	0	3
310	74.012740	74.308468	C#4	64	122	0	2
311	74.341327	75.599539	F#4	64	127	0	2
312	74.341327	75.517392	D2	64	89	1	-3
313	74.669913	75.555727	A2	64	88	1	-1
314	74.998500	76.115694	F#4	64	117	0	2
315	75.327086	76.143076	A3	64	93	1	-4
316	75.655673	75.767940	D2	64	86	1	-3
317	75.984259	76.097895	D2	64	82	1	-3
318	76.312846	76.392254	A3	64	69	1	-4
319	76.312846	76.645539	D2	64	100	1	-3
320	76.312846	77.002877	D4	64	102	0	3
321	76.312846	77.100084	F#4	64	127	0	2
322	76.641432	76.805725	F#4	64	117	0	2
323	76.970019	77.616239	D5	64	127	0	5
324	76.970019	78.137870	B2	64	92	1	-4
325	77.298605	78.217278	F#3	64	97	1	-2
326	77.627192	79.064757	F#4	64	127	0	2
327	77.955778	78.170728	B4	64	127	0	2
328	77.955778	79.042852	D4	64	100	0	3
329	78.284365	78.859391	B4	64	127	0	2
330	78.284365	78.396632	F#3	64	96	1	-2
331	78.284365	78.411692	B2	64	79	1	-4
332	78.612951	78.685514	B2	64	78	1	-4
333	78.612951	78.723849	F#3	64	107	1	-2
334	78.941538	79.411142	F#3	64	127	1	-2
335	78.941538	79.422095	B2	64	96	1	-4
336	79.270124	79.486443	B4	64	112	0	2
337	79.270124	79.553530	F#4	64	127	0	2
338	79.598711	80.327077	D5	64	127	0	5
339	79.598711	80.403747	G2	64	102	1	-3
340	79.927297	80.421546	G3	64	58	1	-1
341	80.584470	80.784360	E5	64	127	0	2
342	80.584470	80.725488	E4	64	96	0	5
343	80.584470	80.767931	C4	64	107	0	1
344	80.584470	80.789837	G3	64	97	1	-1
345	80.584470	80.803528	C3	64	117	1	-3
346	80.913057	82.543667	F#5	64	127	0	4
347	80.913057	84.650728	F#2	64	71	1	-4
348	80.913057	84.687694	C#3	64	100	1	-2
349	80.913057	84.709600	F#3	64	90	1	-2
350	80.913057	84.724660	C#4	64	107	0	2
351	80.913057	84.731505	A#3	64	97	1	-3
352	80.913057	84.731505	F#4	64	88	0	2
353	82.884576	83.132385	F#5	64	127	0	4
354	83.213162	83.396623	E5	64	93	0	2
355	83.541749	84.194814	C#5	64	112	0	4
356	84.527508	84.749304	A4	64	107	0	5
357	84.856095	86.236158	B4	64	117	0	2
358	85.184681	85.361296	B2	64	56	1	-4
359	85.184681	85.368142	D4	64	63	0	3
360	85.184681	85.370880	F#4	64	56	0	2
361	85.184681	85.385940	B3	64	55	1	-2
362	85.513268	85.703574	B2	64	66	1	-4
363	85.513268	85.743278	B3	64	63	1	-2
364	85.513268	85.744647	D4	64	65	0	3
365	85.513268	85.751493	F#4	64	63	0	2
366	85.841854	86.023946	D4	64	67	0	3
367	85.841854	86.032160	B2	64	79	1	-4
368	85.841854	86.033529	B3	64	69	1	-2
369	85.841854	86.043113	F#4	64	66	0	2
370	86.170441	86.368962	D4	64	95	0	3
371	86.170441	86.370331	B2	64	93	1	-4
372	86.170441	86.378545	B3	64	85	1	-2
373	86.170441	86.384022	F#4	64	82	0	2
374	86.499027	86.663320	B2	64	85	1	-4
375	86.499027	86.689333	F#4	64	72	0	2
376	86.499027	86.690702	B3	64	74	1	-2
377	86.499027	86.693441	D4	64	81	0	3
378	86.827614	86.987799	B2	64	99	1	-4
379	86.827614	87.001491	B3	64	88	1	-2
380	86.827614	87.002860	D4	64	96	0	3
381	86.827614	87.008336	F#4	64	95	0	2
382	87.156200	87.332815	D4	64	95	0	3
383	87.156200	87.351983	F#4	64	99	0	2
384	87.156200	87.357459	B3	64	85	1	-2
385	87.156200	87.375258	B2	64	107	1	-4
386	87.484787	88.261072	B3	64	112	1	-2
387	87.484787	88.345957	B2	64	93	1	-4
388	87.813373	88.408936	F#3	64	86	1	-2
389	88.141960	89.088015	F#4	64	122	0	2
390	88.470546	88.697818	F#4	64	102	0	2
391	88.470546	88.604719	B2	64	74	1	-4
392	88.799133	89.081169	E4	64	96	0	5
393	88.799133	89.998473	B2	64	99	1	-4
394	89.127719	89.301596	F#4	64	112	0	2
395	89.127719	90.147706	B3	64	72	1	-2
396	89.456306	89.684947	D4	64	99	0	3
397	89.456306	90.205209	F#4	64	112	0	2
398	89.784892	89.997104	C#4	64	95	0	2
399	89.784892	90.207947	D4	64	93	0	3
400	90.113479	91.516817	B3	64	96	1	-2
401	90.113479	90.947267	B2	64	90	1	-4
402	90.442065	91.505864	B3	64	57	1	-2
403	90.770652	91.549675	F#4	64	112	0	2
404	91.099238	91.222458	B2	64	81	1	-4
405	91.427825	91.986422	B2	64	93	1	-4
406	91.756411	92.413584	B3	64	96	1	-2
407	92.084998	92.707943	F#3	64	86	1	-2
408	92.413584	92.838008	F#4	64	112	0	2
409	92.742171	92.984503	F#4	64	117	0	2
410	92.742171	93.562268	D3	64	96	1	-1
411	93.070757	93.506134	B4	64	107	0	2
412	93.070757	94.157831	A3	64	76	1	-4
413	93.399344	94.145509	F#4	64	112	0	2
414	93.727930	93.940142	A4	64	102	0	5
415	93.727930	93.849781	D3	64	89	1	-1
416	94.056517	94.322124	F#4	64	95	0	2
417	94.056517	94.854708	D3	64	97	1	-1
418	94.385103	94.516538	E4	64	99	0	5
419	94.385103	95.485868	A3	64	79	1	-4
420	94.713690	94.857446	D4	64	95	0	3
421	94.713690	95.173711	F#4	64	117	0	2
422	95.042276	95.202462	E4	64	89	0	5
423	95.042276	95.384554	D4	64	97	0	3
424	95.370863	96.660565	F#4	64	117	0	2
425	95.370863	96.182745	D2	64	81	1	-3
426	95.699449	97.072667	A3	64	69	1	-4
427	96.028036	97.089096	F#4	64	127	0	2
428	96.356622	96.490795	D2	64	83	1	-3
429	96.685209	97.037070	D2	64	77	1	-3
430	97.013795	97.546379	A2	64	95	1	-1
431	97.342382	97.557332	F#4	64	117	0	2
432	97.342382	97.959850	F#4	64	122	0	2
433	97.670968	97.850321	A4	64	112	0	5
434	97.670968	97.972172	D4	64	93	0	3
435	97.999555	98.638929	B4	64	127	0	2
436	97.999555	98.844296	G2	64	83	1	-3
437	98.328141	98.842927	D3	64	57	1	-1
438	98.656728	99.274196	D4	64	117	0	3
439	98.985314	99.201633	D5	64	107	0	5
440	98.985314	99.435751	G3	64	99	1	-1
441	99.313901	99.679453	B4	64	107	0	2
442	99.313901	100.117568	E2	64	86	1	-1
443	99.642487	99.843746	A4	64	100	0	5
444	99.642487	100.232574	B2	64	65	1	-4
445	99.971074	100.173702	F#4	64	117	0	2
446	99.971074	100.568006	E4	64	100	0	5
447	100.299660	100.484490	E4	64	90	0	5
448	100.299660	100.600864	G3	64	99	1	-1
449	100.628247	100.843197	D4	64	99	0	3
450	100.628247	101.459297	B2	64	82	1	-4
451	100.956833	101.603053	D4	64	97	0	3
452	100.956833	101.508585	F#3	64	90	1	-2
453	101.285420	102.421781	F#4	64	117	0	2
454	101.614006	101.830325	E4	64	96	0	5
455	101.614006	101.750917	B2	64	97	1	-4
456	101.942593	102.375231	F#4	64	112	0	2
457	101.942593	102.858527	B2	64	72	1	-4
458	102.271179	102.861266	F#3	64	66	1	-2
459	102.599766	103.236402	F#4	64	117	0	2
460	102.928352	103.281583	D4	64	88	0	3
461	103.256939	103.944232	E4	64	117	0	5
462	103.256939	104.446695	A2	64	76	1	-1
463	103.585525	104.486400	E3	64	70	1	-4
464	103.914112	104.646586	E4	64	96	0	5
465	104.242698	104.405622	F#4	64	102	0	2
466	104.242698	104.690397	C#4	64	100	0	2
467	104.571285	104.864274	C#4	64	107	0	2
468	104.571285	105.366738	A2	64	92	1	-1
469	104.899871	105.133989	B3	64	92	1	-2
470	104.899871	105.669311	A3	64	88	1	-4
471	105.228458	105.796638	A3	64	100	1	-4
472	105.228458	105.885631	E4	64	107	0	5
473	105.557044	105.845926	C#4	64	96	0	2
474	105.885631	107.212299	B3	64	102	1	-2
475	105.885631	108.403425	B2	64	69	1	-4
476	105.885631	108.452713	F#3	64	92	1	-2
477	105.885631	108.500631	F#4	64	99	0	2
478	105.885631	108.510215	B3	64	90	1	-2
479	105.885631	108.514323	D4	64	107	0	3
480	108.514323	108.607422	D4	64	88	0	3
481	108.514323	108.611529	F#4	64	86	0	2
482	108.514323	108.617006	B3	64	78	1	-2
483	108.514323	108.618375	B2	64	61	1	-4
484	108.514323	108.651234	F#3	64	73	1	-2
485	108.842909	110.977352	B2	64	71	1	-4
486	108.842909	111.007473	F#3	64	95	1	-2
487	108.842909	111.015687	D4	64	97	0	3
488	110.485842	110.550190	F#4	64	122	0	2
489	110.485842	110.559773	B3	64	112	1	-2
490	110.650135	110.717221	F#4	64	97	0	2
491	110.650135	110.724067	B3	64	76	1	-2
492	110.814428	110.876038	F#4	64	99	0	2
493	110.814428	110.881514	B3	64	85	1	-2
494	110.978721	110.986936	B3	64	89	1	-2
495	110.978721	111.026640	F#4	64	117	0	2
496	111.143015	111.223792	B3	64	71	1	-2
497	111.143015	111.232007	D4	64	85	0	3
498	111.143015	111.238852	B2	64	55	1	-4
499	111.143015	111.241590	F#4	64	86	0	2
500	111.143015	111.266234	F#3	64	69	1	-2
501	111.471601	113.033756	F#3	64	99	1	-2
502	111.471601	113.102212	B2	64	75	1	-4
503	111.471601	113.615628	D4	64	96	0	3
504	113.114534	113.191204	F#4	64	122	0	2
505	113.114534	113.192573	B3	64	107	1	-2
506	113.278827	113.350021	F#4	64	82	0	2
507	113.278827	113.363712	B3	64	79	1	-2
508	113.443120	113.507468	F#4	64	96	0	2
509	113.443120	113.519790	B3	64	81	1	-2
510	113.607413	113.677238	F#4	64	100	0	2
511	113.607413	113.684083	B3	64	99	1	-2
512	113.771707	113.874390	G4	64	76	0	3
513	113.771707	113.881235	B3	64	76	1	-2
514	113.771707	113.883974	E2	64	72	1	-1
515	113.771707	113.885343	E4	64	79	0	5
516	113.771707	113.894926	B2	64	86	1	-4
517	114.100293	116.208723	E2	64	66	1	-1
518	114.100293	116.208723	B2	64	78	1	-4
519	114.100293	116.282655	G4	64	89	0	3
520	114.100293	116.285393	B3	64	88	1	-2
521	115.743226	115.813050	E4	64	102	0	5
522	115.743226	115.813050	B4	64	97	0	2
523	115.907519	115.981451	B4	64	78	0	2
524	115.907519	115.986927	E4	64	78	0	5
525	116.071812	116.143006	B4	64	92	0	2
526	116.071812	116.149851	E4	64	82	0	5
527	116.236105	116.286762	E4	64	95	0	5
528	116.236105	116.312775	B4	64	97	0	2
529	116.400399	116.489391	E2	64	62	1	-1
530	116.400399	116.493498	B2	64	67	1	-4
531	116.400399	116.493498	G4	64	79	0	3
532	116.400399	116.496236	E4	64	82	0	5
533	116.400399	116.503082	E3	64	77	1	-4
534	116.400399	116.504451	B3	64	81	1	-2
535	116.728985	117.987197	E3	64	76	1	-4
536	116.728985	118.352750	E2	64	66	1	-1
537	116.728985	118.388347	B2	64	76	1	-4
538	116.728985	118.648478	G4	64	83	0	3
539	116.728985	118.686813	B3	64	85	1	-2
540	118.371918	118.430789	E4	64	99	0	5
541	118.371918	118.436266	B4	64	100	0	2
542	118.536211	118.606035	B4	64	85	0	2
543	118.536211	118.610143	E4	64	83	0	5
544	118.700504	118.760745	B4	64	92	0	2
545	118.700504	118.767590	E4	64	89	0	5
546	118.864797	118.925038	B4	64	97	0	2
547	118.864797	118.934622	E4	64	95	0	5
548	119.029091	119.148203	C#4	64	92	0	2
549	119.029091	119.149572	A3	64	76	1	-4
550	119.029091	119.153680	A2	64	95	1	-1
551	119.029091	119.153680	E4	64	82	0	5
552	119.357677	120.459811	A3	64	76	1	-4
553	119.357677	120.788397	E4	64	82	0	5
554	119.357677	120.799350	C#4	64	93	0	2
555	119.357677	121.468845	A2	64	86	1	-1
556	120.343437	121.556468	E3	64	64	1	-4
557	121.000610	121.052636	C#4	64	117	0	2
558	121.000610	121.058112	A3	64	95	1	-4
559	121.000610	121.058112	E4	64	96	0	5
560	121.164903	121.222405	C#4	64	90	0	2
561	121.164903	121.225144	E4	64	75	0	5
562	121.164903	121.241573	A3	64	79	1	-4
563	121.329196	121.377115	C#4	64	95	0	2
564	121.329196	121.392175	E4	64	83	0	5
565	121.329196	121.399021	A3	64	88	1	-4
566	121.493489	121.529086	E4	64	90	0	5
567	121.493489	121.548254	C#4	64	107	0	2
568	121.493489	121.566052	A3	64	96	1	-4
569	121.657783	121.757728	A2	64	60	1	-1
570	121.657783	121.761835	A3	64	77	1	-4
571	121.657783	121.764573	E3	64	63	1	-4
572	121.657783	121.770050	E4	64	67	0	5
573	121.657783	121.771419	C#4	64	69	0	2
574	121.986369	123.503343	E4	64	79	0	5
575	121.986369	123.543048	C#4	64	99	0	2
576	121.986369	123.564953	A3	64	82	1	-4
577	121.986369	123.682697	A2	64	73	1	-1
578	121.986369	123.807286	E3	64	85	1	-4
579	123.629302	123.670375	C#4	64	122	0	2
580	123.629302	123.681328	A3	64	100	1	-4
581	123.629302	123.684066	E4	64	99	0	5
582	123.793595	123.852467	C#4	64	92	0	2
583	123.793595	123.856574	E4	64	73	0	5
584	123.793595	123.867527	A3	64	81	1	-4
585	123.957888	123.992116	E4	64	78	0	5
586	123.957888	124.019498	C#4	64	88	0	2
587	123.957888	124.037296	A3	64	78	1	-4
588	124.122181	124.178315	C#4	64	107	0	2
589	124.122181	124.197482	E4	64	90	0	5
590	124.122181	124.201590	A3	64	93	1	-4
591	124.286475	124.356299	B2	64	47	1	-4
592	124.286475	124.361776	D4	64	88	0	3
593	124.286475	124.369990	B3	64	78	1	-2
594	124.286475	124.380943	F#4	64	96	0	2
595	124.286475	124.383681	F#3	64	92	1	-2
596	124.615061	126.080009	F#4	64	97	0	2
597	124.615061	126.084116	D4	64	97	0	3
598	124.615061	126.724860	B2	64	61	1	-4
599	124.615061	126.754981	F#3	64	89	1	-2
600	126.257994	126.320973	F#4	64	112	0	2
601	126.257994	126.331925	B3	64	102	1	-2
602	126.422287	126.486635	F#4	64	78	0	2
603	126.422287	126.501695	B3	64	82	1	-2
604	126.586580	126.655036	F#4	64	93	0	2
605	126.586580	126.663250	B3	64	82	1	-2
606	126.586580	126.849449	D4	64	78	0	3
607	126.750873	126.827543	F#4	64	112	0	2
608	126.750873	126.831651	B3	64	93	1	-2
609	126.915167	127.015112	B2	64	67	1	-4
610	126.915167	127.019219	B3	64	78	1	-2
611	126.915167	127.020588	F#3	64	96	1	-2
612	126.915167	127.023326	D4	64	68	0	3
613	126.915167	127.023326	F#4	64	76	0	2
614	127.243753	129.293311	B2	64	82	1	-4
615	127.243753	129.296050	B3	64	92	1	-2
616	127.243753	129.305633	D4	64	99	0	3
617	127.243753	129.317955	F#3	64	107	1	-2
618	127.243753	129.317955	F#4	64	100	0	2
619	129.215272	129.367243	F#4	64	127	0	2
620	129.543859	130.266749	A4	64	122	0	5
621	129.543859	129.599992	F#4	64	102	0	2
622	129.543859	129.606838	A4	64	90	0	5
623	129.543859	129.613683	D4	64	96	0	3
624	129.543859	130.540571	D2	64	92	1	-3
625	129.708152	129.772500	F#4	64	72	0	2
626	129.708152	129.783453	A4	64	71	0	5
627	129.708152	129.787560	D4	64	75	0	3
628	129.872445	129.977867	A4	64	95	0	5
629	129.872445	129.979236	F#4	64	122	0	2
630	129.872445	129.990189	D4	64	95	0	3
631	129.872445	130.566584	A2	64	78	1	-1
632	130.201032	130.613134	F#4	64	127	0	2
633	130.529618	130.651469	F#4	64	127	0	2
634	130.529618	130.821239	A3	64	93	1	-4
635	130.858205	131.372990	F#4	64	127	0	2
636	130.858205	130.900647	D2	64	38	1	-3
637	130.858205	130.958150	A2	64	69	1	-1
638	130.858205	130.958150	D3	64	72	1	-1
639	130.858205	130.962257	D4	64	89	0	3
640	130.858205	130.969102	A3	64	58	1	-4
641	130.858205	130.974579	F#4	64	96	0	2
642	131.186791	131.231972	D2	64	40	1	-3
643	131.186791	131.281260	D4	64	92	0	3
644	131.186791	131.290843	F#4	64	83	0	2
645	131.186791	131.292213	D3	64	82	1	-1
646	131.186791	131.297689	A3	64	83	1	-4
647	131.186791	131.303165	A2	64	81	1	-1
648	131.515378	131.664611	D2	64	59	1	-3
649	131.515378	131.708422	A2	64	96	1	-1
650	131.515378	131.797414	D3	64	95	1	-1
651	131.515378	131.915158	D4	64	107	0	3
652	131.515378	131.939802	A3	64	93	1	-4
653	131.515378	132.019210	F#4	64	117	0	2
654	131.843964	131.989090	F#4	64	112	0	2
655	132.172551	132.662692	D5	64	127	0	5
656	132.172551	132.212255	D4	64	95	0	3
657	132.172551	132.220469	F#4	64	112	0	2
658	132.172551	132.227315	B3	64	97	1	-2
659	132.172551	133.239088	B2	64	93	1	-4
660	132.336844	132.392977	D4	64	89	0	3
661	132.336844	132.405299	B3	64	79	1	-2
662	132.336844	132.405299	F#4	64	86	0	2
663	132.501137	132.562747	D4	64	102	0	3
664	132.501137	132.580545	B3	64	86	1	-2
665	132.501137	132.583284	F#4	64	107	0	2
666	132.501137	133.308912	F#3	64	95	1	-2
667	132.829724	133.211705	F#4	64	127	0	2
668	132.829724	133.270577	B3	64	97	1	-2
669	133.158310	133.300697	B4	64	127	0	2
670	133.158310	133.241826	D4	64	112	0	3
671	133.486897	133.741551	B4	64	127	0	2
672	133.486897	133.575889	D4	64	75	0	3
673	133.486897	133.581365	B2	64	67	1	-4
674	133.486897	133.599164	F#3	64	99	1	-2
675	133.486897	133.599164	B3	64	85	1	-2
676	133.486897	133.603271	F#4	64	88	0	2
677	133.815483	133.897630	D4	64	86	0	3
678	133.815483	133.903106	B2	64	68	1	-4
679	133.815483	133.912690	B3	64	86	1	-2
680	133.815483	133.918166	F#4	64	88	0	2
681	133.815483	133.925012	F#3	64	102	1	-2
682	134.144070	134.334376	B4	64	122	0	2
683	134.144070	134.594507	B2	64	77	1	-4
684	134.144070	134.604091	F#3	64	112	1	-2
685	134.144070	134.769753	F#4	64	122	0	2
686	134.144070	134.775229	D4	64	122	0	3
687	134.144070	134.783444	B3	64	93	1	-2
688	134.472656	134.621889	C#5	64	122	0	4
689	134.801243	135.250311	B4	64	127	0	2
690	134.801243	134.847792	C#4	64	107	0	2
691	134.801243	134.864222	A3	64	99	1	-4
692	134.801243	134.868329	E4	64	92	0	5
693	134.801243	135.641876	A2	64	93	1	-1
694	134.965536	135.024408	C#4	64	85	0	2
695	134.965536	135.036730	E4	64	73	0	5
696	134.965536	135.042206	A3	64	81	1	-4
697	135.129829	135.196915	C#4	64	117	0	2
698	135.129829	135.198285	E4	64	96	0	5
699	135.129829	135.206499	A3	64	107	1	-4
700	135.129829	135.618601	E3	64	82	1	-4
701	135.458416	135.956772	A4	64	115	0	5
702	135.458416	136.422269	E4	64	96	0	5
703	135.622709	136.237439	C#4	64	61	0	2
704	135.787002	135.869149	A2	64	57	1	-1
705	135.787002	135.910222	E3	64	90	1	-4
706	136.115589	136.423638	D4	64	127	0	3
707	136.115589	136.812466	E3	64	86	1	-4
708	136.115589	136.846693	A2	64	75	1	-1
709	136.444175	137.505236	A3	64	79	1	-4
710	136.772762	137.058906	E4	64	122	0	5
711	136.772762	137.331359	E4	64	102	0	5
712	137.101348	137.392969	D4	64	96	0	3
713	137.101348	137.309453	C#4	64	107	0	2
714	137.265641	138.421170	D2	64	90	1	-3
715	137.429935	138.688147	F#4	64	127	0	2
716	137.429935	137.481961	F#4	64	122	0	2
717	137.429935	137.487437	D4	64	102	0	3
718	137.429935	137.490175	A4	64	99	0	5
719	137.594228	137.647623	F#4	64	92	0	2
720	137.594228	137.655838	A4	64	81	0	5
721	137.594228	137.662683	D4	64	88	0	3
722	137.594228	138.447184	A2	64	54	1	-1
723	137.758521	137.816024	F#4	64	107	0	2
724	137.758521	137.828346	D4	64	96	0	3
725	137.758521	137.832453	A4	64	99	0	5
726	137.922814	138.259615	F#4	64	90	0	2
727	137.922814	138.421170	D3	64	86	1	-1
728	138.251401	138.500579	A3	64	95	1	-4
729	138.744281	138.803152	D2	64	51	1	-3
730	138.744281	138.845595	D4	64	93	0	3
731	138.744281	138.851071	D3	64	85	1	-1
732	138.744281	138.857917	F#4	64	99	0	2
733	138.744281	138.859286	A3	64	85	1	-4
734	138.744281	138.862024	A2	64	83	1	-1
735	139.072867	139.149537	D2	64	56	1	-3
736	139.072867	139.168705	D4	64	96	0	3
737	139.072867	139.182396	A2	64	83	1	-1
738	139.072867	139.182396	D3	64	86	1	-1
739	139.072867	139.182396	F#4	64	90	0	2
740	139.072867	139.183765	A3	64	86	1	-4
741	139.401454	139.506875	D2	64	42	1	-3
742	139.401454	139.572592	A2	64	90	1	-1
743	139.401454	139.639679	D3	64	96	1	-1
744	139.401454	139.984695	D4	64	112	0	3
745	139.401454	140.001124	A3	64	99	1	-4
746	139.730040	139.894333	F#4	64	117	0	2
747	140.058627	140.704847	D5	64	127	0	5
748	140.058627	140.070949	F#4	64	117	0	2
749	140.058627	140.105176	B3	64	97	1	-2
750	140.058627	140.105176	D4	64	112	0	3
751	140.058627	140.884200	B2	64	97	1	-4
752	140.222920	140.279053	D4	64	83	0	3
753	140.222920	140.294114	B3	64	78	1	-2
754	140.222920	140.298221	F#4	64	83	0	2
755	140.387213	140.451561	F#4	64	112	0	2
756	140.387213	140.457038	D4	64	112	0	3
757	140.387213	140.463883	B3	64	97	1	-2
758	140.387213	140.899260	F#3	64	86	1	-2
759	140.715800	141.166237	F#4	64	127	0	2
760	141.044386	141.259336	B4	64	127	0	2
761	141.044386	141.108734	B2	64	57	1	-4
762	141.044386	141.141593	F#3	64	96	1	-2
763	141.044386	141.171713	B3	64	82	1	-2
764	141.372973	141.947999	B4	64	127	0	2
765	141.372973	141.451012	D4	64	63	0	3
766	141.372973	141.467441	B3	64	66	1	-2
767	141.372973	141.472918	F#4	64	69	0	2
768	141.372973	141.474287	B2	64	79	1	-4
769	141.372973	141.474287	F#3	64	102	1	-2
770	141.701559	141.776860	D4	64	96	0	3
771	141.701559	141.796028	B3	64	83	1	-2
772	141.701559	141.800135	B2	64	72	1	-4
773	141.701559	141.800135	F#4	64	95	0	2
774	141.701559	141.808350	F#3	64	97	1	-2
775	142.030146	142.261525	F#3	64	122	1	-2
776	142.030146	142.273847	D4	64	112	0	3
777	142.030146	142.282062	B2	64	82	1	-4
778	142.030146	142.284800	F#4	64	122	0	2
779	142.030146	142.402544	B3	64	92	1	-2
780	142.358732	142.575051	B4	64	112	0	2
781	142.358732	142.401174	D4	64	38	0	3
782	142.523025	143.191151	G2	64	92	1	-3
783	142.687319	143.415685	D5	64	127	0	5
784	142.687319	143.382827	D4	64	97	0	3
785	142.687319	143.567657	B3	64	99	1	-2
786	142.687319	143.582717	G3	64	99	1	-1
787	143.344492	143.511523	G2	64	72	1	-3
788	143.673078	143.872968	E5	64	127	0	2
789	143.673078	143.699091	E4	64	72	0	5
790	143.673078	143.744272	C4	64	112	0	1
791	143.673078	143.757963	G3	64	99	1	-1
792	143.673078	143.797667	C3	64	117	1	-3
793	144.001665	145.632275	F#5	64	127	0	4
794	144.001665	147.621592	F#2	64	127	1	-4
795	144.001665	147.648975	F#3	64	97	1	-2
796	144.001665	147.679095	A#3	64	112	1	-3
797	144.001665	147.683202	C#4	64	122	0	2
798	145.973184	146.220992	F#5	64	127	0	4
799	146.301770	146.485231	E5	64	93	0	2
800	146.630357	147.283422	C#5	64	112	0	4
801	147.616116	147.837912	A4	64	107	0	5
802	147.944703	149.324766	B4	64	117	0	2
803	148.273289	148.396509	D4	64	71	0	3
804	148.273289	148.400616	B3	64	67	1	-2
805	148.273289	148.404724	F#4	64	61	0	2
806	148.273289	148.415676	B2	64	66	1	-4
807	148.601876	148.741525	D4	64	54	0	3
808	148.601876	148.764800	B3	64	41	1	-2
809	148.601876	148.768907	F#4	64	44	0	2
810	148.601876	148.778491	B2	64	62	1	-4
811	148.930462	149.071480	D4	64	73	0	3
812	148.930462	149.090648	B3	64	72	1	-2
813	148.930462	149.097493	F#4	64	67	0	2
814	148.930462	149.107077	B2	64	82	1	-4
815	149.259049	149.402805	D4	64	88	0	3
816	149.259049	149.411020	B2	64	93	1	-4
817	149.259049	149.426080	B3	64	79	1	-2
818	149.259049	149.431556	F#4	64	96	0	2
819	149.587635	149.734130	B2	64	100	1	-4
820	149.587635	149.740975	D4	64	86	0	3
821	149.587635	149.758774	B3	64	83	1	-2
822	149.587635	149.760143	F#4	64	96	0	2
823	149.916222	150.044918	D4	64	93	0	3
824	149.916222	150.051763	B2	64	112	1	-4
825	149.916222	150.058609	B3	64	88	1	-2
826	149.916222	150.062716	F#4	64	102	0	2
827	150.244808	150.354337	B2	64	117	1	-4
828	150.244808	150.361182	D4	64	96	0	3
829	150.244808	150.372135	B3	64	83	1	-2
830	150.244808	150.383088	F#4	64	107	0	2
831	150.573395	151.349680	B3	64	112	1	-2
832	150.573395	151.434565	B2	64	93	1	-4
833	150.901981	151.497544	F#3	64	86	1	-2
834	151.230568	152.176623	F#4	64	122	0	2
835	151.559154	151.786426	F#4	64	102	0	2
836	151.559154	151.693327	B2	64	74	1	-4
837	151.887741	152.169777	E4	64	96	0	5
838	151.887741	153.087081	B2	64	99	1	-4
839	152.216327	152.390204	F#4	64	112	0	2
840	152.216327	153.236314	B3	64	72	1	-2
841	152.544914	152.773555	D4	64	99	0	3
842	152.544914	153.293817	F#4	64	112	0	2
843	152.873500	153.085712	C#4	64	95	0	2
844	152.873500	153.296555	D4	64	93	0	3
845	153.202087	154.605425	B3	64	96	1	-2
846	153.202087	154.035875	B2	64	90	1	-4
847	153.530673	154.594472	B3	64	57	1	-2
848	153.859260	154.638283	F#4	64	112	0	2
849	154.187846	154.311066	B2	64	81	1	-4
850	154.516433	155.075030	B2	64	93	1	-4
851	154.845019	155.502192	B3	64	96	1	-2
852	155.173606	155.796551	F#3	64	86	1	-2
853	155.502192	155.926616	F#4	64	112	0	2
854	155.830779	156.073111	F#4	64	117	0	2
855	155.830779	156.650876	D3	64	96	1	-1
856	156.159365	156.594742	B4	64	107	0	2
857	156.159365	157.246439	A3	64	76	1	-4
858	156.487952	157.234117	F#4	64	112	0	2
859	156.816538	157.028750	A4	64	102	0	5
860	156.816538	156.938389	D3	64	89	1	-1
861	157.145125	157.410732	F#4	64	95	0	2
862	157.145125	157.943316	D3	64	97	1	-1
863	157.473711	157.605146	E4	64	99	0	5
864	157.473711	158.574476	A3	64	79	1	-4
865	157.802298	157.946054	D4	64	95	0	3
866	157.802298	158.262319	F#4	64	117	0	2
867	158.130884	158.291070	E4	64	89	0	5
868	158.130884	158.473162	D4	64	97	0	3
869	158.459471	159.749173	F#4	64	117	0	2
870	158.459471	159.271353	D2	64	81	1	-3
871	158.788057	160.161275	A3	64	69	1	-4
872	159.116644	160.177704	F#4	64	127	0	2
873	159.445230	159.579403	D2	64	83	1	-3
874	159.773817	160.125678	D2	64	77	1	-3
875	160.102403	160.634987	A2	64	95	1	-1
876	160.430990	160.645940	F#4	64	117	0	2
877	160.430990	161.048458	F#4	64	122	0	2
878	160.759576	160.938929	A4	64	112	0	5
879	160.759576	161.060780	D4	64	93	0	3
880	161.088163	161.727537	B4	64	127	0	2
881	161.088163	161.932904	G2	64	83	1	-3
882	161.416749	161.931535	D3	64	57	1	-1
883	161.745336	162.362804	D4	64	117	0	3
884	162.073922	162.290241	D5	64	107	0	5
885	162.073922	162.524359	G3	64	99	1	-1
886	162.402509	162.768061	B4	64	107	0	2
887	162.402509	163.206176	E2	64	86	1	-1
888	162.731095	162.932354	A4	64	100	0	5
889	162.731095	163.321182	B2	64	65	1	-4
890	163.059682	163.262310	F#4	64	117	0	2
891	163.059682	163.656614	E4	64	100	0	5
892	163.388268	163.573098	E4	64	90	0	5
893	163.388268	163.689472	G3	64	99	1	-1
894	163.716855	163.931805	D4	64	99	0	3
895	163.716855	164.547905	B2	64	82	1	-4
896	164.045441	164.691661	D4	64	97	0	3
897	164.045441	164.597193	F#3	64	90	1	-2
898	164.374028	165.510389	F#4	64	117	0	2
899	164.702614	164.918933	E4	64	96	0	5
900	164.702614	164.839525	B2	64	97	1	-4
901	165.031201	165.463839	F#4	64	112	0	2
902	165.031201	165.947135	B2	64	72	1	-4
903	165.359787	165.949874	F#3	64	66	1	-2
904	165.688374	166.325010	F#4	64	117	0	2
905	166.016960	166.370191	D4	64	88	0	3
906	166.345547	167.032840	E4	64	117	0	5
907	166.345547	167.535303	A2	64	76	1	-1
908	166.674133	167.575008	E3	64	70	1	-4
909	167.002720	167.735194	E4	64	96	0	5
910	167.331306	167.494230	F#4	64	102	0	2
911	167.331306	167.779005	C#4	64	100	0	2
912	167.659893	167.952882	C#5	64	107	0	4
913	167.659893	168.455346	A2	64	92	1	-1
914	167.988479	168.222597	B4	64	92	0	2
915	167.988479	168.757919	A3	64	88	1	-4
916	168.317066	168.885246	A4	64	100	0	5
917	168.317066	168.974239	E4	64	107	0	5
918	168.645652	168.934534	C#4	64	96	0	2
919	168.974239	170.300907	B4	64	102	0	2
920	168.974239	171.492033	B2	64	69	1	-4
921	168.974239	171.541321	F#3	64	92	1	-2
922	168.974239	171.589239	F#4	64	99	0	2
923	168.974239	171.598823	B3	64	90	1	-2
924	168.974239	171.602931	D4	64	107	0	3
925	171.602931	175.242026	F#4	64	117	0	2
926	171.602931	175.303636	D4	64	112	0	3
927	171.602931	175.311851	B3	64	100	1	-2
928	171.602931	175.336495	B2	64	75	1	-4
929	175.545969	175.674665	B2	64	99	1	-4
930	175.545969	175.684249	B3	64	97	1	-2
931	175.874555	176.001882	C#3	64	112	1	-2
932	175.874555	176.042956	C#4	64	127	0	2
933	176.203142	176.357851	D4	64	100	0	3
934	176.203142	176.361958	D3	64	100	1	-1
935	176.531728	176.754893	B2	64	117	1	-4
936	176.531728	176.767215	B3	64	112	1	-2
937	176.860315	180.462444	F#3	64	100	1	-2
938	176.860315	180.469290	F#4	64	102	0	2
939	176.860315	180.473397	C#4	64	107	0	2
940	176.860315	180.484350	F#2	64	97	1	-4
941	176.860315	180.484350	A#4	64	100	0	1
942	180.803353	180.929311	F#4	64	127	0	2
943	180.803353	180.941633	F#2	64	117	1	-4
944	181.131939	181.319507	G4	64	100	0	3
945	181.131939	181.333198	G2	64	100	1	-3
946	181.460526	181.571423	A2	64	127	1	-1
947	181.460526	181.585115	A4	64	112	0	5
948	181.789112	181.919178	F#2	64	112	1	-4
949	181.789112	181.930130	F#4	64	122	0	2
950	182.117699	187.358653	B2	64	69	1	-4
951	182.117699	187.376452	F#3	64	107	1	-2
952	182.117699	187.379190	B3	64	102	1	-2
953	182.117699	187.381928	D#4	64	127	0	4
954	182.117699	187.401096	F#4	64	107	0	2
