//Version: PianoFingering_v170101
0	2.946688	4.422789	B2	64	68	1	-4
1	3.387864	4.612127	F#3	64	60	1	-2
2	3.829040	4.731613	F#4	64	92	0	2
3	4.270216	4.711392	B3	64	67	1	-2
4	4.711392	5.696685	C#3	64	72	1	-2
5	5.152568	6.352934	C#4	64	63	0	2
6	5.593744	6.492640	G#4	64	85	0	4
7	6.476096	7.540433	F#2	64	81	1	-4
8	6.917272	7.454036	C#3	64	43	1	-2
9	7.358448	8.273888	F#4	64	82	0	2
10	7.799624	8.312491	A#3	64	69	1	-3
11	8.240800	9.358446	D#2	64	56	1	-2
12	8.681976	9.511019	D#3	64	56	1	-5
13	9.123152	9.999989	D#4	64	58	0	4
14	10.005504	11.145209	B2	64	70	1	-4
15	10.446680	11.117635	F#3	64	50	1	-2
16	10.887856	11.788590	F#4	64	88	0	2
17	11.329032	11.843737	B3	64	55	1	-2
18	11.770208	12.681972	C#3	64	62	1	-2
19	12.211384	13.095574	G#3	64	75	1	-5
20	12.652560	13.450353	F4	64	61	0	1
21	13.093736	13.533074	C#4	64	49	0	2
22	13.534912	16.937482	F#2	64	55	1	-4
23	13.976088	16.542262	C#3	64	41	1	-2
24	14.417264	16.731600	F#3	64	42	1	-2
25	14.858440	17.224246	A#3	64	52	1	-3
26	15.299616	17.257335	F#4	64	61	0	2
27	17.064320	18.737112	F#2	64	56	1	-4
28	17.284908	17.520202	G#3	64	81	1	-5
29	17.505496	17.757334	A#3	64	88	1	-3
30	17.505496	18.055128	A#3	64	57	1	-3
31	17.726084	17.908069	G#3	64	90	1	-5
32	17.946672	18.187481	A#3	64	96	1	-3
33	17.946672	18.799612	F#4	64	102	0	2
34	18.167260	18.341892	G#3	64	81	1	-5
35	18.387848	18.556966	A#3	64	102	1	-3
36	18.387848	18.961377	A#3	64	57	1	-3
37	18.608436	19.165421	C#4	64	102	0	2
38	18.829024	19.825347	F2	64	71	1	-5
39	19.049612	19.235274	G#3	64	93	1	-5
40	19.270200	19.442994	A#3	64	82	1	-3
41	19.270200	19.781229	A#3	64	73	1	-3
42	19.490788	19.628656	G#3	64	93	1	-5
43	19.711376	19.906229	A#3	64	97	1	-3
44	19.711376	20.566155	F4	64	69	0	1
45	19.711376	20.637846	C#4	64	72	0	2
46	19.931964	20.067993	G#3	64	90	1	-5
47	20.152552	20.257331	A#3	64	93	1	-3
48	20.152552	20.652552	A#3	64	53	1	-3
49	20.373140	20.737110	C#4	64	107	0	2
50	20.593728	21.843727	D#2	64	75	1	-2
51	20.814316	20.915419	G#3	64	93	1	-5
52	21.034904	21.180124	A#3	64	96	1	-3
53	21.034904	21.624977	D#3	64	49	1	-5
54	21.255492	21.363948	G#3	64	89	1	-5
55	21.476080	21.663580	A#3	64	112	1	-3
56	21.476080	22.294094	D#4	64	88	0	4
57	21.917256	22.176447	F4	64	93	0	1
58	21.917256	22.266520	F#3	64	82	1	-2
59	22.358432	23.027549	C#4	64	107	0	2
60	22.358432	23.525710	C#2	64	79	1	-4
61	22.799608	23.306960	C#3	64	61	1	-2
62	23.240784	23.411740	C#4	64	117	0	2
63	23.240784	24.053283	G#4	64	100	0	4
64	23.461372	23.658063	B3	64	89	1	-2
65	23.681960	24.121298	C#4	64	92	0	2
66	23.902548	24.117621	A#3	64	96	1	-3
67	24.123136	24.349239	G#3	64	86	1	-5
68	24.123136	25.284900	B1	64	83	1	-1
69	24.564312	24.696665	F#3	64	88	1	-2
70	24.564312	25.365782	F#2	64	60	1	-4
71	24.784900	25.049606	F#3	64	90	1	-2
72	25.005488	25.306958	B2	64	52	1	-4
73	25.005488	25.911737	D#4	64	69	0	4
74	25.005488	25.926443	F#4	64	88	0	2
75	25.226076	25.454017	C#4	64	96	0	2
76	25.446664	25.908061	B3	64	77	1	-2
77	25.667252	25.773870	C#4	64	93	0	2
78	25.887840	26.049605	C#4	64	99	0	2
79	25.887840	26.402545	F4	64	67	0	1
80	25.887840	26.612104	C#4	64	90	0	2
81	25.887840	26.615780	A#3	64	85	1	-3
82	25.887840	27.102912	A#1	64	88	1	-2
83	26.108428	26.299604	A#3	64	89	1	-3
84	26.329016	26.841883	A#2	64	50	1	-5
85	26.549604	26.773869	F#3	64	86	1	-2
86	26.770192	27.658059	F4	64	69	0	1
87	26.770192	27.680118	C#4	64	95	0	2
88	27.211368	27.737103	A#3	64	83	1	-3
89	27.431956	27.601074	F#3	64	71	1	-2
90	27.652544	28.079014	C#4	64	89	0	2
91	27.652544	29.126807	G#1	64	77	1	-4
92	28.093720	29.189307	G#2	64	99	1	-2
93	28.314308	28.702175	D#4	64	107	0	4
94	28.534896	29.338204	D#4	64	93	0	4
95	28.976072	29.384160	A#3	64	95	1	-3
96	28.976072	29.534895	G#3	64	75	1	-5
97	29.417248	30.262835	G#3	64	82	1	-5
98	29.417248	31.117614	C#2	64	81	1	-4
99	29.858424	30.740776	C#3	64	79	1	-2
100	30.299600	31.159893	F4	64	66	0	1
101	30.299600	31.163570	C#4	64	75	0	2
102	30.740776	31.178276	G#3	64	72	1	-5
103	31.181952	32.854744	F#2	64	56	1	-4
104	31.402540	31.527540	G#3	64	99	1	-5
105	31.623128	31.742613	A#3	64	96	1	-3
106	31.623128	32.172760	A#3	64	57	1	-3
107	31.843716	31.933789	G#3	64	102	1	-5
108	32.064304	32.180113	A#3	64	95	1	-3
109	32.064304	32.917244	F#4	64	102	0	2
110	32.284892	32.382318	G#3	64	102	1	-5
111	32.505480	32.595553	A#3	64	102	1	-3
112	32.505480	33.079009	A#3	64	57	1	-3
113	32.726068	32.954009	C#4	64	122	0	2
114	32.946656	33.942979	F2	64	71	1	-5
115	33.167244	33.279376	G#3	64	97	1	-5
116	33.387832	33.544082	A#3	64	97	1	-3
117	33.387832	33.898861	A#3	64	73	1	-3
118	33.608420	33.726067	G#3	64	97	1	-5
119	33.829008	33.965037	A#3	64	97	1	-3
120	33.829008	34.683787	F4	64	69	0	1
121	33.829008	34.755478	C#4	64	72	0	2
122	34.049596	34.198493	G#3	64	92	1	-5
123	34.270184	34.373125	A#3	64	122	1	-3
124	34.270184	34.770184	A#3	64	53	1	-3
125	34.490772	34.639669	C#4	64	99	0	2
126	34.711360	34.999963	F#4	64	100	0	2
127	34.711360	35.961359	D#2	64	75	1	-2
128	35.152536	35.402536	F4	64	93	0	1
129	35.152536	35.742609	D#3	64	49	1	-5
130	35.593712	35.873124	C#4	64	107	0	2
131	35.593712	36.411726	D#4	64	88	0	4
132	36.034888	36.354741	A#3	64	86	1	-3
133	36.034888	36.384152	F#3	64	82	1	-2
134	36.476064	37.229740	C#4	64	102	0	2
135	36.476064	37.643342	C#2	64	79	1	-4
136	36.917240	37.424592	C#3	64	61	1	-2
137	37.358416	37.593710	C#4	64	112	0	2
138	37.358416	38.170915	G#4	64	100	0	4
139	37.579004	37.760989	D#4	64	102	0	4
140	37.799592	38.238930	C#4	64	92	0	2
141	38.020180	38.165400	F#4	64	95	0	2
142	38.240768	38.612091	G#4	64	127	0	4
143	38.240768	39.928266	B1	64	92	1	-1
144	38.681944	38.871282	F#4	64	107	0	2
145	38.681944	39.308782	F#2	64	56	1	-4
146	38.902532	39.202164	D#4	64	96	0	4
147	39.123120	40.128634	B2	64	74	1	-4
148	39.123120	40.803265	F#4	64	92	0	2
149	39.123120	40.830839	D#4	64	85	0	4
150	39.343708	39.588193	D#4	64	99	0	4
151	39.564296	40.069810	F#2	64	45	1	-4
152	39.564296	40.777530	B3	64	56	1	-2
153	39.784884	39.904369	D#4	64	97	0	4
154	40.005472	40.178266	D#4	64	112	0	4
155	40.005472	40.713192	B1	64	78	1	-1
156	40.226060	40.391501	C#4	64	112	0	2
157	40.446648	40.922750	B2	64	57	1	-4
158	40.667236	40.836354	C#4	64	112	0	2
159	40.887824	41.224221	A#3	64	112	1	-3
160	40.887824	41.715029	F#4	64	99	0	2
161	40.887824	41.749955	D#4	64	97	0	4
162	41.329000	41.610250	F#3	64	100	1	-2
163	41.329000	41.760985	B3	64	58	1	-2
164	41.770176	42.621278	G#3	64	93	1	-5
165	41.770176	43.430101	C#2	64	82	1	-4
166	42.211352	43.479733	G#2	64	28	1	-2
167	42.652528	43.237086	A#3	64	112	1	-3
168	42.652528	43.373116	F4	64	63	0	1
169	42.652528	43.453998	C#4	64	58	0	2
170	42.652528	43.624953	C#3	64	85	1	-2
171	43.093704	44.288556	G#3	64	69	1	-5
172	43.534880	44.194806	B3	64	97	1	-2
173	43.534880	44.097379	F4	64	69	0	1
174	43.534880	44.294070	C#4	64	58	0	2
175	43.534880	45.270172	C#2	64	78	1	-4
176	44.417232	44.847379	C#4	64	102	0	2
177	44.417232	44.650688	G#3	64	99	1	-5
178	44.417232	44.920908	C#3	64	70	1	-2
179	44.417232	45.224216	F4	64	72	0	1
180	44.417232	45.229731	C#4	64	99	0	2
181	44.858408	45.270172	G#3	64	93	1	-5
182	45.299584	45.977892	D#4	64	112	0	4
183	45.299584	46.685612	B1	64	72	1	-1
184	45.738922	46.391495	F#2	64	90	1	-4
185	46.174583	46.703994	B2	64	89	1	-4
186	46.180098	46.507303	D#3	64	83	1	-5
187	46.181936	46.772009	A#4	64	112	0	1
188	46.181936	47.086347	B3	64	92	1	-2
189	46.628627	46.930097	F#2	64	85	1	-4
190	47.064288	47.650684	G#4	64	122	0	4
191	47.064288	48.391493	C#2	64	99	1	-4
192	47.494435	48.251787	C#3	64	89	1	-2
193	47.944802	48.185610	G#3	64	85	1	-5
194	47.946640	48.731566	C#4	64	112	0	2
195	47.953993	48.522007	F3	64	85	1	-3
196	48.393331	48.709507	C#3	64	90	1	-2
197	48.608404	48.735242	A#3	64	102	1	-3
198	48.828992	49.023845	F#4	64	89	0	2
199	48.828992	49.601050	F#2	64	85	1	-4
200	49.049580	49.233403	F4	64	93	0	1
201	49.268330	49.580829	F#3	64	90	1	-2
202	49.270168	49.652521	A#3	64	107	1	-3
203	49.490756	49.665388	C#4	64	112	0	2
204	49.711344	50.058770	A#3	64	99	1	-3
205	49.711344	50.334505	F2	64	82	1	-5
206	50.134138	50.628622	F3	64	66	1	-3
207	50.152520	50.599211	G#3	64	96	1	-5
208	50.152520	50.566123	A#3	64	107	1	-3
209	50.593696	50.979725	A#3	64	99	1	-3
210	50.593696	51.334504	D#2	64	99	1	-2
211	51.033034	51.439283	D#3	64	76	1	-5
212	51.034872	51.312445	F#3	64	85	1	-2
213	51.476048	51.694798	A#3	64	122	1	-3
214	51.476048	52.294062	C#2	64	82	1	-4
215	51.696636	51.895165	C#4	64	102	0	2
216	51.917224	52.286709	G#3	64	79	1	-5
217	51.922739	52.235238	C#3	64	63	1	-2
218	52.137812	52.257297	D#4	64	96	0	4
219	52.358400	52.860238	F#3	64	99	1	-2
220	52.358400	53.630458	B1	64	65	1	-1
221	52.805091	53.871266	F#2	64	69	1	-4
222	53.238914	53.612075	B3	64	81	1	-2
223	53.240752	53.446634	A#3	64	97	1	-3
224	53.240752	54.051413	F#3	64	81	1	-2
225	53.461340	53.669060	C#4	64	127	0	2
226	53.680090	53.972369	B2	64	69	1	-4
227	53.902516	54.040384	D#4	64	102	0	4
228	54.123104	54.408030	F#3	64	102	1	-2
229	54.123104	55.398838	C#2	64	74	1	-4
230	54.555089	55.255456	C#3	64	85	1	-2
231	54.784868	54.922736	F#3	64	95	1	-2
232	54.996265	55.203985	G#3	64	84	1	-5
233	55.005456	55.169059	G#3	64	102	1	-5
234	55.005456	55.812440	C#4	64	84	0	2
235	55.018324	55.413544	F3	64	83	1	-3
236	55.226044	55.408029	A#3	64	107	1	-3
237	55.428250	55.915382	C#3	64	79	1	-2
238	55.667220	55.797735	G#3	64	112	1	-5
239	55.887808	56.908028	A#3	64	107	1	-3
240	55.887808	57.578983	F#2	64	77	1	-4
241	56.327146	57.075307	F#3	64	89	1	-2
242	56.770160	57.139645	C#4	64	76	0	2
243	56.773837	57.060601	A#3	64	81	1	-3
244	57.192954	57.854718	F#3	64	83	1	-2
245	57.652512	58.913540	E2	64	79	1	-1
246	58.099203	58.378614	F#3	64	71	1	-2
247	58.523835	59.231554	A#3	64	63	1	-3
248	58.525673	58.810599	F#3	64	82	1	-2
249	58.534864	59.010966	E4	64	64	0	5
250	58.981555	59.512804	F#3	64	88	1	-2
251	59.417216	60.095524	D#4	64	112	0	4
252	59.417216	60.803244	B1	64	72	1	-1
253	59.856554	61.078979	F#2	64	90	1	-4
254	59.858392	60.387803	B2	64	89	1	-4
255	60.290377	60.617582	D#3	64	83	1	-5
256	60.299568	60.889641	A#4	64	112	0	1
257	60.299568	61.203979	B3	64	92	1	-2
258	60.755450	61.097361	B2	64	89	1	-4
259	61.181920	61.768316	G#4	64	122	0	4
260	61.181920	62.509125	C#2	64	99	1	-4
261	61.628611	62.385963	C#3	64	89	1	-2
262	62.064272	62.849198	C#4	64	112	0	2
263	62.067949	62.635963	F3	64	85	1	-3
264	62.069787	62.310595	G#3	64	85	1	-5
265	62.284860	62.613904	F4	64	107	0	1
266	62.496257	62.898830	C#3	64	90	1	-2
267	62.505448	62.623095	D#4	64	93	0	4
268	62.946624	63.235227	D#4	64	117	0	4
269	62.946624	63.718682	F#2	64	85	1	-4
270	63.387800	63.512800	C#4	64	83	0	2
271	63.393315	63.705814	F#3	64	90	1	-2
272	63.608388	63.915373	C#4	64	96	0	2
273	63.827138	64.093682	F#4	64	100	0	2
274	63.828976	64.176402	A#3	64	107	1	-3
275	63.828976	64.452137	F2	64	82	1	-5
276	63.832653	64.215005	A#3	64	107	1	-3
277	64.260961	64.755446	F3	64	66	1	-3
278	64.270152	64.553240	D#4	64	102	0	4
279	64.711328	65.119416	D#4	64	127	0	4
280	64.711328	66.082650	D#2	64	92	1	-2
281	65.582651	65.920886	F#3	64	74	1	-2
282	65.591842	65.729709	A#3	64	40	1	-3
283	65.593680	65.810592	A#3	64	112	1	-3
284	65.593680	66.338165	D#4	64	100	0	4
285	65.814268	66.055077	C#4	64	122	0	2
286	65.814268	65.851033	D#3	64	68	1	-5
287	66.034856	66.356547	F#3	64	93	1	-2
288	66.255444	66.431914	D#4	64	112	0	4
289	66.255444	66.470517	A#3	64	88	1	-3
290	66.476032	67.062428	F#3	64	107	1	-2
291	66.476032	67.639634	B1	64	68	1	-1
292	66.922723	67.941104	F#2	64	66	1	-4
293	67.358384	67.564266	A#3	64	112	1	-3
294	67.358384	67.865736	F#3	64	100	1	-2
295	67.362060	67.575296	B2	64	89	1	-4
296	67.363899	67.544046	D#3	64	77	1	-5
297	67.578972	67.841839	C#4	64	107	0	2
298	67.799560	68.102869	D#3	64	72	1	-5
299	68.020148	68.158016	D#4	64	102	0	4
300	68.020148	68.181913	F#3	64	90	1	-2
301	68.240736	68.784853	F#3	64	97	1	-2
302	68.240736	68.968676	C#3	64	78	1	-2
303	68.240736	69.619411	C#2	64	82	1	-4
304	68.681912	69.202132	F3	64	65	1	-3
305	68.902500	69.045882	F#3	64	79	1	-2
306	69.123088	69.328970	D#4	64	83	0	4
307	69.123088	69.944778	C#4	64	117	0	2
308	69.137794	69.387794	G#3	64	65	1	-5
309	69.343676	69.588161	C#4	64	90	0	2
310	69.343676	69.920881	C#3	64	65	1	-2
311	69.564264	69.895146	G#3	64	68	1	-5
312	69.784852	70.093675	G#3	64	93	1	-5
313	69.784852	69.931911	F3	64	77	1	-3
314	70.005440	71.674556	F#2	64	99	1	-4
315	70.226028	72.158011	F#3	64	88	1	-2
316	70.226028	70.946616	F#3	64	69	1	-2
317	70.446616	70.968674	A#3	64	66	1	-3
318	70.667204	70.898821	C#4	64	56	0	2
319	70.887792	71.529335	F#4	64	95	0	2
320	71.108380	71.788526	F#3	64	78	1	-2
321	71.328968	71.922717	A#3	64	70	1	-3
322	71.549556	71.882276	C#4	64	53	0	2
323	71.770144	71.874923	F#4	64	33	0	2
324	71.990732	72.744408	F#3	64	72	1	-2
325	72.211320	72.748084	A#3	64	61	1	-3
326	72.431908	72.654334	C#4	64	37	0	2
327	72.652496	73.540363	F#4	64	79	0	2
328	73.534848	73.540363	F#2	64	56	1	-4
329	73.751760	73.876759	G#3	64	99	1	-5
330	73.972348	74.091833	A#3	64	96	1	-3
331	73.976024	74.525656	A#3	64	57	1	-3
332	74.192936	74.283009	G#3	64	102	1	-5
333	74.413524	74.529332	A#3	64	95	1	-3
334	74.417200	75.270140	F#4	64	102	0	2
335	74.634112	74.731538	G#3	64	102	1	-5
336	74.854700	74.944773	A#3	64	102	1	-3
337	74.858376	75.431905	A#3	64	57	1	-3
338	75.075288	75.303229	C#4	64	122	0	2
339	75.299552	76.295875	F2	64	71	1	-5
340	75.520140	75.645140	G#3	64	99	1	-5
341	75.740728	75.860213	A#3	64	96	1	-3
342	75.740728	76.251757	A#3	64	73	1	-3
343	75.961316	76.051389	G#3	64	102	1	-5
344	76.181904	76.297713	A#3	64	95	1	-3
345	76.181904	77.036683	F4	64	69	0	1
346	76.181904	77.108374	C#4	64	72	0	2
347	76.402492	76.499918	G#3	64	102	1	-5
348	76.623080	76.713153	A#3	64	102	1	-3
349	76.623080	77.123080	A#3	64	53	1	-3
350	76.843668	77.071609	C#4	64	122	0	2
351	77.064256	78.314255	D#2	64	75	1	-2
352	77.284844	77.396976	G#3	64	97	1	-5
353	77.505432	77.661682	A#3	64	97	1	-3
354	77.505432	78.095505	D#3	64	49	1	-5
355	77.726020	77.843667	G#3	64	97	1	-5
356	77.946608	78.082637	A#3	64	97	1	-3
357	77.946608	78.764622	D#4	64	88	0	4
358	78.167196	78.588151	F4	64	100	0	1
359	78.387784	78.737048	F#3	64	82	1	-2
360	78.828960	79.053224	D#4	64	102	0	4
361	78.828960	79.996238	C#2	64	79	1	-4
362	79.270136	79.777488	C#3	64	61	1	-2
363	79.490724	79.512783	C#4	64	112	0	2
364	79.711312	79.817930	C#4	64	96	0	2
365	79.711312	80.523811	G#4	64	100	0	4
366	79.931900	80.034841	B3	64	93	1	-2
367	80.152488	80.270135	B3	64	96	1	-2
368	80.152488	80.591826	C#4	64	92	0	2
369	80.373076	80.466826	G#3	64	107	1	-5
370	80.593664	80.887781	A#3	64	117	1	-3
371	80.593664	81.755428	B1	64	83	1	-1
372	81.034840	81.167193	G#3	64	102	1	-5
373	81.034840	81.836310	F#2	64	60	1	-4
374	81.255428	81.589987	F#3	64	95	1	-2
375	81.476016	81.777486	B2	64	52	1	-4
376	81.476016	82.382265	D#4	64	69	0	4
377	81.476016	82.396971	F#4	64	88	0	2
378	81.917192	82.378589	B3	64	77	1	-2
379	82.137780	82.218662	C#4	64	107	0	2
380	82.358368	82.630427	C#4	64	112	0	2
381	82.358368	82.873073	F4	64	67	0	1
382	82.358368	83.082632	C#4	64	90	0	2
383	82.358368	83.086308	A#3	64	85	1	-3
384	82.358368	83.573440	A#1	64	88	1	-2
385	82.799544	83.044029	G#3	64	99	1	-5
386	82.799544	83.312411	A#2	64	50	1	-5
387	83.020132	83.308735	F#3	64	93	1	-2
388	83.240720	84.128587	F4	64	69	0	1
389	83.240720	84.150646	C#4	64	95	0	2
390	83.681896	84.207631	A#3	64	83	1	-3
391	83.902484	83.999910	F#3	64	97	1	-2
392	84.123072	84.259101	G#3	64	100	1	-5
393	84.123072	85.597335	G#1	64	77	1	-4
394	84.343660	84.437410	F#3	64	96	1	-2
395	84.564248	84.696601	G#3	64	97	1	-5
396	84.564248	85.659835	G#2	64	99	1	-2
397	84.784836	84.907998	F#3	64	89	1	-2
398	85.005424	85.237041	G#3	64	112	1	-5
399	85.005424	85.808732	D#4	64	93	0	4
400	85.446600	85.709467	A#3	64	127	1	-3
401	85.446600	86.005423	G#3	64	75	1	-5
402	85.887776	86.251746	B3	64	99	1	-2
403	85.887776	87.588142	C#2	64	81	1	-4
404	86.328952	86.453952	C#4	64	107	0	2
405	86.328952	87.211304	C#3	64	79	1	-2
406	86.549540	86.862040	A#3	64	107	1	-3
407	86.770128	87.630421	F4	64	66	0	1
408	86.770128	87.634098	C#4	64	75	0	2
409	86.990716	87.523804	G#3	64	97	1	-5
410	87.211304	87.648804	G#3	64	72	1	-5
411	87.431892	87.711303	F#3	64	75	1	-2
412	87.652480	87.968656	G#3	64	99	1	-5
413	87.652480	89.325272	F#2	64	56	1	-4
414	88.093656	88.224171	A#3	64	97	1	-3
415	88.093656	88.643288	A#3	64	57	1	-3
416	88.314244	88.727847	A#3	64	100	1	-3
417	88.534832	89.387772	F#4	64	102	0	2
418	88.755420	88.959464	G#3	64	99	1	-5
419	88.976008	89.549537	A#3	64	57	1	-3
420	89.417184	89.760934	G#3	64	112	1	-5
421	89.417184	90.413507	F2	64	71	1	-5
422	89.858360	89.946595	A#3	64	100	1	-3
423	89.858360	90.369389	A#3	64	73	1	-3
424	90.078948	90.409830	A#3	64	127	1	-3
425	90.299536	91.154315	F4	64	69	0	1
426	90.299536	91.226006	C#4	64	72	0	2
427	90.520124	90.816080	G#3	64	112	1	-5
428	90.740712	91.240712	A#3	64	53	1	-3
429	91.181888	91.496226	C#4	64	102	0	2
430	91.181888	92.431887	D#2	64	75	1	-2
431	91.623064	91.887770	A#3	64	90	1	-3
432	91.623064	92.213137	D#3	64	49	1	-5
433	92.064240	92.407990	G#3	64	100	1	-5
434	92.064240	92.882254	D#4	64	88	0	4
435	92.505416	92.691078	F#3	64	107	1	-2
436	92.505416	92.854680	F#3	64	82	1	-2
437	92.946592	93.187401	C#4	64	122	0	2
438	92.946592	94.113870	C#2	64	79	1	-4
439	93.387768	93.641444	A#3	64	100	1	-3
440	93.387768	93.895120	C#3	64	61	1	-2
441	93.828944	94.088135	G#3	64	107	1	-5
442	93.828944	94.641443	G#4	64	100	0	4
443	94.049532	94.487032	A#3	64	117	1	-3
444	94.270120	94.709458	C#4	64	92	0	2
445	94.711296	95.128575	F#3	64	107	1	-2
446	94.711296	96.365706	B1	64	90	1	-1
447	95.152472	95.354678	A#3	64	96	1	-3
448	95.152472	96.748059	F#2	64	67	1	-4
449	95.373060	96.635926	A#3	64	90	1	-3
450	95.593648	96.351000	F#4	64	100	0	2
451	95.593648	96.393280	D#4	64	90	0	4
452	96.034824	96.744382	B2	64	76	1	-4
453	96.476000	96.816073	B3	64	79	1	-2
454	96.476000	96.832617	B1	64	75	1	-1
455	96.476000	96.834456	D#4	64	73	0	4
456	96.476000	96.847323	F#4	64	77	0	2
457	97.137764	97.218646	F#3	64	93	1	-2
458	97.358352	97.499896	F#3	64	96	1	-2
459	97.578940	97.876734	G#3	64	107	1	-5
460	98.240704	98.939233	G#3	64	117	1	-5
461	98.240704	98.803203	G#4	64	99	0	4
462	98.240704	98.981512	C#4	64	73	0	2
463	98.240704	101.604671	C#2	64	93	1	-4
464	98.681880	99.251732	C#3	64	89	1	-2
465	99.123056	99.817908	A#3	64	117	1	-3
466	99.123056	99.863864	F4	64	92	0	1
467	99.343644	101.797686	G#2	64	22	1	-2
468	99.564232	100.180040	C#3	64	79	1	-2
469	100.005408	100.626731	B3	64	112	1	-2
470	100.005408	100.459452	G#4	64	95	0	4
471	100.005408	100.509084	F4	64	83	0	1
472	100.005408	100.771951	C#4	64	69	0	2
473	100.446584	101.768274	C#3	64	86	1	-2
474	100.887760	101.214966	C#4	64	117	0	2
475	100.887760	101.472318	G#4	64	122	0	4
476	101.328936	101.850994	C#4	64	88	0	2
477	101.770112	102.553199	G#3	64	112	1	-5
478	101.770112	102.325259	F4	64	83	0	1
479	101.770112	102.339964	G#4	64	100	0	4
480	101.770112	105.356505	C#2	64	90	1	-4
481	102.211288	102.821582	G#2	64	46	1	-2
482	102.652464	103.420846	A#3	64	102	1	-3
483	102.652464	103.150625	G#4	64	99	0	4
484	102.652464	103.264596	F4	64	81	0	1
485	102.652464	103.650625	C#3	64	96	1	-2
486	103.093640	105.064226	G#2	64	57	1	-2
487	103.534816	104.330771	B3	64	99	1	-2
488	103.534816	103.613860	C#4	64	33	0	2
489	103.534816	104.060551	G#4	64	117	0	4
490	103.975992	104.499889	C#3	64	78	1	-2
491	104.417168	104.814226	C#4	64	122	0	2
492	104.417168	105.271947	F4	64	112	0	1
493	104.417168	105.299520	G#4	64	127	0	4
494	104.637756	104.999888	C#3	64	100	1	-2
495	104.858344	105.295844	C#4	64	122	0	2
496	105.299520	105.977828	D#4	64	112	0	4
497	105.299520	106.685548	B1	64	72	1	-1
498	105.520108	106.742533	F#2	64	90	1	-4
499	105.740696	106.270107	B2	64	89	1	-4
500	105.961284	106.288490	D#3	64	83	1	-5
501	106.181872	106.771945	A#4	64	112	0	1
502	106.181872	107.086283	B3	64	92	1	-2
503	106.402460	106.744371	B2	64	89	1	-4
504	106.623048	106.924518	D#3	64	85	1	-5
505	106.843636	107.045842	F#3	64	45	1	-2
506	107.064224	107.650620	G#4	64	122	0	4
507	107.064224	108.391429	C#2	64	99	1	-4
508	107.284812	108.042164	C#3	64	89	1	-2
509	107.505400	108.073414	F3	64	85	1	-3
510	107.725988	107.966797	G#3	64	85	1	-5
511	107.946576	108.731502	C#4	64	112	0	2
512	108.167164	108.569737	C#3	64	90	1	-2
513	108.387752	108.703928	G#3	64	90	1	-5
514	108.608340	108.735178	A#3	64	102	1	-3
515	108.608340	108.737016	F3	64	86	1	-3
516	108.828928	109.023781	F#4	64	89	0	2
517	108.828928	109.600986	F#2	64	85	1	-4
518	109.049516	109.233339	F4	64	93	0	1
519	109.049516	109.362016	F#3	64	90	1	-2
520	109.270104	109.652457	A#3	64	107	1	-3
521	109.490692	109.665324	C#4	64	112	0	2
522	109.490692	109.757236	F#4	64	100	0	2
523	109.711280	110.058706	A#3	64	99	1	-3
524	109.711280	110.334441	F2	64	82	1	-5
525	109.931868	110.426353	F3	64	66	1	-3
526	110.152456	110.599147	G#3	64	96	1	-5
527	110.152456	110.566059	A#3	64	107	1	-3
528	110.373044	110.628558	C#4	64	83	0	2
529	110.593632	110.979661	A#3	64	99	1	-3
530	110.593632	111.334440	D#2	64	99	1	-2
531	110.814220	111.220470	D#3	64	76	1	-5
532	111.034808	111.312381	F#3	64	85	1	-2
533	111.255396	111.402455	D#4	64	92	0	4
534	111.475984	111.694734	A#3	64	122	1	-3
535	111.475984	112.293998	C#2	64	82	1	-4
536	111.696572	111.895101	C#4	64	102	0	2
537	111.696572	112.009072	C#3	64	63	1	-2
538	111.917160	112.286645	G#3	64	79	1	-5
539	112.137748	112.257233	D#4	64	96	0	4
540	112.137748	112.282968	C#3	64	97	1	-2
541	112.358336	112.860174	F#3	64	99	1	-2
542	112.358336	113.630394	B1	64	65	1	-1
543	112.578924	113.645099	F#2	64	69	1	-4
544	112.799512	113.306864	B2	64	75	1	-4
545	113.020100	113.393261	B3	64	76	1	-2
546	113.240688	113.446570	A#3	64	97	1	-3
547	113.240688	114.051349	F#4	64	102	0	2
548	113.461276	113.668996	C#4	64	127	0	2
549	113.461276	113.753555	B2	64	69	1	-4
550	113.681864	114.069731	D#4	64	102	0	4
551	113.902452	114.040320	D#4	64	102	0	4
552	113.902452	114.113849	B3	64	88	1	-2
553	114.123040	114.407966	F#3	64	102	1	-2
554	114.123040	115.398774	C#2	64	74	1	-4
555	114.343628	115.043995	C#3	64	85	1	-2
556	114.564216	114.959436	F3	64	63	1	-3
557	114.784804	114.922672	F#3	64	95	1	-2
558	114.784804	114.992524	G#3	64	86	1	-5
559	115.005392	115.168995	G#3	64	102	1	-5
560	115.005392	115.812376	C#4	64	100	0	2
561	115.225980	115.407965	A#3	64	107	1	-3
562	115.225980	115.713112	C#3	64	79	1	-2
563	115.446568	115.753553	G#3	64	96	1	-5
564	115.667156	115.797671	G#3	64	112	1	-5
565	115.667156	115.797671	F3	64	85	1	-3
566	115.887744	116.907964	A#3	64	107	1	-3
567	115.887744	117.578919	F#2	64	77	1	-4
568	116.108332	116.856493	F#3	64	89	1	-2
569	116.328920	116.615684	A#3	64	81	1	-3
570	116.549508	116.681861	C#4	64	102	0	2
571	116.770096	117.139581	C#4	64	76	0	2
572	116.990684	117.652448	F#3	64	83	1	-2
573	117.211272	117.652448	A#3	64	86	1	-3
574	117.431860	117.569728	E4	64	53	0	5
575	117.652448	118.913476	E2	64	79	1	-1
576	117.873036	118.152448	F#3	64	71	1	-2
577	118.093624	118.801344	A#3	64	63	1	-3
578	118.314212	118.599138	F#3	64	82	1	-2
579	118.534800	119.010902	E4	64	64	0	5
580	118.755388	119.286637	F#3	64	88	1	-2
581	118.975976	119.352814	A#3	64	96	1	-3
582	119.196564	119.422667	E4	64	72	0	5
583	119.417152	120.095460	D#4	64	112	0	4
584	119.417152	120.803180	B1	64	72	1	-1
585	119.637740	120.860165	F#2	64	90	1	-4
586	119.858328	120.387739	B2	64	89	1	-4
587	120.078916	120.406122	D#3	64	83	1	-5
588	120.299504	120.889577	A#4	64	112	0	1
589	120.299504	121.203915	B3	64	92	1	-2
590	120.520092	120.862003	B2	64	89	1	-4
591	120.740680	121.042150	D#3	64	85	1	-5
592	120.961268	121.163474	F#3	64	45	1	-2
593	121.181856	121.768252	G#4	64	122	0	4
594	121.181856	122.509061	C#2	64	99	1	-4
595	121.402444	122.159796	C#3	64	89	1	-2
596	121.623032	122.191046	F3	64	85	1	-3
597	121.843620	122.084429	G#3	64	85	1	-5
598	122.064208	122.849134	C#4	64	112	0	2
599	122.284796	122.613840	F4	64	107	0	1
600	122.284796	122.687369	C#3	64	90	1	-2
601	122.505384	122.623031	D#4	64	109	0	4
602	122.505384	122.821560	G#3	64	90	1	-5
603	122.725972	122.854648	F3	64	86	1	-3
604	122.946560	123.235163	D#4	64	117	0	4
605	122.946560	123.718618	F#2	64	85	1	-4
606	123.167148	123.479648	F#3	64	90	1	-2
607	123.387736	123.512736	C#4	64	83	0	2
608	123.387736	123.770089	A#3	64	107	1	-3
609	123.608324	123.915309	C#4	64	96	0	2
610	123.608324	123.874868	F#4	64	100	0	2
611	123.828912	124.176338	A#3	64	107	1	-3
612	123.828912	124.452073	F2	64	82	1	-5
613	124.049500	124.543985	F3	64	66	1	-3
614	124.270088	124.553176	D#4	64	102	0	4
615	124.270088	124.683691	A#3	64	107	1	-3
616	124.490676	124.711264	C#4	64	83	0	2
617	124.711264	125.119352	D#4	64	127	0	4
618	124.711264	126.082586	D#2	64	92	1	-2
619	124.931852	125.639572	D#3	64	79	1	-5
620	125.152440	125.490675	F#3	64	74	1	-2
621	125.373028	125.510896	A#3	64	40	1	-3
622	125.593616	125.810528	A#3	64	112	1	-3
623	125.593616	126.338101	D#4	64	100	0	4
624	125.814204	126.055013	C#4	64	122	0	2
625	125.814204	126.020086	D#3	64	68	1	-5
626	126.034792	126.356483	F#3	64	93	1	-2
627	126.255380	126.431850	D#4	64	112	0	4
628	126.255380	126.470453	A#3	64	88	1	-3
629	126.475968	127.062364	F#3	64	107	1	-2
630	126.475968	127.639570	B1	64	68	1	-1
631	126.696556	127.714937	F#2	64	66	1	-4
632	127.137732	127.317879	D#3	64	77	1	-5
633	127.358320	127.564202	A#3	64	112	1	-3
634	127.358320	127.418982	B2	64	71	1	-4
635	127.358320	127.865672	F#3	64	100	1	-2
636	127.578908	127.841775	C#4	64	107	0	2
637	127.799496	128.102805	D#3	64	72	1	-5
638	128.020084	128.157952	D#4	64	102	0	4
639	128.020084	128.181849	F#3	64	90	1	-2
640	128.240672	128.784789	F#3	64	97	1	-2
641	128.240672	128.968612	C#3	64	78	1	-2
642	128.240672	129.619347	C#2	64	82	1	-4
643	128.681848	129.202068	F3	64	38	1	-3
644	128.902436	129.045818	F#3	64	79	1	-2
645	128.902436	129.152436	G#3	64	65	1	-5
646	129.123024	129.328906	D#4	64	83	0	4
647	129.123024	129.944714	C#4	64	117	0	2
648	129.343612	129.588097	C#4	64	90	0	2
649	129.343612	129.920817	C#3	64	65	1	-2
650	129.564200	129.895082	G#3	64	68	1	-5
651	129.784788	130.093611	G#3	64	93	1	-5
652	129.784788	129.931847	F3	64	77	1	-3
653	130.005376	131.674492	F#2	64	99	1	-4
654	130.225964	132.157947	F#3	64	88	1	-2
655	130.225964	130.946551	F#3	64	69	1	-2
656	130.446552	130.968610	A#3	64	66	1	-3
657	130.667140	130.898757	C#4	64	56	0	2
658	130.887728	131.529271	F#4	64	95	0	2
659	131.108316	131.788462	F#3	64	78	1	-2
660	131.328904	131.922653	A#3	64	70	1	-3
661	131.549492	131.882212	C#4	64	53	0	2
662	131.770080	131.874859	F#4	64	33	0	2
663	131.770080	133.540299	F#2	64	82	1	-4
664	131.990668	132.744344	F#3	64	72	1	-2
665	132.211256	132.748020	A#3	64	61	1	-3
666	132.431844	132.654270	C#4	64	37	0	2
667	132.652432	133.540299	F#4	64	79	0	2
668	133.314196	134.088092	E4	64	88	0	5
669	133.534784	133.850960	D#4	64	127	0	4
670	133.534784	134.288460	G#4	64	79	0	4
671	133.534784	134.746180	B3	64	85	1	-2
672	133.534784	135.178165	E2	64	81	1	-1
673	133.755372	135.317870	B2	64	71	1	-4
674	133.975960	134.071548	G#4	64	112	0	4
675	133.975960	134.521915	E3	64	86	1	-4
676	134.196548	134.450224	G#4	64	122	0	4
677	134.196548	134.475960	D#4	64	93	0	4
678	134.417136	135.509047	E4	64	95	0	5
679	134.417136	135.725958	G#4	64	112	0	4
680	134.637724	135.174488	D#4	64	127	0	4
681	134.637724	134.816033	E3	64	86	1	-4
682	134.858312	135.470444	B3	64	55	1	-2
683	135.078900	135.483311	D#4	64	117	0	4
684	135.299488	135.707576	D#4	64	127	0	4
685	135.299488	136.477796	E2	64	74	1	-1
686	135.520076	136.459413	B2	64	65	1	-4
687	135.740664	135.845443	C#4	64	122	0	2
688	135.740664	136.233311	E3	64	92	1	-4
689	135.961252	136.255369	C#4	64	107	0	2
690	135.961252	136.525590	B3	64	77	1	-2
691	136.181840	136.733310	E4	64	95	0	5
692	136.181840	136.850957	G#4	64	99	0	4
693	136.402428	136.915295	B3	64	102	1	-2
694	136.402428	136.485149	E3	64	88	1	-4
695	136.623016	137.060516	D#4	64	127	0	4
696	136.843604	137.056839	B3	64	96	1	-2
697	137.064192	137.713088	C#4	64	127	0	2
698	137.064192	138.720440	B1	64	82	1	-1
699	137.284780	138.817867	F#2	64	92	1	-4
700	137.505368	137.611986	D#4	64	112	0	4
701	137.505368	138.023750	B2	64	92	1	-4
702	137.725956	138.751690	D#4	64	112	0	4
703	137.725956	138.121176	B3	64	86	1	-2
704	137.946544	139.290293	F#4	64	127	0	2
705	138.167132	138.808675	B2	64	88	1	-4
706	138.387720	139.374851	D#4	64	102	0	4
707	138.608308	139.290293	B3	64	99	1	-2
708	138.828896	140.034777	B1	64	72	1	-1
709	139.049484	140.010880	F#2	64	88	1	-4
710	139.270072	139.762719	B2	64	78	1	-4
711	139.490660	139.613822	F#3	64	99	1	-2
712	139.490660	139.988821	B3	64	99	1	-2
713	139.711248	139.966762	F#4	64	107	0	2
714	139.711248	140.494335	F#4	64	127	0	2
715	139.931836	140.255365	B2	64	95	1	-4
716	140.152424	140.424483	D#4	64	122	0	4
717	140.152424	140.498012	D#4	64	127	0	4
718	140.373012	140.501688	C#4	64	112	0	2
719	140.373012	140.736982	B3	64	88	1	-2
720	140.593600	140.952056	C#4	64	122	0	2
721	140.593600	142.216760	E2	64	78	1	-1
722	140.814188	142.407936	B2	64	79	1	-4
723	141.034776	141.194702	B3	64	93	1	-2
724	141.034776	141.545805	E3	64	92	1	-4
725	141.255364	142.113819	G#3	64	102	1	-5
726	141.255364	142.634039	B3	64	93	1	-2
727	141.475952	142.474113	G#4	64	127	0	4
728	141.696540	141.867496	E3	64	79	1	-4
729	141.917128	142.389554	D#4	64	102	0	4
730	142.137716	142.510877	E4	64	74	0	5
731	142.358304	143.549479	E2	64	81	1	-1
732	142.578892	143.584406	B2	64	88	1	-4
733	142.799480	143.286612	E3	64	100	1	-4
734	143.020068	143.145068	F#3	64	99	1	-2
735	143.020068	143.549479	B3	64	90	1	-2
736	143.240656	143.499847	F#4	64	107	0	2
737	143.240656	144.078890	G#4	64	127	0	4
738	143.461244	143.540288	E3	64	89	1	-4
739	143.681832	143.952052	D#4	64	112	0	4
740	143.681832	144.123008	B3	64	93	1	-2
741	143.902420	144.123008	D#4	64	127	0	4
742	144.123008	144.542125	C#4	64	122	0	2
743	144.123008	145.757197	D#2	64	76	1	-2
744	144.343596	145.942859	A#2	64	83	1	-5
745	144.564184	144.672640	D#4	64	102	0	4
746	144.564184	145.093595	D#3	64	97	1	-5
747	144.784772	146.066021	D#4	64	127	0	4
748	144.784772	145.409771	G#3	64	93	1	-5
749	145.005360	145.498007	A#3	64	122	1	-3
750	145.225948	145.981462	D#3	64	99	1	-5
751	145.446536	145.512712	G#3	64	27	1	-5
752	145.446536	146.088079	D#4	64	107	0	4
753	145.667124	146.373006	G#3	64	89	1	-5
754	145.887712	147.523740	D#2	64	81	1	-2
755	146.108300	147.588078	A#2	64	52	1	-5
756	146.328888	146.854623	D#3	64	83	1	-5
757	146.549476	146.878520	G#3	64	89	1	-5
758	146.770064	147.393225	D#4	64	117	0	4
759	146.990652	147.580725	D#3	64	92	1	-5
760	147.211240	147.538446	A#3	64	93	1	-3
761	147.431828	147.543960	G#3	64	92	1	-5
762	147.652416	148.385871	G#4	64	127	0	4
763	147.652416	148.668959	G3	64	112	1	-1
764	147.652416	149.314179	D#2	64	95	1	-2
765	147.873004	149.444694	A#2	64	89	1	-5
766	148.093592	148.628518	D#3	64	90	1	-5
767	148.314180	148.494327	A#3	64	54	1	-3
768	148.534768	149.029253	A#3	64	93	1	-3
769	148.534768	149.042120	D#4	64	127	0	4
770	148.685503	149.435502	A#4	64	127	0	1
771	148.755356	149.411605	D#3	64	97	1	-5
772	148.975944	149.906090	G3	64	82	1	-1
773	149.196532	149.933664	A#3	64	69	1	-3
774	149.417120	150.299472	G4	64	127	0	3
775	149.417120	151.082559	D#2	64	82	1	-2
776	149.637708	151.181824	A#2	64	93	1	-5
777	149.858296	150.382193	D#3	64	95	1	-5
778	150.078884	150.545795	G3	64	86	1	-1
779	150.299472	151.156089	F4	64	122	0	1
780	150.299472	151.113809	D#4	64	127	0	4
781	150.520060	151.165280	D#3	64	99	1	-5
782	150.740648	151.181824	A#3	64	117	1	-3
783	150.961236	151.181824	G3	64	97	1	-1
784	151.181824	151.860132	F4	64	112	0	1
785	151.181824	152.567852	C#2	64	72	1	-4
786	151.402412	152.624837	G#2	64	90	1	-2
787	151.623000	152.152411	C#3	64	89	1	-2
788	151.843588	152.170794	F3	64	83	1	-3
789	152.064176	152.654249	C5	64	112	0	3
790	152.064176	152.968587	C#4	64	92	0	2
791	152.284764	152.626675	C#3	64	89	1	-2
792	152.505352	152.806822	F3	64	85	1	-3
793	152.725940	152.928146	G#3	64	45	1	-5
794	152.946528	153.532924	A#4	64	122	0	1
795	152.946528	154.273733	D#2	64	99	1	-2
796	153.167116	153.924468	D#3	64	89	1	-5
797	153.387704	153.955718	G3	64	85	1	-1
798	153.608292	153.849101	A#3	64	85	1	-3
799	153.828880	154.613806	D#4	64	112	0	4
800	154.049468	154.442850	G4	64	127	0	3
801	154.049468	154.452041	D#3	64	90	1	-5
802	154.270056	154.586232	A#3	64	90	1	-3
803	154.490644	154.692850	F4	64	100	0	1
804	154.490644	154.619320	G3	64	86	1	-1
805	154.711232	154.915276	F4	64	117	0	1
806	154.711232	155.483290	G#2	64	85	1	-2
807	154.931820	155.163437	D#4	64	122	0	4
808	154.931820	155.244320	G#3	64	90	1	-5
809	155.152408	155.534761	C4	64	107	0	1
810	155.372996	155.628510	D#4	64	117	0	4
811	155.372996	155.639540	G#4	64	100	0	4
812	155.593584	155.941010	C4	64	99	0	1
813	155.593584	156.216745	G2	64	82	1	-3
814	155.814172	156.308657	G3	64	66	1	-1
815	156.034760	156.481451	A#3	64	96	1	-3
816	156.034760	156.448363	C4	64	107	0	1
817	156.255348	156.510862	D#4	64	83	0	4
818	156.475936	156.861965	C4	64	99	0	1
819	156.475936	157.216744	F2	64	99	1	-5
820	156.696524	157.102774	F3	64	76	1	-3
821	156.917112	157.194685	G#3	64	85	1	-5
822	157.137700	157.284759	F4	64	92	0	1
823	157.358288	157.577038	C4	64	122	0	1
824	157.358288	158.176302	D#2	64	82	1	-2
825	157.578876	157.777405	D#4	64	102	0	4
826	157.578876	157.891376	D#3	64	63	1	-5
827	157.799464	158.168949	A#3	64	79	1	-3
828	158.020052	158.139537	F4	64	96	0	1
829	158.020052	158.165272	D#3	64	97	1	-5
830	158.240640	158.742478	G#3	64	99	1	-5
831	158.240640	159.512698	C#2	64	65	1	-4
832	158.461228	159.527403	G#2	64	69	1	-2
833	158.681816	159.189168	C#3	64	75	1	-2
834	158.902404	159.275565	C#4	64	76	0	2
835	159.122992	159.328874	C4	64	97	0	1
836	159.122992	159.933653	G#4	64	102	0	4
837	159.343580	159.551300	D#4	64	127	0	4
838	159.343580	159.635859	C#3	64	69	1	-2
839	159.564168	159.952035	F4	64	102	0	1
840	159.784756	159.922624	F4	64	102	0	1
841	159.784756	159.996153	C#4	64	88	0	2
842	160.005344	160.396888	D#4	64	122	0	4
843	160.005344	161.281078	D#2	64	74	1	-2
844	160.225932	160.926299	D#3	64	85	1	-5
845	160.446520	160.841740	G3	64	63	1	-1
846	160.667108	160.793946	D#4	64	107	0	4
847	160.667108	160.874828	A#3	64	86	1	-3
848	160.887696	161.108284	C5	64	100	0	3
849	160.887696	161.694680	D#4	64	100	0	4
850	161.108284	161.354607	A#4	64	122	0	1
851	161.108284	161.595416	D#3	64	79	1	-5
852	161.328872	161.635857	A#3	64	96	1	-3
853	161.549460	161.850930	G#4	64	127	0	4
854	161.549460	161.679975	G3	64	85	1	-1
855	161.770048	163.461223	G#2	64	77	1	-2
856	161.990636	162.652400	C5	64	122	0	3
857	161.990636	162.738797	G#3	64	89	1	-5
858	162.211224	162.497988	C4	64	81	0	1
859	162.431812	162.564165	D#4	64	102	0	4
860	162.652400	163.021885	D#4	64	76	0	4
861	162.872988	163.058650	A#4	64	100	0	1
862	162.872988	163.534752	G#3	64	83	1	-5
863	163.093576	163.275561	C5	64	93	0	3
864	163.093576	163.534752	C4	64	86	0	1
865	163.314164	163.450193	A#4	64	117	0	1
866	163.314164	163.452032	F#4	64	53	0	2
867	163.534752	163.896884	D#5	64	122	0	1
868	163.534752	164.795780	F#2	64	79	1	-4
869	163.755340	164.034751	G#3	64	71	1	-5
870	163.975928	164.288428	C#5	64	127	0	4
871	163.975928	164.683648	C4	64	63	0	1
872	164.196516	164.481442	G#3	64	82	1	-5
873	164.417104	164.746148	C5	64	107	0	3
874	164.417104	164.893206	F#4	64	64	0	2
875	164.637692	165.168941	G#3	64	88	1	-5
876	164.858280	165.233280	G#4	64	117	0	4
877	164.858280	165.235118	C4	64	96	0	1
878	165.078868	165.304971	F#4	64	72	0	2
879	165.299456	165.907911	G#4	64	127	0	4
880	165.299456	166.685484	C#2	64	72	1	-4
881	165.520044	166.742469	G#2	64	90	1	-2
882	165.740632	166.270043	C#3	64	89	1	-2
883	165.961220	166.288426	F3	64	83	1	-3
884	166.181808	166.560484	G#4	64	127	0	4
885	166.181808	167.086219	C#4	64	92	0	2
886	166.402396	166.744307	C#3	64	89	1	-2
887	166.622984	166.773719	F4	64	93	0	1
888	166.622984	166.924454	F3	64	85	1	-3
889	166.843572	167.591733	G4	64	122	0	3
890	166.843572	167.045778	G#3	64	45	1	-5
891	167.064160	168.391365	D#2	64	99	1	-2
892	167.284748	168.042100	D#3	64	89	1	-5
893	167.505336	168.073350	G3	64	85	1	-1
894	167.725924	167.966733	A#3	64	85	1	-3
895	167.946512	168.731438	D#4	64	112	0	4
896	168.167100	168.437320	C5	64	99	0	3
897	168.167100	168.569673	D#3	64	90	1	-5
898	168.387688	168.703864	A#3	64	90	1	-3
899	168.608276	168.714894	G4	64	78	0	3
900	168.608276	168.736952	G3	64	86	1	-1
901	168.828864	168.970408	G4	64	100	0	3
902	168.828864	169.600922	G#2	64	85	1	-2
903	169.049452	169.361952	G#3	64	90	1	-5
904	169.270040	169.395040	D#4	64	83	0	4
905	169.270040	169.652393	C4	64	107	0	1
906	169.490628	169.797613	D#4	64	96	0	4
907	169.490628	169.757172	G#4	64	100	0	4
908	169.711216	170.058642	C4	64	107	0	1
909	169.711216	170.334377	G2	64	82	1	-3
910	169.931804	170.426289	G3	64	66	1	-1
911	170.152392	170.435480	F4	64	102	0	1
912	170.152392	170.565995	C4	64	107	0	1
913	170.372980	170.593568	D#4	64	83	0	4
914	170.593568	171.001656	F4	64	127	0	1
915	170.593568	171.964890	F2	64	92	1	-5
916	170.814156	171.521876	F3	64	79	1	-3
917	171.034744	171.372979	G#3	64	74	1	-5
918	171.255332	171.393200	C4	64	40	0	1
919	171.475920	171.692832	C4	64	112	0	1
920	171.475920	172.220405	F4	64	100	0	1
921	171.696508	171.937317	D#4	64	122	0	4
922	171.696508	171.902390	F3	64	68	1	-3
923	171.917096	172.238787	G#3	64	93	1	-5
924	172.137684	172.314154	F4	64	112	0	1
925	172.137684	172.352757	C4	64	88	0	1
926	172.358272	172.944668	G#3	64	107	1	-5
927	172.358272	173.521874	C#2	64	68	1	-4
928	172.578860	173.597241	G#2	64	66	1	-2
929	173.020036	173.200183	F3	64	77	1	-3
930	173.240624	173.446506	C4	64	112	0	1
931	173.240624	173.301286	C#3	64	71	1	-2
932	173.240624	173.747976	G#3	64	100	1	-5
933	173.461212	173.724079	D#4	64	107	0	4
934	173.681800	173.985109	F3	64	72	1	-3
935	173.902388	174.040256	F4	64	102	0	1
936	173.902388	174.064153	G#3	64	90	1	-5
937	174.122976	174.667093	G#3	64	97	1	-5
938	174.122976	174.850916	D#3	64	78	1	-5
939	174.122976	175.501651	D#2	64	82	1	-2
940	174.564152	175.084372	G3	64	38	1	-1
941	174.784740	174.928122	G#3	64	79	1	-5
942	174.784740	175.034740	A#3	64	65	1	-3
943	175.005328	175.211210	F4	64	83	0	1
944	175.005328	175.827018	D#4	64	117	0	4
945	175.225916	175.470401	D#4	64	90	0	4
946	175.225916	175.803121	D#3	64	65	1	-5
947	175.446504	175.777386	A#3	64	68	1	-3
948	175.667092	175.975915	A#3	64	93	1	-3
949	175.667092	175.814151	G3	64	77	1	-1
950	175.887680	177.556796	G#2	64	99	1	-2
951	176.108268	178.040251	G#3	64	88	1	-5
952	176.108268	176.828856	G#3	64	69	1	-5
953	176.328856	176.850914	C4	64	66	0	1
954	176.549444	176.781061	D#4	64	56	0	4
955	176.770032	177.411575	G#4	64	95	0	4
956	176.990620	177.670766	G#3	64	78	1	-5
957	177.211208	177.804957	C4	64	70	0	1
958	177.431796	177.764516	D#4	64	53	0	4
959	177.652384	177.757163	G#4	64	33	0	4
960	177.652384	179.422603	G#2	64	82	1	-2
961	177.872972	178.626648	G#3	64	72	1	-5
962	178.093560	178.630324	C4	64	61	0	1
963	178.314148	178.536574	D#4	64	37	0	4
964	178.534736	179.422603	G#4	64	79	0	4
965	179.417088	180.018190	F4	64	112	0	1
966	179.417088	180.694660	C#2	64	66	1	-4
967	179.858264	180.738778	G#2	64	51	1	-2
968	180.299440	180.907895	C5	64	127	0	3
969	180.299440	180.948336	C#3	64	58	1	-2
970	180.299440	181.135836	G#4	64	42	0	4
971	180.299440	181.161571	F4	64	70	0	1
972	180.740616	181.225910	C#4	64	53	0	2
973	181.181792	181.803115	A#4	64	122	0	1
974	181.181792	182.200173	D#2	64	70	1	-2
975	181.622968	182.301276	D#3	64	38	1	-5
976	182.064144	182.564144	G4	64	73	0	3
977	182.064144	182.610099	A#4	64	72	0	1
978	182.284732	182.593555	G4	64	100	0	3
979	182.505320	182.687305	D#4	64	54	0	4
980	182.725908	182.839879	F4	64	79	0	1
981	182.946496	183.235099	F4	64	95	0	1
982	182.946496	183.727745	G#2	64	63	1	-2
983	183.167084	183.347231	D#4	64	85	0	4
984	183.387672	183.781054	C4	64	41	0	1
985	183.387672	183.849069	G#3	64	58	1	-5
986	183.387672	183.863774	D#4	64	57	0	4
987	183.608260	183.819657	D#4	64	96	0	4
988	183.828848	184.187304	C4	64	97	0	1
989	183.828848	184.448333	G2	64	63	1	-3
990	184.270024	184.668921	F4	64	99	0	1
991	184.270024	184.731421	G3	64	69	1	-1
992	184.711200	185.286567	F4	64	96	0	1
993	184.711200	186.145022	F2	64	78	1	-5
994	185.152376	186.099066	C3	64	73	1	-3
995	185.593552	185.832522	C4	64	112	0	1
996	185.593552	186.032890	F3	64	81	1	-3
997	185.874802	186.110096	D#4	64	112	0	4
998	186.034728	186.475904	C4	64	72	0	1
999	186.200169	186.444654	F4	64	92	0	1
1000	186.475904	186.860095	G#3	64	93	1	-5
1001	186.475904	187.799432	C#2	64	82	1	-4
1002	186.917080	187.913403	C#3	64	58	1	-2
1003	187.358256	188.174432	C#4	64	92	0	2
1004	187.385830	187.624800	C4	64	102	0	1
1005	187.736932	187.946491	D#4	64	117	0	4
1006	187.799432	188.257152	G#3	64	52	1	-5
1007	188.031049	188.207520	F4	64	99	0	1
1008	188.240608	192.656045	D#2	64	88	1	-2
1009	188.681784	192.604574	D#3	64	62	1	-5
1010	188.889504	188.955681	G#3	64	90	1	-5
1011	189.122960	192.569648	A#3	64	66	1	-3
1012	189.122960	192.600898	G3	64	39	1	-1
1013	189.122960	192.604574	D#4	64	63	0	4
1014	189.141342	189.339872	F4	64	93	0	1
1015	189.472224	189.718548	D#4	64	107	0	4
1016	189.983253	190.887664	C4	64	95	0	1
1017	190.887664	192.255310	A#3	64	107	1	-3
1018	192.597221	195.885820	G#3	64	107	1	-5
1019	192.718544	193.150529	F#3	64	72	1	-2
1020	192.722221	193.178103	F#2	64	63	1	-4
1021	192.725897	193.145015	C#4	64	68	0	2
1022	193.260823	193.678102	F#2	64	56	1	-4
1023	193.281044	193.659720	F#3	64	81	1	-2
1024	193.282882	193.652367	C#4	64	59	0	2
1025	193.792073	194.334352	F#2	64	66	1	-4
1026	193.804940	194.082514	F#3	64	81	1	-2
1027	193.814132	194.084352	C#4	64	39	0	2
1028	194.190969	194.317807	F#3	64	96	1	-2
1029	194.383984	194.832513	F3	64	79	1	-3
1030	194.389499	196.058614	F2	64	51	1	-5
1031	194.959351	195.356409	F3	64	69	1	-3
1032	194.961189	195.341703	C#4	64	72	0	2
1033	195.477733	195.740600	F3	64	70	1	-3
1034	195.481409	195.725894	C#4	64	79	0	2
1035	195.856409	195.935453	F3	64	42	1	-3
1036	195.858247	196.021850	C#4	64	93	0	2
1037	196.145011	196.521849	D#4	64	100	0	4
1038	196.523687	196.729570	C#4	64	75	0	2
1039	196.694643	197.148687	D#4	64	99	0	4
1040	196.773687	197.111922	E2	64	64	1	-1
1041	196.779202	196.812290	E3	64	79	1	-4
1042	196.784717	197.328834	C#4	64	76	0	2
1043	197.137657	197.611922	C#4	64	97	0	2
1044	197.494275	198.266333	D#3	64	79	1	-5
1045	197.503466	198.043906	D#2	64	61	1	-2
1046	197.648686	198.304936	G#3	64	95	1	-5
1047	198.284715	198.865597	A#3	64	96	1	-3
1048	198.426259	203.619268	G#1	64	112	1	-4
1049	198.823317	202.599049	C4	64	82	0	1
1050	198.970376	203.562283	G#2	64	59	1	-2
1051	199.251626	199.670743	G#3	64	56	1	-5
1052	199.463023	199.698316	C4	64	76	0	1
1053	199.659714	199.740596	D#4	64	72	0	4
1054	199.871110	200.247948	G#4	64	92	0	4
1055	200.065963	200.281036	C5	64	76	0	3
1056	200.242433	200.330669	D#5	64	82	0	1
1057	200.451992	200.904197	G#5	64	88	0	1
1058	200.646845	200.928095	C6	64	71	0	5
1059	200.836183	200.985080	D#6	64	71	0	3
1060	201.152359	201.690961	G#6	64	102	0	3
1061	201.656035	202.205667	C7	64	58	0	2
1062	202.143167	203.586180	D#7	64	63	0	5
