//Version: PianoFingering_v170101
0	0.960628	1.141142	A4	64	112	0	5
1	0.960628	1.618281	A2	64	59	1	-1
2	1.396040	1.523035	A4	64	100	0	5
3	1.396040	1.495822	C5	64	72	0	3
4	1.396040	1.499450	A4	64	83	0	5
5	1.396040	1.505800	E4	64	82	0	5
6	1.613746	1.722599	G4	64	77	0	3
7	1.613746	1.758883	E4	64	62	0	5
8	1.613746	1.758883	A4	64	72	0	5
9	1.613746	1.758883	C5	64	72	0	3
10	1.831452	2.006524	A4	64	102	0	5
11	1.831452	2.628800	A3	64	63	1	-4
12	2.266864	2.384788	A4	64	97	0	5
13	2.266864	2.361203	A4	64	78	0	5
14	2.266864	2.368460	E4	64	69	0	5
15	2.266864	2.371181	C5	64	76	0	3
16	2.484570	2.584352	G4	64	89	0	3
17	2.702276	2.785730	A4	64	99	0	5
18	2.702276	3.456083	A2	64	67	1	-1
19	2.919982	2.996179	C5	64	96	0	3
20	3.137688	3.214792	A4	64	99	0	5
21	3.137688	3.242912	A4	64	72	0	5
22	3.137688	3.251983	E4	64	66	0	5
23	3.137688	3.261054	C5	64	69	0	3
24	3.355394	3.469689	G4	64	93	0	3
25	3.355394	3.476039	A4	64	79	0	5
26	3.355394	3.477853	C5	64	76	0	3
27	3.355394	3.480575	E4	64	74	0	5
28	3.573100	3.778106	A4	64	122	0	5
29	3.573100	4.051146	A3	64	66	1	-4
30	4.008512	4.133693	A4	64	90	0	5
31	4.008512	4.149114	C5	64	83	0	3
32	4.008512	4.164534	E4	64	82	0	5
33	4.443924	4.585433	D4	64	92	0	3
34	4.443924	5.144211	D2	64	57	1	-3
35	4.879336	4.999981	D4	64	93	0	3
36	4.879336	4.970954	F4	64	73	0	1
37	4.879336	4.990910	A4	64	68	0	5
38	4.879336	4.992724	D4	64	72	0	3
39	5.097042	5.208616	E4	64	96	0	5
40	5.097042	5.211337	D4	64	64	0	3
41	5.097042	5.222223	A4	64	62	0	5
42	5.097042	5.228572	F4	64	72	0	1
43	5.314748	5.463513	G4	64	107	0	3
44	5.314748	6.064019	E2	64	58	1	-1
45	5.750160	5.848127	G4	64	90	0	3
46	5.750160	5.859920	E4	64	75	0	5
47	5.750160	5.866270	G4	64	79	0	3
48	5.750160	5.867177	B4	64	79	0	2
49	5.967866	6.101211	E4	64	97	0	5
50	5.967866	6.080347	E4	64	63	0	5
51	5.967866	6.083976	G4	64	70	0	3
52	5.967866	6.086697	B4	64	67	0	2
53	6.185572	6.294425	D4	64	89	0	3
54	6.185572	6.592863	D2	64	82	1	-3
55	6.403278	6.534808	E4	64	82	0	5
56	6.620984	6.751607	D4	64	96	0	3
57	6.620984	6.763400	F4	64	77	0	1
58	6.620984	6.772471	D4	64	81	0	3
59	6.620984	6.798777	A4	64	75	0	5
60	6.838690	6.933936	C4	64	89	0	1
61	7.056396	7.314922	A3	64	100	1	-4
62	7.056396	7.750334	A2	64	76	1	-1
63	7.056396	7.784804	C5	64	95	0	3
64	7.056396	7.785711	A4	64	93	0	5
65	7.056396	7.789339	E4	64	77	0	5
66	7.927220	8.444271	C2	64	83	1	-5
67	8.362632	8.479649	C4	64	81	0	1
68	8.362632	8.484184	G3	64	78	1	-1
69	8.362632	8.487813	E4	64	77	0	5
70	8.580338	8.648371	C2	64	58	1	-5
71	8.580338	8.668327	C3	64	79	1	-3
72	8.798044	9.143652	C2	64	60	1	-5
73	8.798044	9.432112	C3	64	79	1	-3
74	9.233456	9.520102	C4	64	89	0	1
75	9.233456	9.606277	E4	64	85	0	5
76	9.451162	9.561829	G3	64	78	1	-1
77	9.668868	10.231275	A2	64	76	1	-1
78	10.104280	10.323800	C5	64	117	0	3
79	10.104280	10.224018	C4	64	81	0	1
80	10.104280	10.228554	A3	64	81	1	-4
81	10.104280	10.343756	E4	64	76	0	5
82	10.321986	10.614075	B4	64	70	0	2
83	10.321986	10.432653	A2	64	68	1	-1
84	10.539692	10.767376	C5	64	102	0	3
85	10.539692	11.275357	A2	64	81	1	-1
86	10.975104	11.371510	C4	64	99	0	1
87	10.975104	11.396002	E4	64	92	0	5
88	11.410516	11.946617	C3	64	81	1	-3
89	11.845928	11.973830	G3	64	82	1	-1
90	11.845928	11.993786	C4	64	89	0	1
91	11.845928	12.003765	E4	64	82	0	5
92	12.063634	12.164323	C3	64	73	1	-3
93	12.281340	12.932644	C3	64	66	1	-3
94	12.716752	13.065081	C4	64	97	0	1
95	12.716752	13.097737	E4	64	92	0	5
96	12.934458	13.091387	G3	64	75	1	-1
97	13.152164	13.684636	A2	64	70	1	-1
98	13.587576	13.833402	A4	64	112	0	5
99	13.587576	13.767183	A3	64	75	1	-4
100	13.587576	13.842473	C4	64	79	0	1
101	13.587576	14.018452	E4	64	76	0	5
102	13.805282	14.071972	G4	64	86	0	3
103	13.805282	13.911413	A2	64	78	1	-1
104	14.022988	14.540947	A4	64	93	0	5
105	14.022988	14.521897	A2	64	78	1	-1
106	14.458400	14.857527	E4	64	88	0	5
107	14.458400	14.929189	C4	64	97	0	1
108	14.676106	14.942796	A3	64	78	1	-4
109	14.893812	15.401792	D2	64	78	1	-3
110	15.329224	15.849904	A3	64	88	1	-4
111	15.329224	15.867139	D4	64	95	0	3
112	15.329224	15.889817	F4	64	88	0	1
113	15.546930	15.643083	A2	64	72	1	-1
114	15.764636	16.589197	A2	64	95	1	-1
115	15.982342	16.269895	A3	64	95	1	-4
116	16.200048	16.534771	F4	64	95	0	1
117	16.200048	16.552913	D4	64	92	0	3
118	16.417754	16.639995	A3	64	82	1	-4
119	16.635460	17.173375	E2	64	77	1	-1
120	17.070872	17.248665	E3	64	71	1	-4
121	17.070872	17.253201	G3	64	79	1	-1
122	17.070872	17.287671	B3	64	77	1	-2
123	17.288578	17.383824	E2	64	74	1	-1
124	17.506284	17.963466	E2	64	72	1	-1
125	17.723990	18.381643	G4	64	70	0	3
126	17.723990	18.399785	E4	64	73	0	5
127	17.941696	18.432441	B3	64	88	1	-2
128	18.377108	18.916837	A2	64	77	1	-1
129	18.812520	19.247932	A3	64	71	1	-4
130	18.812520	19.247932	C4	64	78	0	1
131	18.812520	19.247932	E4	64	81	0	5
132	19.030226	19.132729	A2	64	67	1	-1
133	19.247932	19.843902	A2	64	93	1	-1
134	19.683344	19.812153	C5	64	107	0	3
135	19.683344	19.852973	A4	64	86	0	5
136	19.683344	19.865673	E4	64	78	0	5
137	19.683344	19.875651	C5	64	81	0	3
138	20.554168	20.644879	C5	64	112	0	3
139	20.554168	20.633086	A4	64	96	0	5
140	20.554168	20.643064	E4	64	92	0	5
141	20.554168	20.647600	C5	64	93	0	3
142	20.554168	20.651228	A2	64	96	1	-1
143	20.771874	20.865306	C5	64	97	0	3
144	20.771874	20.847164	A4	64	89	0	5
145	20.771874	20.858049	E4	64	73	0	5
146	20.771874	20.858049	C5	64	78	0	3
147	20.771874	20.867120	A2	64	86	1	-1
148	20.989580	21.173723	C5	64	127	0	3
149	20.989580	21.104782	A4	64	89	0	5
150	20.989580	21.117482	E4	64	82	0	5
151	20.989580	21.120203	A2	64	89	1	-1
152	20.989580	21.131996	C5	64	81	0	3
153	21.424992	21.600064	C5	64	122	0	3
154	21.424992	21.571943	A4	64	99	0	5
155	21.424992	21.581014	A2	64	102	1	-1
156	21.424992	21.596435	C5	64	96	0	3
157	21.424992	21.602785	E4	64	93	0	5
158	21.860404	22.730321	A4	64	112	0	5
159	21.860404	22.330286	A2	64	92	1	-1
160	22.295816	22.384712	E4	64	68	0	5
161	22.295816	22.400133	C4	64	86	0	1
162	22.295816	22.407390	A3	64	76	1	-4
163	22.513522	22.614211	A2	64	85	1	-1
164	22.731228	23.211088	A2	64	76	1	-1
165	23.166640	23.495013	E4	64	107	0	5
166	23.166640	23.319941	C4	64	82	0	1
167	23.166640	23.319941	E4	64	68	0	5
168	23.166640	23.332641	A3	64	75	1	-4
169	23.602052	24.057420	C5	64	127	0	3
170	23.602052	24.064677	A2	64	81	1	-1
171	24.037464	24.213443	A4	64	127	0	5
172	24.037464	24.120918	E4	64	59	0	5
173	24.037464	24.130896	C4	64	76	0	1
174	24.037464	24.136339	A3	64	66	1	-4
175	24.255170	24.454734	C5	64	88	0	3
176	24.255170	24.343159	A2	64	71	1	-1
177	24.472876	24.891053	A4	64	127	0	5
178	24.472876	25.048890	A2	64	83	1	-1
179	24.908288	25.016234	E4	64	77	0	5
180	24.908288	25.018048	C4	64	88	0	1
181	24.908288	25.029840	A3	64	77	1	-4
182	25.343700	25.629439	G4	64	102	0	3
183	25.343700	25.865287	C3	64	76	1	-3
184	25.779112	26.050337	G4	64	96	0	3
185	25.779112	25.959626	E4	64	81	0	5
186	25.779112	25.980490	G4	64	73	0	3
187	25.779112	25.981397	C4	64	74	0	1
188	25.996818	26.224502	E4	64	78	0	5
189	26.214524	26.531105	D4	64	96	0	3
190	26.214524	26.848592	D3	64	90	1	-1
191	26.432230	26.585531	C4	64	102	0	1
192	26.649936	26.845871	D4	64	96	0	3
193	26.649936	26.833172	F4	64	81	0	1
194	26.649936	26.842243	A4	64	73	0	5
195	26.649936	26.855849	D4	64	81	0	3
196	26.867642	27.073555	E4	64	96	0	5
197	27.085348	28.011505	A3	64	100	1	-4
198	27.085348	27.693110	A2	64	77	1	-1
199	27.520760	27.632334	A4	64	68	0	5
200	27.520760	27.645941	C5	64	68	0	3
201	27.520760	27.647755	E4	64	65	0	5
202	27.738466	27.830991	A4	64	79	0	5
203	27.738466	27.840062	E4	64	68	0	5
204	27.738466	27.852761	C5	64	72	0	3
205	27.738466	28.647388	E3	64	14	1	-4
206	27.956172	28.337157	A3	64	86	1	-4
207	28.391584	28.544885	A4	64	96	0	5
208	28.391584	28.573005	C5	64	89	0	3
209	28.391584	28.594776	E4	64	89	0	5
210	28.826996	29.281457	C4	64	112	0	1
211	28.826996	29.471950	C3	64	89	1	-3
212	29.262408	29.364004	E4	64	79	0	5
213	29.262408	29.377610	C4	64	79	0	1
214	29.262408	29.383053	G4	64	77	0	3
215	29.480114	29.623437	C4	64	100	0	1
216	29.480114	29.577174	E4	64	82	0	5
217	29.480114	29.591688	C4	64	73	0	1
218	29.480114	29.595316	G4	64	76	0	3
219	29.697820	30.105111	A3	64	89	1	-4
220	29.697820	30.262041	G3	64	72	1	-1
221	30.133232	30.484283	C4	64	97	0	1
222	30.133232	30.274741	E4	64	86	0	5
223	30.133232	30.291069	C4	64	75	0	1
224	30.133232	30.297418	G4	64	89	0	3
225	30.568644	30.826262	D4	64	96	0	3
226	30.568644	31.229926	G2	64	73	1	-3
227	31.004056	31.233554	E4	64	112	0	5
228	31.004056	31.110187	D4	64	73	0	3
229	31.004056	31.111095	B4	64	77	0	2
230	31.004056	31.112909	G4	64	85	0	3
231	31.221762	31.446725	G4	64	89	0	3
232	31.221762	31.336057	G4	64	92	0	3
233	31.221762	31.346036	B4	64	89	0	2
234	31.221762	31.349664	D4	64	78	0	3
235	31.439468	31.669873	E4	64	100	0	5
236	31.439468	31.841317	G3	64	85	1	-1
237	31.657174	31.861273	D4	64	92	0	3
238	31.874880	32.106192	C4	64	99	0	1
239	31.874880	31.985547	B4	64	93	0	2
240	31.874880	32.006410	G4	64	99	0	3
241	31.874880	32.040881	D4	64	89	0	3
242	32.092586	32.292150	D4	64	95	0	3
243	32.310292	34.124508	E4	64	100	0	5
244	32.310292	32.996066	C2	64	85	1	-5
245	32.745704	32.852743	G3	64	79	1	-1
246	32.745704	32.856371	C4	64	90	0	1
247	32.745704	32.859092	E4	64	82	0	5
248	32.963410	33.088591	C4	64	85	0	1
249	32.963410	33.101290	G3	64	75	1	-1
250	32.963410	33.101290	E4	64	75	0	5
251	33.181116	33.876868	C3	64	88	1	-3
252	33.616528	33.723567	G3	64	97	1	-1
253	33.616528	33.726288	C4	64	102	0	1
254	33.616528	33.748058	E4	64	93	0	5
255	34.051940	34.830239	C2	64	81	1	-5
256	34.487352	34.588948	G3	64	88	1	-1
257	34.487352	34.588948	C4	64	96	0	1
258	34.487352	34.599833	E4	64	90	0	5
259	34.705058	34.818446	C4	64	95	0	1
260	34.705058	34.832960	G3	64	88	1	-1
261	34.705058	34.837496	E4	64	90	0	5
262	34.922764	35.381761	C3	64	117	1	-3
263	35.358176	35.655707	C4	64	107	0	1
264	35.358176	35.678385	E4	64	100	0	5
265	35.575882	35.684735	G3	64	74	1	-1
266	35.793588	36.786871	A4	64	127	0	5
267	35.793588	36.495690	A2	64	99	1	-1
268	36.229000	36.334224	A4	64	97	0	5
269	36.229000	36.341481	E4	64	86	0	5
270	36.229000	36.345110	C5	64	90	0	3
271	36.446706	36.531067	E3	64	30	1	-4
272	36.446706	36.563723	A4	64	96	0	5
273	36.446706	36.589122	E4	64	89	0	5
274	36.446706	36.593657	C5	64	89	0	3
275	36.664412	37.131573	A3	64	100	1	-4
276	36.664412	37.377399	E3	64	63	1	-4
277	37.099824	37.332043	A4	64	127	0	5
278	37.099824	37.218655	A4	64	97	0	5
279	37.099824	37.225005	E4	64	90	0	5
280	37.099824	37.240426	C5	64	95	0	3
281	37.317530	37.582405	G4	64	85	0	3
282	37.535236	37.928921	A4	64	122	0	5
283	37.535236	38.252758	A2	64	81	1	-1
284	37.970648	38.195611	C5	64	112	0	3
285	37.970648	38.065894	A4	64	93	0	5
286	37.970648	38.074965	E4	64	86	0	5
287	37.970648	38.086758	C5	64	85	0	3
288	38.188354	38.313535	A4	64	89	0	5
289	38.188354	38.318977	C5	64	83	0	3
290	38.188354	38.328956	E4	64	75	0	5
291	38.406060	38.901341	C5	64	127	0	3
292	38.406060	38.960303	A3	64	81	1	-4
293	38.406060	39.144446	E3	64	60	1	-4
294	38.841472	38.952139	A4	64	99	0	5
295	38.841472	38.957582	E4	64	90	0	5
296	38.841472	38.969374	C5	64	93	0	3
297	39.276884	39.470098	A4	64	122	0	5
298	39.276884	40.010734	A2	64	83	1	-1
299	39.494590	39.693246	C5	64	88	0	3
300	39.712296	39.908231	A4	64	99	0	5
301	39.712296	39.807542	A4	64	92	0	5
302	39.712296	39.812985	E4	64	85	0	5
303	39.712296	39.818427	C5	64	85	0	3
304	39.930002	40.144986	C5	64	102	0	3
305	39.930002	40.035226	A4	64	95	0	5
306	39.930002	40.037948	C5	64	86	0	3
307	39.930002	40.045204	E4	64	92	0	5
308	40.147708	40.423469	A4	64	112	0	5
309	40.147708	40.535043	A3	64	81	1	-4
310	40.147708	40.871580	E3	64	54	1	-4
311	40.583120	41.018532	G4	64	93	0	3
312	40.583120	40.690159	A4	64	97	0	5
313	40.583120	40.706486	E4	64	90	0	5
314	40.583120	40.710115	C5	64	92	0	3
315	41.018532	41.559168	E4	64	99	0	5
316	41.018532	41.684349	A2	64	85	1	-1
317	41.453944	41.541933	A4	64	96	0	5
318	41.453944	41.548283	C5	64	93	0	3
319	41.453944	41.554633	E4	64	85	0	5
320	41.671650	41.777781	A4	64	93	0	5
321	41.671650	41.786852	E4	64	78	0	5
322	41.671650	41.789574	C5	64	86	0	3
323	41.671650	42.246756	E3	64	25	1	-4
324	41.889356	42.228614	A3	64	97	1	-4
325	42.324768	42.450856	A4	64	102	0	5
326	42.324768	42.474441	C5	64	97	0	3
327	42.324768	42.513446	E4	64	81	0	5
328	42.760180	43.063154	D4	64	107	0	3
329	42.760180	43.528500	D2	64	73	1	-3
330	43.195592	43.482238	E4	64	117	0	5
331	43.195592	43.289931	F4	64	95	0	1
332	43.195592	43.298095	D4	64	85	0	3
333	43.195592	43.301723	A4	64	92	0	5
334	43.413298	43.482238	A2	64	18	1	-1
335	43.413298	43.511265	F4	64	92	0	1
336	43.413298	43.520337	A4	64	89	0	5
337	43.413298	43.531222	D4	64	85	0	3
338	43.631004	43.942142	C4	64	102	0	1
339	43.631004	44.332198	D3	64	74	1	-1
340	44.066416	44.365761	D4	64	112	0	3
341	44.066416	44.190690	A4	64	90	0	5
342	44.066416	44.196132	F4	64	95	0	1
343	44.066416	44.208832	D4	64	86	0	3
344	44.392975	44.968989	B3	64	99	1	-2
345	44.501828	45.249285	E2	64	62	1	-1
346	44.937240	45.038836	B3	64	79	1	-2
347	44.937240	45.041557	E4	64	93	0	5
348	44.937240	45.043371	G4	64	86	0	3
349	45.154946	45.277405	E4	64	88	0	5
350	45.154946	45.277405	G4	64	85	0	3
351	45.154946	45.293733	B3	64	81	1	-2
352	45.372652	45.769058	G3	64	102	1	-1
353	45.372652	46.139158	E3	64	77	1	-4
354	45.808064	46.028491	A3	64	100	1	-4
355	45.808064	45.902403	E4	64	93	0	5
356	45.808064	45.909660	B3	64	89	1	-2
357	45.808064	45.926895	G4	64	88	0	3
358	46.025770	46.367750	B3	64	99	1	-2
359	46.243476	47.007261	A2	64	76	1	-1
360	46.461182	47.957003	A3	64	127	1	-4
361	46.678888	46.781391	A4	64	89	0	5
362	46.678888	46.786834	E4	64	79	0	5
363	46.678888	46.793183	C5	64	82	0	3
364	46.896594	47.001818	A4	64	95	0	5
365	46.896594	47.018146	E4	64	85	0	5
366	46.896594	47.019960	C5	64	85	0	3
367	47.114300	47.476236	A3	64	96	1	-4
368	47.114300	47.835451	E3	64	42	1	-4
369	47.549712	47.646772	A4	64	99	0	5
370	47.549712	47.655843	E4	64	90	0	5
371	47.549712	47.665822	C5	64	96	0	3
372	47.985124	48.702646	A2	64	85	1	-1
373	48.420536	48.504897	A4	64	93	0	5
374	48.420536	48.512154	E4	64	79	0	5
375	48.420536	48.519411	C5	64	83	0	3
376	48.638242	48.748909	A4	64	95	0	5
377	48.638242	48.771587	C5	64	92	0	3
378	48.638242	48.777029	E4	64	86	0	5
379	48.855948	49.197928	A3	64	96	1	-4
380	48.855948	49.545350	E3	64	66	1	-4
381	49.073654	49.156201	A4	64	92	0	5
382	49.073654	49.167086	E4	64	82	0	5
383	49.073654	49.171621	C5	64	85	0	3
384	49.291360	49.406562	A4	64	102	0	5
385	49.291360	49.428333	E4	64	102	0	5
386	49.291360	49.435590	C5	64	100	0	3
387	49.726772	49.966248	A4	64	117	0	5
388	49.726772	50.481486	A2	64	86	1	-1
389	50.162184	50.341791	A4	64	122	0	5
390	50.162184	50.262873	A4	64	95	0	5
391	50.162184	50.275572	E4	64	89	0	5
392	50.162184	50.275572	C5	64	92	0	3
393	50.379890	50.554962	G4	64	93	0	3
394	50.379890	50.477857	E3	64	27	1	-4
395	50.379890	50.486021	A4	64	92	0	5
396	50.379890	50.504164	C5	64	88	0	3
397	50.379890	50.509606	E4	64	88	0	5
398	50.597596	50.945018	E4	64	100	0	5
399	50.597596	50.882428	A3	64	99	1	-4
400	50.597596	51.380430	E3	64	61	1	-4
401	50.815302	50.905105	A4	64	102	0	5
402	50.815302	50.921433	E4	64	95	0	5
403	50.815302	50.925062	C5	64	97	0	3
404	51.033008	51.335075	G4	64	122	0	3
405	51.250714	51.355031	A4	64	96	0	5
406	51.250714	51.378616	E4	64	90	0	5
407	51.250714	51.389501	C5	64	93	0	3
408	51.468420	52.074368	A4	64	127	0	5
409	51.468420	51.820378	A2	64	88	1	-1
410	51.686126	51.797700	A4	64	90	0	5
411	51.686126	51.805864	E4	64	86	0	5
412	51.686126	51.812214	C5	64	89	0	3
413	52.121538	52.179593	A2	64	43	1	-1
414	52.121538	52.200456	E3	64	50	1	-4
415	52.121538	52.204085	A4	64	92	0	5
416	52.121538	52.213156	A3	64	78	1	-4
417	52.121538	52.219505	E4	64	83	0	5
418	52.121538	52.224948	C5	64	83	0	3
419	52.339244	52.410905	A2	64	56	1	-1
420	52.339244	52.431769	E3	64	73	1	-4
421	52.339244	52.443561	A4	64	93	0	5
422	52.339244	52.444468	A3	64	92	1	-4
423	52.339244	52.455354	E4	64	89	0	5
424	52.339244	52.464425	C5	64	83	0	3
425	52.531551	52.663081	A4	64	92	0	5
426	52.653103	52.771027	C5	64	86	0	3
427	52.774656	52.868995	A2	64	53	1	-1
428	52.774656	52.878973	A3	64	92	1	-4
429	52.774656	52.880787	A4	64	97	0	5
430	52.774656	52.888951	E4	64	93	0	5
431	52.774656	52.890766	E3	64	78	1	-4
432	52.774656	52.904372	C5	64	95	0	3
433	52.792798	53.318921	G4	64	96	0	3
434	53.210068	53.710792	C4	64	99	0	1
435	53.210068	53.801502	A2	64	85	1	-1
436	53.645480	53.745262	A4	64	86	0	5
437	53.645480	53.746169	E4	64	79	0	5
438	53.645480	53.754333	C5	64	76	0	3
439	53.863186	54.053678	E4	64	97	0	5
440	53.863186	53.941197	E3	64	24	1	-4
441	53.863186	53.966596	A4	64	95	0	5
442	53.863186	53.983831	E4	64	85	0	5
443	53.863186	53.985645	C5	64	86	0	3
444	54.080892	54.391123	D4	64	112	0	3
445	54.080892	54.437385	A3	64	79	1	-4
446	54.080892	54.442828	E3	64	42	1	-4
447	54.516304	54.801136	C4	64	96	0	1
448	54.516304	54.654184	A4	64	96	0	5
449	54.516304	54.668698	C5	64	93	0	3
450	54.516304	54.738545	E4	64	90	0	5
451	54.951716	55.501423	D4	64	107	0	3
452	54.951716	55.647468	D2	64	69	1	-3
453	55.387128	55.486910	F4	64	89	0	1
454	55.387128	55.493259	D4	64	88	0	3
455	55.387128	55.500516	A4	64	82	0	5
456	55.604834	55.686473	F4	64	88	0	1
457	55.604834	55.707337	A4	64	81	0	5
458	55.604834	55.708244	D4	64	89	0	3
459	55.822540	56.442095	D3	64	74	1	-1
460	56.257952	56.383133	F4	64	95	0	1
461	56.257952	56.399461	D4	64	93	0	3
462	56.257952	56.406717	A4	64	93	0	5
463	56.693364	57.027180	D4	64	127	0	3
464	56.693364	57.000873	F4	64	96	0	1
465	56.693364	57.010852	D4	64	92	0	3
466	56.693364	57.028087	A4	64	93	0	5
467	56.693364	57.110634	D2	64	89	1	-3
468	57.128776	57.413608	E4	64	127	0	5
469	57.564188	57.872605	G4	64	122	0	3
470	57.564188	57.836320	G4	64	96	0	3
471	57.564188	57.837227	E4	64	96	0	5
472	57.564188	57.858091	B4	64	90	0	2
473	57.564188	57.865348	E2	64	95	1	-1
474	57.999600	58.218213	G4	64	117	0	3
475	58.435012	58.688095	D4	64	117	0	3
476	58.435012	58.739800	D3	64	102	1	-1
477	58.435012	58.741614	D2	64	82	1	-3
478	58.435012	58.755221	D4	64	85	0	3
479	58.435012	58.755221	F4	64	86	0	1
480	58.435012	58.755221	A4	64	86	0	5
481	58.652718	58.815090	C4	64	92	0	1
482	58.870424	59.111715	D4	64	97	0	3
483	58.870424	59.102643	D2	64	72	1	-3
484	58.870424	59.143463	F4	64	93	0	1
485	58.870424	59.148906	D3	64	95	1	-1
486	58.870424	59.162513	D4	64	90	0	3
487	58.870424	59.175212	A4	64	90	0	5
488	59.088130	59.282251	C4	64	93	0	1
489	59.305836	60.175753	A3	64	112	1	-4
490	59.305836	59.714034	A2	64	60	1	-1
491	59.305836	59.719477	A3	64	77	1	-4
492	59.305836	59.738526	E3	64	69	1	-4
493	59.305836	59.762111	A4	64	96	0	5
494	59.305836	59.774811	E4	64	90	0	5
495	59.305836	59.777532	C5	64	90	0	3
496	60.176660	60.285513	G4	64	112	0	3
497	60.176660	60.860619	C3	64	71	1	-3
498	60.394366	60.482355	G4	64	92	0	3
499	60.612072	60.755395	G4	64	96	0	3
500	60.612072	60.726367	C5	64	89	0	3
501	60.612072	60.728182	E5	64	83	0	2
502	60.612072	60.730903	G4	64	82	0	3
503	60.829778	60.992150	E4	64	95	0	5
504	60.829778	60.903254	G3	64	26	1	-1
505	60.829778	60.960401	C5	64	92	0	3
506	60.829778	60.964030	E5	64	77	0	2
507	60.829778	60.975822	G4	64	79	0	3
508	61.047484	61.383114	G4	64	122	0	3
509	61.047484	61.381300	C4	64	75	0	1
510	61.047484	61.447519	G3	64	52	1	-1
511	61.482896	61.815804	A4	64	107	0	5
512	61.482896	61.657968	C5	64	96	0	3
513	61.482896	61.663410	E5	64	93	0	2
514	61.482896	61.701509	G4	64	89	0	3
515	61.700602	61.893816	G4	64	122	0	3
516	61.918308	62.513371	A4	64	117	0	5
517	61.918308	62.606803	A2	64	72	1	-1
518	62.353720	62.460759	A4	64	92	0	5
519	62.353720	62.467108	E4	64	85	0	5
520	62.353720	62.468922	C5	64	86	0	3
521	62.571426	62.625852	E3	64	26	1	-4
522	62.571426	62.696607	A4	64	88	0	5
523	62.571426	62.714749	C5	64	82	0	3
524	62.571426	62.727448	E4	64	75	0	5
525	62.789132	63.267178	E3	64	50	1	-4
526	62.789132	63.311626	A3	64	78	1	-4
527	63.006838	63.278063	A4	64	96	0	5
528	63.006838	63.292577	E4	64	89	0	5
529	63.006838	63.292577	C5	64	93	0	3
530	63.442250	63.632742	E4	64	83	0	5
531	63.442250	63.647256	A4	64	92	0	5
532	63.442250	63.647256	C5	64	83	0	3
533	63.659956	63.742503	G4	64	117	0	3
534	63.659956	64.357522	C3	64	78	1	-3
535	63.877662	63.953859	G4	64	97	0	3
536	64.095368	64.216920	G4	64	107	0	3
537	64.095368	64.208756	G4	64	85	0	3
538	64.095368	64.210570	C5	64	102	0	3
539	64.095368	64.212385	E5	64	96	0	2
540	64.313074	64.440976	A4	64	122	0	5
541	64.313074	64.466375	C5	64	96	0	3
542	64.313074	64.475446	E5	64	86	0	2
543	64.313074	64.483610	G4	64	82	0	3
544	64.530780	64.768442	C5	64	127	0	3
545	64.530780	64.820147	C4	64	81	0	1
546	64.530780	64.863688	G3	64	61	1	-1
547	64.966192	65.173920	A4	64	127	0	5
548	64.966192	65.152149	E5	64	93	0	2
549	64.966192	65.165756	C5	64	96	0	3
550	64.966192	65.197504	G4	64	92	0	3
551	65.183898	65.375298	G4	64	95	0	3
552	65.401604	66.083749	E4	64	112	0	5
553	65.401604	66.124569	A2	64	83	1	-1
554	65.837016	65.935891	A4	64	95	0	5
555	65.837016	65.939519	E4	64	86	0	5
556	65.837016	65.947683	C5	64	88	0	3
557	66.054722	66.297827	A4	64	88	0	5
558	66.054722	66.316876	E4	64	78	0	5
559	66.054722	66.318690	C5	64	76	0	3
560	66.272428	66.598987	E3	64	55	1	-4
561	66.272428	66.821228	A3	64	81	1	-4
562	66.490134	66.781316	A4	64	93	0	5
563	66.490134	66.799458	C5	64	88	0	3
564	66.490134	66.800365	E4	64	90	0	5
565	66.925546	67.093361	A4	64	92	0	5
566	66.925546	67.107875	C5	64	83	0	3
567	66.925546	67.205842	E4	64	90	0	5
568	67.143252	67.555079	D4	64	122	0	3
569	67.143252	67.725615	D3	64	85	1	-1
570	67.578664	68.001376	E4	64	127	0	5
571	67.578664	67.676631	F4	64	95	0	1
572	67.578664	67.689331	D4	64	90	0	3
573	67.578664	67.694774	A4	64	95	0	5
574	67.796370	67.917922	F4	64	93	0	1
575	67.796370	67.933343	A4	64	86	0	5
576	67.796370	67.940600	D4	64	92	0	3
577	68.014076	68.328842	C4	64	107	0	1
578	68.014076	68.440417	D3	64	63	1	-1
579	68.449488	68.808703	D4	64	99	0	3
580	68.449488	68.628188	F4	64	100	0	1
581	68.449488	68.649052	D4	64	93	0	3
582	68.449488	68.651773	A4	64	95	0	5
583	68.884900	69.261350	B3	64	99	1	-2
584	68.884900	69.217808	G4	64	95	0	3
585	68.884900	69.225972	E4	64	97	0	5
586	68.884900	69.231415	B4	64	95	0	2
587	68.884900	69.329383	E2	64	71	1	-1
588	69.755724	69.987943	G3	64	93	1	-1
589	69.755724	70.007900	E2	64	55	1	-1
590	69.755724	70.021506	B2	64	71	1	-4
591	69.755724	70.031485	G4	64	85	0	3
592	69.755724	70.045091	E4	64	90	0	5
593	69.755724	70.056884	B4	64	83	0	2
594	69.755724	70.085911	E3	64	86	1	-4
595	69.973430	70.212906	A3	64	76	1	-4
596	70.191136	70.912287	B3	64	83	1	-2
597	70.626548	71.226146	A2	64	89	1	-1
598	70.844254	73.043084	A3	64	100	1	-4
599	71.061960	71.163556	E4	64	75	0	5
600	71.061960	71.167184	C5	64	76	0	3
601	71.061960	71.168999	A4	64	88	0	5
602	71.279666	71.412104	A4	64	86	0	5
603	71.279666	71.418453	C5	64	74	0	3
604	71.279666	71.428431	E4	64	75	0	5
605	71.497372	71.851144	A3	64	85	1	-4
606	71.497372	72.184960	E3	64	63	1	-4
607	71.932784	72.090621	A4	64	85	0	5
608	71.932784	72.096970	E4	64	78	0	5
609	71.932784	72.098785	C5	64	76	0	3
610	72.368196	73.016778	A2	64	69	1	-1
611	72.803608	72.903390	A4	64	86	0	5
612	72.803608	72.909739	C5	64	75	0	3
613	72.803608	72.911554	E4	64	81	0	5
614	73.021314	73.158287	A4	64	83	0	5
615	73.021314	73.162823	C5	64	78	0	3
616	73.021314	73.174615	E4	64	73	0	5
617	73.239020	73.567393	A3	64	78	1	-4
618	73.239020	73.956542	E3	64	39	1	-4
619	73.674432	73.810498	A4	64	96	0	5
620	73.674432	73.816848	E4	64	89	0	5
621	73.674432	73.830454	C5	64	93	0	3
622	74.109844	74.787454	A2	64	82	1	-1
623	74.545256	74.651387	A4	64	86	0	5
624	74.545256	74.658644	E4	64	76	0	5
625	74.545256	74.666808	C5	64	81	0	3
626	74.762962	74.881793	A4	64	85	0	5
627	74.762962	74.893585	E4	64	76	0	5
628	74.762962	74.894492	C5	64	75	0	3
629	74.980668	75.305413	A3	64	86	1	-4
630	74.980668	75.747174	E3	64	63	1	-4
631	75.416080	75.552146	A4	64	86	0	5
632	75.416080	75.560310	C5	64	78	0	3
633	75.416080	75.567567	E4	64	82	0	5
634	75.851492	76.597135	A2	64	69	1	-1
635	76.286904	76.390314	A4	64	85	0	5
636	76.286904	76.392128	E4	64	74	0	5
637	76.286904	76.393943	C5	64	75	0	3
638	76.504610	76.613463	A4	64	82	0	5
639	76.504610	76.616184	E4	64	72	0	5
640	76.504610	76.617091	C5	64	74	0	3
641	76.722316	77.145028	A3	64	74	1	-4
642	76.722316	77.157728	E3	64	50	1	-4
643	77.157728	77.318286	A4	64	95	0	5
644	77.157728	77.340964	C5	64	93	0	3
645	77.593140	78.158268	D2	64	63	1	-3
646	78.028552	78.119263	F4	64	85	0	1
647	78.028552	78.124705	A4	64	83	0	5
648	78.028552	78.131055	D4	64	82	0	3
649	78.246258	78.342411	F4	64	90	0	1
650	78.246258	78.352389	D4	64	85	0	3
651	78.246258	78.352389	A4	64	85	0	5
652	78.463964	78.883048	D3	64	77	1	-1
653	78.463964	78.950174	A2	64	47	1	-1
654	78.899376	78.995529	F4	64	93	0	1
655	78.899376	79.001879	D4	64	86	0	3
656	78.899376	79.014578	A4	64	89	0	5
657	79.334788	80.111272	D2	64	78	1	-3
658	79.770200	79.865446	F4	64	83	0	1
659	79.770200	79.874517	D4	64	83	0	3
660	79.770200	79.878146	A4	64	79	0	5
661	79.987906	80.093130	F4	64	93	0	1
662	79.987906	80.105830	D4	64	86	0	3
663	79.987906	80.105830	A4	64	85	0	5
664	80.205612	80.732642	D3	64	69	1	-1
665	80.641024	80.846030	F4	64	90	0	1
666	80.641024	80.858730	D4	64	86	0	3
667	80.641024	80.866894	A4	64	88	0	5
668	81.076436	81.593487	C2	64	83	1	-5
669	81.511848	81.628865	C4	64	81	0	1
670	81.511848	81.633400	G3	64	78	1	-1
671	81.511848	81.637029	E4	64	77	0	5
672	81.729554	81.797587	C2	64	58	1	-5
673	81.729554	81.817543	C3	64	79	1	-3
674	81.947260	82.292868	C2	64	60	1	-5
675	81.947260	82.581328	C3	64	79	1	-3
676	82.382672	82.669318	C4	64	89	0	1
677	82.382672	82.755493	E4	64	85	0	5
678	82.600378	82.711045	G3	64	78	1	-1
679	82.818084	83.380491	A2	64	76	1	-1
680	83.253496	83.473016	C5	64	117	0	3
681	83.253496	83.373234	C4	64	81	0	1
682	83.253496	83.377770	A3	64	81	1	-4
683	83.253496	83.492972	E4	64	76	0	5
684	83.471202	83.763291	B4	64	70	0	2
685	83.471202	83.581869	A2	64	68	1	-1
686	83.688908	83.916592	C5	64	102	0	3
687	83.688908	84.424573	A2	64	81	1	-1
688	84.124320	84.520726	C4	64	99	0	1
689	84.124320	84.545218	E4	64	92	0	5
690	84.559732	85.095833	C3	64	81	1	-3
691	84.995144	85.123046	G3	64	82	1	-1
692	84.995144	85.143002	C4	64	89	0	1
693	84.995144	85.152981	E4	64	82	0	5
694	85.212850	85.313539	C3	64	73	1	-3
695	85.430556	86.081860	C3	64	66	1	-3
696	85.865968	86.214297	C4	64	97	0	1
697	85.865968	86.246953	E4	64	92	0	5
698	86.083674	86.240603	G3	64	75	1	-1
699	86.301380	86.833852	A2	64	70	1	-1
700	86.736792	86.982618	A4	64	112	0	5
701	86.736792	86.916399	A3	64	75	1	-4
702	86.736792	86.991689	C4	64	79	0	1
703	86.736792	87.167668	E4	64	76	0	5
704	86.954498	87.221188	G4	64	86	0	3
705	86.954498	87.060629	A2	64	78	1	-1
706	87.172204	87.690163	A4	64	93	0	5
707	87.172204	87.671113	A2	64	78	1	-1
708	87.607616	88.006743	E4	64	88	0	5
709	87.607616	88.078405	C4	64	97	0	1
710	87.825322	88.092012	A3	64	78	1	-4
711	88.043028	88.551008	D2	64	78	1	-3
712	88.478440	88.999120	A3	64	88	1	-4
713	88.478440	89.016355	D4	64	95	0	3
714	88.478440	89.039033	F4	64	88	0	1
715	88.696146	88.792299	A2	64	72	1	-1
716	88.913852	89.738413	A2	64	95	1	-1
717	89.131558	89.419111	A3	64	95	1	-4
718	89.349264	89.683987	F4	64	95	0	1
719	89.349264	89.702129	D4	64	92	0	3
720	89.566970	89.789211	A3	64	82	1	-4
721	89.784676	90.322591	E2	64	77	1	-1
722	90.220088	90.397881	E3	64	71	1	-4
723	90.220088	90.402417	G3	64	79	1	-1
724	90.220088	90.436887	B3	64	77	1	-2
725	90.437794	90.533040	E2	64	74	1	-1
726	90.655500	91.112682	E2	64	72	1	-1
727	90.873206	91.530859	G4	64	70	0	3
728	90.873206	91.549001	E4	64	73	0	5
729	91.090912	91.581657	B3	64	88	1	-2
730	91.526324	92.066053	A2	64	77	1	-1
731	91.961736	92.397148	A3	64	71	1	-4
732	91.961736	92.397148	C4	64	78	0	1
733	91.961736	92.397148	E4	64	81	0	5
734	92.179442	92.281945	A2	64	67	1	-1
735	92.397148	92.993118	A2	64	93	1	-1
736	92.832560	92.961369	C5	64	107	0	3
737	92.832560	93.002189	A4	64	86	0	5
738	92.832560	93.014888	E4	64	78	0	5
739	92.832560	93.024867	C5	64	81	0	3
740	93.703384	93.794095	C5	64	112	0	3
741	93.703384	93.782302	A4	64	96	0	5
742	93.703384	93.792280	E4	64	92	0	5
743	93.703384	93.796816	C5	64	93	0	3
744	93.703384	93.800444	A2	64	96	1	-1
745	93.921090	94.014522	C5	64	97	0	3
746	93.921090	93.996380	A4	64	89	0	5
747	93.921090	94.007265	E4	64	73	0	5
748	93.921090	94.007265	C5	64	78	0	3
749	93.921090	94.016336	A2	64	86	1	-1
750	94.138796	94.322939	C5	64	127	0	3
751	94.138796	94.253998	A4	64	89	0	5
752	94.138796	94.266698	E4	64	82	0	5
753	94.138796	94.269419	A2	64	89	1	-1
754	94.138796	94.281212	C5	64	81	0	3
755	94.574208	94.749280	C5	64	122	0	3
756	94.574208	94.721159	A4	64	99	0	5
757	94.574208	94.730230	A2	64	102	1	-1
758	94.574208	94.745651	C5	64	96	0	3
759	94.574208	94.752001	E4	64	93	0	5
760	95.009620	95.879537	A4	64	112	0	5
761	95.009620	95.479502	A2	64	92	1	-1
762	95.445032	95.533928	E4	64	68	0	5
763	95.445032	95.549349	C4	64	86	0	1
764	95.445032	95.556606	A3	64	76	1	-4
765	95.662738	95.763427	A2	64	85	1	-1
766	95.880444	96.360304	A2	64	76	1	-1
767	96.315856	96.644229	E4	64	107	0	5
768	96.315856	96.469157	C4	64	82	0	1
769	96.315856	96.469157	E4	64	68	0	5
770	96.315856	96.481857	A3	64	75	1	-4
771	96.751268	97.206636	C5	64	127	0	3
772	96.751268	97.213893	A2	64	81	1	-1
773	97.186680	97.362659	A4	64	127	0	5
774	97.186680	97.270134	E4	64	59	0	5
775	97.186680	97.280112	C4	64	76	0	1
776	97.186680	97.285555	A3	64	66	1	-4
777	97.404386	97.603950	C5	64	88	0	3
778	97.404386	97.492375	A2	64	71	1	-1
779	97.622092	98.040269	A4	64	127	0	5
780	97.622092	98.198106	A2	64	83	1	-1
781	98.057504	98.165450	E4	64	77	0	5
782	98.057504	98.167264	C4	64	88	0	1
783	98.057504	98.179056	A3	64	77	1	-4
784	98.492916	98.778655	G4	64	102	0	3
785	98.492916	99.014503	C3	64	76	1	-3
786	98.928328	99.199553	G4	64	96	0	3
787	98.928328	99.108842	E4	64	81	0	5
788	98.928328	99.129706	G4	64	73	0	3
789	98.928328	99.130613	C4	64	74	0	1
790	99.146034	99.373718	E4	64	78	0	5
791	99.363740	99.680321	D4	64	96	0	3
792	99.363740	99.997808	D3	64	90	1	-1
793	99.581446	99.734747	C4	64	102	0	1
794	99.799152	99.995087	D4	64	96	0	3
795	99.799152	99.982388	F4	64	81	0	1
796	99.799152	99.991459	A4	64	73	0	5
797	99.799152	100.005065	D4	64	81	0	3
798	100.016858	100.222771	E4	64	96	0	5
799	100.234564	101.160721	A3	64	100	1	-4
800	100.234564	100.842326	A2	64	77	1	-1
801	100.669976	100.781550	A4	64	68	0	5
802	100.669976	100.795157	C5	64	68	0	3
803	100.669976	100.796971	E4	64	65	0	5
804	100.887682	100.980207	A4	64	79	0	5
805	100.887682	100.989278	E4	64	68	0	5
806	100.887682	101.001977	C5	64	72	0	3
807	100.887682	101.796604	E3	64	14	1	-4
808	101.105388	101.486373	A3	64	86	1	-4
809	101.540800	101.694101	A4	64	96	0	5
810	101.540800	101.722221	C5	64	89	0	3
811	101.540800	101.743992	E4	64	89	0	5
812	101.976212	102.430673	C4	64	112	0	1
813	101.976212	102.621166	C3	64	89	1	-3
814	102.411624	102.513220	E4	64	79	0	5
815	102.411624	102.526826	C4	64	79	0	1
816	102.411624	102.532269	G4	64	77	0	3
817	102.629330	102.772653	C4	64	100	0	1
818	102.629330	102.726390	E4	64	82	0	5
819	102.629330	102.740904	C4	64	73	0	1
820	102.629330	102.744532	G4	64	76	0	3
821	102.847036	103.254327	A3	64	89	1	-4
822	102.847036	103.411257	G3	64	72	1	-1
823	103.282448	103.633499	C4	64	97	0	1
824	103.282448	103.423957	E4	64	86	0	5
825	103.282448	103.440285	C4	64	75	0	1
826	103.282448	103.446634	G4	64	89	0	3
827	103.717860	103.975478	D4	64	96	0	3
828	103.717860	104.379142	G2	64	73	1	-3
829	104.153272	104.382770	E4	64	112	0	5
830	104.153272	104.259403	D4	64	73	0	3
831	104.153272	104.260311	B4	64	77	0	2
832	104.153272	104.262125	G4	64	85	0	3
833	104.370978	104.595941	G4	64	89	0	3
834	104.370978	104.485273	G4	64	92	0	3
835	104.370978	104.495252	B4	64	89	0	2
836	104.370978	104.498880	D4	64	78	0	3
837	104.588684	104.819089	E4	64	100	0	5
838	104.588684	104.990533	G3	64	85	1	-1
839	104.806390	105.010489	D4	64	92	0	3
840	105.024096	105.255408	C4	64	99	0	1
841	105.024096	105.134763	B4	64	93	0	2
842	105.024096	105.155626	G4	64	99	0	3
843	105.024096	105.190097	D4	64	89	0	3
844	105.241802	105.441366	D4	64	95	0	3
845	105.459508	107.273724	E4	64	100	0	5
846	105.459508	106.145282	C2	64	85	1	-5
847	105.894920	106.001959	G3	64	79	1	-1
848	105.894920	106.005587	C4	64	90	0	1
849	105.894920	106.008308	E4	64	82	0	5
850	106.112626	106.237807	C4	64	85	0	1
851	106.112626	106.250506	G3	64	75	1	-1
852	106.112626	106.250506	E4	64	75	0	5
853	106.330332	107.026084	C3	64	88	1	-3
854	106.765744	106.872783	G3	64	97	1	-1
855	106.765744	106.875504	C4	64	102	0	1
856	106.765744	106.897274	E4	64	93	0	5
857	107.201156	107.979455	C2	64	81	1	-5
858	107.636568	107.738164	G3	64	88	1	-1
859	107.636568	107.738164	C4	64	96	0	1
860	107.636568	107.749049	E4	64	90	0	5
861	107.854274	107.967662	C4	64	95	0	1
862	107.854274	107.982176	G3	64	88	1	-1
863	107.854274	107.986712	E4	64	90	0	5
864	108.071980	108.530977	C3	64	117	1	-3
865	108.507392	108.804923	C4	64	107	0	1
866	108.507392	108.827601	E4	64	100	0	5
867	108.725098	108.833951	G3	64	74	1	-1
868	108.942804	109.936087	A4	64	127	0	5
869	108.942804	109.644906	A2	64	99	1	-1
870	109.378216	109.483440	A4	64	97	0	5
871	109.378216	109.490697	E4	64	86	0	5
872	109.378216	109.494326	C5	64	90	0	3
873	109.595922	109.680283	E3	64	30	1	-4
874	109.595922	109.712939	A4	64	96	0	5
875	109.595922	109.738338	E4	64	89	0	5
876	109.595922	109.742873	C5	64	89	0	3
877	109.813628	110.280789	A3	64	100	1	-4
878	109.813628	110.526615	E3	64	63	1	-4
879	110.249040	110.481259	A4	64	127	0	5
880	110.249040	110.367871	A4	64	97	0	5
881	110.249040	110.374221	E4	64	90	0	5
882	110.249040	110.389642	C5	64	95	0	3
883	110.466746	110.731621	G4	64	85	0	3
884	110.684452	111.078137	A4	64	122	0	5
885	110.684452	111.401974	A2	64	81	1	-1
886	111.119864	111.344827	C5	64	112	0	3
887	111.119864	111.215110	A4	64	93	0	5
888	111.119864	111.224181	E4	64	86	0	5
889	111.119864	111.235974	C5	64	85	0	3
890	111.337570	111.462751	A4	64	89	0	5
891	111.337570	111.468193	C5	64	83	0	3
892	111.337570	111.478172	E4	64	75	0	5
893	111.555276	112.050557	C5	64	127	0	3
894	111.555276	112.109519	A3	64	81	1	-4
895	111.555276	112.293662	E3	64	60	1	-4
896	111.990688	112.101355	A4	64	99	0	5
897	111.990688	112.106798	E4	64	90	0	5
898	111.990688	112.118590	C5	64	93	0	3
899	112.426100	112.619314	A4	64	122	0	5
900	112.426100	113.159950	A2	64	83	1	-1
901	112.643806	112.842462	C5	64	88	0	3
902	112.861512	113.057447	A4	64	99	0	5
903	112.861512	112.956758	A4	64	92	0	5
904	112.861512	112.962201	E4	64	85	0	5
905	112.861512	112.967643	C5	64	85	0	3
906	113.079218	113.294202	C5	64	102	0	3
907	113.079218	113.184442	A4	64	95	0	5
908	113.079218	113.187164	C5	64	86	0	3
909	113.079218	113.194420	E4	64	92	0	5
910	113.296924	113.572685	A4	64	112	0	5
911	113.296924	113.684259	A3	64	81	1	-4
912	113.296924	114.020796	E3	64	54	1	-4
913	113.732336	114.167748	G4	64	93	0	3
914	113.732336	113.839375	A4	64	97	0	5
915	113.732336	113.855702	E4	64	90	0	5
916	113.732336	113.859331	C5	64	92	0	3
917	114.167748	114.708384	E4	64	99	0	5
918	114.167748	114.833565	A2	64	85	1	-1
919	114.603160	114.691149	A4	64	96	0	5
920	114.603160	114.697499	C5	64	93	0	3
921	114.603160	114.703849	E4	64	85	0	5
922	114.820866	114.926997	A4	64	93	0	5
923	114.820866	114.936068	E4	64	78	0	5
924	114.820866	114.938790	C5	64	86	0	3
925	114.820866	115.395972	E3	64	25	1	-4
926	115.038572	115.377830	A3	64	97	1	-4
927	115.473984	115.600072	A4	64	102	0	5
928	115.473984	115.623657	C5	64	97	0	3
929	115.473984	115.662662	E4	64	81	0	5
930	115.909396	116.212370	D4	64	107	0	3
931	115.909396	116.677716	D2	64	73	1	-3
932	116.344808	116.631454	E4	64	117	0	5
933	116.344808	116.439147	F4	64	95	0	1
934	116.344808	116.447311	D4	64	85	0	3
935	116.344808	116.450939	A4	64	92	0	5
936	116.562514	116.631454	A2	64	18	1	-1
937	116.562514	116.660481	F4	64	92	0	1
938	116.562514	116.669553	A4	64	89	0	5
939	116.562514	116.680438	D4	64	85	0	3
940	116.780220	117.091358	C4	64	102	0	1
941	116.780220	117.481414	D3	64	74	1	-1
942	117.215632	117.514977	D4	64	112	0	3
943	117.215632	117.339906	A4	64	90	0	5
944	117.215632	117.345348	F4	64	95	0	1
945	117.215632	117.358048	D4	64	86	0	3
946	117.542191	118.118205	B3	64	99	1	-2
947	117.651044	118.398501	E2	64	62	1	-1
948	118.086456	118.188052	B3	64	79	1	-2
949	118.086456	118.190773	E4	64	93	0	5
950	118.086456	118.192587	G4	64	86	0	3
951	118.304162	118.426621	E4	64	88	0	5
952	118.304162	118.426621	G4	64	85	0	3
953	118.304162	118.442949	B3	64	81	1	-2
954	118.521868	118.918274	G3	64	102	1	-1
955	118.521868	119.288374	E3	64	77	1	-4
956	118.957280	119.177707	A3	64	100	1	-4
957	118.957280	119.051619	E4	64	93	0	5
958	118.957280	119.058876	B3	64	89	1	-2
959	118.957280	119.076111	G4	64	88	0	3
960	119.174986	119.516966	B3	64	99	1	-2
961	119.392692	120.156477	A2	64	76	1	-1
962	119.610398	121.106219	A3	64	127	1	-4
963	119.828104	119.930607	A4	64	89	0	5
964	119.828104	119.936050	E4	64	79	0	5
965	119.828104	119.942399	C5	64	82	0	3
966	120.045810	120.151034	A4	64	95	0	5
967	120.045810	120.167362	E4	64	85	0	5
968	120.045810	120.169176	C5	64	85	0	3
969	120.263516	120.625452	A3	64	96	1	-4
970	120.263516	120.984667	E3	64	42	1	-4
971	120.698928	120.795988	A4	64	99	0	5
972	120.698928	120.805059	E4	64	90	0	5
973	120.698928	120.815038	C5	64	96	0	3
974	121.134340	121.851862	A2	64	85	1	-1
975	121.569752	121.654113	A4	64	93	0	5
976	121.569752	121.661370	E4	64	79	0	5
977	121.569752	121.668627	C5	64	83	0	3
978	121.787458	121.898125	A4	64	95	0	5
979	121.787458	121.920803	C5	64	92	0	3
980	121.787458	121.926245	E4	64	86	0	5
981	122.005164	122.347144	A3	64	96	1	-4
982	122.005164	122.694566	E3	64	66	1	-4
983	122.222870	122.305417	A4	64	92	0	5
984	122.222870	122.316302	E4	64	82	0	5
985	122.222870	122.320837	C5	64	85	0	3
986	122.440576	122.555778	A4	64	102	0	5
987	122.440576	122.577549	E4	64	102	0	5
988	122.440576	122.584806	C5	64	100	0	3
989	122.875988	123.115464	A4	64	117	0	5
990	122.875988	123.630702	A2	64	86	1	-1
991	123.311400	123.491007	A4	64	122	0	5
992	123.311400	123.412089	A4	64	95	0	5
993	123.311400	123.424788	E4	64	89	0	5
994	123.311400	123.424788	C5	64	92	0	3
995	123.529106	123.704178	G4	64	93	0	3
996	123.529106	123.627073	E3	64	27	1	-4
997	123.529106	123.635237	A4	64	92	0	5
998	123.529106	123.653380	C5	64	88	0	3
999	123.529106	123.658822	E4	64	88	0	5
1000	123.746812	124.094234	E4	64	100	0	5
1001	123.746812	124.031644	A3	64	99	1	-4
1002	123.746812	124.529646	E3	64	61	1	-4
1003	123.964518	124.054321	A4	64	102	0	5
1004	123.964518	124.070649	E4	64	95	0	5
1005	123.964518	124.074278	C5	64	97	0	3
1006	124.182224	124.484291	G4	64	122	0	3
1007	124.399930	124.504247	A4	64	96	0	5
1008	124.399930	124.527832	E4	64	90	0	5
1009	124.399930	124.538717	C5	64	93	0	3
1010	124.617636	125.223584	A4	64	127	0	5
1011	124.617636	124.969594	A2	64	88	1	-1
1012	124.835342	124.946916	A4	64	90	0	5
1013	124.835342	124.955080	E4	64	86	0	5
1014	124.835342	124.961430	C5	64	89	0	3
1015	125.270754	125.328809	A2	64	43	1	-1
1016	125.270754	125.349672	E3	64	50	1	-4
1017	125.270754	125.353301	A4	64	92	0	5
1018	125.270754	125.362372	A3	64	78	1	-4
1019	125.270754	125.368721	E4	64	83	0	5
1020	125.270754	125.374164	C5	64	83	0	3
1021	125.488460	125.560121	A2	64	56	1	-1
1022	125.488460	125.580985	E3	64	73	1	-4
1023	125.488460	125.592777	A4	64	93	0	5
1024	125.488460	125.593684	A3	64	92	1	-4
1025	125.488460	125.604570	E4	64	89	0	5
1026	125.488460	125.613641	C5	64	83	0	3
1027	125.680767	125.812297	A4	64	92	0	5
1028	125.802319	125.920243	C5	64	86	0	3
1029	125.923872	126.018211	A2	64	53	1	-1
1030	125.923872	126.028189	A3	64	92	1	-4
1031	125.923872	126.030003	A4	64	97	0	5
1032	125.923872	126.038167	E4	64	93	0	5
1033	125.923872	126.039982	E3	64	78	1	-4
1034	125.923872	126.053588	C5	64	95	0	3
1035	125.942014	126.468137	G4	64	96	0	3
1036	126.359284	126.860008	C4	64	99	0	1
1037	126.359284	126.950718	A2	64	85	1	-1
1038	126.794696	126.894478	A4	64	86	0	5
1039	126.794696	126.895385	E4	64	79	0	5
1040	126.794696	126.903549	C5	64	76	0	3
1041	127.012402	127.202894	E4	64	97	0	5
1042	127.012402	127.090413	E3	64	24	1	-4
1043	127.012402	127.115812	A4	64	95	0	5
1044	127.012402	127.133047	E4	64	85	0	5
1045	127.012402	127.134861	C5	64	86	0	3
1046	127.230108	127.540339	D4	64	112	0	3
1047	127.230108	127.586601	A3	64	79	1	-4
1048	127.230108	127.592044	E3	64	42	1	-4
1049	127.665520	127.950352	C4	64	96	0	1
1050	127.665520	127.803400	A4	64	96	0	5
1051	127.665520	127.817914	C5	64	93	0	3
1052	127.665520	127.887761	E4	64	90	0	5
1053	128.100932	128.650639	D4	64	107	0	3
1054	128.100932	128.796684	D2	64	69	1	-3
1055	128.536344	128.636126	F4	64	89	0	1
1056	128.536344	128.642475	D4	64	88	0	3
1057	128.536344	128.649732	A4	64	82	0	5
1058	128.754050	128.835689	F4	64	88	0	1
1059	128.754050	128.856553	A4	64	81	0	5
1060	128.754050	128.857460	D4	64	89	0	3
1061	128.971756	129.591311	D3	64	74	1	-1
1062	129.407168	129.532349	F4	64	95	0	1
1063	129.407168	129.548677	D4	64	93	0	3
1064	129.407168	129.555933	A4	64	93	0	5
1065	129.842580	130.176396	D4	64	127	0	3
1066	129.842580	130.150089	F4	64	96	0	1
1067	129.842580	130.160068	D4	64	92	0	3
1068	129.842580	130.177303	A4	64	93	0	5
1069	129.842580	130.259850	D2	64	89	1	-3
1070	130.277992	130.562824	E4	64	127	0	5
1071	130.713404	131.021821	G4	64	122	0	3
1072	130.713404	130.985536	G4	64	96	0	3
1073	130.713404	130.986443	E4	64	96	0	5
1074	130.713404	131.007307	B4	64	90	0	2
1075	130.713404	131.014564	E2	64	95	1	-1
1076	131.148816	131.367429	G4	64	117	0	3
1077	131.584228	131.837311	D4	64	117	0	3
1078	131.584228	131.889016	D3	64	102	1	-1
1079	131.584228	131.890830	D2	64	82	1	-3
1080	131.584228	131.904437	D4	64	85	0	3
1081	131.584228	131.904437	F4	64	86	0	1
1082	131.584228	131.904437	A4	64	86	0	5
1083	131.801934	131.964306	C4	64	92	0	1
1084	132.019640	132.260931	D4	64	97	0	3
1085	132.019640	132.251859	D2	64	72	1	-3
1086	132.019640	132.292679	F4	64	93	0	1
1087	132.019640	132.298122	D3	64	95	1	-1
1088	132.019640	132.311729	D4	64	90	0	3
1089	132.019640	132.324428	A4	64	90	0	5
1090	132.237346	132.431467	C4	64	93	0	1
1091	132.455052	133.324969	A3	64	112	1	-4
1092	132.455052	132.863250	A2	64	60	1	-1
1093	132.455052	132.868693	A3	64	77	1	-4
1094	132.455052	132.887742	E3	64	69	1	-4
1095	132.455052	132.911327	A4	64	96	0	5
1096	132.455052	132.924027	E4	64	90	0	5
1097	132.455052	132.926748	C5	64	90	0	3
1098	133.325876	133.434729	G4	64	112	0	3
1099	133.325876	134.009835	C3	64	71	1	-3
1100	133.543582	133.631571	G4	64	92	0	3
1101	133.761288	133.904611	G4	64	96	0	3
1102	133.761288	133.875583	C5	64	89	0	3
1103	133.761288	133.877398	E5	64	83	0	2
1104	133.761288	133.880119	G4	64	82	0	3
1105	133.978994	134.141366	E4	64	95	0	5
1106	133.978994	134.052470	G3	64	26	1	-1
1107	133.978994	134.109617	C5	64	92	0	3
1108	133.978994	134.113246	E5	64	77	0	2
1109	133.978994	134.125038	G4	64	79	0	3
1110	134.196700	134.532330	G4	64	122	0	3
1111	134.196700	134.530516	C4	64	75	0	1
1112	134.196700	134.596734	G3	64	52	1	-1
1113	134.632112	134.965020	A4	64	107	0	5
1114	134.632112	134.807184	C5	64	96	0	3
1115	134.632112	134.812626	E5	64	93	0	2
1116	134.632112	134.850725	G4	64	89	0	3
1117	134.849818	135.043032	G4	64	122	0	3
1118	135.067524	135.662587	A4	64	117	0	5
1119	135.067524	135.756019	A2	64	72	1	-1
1120	135.502936	135.609975	A4	64	92	0	5
1121	135.502936	135.616324	E4	64	85	0	5
1122	135.502936	135.618138	C5	64	86	0	3
1123	135.720642	135.775068	E3	64	26	1	-4
1124	135.720642	135.845823	A4	64	88	0	5
1125	135.720642	135.863965	C5	64	82	0	3
1126	135.720642	135.876664	E4	64	75	0	5
1127	135.938348	136.416394	E3	64	50	1	-4
1128	135.938348	136.460842	A3	64	78	1	-4
1129	136.156054	136.427279	A4	64	96	0	5
1130	136.156054	136.441793	E4	64	89	0	5
1131	136.156054	136.441793	C5	64	93	0	3
1132	136.591466	136.781958	E4	64	83	0	5
1133	136.591466	136.796472	A4	64	92	0	5
1134	136.591466	136.796472	C5	64	83	0	3
1135	136.809172	136.891719	G4	64	117	0	3
1136	136.809172	137.506738	C3	64	78	1	-3
1137	137.026878	137.103075	G4	64	97	0	3
1138	137.244584	137.366136	G4	64	107	0	3
1139	137.244584	137.357972	G4	64	85	0	3
1140	137.244584	137.359786	C5	64	102	0	3
1141	137.244584	137.361601	E5	64	96	0	2
1142	137.462290	137.590192	A4	64	122	0	5
1143	137.462290	137.615591	C5	64	96	0	3
1144	137.462290	137.624662	E5	64	86	0	2
1145	137.462290	137.632826	G4	64	82	0	3
1146	137.679996	137.917658	C5	64	127	0	3
1147	137.679996	137.969363	C4	64	81	0	1
1148	137.679996	138.012904	G3	64	61	1	-1
1149	138.115408	138.323136	A4	64	127	0	5
1150	138.115408	138.301365	E5	64	93	0	2
1151	138.115408	138.314972	C5	64	96	0	3
1152	138.115408	138.346720	G4	64	92	0	3
1153	138.333114	138.524514	G4	64	95	0	3
1154	138.550820	139.232965	E4	64	112	0	5
1155	138.550820	139.273785	A2	64	83	1	-1
1156	138.986232	139.085107	A4	64	95	0	5
1157	138.986232	139.088735	E4	64	86	0	5
1158	138.986232	139.096899	C5	64	88	0	3
1159	139.203938	139.447043	A4	64	88	0	5
1160	139.203938	139.466092	E4	64	78	0	5
1161	139.203938	139.467906	C5	64	76	0	3
1162	139.421644	139.748203	E3	64	55	1	-4
1163	139.421644	139.970444	A3	64	81	1	-4
1164	139.639350	139.930532	A4	64	93	0	5
1165	139.639350	139.948674	C5	64	88	0	3
1166	139.639350	139.949581	E4	64	90	0	5
1167	140.074762	140.242577	A4	64	92	0	5
1168	140.074762	140.257091	C5	64	83	0	3
1169	140.074762	140.355058	E4	64	90	0	5
1170	140.292468	140.704295	D4	64	122	0	3
1171	140.292468	140.874831	D3	64	85	1	-1
1172	140.727880	141.150592	E4	64	127	0	5
1173	140.727880	140.825847	F4	64	95	0	1
1174	140.727880	140.838547	D4	64	90	0	3
1175	140.727880	140.843990	A4	64	95	0	5
1176	140.945586	141.067138	F4	64	93	0	1
1177	140.945586	141.082559	A4	64	86	0	5
1178	140.945586	141.089816	D4	64	92	0	3
1179	141.163292	141.478058	C4	64	107	0	1
1180	141.163292	141.589633	D3	64	63	1	-1
1181	141.598704	141.957919	D4	64	99	0	3
1182	141.598704	141.777404	F4	64	100	0	1
1183	141.598704	141.798268	D4	64	93	0	3
1184	141.598704	141.800989	A4	64	95	0	5
1185	142.034116	142.410566	B3	64	99	1	-2
1186	142.034116	142.367024	G4	64	95	0	3
1187	142.034116	142.375188	E4	64	97	0	5
1188	142.034116	142.380631	B4	64	95	0	2
1189	142.034116	142.469528	E2	64	71	1	-1
1190	142.904940	143.137159	G3	64	93	1	-1
1191	142.904940	143.424713	E3	64	89	1	-4
1192	142.904940	143.500910	B4	64	89	0	2
1193	142.904940	143.520866	E4	64	92	0	5
1194	142.904940	143.537194	G4	64	88	0	3
1195	143.122646	143.362122	A3	64	76	1	-4
1196	143.340352	144.061503	B3	64	83	1	-2
1197	143.775764	144.371734	A2	64	85	1	-1
1198	143.993470	146.192300	A3	64	100	1	-4
1199	144.211176	144.316400	E4	64	81	0	5
1200	144.211176	144.316400	C5	64	90	0	3
1201	144.211176	144.319122	A4	64	95	0	5
1202	144.428882	144.541363	A4	64	79	0	5
1203	144.428882	144.544992	C5	64	79	0	3
1204	144.428882	144.549527	E4	64	72	0	5
1205	144.646588	145.136426	A3	64	82	1	-4
1206	144.646588	145.166361	E3	64	63	1	-4
1207	145.082000	145.276121	A4	64	86	0	5
1208	145.082000	145.283378	C5	64	83	0	3
1209	145.082000	145.300613	E4	64	85	0	5
1210	145.517412	146.300246	A2	64	86	1	-1
1211	145.952824	146.044442	E4	64	69	0	5
1212	145.952824	146.049884	C5	64	77	0	3
1213	145.952824	146.054420	A4	64	86	0	5
1214	146.170530	146.321110	C5	64	93	0	3
1215	146.170530	146.324738	A4	64	99	0	5
1216	146.170530	146.331088	E4	64	83	0	5
1217	146.388236	146.863560	E3	64	78	1	-4
1218	146.823648	147.012326	A4	64	100	0	5
1219	146.823648	147.015048	E4	64	86	0	5
1220	146.823648	147.024119	C5	64	93	0	3
1221	147.259060	147.887686	A2	64	82	1	-1
1222	147.694472	147.800603	A4	64	79	0	5
1223	147.694472	147.811489	E4	64	75	0	5
1224	147.694472	147.812396	C5	64	72	0	3
1225	147.912178	148.043708	C5	64	71	0	3
1226	147.912178	148.044616	A4	64	78	0	5
1227	147.912178	148.070015	E4	64	69	0	5
1228	148.129884	148.545339	A3	64	71	1	-4
1229	148.129884	148.896390	E3	64	42	1	-4
1230	148.565296	148.714061	A4	64	83	0	5
1231	148.565296	148.723133	C5	64	79	0	3
1232	148.565296	148.724040	E4	64	83	0	5
1233	149.000708	149.736373	A2	64	66	1	-1
1234	149.436120	149.536809	A4	64	75	0	5
1235	149.436120	149.540437	E4	64	66	0	5
1236	149.436120	149.540437	C5	64	71	0	3
1237	149.653826	149.761772	A4	64	82	0	5
1238	149.653826	149.771750	E4	64	72	0	5
1239	149.653826	149.773564	C5	64	78	0	3
1240	149.871532	150.310572	A3	64	61	1	-4
1241	149.871532	150.345042	E3	64	28	1	-4
1242	150.306944	150.472945	A4	64	90	0	5
1243	150.306944	150.480201	C5	64	86	0	3
1244	150.306944	150.517393	E4	64	79	0	5
1245	150.742356	151.370075	C3	64	70	1	-3
1246	151.177768	151.270293	E4	64	85	0	5
1247	151.177768	151.285714	C4	64	74	0	1
1248	151.177768	151.296599	G4	64	77	0	3
1249	151.395474	151.510676	G4	64	63	0	3
1250	151.395474	151.520655	C4	64	66	0	1
1251	151.395474	151.522469	E4	64	79	0	5
1252	151.613180	152.039521	D3	64	66	1	-1
1253	152.048592	152.265391	F4	64	96	0	1
1254	152.048592	152.288975	D4	64	79	0	3
1255	152.048592	152.298954	A4	64	90	0	5
1256	152.484004	153.142564	A2	64	77	1	-1
1257	152.919416	153.038247	A4	64	89	0	5
1258	152.919416	153.040968	C5	64	85	0	3
1259	152.919416	153.045504	E4	64	73	0	5
1260	153.137122	153.259581	A4	64	83	0	5
1261	153.137122	153.270467	C5	64	77	0	3
1262	153.137122	153.273188	E4	64	70	0	5
1263	153.354828	153.823803	A3	64	65	1	-4
1264	153.354828	154.085050	E3	64	42	1	-4
1265	153.790240	153.994339	C5	64	85	0	3
1266	153.790240	154.012481	A4	64	92	0	5
1267	153.790240	154.037880	E4	64	81	0	5
1268	154.225652	154.674670	C3	64	76	1	-3
1269	154.661064	154.754496	E4	64	86	0	5
1270	154.661064	154.763567	C4	64	79	0	1
1271	154.661064	154.768103	G4	64	82	0	3
1272	154.878770	154.996694	E4	64	83	0	5
1273	154.878770	155.011208	G4	64	74	0	3
1274	154.878770	155.042049	C4	64	73	0	1
1275	155.096476	155.611713	A2	64	73	1	-1
1276	155.531888	155.613527	C4	64	89	0	1
1277	155.531888	155.628041	A3	64	78	1	-4
1278	155.531888	155.628041	E4	64	79	0	5
1279	155.967300	156.596833	G2	64	81	1	-3
1280	156.402712	156.499772	B3	64	77	1	-2
1281	156.402712	156.507936	D4	64	76	0	3
1282	156.402712	156.510658	G3	64	68	1	-1
1283	156.620418	156.708407	B3	64	79	1	-2
1284	156.620418	156.718385	G3	64	73	1	-1
1285	156.620418	156.722921	D4	64	73	0	3
1286	156.729271	157.126584	D3	64	55	1	-1
1287	157.273536	157.409602	B3	64	83	1	-2
1288	157.273536	157.415952	G3	64	77	1	-1
1289	157.273536	157.424116	D4	64	76	0	3
1290	157.708948	158.476361	C2	64	68	1	-5
1291	158.144360	158.255934	E4	64	78	0	5
1292	158.144360	158.259562	G3	64	73	1	-1
1293	158.144360	158.259562	C4	64	85	0	1
1294	158.362066	158.470919	G3	64	71	1	-1
1295	158.362066	158.475454	C4	64	79	0	1
1296	158.362066	158.476361	E4	64	72	0	5
1297	158.579772	159.311808	C3	64	59	1	-3
1298	159.015184	159.173021	G3	64	77	1	-1
1299	159.015184	159.173928	C4	64	85	0	1
1300	159.015184	159.183906	E4	64	79	0	5
1301	159.450596	160.129113	C2	64	60	1	-5
1302	159.886008	159.979440	G3	64	72	1	-1
1303	159.886008	159.985790	C4	64	89	0	1
1304	159.886008	159.985790	E4	64	81	0	5
1305	160.103714	160.216195	E4	64	78	0	5
1306	160.103714	160.220731	C4	64	88	0	1
1307	160.103714	160.225266	G3	64	78	1	-1
1308	160.321420	160.793116	C3	64	78	1	-3
1309	160.756832	160.940068	G3	64	90	1	-1
1310	160.756832	160.945510	C4	64	95	0	1
1311	160.756832	160.963652	E4	64	89	0	5
1312	161.192244	161.917930	A2	64	73	1	-1
1313	161.627656	161.741044	A4	64	75	0	5
1314	161.627656	161.742858	E4	64	72	0	5
1315	161.627656	161.749208	C5	64	74	0	3
1316	161.845362	161.975985	A4	64	77	0	5
1317	161.845362	161.982335	E4	64	73	0	5
1318	161.845362	161.985056	C5	64	73	0	3
1319	162.063068	162.476709	A3	64	67	1	-4
1320	162.063068	162.874930	E3	64	45	1	-4
1321	162.498480	162.643617	E4	64	82	0	5
1322	162.498480	162.647245	A4	64	88	0	5
1323	162.498480	162.655409	C5	64	82	0	3
1324	162.933892	163.688606	A2	64	72	1	-1
1325	163.369304	163.479971	A4	64	75	0	5
1326	163.369304	163.482692	C5	64	71	0	3
1327	163.369304	163.491763	E4	64	69	0	5
1328	163.587010	163.715819	A4	64	88	0	5
1329	163.587010	163.730333	C5	64	83	0	3
1330	163.587010	163.732147	E4	64	72	0	5
1331	163.804716	164.341724	A3	64	76	1	-4
1332	163.804716	164.427899	E3	64	39	1	-4
1333	164.240128	164.349888	A4	64	89	0	5
1334	164.240128	164.361680	C5	64	79	0	3
1335	164.240128	164.369844	E4	64	81	0	5
1336	164.675540	165.391248	A2	64	71	1	-1
1337	165.110952	165.205291	A4	64	83	0	5
1338	165.110952	165.216176	E4	64	75	0	5
1339	165.110952	165.218898	C5	64	79	0	3
1340	165.328658	165.434789	A4	64	88	0	5
1341	165.328658	165.453839	E4	64	74	0	5
1342	165.328658	165.454746	C5	64	79	0	3
1343	165.437511	166.164105	E3	64	34	1	-4
1344	165.546364	166.043459	A3	64	85	1	-4
1345	165.981776	166.099700	A4	64	93	0	5
1346	165.981776	166.118749	C5	64	88	0	3
1347	165.981776	166.128727	E4	64	81	0	5
1348	166.417188	167.209093	A2	64	72	1	-1
1349	166.852600	166.951475	A4	64	79	0	5
1350	166.852600	166.962360	C5	64	72	0	3
1351	166.852600	166.966895	E4	64	72	0	5
1352	167.070306	167.180066	A4	64	89	0	5
1353	167.070306	167.188230	E4	64	75	0	5
1354	167.070306	167.193672	C5	64	82	0	3
1355	167.288012	167.650855	A3	64	78	1	-4
1356	167.723424	168.090803	A4	64	95	0	5
1357	167.723424	168.108038	C5	64	90	0	3
1358	167.723424	168.149765	E4	64	93	0	5
1359	168.158836	168.951648	D2	64	77	1	-3
1360	168.594248	168.694937	F4	64	88	0	1
1361	168.594248	168.700379	D4	64	81	0	3
1362	168.594248	168.709450	A4	64	79	0	5
1363	168.811954	168.939856	F4	64	85	0	1
1364	168.811954	168.948927	A4	64	73	0	5
1365	168.811954	168.959812	D4	64	78	0	3
1366	169.029660	169.778931	D3	64	68	1	-1
1367	169.465072	169.654657	D4	64	79	0	3
1368	169.465072	169.663728	F4	64	82	0	1
1369	169.465072	169.676428	A4	64	75	0	5
1370	169.791631	170.510968	E2	64	74	1	-1
1371	170.335896	170.439306	G4	64	85	0	3
1372	170.335896	170.450191	E4	64	75	0	5
1373	170.335896	170.452913	B4	64	82	0	2
1374	170.553602	170.686947	G4	64	86	0	3
1375	170.553602	170.708717	B4	64	73	0	2
1376	170.553602	170.709624	E4	64	74	0	5
1377	170.771308	171.455267	E3	64	67	1	-4
1378	171.206720	171.367278	G4	64	85	0	3
1379	171.206720	171.380885	E4	64	75	0	5
1380	171.206720	171.391770	B4	64	77	0	2
1381	171.533279	172.263501	A2	64	82	1	-1
1382	172.077544	172.183675	C5	64	75	0	3
1383	172.077544	172.187304	E4	64	75	0	5
1384	172.077544	172.188211	A4	64	86	0	5
1385	172.295250	172.425873	A4	64	90	0	5
1386	172.295250	172.444015	C5	64	83	0	3
1387	172.295250	172.444923	E4	64	78	0	5
1388	172.404103	172.930226	A3	64	72	1	-4
1389	172.404103	173.145210	E3	64	33	1	-4
1390	172.839515	172.966510	E4	64	79	0	5
1391	172.839515	172.967417	C5	64	82	0	3
1392	172.948368	173.067199	A4	64	88	0	5
1393	173.383780	174.076810	A2	64	70	1	-1
1394	173.819192	173.918067	A4	64	89	0	5
1395	173.819192	173.918067	C5	64	78	0	3
1396	173.819192	173.918974	E4	64	75	0	5
1397	173.928045	174.056854	E4	64	82	0	5
1398	173.928045	174.057761	C5	64	83	0	3
1399	174.036898	174.153915	A4	64	90	0	5
1400	174.145751	174.609283	A3	64	97	1	-4
1401	174.581163	174.831525	E4	64	88	0	5
1402	174.581163	174.837874	A4	64	99	0	5
1403	174.581163	174.847853	C5	64	93	0	3
1404	175.125428	175.364904	A4	64	117	0	5
1405	175.125428	175.880142	A2	64	86	1	-1
1406	175.560840	175.740447	A4	64	122	0	5
1407	175.560840	175.661529	A4	64	95	0	5
1408	175.560840	175.674228	E4	64	89	0	5
1409	175.560840	175.674228	C5	64	92	0	3
1410	175.778546	175.953618	G4	64	93	0	3
1411	175.778546	175.876513	E3	64	27	1	-4
1412	175.778546	175.884677	A4	64	92	0	5
1413	175.778546	175.902820	C5	64	88	0	3
1414	175.778546	175.908262	E4	64	88	0	5
1415	175.996252	176.343674	E4	64	100	0	5
1416	175.996252	176.281084	A3	64	99	1	-4
1417	175.996252	176.779086	E3	64	61	1	-4
1418	176.213958	176.303761	A4	64	102	0	5
1419	176.213958	176.320089	E4	64	95	0	5
1420	176.213958	176.323718	C5	64	97	0	3
1421	176.431664	176.733731	G4	64	122	0	3
1422	176.649370	176.753687	A4	64	96	0	5
1423	176.649370	176.777272	E4	64	90	0	5
1424	176.649370	176.788157	C5	64	93	0	3
1425	176.867076	177.473024	A4	64	127	0	5
1426	176.867076	177.219034	A2	64	88	1	-1
1427	177.084782	177.196356	A4	64	90	0	5
1428	177.084782	177.204520	E4	64	86	0	5
1429	177.084782	177.210870	C5	64	89	0	3
1430	177.520194	177.578249	A2	64	43	1	-1
1431	177.520194	177.599112	E3	64	50	1	-4
1432	177.520194	177.602741	A4	64	92	0	5
1433	177.520194	177.611812	A3	64	78	1	-4
1434	177.520194	177.618161	E4	64	83	0	5
1435	177.520194	177.623604	C5	64	83	0	3
1436	177.737900	177.809561	A2	64	56	1	-1
1437	177.737900	177.830425	E3	64	73	1	-4
1438	177.737900	177.842217	A4	64	93	0	5
1439	177.737900	177.843124	A3	64	92	1	-4
1440	177.737900	177.854010	E4	64	89	0	5
1441	177.737900	177.863081	C5	64	83	0	3
1442	177.930207	178.061737	A4	64	92	0	5
1443	178.051759	178.169683	C5	64	86	0	3
1444	178.173312	178.267651	A2	64	53	1	-1
1445	178.173312	178.277629	A3	64	92	1	-4
1446	178.173312	178.279443	A4	64	97	0	5
1447	178.173312	178.287607	E4	64	93	0	5
1448	178.173312	178.289422	E3	64	78	1	-4
1449	178.173312	178.303028	C5	64	95	0	3
1450	178.191454	178.717577	G4	64	96	0	3
1451	178.608724	179.109448	C4	64	99	0	1
1452	178.608724	179.200158	A2	64	85	1	-1
1453	179.044136	179.143918	A4	64	86	0	5
1454	179.044136	179.144825	E4	64	79	0	5
1455	179.044136	179.152989	C5	64	76	0	3
1456	179.261842	179.452334	E4	64	97	0	5
1457	179.261842	179.339853	E3	64	24	1	-4
1458	179.261842	179.365252	A4	64	95	0	5
1459	179.261842	179.382487	E4	64	85	0	5
1460	179.261842	179.384301	C5	64	86	0	3
1461	179.479548	179.789779	D4	64	112	0	3
1462	179.479548	179.836041	A3	64	79	1	-4
1463	179.479548	179.841484	E3	64	42	1	-4
1464	179.914960	180.199792	C4	64	96	0	1
1465	179.914960	180.052840	A4	64	96	0	5
1466	179.914960	180.067354	C5	64	93	0	3
1467	179.914960	180.137201	E4	64	90	0	5
1468	180.350372	180.900079	D4	64	107	0	3
1469	180.350372	181.046124	D2	64	69	1	-3
1470	180.785784	180.885566	F4	64	89	0	1
1471	180.785784	180.891915	D4	64	88	0	3
1472	180.785784	180.899172	A4	64	82	0	5
1473	181.003490	181.085129	F4	64	88	0	1
1474	181.003490	181.105993	A4	64	81	0	5
1475	181.003490	181.106900	D4	64	89	0	3
1476	181.221196	181.840751	D3	64	74	1	-1
1477	181.656608	181.781789	F4	64	95	0	1
1478	181.656608	181.798117	D4	64	93	0	3
1479	181.656608	181.805373	A4	64	93	0	5
1480	182.092020	182.425836	D4	64	127	0	3
1481	182.092020	182.399529	F4	64	96	0	1
1482	182.092020	182.409508	D4	64	92	0	3
1483	182.092020	182.426743	A4	64	93	0	5
1484	182.092020	182.509290	D2	64	89	1	-3
1485	182.527432	182.812264	E4	64	127	0	5
1486	182.962844	183.271261	G4	64	122	0	3
1487	182.962844	183.234976	G4	64	96	0	3
1488	182.962844	183.235883	E4	64	96	0	5
1489	182.962844	183.256747	B4	64	90	0	2
1490	182.962844	183.264004	E2	64	95	1	-1
1491	183.398256	183.616869	G4	64	117	0	3
1492	183.833668	184.086751	D4	64	117	0	3
1493	183.833668	184.138456	D3	64	102	1	-1
1494	183.833668	184.140270	D2	64	82	1	-3
1495	183.833668	184.153877	D4	64	85	0	3
1496	183.833668	184.153877	F4	64	86	0	1
1497	183.833668	184.153877	A4	64	86	0	5
1498	184.051374	184.213746	C4	64	92	0	1
1499	184.269080	184.510371	D4	64	97	0	3
1500	184.269080	184.501299	D2	64	72	1	-3
1501	184.269080	184.542119	F4	64	93	0	1
1502	184.269080	184.547562	D3	64	95	1	-1
1503	184.269080	184.561169	D4	64	90	0	3
1504	184.269080	184.573868	A4	64	90	0	5
1505	184.486786	184.680907	C4	64	93	0	1
1506	184.704492	185.574409	A3	64	112	1	-4
1507	184.704492	185.112690	A2	64	60	1	-1
1508	184.704492	185.118133	A3	64	77	1	-4
1509	184.704492	185.137182	E3	64	69	1	-4
1510	184.704492	185.160767	A4	64	96	0	5
1511	184.704492	185.173467	E4	64	90	0	5
1512	184.704492	185.176188	C5	64	90	0	3
1513	185.575316	185.684169	G4	64	112	0	3
1514	185.575316	186.259275	C3	64	71	1	-3
1515	185.793022	185.881011	G4	64	92	0	3
1516	186.010728	186.154051	G4	64	96	0	3
1517	186.010728	186.125023	C5	64	89	0	3
1518	186.010728	186.126838	E5	64	83	0	2
1519	186.010728	186.129559	G4	64	82	0	3
1520	186.228434	186.390806	E4	64	95	0	5
1521	186.228434	186.301910	G3	64	26	1	-1
1522	186.228434	186.359057	C5	64	92	0	3
1523	186.228434	186.362686	E5	64	77	0	2
1524	186.228434	186.374478	G4	64	79	0	3
1525	186.446140	186.781770	G4	64	122	0	3
1526	186.446140	186.779956	C4	64	75	0	1
1527	186.446140	186.846175	G3	64	52	1	-1
1528	186.881552	187.214460	A4	64	107	0	5
1529	186.881552	187.056624	C5	64	96	0	3
1530	186.881552	187.062066	E5	64	93	0	2
1531	186.881552	187.100165	G4	64	89	0	3
1532	187.099258	187.292472	G4	64	122	0	3
1533	187.316964	187.912027	A4	64	117	0	5
1534	187.316964	188.005459	A2	64	72	1	-1
1535	187.752376	187.859415	A4	64	92	0	5
1536	187.752376	187.865764	E4	64	85	0	5
1537	187.752376	187.867578	C5	64	86	0	3
1538	187.970082	188.024508	E3	64	26	1	-4
1539	187.970082	188.095263	A4	64	88	0	5
1540	187.970082	188.113405	C5	64	82	0	3
1541	187.970082	188.126104	E4	64	75	0	5
1542	188.187788	188.665834	E3	64	50	1	-4
1543	188.187788	188.710282	A3	64	78	1	-4
1544	188.405494	188.676719	A4	64	96	0	5
1545	188.405494	188.691233	E4	64	89	0	5
1546	188.405494	188.691233	C5	64	93	0	3
1547	188.840906	189.031398	E4	64	83	0	5
1548	188.840906	189.045912	A4	64	92	0	5
1549	188.840906	189.045912	C5	64	83	0	3
1550	189.058612	189.141159	G4	64	117	0	3
1551	189.058612	189.756178	C3	64	78	1	-3
1552	189.276318	189.352515	G4	64	97	0	3
1553	189.494024	189.615576	G4	64	107	0	3
1554	189.494024	189.607412	G4	64	85	0	3
1555	189.494024	189.609226	C5	64	102	0	3
1556	189.494024	189.611041	E5	64	96	0	2
1557	189.711730	189.839632	A4	64	122	0	5
1558	189.711730	189.865031	C5	64	96	0	3
1559	189.711730	189.874102	E5	64	86	0	2
1560	189.711730	189.882266	G4	64	82	0	3
1561	189.929436	190.167098	C5	64	127	0	3
1562	189.929436	190.218803	C4	64	81	0	1
1563	189.929436	190.262344	G3	64	61	1	-1
1564	190.364848	190.572576	A4	64	127	0	5
1565	190.364848	190.550805	E5	64	93	0	2
1566	190.364848	190.564412	C5	64	96	0	3
1567	190.364848	190.596160	G4	64	92	0	3
1568	190.582554	190.773954	G4	64	95	0	3
1569	190.800260	191.482405	E4	64	112	0	5
1570	190.800260	191.523225	A2	64	83	1	-1
1571	191.235672	191.334547	A4	64	95	0	5
1572	191.235672	191.338175	E4	64	86	0	5
1573	191.235672	191.346339	C5	64	88	0	3
1574	191.453378	191.696483	A4	64	88	0	5
1575	191.453378	191.715532	E4	64	78	0	5
1576	191.453378	191.717346	C5	64	76	0	3
1577	191.671084	191.997643	E3	64	55	1	-4
1578	191.671084	192.219884	A3	64	81	1	-4
1579	191.888790	192.179972	A4	64	93	0	5
1580	191.888790	192.198114	C5	64	88	0	3
1581	191.888790	192.199021	E4	64	90	0	5
1582	192.324202	192.492017	A4	64	92	0	5
1583	192.324202	192.506530	C5	64	83	0	3
1584	192.324202	192.604498	E4	64	90	0	5
1585	192.541908	192.953735	D4	64	122	0	3
1586	192.541908	193.124271	D3	64	85	1	-1
1587	192.977320	193.400032	E4	64	127	0	5
1588	192.977320	193.075287	F4	64	95	0	1
1589	192.977320	193.087987	D4	64	90	0	3
1590	192.977320	193.093430	A4	64	95	0	5
1591	193.195026	193.316578	F4	64	93	0	1
1592	193.195026	193.331999	A4	64	86	0	5
1593	193.195026	193.339256	D4	64	92	0	3
1594	193.412732	193.727498	C4	64	107	0	1
1595	193.412732	193.839073	D3	64	63	1	-1
1596	193.848144	194.207359	D4	64	99	0	3
1597	193.848144	194.026844	F4	64	100	0	1
1598	193.848144	194.047708	D4	64	93	0	3
1599	193.848144	194.050429	A4	64	95	0	5
1600	194.283556	194.660006	B3	64	99	1	-2
1601	194.283556	194.616464	G4	64	95	0	3
1602	194.283556	194.624628	E4	64	97	0	5
1603	194.283556	194.630071	B4	64	95	0	2
1604	194.283556	194.718968	E2	64	71	1	-1
1605	195.154380	195.386599	G3	64	93	1	-1
1606	195.154380	195.674153	E3	64	89	1	-4
1607	195.154380	195.750350	B4	64	89	0	2
1608	195.154380	195.770306	E4	64	92	0	5
1609	195.154380	195.786634	G4	64	88	0	3
1610	195.372086	195.611562	A3	64	76	1	-4
1611	195.589792	196.310943	B3	64	83	1	-2
1612	196.025204	196.621174	A2	64	85	1	-1
1613	196.242910	198.441740	A3	64	100	1	-4
1614	196.460616	196.565840	E4	64	81	0	5
1615	196.460616	196.565840	C5	64	90	0	3
1616	196.460616	196.568562	A4	64	95	0	5
1617	196.678322	196.790803	A4	64	79	0	5
1618	196.678322	196.794432	C5	64	79	0	3
1619	196.678322	196.798967	E4	64	72	0	5
1620	196.896028	197.385866	A3	64	82	1	-4
1621	196.896028	197.415801	E3	64	63	1	-4
1622	197.331440	197.525561	A4	64	86	0	5
1623	197.331440	197.532818	C5	64	83	0	3
1624	197.331440	197.550053	E4	64	85	0	5
1625	197.766852	198.549686	A2	64	86	1	-1
1626	198.202264	198.293882	E4	64	69	0	5
1627	198.202264	198.299324	C5	64	77	0	3
1628	198.202264	198.303860	A4	64	86	0	5
1629	198.419970	198.570550	C5	64	93	0	3
1630	198.419970	198.574178	A4	64	99	0	5
1631	198.419970	198.580528	E4	64	83	0	5
1632	198.637676	199.113000	E3	64	78	1	-4
1633	199.073088	199.261766	A4	64	100	0	5
1634	199.073088	199.264488	E4	64	86	0	5
1635	199.073088	199.273559	C5	64	93	0	3
1636	199.508500	199.689014	A4	64	112	0	5
1637	199.508500	200.089956	A2	64	88	1	-1
1638	199.943912	200.070907	A4	64	100	0	5
1639	199.943912	200.055486	A4	64	89	0	5
1640	199.943912	200.060929	E4	64	88	0	5
1641	199.943912	200.069093	C5	64	86	0	3
1642	200.161618	200.270471	G4	64	77	0	3
1643	200.161618	200.280449	A4	64	79	0	5
1644	200.161618	200.298591	E4	64	66	0	5
1645	200.161618	200.298591	C5	64	75	0	3
1646	200.379324	200.554396	A4	64	102	0	5
1647	200.379324	200.813829	A3	64	79	1	-4
1648	200.814736	200.932660	A4	64	97	0	5
1649	200.814736	200.980737	A4	64	92	0	5
1650	200.814736	200.984365	E4	64	82	0	5
1651	200.814736	200.998879	C5	64	86	0	3
1652	201.032442	201.132224	G4	64	89	0	3
1653	201.250148	201.333602	A4	64	99	0	5
1654	201.250148	202.004862	A2	64	69	1	-1
1655	201.467854	201.544051	C5	64	96	0	3
1656	201.685560	201.762664	A4	64	99	0	5
1657	201.685560	201.794413	A4	64	89	0	5
1658	201.685560	201.802577	E4	64	81	0	5
1659	201.685560	201.807112	C5	64	85	0	3
1660	201.903266	202.017561	G4	64	93	0	3
1661	201.903266	202.053846	A4	64	88	0	5
1662	201.903266	202.067452	E4	64	74	0	5
1663	201.903266	202.138207	C5	64	82	0	3
1664	202.120972	202.325978	A4	64	122	0	5
1665	202.120972	202.403990	A3	64	86	1	-4
1666	202.338678	202.667958	A4	64	96	0	5
1667	202.338678	202.678843	C5	64	92	0	3
1668	202.338678	202.687007	E4	64	86	0	5
1669	202.774090	202.948255	A4	64	93	0	5
1670	202.774090	202.961861	C5	64	89	0	3
1671	202.774090	203.080692	E4	64	78	0	5
1672	202.991796	203.133305	D4	64	92	0	3
1673	202.991796	203.692990	D2	64	70	1	-3
1674	203.427208	203.547853	D4	64	93	0	3
1675	203.427208	203.526083	F4	64	93	0	1
1676	203.427208	203.532432	D4	64	85	0	3
1677	203.427208	203.544225	A4	64	90	0	5
1678	203.644914	203.756488	E4	64	96	0	5
1679	203.644914	203.770095	A4	64	78	0	5
1680	203.644914	203.779166	F4	64	92	0	1
1681	203.644914	203.785516	D4	64	82	0	3
1682	203.862620	204.011385	G4	64	107	0	3
1683	203.862620	204.302567	E2	64	81	1	-1
1684	204.298032	204.395999	G4	64	90	0	3
1685	204.298032	204.432284	E4	64	78	0	5
1686	204.298032	204.433191	G4	64	99	0	3
1687	204.298032	204.435912	B4	64	93	0	2
1688	204.515738	204.649083	E4	64	97	0	5
1689	204.515738	204.637290	B4	64	83	0	2
1690	204.515738	204.641826	G4	64	86	0	3
1691	204.515738	204.651804	E4	64	77	0	5
1692	204.733444	204.842297	D4	64	89	0	3
1693	204.733444	205.197883	D2	64	92	1	-3
1694	204.951150	205.082680	E4	64	82	0	5
1695	205.168856	205.299479	D4	64	96	0	3
1696	205.168856	205.285873	F4	64	90	0	1
1697	205.168856	205.291315	D4	64	79	0	3
1698	205.168856	205.300386	A4	64	90	0	5
1699	205.386562	205.481808	C4	64	89	0	1
1700	205.386562	205.503579	D4	64	78	0	3
1701	205.386562	205.506300	F4	64	89	0	1
1702	205.386562	205.507207	A4	64	76	0	5
1703	205.604268	205.862794	A3	64	100	1	-4
1704	205.604268	206.169396	A2	64	58	1	-1
1705	205.821974	206.130391	C5	64	93	0	3
1706	205.821974	206.132205	A4	64	99	0	5
1707	205.821974	206.133112	E4	64	86	0	5
1708	206.039680	206.225637	A3	64	59	1	-4
1709	206.039680	206.380752	E3	64	48	1	-4
1710	206.257386	206.492327	A4	64	96	0	5
1711	206.257386	206.502305	C5	64	96	0	3
1712	206.257386	206.516819	E4	64	89	0	5
1713	206.480534	208.293844	D4	64	82	0	3
1714	206.502305	208.043482	D2	64	31	1	-3
1715	206.516819	208.049832	A2	64	58	1	-1
1716	206.520447	208.102444	F4	64	86	0	1
1717	206.524076	208.072510	D3	64	56	1	-1
1718	206.598458	208.112422	A4	64	102	0	5
1719	208.438981	210.133460	E4	64	85	0	5
1720	208.491594	210.121667	G4	64	70	0	3
1721	208.527878	210.200586	E2	64	31	1	-1
1722	208.536042	210.161580	B2	64	46	1	-4
1723	208.546927	209.910311	E3	64	52	1	-4
1724	208.571419	210.146159	B4	64	97	0	2
1725	211.368941	211.797096	E2	64	66	1	-1
1726	211.389805	212.050180	E4	64	67	0	5
1727	211.397969	212.036573	B4	64	69	0	2
1728	211.399783	212.071043	G4	64	72	0	3
1729	212.577209	213.372743	E4	64	72	0	5
1730	212.628915	212.808522	G4	64	57	0	3
1731	212.684248	213.353694	A4	64	72	0	5
1732	212.735046	216.793449	A2	64	85	1	-1
1733	212.737768	213.338273	C5	64	72	0	3
1734	213.301082	216.758979	E3	64	57	1	-4
1735	213.506996	216.778028	A3	64	71	1	-4
1736	213.706559	214.034025	C4	64	58	0	1
1737	213.890702	214.063960	E4	64	58	0	5
1738	214.039468	214.097523	G4	64	63	0	3
1739	214.223611	214.648138	A4	64	77	0	5
1740	214.468530	214.878543	B4	64	76	0	2
1741	214.681701	214.919363	C5	64	69	0	3
1742	214.898500	214.979232	E5	64	60	0	2
1743	215.176982	216.788006	A5	64	40	0	2
1744	215.432787	216.768050	C6	64	54	0	5
1745	215.685870	216.760793	E6	64	52	0	4
1746	215.973423	216.753536	A6	64	69	0	4
