//Version: PianoFingering_v170101
0	3.038456	3.801275	B2	64	72	1	-4
1	3.294865	3.820505	F#3	64	47	1	-2
2	3.551275	4.021360	B3	64	63	1	-2
3	3.807685	4.108966	F#4	64	83	0	2
4	4.064095	4.799136	A#2	64	82	1	-5
5	4.320504	5.079050	A#3	64	53	1	-3
6	4.576914	5.083323	C#4	64	41	0	2
7	4.833324	5.091870	F#4	64	63	0	2
8	5.089734	6.623919	G#2	64	59	1	-2
9	5.346143	6.258535	G#3	64	44	1	-5
10	5.602553	6.771354	B3	64	52	1	-2
11	5.858963	7.143148	G#4	64	86	0	4
12	6.371782	6.555543	G#3	64	32	1	-5
13	6.628192	7.098277	D#4	64	54	0	4
14	7.141012	8.423060	E2	64	71	1	-1
15	7.397421	8.487163	B2	64	41	1	-4
16	7.653831	8.502120	E3	64	57	1	-4
17	7.910241	8.711521	G#4	64	70	0	4
18	7.910241	8.720068	B3	64	37	1	-2
19	9.192290	10.046989	F#4	64	55	0	2
20	9.192290	10.119638	C#4	64	49	0	2
21	9.192290	10.271347	A#3	64	56	1	-3
22	9.192290	10.688013	F#2	64	69	1	-4
23	10.217929	10.822628	C#4	64	37	0	2
24	10.217929	11.322627	F#4	64	62	0	2
25	10.474338	10.873910	F#3	64	53	1	-2
26	10.730748	11.254251	A#3	64	71	1	-3
27	10.987158	11.267072	C#4	64	53	0	2
28	11.243568	11.903823	B2	64	68	1	-4
29	11.499977	11.935874	F#3	64	48	1	-2
30	11.756387	12.222198	B3	64	89	1	-2
31	12.012797	12.309805	F#4	64	90	0	2
32	12.269207	13.181598	A#2	64	75	1	-5
33	12.525616	12.886727	A#3	64	64	1	-3
34	12.782026	13.305529	D#4	64	74	0	4
35	13.294846	15.044842	G#2	64	67	1	-2
36	13.551255	14.846125	G#3	64	78	1	-5
37	13.807665	15.444414	B3	64	50	1	-2
38	14.064075	15.331166	G#4	64	31	0	4
39	14.064075	15.395269	D#4	64	56	0	4
40	15.346124	16.685864	E2	64	66	1	-1
41	15.602533	16.784155	B2	64	47	1	-4
42	15.858943	16.837574	E3	64	66	1	-4
43	16.115353	17.399538	G#3	64	69	1	-5
44	16.115353	17.401675	B3	64	66	1	-2
45	16.115353	17.431590	E4	64	66	0	5
46	17.397402	18.895262	F#2	64	72	1	-4
47	17.653811	18.782014	C#3	64	28	1	-2
48	17.910221	18.506374	F#3	64	58	1	-2
49	18.166631	18.728595	A#3	64	66	1	-3
50	18.166631	19.410218	C#4	64	71	0	2
51	18.166631	19.429449	F#4	64	64	0	2
52	18.679450	19.064065	F#3	64	59	1	-2
53	18.935860	19.378167	A#3	64	65	1	-3
54	19.448680	20.211499	B2	64	75	1	-4
55	19.705089	20.316199	F#3	64	68	1	-2
56	19.961499	20.403806	B3	64	83	1	-2
57	20.217909	20.519190	F#4	64	90	0	2
58	20.474319	21.395257	A#2	64	73	1	-5
59	20.730728	21.089702	A#3	64	75	1	-3
60	20.987138	21.472180	F#4	64	85	0	2
61	21.243548	21.467906	A#3	64	79	1	-3
62	21.499958	23.049100	G#2	64	68	1	-2
63	21.756367	22.564058	G#3	64	69	1	-5
64	22.012777	22.423033	B3	64	64	1	-2
65	22.269187	23.542689	G#4	64	89	0	4
66	22.269187	23.673030	D#4	64	85	0	4
67	22.782006	22.993544	G#3	64	50	1	-5
68	23.038416	23.944397	B3	64	74	1	-2
69	23.551236	24.893113	E2	64	73	1	-1
70	23.807645	24.929438	B2	64	50	1	-4
71	24.064055	24.628156	E3	64	79	1	-4
72	24.320465	24.416618	B3	64	40	1	-2
73	24.320465	25.589693	E4	64	75	0	5
74	24.320465	25.619608	G#4	64	66	0	4
75	24.833284	25.049096	E3	64	78	1	-4
76	25.089694	25.634565	B3	64	71	1	-2
77	25.602514	27.113194	F#2	64	79	1	-4
78	25.858923	27.068323	C#3	64	69	1	-2
79	26.115333	26.645247	F#3	64	79	1	-2
80	26.371743	26.927297	A#3	64	86	1	-3
81	26.371743	27.666612	F#4	64	81	0	2
82	26.371743	27.711484	C#4	64	90	0	2
83	26.884562	27.237126	F#3	64	77	1	-2
84	27.140972	27.478578	A#3	64	83	1	-3
85	27.653792	28.373876	B2	64	73	1	-4
86	27.910201	28.399517	F#3	64	85	1	-2
87	28.166611	28.653790	B3	64	66	1	-2
88	28.423021	28.484986	A#2	64	36	1	-5
89	28.423021	28.775584	F#4	64	96	0	2
90	28.679431	29.581138	A#2	64	77	1	-5
91	28.935840	29.279857	A#3	64	82	1	-3
92	29.192250	29.660198	F#4	64	77	0	2
93	29.448660	29.679429	A#3	64	69	1	-3
94	29.705070	31.296947	G#2	64	77	1	-2
95	29.961479	30.786264	G#3	64	69	1	-5
96	30.217889	31.055494	B3	64	63	1	-2
97	30.474299	31.705066	G#4	64	88	0	4
98	30.474299	31.884552	D#4	64	85	0	4
99	30.987118	31.194383	G#3	64	59	1	-5
100	31.243528	31.931561	B3	64	57	1	-2
101	31.756348	33.166601	E2	64	81	1	-1
102	32.012757	33.202926	B2	64	47	1	-4
103	32.269167	32.914465	E3	64	72	1	-4
104	32.525577	33.025576	B3	64	47	1	-2
105	32.525577	33.828993	E4	64	72	0	5
106	32.525577	33.839677	G#4	64	66	0	4
107	33.038396	33.331131	E3	64	48	1	-4
108	33.294806	33.856771	B3	64	68	1	-2
109	33.807626	35.767023	F#2	64	70	1	-4
110	34.064035	35.816169	C#3	64	50	1	-2
111	34.320445	35.835399	F#3	64	73	1	-2
112	34.576855	35.895228	A#3	64	68	1	-3
113	35.858904	35.863177	C#4	64	78	0	2
114	35.858904	35.880271	F#4	64	59	0	2
115	35.858904	37.145226	F#2	64	66	1	-4
116	35.858904	37.267020	F#3	64	58	1	-2
117	35.858904	37.339670	A#4	64	60	0	1
118	37.910182	38.615308	B2	64	69	1	-4
119	38.166591	38.527702	D#4	64	102	0	4
120	38.166591	38.472146	F#3	64	47	1	-2
121	38.423001	38.843940	B3	64	69	1	-2
122	38.679411	38.779838	D#4	64	112	0	4
123	38.679411	39.004196	F#4	64	85	0	2
124	38.935821	39.243512	D#4	64	107	0	4
125	38.935821	39.903767	A#2	64	63	1	-5
126	39.192230	39.254196	C#4	64	122	0	2
127	39.192230	39.596076	A#3	64	64	1	-3
128	39.448640	39.658041	C#4	64	112	0	2
129	39.448640	39.997784	F#4	64	75	0	2
130	39.705050	39.803340	D#4	64	107	0	4
131	39.961460	40.196502	C#4	64	102	0	2
132	39.961460	41.540516	G#2	64	71	1	-2
133	40.217869	40.311886	B3	64	78	1	-2
134	40.217869	41.414448	G#3	64	48	1	-5
135	40.474279	40.739236	A#3	64	100	1	-3
136	40.474279	42.664446	B3	64	45	1	-2
137	40.730689	41.461457	B3	64	83	1	-2
138	40.730689	42.070430	G#4	64	69	0	4
139	40.730689	42.598206	D#4	64	58	0	4
140	41.756328	41.946498	B3	64	83	1	-2
141	42.012738	43.281966	E2	64	65	1	-1
142	42.269147	42.292652	F#3	64	86	1	-2
143	42.269147	43.307607	B2	64	53	1	-4
144	42.525557	43.416581	E3	64	70	1	-4
145	42.781967	43.286239	B3	64	99	1	-2
146	42.781967	43.256325	B3	64	37	1	-2
147	42.781967	44.046922	E4	64	77	0	5
148	42.781967	44.064016	G#4	64	83	0	4
149	43.551196	44.215725	B3	64	15	1	-2
150	43.807606	44.036238	B3	64	78	1	-2
151	44.064016	44.160169	F#3	64	72	1	-2
152	44.064016	45.602474	F#2	64	58	1	-4
153	44.320425	44.422989	F#3	64	70	1	-2
154	44.320425	45.553329	C#3	64	52	1	-2
155	44.576835	44.698630	F#3	64	85	1	-2
156	44.576835	45.042646	F#3	64	73	1	-2
157	44.833245	45.072561	B3	64	93	1	-2
158	44.833245	45.414440	C#4	64	92	0	2
159	44.833245	46.111020	F#4	64	73	0	2
160	45.089655	45.521278	C#4	64	99	0	2
161	45.089655	45.818286	A#3	64	74	1	-3
162	45.346064	45.713585	F#3	64	76	1	-2
163	45.602474	46.061875	C#4	64	42	0	2
164	46.115294	46.790506	B2	64	77	1	-4
165	46.371703	46.448626	D#4	64	107	0	4
166	46.371703	47.049052	B3	64	57	1	-2
167	46.628113	46.711446	D#4	64	99	0	4
168	46.628113	47.102471	F#4	64	99	0	2
169	46.884523	46.946488	D#4	64	100	0	4
170	46.884523	47.181531	D#4	64	62	0	4
171	47.140933	47.365291	D#4	64	122	0	4
172	47.140933	47.820418	A#2	64	86	1	-5
173	47.397342	47.469992	C#4	64	89	0	2
174	47.397342	47.882384	A#3	64	70	1	-3
175	47.653752	47.903752	C#4	64	117	0	2
176	47.653752	48.183666	F#4	64	86	0	2
177	47.910162	47.999905	D#4	64	112	0	4
178	48.166572	48.399477	C#4	64	112	0	2
179	48.166572	49.799047	G#2	64	73	1	-2
180	48.422981	48.568280	B3	64	86	1	-2
181	48.422981	49.769132	G#3	64	67	1	-5
182	48.679391	48.905886	A#3	64	96	1	-3
183	48.679391	50.320413	B3	64	58	1	-2
184	48.935801	49.354603	B3	64	88	1	-2
185	48.935801	50.226397	D#4	64	59	0	4
186	48.935801	50.247764	G#4	64	79	0	4
187	49.961440	50.198619	B3	64	83	1	-2
188	50.217850	50.405883	F#3	64	75	1	-2
189	50.217850	51.681522	E2	64	65	1	-1
190	50.474259	50.576823	F#3	64	92	1	-2
191	50.474259	51.737077	B2	64	52	1	-4
192	50.730669	51.354599	E3	64	86	1	-4
193	50.987079	51.478531	B3	64	93	1	-2
194	50.987079	52.281948	E4	64	75	0	5
195	50.987079	52.313999	G#4	64	85	0	4
196	51.499898	51.805453	E3	64	69	1	-4
197	51.756308	51.873829	B3	64	88	1	-2
198	51.756308	52.307589	B3	64	75	1	-2
199	52.012718	52.168700	B3	64	82	1	-2
200	52.269128	52.491349	F#3	64	90	1	-2
201	52.269128	53.683655	F#2	64	71	1	-4
202	52.525537	52.683657	F#3	64	86	1	-2
203	52.525537	53.724253	C#3	64	69	1	-2
204	52.781947	53.365279	F#3	64	92	1	-2
205	53.038357	53.666561	C#4	64	107	0	2
206	53.038357	53.380236	A#3	64	97	1	-3
207	53.294767	54.307585	F#4	64	93	0	2
208	53.294767	54.339636	C#4	64	86	0	2
209	53.551176	53.910150	F#3	64	78	1	-2
210	53.807586	54.258440	A#3	64	88	1	-3
211	54.320406	55.183652	B2	64	82	1	-4
212	54.576815	54.662285	D#4	64	93	0	4
213	54.576815	55.205019	B3	64	77	1	-2
214	54.833225	54.922968	D#4	64	97	0	4
215	54.833225	55.324677	F#4	64	112	0	2
216	55.089635	55.172968	D#4	64	100	0	4
217	55.089635	55.375959	D#4	64	89	0	4
218	55.346045	55.435788	D#4	64	122	0	4
219	55.346045	55.927240	A#2	64	89	1	-5
220	55.602454	55.690061	C#4	64	90	0	2
221	55.602454	56.388778	A#3	64	79	1	-3
222	55.858864	55.957154	C#4	64	100	0	2
223	55.858864	56.422965	F#4	64	83	0	2
224	56.115274	56.224248	D#4	64	89	0	4
225	56.371684	56.499888	C#4	64	100	0	2
226	56.371684	57.843903	G#2	64	72	1	-2
227	56.628093	56.719973	B3	64	85	1	-2
228	56.628093	57.739202	G#3	64	67	1	-5
229	56.884503	57.119545	A#3	64	93	1	-3
230	56.884503	57.754159	B3	64	65	1	-2
231	57.140913	57.581083	B3	64	89	1	-2
232	57.140913	58.397321	G#4	64	90	0	4
233	57.140913	58.566124	D#4	64	76	0	4
234	57.910142	58.504158	B3	64	76	1	-2
235	58.166552	58.256295	B3	64	83	1	-2
236	58.422962	58.730653	F#3	64	95	1	-2
237	58.422962	59.929369	E2	64	67	1	-1
238	58.679371	59.950736	B2	64	38	1	-4
239	58.935781	59.121678	F#3	64	96	1	-2
240	58.935781	59.538344	E3	64	76	1	-4
241	59.192191	59.651592	B3	64	95	1	-2
242	59.192191	59.749882	B3	64	76	1	-2
243	59.192191	60.525521	E4	64	77	0	5
244	59.192191	60.557573	G#4	64	70	0	4
245	59.705010	59.850309	B3	64	107	1	-2
246	59.705010	59.974241	E3	64	48	1	-4
247	59.961420	60.493470	B3	64	79	1	-2
248	60.217830	60.369539	B3	64	92	1	-2
249	60.474240	60.837487	F#3	64	86	1	-2
250	60.474240	61.920818	F#2	64	79	1	-4
251	60.730649	61.884493	C#3	64	47	1	-2
252	60.987059	61.187913	F#3	64	86	1	-2
253	60.987059	61.448597	F#3	64	83	1	-2
254	61.243469	61.645177	C#4	64	107	0	2
255	61.243469	61.649451	C#4	64	81	0	2
256	61.243469	62.476372	A#4	64	88	0	1
257	61.243469	62.506287	F#4	64	88	0	2
258	61.756288	61.942185	C#4	64	127	0	2
259	61.756288	62.166544	F#3	64	72	1	-2
260	62.012698	62.523381	C#4	64	93	0	2
261	62.525518	63.318251	B2	64	77	1	-4
262	62.781927	62.875944	D#4	64	112	0	4
263	62.781927	63.322525	F#3	64	56	1	-2
264	63.038337	63.134491	D#4	64	95	0	4
265	63.038337	63.531926	B3	64	72	1	-2
266	63.294747	63.393037	D#4	64	107	0	4
267	63.294747	63.568251	F#4	64	93	0	2
268	63.294747	63.574661	D#4	64	83	0	4
269	63.551157	63.677225	D#4	64	107	0	4
270	63.551157	64.519103	A#2	64	92	1	-5
271	63.807566	63.897310	C#4	64	96	0	2
272	63.807566	64.155856	A#3	64	77	1	-3
273	64.063976	64.222095	C#4	64	100	0	2
274	64.063976	64.581069	F#4	64	96	0	2
275	64.320386	64.442180	D#4	64	89	0	4
276	64.576796	64.715684	C#4	64	112	0	2
277	64.576796	66.036194	G#2	64	88	1	-2
278	64.833205	65.123803	B3	64	93	1	-2
279	64.833205	65.625939	G#3	64	81	1	-5
280	65.089615	65.322521	A#3	64	93	1	-3
281	65.089615	65.901579	B3	64	58	1	-2
282	65.346025	65.843887	B3	64	95	1	-2
283	65.346025	66.602433	D#4	64	86	0	4
284	65.346025	66.655851	G#4	64	95	0	4
285	65.858844	66.006280	G#3	64	59	1	-5
286	66.115254	66.698586	B3	64	83	1	-2
287	66.371664	66.544740	B3	64	89	1	-2
288	66.628074	66.869526	F#3	64	89	1	-2
289	66.628074	68.091746	E2	64	75	1	-1
290	66.884483	67.014825	F#3	64	88	1	-2
291	66.884483	68.202857	B2	64	42	1	-4
292	67.140893	67.758413	E3	64	76	1	-4
293	67.397303	68.044737	B3	64	92	1	-2
294	67.397303	67.931490	B3	64	67	1	-2
295	67.397303	68.677215	E4	64	83	0	5
296	67.397303	68.717813	G#4	64	89	0	4
297	67.910122	68.198583	E3	64	47	1	-4
298	68.166532	68.666531	B3	64	74	1	-2
299	68.422942	68.512685	F#3	64	92	1	-2
300	68.679352	68.771232	C#4	64	100	0	2
301	68.679352	70.715672	F#2	64	63	1	-4
302	68.935761	69.019094	C#4	64	107	0	2
303	68.935761	70.653707	C#3	64	56	1	-2
304	69.192171	69.311829	C#4	64	122	0	2
305	69.192171	69.640888	F#3	64	81	1	-2
306	69.448581	69.613110	B3	64	95	1	-2
307	69.448581	69.948580	C#4	64	97	0	2
308	69.448581	70.700715	F#4	64	96	0	2
309	69.448581	70.743450	A#4	64	93	0	1
310	69.704991	69.976358	D#4	64	107	0	4
311	69.961400	70.117383	C#4	64	102	0	2
312	69.961400	70.702852	F#3	64	85	1	-2
313	70.217810	70.713536	C#4	64	112	0	2
314	70.217810	70.685758	C#4	64	112	0	2
315	70.730630	71.309688	B3	64	96	1	-2
316	70.730630	71.726354	B2	64	78	1	-4
317	70.987039	71.696440	B3	64	75	1	-2
318	71.243449	71.335329	D#4	64	127	0	4
319	71.243449	71.854559	F#4	64	112	0	2
320	71.499859	71.664388	D#4	64	102	0	4
321	71.756269	71.987037	C#4	64	107	0	2
322	71.756269	72.386609	A#2	64	72	1	-5
323	72.012678	72.130199	B3	64	83	1	-2
324	72.012678	72.764814	A#3	64	78	1	-3
325	72.269088	72.786181	B3	64	97	1	-2
326	72.269088	72.762677	F#4	64	67	0	2
327	72.781908	73.472077	G#2	64	81	1	-2
328	73.038317	73.403701	G#3	64	88	1	-5
329	73.294727	73.380197	D#4	64	112	0	4
330	73.294727	73.799000	B3	64	82	1	-2
331	73.551137	73.683615	D#4	64	100	0	4
332	73.807547	74.031905	F#4	64	100	0	2
333	73.807547	74.724211	F#2	64	72	1	-4
334	74.063956	74.311819	C#4	64	95	0	2
335	74.063956	74.771220	F#3	64	76	1	-2
336	74.320366	74.709254	A#3	64	43	1	-3
337	74.320366	74.754126	C#4	64	92	0	2
338	74.833186	74.895151	B3	64	99	1	-2
339	74.833186	75.711389	E2	64	65	1	-1
340	75.089595	75.747714	B2	64	44	1	-4
341	75.346005	75.555406	G#3	64	97	1	-5
342	75.346005	75.685748	E3	64	72	1	-4
343	75.602415	75.989166	B3	64	97	1	-2
344	75.602415	75.786175	B3	64	70	1	-2
345	75.602415	75.792585	E4	64	71	0	5
346	75.602415	75.837457	G#4	64	67	0	4
347	75.858825	76.521216	D#2	64	93	1	-2
348	76.115234	76.294721	B3	64	92	1	-2
349	76.115234	76.839592	D#3	64	68	1	-5
350	76.371644	76.501986	F#3	64	88	1	-2
351	76.371644	76.835318	F#4	64	81	0	2
352	76.371644	76.846002	A#4	64	77	0	1
353	76.371644	76.880190	D#4	64	71	0	4
354	76.628054	76.769079	F#3	64	70	1	-2
355	76.884464	77.125916	C#4	64	97	0	2
356	76.884464	78.014803	F#2	64	78	1	-4
357	77.140873	77.215659	C#4	64	107	0	2
358	77.140873	77.807539	F#3	64	85	1	-2
359	77.397283	77.525488	C#4	64	112	0	2
360	77.397283	77.933607	A#3	64	65	1	-3
361	77.653693	77.796855	B3	64	86	1	-2
362	77.653693	77.948564	C#4	64	58	0	2
363	77.653693	77.967795	F#4	64	65	0	2
364	77.910103	78.281897	D#4	64	112	0	4
365	77.910103	78.450700	G2	64	66	1	-3
366	77.910103	78.784032	G3	64	89	1	-1
367	78.422922	79.068220	D#4	64	112	0	4
368	78.935742	79.816082	G#2	64	82	1	-2
369	79.192151	79.749842	G#3	64	72	1	-5
370	79.448561	79.557535	D#4	64	102	0	4
371	79.448561	79.976338	B3	64	59	1	-2
372	79.704971	79.807535	D#4	64	99	0	4
373	79.704971	79.961381	G#4	64	102	0	4
374	79.704971	79.987022	D#4	64	90	0	4
375	79.961381	80.181466	C#4	64	112	0	2
376	79.961381	80.907960	F#2	64	88	1	-4
377	80.217790	80.322491	B3	64	82	1	-2
378	80.217790	80.326764	G#3	64	27	1	-5
379	80.217790	80.407961	F#3	64	48	1	-2
380	80.474200	80.820353	B3	64	96	1	-2
381	80.474200	80.929327	C#4	64	59	0	2
382	80.474200	80.957105	A#3	64	45	1	-3
383	80.730610	80.972062	F#3	64	90	1	-2
384	80.987020	81.745565	E2	64	64	1	-1
385	81.243429	81.801120	B2	64	42	1	-4
386	81.499839	81.585309	D#4	64	102	0	4
387	81.499839	81.754112	E3	64	76	1	-4
388	81.756249	81.848129	D#4	64	112	0	4
389	81.756249	81.942146	E4	64	70	0	5
390	81.756249	81.965650	B3	64	72	1	-2
391	81.756249	81.969924	G#4	64	61	0	4
392	82.012659	82.151547	F#4	64	117	0	2
393	82.012659	82.811802	D#2	64	89	1	-2
394	82.269068	82.416504	D#4	64	97	0	4
395	82.269068	82.935734	D#3	64	74	1	-5
396	82.525478	82.993426	B3	64	96	1	-2
397	82.525478	83.029751	F#4	64	88	0	2
398	82.525478	83.038298	A#4	64	69	0	1
399	82.781888	83.014793	D#4	64	90	0	4
400	83.038298	84.587440	C#2	64	67	1	-4
401	83.294707	83.380177	F#3	64	92	1	-2
402	83.294707	84.123765	C#3	64	58	1	-2
403	83.551117	83.679322	B3	64	112	1	-2
404	83.551117	84.734875	E3	64	60	1	-4
405	83.807527	83.912227	B3	64	89	1	-2
406	83.807527	84.489149	C#4	64	95	0	2
407	83.807527	84.504107	G#3	64	81	1	-5
408	84.063937	84.149406	B3	64	92	1	-2
409	84.320346	84.482739	B3	64	127	1	-2
410	84.320346	84.946413	C#3	64	62	1	-2
411	84.576756	85.023336	G#3	64	73	1	-5
412	84.576756	85.046841	C#4	64	88	0	2
413	84.833166	84.940003	F#3	64	96	1	-2
414	84.833166	85.010516	E3	64	62	1	-4
415	85.089576	85.166498	C#4	64	97	0	2
416	85.089576	87.108802	F#2	64	69	1	-4
417	85.345985	85.429318	C#4	64	107	0	2
418	85.345985	86.965640	C#3	64	29	1	-2
419	85.602395	85.677181	C#4	64	117	0	2
420	85.602395	86.010514	F#3	64	90	1	-2
421	85.858805	85.987010	B3	64	90	1	-2
422	85.858805	86.454957	F#4	64	76	0	2
423	85.858805	86.484872	C#4	64	93	0	2
424	85.858805	86.516923	A#3	64	92	1	-3
425	86.115215	86.474188	D#4	64	122	0	4
426	86.371624	87.066067	F#3	64	92	1	-2
427	86.628034	87.055384	D#4	64	127	0	4
428	86.628034	87.083161	C#4	64	107	0	2
429	86.628034	87.125896	F#4	64	96	0	2
430	86.884444	87.108802	A#3	64	90	1	-3
431	87.140854	87.230597	E4	64	102	0	5
432	87.140854	87.837433	C#2	64	85	1	-4
433	87.397263	87.491280	E4	64	93	0	5
434	87.397263	88.140852	C#3	64	72	1	-2
435	87.653673	87.747690	E4	64	93	0	5
436	87.653673	88.078886	E4	64	83	0	5
437	87.653673	88.128031	G#4	64	96	0	4
438	87.910083	88.027604	E4	64	97	0	5
439	87.910083	88.183587	C#4	64	86	0	2
440	88.166493	88.559654	F#4	64	117	0	2
441	88.166493	88.818201	D#2	64	92	1	-2
442	88.422902	89.087431	D#3	64	85	1	-5
443	88.679312	89.010508	F#4	64	117	0	2
444	88.679312	89.083157	F#4	64	102	0	2
445	88.679312	89.091704	A#4	64	95	0	1
446	88.935722	89.117345	D#4	64	73	0	4
447	89.192132	89.433584	D#4	64	117	0	4
448	89.192132	89.660079	A#4	64	68	0	1
449	89.192132	89.828882	F#4	64	66	0	2
450	89.192132	89.850250	C#4	64	89	0	2
451	89.192132	90.384437	A#2	64	81	1	-5
452	89.448541	89.551105	C#4	64	100	0	2
453	89.704951	89.850250	C#4	64	127	0	2
454	89.961361	90.104523	B3	64	99	1	-2
455	89.961361	90.568197	A#4	64	86	0	1
456	89.961361	90.574607	F#4	64	93	0	2
457	89.961361	90.595975	C#4	64	85	0	2
458	90.217771	90.551103	C#4	64	122	0	2
459	90.474180	90.781872	A#2	64	55	1	-5
460	90.730590	90.777598	C#4	64	37	0	2
461	90.730590	91.115205	F#4	64	96	0	2
462	90.730590	91.121615	A#4	64	93	0	1
463	90.987000	91.189991	C#4	64	33	0	2
464	91.243410	91.313922	D#4	64	122	0	4
465	91.243410	92.061784	B2	64	76	1	-4
466	91.499819	91.576742	D#4	64	102	0	4
467	91.499819	92.140844	B3	64	81	1	-2
468	91.756229	91.831015	D#4	64	97	0	4
469	91.756229	92.260502	F#4	64	117	0	2
470	92.012639	92.098109	D#4	64	112	0	4
471	92.012639	92.307510	D#4	64	69	0	4
472	92.269049	92.766911	F#4	64	127	0	2
473	92.269049	93.256226	A#2	64	92	1	-5
474	92.525458	93.130158	A#3	64	70	1	-3
475	92.781868	93.093833	G#4	64	127	0	4
476	92.781868	93.200671	F#4	64	93	0	2
477	93.038278	93.348106	D#4	64	66	0	4
478	93.294688	93.649388	B3	64	122	1	-2
479	93.294688	94.884428	G#2	64	88	1	-2
480	93.551097	94.286139	G#3	64	70	1	-5
481	93.807507	94.219899	A#3	64	112	1	-3
482	93.807507	94.574600	B3	64	65	1	-2
483	94.063917	95.157932	D#4	64	90	0	4
484	94.063917	95.224171	G#4	64	95	0	4
485	94.320327	94.781864	G#3	64	112	1	-5
486	94.576736	94.803232	G#3	64	61	1	-5
487	94.833146	95.217761	B3	64	79	1	-2
488	95.345966	95.435709	E4	64	99	0	5
489	95.345966	96.386562	C#3	64	90	1	-2
490	95.602375	95.694255	E4	64	86	0	5
491	95.602375	95.961349	C#4	64	77	0	2
492	95.858785	95.950665	E4	64	95	0	5
493	95.858785	96.014768	E4	64	58	0	5
494	95.858785	96.247673	G#4	64	93	0	4
495	96.115195	96.207075	E4	64	93	0	5
496	96.115195	96.339553	C#4	64	82	0	2
497	96.371605	96.762629	F#4	64	127	0	2
498	96.371605	96.892971	D#3	64	81	1	-5
499	96.628014	96.995535	A#3	64	63	1	-3
500	96.884424	96.982714	F#4	64	127	0	2
501	96.884424	97.333141	D#4	64	81	0	4
502	96.884424	97.333141	F#4	64	97	0	2
503	97.140834	97.243398	F#4	64	117	0	2
504	97.397244	97.666474	D#4	64	122	0	4
505	97.397244	97.986986	F#4	64	52	0	2
506	97.397244	98.021174	C#4	64	77	0	2
507	97.397244	98.029721	A#3	64	89	1	-3
508	97.397244	98.598096	A#2	64	83	1	-5
509	97.653653	97.764764	C#4	64	79	0	2
510	97.910063	98.157926	C#4	64	112	0	2
511	98.166473	98.461344	B3	64	82	1	-2
512	98.166473	98.798950	F#4	64	79	0	2
513	98.166473	98.801087	C#4	64	88	0	2
514	98.166473	98.839548	A#3	64	90	1	-3
515	98.422883	98.811771	C#4	64	112	0	2
516	98.679292	98.927155	A#2	64	44	1	-5
517	98.935702	99.151514	B3	64	99	1	-2
518	98.935702	99.367325	F#4	64	89	0	2
519	98.935702	99.403650	C#4	64	99	0	2
520	99.192112	99.305359	C#4	64	99	0	2
521	99.448522	99.843820	D#4	64	122	0	4
522	99.448522	100.160059	B2	64	74	1	-4
523	99.704931	100.147238	F#3	64	76	1	-2
524	99.961341	100.309631	F#4	64	100	0	2
525	99.961341	100.401511	B3	64	65	1	-2
526	100.217751	100.467750	F#4	64	90	0	2
527	100.217751	100.474161	D#4	64	72	0	4
528	100.474161	101.010484	C#4	64	112	0	2
529	100.474161	101.145099	A#2	64	77	1	-5
530	100.730570	101.128005	A#3	64	73	1	-3
531	100.986980	101.452791	F#4	64	122	0	2
532	100.986980	101.427150	F#4	64	96	0	2
533	101.499800	103.055352	G#2	64	89	1	-2
534	101.756209	103.087403	B3	64	95	1	-2
535	101.756209	102.437832	G#3	64	74	1	-5
536	102.012619	102.771165	B3	64	45	1	-2
537	102.269029	103.506206	D#4	64	100	0	4
538	102.781848	103.008344	G#3	64	88	1	-5
539	103.038258	103.563898	B3	64	82	1	-2
540	103.551078	105.482698	C#2	64	81	1	-4
541	103.807487	104.698511	C#3	64	70	1	-2
542	104.063897	105.023297	C#4	64	64	0	2
543	104.320307	104.869451	E4	64	61	0	5
544	104.320307	104.942100	G#4	64	90	0	4
545	104.833126	105.589535	C#3	64	77	1	-2
546	105.089536	105.153638	C#4	64	36	0	2
547	105.089536	105.226288	E4	64	63	0	5
548	105.089536	105.264749	G#4	64	55	0	4
549	105.345946	105.493381	C#4	64	42	0	2
550	105.602356	106.138679	G#4	64	72	0	4
551	105.602356	106.162183	F4	64	74	0	1
552	105.602356	106.228423	C#4	64	70	0	2
553	105.602356	106.982695	C#2	64	83	1	-4
554	106.115175	106.675003	C#3	64	77	1	-2
555	106.371585	106.997652	C#4	64	88	0	2
556	106.371585	107.472010	G#4	64	88	0	4
557	106.371585	107.478420	F4	64	85	0	1
558	106.884404	107.168592	C#3	64	69	1	-2
559	107.140814	107.608762	C#4	64	73	0	2
560	107.653634	108.339530	A#4	64	62	0	1
561	107.653634	108.360897	D#4	64	74	0	4
562	107.653634	109.563886	A#2	64	85	1	-5
563	108.166453	109.745510	F3	64	47	1	-3
564	108.422863	109.031836	D#4	64	81	0	4
565	108.422863	110.337389	A#4	64	71	0	1
566	108.935682	110.875849	A#3	64	53	1	-3
567	109.192092	110.395081	D#4	64	79	0	4
568	109.704912	111.177131	A#2	64	69	1	-5
569	110.217731	111.057473	F3	64	40	1	-3
570	110.474141	111.106618	D#4	64	93	0	4
571	110.474141	111.326703	A#4	64	90	0	1
572	110.986960	111.134396	A#3	64	55	1	-3
573	111.243370	111.476276	D#4	64	97	0	4
574	111.756190	112.283966	C#4	64	93	0	2
575	111.756190	112.337385	E4	64	77	0	5
576	111.756190	112.380120	G#4	64	90	0	4
577	111.756190	112.504051	C#2	64	95	1	-4
578	112.269009	112.764735	C#3	64	81	1	-2
579	112.781829	113.275417	D#2	64	89	1	-2
580	112.781829	113.356614	F#4	64	93	0	2
581	112.781829	113.356614	A#4	64	72	0	1
582	112.781829	113.386528	D#4	64	95	0	4
583	113.807468	114.474133	E4	64	69	0	5
584	113.807468	114.474133	G#4	64	72	0	4
585	113.807468	114.476270	C#4	64	53	0	2
586	113.807468	114.516868	A#3	64	74	1	-3
587	113.807468	115.311738	A#2	64	75	1	-5
588	114.576697	115.108747	A#3	64	63	1	-3
589	114.576697	115.397208	E4	64	83	0	5
590	114.576697	115.420712	G#4	64	83	0	4
591	114.576697	115.457037	C#4	64	90	0	2
592	115.345926	115.491225	A#3	64	86	1	-3
593	115.858746	116.501907	B3	64	90	1	-2
594	115.858746	116.739086	G#4	64	93	0	4
595	115.858746	116.754043	E4	64	90	0	5
596	115.858746	117.271136	E2	64	83	1	-1
597	116.115155	117.369426	B2	64	55	1	-4
598	116.371565	116.976265	E3	64	78	1	-4
599	116.627975	117.055324	B3	64	81	1	-2
600	116.884385	117.452759	E4	64	88	0	5
601	116.884385	117.495494	G#4	64	96	0	4
602	117.140794	117.395067	E3	64	83	1	-4
603	117.397204	117.467717	B3	64	86	1	-2
604	117.910024	119.786088	F#2	64	89	1	-4
605	118.166433	119.871558	C#3	64	42	1	-2
606	118.422843	118.997628	F#3	64	100	1	-2
607	118.679253	119.046773	F#4	64	78	0	2
608	118.935663	119.557456	A#4	64	97	0	1
609	118.935663	119.645063	C#5	64	112	0	4
610	119.192072	119.961302	F#3	64	90	1	-2
611	119.448482	119.961302	F#4	64	97	0	2
612	119.704892	119.961302	A#4	64	58	0	1
613	119.704892	119.961302	C#5	64	43	0	4
614	119.961302	124.063858	F#4	64	74	0	2
615	119.961302	124.083088	C#3	64	66	1	-2
616	119.961302	124.083088	A#4	64	63	0	1
617	119.961302	124.089499	C#4	64	88	0	2
618	119.961302	124.093772	F#3	64	69	1	-2
619	119.961302	124.138644	F#2	64	55	1	-4
620	124.063858	124.768984	B2	64	69	1	-4
621	124.320267	124.681378	D#4	64	102	0	4
622	124.320267	124.625822	F#3	64	47	1	-2
623	124.576677	124.997616	B3	64	69	1	-2
624	124.833087	124.933514	D#4	64	112	0	4
625	124.833087	125.157872	F#4	64	85	0	2
626	125.089497	125.397188	D#4	64	107	0	4
627	125.089497	126.057443	A#2	64	63	1	-5
628	125.345906	125.407872	C#4	64	122	0	2
629	125.345906	125.749752	A#3	64	64	1	-3
630	125.602316	125.811717	C#4	64	112	0	2
631	125.602316	126.151460	F#4	64	75	0	2
632	125.858726	125.957016	D#4	64	107	0	4
633	126.115136	126.350178	C#4	64	102	0	2
634	126.115136	127.694192	G#2	64	71	1	-2
635	126.371545	126.465562	B3	64	78	1	-2
636	126.371545	127.568124	G#3	64	48	1	-5
637	126.627955	126.892912	A#3	64	100	1	-3
638	126.627955	128.818122	B3	64	45	1	-2
639	126.884365	127.615133	B3	64	83	1	-2
640	126.884365	128.224106	G#4	64	69	0	4
641	126.884365	128.751882	D#4	64	58	0	4
642	127.910004	128.100174	B3	64	83	1	-2
643	128.166414	129.435642	E2	64	65	1	-1
644	128.422823	128.446328	F#3	64	86	1	-2
645	128.422823	129.461283	B2	64	53	1	-4
646	128.679233	129.570257	E3	64	70	1	-4
647	128.935643	129.439915	B3	64	99	1	-2
648	128.935643	129.410001	B3	64	37	1	-2
649	128.935643	130.200598	E4	64	77	0	5
650	128.935643	130.217692	G#4	64	83	0	4
651	129.704872	130.369401	B3	64	15	1	-2
652	129.961282	130.189914	B3	64	78	1	-2
653	130.217692	130.313845	F#3	64	72	1	-2
654	130.217692	131.756150	F#2	64	58	1	-4
655	130.474101	130.576665	F#3	64	70	1	-2
656	130.474101	131.707005	C#3	64	52	1	-2
657	130.730511	130.852306	F#3	64	85	1	-2
658	130.730511	131.196322	F#3	64	73	1	-2
659	130.986921	131.226237	B3	64	93	1	-2
660	130.986921	131.568116	C#4	64	92	0	2
661	130.986921	132.264696	F#4	64	73	0	2
662	131.243331	131.674954	C#4	64	99	0	2
663	131.243331	131.971962	A#3	64	74	1	-3
664	131.499740	131.867261	F#3	64	76	1	-2
665	131.756150	132.215551	C#4	64	42	0	2
666	132.268970	132.944182	B2	64	77	1	-4
667	132.525379	132.602302	D#4	64	107	0	4
668	132.525379	133.202728	B3	64	57	1	-2
669	132.781789	132.865122	D#4	64	99	0	4
670	132.781789	133.256147	F#4	64	99	0	2
671	133.038199	133.100164	D#4	64	100	0	4
672	133.038199	133.335207	D#4	64	62	0	4
673	133.294609	133.518967	D#4	64	122	0	4
674	133.294609	133.974094	A#2	64	86	1	-5
675	133.551018	133.623668	C#4	64	89	0	2
676	133.551018	134.036060	A#3	64	70	1	-3
677	133.807428	134.057428	C#4	64	117	0	2
678	133.807428	134.337342	F#4	64	86	0	2
679	134.063838	134.153581	D#4	64	112	0	4
680	134.320248	134.553153	C#4	64	112	0	2
681	134.320248	135.952723	G#2	64	73	1	-2
682	134.576657	134.721956	B3	64	86	1	-2
683	134.576657	135.922808	G#3	64	67	1	-5
684	134.833067	135.059562	A#3	64	96	1	-3
685	134.833067	136.474089	B3	64	58	1	-2
686	135.089477	135.508279	B3	64	88	1	-2
687	135.089477	136.380073	D#4	64	59	0	4
688	135.089477	136.401440	G#4	64	79	0	4
689	136.115116	136.352295	B3	64	83	1	-2
690	136.371526	136.559559	F#3	64	75	1	-2
691	136.371526	137.835198	E2	64	65	1	-1
692	136.627935	136.730499	F#3	64	92	1	-2
693	136.627935	137.890753	B2	64	52	1	-4
694	136.884345	137.508275	E3	64	86	1	-4
695	137.140755	137.632207	B3	64	93	1	-2
696	137.140755	138.435624	E4	64	75	0	5
697	137.140755	138.467675	G#4	64	85	0	4
698	137.653574	137.959129	E3	64	69	1	-4
699	137.909984	138.027505	B3	64	88	1	-2
700	137.909984	138.461265	B3	64	75	1	-2
701	138.166394	138.322376	B3	64	82	1	-2
702	138.422804	138.645025	F#3	64	90	1	-2
703	138.422804	139.837331	F#2	64	71	1	-4
704	138.679213	138.837333	F#3	64	86	1	-2
705	138.679213	139.877929	C#3	64	69	1	-2
706	138.935623	139.518955	F#3	64	92	1	-2
707	139.192033	139.820237	C#4	64	107	0	2
708	139.192033	139.533912	A#3	64	97	1	-3
709	139.448443	140.461261	F#4	64	93	0	2
710	139.448443	140.493312	C#4	64	86	0	2
711	139.704852	140.063826	F#3	64	78	1	-2
712	139.961262	140.412116	A#3	64	88	1	-3
713	140.474082	141.337328	B2	64	82	1	-4
714	140.730491	140.815961	D#4	64	93	0	4
715	140.730491	141.358695	B3	64	77	1	-2
716	140.986901	141.076644	D#4	64	97	0	4
717	140.986901	141.478353	F#4	64	112	0	2
718	141.243311	141.326644	D#4	64	100	0	4
719	141.243311	141.529635	D#4	64	89	0	4
720	141.499721	141.589464	D#4	64	122	0	4
721	141.499721	142.080916	A#2	64	89	1	-5
722	141.756130	141.843737	C#4	64	90	0	2
723	141.756130	142.542454	A#3	64	79	1	-3
724	142.012540	142.110830	C#4	64	100	0	2
725	142.012540	142.576641	F#4	64	83	0	2
726	142.268950	142.377924	D#4	64	89	0	4
727	142.525360	142.653564	C#4	64	100	0	2
728	142.525360	143.997579	G#2	64	72	1	-2
729	142.781769	142.873649	B3	64	85	1	-2
730	142.781769	143.892878	G#3	64	67	1	-5
731	143.038179	143.273221	A#3	64	93	1	-3
732	143.038179	143.907835	B3	64	65	1	-2
733	143.294589	143.734759	B3	64	89	1	-2
734	143.294589	144.550997	G#4	64	90	0	4
735	143.294589	144.719800	D#4	64	76	0	4
736	144.063818	144.657834	B3	64	76	1	-2
737	144.320228	144.409971	B3	64	83	1	-2
738	144.576638	144.884329	F#3	64	95	1	-2
739	144.576638	146.083045	E2	64	67	1	-1
740	144.833047	146.104412	B2	64	38	1	-4
741	145.089457	145.275354	F#3	64	96	1	-2
742	145.089457	145.692020	E3	64	76	1	-4
743	145.345867	145.805268	B3	64	95	1	-2
744	145.345867	145.903558	B3	64	76	1	-2
745	145.345867	146.679197	E4	64	77	0	5
746	145.345867	146.711249	G#4	64	70	0	4
747	145.858686	146.003985	B3	64	107	1	-2
748	145.858686	146.127917	E3	64	48	1	-4
749	146.115096	146.647146	B3	64	79	1	-2
750	146.371506	146.523215	B3	64	92	1	-2
751	146.627916	146.991163	F#3	64	86	1	-2
752	146.627916	148.074494	F#2	64	79	1	-4
753	146.884325	148.038169	C#3	64	47	1	-2
754	147.140735	147.341589	F#3	64	86	1	-2
755	147.140735	147.602273	F#3	64	83	1	-2
756	147.397145	147.798853	C#4	64	107	0	2
757	147.397145	147.803127	C#4	64	81	0	2
758	147.397145	148.630048	A#4	64	88	0	1
759	147.397145	148.659963	F#4	64	88	0	2
760	147.909964	148.095861	C#4	64	127	0	2
761	147.909964	148.320220	F#3	64	72	1	-2
762	148.166374	148.677057	C#4	64	93	0	2
763	148.679194	149.471927	B2	64	77	1	-4
764	148.935603	149.029620	D#4	64	112	0	4
765	148.935603	149.476201	F#3	64	56	1	-2
766	149.192013	149.288167	D#4	64	95	0	4
767	149.192013	149.685602	B3	64	72	1	-2
768	149.448423	149.546713	D#4	64	107	0	4
769	149.448423	149.721927	F#4	64	93	0	2
770	149.448423	149.728337	D#4	64	83	0	4
771	149.704833	149.830901	D#4	64	107	0	4
772	149.704833	150.672779	A#2	64	92	1	-5
773	149.961242	150.050986	C#4	64	96	0	2
774	149.961242	150.309532	A#3	64	77	1	-3
775	150.217652	150.375771	C#4	64	100	0	2
776	150.217652	150.734745	F#4	64	96	0	2
777	150.474062	150.595856	D#4	64	89	0	4
778	150.730472	150.869360	C#4	64	112	0	2
779	150.730472	152.189870	G#2	64	88	1	-2
780	150.986881	151.277479	B3	64	93	1	-2
781	150.986881	151.779615	G#3	64	81	1	-5
782	151.243291	151.476197	A#3	64	93	1	-3
783	151.243291	152.055255	B3	64	58	1	-2
784	151.499701	151.997563	B3	64	95	1	-2
785	151.499701	152.756109	D#4	64	86	0	4
786	151.499701	152.809527	G#4	64	95	0	4
787	152.012520	152.159956	G#3	64	59	1	-5
788	152.268930	152.852262	B3	64	83	1	-2
789	152.525340	152.698416	B3	64	89	1	-2
790	152.781750	153.023202	F#3	64	89	1	-2
791	152.781750	154.245422	E2	64	75	1	-1
792	153.038159	153.168501	F#3	64	88	1	-2
793	153.038159	154.356533	B2	64	42	1	-4
794	153.294569	153.912089	E3	64	76	1	-4
795	153.550979	154.198413	B3	64	92	1	-2
796	153.550979	154.085166	B3	64	67	1	-2
797	153.550979	154.830891	E4	64	83	0	5
798	153.550979	154.871489	G#4	64	89	0	4
799	154.063798	154.352259	E3	64	47	1	-4
800	154.320208	154.820207	B3	64	74	1	-2
801	154.576618	154.666361	F#3	64	92	1	-2
802	154.833028	154.924908	C#4	64	100	0	2
803	154.833028	156.869348	F#2	64	63	1	-4
804	155.089437	155.172770	C#4	64	107	0	2
805	155.089437	156.807383	C#3	64	56	1	-2
806	155.345847	155.465505	C#4	64	122	0	2
807	155.345847	155.794564	F#3	64	81	1	-2
808	155.602257	155.766786	B3	64	95	1	-2
809	155.602257	156.102256	C#4	64	97	0	2
810	155.602257	156.854391	F#4	64	96	0	2
811	155.602257	156.897126	A#4	64	93	0	1
812	155.858667	156.130034	D#4	64	107	0	4
813	156.115076	156.271059	C#4	64	102	0	2
814	156.115076	156.856528	F#3	64	85	1	-2
815	156.371486	156.867212	C#4	64	112	0	2
816	156.371486	156.839434	C#4	64	112	0	2
817	156.884306	157.463364	B3	64	96	1	-2
818	156.884306	157.880030	B2	64	78	1	-4
819	157.140715	157.850116	B3	64	75	1	-2
820	157.397125	157.489005	D#4	64	127	0	4
821	157.397125	158.008235	F#4	64	112	0	2
822	157.653535	157.818064	D#4	64	102	0	4
823	157.909945	158.140713	C#4	64	107	0	2
824	157.909945	158.540285	A#2	64	72	1	-5
825	158.166354	158.283875	B3	64	83	1	-2
826	158.166354	158.918490	A#3	64	78	1	-3
827	158.422764	158.939857	B3	64	97	1	-2
828	158.422764	158.916353	F#4	64	67	0	2
829	158.935584	159.625753	G#2	64	81	1	-2
830	159.191993	159.557377	G#3	64	88	1	-5
831	159.448403	159.533873	D#4	64	112	0	4
832	159.448403	159.952676	B3	64	82	1	-2
833	159.704813	159.837291	D#4	64	100	0	4
834	159.961223	160.185581	F#4	64	100	0	2
835	159.961223	160.877887	F#2	64	72	1	-4
836	160.217632	160.465495	C#4	64	95	0	2
837	160.217632	160.924896	F#3	64	76	1	-2
838	160.474042	160.862930	A#3	64	43	1	-3
839	160.474042	160.907802	C#4	64	92	0	2
840	160.986862	161.048827	B3	64	99	1	-2
841	160.986862	161.865065	E2	64	65	1	-1
842	161.243271	161.901390	B2	64	44	1	-4
843	161.499681	161.709082	G#3	64	97	1	-5
844	161.499681	161.839424	E3	64	72	1	-4
845	161.756091	162.142842	B3	64	97	1	-2
846	161.756091	161.939851	B3	64	70	1	-2
847	161.756091	161.946261	E4	64	71	0	5
848	161.756091	161.991133	G#4	64	67	0	4
849	162.012501	162.674892	D#2	64	93	1	-2
850	162.268910	162.448397	B3	64	92	1	-2
851	162.268910	162.993268	D#3	64	68	1	-5
852	162.525320	162.655662	F#3	64	88	1	-2
853	162.525320	162.988994	F#4	64	81	0	2
854	162.525320	162.999678	A#4	64	77	0	1
855	162.525320	163.033866	D#4	64	71	0	4
856	162.781730	162.922755	F#3	64	70	1	-2
857	163.038140	163.279592	C#4	64	97	0	2
858	163.038140	164.168479	F#2	64	78	1	-4
859	163.294549	163.369335	C#4	64	107	0	2
860	163.294549	163.961215	F#3	64	85	1	-2
861	163.550959	163.679164	C#4	64	112	0	2
862	163.550959	164.087283	A#3	64	65	1	-3
863	163.807369	163.950531	B3	64	86	1	-2
864	163.807369	164.102240	C#4	64	58	0	2
865	163.807369	164.121471	F#4	64	65	0	2
866	164.063779	164.435573	D#4	64	112	0	4
867	164.063779	164.604376	G2	64	66	1	-3
868	164.063779	164.937708	G3	64	89	1	-1
869	164.576598	165.221896	D#4	64	112	0	4
870	165.089418	165.969758	G#2	64	82	1	-2
871	165.345827	165.903518	G#3	64	72	1	-5
872	165.602237	165.711211	D#4	64	102	0	4
873	165.602237	166.130014	B3	64	59	1	-2
874	165.858647	165.961211	D#4	64	99	0	4
875	165.858647	166.115057	G#4	64	102	0	4
876	165.858647	166.140698	D#4	64	90	0	4
877	166.115057	166.335142	C#4	64	112	0	2
878	166.115057	167.061636	F#2	64	88	1	-4
879	166.371466	166.476167	B3	64	82	1	-2
880	166.371466	166.480440	G#3	64	27	1	-5
881	166.371466	166.561637	F#3	64	48	1	-2
882	166.627876	166.974029	B3	64	96	1	-2
883	166.627876	167.083003	C#4	64	59	0	2
884	166.627876	167.110781	A#3	64	45	1	-3
885	166.884286	167.125738	F#3	64	90	1	-2
886	167.140696	167.899241	E2	64	64	1	-1
887	167.397105	167.954796	B2	64	42	1	-4
888	167.653515	167.738985	D#4	64	102	0	4
889	167.653515	167.907788	E3	64	76	1	-4
890	167.909925	168.001805	D#4	64	112	0	4
891	167.909925	168.095822	E4	64	70	0	5
892	167.909925	168.119326	B3	64	72	1	-2
893	167.909925	168.123600	G#4	64	61	0	4
894	168.166335	168.305223	F#4	64	117	0	2
895	168.166335	168.965478	D#2	64	89	1	-2
896	168.422744	168.570180	D#4	64	97	0	4
897	168.422744	169.089410	D#3	64	74	1	-5
898	168.679154	169.147102	B3	64	96	1	-2
899	168.679154	169.183427	F#4	64	88	0	2
900	168.679154	169.191974	A#4	64	69	0	1
901	168.935564	169.168469	D#4	64	90	0	4
902	169.191974	170.741116	C#2	64	67	1	-4
903	169.448383	169.533853	F#3	64	92	1	-2
904	169.448383	170.277441	C#3	64	58	1	-2
905	169.704793	169.832998	B3	64	112	1	-2
906	169.704793	170.888551	E3	64	60	1	-4
907	169.961203	170.065903	B3	64	89	1	-2
908	169.961203	170.642825	C#4	64	95	0	2
909	169.961203	170.657783	G#3	64	81	1	-5
910	170.217613	170.303082	B3	64	92	1	-2
911	170.474022	170.636415	B3	64	127	1	-2
912	170.474022	171.100089	C#3	64	62	1	-2
913	170.730432	171.177012	G#3	64	73	1	-5
914	170.730432	171.200517	C#4	64	88	0	2
915	170.986842	171.093679	F#3	64	96	1	-2
916	170.986842	171.164192	E3	64	62	1	-4
917	171.243252	171.320174	C#4	64	97	0	2
918	171.243252	173.262478	F#2	64	69	1	-4
919	171.499661	171.582994	C#4	64	107	0	2
920	171.499661	173.119316	C#3	64	29	1	-2
921	171.756071	171.830857	C#4	64	117	0	2
922	171.756071	172.164190	F#3	64	90	1	-2
923	172.012481	172.140686	B3	64	90	1	-2
924	172.012481	172.608633	F#4	64	76	0	2
925	172.012481	172.638548	C#4	64	93	0	2
926	172.012481	172.670599	A#3	64	92	1	-3
927	172.268891	172.627864	D#4	64	122	0	4
928	172.525300	173.219743	F#3	64	92	1	-2
929	172.781710	173.209060	D#4	64	127	0	4
930	172.781710	173.236837	C#4	64	107	0	2
931	172.781710	173.279572	F#4	64	96	0	2
932	173.038120	173.262478	A#3	64	90	1	-3
933	173.294530	173.384273	E4	64	102	0	5
934	173.294530	173.991109	C#2	64	85	1	-4
935	173.550939	173.644956	E4	64	93	0	5
936	173.550939	174.294528	C#3	64	72	1	-2
937	173.807349	173.901366	E4	64	93	0	5
938	173.807349	174.232562	E4	64	83	0	5
939	173.807349	174.281707	G#4	64	96	0	4
940	174.063759	174.181280	E4	64	97	0	5
941	174.063759	174.337263	C#4	64	86	0	2
942	174.320169	174.713330	F#4	64	117	0	2
943	174.320169	174.971877	D#2	64	92	1	-2
944	174.576578	175.241107	D#3	64	85	1	-5
945	174.832988	175.164184	F#4	64	117	0	2
946	174.832988	175.236833	F#4	64	102	0	2
947	174.832988	175.245380	A#4	64	95	0	1
948	175.089398	175.271021	D#4	64	73	0	4
949	175.345808	175.587260	D#4	64	117	0	4
950	175.345808	175.813755	A#4	64	68	0	1
951	175.345808	175.982558	F#4	64	66	0	2
952	175.345808	176.003926	C#4	64	89	0	2
953	175.345808	176.538113	A#2	64	81	1	-5
954	175.602217	175.704781	C#4	64	100	0	2
955	175.858627	176.003926	C#4	64	127	0	2
956	176.115037	176.258199	B3	64	99	1	-2
957	176.115037	176.721873	A#4	64	86	0	1
958	176.115037	176.728283	F#4	64	93	0	2
959	176.115037	176.749651	C#4	64	85	0	2
960	176.371447	176.704779	C#4	64	122	0	2
961	176.627856	176.935548	A#2	64	55	1	-5
962	176.884266	176.931274	C#4	64	37	0	2
963	176.884266	177.268881	F#4	64	96	0	2
964	176.884266	177.275291	A#4	64	93	0	1
965	177.140676	177.343667	C#4	64	33	0	2
966	177.397086	177.467598	D#4	64	122	0	4
967	177.397086	178.215460	B2	64	76	1	-4
968	177.653495	177.730418	D#4	64	102	0	4
969	177.653495	178.294520	B3	64	81	1	-2
970	177.909905	177.984691	D#4	64	97	0	4
971	177.909905	178.414178	F#4	64	117	0	2
972	178.166315	178.251785	D#4	64	112	0	4
973	178.166315	178.461186	D#4	64	69	0	4
974	178.422725	178.920587	F#4	64	127	0	2
975	178.422725	179.409902	A#2	64	92	1	-5
976	178.679134	179.283834	A#3	64	70	1	-3
977	178.935544	179.247509	G#4	64	127	0	4
978	178.935544	179.354347	F#4	64	93	0	2
979	179.191954	179.501782	D#4	64	66	0	4
980	179.448364	179.803064	B3	64	122	1	-2
981	179.448364	181.038104	G#2	64	88	1	-2
982	179.704773	180.439815	G#3	64	70	1	-5
983	179.961183	180.373575	A#3	64	112	1	-3
984	179.961183	180.728276	B3	64	65	1	-2
985	180.217593	181.311608	D#4	64	90	0	4
986	180.217593	181.377847	G#4	64	95	0	4
987	180.474003	180.935540	G#3	64	112	1	-5
988	180.730412	180.956908	G#3	64	61	1	-5
989	180.986822	181.371437	B3	64	79	1	-2
990	181.499642	181.589385	E4	64	99	0	5
991	181.499642	182.540238	C#3	64	90	1	-2
992	181.756051	181.847931	E4	64	86	0	5
993	181.756051	182.115025	C#4	64	77	0	2
994	182.012461	182.104341	E4	64	95	0	5
995	182.012461	182.168444	E4	64	58	0	5
996	182.012461	182.401349	G#4	64	93	0	4
997	182.268871	182.360751	E4	64	93	0	5
998	182.268871	182.493229	C#4	64	82	0	2
999	182.525281	182.916305	F#4	64	127	0	2
1000	182.525281	183.046647	D#3	64	81	1	-5
1001	182.781690	183.149211	A#3	64	63	1	-3
1002	183.038100	183.136390	F#4	64	127	0	2
1003	183.038100	183.486817	D#4	64	81	0	4
1004	183.038100	183.486817	F#4	64	97	0	2
1005	183.294510	183.397074	F#4	64	117	0	2
1006	183.550920	183.820150	D#4	64	122	0	4
1007	183.550920	184.140662	F#4	64	52	0	2
1008	183.550920	184.174850	C#4	64	77	0	2
1009	183.550920	184.183397	A#3	64	89	1	-3
1010	183.550920	184.751772	A#2	64	83	1	-5
1011	183.807329	183.918440	C#4	64	79	0	2
1012	184.063739	184.311602	C#4	64	112	0	2
1013	184.320149	184.615020	B3	64	82	1	-2
1014	184.320149	184.952626	F#4	64	79	0	2
1015	184.320149	184.954763	C#4	64	88	0	2
1016	184.320149	184.993224	A#3	64	90	1	-3
1017	184.576559	184.965447	C#4	64	112	0	2
1018	184.832968	185.080831	A#2	64	44	1	-5
1019	185.089378	185.305190	B3	64	99	1	-2
1020	185.089378	185.521001	F#4	64	89	0	2
1021	185.089378	185.557326	C#4	64	99	0	2
1022	185.345788	185.459035	C#4	64	99	0	2
1023	185.602198	185.997496	D#4	64	122	0	4
1024	185.602198	186.313735	B2	64	74	1	-4
1025	185.858607	186.300914	F#3	64	76	1	-2
1026	186.115017	186.463307	F#4	64	100	0	2
1027	186.115017	186.555187	B3	64	65	1	-2
1028	186.371427	186.621426	F#4	64	90	0	2
1029	186.371427	186.627837	D#4	64	72	0	4
1030	186.627837	187.164160	C#4	64	112	0	2
1031	186.627837	187.298775	A#2	64	77	1	-5
1032	186.884246	187.281681	A#3	64	73	1	-3
1033	187.140656	187.606467	F#4	64	122	0	2
1034	187.140656	187.580826	F#4	64	96	0	2
1035	187.653476	189.209028	G#2	64	89	1	-2
1036	187.909885	188.679115	B3	64	95	1	-2
1037	187.909885	188.591508	G#3	64	74	1	-5
1038	188.166295	188.924841	B3	64	45	1	-2
1039	188.422705	189.659882	D#4	64	100	0	4
1040	188.679115	188.935524	B3	64	97	1	-2
1041	188.935524	189.213302	C#4	64	97	0	2
1042	188.935524	189.162020	G#3	64	88	1	-5
1043	189.191934	189.649198	D#4	64	122	0	4
1044	189.191934	189.704754	B3	64	82	1	-2
1045	189.704754	189.788087	E4	64	112	0	5
1046	189.704754	190.401333	C#2	64	85	1	-4
1047	189.961163	190.057317	E4	64	83	0	5
1048	189.961163	190.704752	C#3	64	72	1	-2
1049	190.217573	190.313727	E4	64	89	0	5
1050	190.217573	190.642786	E4	64	83	0	5
1051	190.217573	190.691931	G#4	64	96	0	4
1052	190.473983	190.580820	E4	64	97	0	5
1053	190.473983	190.747487	C#4	64	86	0	2
1054	190.730393	191.129964	F#4	64	117	0	2
1055	190.730393	191.382101	D#2	64	92	1	-2
1056	190.986802	191.651331	D#3	64	85	1	-5
1057	191.243212	191.463297	F#4	64	112	0	2
1058	191.243212	191.647057	F#4	64	102	0	2
1059	191.243212	191.655604	A#4	64	95	0	1
1060	191.499622	191.666288	F#4	64	112	0	2
1061	191.499622	191.681245	D#4	64	73	0	4
1062	191.756032	191.973980	D#4	64	127	0	4
1063	191.756032	192.223979	A#4	64	68	0	1
1064	191.756032	192.392782	F#4	64	66	0	2
1065	191.756032	192.414150	C#4	64	89	0	2
1066	191.756032	192.948337	A#2	64	81	1	-5
1067	192.012441	192.104321	C#4	64	96	0	2
1068	192.268851	192.567996	C#4	64	117	0	2
1069	192.525261	192.756030	B3	64	96	1	-2
1070	192.525261	193.132097	A#4	64	86	0	1
1071	192.525261	193.138507	F#4	64	93	0	2
1072	192.525261	193.159875	C#4	64	85	0	2
1073	192.781671	193.151328	D#4	64	100	0	4
1074	193.038080	193.726113	C#4	64	107	0	2
1075	193.038080	193.345772	A#2	64	55	1	-5
1076	193.294490	193.341498	C#4	64	37	0	2
1077	193.294490	193.679105	F#4	64	96	0	2
1078	193.294490	193.685515	A#4	64	93	0	1
1079	193.550900	193.753891	C#4	64	33	0	2
1080	193.807310	193.892779	D#4	64	122	0	4
1081	193.807310	194.625684	B2	64	76	1	-4
1082	194.063719	194.153463	D#4	64	107	0	4
1083	194.063719	194.704744	B3	64	81	1	-2
1084	194.320129	194.416283	D#4	64	100	0	4
1085	194.320129	194.824402	F#4	64	117	0	2
1086	194.576539	194.687650	D#4	64	107	0	4
1087	194.576539	194.871410	D#4	64	69	0	4
1088	194.832949	195.281666	F#4	64	127	0	2
1089	194.832949	195.820126	A#2	64	92	1	-5
1090	195.089358	195.694058	A#3	64	70	1	-3
1091	195.345768	195.589357	G#4	64	127	0	4
1092	195.345768	195.764571	F#4	64	93	0	2
1093	195.602178	195.912006	D#4	64	66	0	4
1094	195.858588	196.238929	B3	64	107	1	-2
1095	195.858588	197.448328	G#2	64	88	1	-2
1096	196.114997	196.850039	G#3	64	70	1	-5
1097	196.371407	196.877816	A#3	64	117	1	-3
1098	196.371407	197.138500	B3	64	65	1	-2
1099	196.627817	197.721832	D#4	64	90	0	4
1100	196.627817	197.788071	G#4	64	95	0	4
1101	196.884227	197.565849	G#3	64	107	1	-5
1102	197.140636	197.367132	G#3	64	61	1	-5
1103	197.397046	197.781661	B3	64	79	1	-2
1104	197.909866	197.978241	E4	64	112	0	5
1105	197.909866	198.950462	C#3	64	90	1	-2
1106	198.166275	198.236788	E4	64	99	0	5
1107	198.166275	198.525249	C#4	64	77	0	2
1108	198.422685	198.506018	E4	64	93	0	5
1109	198.422685	198.578668	E4	64	58	0	5
1110	198.422685	198.811573	G#4	64	93	0	4
1111	198.679095	198.766701	E4	64	96	0	5
1112	198.679095	198.903453	C#4	64	82	0	2
1113	198.935505	199.247470	F#4	64	127	0	2
1114	198.935505	199.456871	D#3	64	81	1	-5
1115	199.191914	199.559435	A#3	64	63	1	-3
1116	199.448324	199.567982	F#4	64	117	0	2
1117	199.448324	199.897041	D#4	64	81	0	4
1118	199.448324	199.897041	F#4	64	97	0	2
1119	199.704734	199.843622	F#4	64	117	0	2
1120	199.961144	200.200459	D#4	64	127	0	4
1121	199.961144	200.550886	F#4	64	52	0	2
1122	199.961144	200.585074	C#4	64	77	0	2
1123	199.961144	200.593621	A#3	64	89	1	-3
1124	199.961144	201.161996	A#2	64	83	1	-5
1125	200.217553	200.343621	C#4	64	88	0	2
1126	200.473963	200.711142	C#4	64	107	0	2
1127	200.730373	201.025244	B3	64	92	1	-2
1128	200.730373	201.362850	F#4	64	79	0	2
1129	200.730373	201.364987	C#4	64	88	0	2
1130	200.730373	201.403448	A#3	64	90	1	-3
1131	200.986783	201.268833	D#4	64	127	0	4
1132	201.243192	201.984644	C#4	64	112	0	2
1133	201.243192	201.491055	A#2	64	44	1	-5
1134	201.499602	201.931225	F#4	64	89	0	2
1135	201.499602	201.967550	C#4	64	99	0	2
1136	202.012422	202.723959	B2	64	74	1	-4
1137	202.268831	202.711138	F#3	64	76	1	-2
1138	202.525241	202.597890	D#4	64	127	0	4
1139	202.525241	202.965411	B3	64	65	1	-2
1140	202.781651	202.899172	D#4	64	117	0	4
1141	202.781651	203.031650	F#4	64	90	0	2
1142	202.781651	203.038061	D#4	64	72	0	4
1143	203.038061	203.364983	C#4	64	117	0	2
1144	203.038061	203.708999	A#2	64	77	1	-5
1145	203.294470	203.691905	A#3	64	73	1	-3
1146	203.550880	203.824384	D#4	64	127	0	4
1147	203.550880	203.991050	F#4	64	96	0	2
1148	204.063700	204.416263	C#4	64	127	0	2
1149	204.063700	205.619252	G#2	64	89	1	-2
1150	204.320109	205.001732	G#3	64	74	1	-5
1151	204.576519	204.875664	B3	64	99	1	-2
1152	204.576519	205.335065	B3	64	45	1	-2
1153	204.832929	205.087202	G#3	64	102	1	-5
1154	204.832929	206.070106	D#4	64	100	0	4
1155	205.089339	205.867115	B3	64	90	1	-2
1156	205.345748	205.572244	G#3	64	88	1	-5
1157	205.602158	206.114978	B3	64	82	1	-2
1158	206.114978	207.110702	B2	64	78	1	-4
1159	206.371387	207.080788	B3	64	75	1	-2
1160	206.627797	206.698310	G#4	64	117	0	4
1161	206.627797	207.238907	F#4	64	112	0	2
1162	206.884207	207.377796	F#4	64	122	0	2
1163	207.140617	207.770957	A#2	64	72	1	-5
1164	207.397026	208.149162	A#3	64	78	1	-3
1165	207.653436	207.884205	D#4	64	127	0	4
1166	207.653436	208.147025	F#4	64	67	0	2
1167	207.909846	208.397024	C#4	64	96	0	2
1168	208.166256	208.856425	G#2	64	81	1	-2
1169	208.422665	208.788049	G#3	64	88	1	-5
1170	208.679075	208.751724	B3	64	96	1	-2
1171	208.679075	209.183348	B3	64	82	1	-2
1172	208.935485	209.839329	B3	64	99	1	-2
1173	209.191895	210.108559	F#2	64	72	1	-4
1174	209.448304	210.155568	F#3	64	76	1	-2
1175	209.704714	210.093602	A#3	64	43	1	-3
1176	209.704714	210.138474	C#4	64	92	0	2
1177	210.217534	211.095737	E2	64	65	1	-1
1178	210.473943	211.132062	B2	64	44	1	-4
1179	210.730353	210.935481	F#3	64	96	1	-2
1180	210.730353	211.070096	E3	64	72	1	-4
1181	210.986763	211.324369	G#3	64	92	1	-5
1182	210.986763	211.170523	B3	64	70	1	-2
1183	210.986763	211.176933	E4	64	71	0	5
1184	210.986763	211.221805	G#4	64	67	0	4
1185	211.243173	211.905564	D#2	64	93	1	-2
1186	211.499582	211.835052	B3	64	93	1	-2
1187	211.499582	212.223940	D#3	64	68	1	-5
1188	211.755992	212.048727	F#3	64	83	1	-2
1189	211.755992	212.219666	F#4	64	81	0	2
1190	211.755992	212.230350	A#4	64	77	0	1
1191	211.755992	212.264538	D#4	64	71	0	4
1192	212.268812	212.935477	C#4	64	97	0	2
1193	212.268812	213.399151	F#2	64	78	1	-4
1194	212.525221	213.191887	F#3	64	85	1	-2
1195	212.781631	213.317955	A#3	64	65	1	-3
1196	213.038041	213.181203	D#4	64	102	0	4
1197	213.038041	213.332912	C#4	64	58	0	2
1198	213.038041	213.352143	F#4	64	65	0	2
1199	213.166246	213.285904	C#4	64	82	0	2
1200	213.294451	213.531630	B3	64	78	1	-2
1201	213.294451	213.835048	G2	64	66	1	-3
1202	213.294451	214.168380	G3	64	89	1	-1
1203	213.422655	213.687612	C#4	64	100	0	2
1204	213.679065	214.065817	D#4	64	107	0	4
1205	214.320090	215.200430	G#2	64	82	1	-2
1206	214.576499	214.687610	G#3	64	83	1	-5
1207	214.576499	215.134190	G#3	64	72	1	-5
1208	214.832909	214.950430	G#4	64	112	0	4
1209	214.832909	215.360686	B3	64	59	1	-2
1210	215.089319	215.717523	F#4	64	112	0	2
1211	215.089319	215.345729	G#4	64	102	0	4
1212	215.089319	215.371370	D#4	64	90	0	4
1213	215.345729	216.292308	F#2	64	88	1	-4
1214	215.602138	215.711112	G#3	64	27	1	-5
1215	215.602138	215.792309	F#3	64	48	1	-2
1216	215.858548	215.948291	D#4	64	107	0	4
1217	215.858548	216.313675	C#4	64	59	0	2
1218	215.858548	216.341453	A#3	64	45	1	-3
1219	216.114958	216.907691	C#4	64	112	0	2
1220	216.114958	216.356410	F#3	64	90	1	-2
1221	216.371368	217.129913	E2	64	64	1	-1
1222	216.627777	217.185468	B2	64	42	1	-4
1223	216.884187	217.138460	E3	64	76	1	-4
1224	217.140597	217.773074	B3	64	112	1	-2
1225	217.140597	217.326494	E4	64	70	0	5
1226	217.140597	217.349998	B3	64	72	1	-2
1227	217.140597	217.354272	G#4	64	61	0	4
1228	217.397007	218.196150	D#2	64	89	1	-2
1229	217.653416	218.320082	D#3	64	74	1	-5
1230	217.909826	218.414099	F#4	64	88	0	2
1231	217.909826	218.422646	A#4	64	69	0	1
1232	218.166236	218.399141	D#4	64	90	0	4
1233	218.422646	219.971788	C#2	64	67	1	-4
1234	218.679055	219.508113	C#3	64	58	1	-2
1235	218.935465	219.035892	F#4	64	117	0	2
1236	218.935465	220.119223	E3	64	60	1	-4
1237	219.191875	219.281618	F#4	64	100	0	2
1238	219.191875	219.873497	C#4	64	95	0	2
1239	219.191875	219.888455	G#3	64	81	1	-5
1240	219.448285	219.647002	F#4	64	127	0	2
1241	219.704694	219.781617	D#4	64	100	0	4
1242	219.704694	220.330761	C#3	64	62	1	-2
1243	219.961104	220.221787	D#4	64	122	0	4
1244	219.961104	220.407684	G#3	64	73	1	-5
1245	219.961104	220.431189	C#4	64	88	0	2
1246	220.217514	222.405544	F#4	64	127	0	2
1247	220.217514	220.394864	E3	64	62	1	-4
1248	220.473924	222.493150	F#2	64	69	1	-4
1249	220.730333	222.349988	C#3	64	29	1	-2
1250	220.986743	221.394862	F#3	64	90	1	-2
1251	221.243153	221.839305	F#4	64	76	0	2
1252	221.243153	221.869220	C#4	64	93	0	2
1253	221.243153	221.901271	A#3	64	92	1	-3
1254	221.755972	222.450415	F#3	64	92	1	-2
1255	222.012382	222.467509	C#4	64	107	0	2
1256	222.012382	222.510244	F#4	64	96	0	2
1257	222.268792	222.493150	A#3	64	90	1	-3
1258	222.525202	222.610671	E4	64	107	0	5
1259	222.525202	223.221781	C#2	64	85	1	-4
1260	222.781611	222.882038	E4	64	99	0	5
1261	222.781611	223.525200	C#3	64	72	1	-2
1262	223.038021	223.144858	E4	64	96	0	5
1263	223.038021	223.463234	E4	64	83	0	5
1264	223.038021	223.512379	G#4	64	96	0	4
1265	223.294431	223.399131	E4	64	102	0	5
1266	223.294431	223.567935	C#4	64	86	0	2
1267	223.550841	223.892720	F#4	64	127	0	2
1268	223.550841	224.202549	D#2	64	92	1	-2
1269	223.807250	224.471779	D#3	64	85	1	-5
1270	224.063660	224.164087	F#4	64	127	0	2
1271	224.063660	224.467505	F#4	64	102	0	2
1272	224.063660	224.476052	A#4	64	95	0	1
1273	224.320070	224.486736	F#4	64	122	0	2
1274	224.320070	224.501693	D#4	64	73	0	4
1275	224.576480	224.781607	D#4	64	127	0	4
1276	224.576480	225.044427	A#4	64	68	0	1
1277	224.576480	225.213230	F#4	64	66	0	2
1278	224.576480	225.234598	C#4	64	89	0	2
1279	224.576480	225.768785	A#2	64	81	1	-5
1280	224.832889	224.929043	C#4	64	97	0	2
1281	225.089299	225.328615	C#4	64	127	0	2
1282	225.345709	225.510238	B3	64	92	1	-2
1283	225.345709	225.952545	A#4	64	86	0	1
1284	225.345709	225.958955	F#4	64	93	0	2
1285	225.345709	225.980323	C#4	64	85	0	2
1286	225.602119	226.018784	C#4	64	127	0	2
1287	225.858528	226.166220	A#2	64	55	1	-5
1288	226.114938	226.161946	C#4	64	37	0	2
1289	226.114938	226.499553	F#4	64	96	0	2
1290	226.114938	226.505963	A#4	64	93	0	1
1291	226.371348	226.574339	C#4	64	33	0	2
1292	226.627758	226.713227	D#4	64	122	0	4
1293	226.627758	227.446132	B2	64	76	1	-4
1294	226.884167	226.973911	D#4	64	112	0	4
1295	226.884167	227.525192	B3	64	81	1	-2
1296	227.140577	227.213226	D#4	64	100	0	4
1297	227.140577	227.644850	F#4	64	117	0	2
1298	227.396987	227.476046	D#4	64	112	0	4
1299	227.396987	227.691858	D#4	64	69	0	4
1300	227.653397	227.969635	F#4	64	127	0	2
1301	227.653397	228.640574	A#2	64	92	1	-5
1302	227.909806	228.514506	A#3	64	70	1	-3
1303	228.166216	228.497412	G#4	64	112	0	4
1304	228.166216	228.585019	F#4	64	93	0	2
1305	228.422626	228.732454	D#4	64	66	0	4
1306	228.679036	229.337154	B3	64	117	1	-2
1307	228.679036	230.268776	G#2	64	88	1	-2
1308	228.935445	229.670487	G#3	64	70	1	-5
1309	229.191855	229.550829	A#3	64	117	1	-3
1310	229.191855	229.958948	B3	64	65	1	-2
1311	229.448265	230.542280	D#4	64	90	0	4
1312	229.448265	230.608519	G#4	64	95	0	4
1313	229.704675	229.926896	G#4	64	127	0	4
1314	229.704675	230.247409	G#3	64	99	1	-5
1315	229.961084	230.074332	F#4	64	97	0	2
1316	229.961084	230.187580	G#3	64	61	1	-5
1317	230.217494	230.384160	F#4	64	117	0	2
1318	230.217494	230.602109	B3	64	79	1	-2
1319	230.473904	231.273048	C#4	64	107	0	2
1320	230.730314	230.835014	E4	64	112	0	5
1321	230.730314	231.770910	C#3	64	90	1	-2
1322	230.986723	231.102108	E4	64	95	0	5
1323	230.986723	231.345697	C#4	64	77	0	2
1324	231.243133	231.345697	E4	64	95	0	5
1325	231.243133	231.399116	E4	64	58	0	5
1326	231.243133	231.632021	G#4	64	93	0	4
1327	231.499543	231.634158	E4	64	96	0	5
1328	231.499543	231.723901	C#4	64	82	0	2
1329	231.755953	232.097832	F#4	64	127	0	2
1330	231.755953	232.277319	D#3	64	81	1	-5
1331	232.012362	232.379883	A#3	64	63	1	-3
1332	232.268772	232.369199	F#4	64	127	0	2
1333	232.268772	232.717489	D#4	64	81	0	4
1334	232.268772	232.717489	F#4	64	97	0	2
1335	232.525182	232.691848	F#4	64	122	0	2
1336	232.781592	232.986719	D#4	64	127	0	4
1337	232.781592	233.371334	F#4	64	52	0	2
1338	232.781592	233.405522	C#4	64	77	0	2
1339	232.781592	233.414069	A#3	64	89	1	-3
1340	232.781592	233.982444	A#2	64	83	1	-5
1341	233.038001	233.134155	C#4	64	97	0	2
1342	233.294411	233.533727	C#4	64	127	0	2
1343	233.550821	233.715350	B3	64	92	1	-2
1344	233.550821	234.183298	F#4	64	79	0	2
1345	233.550821	234.185435	C#4	64	88	0	2
1346	233.550821	234.223896	A#3	64	90	1	-3
1347	233.807231	234.042273	B4	64	122	0	2
1348	233.807231	234.223896	C#4	64	127	0	2
1349	234.063640	234.193982	A#4	64	96	0	1
1350	234.063640	234.311503	A#2	64	44	1	-5
1351	234.320050	234.471759	G#4	64	112	0	4
1352	234.320050	234.514494	B3	64	107	1	-2
1353	234.320050	234.751673	F#4	64	89	0	2
1354	234.320050	234.787998	C#4	64	99	0	2
1355	234.576460	234.702528	C#4	64	117	0	2
1356	234.576460	234.854237	A#4	64	112	0	1
1357	234.832870	235.181159	D#4	64	117	0	4
1358	234.832870	235.544407	B2	64	74	1	-4
1359	235.089279	235.283723	F#4	64	117	0	2
1360	235.089279	235.531586	F#3	64	76	1	-2
1361	235.345689	235.743124	F#4	64	122	0	2
1362	235.345689	235.785859	B3	64	65	1	-2
1363	235.602099	235.852098	F#4	64	90	0	2
1364	235.602099	235.858509	D#4	64	72	0	4
1365	235.858509	236.275174	C#4	64	117	0	2
1366	235.858509	236.529447	A#2	64	77	1	-5
1367	236.114918	236.512353	A#3	64	73	1	-3
1368	236.371328	236.802951	F#4	64	117	0	2
1369	236.371328	236.811498	F#4	64	96	0	2
1370	236.884148	237.529445	B3	64	107	1	-2
1371	236.884148	238.439700	G#2	64	89	1	-2
1372	237.140557	237.822180	G#3	64	74	1	-5
1373	237.396967	238.155513	B3	64	45	1	-2
1374	237.653377	237.817906	F#4	64	112	0	2
1375	237.653377	238.890554	D#4	64	100	0	4
1376	237.909787	238.138419	D#4	64	107	0	4
1377	237.909787	238.232435	B3	64	100	1	-2
1378	238.166196	238.362777	C#4	64	102	0	2
1379	238.166196	238.473888	E4	64	93	0	5
1380	238.166196	238.392692	G#3	64	88	1	-5
1381	238.422606	238.634144	F#4	64	117	0	2
1382	238.422606	238.676879	D#4	64	112	0	4
1383	238.422606	238.935426	B3	64	82	1	-2
1384	238.679016	238.941836	F#4	64	102	0	2
1385	238.679016	240.067902	B4	64	127	0	2
1386	238.935426	239.074314	E4	64	102	0	5
1387	238.935426	239.632005	C#2	64	85	1	-4
1388	239.191835	239.313630	E4	64	93	0	5
1389	239.191835	239.935424	C#3	64	72	1	-2
1390	239.448245	239.587134	E4	64	99	0	5
1391	239.448245	239.873458	E4	64	83	0	5
1392	239.448245	239.922603	G#4	64	96	0	4
1393	239.704655	239.884142	E4	64	102	0	5
1394	239.704655	239.978159	C#4	64	86	0	2
1395	239.961065	240.317901	F#4	64	122	0	2
1396	239.961065	240.612773	D#2	64	92	1	-2
1397	240.217474	240.882003	D#3	64	85	1	-5
1398	240.473884	240.578585	F#4	64	127	0	2
1399	240.473884	240.755935	G#4	64	100	0	4
1400	240.473884	240.877729	F#4	64	102	0	2
1401	240.473884	240.886276	A#4	64	95	0	1
1402	240.730294	240.867046	F#4	64	117	0	2
1403	240.730294	241.326446	D#5	64	112	0	1
1404	240.730294	240.911917	D#4	64	73	0	4
1405	240.986704	241.174737	D#4	64	122	0	4
1406	240.986704	241.454651	A#4	64	68	0	1
1407	240.986704	241.623454	F#4	64	66	0	2
1408	240.986704	241.644822	C#4	64	89	0	2
1409	240.986704	242.179009	A#2	64	81	1	-5
1410	241.243113	241.356361	C#4	64	100	0	2
1411	241.499523	241.708924	G#4	64	100	0	4
1412	241.499523	241.719608	C#4	64	117	0	2
1413	241.755933	241.950377	B3	64	99	1	-2
1414	241.755933	242.168325	B4	64	95	0	2
1415	241.755933	242.362769	A#4	64	86	0	1
1416	241.755933	242.369179	F#4	64	93	0	2
1417	241.755933	242.390547	C#4	64	85	0	2
1418	242.012343	242.260205	D#4	64	127	0	4
1419	242.268752	242.576444	C#5	64	127	0	4
1420	242.268752	242.796529	C#4	64	112	0	2
1421	242.268752	242.576444	A#2	64	55	1	-5
1422	242.525162	242.572170	C#4	64	37	0	2
1423	242.525162	242.909777	F#4	64	96	0	2
1424	242.525162	242.916187	A#4	64	93	0	1
1425	242.781572	242.984563	C#4	64	33	0	2
1426	243.037982	243.114904	D#4	64	127	0	4
1427	243.037982	243.856356	B2	64	76	1	-4
1428	243.294391	243.377724	D#4	64	107	0	4
1429	243.294391	243.935416	B3	64	81	1	-2
1430	243.550801	243.627724	D#4	64	112	0	4
1431	243.550801	243.849946	D#5	64	102	0	1
1432	243.550801	244.055074	F#4	64	117	0	2
1433	243.807211	243.890544	D#4	64	112	0	4
1434	243.807211	244.277295	C#5	64	95	0	4
1435	243.807211	244.102082	D#4	64	69	0	4
1436	244.063621	244.364902	F#4	64	127	0	2
1437	244.063621	245.050798	A#2	64	92	1	-5
1438	244.320030	244.924730	A#3	64	70	1	-3
1439	244.576440	244.834987	C#5	64	127	0	4
1440	244.576440	244.877721	G#4	64	112	0	4
1441	244.576440	244.995243	F#4	64	93	0	2
1442	244.832850	245.920454	B4	64	93	0	2
1443	244.832850	245.142678	D#4	64	66	0	4
1444	245.089260	245.531566	B3	64	117	1	-2
1445	245.089260	246.679000	G#2	64	88	1	-2
1446	245.345669	246.080711	G#3	64	70	1	-5
1447	245.602079	245.984557	A#3	64	112	1	-3
1448	245.602079	246.369172	B3	64	65	1	-2
1449	245.858489	246.952504	D#4	64	90	0	4
1450	245.858489	247.018743	G#4	64	95	0	4
1451	246.114899	246.307206	D#4	64	117	0	4
1452	246.114899	246.608487	G#3	64	112	1	-5
1453	246.371308	246.584983	E4	64	97	0	5
1454	246.371308	246.597804	G#3	64	61	1	-5
1455	246.627718	246.773017	D#4	64	112	0	4
1456	246.627718	247.012333	B3	64	79	1	-2
1457	246.884128	247.020880	E4	64	100	0	5
1458	247.140538	247.279426	E4	64	102	0	5
1459	247.140538	248.166177	F#4	64	122	0	2
1460	247.140538	248.181134	C#3	64	90	1	-2
1461	247.396947	247.518742	E4	64	93	0	5
1462	247.396947	247.755921	C#4	64	77	0	2
1463	247.653357	247.792246	E4	64	99	0	5
1464	247.653357	247.809340	E4	64	58	0	5
1465	247.653357	248.042245	G#4	64	93	0	4
1466	247.909767	248.089254	E4	64	102	0	5
1467	247.909767	248.134125	C#4	64	82	0	2
1468	248.166177	248.523013	F#4	64	122	0	2
1469	248.166177	248.687543	D#3	64	81	1	-5
1470	248.422586	248.790107	A#3	64	63	1	-3
1471	248.678996	248.783697	F#4	64	127	0	2
1472	248.678996	249.127713	D#4	64	81	0	4
1473	248.678996	249.127713	F#4	64	97	0	2
1474	248.935406	249.072158	F#4	64	117	0	2
1475	249.191816	249.379849	D#4	64	122	0	4
1476	249.191816	249.781558	F#4	64	52	0	2
1477	249.191816	249.815746	C#4	64	77	0	2
1478	249.191816	249.824293	A#3	64	89	1	-3
1479	249.191816	250.392668	A#2	64	83	1	-5
1480	249.448225	249.561473	C#4	64	100	0	2
1481	249.704635	249.924720	C#4	64	117	0	2
1482	249.961045	250.155489	B3	64	99	1	-2
1483	249.961045	250.593522	F#4	64	79	0	2
1484	249.961045	250.595659	C#4	64	88	0	2
1485	249.961045	250.634120	A#3	64	90	1	-3
1486	250.217455	250.565744	C#4	64	112	0	2
1487	250.473864	250.758052	B3	64	90	1	-2
1488	250.473864	250.721727	A#2	64	44	1	-5
1489	250.730274	251.005915	G#4	64	117	0	4
1490	250.730274	251.161897	F#4	64	89	0	2
1491	250.730274	251.198222	C#4	64	99	0	2
1492	250.986684	251.612751	F#4	64	117	0	2
1493	251.243094	251.954631	B2	64	74	1	-4
1494	251.499503	251.941810	F#3	64	76	1	-2
1495	251.755913	251.843520	D#4	64	112	0	4
1496	251.755913	252.196083	B3	64	65	1	-2
1497	252.012323	252.625569	D#4	64	107	0	4
1498	252.012323	252.262322	F#4	64	90	0	2
1499	252.012323	252.268733	D#4	64	72	0	4
1500	252.268733	252.939671	A#2	64	77	1	-5
1501	252.525142	252.922577	A#3	64	73	1	-3
1502	252.781552	252.911894	C#4	64	90	0	2
1503	252.781552	253.221722	F#4	64	96	0	2
1504	253.037962	253.606337	C#4	64	112	0	2
1505	253.294372	254.849924	G#2	64	89	1	-2
1506	253.550781	254.505908	B3	64	67	1	-2
1507	253.550781	254.232404	G#3	64	74	1	-5
1508	253.807191	254.565737	B3	64	45	1	-2
1509	254.063601	255.300778	D#4	64	100	0	4
1510	254.576420	254.802916	G#3	64	88	1	-5
1511	254.832830	255.345650	B3	64	82	1	-2
1512	255.345650	255.456760	E4	64	88	0	5
1513	255.345650	256.042229	C#2	64	85	1	-4
1514	255.602059	255.702486	E4	64	76	0	5
1515	255.602059	256.345648	C#3	64	72	1	-2
1516	255.858469	255.978127	E4	64	82	0	5
1517	255.858469	256.283682	E4	64	83	0	5
1518	255.858469	256.332827	G#4	64	96	0	4
1519	256.114879	256.362742	E4	64	77	0	5
1520	256.114879	256.388383	C#4	64	86	0	2
1521	256.371289	256.704621	F#4	64	89	0	2
1522	256.371289	257.022997	D#2	64	92	1	-2
1523	256.627698	257.292227	D#3	64	85	1	-5
1524	256.884108	257.005903	F#4	64	112	0	2
1525	256.884108	257.287953	F#4	64	102	0	2
1526	256.884108	257.296500	A#4	64	95	0	1
1527	257.140518	257.349919	F#4	64	107	0	2
1528	257.140518	257.322141	D#4	64	73	0	4
1529	257.396928	257.678978	D#4	64	102	0	4
1530	257.396928	257.864875	A#4	64	68	0	1
1531	257.396928	258.033678	F#4	64	66	0	2
1532	257.396928	258.055046	C#4	64	89	0	2
1533	257.396928	258.589233	A#2	64	81	1	-5
1534	257.653337	257.772995	C#4	64	93	0	2
1535	257.909747	258.178977	C#4	64	99	0	2
1536	258.166157	258.435387	B3	64	81	1	-2
1537	258.166157	258.772993	A#4	64	86	0	1
1538	258.166157	258.779403	F#4	64	93	0	2
1539	258.166157	258.800771	C#4	64	85	0	2
1540	258.422567	258.961027	C#4	64	96	0	2
1541	258.678976	258.986668	A#2	64	55	1	-5
1542	258.935386	258.982394	C#4	64	37	0	2
1543	258.935386	259.320001	F#4	64	96	0	2
1544	258.935386	259.326411	A#4	64	93	0	1
1545	259.191796	259.394787	C#4	64	33	0	2
1546	259.448206	259.548633	D#4	64	92	0	4
1547	259.448206	260.266580	B2	64	76	1	-4
1548	259.704615	259.805042	D#4	64	77	0	4
1549	259.704615	260.345640	B3	64	81	1	-2
1550	259.961025	260.080683	D#4	64	73	0	4
1551	259.961025	260.465298	F#4	64	117	0	2
1552	260.217435	260.367007	D#4	64	81	0	4
1553	260.217435	260.512306	D#4	64	69	0	4
1554	260.473845	260.894784	F#4	64	90	0	2
1555	260.473845	261.461022	A#2	64	92	1	-5
1556	260.730254	261.334954	A#3	64	70	1	-3
1557	260.986664	261.486663	G#4	64	90	0	4
1558	260.986664	261.405467	F#4	64	93	0	2
1559	261.243074	261.552902	D#4	64	66	0	4
1560	261.499484	261.941790	B3	64	69	1	-2
1561	261.499484	263.089224	G#2	64	88	1	-2
1562	261.755893	262.490935	G#3	64	70	1	-5
1563	262.012303	262.531533	A#3	64	76	1	-3
1564	262.012303	262.779396	B3	64	65	1	-2
1565	262.268713	263.362728	D#4	64	90	0	4
1566	262.268713	263.428967	G#4	64	95	0	4
1567	262.525123	263.168284	G#3	64	73	1	-5
1568	262.781532	263.008028	G#3	64	61	1	-5
1569	263.037942	263.422557	B3	64	79	1	-2
1570	263.550762	263.657599	E4	64	72	0	5
1571	263.550762	264.591358	C#3	64	90	1	-2
1572	263.807171	263.911872	E4	64	59	0	5
1573	263.807171	264.166145	C#4	64	77	0	2
1574	264.063581	264.168282	E4	64	61	0	5
1575	264.063581	264.219564	E4	64	58	0	5
1576	264.063581	264.452469	G#4	64	93	0	4
1577	264.319991	264.422555	E4	64	55	0	5
1578	264.319991	264.544349	C#4	64	82	0	2
1579	264.576401	264.907596	F#4	64	77	0	2
1580	264.576401	265.097767	D#3	64	81	1	-5
1581	264.832810	265.200331	A#3	64	63	1	-3
1582	265.089220	265.217425	F#4	64	90	0	2
1583	265.089220	265.537937	D#4	64	81	0	4
1584	265.089220	265.537937	F#4	64	97	0	2
1585	265.345630	265.478108	F#4	64	37	0	2
1586	265.602040	265.884090	D#4	64	70	0	4
1587	265.602040	266.191782	F#4	64	52	0	2
1588	265.602040	266.225970	C#4	64	77	0	2
1589	265.602040	266.234517	A#3	64	89	1	-3
1590	265.602040	266.802892	A#2	64	83	1	-5
1591	265.858449	265.990928	C#4	64	50	0	2
1592	266.114859	266.437508	C#4	64	35	0	2
1593	266.371269	266.640499	B3	64	55	1	-2
1594	266.371269	267.003746	F#4	64	79	0	2
1595	266.371269	267.005883	C#4	64	88	0	2
1596	266.371269	267.044344	A#3	64	90	1	-3
1597	266.627679	267.414002	C#4	64	62	0	2
1598	266.884088	267.131951	A#2	64	44	1	-5
1599	267.140498	267.572121	F#4	64	89	0	2
1600	267.140498	267.608446	C#4	64	99	0	2
1601	267.653318	267.775112	D#4	64	56	0	4
1602	267.653318	268.364855	B2	64	74	1	-4
1603	267.909727	268.025112	D#4	64	46	0	4
1604	267.909727	268.352034	F#3	64	76	1	-2
1605	268.166137	268.296479	D#4	64	49	0	4
1606	268.166137	268.606307	B3	64	65	1	-2
1607	268.422547	268.578529	D#4	64	39	0	4
1608	268.422547	268.672546	F#4	64	90	0	2
1609	268.422547	268.678957	D#4	64	72	0	4
1610	268.678957	269.349895	A#2	64	77	1	-5
1611	268.935366	269.332801	A#3	64	73	1	-3
1612	269.191776	269.631946	F#4	64	96	0	2
