//Version: PianoFingering_v170101
0	0.323432	0.457096	B4	64	94	0	2
1	0.719472	1.008251	B4	64	99	0	2
2	1.115511	1.394389	B4	64	97	0	2
3	1.511551	1.734323	C#5	64	94	0	4
4	1.907590	2.150164	C#5	64	93	0	4
5	2.303630	2.567656	C#5	64	94	0	4
6	2.699669	3.219471	C#5	64	97	0	4
7	3.491748	6.118810	D5	64	97	0	5
8	6.660064	6.787127	B4	64	94	0	2
9	7.056104	7.287127	B4	64	89	0	2
10	7.452143	7.740922	B4	64	97	0	2
11	7.848183	8.481846	C#5	64	93	0	4
12	8.640262	8.871285	C#5	64	94	0	4
13	9.036301	11.877885	F#4	64	93	0	2
14	12.996696	13.156762	B4	64	94	0	2
15	13.392736	13.577554	B4	64	96	0	2
16	13.788775	14.003297	B4	64	97	0	2
17	14.184815	14.349831	C#5	64	95	0	4
18	14.580854	14.734320	C#5	64	95	0	4
19	14.976894	15.158412	C#5	64	94	0	4
20	15.372933	15.973593	C#5	64	97	0	4
21	16.165012	19.036299	D5	64	93	0	5
22	19.729368	19.991744	B4	64	96	0	2
23	20.125407	20.404285	B4	64	94	0	2
24	20.521447	21.194714	C#5	64	94	0	4
25	21.313526	21.594054	A4	64	94	0	5
26	21.709565	25.338277	B4	64	93	0	2
27	22.105605	22.589103	B3	64	85	1	-2
28	22.105605	22.717816	D4	64	88	0	3
29	22.105605	24.407584	B2	64	93	1	-4
30	22.501644	24.145208	F#3	64	81	1	-2
31	22.897684	23.493393	B3	64	86	1	-2
32	23.293723	23.539598	F#4	64	79	0	2
33	23.689763	23.935637	E4	64	94	0	5
34	24.085802	24.496693	D4	64	88	0	3
35	24.481842	24.919135	C#4	64	82	0	2
36	24.877881	26.070950	D4	64	90	0	3
37	25.273921	26.584151	G2	64	94	1	-3
38	25.669960	26.632006	D3	64	84	1	-1
39	26.066000	26.486792	G3	64	94	1	-1
40	26.462039	26.869630	D4	64	92	0	3
41	26.858079	27.338277	A3	64	88	1	-4
42	26.858079	27.676560	C#4	64	93	0	2
43	26.858079	28.148507	A2	64	93	1	-1
44	27.254118	28.242567	E3	64	83	1	-4
45	27.650158	28.211214	A3	64	94	1	-4
46	28.442237	31.044546	B2	64	94	1	-4
47	28.838276	30.801972	F#3	64	75	1	-2
48	29.234316	29.955438	B3	64	87	1	-2
49	29.630355	29.787121	F#4	64	94	0	2
50	30.026395	30.392731	E4	64	91	0	5
51	30.422434	30.904282	D4	64	93	0	3
52	30.818474	31.232665	C#4	64	94	0	2
53	31.214513	32.207912	D4	64	86	0	3
54	31.610553	32.721114	G2	64	93	1	-3
55	32.006592	32.663358	D3	64	82	1	-1
56	32.402632	32.580850	G3	64	89	1	-1
57	32.402632	33.079199	B3	64	94	1	-2
58	33.194711	33.592400	C#4	64	84	0	2
59	33.194711	34.037945	A3	64	86	1	-4
60	33.194711	34.455436	F#2	64	94	1	-4
61	33.590750	34.457087	C#3	64	84	1	-2
62	33.986790	34.739265	C#4	64	88	0	2
63	33.986790	34.742565	F#4	64	87	0	2
64	34.778869	35.613852	D4	64	94	0	3
65	34.778869	36.179858	G2	64	94	1	-3
66	35.174908	36.206261	D3	64	85	1	-1
67	35.570948	35.986789	G3	64	104	1	-1
68	35.966987	36.349825	D4	64	95	0	3
69	36.363027	36.820122	C#4	64	91	0	2
70	36.363027	37.008241	A3	64	88	1	-4
71	36.363027	37.544545	A2	64	94	1	-1
72	36.759066	37.618802	E3	64	87	1	-4
73	37.155106	37.528043	C#4	64	94	0	2
74	37.155106	37.632003	E4	64	95	0	5
75	37.947185	38.457086	B3	64	89	1	-2
76	37.947185	38.742564	D4	64	92	0	3
77	37.947185	40.379527	B2	64	96	1	-4
78	38.343224	40.277217	F#3	64	85	1	-2
79	38.739264	39.019792	B3	64	95	1	-2
80	39.135303	39.265666	F#4	64	98	0	2
81	39.531343	39.889428	E4	64	98	0	5
82	39.927382	40.358075	D4	64	94	0	3
83	40.323422	40.830022	C#4	64	98	0	2
84	41.115501	41.635303	G3	64	89	1	-1
85	41.115501	41.940583	D4	64	93	0	3
86	41.115501	42.209560	G2	64	94	1	-3
87	41.511540	42.219461	D3	64	84	1	-1
88	41.907580	42.367976	G3	64	99	1	-1
89	42.303619	42.764015	D4	64	97	0	3
90	42.699659	43.168305	A3	64	90	1	-4
91	42.699659	43.465335	C#4	64	95	0	2
92	42.699659	43.660055	A2	64	93	1	-1
93	43.095698	43.651804	E3	64	88	1	-4
94	43.491738	44.214510	A3	64	96	1	-4
95	44.283817	45.094048	F#4	64	95	0	2
96	44.283817	46.945532	F#2	64	93	1	-4
97	44.679856	46.965334	C#3	64	78	1	-2
98	45.075896	45.889427	A3	64	93	1	-4
99	45.471935	46.308569	C#4	64	95	0	2
100	45.867975	46.216159	F#4	64	100	0	2
101	46.264014	46.726060	A3	64	90	1	-4
102	46.660054	47.528040	E4	64	88	0	5
103	47.452133	47.920779	G3	64	88	1	-1
104	47.452133	48.282166	D4	64	90	0	3
105	47.452133	48.864674	G2	64	94	1	-3
106	47.848172	48.889426	D3	64	94	1	-1
107	48.244212	48.714509	G3	64	109	1	-1
108	48.640251	49.064344	D4	64	96	0	3
109	49.036291	49.556093	A3	64	89	1	-4
110	49.036291	49.834970	C#4	64	97	0	2
111	49.036291	50.306917	A2	64	96	1	-1
112	49.432330	50.478535	E3	64	92	1	-4
113	49.828370	50.310218	A3	64	94	1	-4
114	50.224409	50.513188	C#4	64	99	0	2
115	50.620449	51.169954	B3	64	87	1	-2
116	50.620449	51.222759	D4	64	94	0	3
117	50.620449	53.079194	B2	64	96	1	-4
118	51.016488	52.930679	F#3	64	90	1	-2
119	51.412528	51.808567	B3	64	99	1	-2
120	51.808567	51.922429	F#4	64	100	0	2
121	52.204607	52.496686	E4	64	96	0	5
122	52.600646	52.797016	D4	64	93	0	3
123	52.996686	53.392725	C#4	64	100	0	2
124	53.392725	53.679854	D4	64	94	0	3
125	53.788765	54.290415	G3	64	91	1	-1
126	53.788765	54.594045	B3	64	94	1	-2
127	53.788765	54.955431	G2	64	94	1	-3
128	54.184804	54.999986	D3	64	89	1	-1
129	54.580844	55.026388	G3	64	98	1	-1
130	54.976883	55.361372	B3	64	98	1	-2
131	55.372923	55.863022	A3	64	89	1	-4
132	55.372923	56.181503	C#4	64	94	0	2
133	55.372923	56.613847	A2	64	95	1	-1
134	55.768962	56.841569	E3	64	88	1	-4
135	56.165002	56.684804	A3	64	93	1	-4
136	56.561041	56.813516	C#4	64	97	0	2
137	56.957081	57.495034	B3	64	94	1	-2
138	56.957081	58.166651	D4	64	94	0	3
139	56.957081	59.480182	B2	64	94	1	-4
140	57.353120	59.333318	F#3	64	88	1	-2
141	57.749160	58.749159	B3	64	100	1	-2
142	58.145199	58.607245	F#4	64	99	0	2
143	58.541239	58.877872	E4	64	99	0	5
144	58.937278	59.339918	D4	64	93	0	3
145	59.333318	59.665001	C#4	64	94	0	2
146	60.125397	60.666651	G3	64	88	1	-1
147	60.125397	60.927377	B3	64	89	1	-2
148	60.125397	61.369621	G2	64	93	1	-3
149	60.521436	61.407575	D3	64	84	1	-1
150	60.917476	61.374571	G3	64	96	1	-1
151	61.313515	61.744208	B3	64	102	1	-2
152	61.709555	62.174901	A3	64	88	1	-4
153	61.709555	62.503284	C#4	64	89	0	2
154	61.709555	62.749158	A2	64	94	1	-1
155	62.105594	62.849818	E3	64	86	1	-4
156	62.501634	62.673251	A3	64	94	1	-4
157	63.293713	64.382821	B4	64	104	0	2
158	63.293713	63.859719	B3	64	88	1	-2
159	63.293713	63.953779	D4	64	93	0	3
160	63.293713	64.407574	B2	64	95	1	-4
161	63.689752	64.287112	F#3	64	83	1	-2
162	64.085792	64.450478	B3	64	93	1	-2
163	64.481831	64.775561	D5	64	104	0	5
164	64.877871	65.240907	C#5	64	98	0	4
165	64.877871	65.666649	C#4	64	92	0	2
166	64.877871	66.059389	A2	64	93	1	-1
167	65.273910	65.635296	B4	64	102	0	2
168	65.273910	66.067639	E3	64	88	1	-4
169	65.669950	65.958729	A4	64	100	0	5
170	65.669950	66.125395	A3	64	94	1	-4
171	66.065989	66.651798	B4	64	100	0	2
172	66.065989	66.518134	C#4	64	93	0	2
173	66.462029	67.036286	B3	64	88	1	-2
174	66.462029	67.282161	D4	64	91	0	3
175	66.462029	67.574240	B2	64	94	1	-4
176	66.858068	68.749157	F#4	64	94	0	2
177	66.858068	67.414174	F#3	64	80	1	-2
178	67.254108	67.546187	B3	64	87	1	-2
179	68.046187	68.524734	A3	64	84	1	-4
180	68.046187	68.874569	C#4	64	84	0	2
181	68.046187	69.285460	A2	64	93	1	-1
182	68.442226	69.321764	E3	64	89	1	-4
183	68.838266	69.176549	B4	64	98	0	2
184	68.838266	69.630345	A3	64	95	1	-4
185	69.234305	69.506582	A4	64	97	0	5
186	69.234305	69.636945	C#4	64	97	0	2
187	69.630345	70.721104	B4	64	102	0	2
188	69.630345	70.430675	D4	64	91	0	3
189	69.630345	70.676549	G2	64	89	1	-3
190	70.026384	70.648496	D3	64	81	1	-1
191	70.422424	70.732655	G3	64	89	1	-1
192	70.422424	70.965328	B3	64	88	1	-2
193	70.818463	71.094041	D5	64	102	0	5
194	71.214503	71.498331	C#5	64	97	0	4
195	71.214503	71.699651	A3	64	85	1	-4
196	71.214503	71.937275	C#4	64	87	0	2
197	71.214503	72.356417	A2	64	92	1	-1
198	71.610542	71.892720	C#5	64	97	0	4
199	71.610542	72.698001	E3	64	85	1	-4
200	72.006582	72.315163	B4	64	94	0	2
201	72.006582	72.514832	A3	64	89	1	-4
202	72.402621	72.681499	C#5	64	102	0	4
203	72.402621	72.820113	C#4	64	91	0	2
204	72.798661	74.830013	B4	64	98	0	2
205	72.798661	73.442225	D4	64	93	0	3
206	72.798661	75.382818	B2	64	93	1	-4
207	73.194700	75.158396	F#3	64	86	1	-2
208	73.590740	74.108891	B3	64	92	1	-2
209	73.986779	74.098990	F#4	64	100	0	2
210	74.382819	74.757406	E4	64	90	0	5
211	74.778858	75.227703	D4	64	88	0	3
212	75.174898	75.429023	D5	64	104	0	5
213	75.174898	75.539584	C#4	64	89	0	2
214	75.570937	75.854766	E5	64	99	0	2
215	75.966977	76.232653	F#5	64	96	0	4
216	75.966977	76.143544	A3	64	87	1	-4
217	75.966977	76.866316	D4	64	93	0	3
218	75.966977	76.869617	D3	64	96	1	-1
219	76.363016	76.645194	F#5	64	99	0	4
220	76.363016	76.787109	A3	64	92	1	-4
221	76.759056	77.018132	F#5	64	104	0	4
222	76.759056	77.133643	F#4	64	99	0	2
223	77.155095	77.420772	F#5	64	102	0	4
224	77.155095	77.635293	A3	64	95	1	-4
225	77.551135	78.429022	E5	64	107	0	2
226	77.551135	78.333313	C#4	64	95	0	2
227	77.551135	78.724402	A2	64	94	1	-1
228	77.947174	79.014831	E3	64	91	1	-4
229	78.343214	78.821761	A3	64	94	1	-4
230	79.135293	79.414171	D5	64	99	0	5
231	79.135293	79.600639	D4	64	93	0	3
232	79.135293	79.643543	B3	64	89	1	-2
233	79.135293	80.184797	B2	64	94	1	-4
234	79.531332	79.823411	C#5	64	95	0	4
235	79.531332	80.122091	F#3	64	85	1	-2
236	79.927372	80.214500	B4	64	97	0	2
237	79.927372	80.483477	B3	64	95	1	-2
238	80.323411	80.999979	C#5	64	97	0	4
239	80.323411	80.495028	D4	64	89	0	3
240	80.719451	81.582487	C#4	64	97	0	2
241	80.719451	81.722751	F#2	64	92	1	-4
242	81.115490	81.892718	A4	64	97	0	5
243	81.115490	81.755754	C#3	64	80	1	-2
244	81.511530	82.029681	A3	64	94	1	-4
245	81.907569	82.041233	C#4	64	97	0	2
246	82.303609	83.001628	B4	64	97	0	2
247	82.303609	82.841562	G3	64	93	1	-1
248	82.303609	83.128691	B3	64	93	1	-2
249	82.303609	83.415820	G2	64	94	1	-3
250	82.699648	83.438922	D3	64	86	1	-1
251	83.095688	83.706249	D5	64	104	0	5
252	83.095688	83.412519	G3	64	98	1	-1
253	83.887767	84.605588	C#5	64	97	0	4
254	83.887767	84.349813	A3	64	88	1	-4
255	83.887767	84.501628	C#4	64	93	0	2
256	83.887767	85.084136	A2	64	93	1	-1
257	84.283806	85.305258	E3	64	88	1	-4
258	84.679846	84.980176	B4	64	97	0	2
259	84.679846	85.160044	A3	64	94	1	-4
260	85.075885	85.377865	A4	64	95	0	5
261	85.075885	85.356413	C#4	64	95	0	2
262	85.471925	88.663343	B4	64	99	0	2
263	85.471925	86.097337	D4	64	95	0	3
264	85.471925	88.334960	B2	64	95	1	-4
265	85.867964	88.039581	F#3	64	84	1	-2
266	86.264004	86.693047	B3	64	93	1	-2
267	86.660043	86.839911	F#4	64	89	0	2
268	87.056083	87.470274	E4	64	86	0	5
269	87.452122	87.896017	D4	64	95	0	3
270	87.848162	88.318459	C#4	64	96	0	2
271	88.244201	88.620439	F#3	64	79	1	-2
272	88.640241	89.143541	B3	64	91	1	-2
273	88.640241	89.488425	D4	64	94	0	3
274	88.640241	91.264002	B2	64	95	1	-4
275	89.036280	90.364663	F#3	64	81	1	-2
276	89.432320	89.942221	B3	64	90	1	-2
277	89.828359	89.966973	D4	64	79	0	3
278	90.224399	90.693045	D4	64	87	0	3
279	90.224399	90.730999	B3	64	82	1	-2
280	90.224399	90.772253	F#4	64	87	0	2
281	90.620438	91.108887	F#3	64	68	1	-2
282	91.016478	91.255752	D4	64	96	0	3
283	91.016478	91.308557	B3	64	97	1	-2
284	91.808557	92.897665	B4	64	104	0	2
285	91.808557	92.374563	B3	64	88	1	-2
286	91.808557	92.468623	D4	64	93	0	3
287	91.808557	92.922418	B2	64	95	1	-4
288	92.204596	92.801956	F#3	64	83	1	-2
289	92.600636	92.965322	B3	64	93	1	-2
290	92.996675	93.290405	D5	64	104	0	5
291	93.392715	93.755751	C#5	64	98	0	4
292	93.392715	94.181493	C#4	64	92	0	2
293	93.392715	94.574233	A2	64	93	1	-1
294	93.788754	94.150140	B4	64	102	0	2
295	93.788754	94.582483	E3	64	88	1	-4
296	94.184794	94.473573	A4	64	100	0	5
297	94.184794	94.640239	A3	64	94	1	-4
298	94.580833	95.166642	B4	64	100	0	2
299	94.580833	95.032978	C#4	64	93	0	2
300	94.976873	95.551130	B3	64	88	1	-2
301	94.976873	95.797005	D4	64	91	0	3
302	94.976873	96.089084	B2	64	94	1	-4
303	95.372912	97.264001	F#4	64	94	0	2
304	95.372912	95.929018	F#3	64	80	1	-2
305	95.768952	96.061031	B3	64	87	1	-2
306	96.561031	97.039578	A3	64	84	1	-4
307	96.561031	97.389413	C#4	64	84	0	2
308	96.561031	97.800304	A2	64	93	1	-1
309	96.957070	97.836608	E3	64	89	1	-4
310	97.353110	97.691393	B4	64	98	0	2
311	97.353110	98.145189	A3	64	95	1	-4
312	97.749149	98.021426	A4	64	97	0	5
313	97.749149	98.151789	C#4	64	97	0	2
314	98.145189	99.235948	B4	64	102	0	2
315	98.145189	98.945519	D4	64	91	0	3
316	98.145189	99.191393	G2	64	89	1	-3
317	98.541228	99.163340	D3	64	81	1	-1
318	98.937268	99.247499	G3	64	89	1	-1
319	98.937268	99.480172	B3	64	88	1	-2
320	99.333307	99.608885	D5	64	102	0	5
321	99.729347	100.013175	C#5	64	97	0	4
322	99.729347	100.214495	A3	64	85	1	-4
323	99.729347	100.452119	C#4	64	87	0	2
324	99.729347	100.871261	A2	64	92	1	-1
325	100.125386	100.407564	C#5	64	97	0	4
326	100.125386	101.212845	E3	64	85	1	-4
327	100.521426	100.830007	B4	64	94	0	2
328	100.521426	101.029676	A3	64	89	1	-4
329	100.917465	101.196343	C#5	64	102	0	4
330	100.917465	101.334957	C#4	64	91	0	2
331	101.313505	103.344857	D5	64	98	0	5
332	101.313505	101.957069	D4	64	93	0	3
333	101.313505	103.897662	B2	64	93	1	-4
334	101.709544	103.673240	F#3	64	86	1	-2
335	102.105584	102.623735	B3	64	92	1	-2
336	102.501623	102.613834	F#4	64	100	0	2
337	102.897663	103.272250	E4	64	90	0	5
338	103.293702	103.742547	D4	64	88	0	3
339	103.689742	103.943867	D5	64	104	0	5
340	103.689742	104.054428	C#4	64	89	0	2
341	104.085781	104.369610	E5	64	99	0	2
342	104.481821	104.747497	F#5	64	96	0	4
343	104.481821	104.658388	A3	64	87	1	-4
344	104.481821	105.381160	D4	64	93	0	3
345	104.481821	105.384461	D3	64	96	1	-1
346	104.877860	105.160038	F#5	64	99	0	4
347	104.877860	105.301953	A3	64	92	1	-4
348	105.273900	105.532976	F#5	64	104	0	4
349	105.273900	105.648487	F#4	64	99	0	2
350	105.669939	105.935616	F#5	64	102	0	4
351	105.669939	106.150137	A3	64	95	1	-4
352	106.065979	106.943866	E5	64	107	0	2
353	106.065979	106.848157	C#4	64	95	0	2
354	106.065979	107.239246	A2	64	94	1	-1
355	106.462018	107.529675	E3	64	91	1	-4
356	106.858058	107.336605	A3	64	94	1	-4
357	107.650137	107.929015	D5	64	99	0	5
358	107.650137	108.115483	D4	64	93	0	3
359	107.650137	108.158387	B3	64	89	1	-2
360	107.650137	108.699641	B2	64	94	1	-4
361	108.046176	108.338255	C#5	64	95	0	4
362	108.046176	108.636935	F#3	64	85	1	-2
363	108.442216	108.729344	B4	64	97	0	2
364	108.442216	108.998321	B3	64	95	1	-2
365	108.838255	109.514823	C#5	64	97	0	4
366	108.838255	109.009872	D4	64	89	0	3
367	109.234295	110.097331	C#4	64	97	0	2
368	109.234295	110.237595	F#2	64	92	1	-4
369	109.630334	110.407562	A4	64	97	0	5
370	109.630334	110.270598	C#3	64	80	1	-2
371	110.026374	110.544525	A3	64	94	1	-4
372	110.422413	110.556077	C#4	64	97	0	2
373	110.818453	111.516472	B4	64	97	0	2
374	110.818453	111.356406	G3	64	93	1	-1
375	110.818453	111.643535	B3	64	93	1	-2
376	110.818453	111.930664	G2	64	94	1	-3
377	111.214492	111.953766	D3	64	86	1	-1
378	111.610532	111.925713	B4	64	92	0	2
379	111.610532	111.927363	G3	64	98	1	-1
380	112.006571	112.295350	D5	64	96	0	5
381	112.402611	113.120432	C#5	64	97	0	4
382	112.402611	112.864657	A3	64	88	1	-4
383	112.402611	113.016472	C#4	64	93	0	2
384	112.402611	113.598980	A2	64	93	1	-1
385	112.798650	113.820102	E3	64	88	1	-4
386	113.194690	114.011521	A4	64	97	0	5
387	113.194690	113.674888	A3	64	94	1	-4
388	113.590729	113.871257	C#4	64	95	0	2
389	113.986769	114.565977	G3	64	93	1	-1
390	113.986769	114.856405	D4	64	94	0	3
391	113.986769	115.349805	G2	64	95	1	-3
392	114.382808	115.386108	D3	64	94	1	-1
393	114.778848	115.042874	B4	64	95	0	2
394	114.778848	115.219442	G3	64	99	1	-1
395	115.174887	115.424062	D5	64	104	0	5
396	115.174887	115.603930	B3	64	99	1	-2
397	115.570927	116.277197	C#5	64	97	0	4
398	115.570927	116.359705	C#4	64	96	0	2
399	115.570927	116.876207	A2	64	98	1	-1
400	115.966966	116.991718	E3	64	87	1	-4
401	116.363006	117.054425	A4	64	88	0	5
402	116.363006	116.808550	A3	64	94	1	-4
403	117.155085	120.280496	B4	64	97	0	2
404	117.155085	117.655085	B3	64	88	1	-2
405	117.155085	117.823401	D4	64	93	0	3
406	117.155085	119.577526	B2	64	99	1	-4
407	117.551124	119.409210	F#3	64	93	1	-2
408	117.947164	118.239243	B3	64	102	1	-2
409	118.343203	118.442213	F#4	64	104	0	2
410	118.739243	118.998319	E4	64	91	0	5
411	119.135282	119.574226	D4	64	94	0	3
412	119.531322	119.884457	C#4	64	104	0	2
413	119.927361	120.202939	B3	64	93	1	-2
414	120.125381	120.358054	C#4	64	94	0	2
415	120.323401	121.026371	D4	64	98	0	3
416	120.323401	123.235941	B2	64	98	1	-4
417	120.719440	121.179836	F#3	64	95	1	-2
418	121.115480	121.425711	B3	64	114	1	-2
419	121.511519	122.782146	F#3	64	100	1	-2
420	121.709539	121.905909	B3	64	107	1	-2
421	121.907559	122.065975	D4	64	98	0	3
422	122.105579	122.310199	B3	64	94	1	-2
423	122.303598	122.433961	D4	64	93	0	3
424	122.501618	122.641882	B3	64	93	1	-2
425	122.699638	122.968615	F#4	64	102	0	2
426	122.699638	122.877856	B3	64	100	1	-2
427	122.699638	122.947162	F#4	64	95	0	2
428	122.897658	123.168284	F#3	64	99	1	-2
429	123.095677	123.427360	A4	64	99	0	5
430	123.095677	123.150133	F#4	64	85	0	2
431	123.095677	123.498317	B4	64	99	0	2
432	123.491717	124.163334	B4	64	107	0	2
433	123.491717	123.537921	B3	64	91	1	-2
434	123.491717	124.051123	G3	64	90	1	-1
435	123.491717	124.894357	G2	64	96	1	-3
436	123.887756	124.932310	D3	64	91	1	-1
437	124.283796	124.886106	F#5	64	98	0	4
438	124.283796	124.582476	G3	64	95	1	-1
439	124.481816	124.696337	B3	64	89	1	-2
440	124.679835	124.920759	D4	64	90	0	3
441	124.877855	125.130330	G3	64	97	1	-1
442	125.075875	125.554422	E5	64	107	0	2
443	125.075875	125.856403	C#4	64	101	0	2
444	125.075875	126.282145	A2	64	97	1	-1
445	125.471914	126.405907	E3	64	96	1	-4
446	125.628680	125.754092	D5	64	110	0	5
447	125.815148	126.100627	C#5	64	99	0	4
448	125.867954	126.300297	A3	64	96	1	-4
449	126.263993	128.605577	D5	64	106	0	5
450	126.263993	126.392706	C#4	64	98	0	2
451	126.660033	127.153432	B3	64	88	1	-2
452	126.660033	127.503267	D4	64	89	0	3
453	126.660033	129.496666	B2	64	96	1	-4
454	127.056072	127.876204	F#3	64	84	1	-2
455	127.452112	127.706237	B3	64	94	1	-2
456	127.848151	128.156732	B3	64	97	1	-2
457	128.244191	128.752441	F#4	64	95	0	2
458	128.244191	128.841550	D4	64	94	0	3
459	128.244191	128.853101	B3	64	97	1	-2
460	128.640230	129.150131	F#3	64	77	1	-2
461	129.036270	129.338250	D5	64	104	0	5
462	129.036270	129.285445	B3	64	96	1	-2
463	129.036270	129.519768	D4	64	96	0	3
464	129.432309	129.729339	C#5	64	98	0	4
465	129.432309	129.924058	B3	64	92	1	-2
466	129.828349	130.095675	B4	64	99	0	2
467	129.828349	130.661682	D4	64	91	0	3
468	129.828349	131.085774	G2	64	93	1	-3
469	130.224388	130.498316	B4	64	102	0	2
470	130.224388	131.265642	D3	64	90	1	-1
471	130.620428	130.985114	B4	64	104	0	2
472	130.620428	131.097325	G3	64	95	1	-1
473	131.016467	131.283794	B4	64	94	0	2
474	131.016467	131.343200	B3	64	96	1	-2
475	131.412507	131.724388	A4	64	100	0	5
476	131.412507	131.806896	A3	64	91	1	-4
477	131.412507	132.115477	C#4	64	91	0	2
478	131.412507	132.382804	A2	64	97	1	-1
479	131.808546	132.107226	A4	64	99	0	5
480	131.808546	132.384454	E3	64	91	1	-4
481	132.204586	132.938909	B4	64	99	0	2
482	132.204586	133.090724	A3	64	96	1	-4
483	132.996665	135.189733	F#4	64	99	0	2
484	132.996665	133.879503	F#4	64	83	0	2
485	132.996665	135.529667	F#2	64	91	1	-4
486	133.392704	135.554420	C#3	64	85	1	-2
487	133.788744	134.602275	A3	64	96	1	-4
488	134.184783	134.734288	C#4	64	98	0	2
489	134.580823	135.100625	F#4	64	96	0	2
490	134.976862	135.206235	A3	64	96	1	-4
491	135.372902	135.651780	F#4	64	97	0	2
492	135.372902	135.711185	C#4	64	100	0	2
493	135.372902	135.747489	A3	64	98	1	-4
494	135.768941	136.052770	A4	64	97	0	5
495	135.768941	135.879502	C#3	64	85	1	-2
496	135.768941	135.905905	F#2	64	97	1	-4
497	136.164981	137.795343	B4	64	107	0	2
498	136.164981	136.714486	G3	64	92	1	-1
499	136.164981	137.031317	B3	64	96	1	-2
500	136.164981	137.470261	G2	64	84	1	-3
501	136.561020	137.594023	D3	64	90	1	-1
502	136.957060	137.391053	G3	64	100	1	-1
503	136.985113	137.592373	F#5	64	96	0	4
504	137.353099	137.768941	B3	64	98	1	-2
505	137.749139	138.179832	A3	64	89	1	-4
506	137.749139	138.607224	C#4	64	89	0	2
507	137.749139	139.174881	A2	64	97	1	-1
508	137.783792	138.259040	E5	64	110	0	2
509	138.145178	139.207884	E3	64	90	1	-4
510	138.336597	138.455409	D5	64	102	0	5
511	138.537917	138.844848	C#5	64	104	0	4
512	138.541218	139.080822	A3	64	92	1	-4
513	138.937257	139.371251	C#4	64	97	0	2
514	138.950459	141.483461	D5	64	104	0	5
515	139.333297	139.747488	D4	64	96	0	3
516	139.333297	139.856399	B3	64	87	1	-2
517	139.333297	142.077520	B2	64	97	1	-4
518	139.729336	140.211184	F#3	64	93	1	-2
519	140.125376	140.585772	B3	64	99	1	-2
520	140.521415	141.026366	F#3	64	95	1	-2
521	140.917455	141.409204	F#4	64	93	0	2
522	140.917455	141.450458	B3	64	97	1	-2
523	141.313494	141.823395	F#3	64	86	1	-2
524	141.709534	142.008214	D5	64	95	0	5
525	141.709534	142.028016	B3	64	96	1	-2
526	141.709534	142.120425	F#4	64	92	0	2
527	142.105573	142.415804	C#5	64	100	0	4
528	142.105573	142.508213	E4	64	91	0	5
529	142.501613	143.524715	B4	64	100	0	2
530	142.501613	143.306893	D4	64	91	0	3
531	142.501613	143.707883	G2	64	96	1	-3
532	142.897652	143.854748	D3	64	87	1	-1
533	143.293692	143.686431	G3	64	97	1	-1
534	143.689731	143.975210	B4	64	97	0	2
535	143.689731	144.105573	D4	64	96	0	3
536	144.085771	144.775540	A4	64	95	0	5
537	144.085771	144.511513	A3	64	87	1	-4
538	144.085771	144.884450	C#4	64	89	0	2
539	144.085771	145.196332	A2	64	96	1	-1
540	144.481810	145.430655	E3	64	93	1	-4
541	144.877850	145.541216	C#5	64	99	0	4
542	144.877850	145.321744	A3	64	93	1	-4
543	145.273889	145.726034	C#4	64	96	0	2
544	145.669929	148.877849	B4	64	98	0	2
545	145.669929	146.082470	D4	64	94	0	3
546	145.669929	146.145176	B3	64	87	1	-2
547	145.669929	148.702931	B2	64	97	1	-4
548	146.065968	146.651777	F#3	64	86	1	-2
549	146.462008	147.179829	B3	64	97	1	-2
550	146.858047	147.374549	F#3	64	87	1	-2
551	147.254087	147.795341	D4	64	90	0	3
552	147.254087	147.831644	F#4	64	86	0	2
553	147.650126	148.164978	F#3	64	80	1	-2
554	148.046166	148.399301	B3	64	95	1	-2
555	148.046166	148.580819	D4	64	95	0	3
556	148.442205	148.676529	F#3	64	76	1	-2
557	148.640225	149.419103	B3	64	96	1	-2
558	149.234284	151.978508	F#3	64	84	1	-2
559	149.630324	150.495010	B3	64	97	1	-2
560	150.026363	150.564317	D4	64	92	0	3
561	150.422403	150.896000	B4	64	97	0	2
562	150.818442	151.113822	B3	64	94	1	-2
563	151.214482	151.433954	B3	64	92	1	-2
564	151.214482	151.993359	F#4	64	85	0	2
565	151.610521	151.996660	B3	64	93	1	-2
566	152.006561	152.034614	B2	64	95	1	-4
567	152.006561	152.572567	B3	64	88	1	-2
568	152.006561	152.666627	D4	64	93	0	3
569	152.097320	153.186428	B4	64	104	0	2
570	152.402600	152.999960	F#3	64	83	1	-2
571	152.798640	153.163326	B3	64	93	1	-2
572	153.285438	153.579168	D5	64	104	0	5
573	153.590719	154.379497	C#4	64	92	0	2
574	153.590719	154.772237	A2	64	93	1	-1
575	153.681478	154.044514	C#5	64	98	0	4
576	153.986758	154.780487	E3	64	88	1	-4
577	154.077517	154.438903	B4	64	102	0	2
578	154.382798	154.838243	A3	64	94	1	-4
579	154.473557	154.762336	A4	64	100	0	5
580	154.778837	155.230982	C#4	64	93	0	2
581	154.869596	155.455405	B4	64	100	0	2
582	155.174877	155.749134	B3	64	88	1	-2
583	155.174877	155.995009	D4	64	91	0	3
584	155.174877	156.287088	B2	64	94	1	-4
585	155.570916	156.127022	F#3	64	80	1	-2
586	155.661675	157.552764	F#4	64	94	0	2
587	155.966956	156.259035	B3	64	87	1	-2
588	156.759035	157.237582	A3	64	84	1	-4
589	156.759035	157.587417	C#4	64	84	0	2
590	156.759035	157.998308	A2	64	93	1	-1
591	157.155074	158.034612	E3	64	89	1	-4
592	157.551114	158.343193	A3	64	95	1	-4
593	157.641873	157.980157	B4	64	98	0	2
594	157.947153	158.349793	C#4	64	97	0	2
595	158.037912	158.310189	A4	64	97	0	5
596	158.343193	159.143523	D4	64	91	0	3
597	158.343193	159.389397	G2	64	89	1	-3
598	158.433952	159.524711	B4	64	102	0	2
599	158.739232	159.361344	D3	64	81	1	-1
600	159.135272	159.445503	G3	64	89	1	-1
601	159.135272	159.678176	B3	64	88	1	-2
602	159.622070	159.897648	D5	64	102	0	5
603	159.927351	160.412499	A3	64	85	1	-4
604	159.927351	160.650123	C#4	64	87	0	2
605	159.927351	161.069265	A2	64	92	1	-1
606	160.018110	160.301938	C#5	64	97	0	4
607	160.323390	161.410849	E3	64	85	1	-4
608	160.414149	160.696327	C#5	64	97	0	4
609	160.719430	161.227680	A3	64	89	1	-4
610	160.810189	161.118770	B4	64	94	0	2
611	161.115469	161.532961	C#4	64	91	0	2
612	161.206228	161.485106	C#5	64	102	0	4
613	161.511509	162.155073	D4	64	93	0	3
614	161.511509	164.095666	B2	64	93	1	-4
615	161.602268	163.633620	D5	64	98	0	5
616	161.907548	163.871244	F#3	64	86	1	-2
617	162.303588	162.821739	B3	64	92	1	-2
618	162.699627	162.811838	F#4	64	100	0	2
619	163.095667	163.470254	E4	64	90	0	5
620	163.491706	163.940551	D4	64	88	0	3
621	163.887746	164.252432	C#4	64	89	0	2
622	163.978505	164.232630	D5	64	104	0	5
623	164.374544	164.658373	E5	64	99	0	2
624	164.679825	164.856392	A3	64	87	1	-4
625	164.679825	165.579164	D4	64	93	0	3
626	164.679825	165.582465	D3	64	96	1	-1
627	164.770584	165.036260	F#5	64	96	0	4
628	165.075864	165.499957	A3	64	92	1	-4
629	165.166623	165.448801	F#5	64	99	0	4
630	165.471904	165.846491	F#4	64	99	0	2
631	165.562663	165.821739	F#5	64	104	0	4
632	165.867943	166.348141	A3	64	95	1	-4
633	165.958702	166.224379	F#5	64	102	0	4
634	166.263983	167.046161	C#4	64	95	0	2
635	166.263983	167.437250	A2	64	94	1	-1
636	166.354742	167.232629	E5	64	107	0	2
637	166.660022	167.727679	E3	64	91	1	-4
638	167.056062	167.534609	A3	64	94	1	-4
639	167.848141	168.313487	D4	64	93	0	3
640	167.848141	168.356391	B3	64	89	1	-2
641	167.848141	168.897645	B2	64	94	1	-4
642	167.938900	168.217778	D5	64	99	0	5
643	168.244180	168.834939	F#3	64	85	1	-2
644	168.334939	168.627018	C#5	64	95	0	4
645	168.640220	169.196325	B3	64	95	1	-2
646	168.730979	169.018107	B4	64	97	0	2
647	169.036259	169.207876	D4	64	89	0	3
648	169.127018	169.803586	C#5	64	97	0	4
649	169.432299	170.295335	C#4	64	97	0	2
650	169.432299	170.435599	F#2	64	92	1	-4
651	169.828338	170.468602	C#3	64	80	1	-2
652	169.919097	170.696325	A4	64	97	0	5
653	170.224378	170.742529	A3	64	94	1	-4
654	170.620417	170.754081	C#4	64	97	0	2
655	171.016457	171.554410	G3	64	93	1	-1
656	171.016457	171.841539	B3	64	93	1	-2
657	171.016457	172.128668	G2	64	94	1	-3
658	171.107216	171.805235	B4	64	97	0	2
659	171.412496	172.151770	D3	64	86	1	-1
660	171.808536	172.125367	G3	64	98	1	-1
661	171.899295	172.214476	B4	64	92	0	2
662	172.295334	172.584113	D5	64	96	0	5
663	172.600615	173.062661	A3	64	88	1	-4
664	172.600615	173.214476	C#4	64	93	0	2
665	172.600615	173.796984	A2	64	93	1	-1
666	172.691374	173.409195	C#5	64	97	0	4
667	172.996654	174.018106	E3	64	88	1	-4
668	173.392694	173.872892	A3	64	94	1	-4
669	173.483453	174.300284	A4	64	97	0	5
670	173.788733	174.069261	C#4	64	95	0	2
671	174.184773	174.763981	G3	64	93	1	-1
672	174.184773	175.054409	D4	64	94	0	3
673	174.184773	175.547809	G2	64	95	1	-3
674	174.580812	175.584112	D3	64	94	1	-1
675	174.976852	175.417446	G3	64	99	1	-1
676	175.067611	175.331637	B4	64	95	0	2
677	175.372891	175.801934	B3	64	99	1	-2
678	175.463650	175.712825	D5	64	104	0	5
679	175.768931	176.557709	C#4	64	96	0	2
680	175.768931	177.074211	A2	64	98	1	-1
681	175.859690	176.565960	C#5	64	97	0	4
682	176.164970	177.189722	E3	64	87	1	-4
683	176.561010	177.006554	A3	64	94	1	-4
684	176.651769	177.343188	A4	64	88	0	5
685	177.353089	177.853089	B3	64	88	1	-2
686	177.353089	178.021405	D4	64	93	0	3
687	177.353089	179.775530	B2	64	99	1	-4
688	177.443848	180.569260	B4	64	97	0	2
689	177.749128	179.607214	F#3	64	93	1	-2
690	178.145168	178.437247	B3	64	102	1	-2
691	178.541207	178.640217	F#4	64	104	0	2
692	178.937247	179.196323	E4	64	91	0	5
693	179.333286	179.772230	D4	64	94	0	3
694	179.729326	180.082461	C#4	64	104	0	2
695	180.125365	180.400943	B3	64	93	1	-2
696	180.323385	180.556058	C#4	64	94	0	2
697	180.521405	181.224375	D4	64	98	0	3
698	180.521405	183.433945	B2	64	98	1	-4
699	180.917444	181.377840	F#3	64	95	1	-2
700	181.313484	181.623715	B3	64	114	1	-2
701	181.709523	182.980150	F#3	64	100	1	-2
702	181.907543	182.103913	B3	64	107	1	-2
703	182.105563	182.263979	D4	64	98	0	3
704	182.303583	182.508203	B3	64	94	1	-2
705	182.501602	182.631965	D4	64	93	0	3
706	182.699622	182.839886	B3	64	93	1	-2
707	182.897642	183.075860	B3	64	100	1	-2
708	182.897642	183.145166	F#4	64	95	0	2
709	182.988401	183.257378	F#4	64	102	0	2
710	183.095662	183.366288	F#3	64	99	1	-2
711	183.293681	183.348137	F#4	64	85	0	2
712	183.293681	183.696321	B4	64	99	0	2
713	183.384440	183.716123	A4	64	99	0	5
714	183.689721	183.735925	B3	64	91	1	-2
715	183.689721	184.249127	G3	64	90	1	-1
716	183.689721	185.092361	G2	64	96	1	-3
717	183.780480	184.452097	B4	64	107	0	2
718	184.085760	185.130314	D3	64	91	1	-1
719	184.481800	184.780480	G3	64	95	1	-1
720	184.572559	185.174869	F#5	64	98	0	4
721	184.679820	184.894341	B3	64	89	1	-2
722	184.877839	185.118763	D4	64	90	0	3
723	185.075859	185.328334	G3	64	97	1	-1
724	185.273879	186.054407	C#4	64	101	0	2
725	185.273879	186.480149	A2	64	97	1	-1
726	185.364638	185.843186	E5	64	107	0	2
727	185.669918	186.603911	E3	64	96	1	-4
728	185.917443	186.042855	D5	64	110	0	5
729	186.065958	186.498301	A3	64	96	1	-4
730	186.103912	186.389390	C#5	64	99	0	4
731	186.461997	186.590710	C#4	64	98	0	2
732	186.552756	188.894340	D5	64	106	0	5
733	186.858037	187.351436	B3	64	88	1	-2
734	186.858037	187.701271	D4	64	89	0	3
735	186.858037	189.694670	B2	64	96	1	-4
736	187.254076	188.074208	F#3	64	84	1	-2
737	187.650116	187.904241	B3	64	94	1	-2
738	188.046155	188.354736	B3	64	97	1	-2
739	188.442195	188.950445	F#4	64	95	0	2
740	188.442195	189.039554	D4	64	94	0	3
741	188.442195	189.051105	B3	64	97	1	-2
742	188.838234	189.348135	F#3	64	77	1	-2
743	189.234274	189.483449	B3	64	96	1	-2
744	189.234274	189.717772	D4	64	96	0	3
745	189.325033	189.627013	D5	64	104	0	5
746	189.630313	190.122062	B3	64	92	1	-2
747	189.721072	190.018102	C#5	64	98	0	4
748	190.026353	190.859686	D4	64	91	0	3
749	190.026353	191.283778	G2	64	93	1	-3
750	190.117112	190.384438	B4	64	99	0	2
751	190.422392	191.463646	D3	64	90	1	-1
752	190.513151	190.787079	B4	64	102	0	2
753	190.818432	191.295329	G3	64	95	1	-1
754	190.909191	191.273877	B4	64	104	0	2
755	191.214471	191.541204	B3	64	96	1	-2
756	191.305230	191.572557	B4	64	94	0	2
757	191.610511	192.004900	A3	64	91	1	-4
758	191.610511	192.313481	C#4	64	91	0	2
759	191.610511	192.580808	A2	64	97	1	-1
760	191.701270	192.013151	A4	64	100	0	5
761	192.006550	192.582458	E3	64	91	1	-4
762	192.097309	192.395989	A4	64	99	0	5
763	192.402590	193.288728	A3	64	96	1	-4
764	192.493349	193.227672	B4	64	99	0	2
765	193.194669	194.077507	F#4	64	83	0	2
766	193.194669	195.727671	F#2	64	91	1	-4
767	193.285428	195.478497	F#4	64	99	0	2
768	193.590708	195.752424	C#3	64	85	1	-2
769	193.986748	194.800279	A3	64	96	1	-4
770	194.382787	194.932292	C#4	64	98	0	2
771	194.778827	195.298629	F#4	64	96	0	2
772	195.174866	195.404239	A3	64	96	1	-4
773	195.570906	195.909189	C#4	64	100	0	2
774	195.570906	195.945493	A3	64	98	1	-4
775	195.661665	195.940543	F#4	64	97	0	2
776	195.966945	196.077506	C#3	64	85	1	-2
777	195.966945	196.103909	F#2	64	97	1	-4
778	196.057704	196.341533	A4	64	97	0	5
779	196.362985	196.912490	G3	64	92	1	-1
780	196.362985	197.229321	B3	64	96	1	-2
781	196.362985	197.668265	G2	64	84	1	-3
782	196.453744	198.084106	B4	64	107	0	2
783	196.759024	197.792027	D3	64	90	1	-1
784	197.155064	197.589057	G3	64	100	1	-1
785	197.273876	197.881136	F#5	64	96	0	4
786	197.551103	197.966945	B3	64	98	1	-2
787	197.947143	198.377836	A3	64	89	1	-4
788	197.947143	198.805228	C#4	64	89	0	2
789	197.947143	199.372885	A2	64	97	1	-1
790	198.072555	198.547803	E5	64	110	0	2
791	198.343182	199.405888	E3	64	90	1	-4
792	198.625360	198.744172	D5	64	102	0	5
793	198.739222	199.278826	A3	64	92	1	-4
794	198.826680	199.133611	C#5	64	104	0	4
795	199.135261	199.569255	C#4	64	97	0	2
796	199.239222	201.772224	D5	64	104	0	5
797	199.531301	199.945492	D4	64	96	0	3
798	199.531301	200.054403	B3	64	87	1	-2
799	199.531301	202.275524	B2	64	97	1	-4
800	199.927340	200.409188	F#3	64	93	1	-2
801	200.323380	200.783776	B3	64	99	1	-2
802	200.719419	201.224370	F#3	64	95	1	-2
803	201.115459	201.607208	F#4	64	93	0	2
804	201.115459	201.648462	B3	64	97	1	-2
805	201.511498	202.021399	F#3	64	86	1	-2
806	201.907538	202.226020	B3	64	96	1	-2
807	201.907538	202.318429	F#4	64	92	0	2
808	201.998297	202.298627	D5	64	95	0	5
809	202.303577	202.706217	E4	64	91	0	5
810	202.394336	202.704567	C#5	64	100	0	4
811	202.699617	203.504897	D4	64	91	0	3
812	202.699617	203.905887	G2	64	96	1	-3
813	202.790376	203.813478	B4	64	100	0	2
814	203.095656	204.052752	D3	64	87	1	-1
815	203.491696	203.884435	G3	64	97	1	-1
816	203.887735	204.303577	D4	64	96	0	3
817	203.978494	204.263973	B4	64	97	0	2
818	204.283775	204.709517	A3	64	87	1	-4
819	204.283775	205.082454	C#4	64	89	0	2
820	204.283775	205.394336	A2	64	96	1	-1
821	204.374534	205.064303	A4	64	95	0	5
822	204.679814	205.628659	E3	64	93	1	-4
823	205.075854	205.519748	A3	64	93	1	-4
824	205.166613	205.829979	C#5	64	99	0	4
825	205.471893	205.924038	C#4	64	96	0	2
826	205.867933	206.280474	D4	64	94	0	3
827	205.867933	206.343180	B3	64	87	1	-2
828	205.867933	208.900935	B2	64	97	1	-4
829	205.958692	208.133609	B4	64	98	0	2
830	206.263972	206.849781	F#3	64	86	1	-2
831	206.660012	207.377833	B3	64	97	1	-2
832	207.056051	207.572553	F#3	64	87	1	-2
833	207.452091	207.993345	D4	64	90	0	3
834	207.452091	208.029648	F#4	64	86	0	2
835	207.848130	208.362982	F#3	64	80	1	-2
836	208.244170	208.521397	F#4	64	97	0	2
837	208.244170	208.597305	B3	64	95	1	-2
838	208.244170	208.778823	D4	64	95	0	3
839	208.640209	208.924038	A4	64	97	0	5
840	208.640209	208.874533	F#3	64	76	1	-2
841	209.036249	210.666611	B4	64	107	0	2
842	209.036249	209.585754	G3	64	92	1	-1
843	209.036249	209.617107	B3	64	96	1	-2
844	209.036249	210.341529	G2	64	84	1	-3
845	209.432288	210.465291	D3	64	90	1	-1
846	209.828328	210.262321	G3	64	100	1	-1
847	209.854730	210.461991	F#5	64	96	0	4
848	210.224367	210.640209	B3	64	98	1	-2
849	210.620407	211.051100	A3	64	89	1	-4
850	210.620407	211.478492	C#4	64	89	0	2
851	210.620407	212.046149	A2	64	97	1	-1
852	210.653410	211.128657	E5	64	110	0	2
853	211.016446	212.079152	E3	64	90	1	-4
854	211.206215	211.325027	D5	64	102	0	5
855	211.407535	211.714466	C#5	64	104	0	4
856	211.412486	211.952090	A3	64	92	1	-4
857	211.808525	212.242519	C#4	64	97	0	2
858	211.820076	214.354729	D5	64	104	0	5
859	212.204565	212.618756	D4	64	96	0	3
860	212.204565	212.727667	B3	64	87	1	-2
861	212.204565	214.948788	B2	64	97	1	-4
862	212.600604	213.082452	F#3	64	93	1	-2
863	212.996644	213.457040	B3	64	99	1	-2
864	213.392683	213.897634	F#3	64	95	1	-2
865	213.788723	214.280472	F#4	64	93	0	2
866	213.788723	214.321726	B3	64	97	1	-2
867	214.184762	214.694663	F#3	64	86	1	-2
868	214.580802	214.879482	D5	64	95	0	5
869	214.580802	214.899284	B3	64	96	1	-2
870	214.580802	214.991693	F#4	64	92	0	2
871	214.976841	215.287072	C#5	64	100	0	4
872	214.976841	215.379481	E4	64	91	0	5
873	215.372881	216.395983	B4	64	100	0	2
874	215.372881	216.178161	D4	64	91	0	3
875	215.372881	216.579151	G2	64	96	1	-3
876	215.768920	216.726016	D3	64	87	1	-1
877	216.164960	216.557699	G3	64	97	1	-1
878	216.560999	216.844828	B4	64	97	0	2
879	216.560999	216.976841	D4	64	96	0	3
880	216.957039	217.645157	A4	64	95	0	5
881	216.957039	217.382781	A3	64	87	1	-4
882	216.957039	217.755718	C#4	64	89	0	2
883	216.957039	218.067600	A2	64	96	1	-1
884	217.353078	218.301923	E3	64	93	1	-4
885	217.749118	218.410834	C#5	64	99	0	4
886	217.749118	218.193012	A3	64	93	1	-4
887	218.145157	218.597302	C#4	64	96	0	2
888	218.541197	221.747467	B4	64	98	0	2
889	218.541197	218.953738	D4	64	94	0	3
890	218.541197	219.016444	B3	64	87	1	-2
891	218.541197	221.574199	B2	64	97	1	-4
892	218.937236	219.523045	F#3	64	86	1	-2
893	219.333276	220.051097	B3	64	97	1	-2
894	219.729315	220.245817	F#3	64	87	1	-2
895	220.125355	220.666609	D4	64	90	0	3
896	220.125355	220.702912	F#4	64	86	0	2
897	220.521394	221.036246	F#3	64	80	1	-2
898	220.917434	221.270569	B3	64	95	1	-2
899	220.917434	221.452087	D4	64	95	0	3
900	221.313473	221.547797	F#3	64	76	1	-2
901	221.511493	222.290371	B3	64	96	1	-2
902	221.696311	223.333275	B2	64	73	1	-4
903	222.069249	223.278819	F#3	64	44	1	-2
904	222.438886	223.282120	F#4	64	74	0	2
905	222.461988	223.300271	D4	64	71	0	3
906	222.861328	223.328324	B3	64	94	1	-2
907	223.331625	224.490040	A3	64	87	1	-4
908	223.334925	224.183109	C#4	64	93	0	2
909	223.336575	224.834924	A2	64	93	1	-1
910	223.838225	224.762317	E3	64	86	1	-4
911	224.402581	225.821723	C#4	64	93	0	2
912	224.404232	226.763967	A4	64	93	0	5
913	224.410832	225.971888	E4	64	94	0	5
914	225.044495	225.928984	A3	64	88	1	-4
915	225.846475	226.895980	B2	64	95	1	-4
916	226.455386	226.869577	F#3	64	77	1	-2
917	226.782119	227.082449	B3	64	93	1	-2
918	227.074198	227.287069	A4	64	90	0	5
919	227.316772	229.983438	B3	64	91	1	-2
920	227.627003	229.942184	F#4	64	83	0	2
921	227.904231	228.636904	B4	64	93	0	2
922	228.232613	228.678158	F#5	64	78	0	4
923	228.638554	228.790369	B5	64	90	0	4
924	229.326672	229.432283	B5	64	80	0	4
925	229.437234	229.560996	B6	64	88	0	1
