//Version: PianoFingering_v170101
0	0.103040	2.918916	A3	64	36	1	-4
1	0.135135	2.603038	D2	64	58	1	-3
2	0.157094	2.895267	D4	64	45	0	3
3	0.201013	2.905403	F4	64	39	0	1
4	3.353037	6.315872	G3	64	40	1	-1
5	3.390199	5.815873	C4	64	43	0	1
6	3.415537	6.400331	C3	64	52	1	-3
7	3.432429	6.064183	E4	64	35	0	5
8	6.582764	9.288842	A#3	64	44	1	-3
9	6.650331	9.319247	A#2	64	49	1	-5
10	6.672291	9.246612	D4	64	41	0	3
11	6.719588	9.214518	F4	64	46	0	1
12	9.898639	12.496609	A#2	64	54	1	-5
13	9.902017	12.271947	F3	64	32	1	-3
14	9.910463	12.344582	A#3	64	43	1	-3
15	9.912152	12.408771	D4	64	52	0	3
16	13.182419	13.565865	A3	64	55	1	-4
17	13.182419	13.577689	F4	64	53	0	1
18	13.182419	13.793905	D2	64	60	1	-3
19	13.993229	14.084445	D4	64	53	0	3
20	13.993229	14.106405	A3	64	52	1	-4
21	14.601337	14.749985	A3	64	47	1	-4
22	14.601337	14.770256	F4	64	53	0	1
23	15.412147	15.538836	D3	64	49	1	-1
24	15.614849	15.768565	F3	64	53	1	-3
25	15.817552	16.065862	A3	64	62	1	-4
26	16.020254	16.111470	D4	64	53	0	3
27	16.425659	16.834443	C4	64	52	0	1
28	16.425659	16.891875	G3	64	53	1	-1
29	16.425659	17.325996	C3	64	59	1	-3
30	17.236469	17.347956	C4	64	51	0	1
31	17.236469	17.378361	E4	64	54	0	5
32	17.236469	17.396942	G3	64	48	1	-1
33	17.844577	17.888496	C4	64	44	0	1
34	17.844577	17.969577	G4	64	46	0	3
35	17.844577	17.971266	G3	64	48	1	-1
36	18.452684	18.657076	E4	64	45	0	5
37	18.452684	18.694238	C4	64	48	0	1
38	18.452684	18.736468	G3	64	42	1	-1
39	19.060792	19.153697	E3	64	45	1	-4
40	19.263494	19.499981	G3	64	56	1	-1
41	19.466197	19.552345	C4	64	55	0	1
42	19.668899	20.074304	F3	64	54	1	-3
43	19.668899	20.118223	A#3	64	58	1	-3
44	19.668899	22.660450	A#2	64	51	1	-5
45	20.479709	20.513493	A#3	64	41	1	-3
46	20.479709	20.608088	F3	64	46	1	-3
47	20.479709	20.630047	D4	64	57	0	3
48	21.290519	21.376668	A#3	64	58	1	-3
49	21.290519	21.430722	F3	64	57	1	-3
50	21.290519	21.442546	F4	64	56	0	1
51	21.898627	21.996600	F3	64	44	1	-3
52	21.898627	22.005046	D4	64	49	0	3
53	22.304032	22.369910	F3	64	45	1	-3
54	22.304032	22.510113	A#3	64	51	1	-3
55	22.912139	23.224639	F3	64	46	1	-3
56	22.912139	23.305720	A#3	64	44	1	-3
57	22.912139	25.706055	A#2	64	51	1	-5
58	23.722949	23.861463	F3	64	44	1	-3
59	23.722949	23.863152	D4	64	47	0	3
60	24.331057	24.417205	F3	64	37	1	-3
61	24.331057	24.422273	A#3	64	40	1	-3
62	25.141867	25.400312	F4	64	54	0	1
63	25.344569	25.528691	D4	64	58	0	3
64	25.547272	25.702677	F3	64	63	1	-3
65	25.749974	25.820920	A#3	64	43	1	-3
66	26.155379	27.689162	F2	64	85	1	-5
67	26.560784	27.658756	C3	64	73	1	-3
68	26.763487	27.209432	C4	64	80	0	1
69	27.168892	27.613148	F3	64	77	1	-3
70	27.574297	28.124972	C4	64	82	0	1
71	27.776999	28.383418	F2	64	84	1	-5
72	27.979702	28.385107	C3	64	79	1	-3
73	28.182404	28.442539	F3	64	79	1	-3
74	28.385107	28.999971	C4	64	84	0	1
75	28.587809	29.077674	C2	64	84	1	-5
76	28.993214	29.572606	F3	64	82	1	-3
77	29.195917	29.734768	C4	64	80	0	1
78	29.398619	30.888483	F2	64	84	1	-5
79	29.804024	30.851321	C3	64	75	1	-3
80	30.006727	30.349632	F3	64	82	1	-3
81	30.006727	30.658753	C4	64	80	0	1
82	30.614834	31.146928	F3	64	84	1	-3
83	30.817537	31.388482	C4	64	80	0	1
84	31.020239	31.467874	F2	64	85	1	-5
85	31.222942	31.452671	C3	64	73	1	-3
86	31.425644	31.736455	F3	64	84	1	-3
87	31.628347	32.280373	C4	64	77	0	1
88	31.831049	32.635103	C2	64	84	1	-5
89	32.236454	32.526995	F3	64	85	1	-3
90	32.439157	32.599630	C4	64	78	0	1
91	32.641859	34.059088	F2	64	79	1	-5
92	33.047264	34.077669	C3	64	71	1	-3
93	33.249967	33.635102	F3	64	78	1	-3
94	33.249967	33.885101	C4	64	74	0	1
95	33.452669	33.797263	G4	64	60	0	3
96	33.858074	33.964493	F4	64	60	0	1
97	33.858074	34.175642	F3	64	78	1	-3
98	34.060777	34.496587	G4	64	67	0	3
99	34.060777	34.690844	C4	64	75	0	1
100	34.263479	35.015168	F2	64	78	1	-5
101	34.466182	34.984762	C3	64	70	1	-3
102	34.668884	35.342870	G4	64	69	0	3
103	34.668884	35.074289	F3	64	79	1	-3
104	34.871587	35.570910	C4	64	79	0	1
105	35.074289	35.721248	C2	64	80	1	-5
106	35.479694	35.706045	F4	64	72	0	1
107	35.479694	35.785437	F3	64	78	1	-3
108	35.682397	36.052329	C4	64	74	0	1
109	35.885099	36.611450	G4	64	61	0	3
110	35.885099	37.354692	D2	64	78	1	-3
111	36.290504	37.356382	A2	64	66	1	-1
112	36.493207	37.013477	F3	64	70	1	-3
113	36.695909	36.864828	A4	64	65	0	5
114	36.898612	37.657057	C4	64	74	0	1
115	37.101314	38.332732	A4	64	62	0	5
116	37.304017	37.594557	F3	64	69	1	-3
117	37.506719	38.719556	D2	64	80	1	-3
118	37.709422	38.728002	A2	64	67	1	-1
119	37.912124	38.045570	F3	64	72	1	-3
120	38.114827	38.401989	F3	64	77	1	-3
121	38.114827	39.006718	D4	64	79	0	3
122	38.722934	39.020231	F3	64	75	1	-3
123	38.925637	39.143542	A3	64	65	1	-4
124	39.128339	40.596243	A#2	64	79	1	-5
125	39.533744	39.636785	F3	64	72	1	-3
126	39.736447	40.420568	A#3	64	72	1	-3
127	39.939149	40.216176	C5	64	65	0	3
128	40.344554	40.457730	A#4	64	58	0	1
129	40.344554	40.760094	F3	64	66	1	-3
130	40.547257	41.032054	A#4	64	59	0	1
131	40.547257	40.858067	D4	64	74	0	3
132	40.749959	41.974620	A#2	64	85	1	-5
133	40.952662	41.179013	F3	64	71	1	-3
134	41.155364	41.456040	A4	64	62	0	5
135	41.155364	41.288810	A#3	64	59	1	-3
136	41.358067	41.738134	F3	64	83	1	-3
137	41.560769	41.878337	G4	64	60	0	3
138	41.966174	42.273606	F4	64	63	0	1
139	41.966174	42.045566	F3	64	70	1	-3
140	41.966174	42.251647	A#3	64	73	1	-3
141	42.168877	42.329350	F3	64	76	1	-3
142	42.371579	43.179011	A4	64	56	0	5
143	42.371579	43.797254	D2	64	82	1	-3
144	42.776984	43.776983	A2	64	70	1	-1
145	42.979687	43.395227	D3	64	83	1	-1
146	43.182389	43.283741	A#4	64	65	0	1
147	43.385092	43.976307	A4	64	62	0	5
148	43.385092	44.050632	D4	64	77	0	3
149	43.587794	43.898605	D3	64	73	1	-1
150	43.790497	43.974618	F3	64	71	1	-3
151	43.993199	44.844550	G4	64	58	0	3
152	43.993199	45.670562	C2	64	78	1	-5
153	44.195902	45.640157	G2	64	66	1	-3
154	44.398604	44.704347	G3	64	78	1	-1
155	44.601307	45.089482	E4	64	80	0	5
156	45.006712	45.255022	C4	64	73	0	1
157	45.209414	45.516846	G3	64	73	1	-1
158	45.412117	45.570900	C4	64	71	0	1
159	45.614819	47.032048	F2	64	79	1	-5
160	46.020224	47.050629	C3	64	71	1	-3
161	46.222927	46.608062	F3	64	78	1	-3
162	46.222927	46.858061	C4	64	74	0	1
163	46.425629	46.716170	G4	64	61	0	3
164	46.831034	46.937453	F4	64	61	0	1
165	46.831034	47.148602	F3	64	78	1	-3
166	47.033737	47.476304	G4	64	63	0	3
167	47.033737	47.663804	C4	64	75	0	1
168	47.236439	47.988128	F2	64	78	1	-5
169	47.439142	47.957722	C3	64	70	1	-3
170	47.641844	48.271911	G4	64	60	0	3
171	47.641844	48.047249	F3	64	79	1	-3
172	47.844547	48.543870	C4	64	79	0	1
173	48.047249	48.694208	C2	64	80	1	-5
174	48.452654	48.706032	F4	64	62	0	1
175	48.452654	48.758397	F3	64	78	1	-3
176	48.655357	49.025289	C4	64	74	0	1
177	48.858059	49.562450	G4	64	64	0	3
178	48.858059	50.327652	D2	64	78	1	-3
179	49.263464	50.329342	A2	64	66	1	-1
180	49.466167	49.986437	F3	64	70	1	-3
181	49.668869	49.825964	A4	64	59	0	5
182	49.871572	50.630017	C4	64	74	0	1
183	50.074274	51.253327	A4	64	60	0	5
184	50.276977	50.567517	F3	64	69	1	-3
185	50.479679	51.692516	D2	64	80	1	-3
186	50.682382	51.700962	A2	64	67	1	-1
187	50.885084	51.018530	F3	64	72	1	-3
188	51.087787	51.374949	F3	64	77	1	-3
189	51.087787	51.979678	D4	64	79	0	3
190	51.695894	51.993191	F3	64	75	1	-3
191	51.898597	52.116502	A3	64	65	1	-4
192	52.101299	53.569203	A#2	64	79	1	-5
193	52.506704	52.609745	F3	64	72	1	-3
194	52.709407	53.393528	A#3	64	72	1	-3
195	52.912109	53.200960	C5	64	62	0	3
196	53.317514	53.418866	A#4	64	58	0	1
197	53.317514	53.733054	F3	64	66	1	-3
198	53.520217	53.988122	A#4	64	62	0	1
199	53.520217	53.831027	D4	64	74	0	3
200	53.722919	54.947580	A#2	64	85	1	-5
201	53.925622	54.151973	F3	64	71	1	-3
202	54.128324	54.447581	A4	64	62	0	5
203	54.128324	54.261770	A#3	64	59	1	-3
204	54.331027	54.711094	F3	64	83	1	-3
205	54.533729	54.646905	G4	64	59	0	3
206	54.736432	55.194202	F4	64	60	0	1
207	54.939134	55.018526	F3	64	70	1	-3
208	54.939134	55.224607	A#3	64	73	1	-3
209	55.141837	55.302310	F3	64	76	1	-3
210	55.344539	55.961093	A4	64	60	0	5
211	55.344539	56.770214	D2	64	82	1	-3
212	55.749944	56.749943	A2	64	70	1	-1
213	55.952647	56.368187	D3	64	83	1	-1
214	56.155349	56.339471	A#4	64	59	0	1
215	56.358052	56.727984	A4	64	61	0	5
216	56.358052	57.023592	D4	64	77	0	3
217	56.560754	56.871565	D3	64	73	1	-1
218	56.763457	56.947578	F3	64	71	1	-3
219	56.966159	57.793861	G4	64	60	0	3
220	56.966159	58.643522	C2	64	78	1	-5
221	57.168862	58.613117	G2	64	66	1	-3
222	57.371564	57.677307	G3	64	78	1	-1
223	57.574267	58.062442	E4	64	80	0	5
224	57.979672	58.227982	C4	64	73	0	1
225	58.182374	58.489806	G3	64	73	1	-1
226	58.385077	58.543860	C4	64	71	0	1
227	58.587779	58.819198	A3	64	71	1	-4
228	58.587779	58.912103	D4	64	74	0	3
229	58.587779	60.048926	D2	64	80	1	-3
230	58.790482	60.021899	A2	64	62	1	-1
231	58.993184	59.101292	F5	64	59	0	3
232	58.993184	59.241495	A3	64	79	1	-4
233	59.195887	59.297238	F5	64	54	0	3
234	59.195887	59.790481	F4	64	78	0	1
235	59.398589	59.744873	F5	64	65	0	3
236	59.803994	59.890143	E5	64	60	0	2
237	59.803994	60.307372	D4	64	81	0	3
238	60.006697	60.540480	E5	64	67	0	2
239	60.006697	60.383386	A3	64	74	1	-4
240	60.209399	61.185750	D2	64	81	1	-3
241	60.412102	61.168858	A2	64	67	1	-1
242	60.614804	60.947574	D5	64	60	0	5
243	60.614804	60.900277	A3	64	80	1	-4
244	60.817507	61.285412	F4	64	78	0	1
245	61.020209	61.151966	C5	64	60	0	3
246	61.222912	61.758384	A4	64	60	0	5
247	61.222912	61.444195	D4	64	76	0	3
248	61.425614	61.824263	A3	64	79	1	-4
249	61.831019	62.109735	D5	64	64	0	5
250	61.831019	62.255005	D4	64	74	0	3
251	61.831019	63.106356	A#2	64	78	1	-5
252	62.236424	62.753316	C5	64	60	0	3
253	62.236424	62.511762	F3	64	70	1	-3
254	62.439127	62.805680	A#3	64	81	1	-3
255	62.844532	62.984734	D5	64	59	0	5
256	62.844532	63.300612	D4	64	79	0	3
257	63.047234	63.337775	C5	64	59	0	3
258	63.047234	63.352977	F3	64	72	1	-3
259	63.249937	63.651963	A#3	64	80	1	-3
260	63.452639	64.474598	A#4	64	58	0	1
261	63.452639	64.449260	A#2	64	83	1	-5
262	63.655342	63.961085	F3	64	73	1	-3
263	63.858044	64.013450	A#3	64	67	1	-3
264	64.060747	64.491490	D4	64	79	0	3
265	64.466152	64.663787	A#3	64	77	1	-3
266	64.668854	64.760070	F3	64	78	1	-3
267	65.074259	65.303989	A3	64	64	1	-4
268	65.074259	65.567502	D4	64	72	0	3
269	65.074259	66.553988	D2	64	80	1	-3
270	65.276962	66.535406	A2	64	65	1	-1
271	65.479664	65.717840	F5	64	62	0	3
272	65.479664	65.628313	A3	64	78	1	-4
273	65.682367	66.077637	F4	64	78	0	1
274	65.885069	66.143515	F5	64	63	0	3
275	66.087772	66.327636	D4	64	72	0	3
276	66.290474	66.390136	F5	64	62	0	3
277	66.290474	66.569190	A3	64	74	1	-4
278	66.493177	66.935744	E5	64	64	0	2
279	66.695879	66.895203	A3	64	76	1	-4
280	66.695879	67.168852	D4	64	74	0	3
281	66.695879	68.003310	D2	64	80	1	-3
282	66.898582	68.016824	A2	64	69	1	-1
283	67.101284	67.391825	D5	64	65	0	5
284	67.101284	67.209392	A3	64	78	1	-4
285	67.303987	67.589459	A3	64	76	1	-4
286	67.303987	67.700946	F4	64	74	0	1
287	67.506689	67.630000	C5	64	63	0	3
288	67.709392	68.204324	A4	64	60	0	5
289	67.709392	67.944189	D4	64	72	0	3
290	67.912094	68.124932	A3	64	79	1	-4
291	68.114797	68.312432	D4	64	73	0	3
292	68.317499	70.180673	D5	64	62	0	5
293	68.317499	69.714457	A#2	64	79	1	-5
294	68.520202	68.736418	F3	64	79	1	-3
295	68.722904	68.915472	A#3	64	70	1	-3
296	68.925607	69.280336	F3	64	78	1	-3
297	69.331012	69.520201	D4	64	78	0	3
298	69.533714	69.776957	F3	64	78	1	-3
299	69.939119	70.591146	F3	64	73	1	-3
300	69.939119	70.677294	A#3	64	73	1	-3
301	69.939119	71.102969	A#2	64	80	1	-5
302	71.155334	71.276956	F5	64	65	0	3
303	71.358037	71.469523	G5	64	62	0	5
304	71.560739	72.979657	A5	64	63	0	2
305	71.560739	71.989793	A3	64	60	1	-4
306	71.560739	72.254995	F3	64	59	1	-3
307	71.560739	73.057359	F2	64	60	1	-5
308	71.966144	72.469522	C3	64	48	1	-3
309	72.371549	72.651954	F4	64	59	0	1
310	72.371549	72.653644	A3	64	64	1	-4
311	72.371549	72.680671	C4	64	61	0	1
312	72.776954	72.930670	C3	64	46	1	-3
313	72.979657	73.222900	F3	64	60	1	-3
314	72.979657	73.354656	A3	64	61	1	-4
315	72.979657	73.408710	C4	64	61	0	1
316	72.979657	73.437427	F4	64	60	0	1
317	73.182359	73.488102	A5	64	61	0	2
318	73.385062	74.273574	F2	64	57	1	-5
319	73.587764	73.903642	A#5	64	62	0	3
320	73.587764	74.030331	C3	64	59	1	-3
321	73.790467	73.888440	F3	64	56	1	-3
322	73.993169	74.131683	A5	64	59	0	2
323	73.993169	74.158710	A3	64	74	1	-4
324	73.993169	74.165466	F3	64	60	1	-3
325	73.993169	74.195872	C4	64	65	0	1
326	74.195872	74.339453	G5	64	55	0	5
327	74.195872	74.322561	C3	64	57	1	-3
328	74.398574	74.699250	F5	64	63	0	3
329	74.398574	74.547223	F2	64	59	1	-5
330	74.803979	76.096208	G5	64	64	0	5
331	74.803979	75.018506	G3	64	59	1	-1
332	74.803979	75.148574	C4	64	58	0	1
333	74.803979	75.765127	C3	64	74	1	-3
334	75.209384	75.258371	G3	64	45	1	-1
335	75.614789	75.773573	G3	64	69	1	-1
336	75.614789	75.800600	E4	64	67	0	5
337	76.222897	76.383370	G3	64	61	1	-1
338	76.222897	76.403640	C4	64	65	0	1
339	76.628302	76.651950	F4	64	38	0	1
340	76.628302	76.778639	G3	64	65	1	-1
341	76.628302	77.131680	G2	64	52	1	-3
342	77.033707	77.135058	G3	64	63	1	-1
343	77.236409	77.412085	G3	64	72	1	-1
344	77.236409	77.423909	C4	64	72	0	1
345	77.236409	77.461071	E4	64	65	0	5
346	77.439112	77.525260	C3	64	67	1	-3
347	77.641814	77.746544	G3	64	60	1	-1
348	78.047219	78.254989	D4	64	59	0	3
349	78.047219	78.300597	A#3	64	54	1	-3
350	78.047219	78.325935	G3	64	58	1	-1
351	78.047219	79.526948	G2	64	60	1	-3
352	78.452624	78.706002	G5	64	62	0	5
353	78.452624	78.841137	D3	64	30	1	-1
354	78.858029	79.111407	G5	64	64	0	5
355	78.858029	79.018502	G3	64	63	1	-1
356	78.858029	79.040462	D4	64	65	0	3
357	78.858029	79.043840	A#3	64	67	1	-3
358	78.858029	79.062421	G4	64	56	0	3
359	79.060732	79.494853	D3	64	51	1	-1
360	79.263434	79.396880	F5	64	60	0	3
361	79.263434	79.337759	G3	64	53	1	-1
362	79.466137	80.290460	D5	64	69	0	5
363	79.466137	79.832690	A#3	64	62	1	-3
364	79.466137	79.834380	G3	64	59	1	-1
365	79.466137	79.854650	D4	64	61	0	3
366	79.668839	80.927284	G2	64	59	1	-3
367	79.871542	80.349582	D3	64	58	1	-1
368	80.074244	80.168839	G3	64	58	1	-1
369	80.276947	80.378298	C5	64	62	0	3
370	80.276947	80.501609	G3	64	63	1	-1
371	80.276947	80.501609	D4	64	65	0	3
372	80.276947	80.513433	A#3	64	74	1	-3
373	80.479649	80.575933	D5	64	62	0	5
374	80.479649	80.628298	D3	64	51	1	-1
375	80.682352	81.123230	F5	64	67	0	3
376	80.682352	80.820865	G3	64	59	1	-1
377	80.682352	80.858027	D4	64	62	0	3
378	80.682352	80.866473	A#3	64	62	1	-3
379	80.885054	80.972892	D3	64	58	1	-1
380	81.087757	81.173905	F3	64	42	1	-3
381	81.290459	81.635054	F5	64	60	0	3
382	81.290459	81.510054	F3	64	59	1	-3
383	81.290459	81.678972	A#3	64	63	1	-3
384	81.290459	81.682351	D4	64	59	0	3
385	81.290459	81.999918	A#2	64	74	1	-5
386	81.695864	81.834378	D5	64	69	0	5
387	81.898567	82.385053	G5	64	62	0	5
388	81.898567	82.015121	F3	64	63	1	-3
389	81.898567	82.113094	D4	64	65	0	3
390	81.898567	82.116472	A#3	64	72	1	-3
391	82.303972	82.667147	F3	64	59	1	-3
392	82.506674	82.844512	D5	64	74	0	5
393	82.506674	82.744850	A#3	64	69	1	-3
394	82.709377	82.815796	D4	64	60	0	3
395	82.912079	83.535389	C5	64	61	0	3
396	82.912079	83.160390	G3	64	58	1	-1
397	82.912079	83.278633	C4	64	65	0	1
398	82.912079	83.606335	C3	64	72	1	-3
399	83.317484	83.388430	G3	64	58	1	-1
400	83.520187	83.744849	G3	64	72	1	-1
401	83.520187	83.748227	E4	64	64	0	5
402	83.520187	83.756673	C4	64	74	0	1
403	83.722889	83.797214	F5	64	60	0	3
404	83.722889	83.844511	C3	64	57	1	-3
405	83.925592	84.442483	G5	64	65	0	5
406	83.925592	84.028632	G3	64	62	1	-1
407	83.925592	84.077619	C4	64	67	0	1
408	84.533699	85.952617	A5	64	63	0	2
409	84.533699	85.021874	A3	64	58	1	-4
410	84.533699	85.032010	C4	64	59	0	1
411	84.533699	85.045523	F3	64	58	1	-3
412	84.533699	85.837752	F2	64	62	1	-5
413	84.939104	85.427279	C3	64	52	1	-3
414	85.344509	85.663766	F4	64	57	0	1
415	85.344509	85.685725	A3	64	63	1	-4
416	85.344509	85.694171	C4	64	60	0	1
417	85.344509	85.717820	F3	64	56	1	-3
418	85.749914	85.918833	C3	64	44	1	-3
419	85.952617	86.369846	F3	64	58	1	-3
420	85.952617	86.466130	A3	64	59	1	-4
421	85.952617	86.471197	C4	64	60	0	1
422	86.155319	86.461062	A5	64	61	0	2
423	86.358022	87.479642	F2	64	59	1	-5
424	86.560724	86.876602	A#5	64	62	0	3
425	86.560724	87.234710	C3	64	58	1	-3
426	86.763427	87.069170	F3	64	59	1	-3
427	86.966129	87.104643	A5	64	59	0	2
428	87.168832	87.312413	G5	64	55	0	5
429	87.168832	87.354642	F3	64	60	1	-3
430	87.168832	87.390115	A3	64	64	1	-4
431	87.168832	87.422210	C4	64	65	0	1
432	87.168832	87.434034	F4	64	58	0	1
433	87.371534	87.672210	F5	64	63	0	3
434	87.371534	87.483021	C3	64	60	1	-3
435	87.776939	89.069168	G5	64	64	0	5
436	87.776939	87.998223	G3	64	58	1	-1
437	87.776939	88.145182	C4	64	59	0	1
438	87.776939	88.435722	C3	64	67	1	-3
439	88.182344	88.238087	G3	64	41	1	-1
440	88.385047	88.624911	C4	64	64	0	1
441	88.385047	88.631668	G3	64	60	1	-1
442	88.385047	88.638425	E4	64	65	0	5
443	88.790452	89.018492	G3	64	64	1	-1
444	88.790452	89.080992	C4	64	67	0	1
445	88.790452	89.087749	E4	64	64	0	5
446	89.195857	89.457681	G2	64	58	1	-3
447	89.398559	89.657005	G3	64	62	1	-1
448	89.398559	89.743154	C4	64	61	0	1
449	89.398559	89.768491	E4	64	61	0	5
450	89.398559	90.577612	C3	64	84	1	-3
451	89.803964	89.863086	G3	64	50	1	-1
452	90.006667	90.211058	C4	64	75	0	1
453	90.006667	90.239775	G3	64	64	1	-1
454	90.006667	90.271869	E4	64	72	0	5
455	90.412072	90.537072	G3	64	63	1	-1
456	90.412072	90.717815	C4	64	69	0	1
457	90.817477	90.945855	G3	64	51	1	-1
458	91.020179	91.293828	F3	64	59	1	-3
459	91.020179	91.445855	A#3	64	53	1	-3
460	91.020179	92.278624	A#2	64	69	1	-5
461	91.425584	91.678962	G5	64	62	0	5
462	91.425584	91.513422	F3	64	51	1	-3
463	91.628287	91.844503	F3	64	60	1	-3
464	91.628287	91.858016	A#3	64	69	1	-3
465	91.628287	91.874908	D4	64	60	0	3
466	91.830989	92.084367	G5	64	64	0	5
467	92.033692	92.150246	F3	64	60	1	-3
468	92.033692	92.207678	A#3	64	72	1	-3
469	92.033692	92.287070	D4	64	62	0	3
470	92.236394	92.369840	F5	64	60	0	3
471	92.439097	93.263420	D5	64	69	0	5
472	92.439097	92.520178	F3	64	54	1	-3
473	92.641799	92.854637	G3	64	60	1	-1
474	92.641799	93.062407	C4	64	62	0	1
475	92.641799	93.395177	C3	64	65	1	-3
476	93.047204	93.129974	G3	64	53	1	-1
477	93.249907	93.351258	C5	64	62	0	3
478	93.249907	93.503285	G3	64	63	1	-1
479	93.249907	93.506663	C4	64	67	0	1
480	93.249907	93.506663	E4	64	69	0	5
481	93.452609	93.548893	D5	64	62	0	5
482	93.655312	94.096190	F5	64	67	0	3
483	93.655312	93.797204	G3	64	61	1	-1
484	93.655312	93.841122	C4	64	67	0	1
485	93.655312	93.849568	E4	64	64	0	5
486	94.263419	94.552270	G5	64	62	0	5
487	94.263419	94.513419	A3	64	58	1	-4
488	94.263419	94.635041	D4	64	59	0	3
489	94.263419	96.858011	D2	64	64	1	-3
490	94.668824	94.957675	A5	64	63	0	2
491	95.074229	95.400242	G5	64	64	0	5
492	95.074229	95.178959	A3	64	63	1	-4
493	95.074229	95.182337	F4	64	65	0	1
494	95.074229	95.190783	D4	64	72	0	3
495	95.479634	97.520173	F5	64	62	0	3
496	95.682337	95.820850	A3	64	51	1	-4
497	95.682337	95.832674	D4	64	55	0	3
498	96.493147	96.788755	A2	64	49	1	-1
499	96.695849	96.989768	A3	64	64	1	-4
500	96.898552	97.096187	D4	64	62	0	3
501	97.101254	97.207673	F4	64	64	0	1
502	97.506659	98.003280	E4	64	59	0	5
503	97.506659	98.045510	C4	64	56	0	1
504	97.506659	100.109697	C3	64	64	1	-3
505	98.317469	98.412064	G4	64	58	0	3
506	98.317469	98.430645	C4	64	59	0	1
507	98.925577	99.026928	E4	64	58	0	5
508	98.925577	99.060712	C4	64	52	0	1
509	99.533684	99.717806	G4	64	58	0	3
510	99.533684	99.734698	E4	64	63	0	5
511	99.533684	99.736387	C5	64	59	0	3
512	99.533684	99.798887	C4	64	53	0	1
513	99.939089	100.104630	G3	64	40	1	-1
514	100.141792	100.202603	E4	64	59	0	5
515	100.141792	100.211048	G4	64	54	0	3
516	100.141792	100.251589	C4	64	60	0	1
517	100.749899	100.937399	F3	64	58	1	-3
518	100.749899	101.150237	A#3	64	58	1	-3
519	100.749899	106.444150	A#2	64	63	1	-5
520	101.155304	101.214426	F3	64	40	1	-3
521	101.358007	101.489763	D4	64	59	0	3
522	101.358007	101.501588	F3	64	58	1	-3
523	101.966114	102.099560	F3	64	54	1	-3
524	101.966114	102.104628	A#3	64	51	1	-3
525	102.574222	102.712735	D4	64	58	0	3
526	102.776924	102.830978	A#3	64	33	1	-3
527	102.979627	103.043816	F3	64	46	1	-3
528	103.182329	103.305640	F3	64	62	1	-3
529	103.182329	103.391789	A#3	64	64	1	-3
530	103.587734	103.836045	A#3	64	59	1	-3
531	103.790437	103.932329	F3	64	55	1	-3
532	103.993139	106.501583	F3	64	59	1	-3
533	103.993139	106.521853	A#3	64	58	1	-3
534	107.236379	108.653608	F2	64	79	1	-5
535	107.641784	108.672189	C3	64	71	1	-3
536	107.844487	108.229622	F3	64	78	1	-3
537	107.844487	108.479621	C4	64	74	0	1
538	108.047189	108.391784	G4	64	60	0	3
539	108.452594	108.559013	F4	64	60	0	1
540	108.452594	108.770162	F3	64	78	1	-3
541	108.655297	109.091107	G4	64	67	0	3
542	108.655297	109.285364	C4	64	75	0	1
543	108.857999	109.609688	F2	64	78	1	-5
544	109.060702	109.579282	C3	64	70	1	-3
545	109.263404	109.937390	G4	64	69	0	3
546	109.263404	109.668809	F3	64	79	1	-3
547	109.466107	110.165430	C4	64	79	0	1
548	109.668809	110.315768	C2	64	80	1	-5
549	110.074214	110.300565	F4	64	72	0	1
550	110.074214	110.379957	F3	64	78	1	-3
551	110.276917	110.646849	C4	64	74	0	1
552	110.479619	111.205970	G4	64	61	0	3
553	110.479619	111.949212	D2	64	78	1	-3
554	110.885024	111.950902	A2	64	66	1	-1
555	111.087727	111.607997	F3	64	70	1	-3
556	111.290429	111.459348	A4	64	65	0	5
557	111.493132	112.251577	C4	64	74	0	1
558	111.695834	112.927252	A4	64	62	0	5
559	111.898537	112.189077	F3	64	69	1	-3
560	112.101239	113.314076	D2	64	80	1	-3
561	112.303942	113.322522	A2	64	67	1	-1
562	112.506644	112.640090	F3	64	72	1	-3
563	112.709347	112.996509	F3	64	77	1	-3
564	112.709347	113.601238	D4	64	79	0	3
565	113.317454	113.614751	F3	64	75	1	-3
566	113.520157	113.738062	A3	64	65	1	-4
567	113.722859	115.190763	A#2	64	79	1	-5
568	114.128264	114.231305	F3	64	72	1	-3
569	114.330967	115.015088	A#3	64	72	1	-3
570	114.533669	114.810696	C5	64	65	0	3
571	114.939074	115.052250	A#4	64	58	0	1
572	114.939074	115.354614	F3	64	66	1	-3
573	115.141777	115.626574	A#4	64	59	0	1
574	115.141777	115.452587	D4	64	74	0	3
575	115.344479	116.569140	A#2	64	85	1	-5
576	115.547182	115.773533	F3	64	71	1	-3
577	115.749884	116.050560	A4	64	62	0	5
578	115.749884	115.883330	A#3	64	59	1	-3
579	115.952587	116.332654	F3	64	83	1	-3
580	116.155289	116.472857	G4	64	60	0	3
581	116.560694	116.868126	F4	64	63	0	1
582	116.560694	116.640086	F3	64	70	1	-3
583	116.560694	116.846167	A#3	64	73	1	-3
584	116.763397	116.923870	F3	64	76	1	-3
585	116.966099	117.773531	A4	64	56	0	5
586	116.966099	118.391774	D2	64	82	1	-3
587	117.371504	118.371503	A2	64	70	1	-1
588	117.574207	117.989747	D3	64	83	1	-1
589	117.776909	117.878261	A#4	64	65	0	1
590	117.979612	118.570827	A4	64	62	0	5
591	117.979612	118.645152	D4	64	77	0	3
592	118.182314	118.493125	D3	64	73	1	-1
593	118.385017	118.569138	F3	64	71	1	-3
594	118.587719	119.439070	G4	64	58	0	3
595	118.587719	120.265082	C2	64	78	1	-5
596	118.790422	120.234677	G2	64	66	1	-3
597	118.993124	119.298867	G3	64	78	1	-1
598	119.195827	119.684002	E4	64	80	0	5
599	119.601232	119.849542	C4	64	73	0	1
600	119.803934	120.111366	G3	64	73	1	-1
601	120.006637	120.165420	C4	64	71	0	1
602	120.209339	121.626568	F2	64	79	1	-5
603	120.614744	121.645149	C3	64	71	1	-3
604	120.817447	121.202582	F3	64	78	1	-3
605	120.817447	121.452581	C4	64	74	0	1
606	121.020149	121.310690	G4	64	61	0	3
607	121.425554	121.531973	F4	64	61	0	1
608	121.425554	121.743122	F3	64	78	1	-3
609	121.628257	122.070824	G4	64	63	0	3
610	121.628257	122.258324	C4	64	75	0	1
611	121.830959	122.582648	F2	64	78	1	-5
612	122.033662	122.552242	C3	64	70	1	-3
613	122.236364	122.866431	G4	64	60	0	3
614	122.236364	122.641769	F3	64	79	1	-3
615	122.439067	123.138390	C4	64	79	0	1
616	122.641769	123.288728	C2	64	80	1	-5
617	123.047174	123.300552	F4	64	62	0	1
618	123.047174	123.352917	F3	64	78	1	-3
619	123.249877	123.619809	C4	64	74	0	1
620	123.452579	124.156970	G4	64	64	0	3
621	123.452579	124.922172	D2	64	78	1	-3
622	123.857984	124.923862	A2	64	66	1	-1
623	124.060687	124.580957	F3	64	70	1	-3
624	124.263389	124.420484	A4	64	59	0	5
625	124.466092	125.224537	C4	64	74	0	1
626	124.668794	125.847847	A4	64	60	0	5
627	124.871497	125.162037	F3	64	69	1	-3
628	125.074199	126.287036	D2	64	80	1	-3
629	125.276902	126.295482	A2	64	67	1	-1
630	125.479604	125.613050	F3	64	72	1	-3
631	125.682307	125.969469	F3	64	77	1	-3
632	125.682307	126.574198	D4	64	79	0	3
633	126.290414	126.587711	F3	64	75	1	-3
634	126.493117	126.711022	A3	64	65	1	-4
635	126.695819	128.163723	A#2	64	79	1	-5
636	127.101224	127.204265	F3	64	72	1	-3
637	127.303927	127.988048	A#3	64	72	1	-3
638	127.506629	127.795480	C5	64	62	0	3
639	127.912034	128.013385	A#4	64	58	0	1
640	127.912034	128.327574	F3	64	66	1	-3
641	128.114737	128.582642	A#4	64	62	0	1
642	128.114737	128.425547	D4	64	74	0	3
643	128.317439	129.542100	A#2	64	85	1	-5
644	128.520142	128.746493	F3	64	71	1	-3
645	128.722844	129.042101	A4	64	62	0	5
646	128.722844	128.856290	A#3	64	59	1	-3
647	128.925547	129.305614	F3	64	83	1	-3
648	129.128249	129.241425	G4	64	59	0	3
649	129.330952	129.788722	F4	64	60	0	1
650	129.533654	129.613046	F3	64	70	1	-3
651	129.533654	129.819127	A#3	64	73	1	-3
652	129.736357	129.896830	F3	64	76	1	-3
653	129.939059	130.555613	A4	64	60	0	5
654	129.939059	131.364733	D2	64	82	1	-3
655	130.344464	131.344463	A2	64	70	1	-1
656	130.547167	130.962707	D3	64	83	1	-1
657	130.749869	130.933991	A#4	64	59	0	1
658	130.952572	131.322504	A4	64	61	0	5
659	130.952572	131.618112	D4	64	77	0	3
660	131.155274	131.466085	D3	64	73	1	-1
661	131.357977	131.542098	F3	64	71	1	-3
662	131.560679	132.388381	G4	64	60	0	3
663	131.560679	133.238042	C2	64	78	1	-5
664	131.763382	133.207637	G2	64	66	1	-3
665	131.966084	132.271827	G3	64	78	1	-1
666	132.168787	132.656962	E4	64	80	0	5
667	132.574192	132.822502	C4	64	73	0	1
668	132.776894	133.084326	G3	64	73	1	-1
669	132.979597	133.138380	C4	64	71	0	1
670	133.182299	133.413718	A3	64	71	1	-4
671	133.182299	133.506623	D4	64	74	0	3
672	133.182299	134.643446	D2	64	80	1	-3
673	133.385002	134.616419	A2	64	62	1	-1
674	133.587704	133.695812	F5	64	59	0	3
675	133.587704	133.836015	A3	64	79	1	-4
676	133.790407	133.891758	F5	64	54	0	3
677	133.790407	134.385001	F4	64	78	0	1
678	133.993109	134.339393	F5	64	65	0	3
679	134.398514	134.484663	E5	64	60	0	2
680	134.398514	134.901892	D4	64	81	0	3
681	134.601217	135.135000	E5	64	67	0	2
682	134.601217	134.977906	A3	64	74	1	-4
683	134.803919	135.780270	D2	64	81	1	-3
684	135.006622	135.763378	A2	64	67	1	-1
685	135.209324	135.542094	D5	64	60	0	5
686	135.209324	135.494797	A3	64	80	1	-4
687	135.412027	135.879932	F4	64	78	0	1
688	135.614729	135.746486	C5	64	60	0	3
689	135.817432	136.352904	A4	64	60	0	5
690	135.817432	136.038715	D4	64	76	0	3
691	136.020134	136.418783	A3	64	79	1	-4
692	136.425539	136.704255	D5	64	64	0	5
693	136.425539	136.849525	D4	64	74	0	3
694	136.425539	137.700876	A#2	64	78	1	-5
695	136.830944	137.347836	C5	64	60	0	3
696	136.830944	137.106282	F3	64	70	1	-3
697	137.033647	137.400200	A#3	64	81	1	-3
698	137.439052	137.579254	D5	64	59	0	5
699	137.439052	137.895132	D4	64	79	0	3
700	137.641754	137.932295	C5	64	59	0	3
701	137.641754	137.947497	F3	64	72	1	-3
702	137.844457	138.246483	A#3	64	80	1	-3
703	138.047159	139.069118	A#4	64	58	0	1
704	138.047159	139.043780	A#2	64	83	1	-5
705	138.249862	138.555605	F3	64	73	1	-3
706	138.452564	138.607970	A#3	64	67	1	-3
707	138.655267	139.086010	D4	64	79	0	3
708	139.060672	139.258307	A#3	64	77	1	-3
709	139.263374	139.354590	F3	64	78	1	-3
710	139.668779	139.898509	A3	64	64	1	-4
711	139.668779	140.162022	D4	64	72	0	3
712	139.668779	141.148508	D2	64	80	1	-3
713	139.871482	141.129926	A2	64	65	1	-1
714	140.074184	140.312360	F5	64	62	0	3
715	140.074184	140.222833	A3	64	78	1	-4
716	140.276887	140.672157	F4	64	78	0	1
717	140.479589	140.738035	F5	64	63	0	3
718	140.682292	140.922156	D4	64	72	0	3
719	140.884994	140.984656	F5	64	62	0	3
720	140.884994	141.163710	A3	64	74	1	-4
721	141.087697	141.530264	E5	64	64	0	2
722	141.290399	141.489723	A3	64	76	1	-4
723	141.290399	141.763372	D4	64	74	0	3
724	141.290399	142.597830	D2	64	80	1	-3
725	141.493102	142.611344	A2	64	69	1	-1
726	141.695804	141.986345	D5	64	65	0	5
727	141.695804	141.803912	A3	64	78	1	-4
728	141.898507	142.183979	A3	64	76	1	-4
729	141.898507	142.295466	F4	64	74	0	1
730	142.101209	142.224520	C5	64	63	0	3
731	142.303912	142.798844	A4	64	60	0	5
732	142.303912	142.538709	D4	64	72	0	3
733	142.506614	142.719452	A3	64	79	1	-4
734	142.709317	142.906952	D4	64	73	0	3
735	142.912019	144.775193	D5	64	62	0	5
736	142.912019	144.308977	A#2	64	79	1	-5
737	143.114722	143.330938	F3	64	79	1	-3
738	143.317424	143.509992	A#3	64	70	1	-3
739	143.520127	143.874856	F3	64	78	1	-3
740	143.925532	144.114721	D4	64	78	0	3
741	144.128234	144.371477	F3	64	78	1	-3
742	144.533639	145.185666	F3	64	73	1	-3
743	144.533639	145.271814	A#3	64	73	1	-3
744	144.533639	145.697489	A#2	64	80	1	-5
745	145.749854	145.871476	F5	64	65	0	3
746	145.952557	146.064043	G5	64	62	0	5
747	146.155259	147.574177	A5	64	63	0	2
748	146.155259	146.584313	A3	64	60	1	-4
749	146.155259	146.849515	F3	64	59	1	-3
750	146.155259	147.651879	F2	64	60	1	-5
751	146.560664	147.064042	C3	64	48	1	-3
752	146.966069	147.246474	F4	64	59	0	1
753	146.966069	147.248164	A3	64	64	1	-4
754	146.966069	147.275191	C4	64	61	0	1
755	147.371474	147.525190	C3	64	46	1	-3
756	147.574177	147.817420	F3	64	60	1	-3
757	147.574177	147.949176	A3	64	61	1	-4
758	147.574177	148.003230	C4	64	61	0	1
759	147.574177	148.031947	F4	64	60	0	1
760	147.776879	148.082622	A5	64	61	0	2
761	147.979582	148.868094	F2	64	57	1	-5
762	148.182284	148.498162	A#5	64	62	0	3
763	148.182284	148.624851	C3	64	59	1	-3
764	148.384987	148.482960	F3	64	56	1	-3
765	148.587689	148.726203	A5	64	59	0	2
766	148.587689	148.753230	A3	64	74	1	-4
767	148.587689	148.759986	F3	64	60	1	-3
768	148.587689	148.790392	C4	64	65	0	1
769	148.790392	148.933973	G5	64	55	0	5
770	148.790392	148.917081	C3	64	57	1	-3
771	148.993094	149.293770	F5	64	63	0	3
772	148.993094	149.141743	F2	64	59	1	-5
773	149.398499	150.690728	G5	64	64	0	5
774	149.398499	149.613026	G3	64	59	1	-1
775	149.398499	149.743094	C4	64	58	0	1
776	149.398499	150.359647	C3	64	74	1	-3
777	149.803904	149.852891	G3	64	45	1	-1
778	150.209309	150.368093	G3	64	69	1	-1
779	150.209309	150.395120	E4	64	67	0	5
780	150.817417	150.977890	G3	64	61	1	-1
781	150.817417	150.998160	C4	64	65	0	1
782	151.222822	151.246470	F4	64	38	0	1
783	151.222822	151.373159	G3	64	65	1	-1
784	151.222822	151.726200	G2	64	52	1	-3
785	151.628227	151.729578	G3	64	63	1	-1
786	151.830929	152.006605	G3	64	72	1	-1
787	151.830929	152.018429	C4	64	72	0	1
788	151.830929	152.055591	E4	64	65	0	5
789	152.033632	152.119780	C3	64	67	1	-3
790	152.236334	152.341064	G3	64	60	1	-1
791	152.641739	152.849509	D4	64	59	0	3
792	152.641739	152.895117	A#3	64	54	1	-3
793	152.641739	152.920455	G3	64	58	1	-1
794	152.641739	154.121468	G2	64	60	1	-3
795	153.047144	153.300522	G5	64	62	0	5
796	153.047144	153.435657	D3	64	30	1	-1
797	153.452549	153.705927	G5	64	64	0	5
798	153.452549	153.613022	G3	64	63	1	-1
799	153.452549	153.634982	D4	64	65	0	3
800	153.452549	153.638360	A#3	64	67	1	-3
801	153.452549	153.656941	G4	64	56	0	3
802	153.655252	154.089373	D3	64	51	1	-1
803	153.857954	153.991400	F5	64	60	0	3
804	153.857954	153.932279	G3	64	53	1	-1
805	154.060657	154.884980	D5	64	69	0	5
806	154.060657	154.427210	A#3	64	62	1	-3
807	154.060657	154.428900	G3	64	59	1	-1
808	154.060657	154.449170	D4	64	61	0	3
809	154.263359	155.521804	G2	64	59	1	-3
810	154.466062	154.944102	D3	64	58	1	-1
811	154.668764	154.763359	G3	64	58	1	-1
812	154.871467	154.972818	C5	64	62	0	3
813	154.871467	155.096129	G3	64	63	1	-1
814	154.871467	155.096129	D4	64	65	0	3
815	154.871467	155.107953	A#3	64	74	1	-3
816	155.074169	155.170453	D5	64	62	0	5
817	155.074169	155.222818	D3	64	51	1	-1
818	155.276872	155.717750	F5	64	67	0	3
819	155.276872	155.415385	G3	64	59	1	-1
820	155.276872	155.452547	D4	64	62	0	3
821	155.276872	155.460993	A#3	64	62	1	-3
822	155.479574	155.567412	D3	64	58	1	-1
823	155.682277	155.768425	F3	64	42	1	-3
824	155.884979	156.229574	F5	64	60	0	3
825	155.884979	156.104574	F3	64	59	1	-3
826	155.884979	156.273492	A#3	64	63	1	-3
827	155.884979	156.276871	D4	64	59	0	3
828	155.884979	156.594438	A#2	64	74	1	-5
829	156.290384	156.428898	D5	64	69	0	5
830	156.493087	156.979573	G5	64	62	0	5
831	156.493087	156.609641	F3	64	63	1	-3
832	156.493087	156.707614	D4	64	65	0	3
833	156.493087	156.710992	A#3	64	72	1	-3
834	156.898492	157.261667	F3	64	59	1	-3
835	157.101194	157.439032	D5	64	74	0	5
836	157.101194	157.339370	A#3	64	69	1	-3
837	157.303897	157.410316	D4	64	60	0	3
838	157.506599	158.129909	C5	64	61	0	3
839	157.506599	157.754910	G3	64	58	1	-1
840	157.506599	157.873153	C4	64	65	0	1
841	157.506599	158.200855	C3	64	72	1	-3
842	157.912004	157.982950	G3	64	58	1	-1
843	158.114707	158.339369	G3	64	72	1	-1
844	158.114707	158.342747	E4	64	64	0	5
845	158.114707	158.351193	C4	64	74	0	1
846	158.317409	158.391734	F5	64	60	0	3
847	158.317409	158.439031	C3	64	57	1	-3
848	158.520112	159.037003	G5	64	65	0	5
849	158.520112	158.623152	G3	64	62	1	-1
850	158.520112	158.672139	C4	64	67	0	1
851	159.128219	160.547137	A5	64	63	0	2
852	159.128219	159.616394	A3	64	58	1	-4
853	159.128219	159.626530	C4	64	59	0	1
854	159.128219	159.640043	F3	64	58	1	-3
855	159.128219	160.432272	F2	64	62	1	-5
856	159.533624	160.021799	C3	64	52	1	-3
857	159.939029	160.258286	F4	64	57	0	1
858	159.939029	160.280245	A3	64	63	1	-4
859	159.939029	160.288691	C4	64	60	0	1
860	159.939029	160.312340	F3	64	56	1	-3
861	160.344434	160.513353	C3	64	44	1	-3
862	160.547137	160.964366	F3	64	58	1	-3
863	160.547137	161.060650	A3	64	59	1	-4
864	160.547137	161.065717	C4	64	60	0	1
865	160.749839	161.055582	A5	64	61	0	2
866	160.952542	162.074162	F2	64	59	1	-5
867	161.155244	161.471122	A#5	64	62	0	3
868	161.155244	161.829230	C3	64	58	1	-3
869	161.357947	161.663690	F3	64	59	1	-3
870	161.560649	161.699163	A5	64	59	0	2
871	161.763352	161.906933	G5	64	55	0	5
872	161.763352	161.949162	F3	64	60	1	-3
873	161.763352	161.984635	A3	64	64	1	-4
874	161.763352	162.016730	C4	64	65	0	1
875	161.763352	162.028554	F4	64	58	0	1
876	161.966054	162.266730	F5	64	63	0	3
877	161.966054	162.077541	C3	64	60	1	-3
878	162.371459	163.663688	G5	64	64	0	5
879	162.371459	162.592743	G3	64	58	1	-1
880	162.371459	162.739702	C4	64	59	0	1
881	162.371459	163.030242	C3	64	67	1	-3
882	162.776864	162.832607	G3	64	41	1	-1
883	162.979567	163.219431	C4	64	64	0	1
884	162.979567	163.226188	G3	64	60	1	-1
885	162.979567	163.232945	E4	64	65	0	5
886	163.384972	163.613012	G3	64	64	1	-1
887	163.384972	163.675512	C4	64	67	0	1
888	163.384972	163.682269	E4	64	64	0	5
889	163.790377	164.052201	G2	64	58	1	-3
890	163.993079	164.251525	G3	64	62	1	-1
891	163.993079	164.337674	C4	64	61	0	1
892	163.993079	164.363011	E4	64	61	0	5
893	163.993079	165.172132	C3	64	84	1	-3
894	164.398484	164.457606	G3	64	50	1	-1
895	164.601187	164.805578	C4	64	75	0	1
896	164.601187	164.834295	G3	64	64	1	-1
897	164.601187	164.866389	E4	64	72	0	5
898	165.006592	165.131592	G3	64	63	1	-1
899	165.006592	165.312335	C4	64	69	0	1
900	165.411997	165.540375	G3	64	51	1	-1
901	165.614699	165.888348	F3	64	59	1	-3
902	165.614699	166.040375	A#3	64	53	1	-3
903	165.614699	166.873144	A#2	64	69	1	-5
904	166.020104	166.273482	G5	64	62	0	5
905	166.020104	166.107942	F3	64	51	1	-3
906	166.222807	166.439023	F3	64	60	1	-3
907	166.222807	166.452536	A#3	64	69	1	-3
908	166.222807	166.469428	D4	64	60	0	3
909	166.425509	166.678887	G5	64	64	0	5
910	166.628212	166.744766	F3	64	60	1	-3
911	166.628212	166.802198	A#3	64	72	1	-3
912	166.628212	166.881590	D4	64	62	0	3
913	166.830914	166.964360	F5	64	60	0	3
914	167.033617	167.857940	D5	64	69	0	5
915	167.033617	167.114698	F3	64	54	1	-3
916	167.236319	167.449157	G3	64	60	1	-1
917	167.236319	167.656927	C4	64	62	0	1
918	167.236319	167.989697	C3	64	65	1	-3
919	167.641724	167.724494	G3	64	53	1	-1
920	167.844427	167.945778	C5	64	62	0	3
921	167.844427	168.097805	G3	64	63	1	-1
922	167.844427	168.101183	C4	64	67	0	1
923	167.844427	168.101183	E4	64	69	0	5
924	168.047129	168.143413	D5	64	62	0	5
925	168.249832	168.690710	F5	64	67	0	3
926	168.249832	168.391724	G3	64	61	1	-1
927	168.249832	168.435642	C4	64	67	0	1
928	168.249832	168.444088	E4	64	64	0	5
929	168.857939	169.146790	G5	64	62	0	5
930	168.857939	169.214358	A3	64	59	1	-4
931	168.857939	169.275169	F3	64	61	1	-3
932	168.857939	170.347803	F2	64	61	1	-5
933	169.263344	169.552195	A5	64	63	0	2
934	169.466047	169.536993	A3	64	61	1	-4
935	169.466047	169.596114	C4	64	64	0	1
936	169.466047	169.599493	F3	64	60	1	-3
937	169.668749	169.994762	G5	64	64	0	5
938	170.074154	172.114693	F5	64	62	0	3
939	170.074154	170.270100	C4	64	63	0	1
940	170.074154	170.273478	A3	64	69	1	-4
941	170.074154	170.276857	F4	64	59	0	1
942	170.074154	170.317397	F3	64	59	1	-3
943	170.479559	170.643410	F2	64	35	1	-5
944	170.479559	170.689019	C3	64	52	1	-3
945	170.682262	170.854559	F3	64	63	1	-3
946	171.087667	171.256586	A3	64	59	1	-4
947	171.087667	171.280234	F3	64	59	1	-3
948	171.087667	171.288680	C4	64	59	0	1
949	171.493072	171.623139	A3	64	64	1	-4
950	171.493072	171.634964	F3	64	64	1	-3
951	171.493072	171.665369	C4	64	62	0	1
952	171.695774	171.786990	F2	64	44	1	-5
953	172.101179	172.469422	D4	64	60	0	3
954	172.101179	172.506584	A3	64	60	1	-4
955	172.101179	174.347799	D2	64	64	1	-3
956	172.709287	172.785300	F4	64	53	0	1
957	172.709287	172.790368	A3	64	56	1	-4
958	172.911989	173.097800	A3	64	64	1	-4
959	172.911989	173.126516	F4	64	67	0	1
960	173.114692	174.261650	A2	64	49	1	-1
961	173.317394	173.395097	A3	64	55	1	-4
962	173.520097	173.683948	D4	64	79	0	3
963	173.520097	173.695772	A3	64	67	1	-4
964	174.128204	174.508271	A3	64	63	1	-4
965	174.128204	174.520096	F4	64	64	0	1
966	174.533609	174.738001	A2	64	57	1	-1
967	174.533609	174.756582	D2	64	47	1	-3
968	174.736312	174.829217	D4	64	65	0	3
969	174.736312	174.856244	A3	64	65	1	-4
970	175.344419	175.636649	F3	64	59	1	-3
971	175.344419	175.665365	A#3	64	59	1	-3
972	175.344419	176.861310	A#2	64	60	1	-5
973	175.952527	176.043743	A#3	64	45	1	-3
974	175.952527	176.047121	F3	64	47	1	-3
975	176.155229	176.339351	A#3	64	63	1	-3
976	176.155229	176.342729	F4	64	59	0	1
977	176.155229	176.344418	F3	64	60	1	-3
978	176.763337	177.015026	F3	64	59	1	-3
979	176.763337	177.057255	A#3	64	62	1	-3
980	176.763337	177.219417	D4	64	59	0	3
981	177.168742	177.270093	F3	64	62	1	-3
982	177.371444	177.435633	A#3	64	41	1	-3
983	177.776849	177.910295	A#2	64	64	1	-5
984	177.776849	177.920430	F3	64	59	1	-3
985	177.776849	177.967727	A#3	64	62	1	-3
986	177.776849	178.013336	D4	64	63	0	3
987	178.182254	178.236308	A#2	64	59	1	-5
988	178.182254	178.263335	F3	64	64	1	-3
989	178.587659	178.793740	A3	64	58	1	-4
990	178.587659	178.998132	D4	64	59	0	3
991	178.587659	179.337659	D3	64	67	1	-1
992	178.993064	179.050497	A3	64	47	1	-4
993	179.195767	179.418740	A3	64	61	1	-4
994	179.195767	179.449145	D4	64	65	0	3
995	179.195767	179.449145	F4	64	63	0	1
996	179.601172	179.700834	D4	64	58	0	3
997	179.601172	179.721104	F4	64	55	0	1
998	179.601172	179.724482	A3	64	58	1	-4
999	180.209279	180.379887	G3	64	61	1	-1
1000	180.209279	180.410293	C4	64	60	0	1
1001	180.209279	181.699143	C2	64	59	1	-5
1002	180.411982	181.312319	G2	64	57	1	-3
1003	180.614684	180.700833	G3	64	60	1	-1
1004	180.817387	181.030224	E4	64	72	0	5
1005	180.817387	181.053873	C4	64	72	0	1
1006	180.817387	181.067387	G3	64	72	1	-1
1007	181.222792	181.337657	G3	64	64	1	-1
1008	181.222792	181.401846	C4	64	74	0	1
1009	181.425494	181.743062	G2	64	51	1	-3
1010	181.628197	181.807251	G3	64	64	1	-1
1011	181.830899	182.187318	A3	64	59	1	-4
1012	181.830899	182.248129	F3	64	61	1	-3
1013	181.830899	183.320763	F2	64	61	1	-5
1014	182.439007	182.509953	A3	64	61	1	-4
1015	182.439007	182.569074	C4	64	64	0	1
1016	182.439007	182.572453	F3	64	60	1	-3
1017	183.047114	183.243060	C4	64	63	0	1
1018	183.047114	183.246438	A3	64	69	1	-4
1019	183.047114	183.249817	F4	64	59	0	1
1020	183.047114	183.290357	F3	64	59	1	-3
1021	183.452519	183.616370	F2	64	35	1	-5
1022	183.452519	183.661979	C3	64	52	1	-3
1023	183.655222	183.827519	F3	64	63	1	-3
1024	184.060627	184.229546	A3	64	59	1	-4
1025	184.060627	184.253194	F3	64	59	1	-3
1026	184.060627	184.261640	C4	64	59	0	1
1027	184.466032	184.596099	A3	64	64	1	-4
1028	184.466032	184.607924	F3	64	64	1	-3
1029	184.466032	184.638329	C4	64	62	0	1
1030	184.668734	184.759950	F2	64	44	1	-5
1031	185.074139	185.442382	D4	64	60	0	3
1032	185.074139	185.479544	A3	64	60	1	-4
1033	185.074139	187.320759	D2	64	64	1	-3
1034	185.682247	185.758260	F4	64	53	0	1
1035	185.682247	185.763328	A3	64	56	1	-4
1036	185.884949	186.070760	A3	64	64	1	-4
1037	185.884949	186.099476	F4	64	67	0	1
1038	186.087652	187.234610	A2	64	49	1	-1
1039	186.290354	186.368057	A3	64	55	1	-4
1040	186.493057	186.656908	D4	64	79	0	3
1041	186.493057	186.668732	A3	64	67	1	-4
1042	187.101164	187.481231	A3	64	63	1	-4
1043	187.101164	187.493056	F4	64	64	0	1
1044	187.506569	187.710961	A2	64	57	1	-1
1045	187.506569	187.729542	D2	64	47	1	-3
1046	187.709272	187.802177	D4	64	65	0	3
1047	187.709272	187.829204	A3	64	65	1	-4
1048	188.317379	188.609609	F3	64	59	1	-3
1049	188.317379	188.638325	A#3	64	59	1	-3
1050	188.317379	189.834270	A#2	64	60	1	-5
1051	188.925487	189.016703	A#3	64	45	1	-3
1052	188.925487	189.020081	F3	64	47	1	-3
1053	189.128189	189.312311	A#3	64	63	1	-3
1054	189.128189	189.315689	F4	64	59	0	1
1055	189.128189	189.317378	F3	64	60	1	-3
1056	189.736297	189.987986	F3	64	59	1	-3
1057	189.736297	190.030215	A#3	64	62	1	-3
1058	189.736297	190.192377	D4	64	59	0	3
1059	190.141702	190.243053	F3	64	62	1	-3
1060	190.344404	190.408593	A#3	64	41	1	-3
1061	190.749809	190.883255	A#2	64	64	1	-5
1062	190.749809	190.893390	F3	64	59	1	-3
1063	190.749809	190.940687	A#3	64	62	1	-3
1064	190.749809	190.986296	D4	64	63	0	3
1065	191.155214	191.209268	A#2	64	59	1	-5
1066	191.155214	191.236295	F3	64	64	1	-3
1067	191.560619	191.766700	A3	64	58	1	-4
1068	191.560619	191.971092	D4	64	59	0	3
1069	191.560619	192.310619	D3	64	67	1	-1
1070	191.966024	192.023457	A3	64	47	1	-4
1071	192.168727	192.391700	A3	64	61	1	-4
1072	192.168727	192.422105	D4	64	65	0	3
1073	192.168727	192.422105	F4	64	63	0	1
1074	192.574132	192.673794	D4	64	58	0	3
1075	192.574132	192.694064	F4	64	55	0	1
1076	192.574132	192.697442	A3	64	58	1	-4
1077	193.182239	193.352847	G3	64	61	1	-1
1078	193.182239	193.383253	C4	64	60	0	1
1079	193.182239	194.672103	C2	64	59	1	-5
1080	193.384942	194.285279	G2	64	57	1	-3
1081	193.587644	193.673793	G3	64	60	1	-1
1082	193.790347	194.003184	E4	64	72	0	5
1083	193.790347	194.026833	C4	64	72	0	1
1084	193.790347	194.040347	G3	64	72	1	-1
1085	194.195752	194.310617	G3	64	64	1	-1
1086	194.195752	194.374806	C4	64	74	0	1
1087	194.398454	194.520076	F5	64	65	0	3
1088	194.398454	194.716022	G2	64	51	1	-3
1089	194.601157	194.712643	G5	64	62	0	5
1090	194.601157	194.780211	G3	64	64	1	-1
1091	194.803859	196.222777	A5	64	63	0	2
1092	195.614669	196.643384	F4	64	58	0	1
1093	195.614669	196.694060	C4	64	62	0	1
1094	195.614669	196.699128	A3	64	59	1	-4
1095	195.614669	196.741357	F3	64	57	1	-3
1096	195.614669	198.085951	F2	64	65	1	-5
1097	196.425479	196.731222	A5	64	61	0	2
1098	196.830884	197.146762	A#5	64	62	0	3
1099	197.236289	197.374803	A5	64	59	0	2
1100	197.236289	197.466019	F3	64	65	1	-3
1101	197.236289	197.484600	C4	64	64	0	1
1102	197.438992	197.582573	G5	64	55	0	5
1103	197.438992	198.006559	C3	64	62	1	-3
1104	197.641694	197.942370	F5	64	63	0	3
1105	197.641694	197.942370	F3	64	62	1	-3
1106	197.844397	197.984599	A3	64	61	1	-4
1107	198.047099	199.339328	G5	64	64	0	5
1108	198.047099	198.261626	G3	64	59	1	-1
1109	198.047099	198.391694	C4	64	58	0	1
1110	198.047099	199.008247	C3	64	74	1	-3
1111	198.452504	198.501491	G3	64	45	1	-1
1112	198.857909	199.016693	G3	64	69	1	-1
1113	198.857909	199.043720	E4	64	67	0	5
1114	199.466017	199.626490	G3	64	61	1	-1
1115	199.466017	199.646760	C4	64	65	0	1
1116	199.871422	199.895070	F4	64	38	0	1
1117	199.871422	200.021759	G3	64	65	1	-1
1118	199.871422	200.374800	G2	64	52	1	-3
1119	200.276827	200.378178	G3	64	63	1	-1
1120	200.479529	200.655205	G3	64	72	1	-1
1121	200.479529	200.667029	C4	64	72	0	1
1122	200.479529	200.704191	E4	64	65	0	5
1123	200.682232	200.768380	C3	64	67	1	-3
1124	200.884934	200.989664	G3	64	60	1	-1
1125	201.290339	201.498109	D4	64	59	0	3
1126	201.290339	201.543717	A#3	64	54	1	-3
1127	201.290339	201.569055	G3	64	58	1	-1
1128	201.290339	202.770068	G2	64	60	1	-3
1129	201.695744	201.949122	G5	64	62	0	5
1130	201.695744	202.084257	D3	64	30	1	-1
1131	202.101149	202.354527	G5	64	64	0	5
1132	202.101149	202.261622	G3	64	63	1	-1
1133	202.101149	202.283582	D4	64	65	0	3
1134	202.101149	202.286960	A#3	64	67	1	-3
1135	202.101149	202.305541	G4	64	56	0	3
1136	202.303852	202.737973	D3	64	51	1	-1
1137	202.506554	202.640000	F5	64	60	0	3
1138	202.506554	202.580879	G3	64	53	1	-1
1139	202.709257	203.533580	D5	64	69	0	5
1140	202.709257	203.075810	A#3	64	62	1	-3
1141	202.709257	203.077500	G3	64	59	1	-1
1142	202.709257	203.097770	D4	64	61	0	3
1143	202.911959	204.170404	G2	64	59	1	-3
1144	203.114662	203.592702	D3	64	58	1	-1
1145	203.317364	203.411959	G3	64	58	1	-1
1146	203.520067	203.621418	C5	64	62	0	3
1147	203.520067	203.744729	G3	64	63	1	-1
1148	203.520067	203.744729	D4	64	65	0	3
1149	203.520067	203.756553	A#3	64	74	1	-3
1150	203.722769	203.819053	D5	64	62	0	5
1151	203.722769	203.871418	D3	64	51	1	-1
1152	203.925472	204.366350	F5	64	67	0	3
1153	203.925472	204.063985	G3	64	59	1	-1
1154	203.925472	204.101147	D4	64	62	0	3
1155	203.925472	204.109593	A#3	64	62	1	-3
1156	204.128174	204.216012	D3	64	58	1	-1
1157	204.330877	204.417025	F3	64	42	1	-3
1158	204.533579	204.878174	F5	64	60	0	3
1159	204.533579	204.753174	F3	64	59	1	-3
1160	204.533579	204.922092	A#3	64	63	1	-3
1161	204.533579	204.925471	D4	64	59	0	3
1162	204.533579	205.243038	A#2	64	74	1	-5
1163	204.938984	205.077498	D5	64	69	0	5
1164	205.141687	205.628173	G5	64	62	0	5
1165	205.141687	205.258241	F3	64	63	1	-3
1166	205.141687	205.356214	D4	64	65	0	3
1167	205.141687	205.359592	A#3	64	72	1	-3
1168	205.547092	205.910267	F3	64	59	1	-3
1169	205.749794	206.087632	D5	64	74	0	5
1170	205.749794	205.987970	A#3	64	69	1	-3
1171	205.952497	206.058916	D4	64	60	0	3
1172	206.155199	206.778509	C5	64	61	0	3
1173	206.155199	206.403510	G3	64	58	1	-1
1174	206.155199	206.521753	C4	64	65	0	1
1175	206.155199	206.849455	C3	64	72	1	-3
1176	206.560604	206.631550	G3	64	58	1	-1
1177	206.763307	206.987969	G3	64	72	1	-1
1178	206.763307	206.991347	E4	64	64	0	5
1179	206.763307	206.999793	C4	64	74	0	1
1180	206.966009	207.040334	F5	64	60	0	3
1181	206.966009	207.087631	C3	64	57	1	-3
1182	207.168712	207.685603	G5	64	65	0	5
1183	207.168712	207.271752	G3	64	62	1	-1
1184	207.168712	207.320739	C4	64	67	0	1
1185	207.776819	209.195737	A5	64	63	0	2
1186	207.776819	208.264994	A3	64	58	1	-4
1187	207.776819	208.275130	C4	64	59	0	1
1188	207.776819	208.288643	F3	64	58	1	-3
1189	207.776819	209.080872	F2	64	62	1	-5
1190	208.182224	208.670399	C3	64	52	1	-3
1191	208.587629	208.906886	F4	64	57	0	1
1192	208.587629	208.928845	A3	64	63	1	-4
1193	208.587629	208.937291	C4	64	60	0	1
1194	208.587629	208.960940	F3	64	56	1	-3
1195	208.993034	209.161953	C3	64	44	1	-3
1196	209.195737	209.612966	F3	64	58	1	-3
1197	209.195737	209.709250	A3	64	59	1	-4
1198	209.195737	209.714317	C4	64	60	0	1
1199	209.398439	209.704182	A5	64	61	0	2
1200	209.601142	210.722762	F2	64	59	1	-5
1201	209.803844	210.119722	A#5	64	62	0	3
1202	209.803844	210.477830	C3	64	58	1	-3
1203	210.006547	210.312290	F3	64	59	1	-3
1204	210.209249	210.347763	A5	64	59	0	2
1205	210.411952	210.555533	G5	64	55	0	5
1206	210.411952	210.597762	F3	64	60	1	-3
1207	210.411952	210.633235	A3	64	64	1	-4
1208	210.411952	210.665330	C4	64	65	0	1
1209	210.411952	210.677154	F4	64	58	0	1
1210	210.614654	210.915330	F5	64	63	0	3
1211	210.614654	210.726141	C3	64	60	1	-3
1212	211.020059	212.312288	G5	64	64	0	5
1213	211.020059	211.241343	G3	64	58	1	-1
1214	211.020059	211.388302	C4	64	59	0	1
1215	211.020059	211.678842	C3	64	67	1	-3
1216	211.425464	211.481207	G3	64	41	1	-1
1217	211.628167	211.868031	C4	64	64	0	1
1218	211.628167	211.874788	G3	64	60	1	-1
1219	211.628167	211.881545	E4	64	65	0	5
1220	212.033572	212.261612	G3	64	64	1	-1
1221	212.033572	212.324112	C4	64	67	0	1
1222	212.033572	212.330869	E4	64	64	0	5
1223	212.438977	212.700801	G2	64	58	1	-3
1224	212.641679	212.900125	G3	64	62	1	-1
1225	212.641679	212.986274	C4	64	61	0	1
1226	212.641679	213.011611	E4	64	61	0	5
1227	212.641679	213.820732	C3	64	84	1	-3
1228	213.047084	213.106206	G3	64	50	1	-1
1229	213.249787	213.454178	C4	64	75	0	1
1230	213.249787	213.482895	G3	64	64	1	-1
1231	213.249787	213.514989	E4	64	72	0	5
1232	213.655192	213.780192	G3	64	63	1	-1
1233	213.655192	213.960935	C4	64	69	0	1
1234	214.060597	214.188975	G3	64	51	1	-1
1235	214.263299	214.536948	F3	64	59	1	-3
1236	214.263299	214.688975	A#3	64	53	1	-3
1237	214.263299	215.521744	A#2	64	69	1	-5
1238	214.668704	214.922082	G5	64	62	0	5
1239	214.668704	214.756542	F3	64	51	1	-3
1240	214.871407	215.087623	F3	64	60	1	-3
1241	214.871407	215.101136	A#3	64	69	1	-3
1242	214.871407	215.118028	D4	64	60	0	3
1243	215.074109	215.327487	G5	64	64	0	5
1244	215.276812	215.393366	F3	64	60	1	-3
1245	215.276812	215.450798	A#3	64	72	1	-3
1246	215.276812	215.530190	D4	64	62	0	3
1247	215.479514	215.612960	F5	64	60	0	3
1248	215.682217	216.506540	D5	64	69	0	5
1249	215.682217	215.763298	F3	64	54	1	-3
1250	215.884919	216.097757	G3	64	60	1	-1
1251	215.884919	216.305527	C4	64	62	0	1
1252	215.884919	216.638297	C3	64	65	1	-3
1253	216.290324	216.373094	G3	64	53	1	-1
1254	216.493027	216.594378	C5	64	62	0	3
1255	216.493027	216.746405	G3	64	63	1	-1
1256	216.493027	216.749783	C4	64	67	0	1
1257	216.493027	216.749783	E4	64	69	0	5
1258	216.695729	216.792013	D5	64	62	0	5
1259	216.898432	217.339310	F5	64	67	0	3
1260	216.898432	217.040324	G3	64	61	1	-1
1261	216.898432	217.084242	C4	64	67	0	1
1262	216.898432	217.092688	E4	64	64	0	5
1263	217.506539	217.795390	G5	64	62	0	5
1264	217.506539	217.766674	A3	64	59	1	-4
1265	217.506539	217.938971	D4	64	61	0	3
1266	217.506539	218.878160	D2	64	67	1	-3
1267	217.911944	218.200795	A5	64	63	0	2
1268	218.114647	218.205863	A3	64	46	1	-4
1269	218.317349	218.643362	G5	64	64	0	5
1270	218.317349	218.506538	A3	64	63	1	-4
1271	218.317349	218.719376	D4	64	72	0	3
1272	218.317349	218.736268	F4	64	65	0	1
1273	218.722754	219.935591	F5	64	62	0	3
1274	218.722754	218.761606	A3	64	41	1	-4
1275	218.925457	219.180524	A3	64	63	1	-4
1276	218.925457	219.388294	D4	64	64	0	3
1277	218.925457	219.411943	F4	64	64	0	1
1278	218.925457	219.862956	D2	64	69	1	-3
1279	219.330862	219.585929	A3	64	64	1	-4
1280	219.533564	219.815659	F4	64	65	0	1
1281	219.938969	220.060591	F5	64	65	0	3
1282	219.938969	220.084239	D2	64	67	1	-3
1283	219.938969	220.161942	D4	64	67	0	3
1284	220.141672	220.543698	G5	64	62	0	5
1285	220.141672	220.688969	E4	64	74	0	5
1286	220.141672	220.721063	E2	64	67	1	-1
1287	220.749779	222.168697	A5	64	63	0	2
1288	220.749779	221.178833	A3	64	60	1	-4
1289	220.749779	221.444035	F3	64	59	1	-3
1290	220.749779	222.246399	F2	64	60	1	-5
1291	221.155184	221.658562	C3	64	48	1	-3
1292	221.560589	221.840994	F4	64	59	0	1
1293	221.560589	221.842684	A3	64	64	1	-4
1294	221.560589	221.869711	C4	64	61	0	1
1295	221.965994	222.119710	C3	64	46	1	-3
1296	222.168697	222.411940	F3	64	60	1	-3
1297	222.168697	222.543696	A3	64	61	1	-4
1298	222.168697	222.597750	C4	64	61	0	1
1299	222.168697	222.626467	F4	64	60	0	1
1300	222.371399	222.677142	A5	64	61	0	2
1301	222.574102	223.462614	F2	64	57	1	-5
1302	222.776804	223.092682	A#5	64	62	0	3
1303	222.776804	223.219371	C3	64	59	1	-3
1304	222.979507	223.077480	F3	64	56	1	-3
1305	223.182209	223.320723	A5	64	59	0	2
1306	223.182209	223.347750	A3	64	74	1	-4
1307	223.182209	223.354506	F3	64	60	1	-3
1308	223.182209	223.384912	C4	64	65	0	1
1309	223.384912	223.528493	G5	64	55	0	5
1310	223.384912	223.511601	C3	64	57	1	-3
1311	223.587614	223.888290	F5	64	63	0	3
1312	223.587614	223.736263	F2	64	59	1	-5
1313	223.993019	225.285248	G5	64	64	0	5
1314	223.993019	224.207546	G3	64	59	1	-1
1315	223.993019	224.337614	C4	64	58	0	1
1316	223.993019	224.954167	C3	64	74	1	-3
1317	224.398424	224.447411	G3	64	45	1	-1
1318	224.803829	224.962613	G3	64	69	1	-1
1319	224.803829	224.989640	E4	64	67	0	5
1320	225.411937	225.572410	G3	64	61	1	-1
1321	225.411937	225.592680	C4	64	65	0	1
1322	225.817342	225.840990	F4	64	38	0	1
1323	225.817342	225.967679	G3	64	65	1	-1
1324	225.817342	226.320720	G2	64	52	1	-3
1325	226.222747	226.324098	G3	64	63	1	-1
1326	226.425449	226.601125	G3	64	72	1	-1
1327	226.425449	226.612949	C4	64	72	0	1
1328	226.425449	226.650111	E4	64	65	0	5
1329	226.628152	226.714300	C3	64	67	1	-3
1330	226.830854	226.935584	G3	64	60	1	-1
1331	227.236259	227.444029	D4	64	59	0	3
1332	227.236259	227.489637	A#3	64	54	1	-3
1333	227.236259	227.514975	G3	64	58	1	-1
1334	227.236259	228.715988	G2	64	60	1	-3
1335	227.641664	227.895042	G5	64	62	0	5
1336	227.641664	228.030177	D3	64	30	1	-1
1337	228.047069	228.300447	G5	64	64	0	5
1338	228.047069	228.207542	G3	64	63	1	-1
1339	228.047069	228.229502	D4	64	65	0	3
1340	228.047069	228.232880	A#3	64	67	1	-3
1341	228.047069	228.251461	G4	64	56	0	3
1342	228.249772	228.683893	D3	64	51	1	-1
1343	228.452474	228.585920	F5	64	60	0	3
1344	228.452474	228.526799	G3	64	53	1	-1
1345	228.655177	229.479500	D5	64	69	0	5
1346	228.655177	229.021730	A#3	64	62	1	-3
1347	228.655177	229.023420	G3	64	59	1	-1
1348	228.655177	229.043690	D4	64	61	0	3
1349	228.857879	230.116324	G2	64	59	1	-3
1350	229.060582	229.538622	D3	64	58	1	-1
1351	229.263284	229.357879	G3	64	58	1	-1
1352	229.465987	229.567338	C5	64	62	0	3
1353	229.465987	229.690649	G3	64	63	1	-1
1354	229.465987	229.690649	D4	64	65	0	3
1355	229.465987	229.702473	A#3	64	74	1	-3
1356	229.668689	229.764973	D5	64	62	0	5
1357	229.668689	229.817338	D3	64	51	1	-1
1358	229.871392	230.312270	F5	64	67	0	3
1359	229.871392	230.009905	G3	64	59	1	-1
1360	229.871392	230.047067	D4	64	62	0	3
1361	229.871392	230.055513	A#3	64	62	1	-3
1362	230.074094	230.161932	D3	64	58	1	-1
1363	230.276797	230.362945	F3	64	42	1	-3
1364	230.479499	230.824094	F5	64	60	0	3
1365	230.479499	230.699094	F3	64	59	1	-3
1366	230.479499	230.868012	A#3	64	63	1	-3
1367	230.479499	230.871391	D4	64	59	0	3
1368	230.479499	231.188958	A#2	64	74	1	-5
1369	230.884904	231.023418	D5	64	69	0	5
1370	231.087607	231.574093	G5	64	62	0	5
1371	231.087607	231.204161	F3	64	63	1	-3
1372	231.087607	231.302134	D4	64	65	0	3
1373	231.087607	231.305512	A#3	64	72	1	-3
1374	231.493012	231.856187	F3	64	59	1	-3
1375	231.695714	232.033552	D5	64	74	0	5
1376	231.695714	231.933890	A#3	64	69	1	-3
1377	231.898417	232.004836	D4	64	60	0	3
1378	232.101119	232.724429	C5	64	61	0	3
1379	232.101119	232.349430	G3	64	58	1	-1
1380	232.101119	232.467673	C4	64	65	0	1
1381	232.101119	232.795375	C3	64	72	1	-3
1382	232.506524	232.577470	G3	64	58	1	-1
1383	232.709227	232.933889	G3	64	72	1	-1
1384	232.709227	232.937267	E4	64	64	0	5
1385	232.709227	232.945713	C4	64	74	0	1
1386	232.911929	232.986254	F5	64	60	0	3
1387	232.911929	233.033551	C3	64	57	1	-3
1388	233.114632	233.631523	G5	64	65	0	5
1389	233.114632	233.217672	G3	64	62	1	-1
1390	233.114632	233.266659	C4	64	67	0	1
1391	233.722739	235.141657	A5	64	63	0	2
1392	233.722739	234.210914	A3	64	58	1	-4
1393	233.722739	234.221050	C4	64	59	0	1
1394	233.722739	234.234563	F3	64	58	1	-3
1395	233.722739	235.026792	F2	64	62	1	-5
1396	234.128144	234.616319	C3	64	52	1	-3
1397	234.533549	234.852806	F4	64	57	0	1
1398	234.533549	234.874765	A3	64	63	1	-4
1399	234.533549	234.883211	C4	64	60	0	1
1400	234.533549	234.906860	F3	64	56	1	-3
1401	234.938954	235.107873	C3	64	44	1	-3
1402	235.141657	235.558886	F3	64	58	1	-3
1403	235.141657	235.655170	A3	64	59	1	-4
1404	235.141657	235.660237	C4	64	60	0	1
1405	235.344359	235.650102	A5	64	61	0	2
1406	235.547062	236.668682	F2	64	59	1	-5
1407	235.749764	236.065642	A#5	64	62	0	3
1408	235.749764	236.423750	C3	64	58	1	-3
1409	235.952467	236.258210	F3	64	59	1	-3
1410	236.155169	236.293683	A5	64	59	0	2
1411	236.357872	236.501453	G5	64	55	0	5
1412	236.357872	236.543682	F3	64	60	1	-3
1413	236.357872	236.579155	A3	64	64	1	-4
1414	236.357872	236.611250	C4	64	65	0	1
1415	236.357872	236.623074	F4	64	58	0	1
1416	236.560574	236.861250	F5	64	63	0	3
1417	236.560574	236.672061	C3	64	60	1	-3
1418	236.965979	238.258208	G5	64	64	0	5
1419	236.965979	237.187263	G3	64	58	1	-1
1420	236.965979	237.334222	C4	64	59	0	1
1421	236.965979	237.624762	C3	64	67	1	-3
1422	237.371384	237.427127	G3	64	41	1	-1
1423	237.574087	237.813951	C4	64	64	0	1
1424	237.574087	237.820708	G3	64	60	1	-1
1425	237.574087	237.827465	E4	64	65	0	5
1426	237.979492	238.207532	G3	64	64	1	-1
1427	237.979492	238.270032	C4	64	67	0	1
1428	237.979492	238.276789	E4	64	64	0	5
1429	238.384897	238.646721	G2	64	58	1	-3
1430	238.587599	238.846045	G3	64	62	1	-1
1431	238.587599	238.932194	C4	64	61	0	1
1432	238.587599	238.957531	E4	64	61	0	5
1433	238.587599	239.766652	C3	64	84	1	-3
1434	238.993004	239.052126	G3	64	50	1	-1
1435	239.195707	239.400098	C4	64	75	0	1
1436	239.195707	239.428815	G3	64	64	1	-1
1437	239.195707	239.460909	E4	64	72	0	5
1438	239.601112	239.726112	G3	64	63	1	-1
1439	239.601112	239.906855	C4	64	69	0	1
1440	240.006517	240.134895	G3	64	51	1	-1
1441	240.209219	240.482868	F3	64	59	1	-3
1442	240.209219	240.634895	A#3	64	53	1	-3
1443	240.209219	241.467664	A#2	64	69	1	-5
1444	240.614624	240.868002	G5	64	62	0	5
1445	240.614624	240.702462	F3	64	51	1	-3
1446	240.817327	241.033543	F3	64	60	1	-3
1447	240.817327	241.047056	A#3	64	69	1	-3
1448	240.817327	241.063948	D4	64	60	0	3
1449	241.020029	241.273407	G5	64	64	0	5
1450	241.222732	241.339286	F3	64	60	1	-3
1451	241.222732	241.396718	A#3	64	72	1	-3
1452	241.222732	241.476110	D4	64	62	0	3
1453	241.425434	241.558880	F5	64	60	0	3
1454	241.628137	242.452460	D5	64	69	0	5
1455	241.628137	241.709218	F3	64	54	1	-3
1456	241.830839	242.043677	G3	64	60	1	-1
1457	241.830839	242.251447	C4	64	62	0	1
1458	241.830839	242.584217	C3	64	65	1	-3
1459	242.236244	242.319014	G3	64	53	1	-1
1460	242.438947	242.540298	C5	64	62	0	3
1461	242.438947	242.692325	G3	64	63	1	-1
1462	242.438947	242.695703	C4	64	67	0	1
1463	242.438947	242.695703	E4	64	69	0	5
1464	242.641649	242.737933	D5	64	62	0	5
1465	242.844352	243.285230	F5	64	67	0	3
1466	242.844352	242.986244	G3	64	61	1	-1
1467	242.844352	243.030162	C4	64	67	0	1
1468	242.844352	243.038608	E4	64	64	0	5
1469	243.452459	243.741310	G5	64	62	0	5
1470	243.452459	243.952459	D4	64	56	0	3
1471	243.452459	243.969351	A3	64	58	1	-4
1472	243.452459	246.596037	D2	64	63	1	-3
1473	243.857864	244.146715	A5	64	63	0	2
1474	244.263269	244.589282	G5	64	64	0	5
1475	244.263269	244.606174	F4	64	59	0	1
1476	244.263269	244.609553	D4	64	60	0	3
1477	244.263269	244.611242	A3	64	58	1	-4
1478	244.668674	246.709213	F5	64	62	0	3
1479	244.668674	244.944012	A2	64	30	1	-1
1480	244.871377	245.082525	A3	64	60	1	-4
1481	244.871377	245.237930	D4	64	60	0	3
1482	244.871377	245.271714	F4	64	59	0	1
1483	245.276782	245.388268	A3	64	46	1	-4
1484	245.479484	245.592660	D4	64	47	0	3
1485	245.884889	246.099416	A3	64	60	1	-4
1486	245.884889	246.357862	D4	64	61	0	3
1487	245.884889	246.422051	F4	64	59	0	1
1488	246.290294	246.472727	A3	64	44	1	-4
1489	246.695699	246.996375	A3	64	38	1	-4
1490	246.695699	247.111239	D4	64	48	0	3
1491	246.695699	249.612926	D2	64	59	1	-3
1492	247.506509	247.614617	F4	64	48	0	1
1493	247.506509	247.624752	A3	64	49	1	-4
1494	248.114617	248.259887	A3	64	41	1	-4
1495	248.114617	248.293671	D4	64	46	0	3
1496	249.128129	249.271710	D4	64	59	0	3
1497	249.128129	249.334210	A3	64	54	1	-4
1498	249.533534	249.923737	C4	64	46	0	1
1499	249.938939	250.264952	F3	64	47	1	-3
1500	249.938939	250.362925	D4	64	47	0	3
1501	249.938939	250.403466	A#3	64	50	1	-3
1502	249.938939	252.759882	A#2	64	62	1	-5
1503	250.749749	250.964276	A#3	64	43	1	-3
1504	250.749749	251.063938	F4	64	58	0	1
1505	251.155154	251.256506	F3	64	43	1	-3
1506	251.357857	251.584208	D4	64	49	0	3
1507	251.763262	251.886572	A#3	64	44	1	-3
1508	251.965964	252.090964	F3	64	46	1	-3
1509	252.371369	252.469342	F3	64	51	1	-3
1510	252.371369	252.508193	A#3	64	51	1	-3
1511	252.371369	252.577450	D4	64	55	0	3
1512	253.182179	253.400084	A3	64	45	1	-4
1513	253.182179	253.437247	F3	64	42	1	-3
1514	253.182179	255.254812	F2	64	52	1	-5
1515	253.992989	254.172043	F4	64	58	0	1
1516	254.195692	254.319002	C4	64	19	0	1
1517	254.398394	254.516637	F3	64	47	1	-3
1518	254.601097	254.780151	C4	64	48	0	1
1519	255.006502	255.158529	A3	64	52	1	-4
1520	255.209204	255.337583	F3	64	50	1	-3
1521	255.614609	255.736231	A3	64	52	1	-4
1522	255.614609	255.748055	C4	64	51	0	1
1523	256.430487	256.857851	F3	64	47	1	-3
1524	256.435554	256.910216	A3	64	49	1	-4
1525	256.467649	259.462578	F2	64	51	1	-5
1526	256.867986	259.393322	C3	64	47	1	-3
1527	257.339270	257.900080	F3	64	59	1	-3
1528	257.813931	257.955823	A3	64	53	1	-4
1529	258.477782	258.675417	A3	64	43	1	-4
1530	258.666971	258.846025	F4	64	48	0	1
