//Version: PianoFingering_v170101
0	4.690785	6.847034	C#4	64	86	0	2
1	5.026311	5.202298	G#4	64	76	0	4
2	5.259864	5.911179	C#5	64	89	0	4
3	5.865126	6.776310	E5	64	88	0	2
4	6.437494	6.925981	C#5	64	94	0	4
5	6.702297	6.901310	F#4	64	74	0	2
6	6.999994	9.129926	C#4	64	87	0	2
7	7.266441	7.621704	G#4	64	80	0	4
8	7.554270	9.223676	C#5	64	90	0	4
9	7.828941	9.324005	G#4	64	73	0	4
10	8.167756	9.340452	E5	64	74	0	2
11	9.277952	10.297688	C#4	64	80	0	2
12	9.606900	9.927623	C#5	64	83	0	4
13	9.889794	10.480254	E5	64	82	0	2
14	10.182557	10.422688	C#5	64	76	0	4
15	10.480254	11.745056	C#4	64	85	0	2
16	10.781241	11.215451	G#4	64	77	0	4
17	11.131569	12.029595	C#5	64	89	0	4
18	11.560845	12.072358	G#4	64	79	0	4
19	11.999990	14.345382	C#4	64	81	0	2
20	12.406239	13.187489	G#4	64	83	0	4
21	12.773015	13.271370	E5	64	78	0	2
22	14.921040	17.499985	C#3	64	96	1	-2
23	15.315776	15.881565	G#3	64	78	1	-5
24	15.710513	16.620051	C#4	64	89	0	2
25	15.710513	16.944064	E4	64	87	0	5
26	16.105249	17.347024	G#3	64	71	1	-5
27	16.499986	16.999985	G#4	64	89	0	4
28	17.289459	17.442419	C#4	64	88	0	2
29	17.289459	17.694064	E4	64	92	0	5
30	17.684195	17.851958	C#4	64	72	0	2
31	18.078932	18.610181	G#3	64	84	1	-5
32	18.078932	18.896365	B3	64	85	1	-2
33	18.078932	20.679258	G#2	64	93	1	-2
34	18.473668	19.060839	D#3	64	87	1	-5
35	18.868405	19.764786	G#3	64	95	1	-5
36	19.263141	20.766429	D#3	64	80	1	-5
37	19.657878	20.185838	B3	64	85	1	-2
38	19.657878	20.473666	D#4	64	91	0	4
39	20.447351	20.758206	B3	64	88	1	-2
40	20.447351	21.083863	G#3	64	84	1	-5
41	21.236824	21.685836	A3	64	80	1	-4
42	21.236824	22.105244	C#4	64	91	0	2
43	21.236824	23.735177	A2	64	94	1	-1
44	21.631560	22.235178	E3	64	82	1	-4
45	22.026297	23.444059	A3	64	98	1	-4
46	22.421033	23.690769	E3	64	82	1	-4
47	22.815770	23.508203	E4	64	94	0	5
48	23.605243	23.758203	A3	64	84	1	-4
49	23.605243	23.889782	C#4	64	89	0	2
50	24.394716	24.874978	G#3	64	85	1	-5
51	24.394716	25.231886	B3	64	89	1	-2
52	24.394716	26.853595	E2	64	92	1	-1
53	24.789452	26.177609	B2	64	81	1	-4
54	25.184189	25.948991	G#3	64	92	1	-5
55	25.578925	26.087148	B3	64	94	1	-2
56	25.973662	27.105240	E4	64	95	0	5
57	26.368398	26.932542	B2	64	78	1	-4
58	26.763135	27.008200	B3	64	91	1	-2
59	26.763135	27.083858	G#3	64	94	1	-5
60	27.552608	28.024647	A3	64	84	1	-4
61	27.552608	28.373331	C#4	64	87	0	2
62	27.552608	30.027935	A2	64	86	1	-1
63	27.947344	30.008198	E3	64	67	1	-4
64	28.342081	28.868396	A3	64	91	1	-4
65	28.736817	28.932541	C#4	64	87	0	2
66	29.131554	29.707211	A3	64	85	1	-4
67	29.131554	29.736816	E4	64	95	0	5
68	29.921027	30.131553	A3	64	87	1	-4
69	29.921027	30.144711	C#4	64	90	0	2
70	30.710500	31.213789	F#3	64	86	1	-2
71	30.710500	31.287802	A3	64	81	1	-4
72	30.710500	31.536157	C#4	64	89	0	2
73	30.710500	33.264774	F#2	64	89	1	-4
74	31.105236	32.417735	C#3	64	80	1	-2
75	31.499973	32.111814	F#3	64	95	1	-2
76	31.894709	32.198985	C#4	64	90	0	2
77	32.289446	32.822340	F#3	64	92	1	-2
78	32.289446	32.935827	D#4	64	95	0	4
79	32.684182	33.281221	C#3	64	88	1	-2
80	33.078919	33.325629	F#3	64	94	1	-2
81	33.078919	33.373326	C#4	64	92	0	2
82	33.868392	34.406220	G#3	64	90	1	-5
83	33.868392	34.626615	C#4	64	92	0	2
84	33.868392	36.483521	G#2	64	94	1	-2
85	34.263128	35.559180	D#3	64	89	1	-5
86	34.657865	36.026285	G#3	64	89	1	-5
87	35.052601	36.006548	C#4	64	88	0	2
88	35.842074	36.399640	D#3	64	81	1	-5
89	36.236811	36.531218	D#4	64	90	0	4
90	36.236811	36.592074	G#3	64	83	1	-5
91	37.026284	37.858520	C#4	64	83	0	2
92	37.026284	38.121677	E4	64	90	0	5
93	37.026284	39.276282	C#2	64	96	1	-4
94	37.421020	39.198979	G#2	64	74	1	-2
95	37.815757	39.532860	G#3	64	83	1	-5
96	38.210493	39.435821	C#4	64	74	0	2
97	39.789439	40.838780	A3	64	78	1	-4
98	39.789439	40.878254	C#4	64	88	0	2
99	39.789439	41.129899	A2	64	97	1	-1
100	40.578912	41.141412	E3	64	76	1	-4
101	40.973649	41.110162	A3	64	84	1	-4
102	40.973649	41.116741	C#4	64	91	0	2
103	40.973649	41.218714	E4	64	87	0	5
104	41.368385	42.249963	D#4	64	94	0	4
105	41.368385	42.325621	B3	64	87	1	-2
106	41.368385	42.947331	B2	64	96	1	-4
107	42.157858	42.939108	F#3	64	79	1	-2
108	42.552595	43.320686	B3	64	84	1	-2
109	42.552595	43.342068	F#4	64	83	0	2
110	42.947331	44.814106	B2	64	78	1	-4
111	43.342068	44.843711	B3	64	86	1	-2
112	43.342068	44.878251	F#4	64	86	0	2
113	43.342068	44.878251	B4	64	86	0	2
114	44.921014	45.151277	E4	64	93	0	5
115	44.921014	45.256540	C#4	64	87	0	2
116	44.921014	45.430882	E4	64	88	0	5
117	44.921014	47.519696	C#2	64	95	1	-4
118	45.315750	45.547658	E4	64	92	0	5
119	45.315750	46.623315	G#2	64	81	1	-2
120	45.710487	45.990092	E4	64	96	0	5
121	45.710487	45.924302	G#3	64	86	1	-5
122	46.105223	46.366736	E4	64	98	0	5
123	46.105223	46.881538	G#3	64	94	1	-5
124	46.105223	46.886473	C#4	64	94	0	2
125	46.105223	46.904565	E4	64	94	0	5
126	46.499960	47.202262	E4	64	96	0	5
127	46.894696	47.531209	G#2	64	67	1	-2
128	47.289433	48.031208	C#4	64	100	0	2
129	47.289433	47.460485	G#3	64	93	1	-5
130	47.289433	47.754893	C#4	64	95	0	2
131	47.684169	47.884827	G#3	64	86	1	-5
132	48.078906	49.126602	B3	64	98	1	-2
133	48.078906	48.513116	G#3	64	88	1	-5
134	48.078906	48.549300	B3	64	88	1	-2
135	48.078906	50.613443	G#2	64	93	1	-2
136	48.473642	49.416076	D#3	64	81	1	-5
137	48.868379	49.294365	G#3	64	85	1	-5
138	49.263115	49.516404	B3	64	89	1	-2
139	49.657852	50.378246	B3	64	98	1	-2
140	49.657852	50.085483	D#4	64	95	0	4
141	49.657852	50.164430	B3	64	95	1	-2
142	49.657852	50.184167	G#3	64	89	1	-5
143	50.052588	50.662785	D#3	64	80	1	-5
144	50.447325	51.240087	C#4	64	94	0	2
145	50.447325	50.606864	B3	64	91	1	-2
146	50.447325	50.620022	G#3	64	90	1	-5
147	51.236798	51.519692	E4	64	92	0	5
148	51.236798	51.690745	A3	64	80	1	-4
149	51.236798	52.185810	C#4	64	89	0	2
150	51.236798	53.845348	A2	64	89	1	-1
151	51.631534	51.861797	E4	64	95	0	5
152	51.631534	53.825611	E3	64	82	1	-4
153	52.026271	52.259823	E4	64	97	0	5
154	52.026271	52.249955	A3	64	71	1	-4
155	52.421007	52.654560	E4	64	103	0	5
156	52.421007	52.986796	A3	64	91	1	-4
157	52.421007	53.286138	E4	64	94	0	5
158	52.815744	53.554230	E4	64	98	0	5
159	53.605217	53.802585	F#4	64	94	0	2
160	53.605217	53.838769	A3	64	92	1	-4
161	53.605217	53.912782	C#4	64	95	0	2
162	53.999953	56.161136	G#4	64	98	0	4
163	54.394690	54.842058	G#3	64	88	1	-5
164	54.394690	55.202255	B3	64	90	1	-2
165	54.394690	57.037780	E2	64	92	1	-1
166	54.789426	56.999951	B2	64	84	1	-4
167	55.184163	55.827254	G#3	64	95	1	-5
168	55.578899	55.850281	B3	64	105	1	-2
169	55.973636	56.185807	G#3	64	89	1	-5
170	55.973636	57.123306	E4	64	94	0	5
171	56.763109	57.078898	B3	64	96	1	-2
172	57.552582	57.814095	F#4	64	96	0	2
173	57.552582	58.452252	F#3	64	89	1	-2
174	57.552582	59.782843	C#4	64	89	0	2
175	57.552582	60.416066	F#2	64	90	1	-4
176	57.947318	58.162779	F#4	64	94	0	2
177	57.947318	60.462119	C#3	64	95	1	-2
178	58.342055	58.592054	F#4	64	95	0	2
179	58.342055	59.776264	A3	64	98	1	-4
180	58.736791	58.980212	F#4	64	95	0	2
181	58.736791	59.190738	F#3	64	88	1	-2
182	59.131528	59.825606	F#4	64	97	0	2
183	59.131528	59.751593	F#4	64	91	0	2
184	59.526264	60.021330	F#3	64	74	1	-2
185	59.921001	60.315737	E4	64	98	0	5
186	59.921001	60.304224	A3	64	84	1	-4
187	59.921001	60.453895	F#4	64	89	0	2
188	59.921001	60.511461	C#4	64	94	0	2
189	60.315737	61.812446	G#4	64	96	0	4
190	60.710474	61.233500	G#3	64	85	1	-5
191	60.710474	61.552578	D#4	64	94	0	4
192	60.710474	63.508169	G#2	64	94	1	-2
193	61.105210	62.134815	D#3	64	87	1	-5
194	61.499947	62.835472	G#3	64	96	1	-5
195	61.894683	62.879880	D#4	64	99	0	4
196	62.289420	62.937445	F#4	64	91	0	2
197	62.684156	63.463761	D#3	64	90	1	-5
198	63.078893	63.725274	E4	64	99	0	5
199	63.078893	63.289419	G#3	64	90	1	-5
200	63.078893	63.483498	B3	64	98	1	-2
201	63.473629	63.986787	G#3	64	92	1	-5
202	63.868366	64.161129	C#4	64	95	0	2
203	63.868366	64.366721	A3	64	85	1	-4
204	63.868366	64.687444	E4	64	92	0	5
205	63.868366	66.445666	A2	64	91	1	-1
206	64.263102	64.545997	C#4	64	95	0	2
207	64.263102	66.450600	E3	64	72	1	-4
208	64.657839	64.947312	C#4	64	96	0	2
209	64.657839	65.416062	A3	64	99	1	-4
210	65.052575	65.323957	C#4	64	94	0	2
211	65.052575	65.781193	E4	64	95	0	5
212	65.447312	66.129877	C#4	64	100	0	2
213	65.842048	66.041061	A3	64	78	1	-4
214	66.236785	67.013100	E4	64	93	0	5
215	66.236785	66.430863	A3	64	95	1	-4
216	66.236785	66.524613	C#4	64	95	0	2
217	67.026258	68.925927	C#4	64	96	0	2
218	67.026258	67.536126	G#3	64	85	1	-5
219	67.026258	67.865073	C#4	64	89	0	2
220	67.026258	70.139742	C#2	64	87	1	-4
221	67.420994	68.851914	G#2	64	87	1	-2
222	67.815731	67.993362	G#3	64	94	1	-5
223	68.210467	69.103559	G#3	64	94	1	-5
224	68.210467	69.139743	E4	64	94	0	5
225	68.999940	69.620005	G#2	64	73	1	-2
226	69.394677	70.121650	G#3	64	95	1	-5
227	69.394677	70.136452	C#4	64	97	0	2
228	69.789413	70.138097	G#2	64	86	1	-2
229	70.184150	70.414413	E4	64	93	0	5
230	70.184150	70.519676	C#4	64	87	0	2
231	70.184150	70.694018	E4	64	88	0	5
232	70.184150	72.782832	C#2	64	95	1	-4
233	70.578886	70.810794	E4	64	92	0	5
234	70.578886	71.886451	G#2	64	81	1	-2
235	70.973623	71.253228	E4	64	96	0	5
236	70.973623	71.187438	G#3	64	86	1	-5
237	71.368359	71.629872	E4	64	98	0	5
238	71.368359	72.144674	G#3	64	94	1	-5
239	71.368359	72.149609	C#4	64	94	0	2
240	71.368359	72.167701	E4	64	94	0	5
241	71.763096	72.465398	E4	64	96	0	5
242	72.157832	72.794345	G#2	64	67	1	-2
243	72.552569	73.294344	C#4	64	100	0	2
244	72.552569	72.723621	G#3	64	93	1	-5
245	72.552569	73.018029	C#4	64	95	0	2
246	72.947305	73.147963	G#3	64	86	1	-5
247	73.342042	74.389738	B3	64	98	1	-2
248	73.342042	73.776252	G#3	64	88	1	-5
249	73.342042	73.812436	B3	64	88	1	-2
250	73.342042	75.876579	G#2	64	93	1	-2
251	73.736778	74.679212	D#3	64	81	1	-5
252	74.131515	74.557501	G#3	64	85	1	-5
253	74.526251	74.779540	B3	64	89	1	-2
254	74.920988	75.641382	B3	64	98	1	-2
255	74.920988	75.348619	D#4	64	95	0	4
256	74.920988	75.427566	B3	64	95	1	-2
257	74.920988	75.447303	G#3	64	89	1	-5
258	75.315724	75.925921	D#3	64	80	1	-5
259	75.710461	76.503223	C#4	64	94	0	2
260	75.710461	75.870000	B3	64	91	1	-2
261	75.710461	75.883158	G#3	64	90	1	-5
262	76.499934	76.782828	E4	64	92	0	5
263	76.499934	76.953881	A3	64	80	1	-4
264	76.499934	77.448946	C#4	64	89	0	2
265	76.499934	79.108484	A2	64	89	1	-1
266	76.894670	77.124933	E4	64	95	0	5
267	76.894670	79.088747	E3	64	82	1	-4
268	77.289407	77.522959	E4	64	97	0	5
269	77.289407	77.513091	A3	64	71	1	-4
270	77.684143	77.917696	E4	64	103	0	5
271	77.684143	78.249932	A3	64	91	1	-4
272	77.684143	78.549274	E4	64	94	0	5
273	78.078880	78.817366	E4	64	98	0	5
274	78.868353	79.065721	F#4	64	94	0	2
275	78.868353	79.101905	A3	64	92	1	-4
276	78.868353	79.175918	C#4	64	95	0	2
277	79.263089	81.424272	G#4	64	98	0	4
278	79.657826	80.105194	G#3	64	88	1	-5
279	79.657826	80.465391	B3	64	90	1	-2
280	79.657826	82.300916	E2	64	92	1	-1
281	80.052562	82.263087	B2	64	84	1	-4
282	80.447299	81.090390	G#3	64	95	1	-5
283	80.842035	81.113417	B3	64	105	1	-2
284	81.236772	81.448943	G#3	64	89	1	-5
285	81.236772	82.386442	E4	64	94	0	5
286	82.026245	82.342034	B3	64	96	1	-2
287	82.815718	83.077231	F#4	64	96	0	2
288	82.815718	83.715388	F#3	64	89	1	-2
289	82.815718	85.045979	C#4	64	89	0	2
290	82.815718	85.679202	F#2	64	90	1	-4
291	83.210454	83.425915	F#4	64	94	0	2
292	83.210454	85.725255	C#3	64	95	1	-2
293	83.605191	83.855190	F#4	64	95	0	2
294	83.605191	85.039400	A3	64	98	1	-4
295	83.999927	84.243348	F#4	64	95	0	2
296	83.999927	84.453874	F#3	64	88	1	-2
297	84.394664	85.088742	F#4	64	97	0	2
298	84.394664	85.014729	F#4	64	91	0	2
299	84.789400	85.284466	F#3	64	74	1	-2
300	85.184137	85.578873	E4	64	98	0	5
301	85.184137	85.567360	A3	64	84	1	-4
302	85.184137	85.717031	F#4	64	89	0	2
303	85.184137	85.774597	C#4	64	94	0	2
304	85.578873	87.075582	G#4	64	96	0	4
305	85.973610	86.496636	G#3	64	85	1	-5
306	85.973610	86.815714	D#4	64	94	0	4
307	85.973610	88.771305	G#2	64	94	1	-2
308	86.368346	87.397951	D#3	64	87	1	-5
309	86.763083	88.098608	G#3	64	96	1	-5
310	87.157819	88.143016	D#4	64	99	0	4
311	87.552556	88.271305	G#4	64	96	0	4
312	87.947292	88.726897	D#3	64	90	1	-5
313	88.342029	88.991699	F#4	64	97	0	2
314	88.342029	88.552555	G#3	64	90	1	-5
315	88.342029	88.746634	B3	64	98	1	-2
316	89.131502	89.393015	G#4	64	96	0	4
317	89.131502	89.249923	G#3	64	85	1	-5
318	89.131502	89.973606	D#4	64	94	0	4
319	89.131502	91.929197	G#2	64	94	1	-2
320	89.526238	89.797620	G#4	64	89	0	4
321	89.526238	90.555843	D#3	64	87	1	-5
322	89.920975	90.182488	G#4	64	98	0	4
323	89.920975	91.256500	G#3	64	96	1	-5
324	90.315711	90.623277	G#4	64	96	0	4
325	90.315711	91.300908	D#4	64	99	0	4
326	90.710448	91.330513	G#4	64	99	0	4
327	91.105184	91.884789	D#3	64	90	1	-5
328	91.499921	91.800907	B4	64	98	0	2
329	91.499921	91.710447	G#3	64	90	1	-5
330	91.499921	91.904526	B3	64	98	1	-2
331	91.894657	95.182483	C#5	64	101	0	4
332	92.289394	92.407815	G#3	64	85	1	-5
333	92.289394	93.128209	C#4	64	89	0	2
334	92.289394	95.402878	C#2	64	87	1	-4
335	92.684130	94.115050	G#2	64	87	1	-2
336	93.078867	93.256498	G#3	64	94	1	-5
337	93.473603	94.366695	G#3	64	94	1	-5
338	93.473603	94.402879	E4	64	94	0	5
339	94.263076	94.883141	G#2	64	73	1	-2
340	94.657813	95.384786	G#3	64	95	1	-5
341	94.657813	95.399588	C#4	64	97	0	2
342	95.052549	95.401233	G#2	64	86	1	-2
343	95.447286	95.695641	C#5	64	98	0	4
344	95.447286	95.633141	G#3	64	94	1	-5
345	95.447286	95.927548	C#4	64	96	0	2
346	95.447286	96.545969	C#3	64	101	1	-2
347	95.842022	96.121627	C#5	64	100	0	4
348	95.842022	96.279522	G#3	64	90	1	-5
349	96.236759	96.513074	C#5	64	98	0	4
350	96.236759	96.927548	E4	64	100	0	5
351	96.631495	96.876561	C#5	64	99	0	4
352	96.631495	96.888074	G#3	64	100	1	-5
353	96.828863	96.865048	G#2	64	55	1	-2
354	97.026232	97.662744	B4	64	100	0	2
355	97.026232	97.470310	B3	64	96	1	-2
356	97.026232	97.475244	G#3	64	93	1	-5
357	97.026232	98.044323	G#2	64	95	1	-2
358	97.420968	98.027876	D#3	64	95	1	-5
359	97.815705	98.549257	G#4	64	97	0	4
360	97.815705	97.963731	G#3	64	93	1	-5
361	97.815705	98.077218	B3	64	98	1	-2
362	97.815705	98.340375	D#4	64	96	0	4
363	98.210441	98.346954	G#3	64	95	1	-5
364	98.605178	99.789387	F#4	64	97	0	2
365	98.605178	99.059125	A3	64	86	1	-4
366	98.605178	99.320638	F#3	64	83	1	-2
367	98.605178	101.131491	F#2	64	94	1	-4
368	98.999914	101.100241	C#3	64	81	1	-2
369	99.394651	99.565703	A3	64	94	1	-4
370	99.394651	99.823927	C#4	64	95	0	2
371	99.789387	100.121624	G#4	64	96	0	4
372	99.789387	100.274584	F#3	64	94	1	-2
373	100.184124	100.873268	F#4	64	98	0	2
374	100.184124	100.641360	F#4	64	99	0	2
375	100.578860	100.832149	F#3	64	95	1	-2
376	100.973597	101.666030	G#4	64	98	0	4
377	100.973597	101.384781	A3	64	99	1	-4
378	100.973597	101.393004	F#3	64	97	1	-2
379	100.973597	101.471952	C#4	64	98	0	2
380	101.368333	101.659451	F#2	64	95	1	-4
381	101.763070	102.029517	B4	64	96	0	2
382	101.763070	102.126556	B3	64	89	1	-2
383	101.763070	102.166030	G#3	64	88	1	-5
384	101.763070	104.332146	G#2	64	99	1	-2
385	102.157806	102.420964	B4	64	98	0	2
386	102.157806	104.291028	D#3	64	84	1	-5
387	102.552543	102.818990	B4	64	98	0	2
388	102.552543	102.697279	G#3	64	92	1	-5
389	102.552543	102.717016	B3	64	100	1	-2
390	102.552543	102.730174	D#4	64	100	0	4
391	102.947279	103.218661	B4	64	99	0	2
392	102.947279	103.430831	G#3	64	94	1	-5
393	103.342016	103.986752	B4	64	98	0	2
394	103.342016	103.453858	G#4	64	94	0	4
395	103.342016	103.761423	B3	64	94	1	-2
396	103.342016	103.784450	D#4	64	96	0	4
397	103.736752	104.009778	G#3	64	86	1	-5
398	104.131489	104.805830	G#4	64	99	0	4
399	104.131489	104.251554	G#3	64	92	1	-5
400	104.131489	104.353528	B3	64	97	1	-2
401	104.131489	104.397936	D#4	64	98	0	4
402	104.526225	104.763067	G#2	64	96	1	-2
403	104.920962	105.840369	F#4	64	95	0	2
404	104.920962	105.414382	A3	64	83	1	-4
405	104.920962	105.440698	F#3	64	90	1	-2
406	104.920962	107.184118	F#2	64	96	1	-4
407	105.315698	107.208789	C#3	64	85	1	-2
408	105.710435	105.999908	A3	64	90	1	-4
409	105.710435	106.170961	C#4	64	93	0	2
410	106.105171	106.388066	G#4	64	96	0	4
411	106.105171	106.559118	F#3	64	87	1	-2
412	106.499908	107.189052	F#4	64	94	0	2
413	106.499908	106.853526	F#4	64	96	0	2
414	106.894644	107.366683	F#3	64	95	1	-2
415	107.289381	107.909446	E4	64	97	0	5
416	107.289381	107.603525	F#2	64	95	1	-4
417	107.289381	107.636420	C#4	64	95	0	2
418	107.289381	107.710433	A3	64	90	1	-4
419	107.684117	107.817341	F#3	64	92	1	-2
420	108.078854	108.366682	C#4	64	100	0	2
421	108.078854	108.289380	E3	64	88	1	-4
422	108.078854	108.583787	A3	64	86	1	-4
423	108.078854	109.480168	A2	64	95	1	-1
424	108.473590	108.749906	C#4	64	94	0	2
425	108.473590	108.892998	E3	64	83	1	-4
426	108.868327	109.119971	C#4	64	96	0	2
427	108.868327	109.312405	C#4	64	97	0	2
428	109.263063	109.499905	C#4	64	99	0	2
429	109.263063	109.763063	E3	64	89	1	-4
430	109.657800	110.332141	C#4	64	101	0	2
431	109.657800	110.111747	A3	64	90	1	-4
432	109.657800	110.592009	A2	64	88	1	-1
433	110.052536	110.522931	E3	64	88	1	-4
434	110.447273	111.100233	E4	64	101	0	5
435	110.447273	110.672601	A3	64	98	1	-4
436	110.447273	110.869970	C#4	64	90	0	2
437	110.842009	111.218654	A2	64	108	1	-1
438	111.236746	111.486745	F#4	64	90	0	2
439	111.236746	111.443982	F#3	64	89	1	-2
440	111.236746	111.670956	B3	64	91	1	-2
441	111.236746	113.935757	B2	64	108	1	-4
442	111.631482	111.906153	F#4	64	92	0	2
443	111.631482	112.083784	F#3	64	94	1	-2
444	112.026219	112.314047	F#4	64	95	0	2
445	112.026219	112.198916	B3	64	95	1	-2
446	112.026219	112.249903	D#4	64	97	0	4
447	112.420955	112.651218	F#4	64	94	0	2
448	112.420955	112.578850	F#3	64	84	1	-2
449	112.815692	113.633125	F#4	64	95	0	2
450	112.815692	113.036086	F#3	64	92	1	-2
451	112.815692	113.286086	B3	64	94	1	-2
452	113.210428	113.685757	F#3	64	90	1	-2
453	113.605165	114.291019	G#4	64	95	0	4
454	113.605165	113.878191	B3	64	98	1	-2
455	113.605165	114.017993	D#4	64	98	0	4
456	113.999901	114.126546	F#3	64	94	1	-2
457	114.394638	114.713716	C#4	64	94	0	2
458	114.394638	114.605164	E3	64	87	1	-4
459	114.394638	114.937400	A3	64	87	1	-4
460	114.394638	116.858451	A2	64	98	1	-1
461	114.789374	115.050887	C#4	64	90	0	2
462	114.789374	115.254834	E3	64	89	1	-4
463	115.184111	115.470295	C#4	64	95	0	2
464	115.184111	115.445624	C#4	64	95	0	2
465	115.184111	115.549242	A3	64	94	1	-4
466	115.578847	115.860097	C#4	64	96	0	2
467	115.578847	115.731808	E3	64	88	1	-4
468	115.973584	116.776215	C#4	64	98	0	2
469	115.973584	116.098584	E3	64	86	1	-4
470	115.973584	116.450557	A3	64	95	1	-4
471	116.368320	116.532794	E3	64	82	1	-4
472	116.763057	117.462069	E4	64	97	0	5
473	116.763057	116.986741	E3	64	93	1	-4
474	116.763057	117.220293	A3	64	96	1	-4
475	116.763057	117.300885	C#4	64	94	0	2
476	117.552530	120.152856	C#4	64	95	0	2
477	117.552530	117.779503	G#3	64	86	1	-5
478	117.552530	117.978516	C#4	64	92	0	2
479	117.552530	118.593647	C#2	64	99	1	-4
480	117.947266	118.429174	G#3	64	89	1	-5
481	118.342003	118.825555	C#4	64	95	0	2
482	118.736739	119.009765	G#3	64	89	1	-5
483	119.131476	119.605159	C#4	64	97	0	2
484	119.131476	119.654502	E4	64	95	0	5
485	119.526212	120.590356	G#3	64	79	1	-5
486	119.920949	120.664369	C#4	64	96	0	2
487	119.920949	120.697264	E4	64	95	0	5
488	120.315685	120.712066	B2	64	108	1	-4
489	120.710422	120.958777	C#5	64	98	0	4
490	120.710422	120.896277	G#3	64	94	1	-5
491	120.710422	121.190684	C#4	64	96	0	2
492	120.710422	121.809105	C#3	64	101	1	-2
493	121.105158	121.384763	C#5	64	100	0	4
494	121.105158	121.542658	G#3	64	90	1	-5
495	121.499895	121.776210	C#5	64	98	0	4
496	121.499895	122.190684	E4	64	100	0	5
497	121.894631	122.139697	C#5	64	99	0	4
498	121.894631	121.930815	G#2	64	55	1	-2
499	121.894631	122.151210	G#3	64	100	1	-5
500	122.289368	122.925880	B4	64	100	0	2
501	122.289368	122.733446	B3	64	96	1	-2
502	122.289368	122.738380	G#3	64	93	1	-5
503	122.289368	123.307459	G#2	64	95	1	-2
504	122.684104	123.291012	D#3	64	95	1	-5
505	123.078841	123.812393	G#4	64	97	0	4
506	123.078841	123.226867	G#3	64	93	1	-5
507	123.078841	123.340354	B3	64	98	1	-2
508	123.078841	123.603511	D#4	64	96	0	4
509	123.473577	123.610090	G#3	64	95	1	-5
510	123.868314	125.052523	F#4	64	97	0	2
511	123.868314	124.322261	A3	64	86	1	-4
512	123.868314	124.583774	F#3	64	83	1	-2
513	123.868314	126.394627	F#2	64	94	1	-4
514	124.263050	126.363377	C#3	64	81	1	-2
515	124.657787	124.828839	A3	64	94	1	-4
516	124.657787	125.087063	C#4	64	95	0	2
517	125.052523	125.384760	G#4	64	96	0	4
518	125.052523	125.537720	F#3	64	94	1	-2
519	125.447260	126.136404	F#4	64	98	0	2
520	125.447260	125.904496	F#4	64	99	0	2
521	125.841996	126.095285	F#3	64	95	1	-2
522	126.236733	126.929166	G#4	64	98	0	4
523	126.236733	126.647917	A3	64	99	1	-4
524	126.236733	126.656140	F#3	64	97	1	-2
525	126.236733	126.735088	C#4	64	98	0	2
526	126.631469	126.922587	F#2	64	95	1	-4
527	127.026206	127.292653	B4	64	96	0	2
528	127.026206	127.389692	B3	64	89	1	-2
529	127.026206	127.429166	G#3	64	88	1	-5
530	127.026206	129.595282	G#2	64	99	1	-2
531	127.420942	127.684100	B4	64	98	0	2
532	127.420942	129.554164	D#3	64	84	1	-5
533	127.815679	128.082126	B4	64	98	0	2
534	127.815679	127.960415	G#3	64	92	1	-5
535	127.815679	127.980152	B3	64	100	1	-2
536	127.815679	127.993310	D#4	64	100	0	4
537	128.210415	128.481797	B4	64	99	0	2
538	128.210415	128.693967	G#3	64	94	1	-5
539	128.605152	129.249888	B4	64	98	0	2
540	128.605152	128.716994	G#4	64	94	0	4
541	128.605152	129.024559	B3	64	94	1	-2
542	128.605152	129.047586	D#4	64	96	0	4
543	128.999888	129.272914	G#3	64	86	1	-5
544	129.394625	130.068966	G#4	64	99	0	4
545	129.394625	129.514690	G#3	64	92	1	-5
546	129.394625	129.616664	B3	64	97	1	-2
547	129.394625	129.661072	D#4	64	98	0	4
548	129.789361	130.026203	G#2	64	96	1	-2
549	130.184098	131.103505	F#4	64	95	0	2
550	130.184098	130.677518	A3	64	83	1	-4
551	130.184098	130.703834	F#3	64	90	1	-2
552	130.184098	132.447254	F#2	64	96	1	-4
553	130.578834	132.471925	C#3	64	85	1	-2
554	130.973571	131.263044	A3	64	90	1	-4
555	130.973571	131.434097	C#4	64	93	0	2
556	131.368307	131.651202	G#4	64	96	0	4
557	131.368307	131.822254	F#3	64	87	1	-2
558	131.763044	132.452188	F#4	64	94	0	2
559	131.763044	132.116662	F#4	64	96	0	2
560	132.157780	132.629819	F#3	64	95	1	-2
561	132.552517	133.172582	E4	64	97	0	5
562	132.552517	132.866661	F#2	64	95	1	-4
563	132.552517	132.899556	C#4	64	95	0	2
564	132.552517	132.973569	A3	64	90	1	-4
565	132.947253	133.080477	F#3	64	92	1	-2
566	133.341990	133.629818	C#4	64	100	0	2
567	133.341990	133.552516	E3	64	88	1	-4
568	133.341990	133.846923	A3	64	86	1	-4
569	133.341990	134.743304	A2	64	95	1	-1
570	133.736726	134.013042	C#4	64	94	0	2
571	133.736726	134.156134	E3	64	83	1	-4
572	134.131463	134.383107	C#4	64	96	0	2
573	134.131463	134.575541	C#4	64	97	0	2
574	134.526199	134.763041	C#4	64	99	0	2
575	134.526199	135.026199	E3	64	89	1	-4
576	134.920936	135.595277	C#4	64	101	0	2
577	134.920936	135.374883	A3	64	90	1	-4
578	134.920936	135.855145	A2	64	88	1	-1
579	135.315672	135.786067	E3	64	88	1	-4
580	135.710409	136.363369	E4	64	101	0	5
581	135.710409	135.935737	A3	64	98	1	-4
582	135.710409	136.133106	C#4	64	90	0	2
583	136.105145	136.481790	A2	64	108	1	-1
584	136.499882	136.749881	F#4	64	90	0	2
585	136.499882	136.707118	F#3	64	89	1	-2
586	136.499882	136.934092	B3	64	91	1	-2
587	136.499882	139.198893	B2	64	108	1	-4
588	136.894618	137.169289	F#4	64	92	0	2
589	136.894618	137.346920	F#3	64	94	1	-2
590	137.289355	137.577183	F#4	64	95	0	2
591	137.289355	137.462052	B3	64	95	1	-2
592	137.289355	137.513039	D#4	64	97	0	4
593	137.684091	137.914354	F#4	64	94	0	2
594	137.684091	137.841986	F#3	64	84	1	-2
595	138.078828	138.896261	F#4	64	95	0	2
596	138.078828	138.299222	F#3	64	92	1	-2
597	138.078828	138.549222	B3	64	94	1	-2
598	138.473564	138.948893	F#3	64	90	1	-2
599	138.868301	139.554155	G#4	64	95	0	4
600	138.868301	139.141327	B3	64	98	1	-2
601	138.868301	139.281129	D#4	64	98	0	4
602	139.263037	139.389682	F#3	64	94	1	-2
603	139.657774	139.976852	B4	64	94	0	2
604	139.657774	140.139681	D#4	64	94	0	4
605	139.657774	140.141326	G#3	64	87	1	-5
606	139.657774	140.164352	B3	64	88	1	-2
607	139.657774	142.825534	G#2	64	95	1	-2
608	140.052510	140.314023	B4	64	90	0	2
609	140.052510	140.636391	D#3	64	88	1	-5
610	140.447247	140.733431	B4	64	95	0	2
611	140.447247	140.975207	G#3	64	100	1	-5
612	140.841983	141.123233	B4	64	96	0	2
613	140.841983	141.338693	D#3	64	87	1	-5
614	141.236720	142.039351	B4	64	98	0	2
615	141.236720	141.710404	D#4	64	95	0	4
616	141.236720	141.712048	B3	64	92	1	-2
617	141.236720	141.759746	G#3	64	91	1	-5
618	141.631456	142.215337	D#3	64	84	1	-5
619	142.026193	142.420929	G#4	64	97	0	4
620	142.026193	142.840337	B3	64	94	1	-2
621	142.026193	142.840337	D#4	64	96	0	4
622	142.420929	145.415992	C#5	64	95	0	4
623	142.420929	142.835403	D#3	64	95	1	-5
624	142.815666	142.817310	G#3	64	86	1	-5
625	142.815666	143.241652	C#4	64	92	0	2
626	142.815666	143.856783	C#2	64	99	1	-4
627	143.210402	143.692310	G#3	64	89	1	-5
628	143.605139	144.088691	C#4	64	95	0	2
629	143.999875	144.272901	G#3	64	89	1	-5
630	144.394612	144.868296	C#4	64	97	0	2
631	144.394612	144.917638	E4	64	95	0	5
632	144.789348	145.853492	G#3	64	79	1	-5
633	145.184085	145.927505	C#4	64	96	0	2
634	145.184085	145.960400	E4	64	95	0	5
635	145.578821	145.975202	B2	64	108	1	-4
636	145.973558	146.567307	G#3	64	90	1	-5
637	145.973558	146.588689	C#4	64	94	0	2
638	145.973558	148.182437	C#2	64	98	1	-4
639	146.368294	147.713688	G#2	64	77	1	-2
640	146.763031	147.341978	G#3	64	100	1	-5
641	147.157767	147.383096	C#4	64	96	0	2
642	147.552504	148.077174	C#4	64	96	0	2
643	147.552504	148.085398	G#3	64	93	1	-5
644	147.552504	148.091977	E4	64	94	0	5
645	147.947240	148.272898	G#2	64	80	1	-2
646	148.341977	148.417635	E4	64	85	0	5
647	148.341977	148.424213	C#4	64	89	0	2
648	148.341977	148.521253	G#3	64	94	1	-5
649	148.736713	149.677502	A3	64	83	1	-4
650	148.736713	149.705462	C#4	64	93	0	2
651	148.736713	150.075528	A2	64	96	1	-1
652	149.526186	150.116646	E3	64	76	1	-4
653	149.920923	150.072238	A3	64	88	1	-4
654	149.920923	150.083752	C#4	64	90	0	2
655	149.920923	150.162699	E4	64	85	0	5
656	150.315659	151.343619	B3	64	86	1	-2
657	150.315659	152.325526	D#4	64	89	0	4
658	150.315659	152.365000	B2	64	101	1	-4
659	151.105132	152.335394	F#3	64	84	1	-2
660	151.499869	152.332105	F#4	64	91	0	2
661	151.894605	152.350197	B3	64	88	1	-2
662	152.289342	152.781118	C#4	64	91	0	2
663	152.289342	153.131446	G#4	64	90	0	4
664	152.289342	154.835392	C#2	64	97	1	-4
665	152.684078	154.789340	G#2	64	83	1	-2
666	153.078815	153.241644	C#4	64	101	0	2
667	153.473551	153.679143	C#4	64	92	0	2
668	153.473551	153.685722	E4	64	95	0	5
669	154.263024	154.417629	C#4	64	88	0	2
670	154.657761	154.792629	C#4	64	95	0	2
671	154.657761	155.105129	E4	64	101	0	5
672	154.657761	155.169273	G#4	64	100	0	4
673	155.052497	155.184076	C#4	64	86	0	2
674	155.447234	155.950523	B3	64	94	1	-2
675	155.447234	156.323878	G#4	64	90	0	4
676	155.447234	157.924205	B2	64	95	1	-4
677	155.841970	157.082101	F#3	64	85	1	-2
678	156.236707	156.488351	B3	64	89	1	-2
679	156.631443	156.965324	B3	64	96	1	-2
680	156.631443	157.384732	G#4	64	94	0	4
681	157.420916	157.894600	F#3	64	82	1	-2
682	157.815653	158.073876	B3	64	97	1	-2
683	157.815653	158.156113	G#4	64	94	0	4
684	158.605126	159.040981	A3	64	86	1	-4
685	158.605126	159.328809	E4	64	90	0	5
686	158.605126	160.044269	A2	64	88	1	-1
687	158.999862	159.988348	E3	64	82	1	-4
688	159.394599	159.580454	A3	64	84	1	-4
689	159.789335	160.633084	E4	64	94	0	5
690	159.789335	160.689005	A3	64	96	1	-4
691	160.578808	161.427492	E3	64	81	1	-4
692	160.973545	161.139663	A3	64	95	1	-4
693	160.973545	161.435715	C#4	64	94	0	2
694	160.973545	161.600189	E4	64	94	0	5
695	161.368281	161.537689	A3	64	91	1	-4
696	161.763018	162.136373	B3	64	89	1	-2
697	161.763018	162.384728	E4	64	94	0	5
698	161.763018	162.595254	E3	64	87	1	-4
699	162.157754	162.623214	G#3	64	88	1	-5
700	162.552491	163.205451	B3	64	105	1	-2
701	162.947227	163.213674	E4	64	94	0	5
702	163.341964	163.606766	B3	64	89	1	-2
703	163.341964	163.815648	E4	64	94	0	5
704	163.341964	163.866634	G#4	64	90	0	4
705	163.341964	164.294266	E2	64	93	1	-1
706	163.736700	164.198871	B3	64	94	1	-2
707	164.131437	164.478476	E4	64	97	0	5
708	164.131437	164.582094	G#4	64	100	0	4
709	164.526173	164.646239	B3	64	94	1	-2
710	164.920910	165.165975	E3	64	82	1	-4
711	164.920910	165.432422	A3	64	82	1	-4
712	164.920910	167.478473	A2	64	88	1	-1
713	165.315646	166.309066	E3	64	89	1	-4
714	165.710383	165.994922	A3	64	96	1	-4
715	166.105119	166.950513	A3	64	88	1	-4
716	166.105119	167.091960	E4	64	92	0	5
717	166.894592	167.147881	E3	64	83	1	-4
718	167.289329	167.435710	E3	64	93	1	-4
719	167.289329	167.766302	A3	64	96	1	-4
720	167.289329	167.879789	C#4	64	94	0	2
721	167.684065	167.837026	E3	64	88	1	-4
722	168.078802	168.567288	A3	64	85	1	-4
723	168.078802	168.575512	F#3	64	89	1	-2
724	168.078802	168.736696	C#4	64	93	0	2
725	168.078802	170.937352	F#2	64	94	1	-4
726	168.473538	170.716957	C#3	64	86	1	-2
727	168.868275	169.047551	F#3	64	94	1	-2
728	169.263011	169.437353	F#3	64	96	1	-2
729	169.263011	169.488340	C#4	64	94	0	2
730	170.052484	170.251497	F#3	64	84	1	-2
731	170.447221	170.605115	F#3	64	90	1	-2
732	170.447221	170.771234	A3	64	90	1	-4
733	170.447221	171.026168	C#4	64	96	0	2
734	170.841957	170.999852	F#3	64	94	1	-2
735	171.236694	171.697220	G#3	64	89	1	-5
736	171.236694	171.894588	B3	64	89	1	-2
737	171.236694	173.777810	G#2	64	95	1	-2
738	171.631430	172.981758	D#3	64	85	1	-5
739	172.026167	172.177482	G#3	64	95	1	-5
740	172.420903	172.629785	G#3	64	96	1	-5
741	172.420903	172.687350	D#4	64	96	0	4
742	172.815640	173.371560	B3	64	88	1	-2
743	172.815640	173.391297	G#3	64	85	1	-5
744	173.210376	173.835376	D#3	64	87	1	-5
745	173.605113	173.843599	G#3	64	93	1	-5
746	173.605113	173.874849	B3	64	100	1	-2
747	173.605113	173.920902	D#4	64	96	0	4
748	173.999849	174.154454	G#2	64	95	1	-2
749	174.394586	174.614980	G#3	64	85	1	-5
750	174.394586	174.873204	C#4	64	89	0	2
751	174.394586	177.534386	C#2	64	96	1	-4
752	174.789322	175.313993	G#3	64	82	1	-5
753	175.184059	175.348532	C#4	64	85	0	2
754	175.578795	176.560702	E4	64	91	0	5
755	175.578795	176.588663	G#3	64	90	1	-5
756	176.368268	176.583729	D#4	64	87	0	4
757	176.763005	177.567280	B3	64	94	1	-2
758	177.157741	177.526162	G#3	64	81	1	-5
759	177.552478	177.782741	E4	64	93	0	5
760	177.552478	177.888004	C#4	64	87	0	2
761	177.552478	178.062346	E4	64	88	0	5
762	177.552478	180.151160	C#2	64	95	1	-4
763	177.947214	178.179122	E4	64	92	0	5
764	177.947214	179.254779	G#2	64	81	1	-2
765	178.341951	178.621556	E4	64	96	0	5
766	178.341951	178.555766	G#3	64	86	1	-5
767	178.736687	178.998200	E4	64	98	0	5
768	178.736687	179.513002	G#3	64	94	1	-5
769	178.736687	179.517937	C#4	64	94	0	2
770	178.736687	179.536029	E4	64	94	0	5
771	179.131424	179.833726	E4	64	96	0	5
772	179.526160	180.162673	G#2	64	67	1	-2
773	179.920897	180.662672	C#4	64	100	0	2
774	179.920897	180.091949	G#3	64	93	1	-5
775	179.920897	180.386357	C#4	64	95	0	2
776	180.315633	180.516291	G#3	64	86	1	-5
777	180.710370	181.758066	B3	64	98	1	-2
778	180.710370	181.144580	G#3	64	88	1	-5
779	180.710370	181.180764	B3	64	88	1	-2
780	180.710370	183.244907	G#2	64	93	1	-2
781	181.105106	182.047540	D#3	64	81	1	-5
782	181.499843	181.925829	G#3	64	85	1	-5
783	181.894579	182.147868	B3	64	89	1	-2
784	182.289316	183.009710	B3	64	98	1	-2
785	182.289316	182.716947	D#4	64	95	0	4
786	182.289316	182.795894	B3	64	95	1	-2
787	182.289316	182.815631	G#3	64	89	1	-5
788	182.684052	183.294249	D#3	64	80	1	-5
789	183.078789	183.871551	C#4	64	94	0	2
790	183.078789	183.238328	B3	64	91	1	-2
791	183.078789	183.251486	G#3	64	90	1	-5
792	183.868262	184.151156	E4	64	92	0	5
793	183.868262	184.322209	A3	64	80	1	-4
794	183.868262	184.817274	C#4	64	89	0	2
795	183.868262	186.476812	A2	64	89	1	-1
796	184.262998	184.493261	E4	64	95	0	5
797	184.262998	186.457075	E3	64	82	1	-4
798	184.657735	184.891287	E4	64	97	0	5
799	184.657735	184.881419	A3	64	71	1	-4
800	185.052471	185.286024	E4	64	103	0	5
801	185.052471	185.618260	A3	64	91	1	-4
802	185.052471	185.917602	E4	64	94	0	5
803	185.447208	186.185694	E4	64	98	0	5
804	186.236681	186.434049	F#4	64	94	0	2
805	186.236681	186.470233	A3	64	92	1	-4
806	186.236681	186.544246	C#4	64	95	0	2
807	186.631417	188.792600	G#4	64	98	0	4
808	187.026154	187.473522	G#3	64	88	1	-5
809	187.026154	187.833719	B3	64	90	1	-2
810	187.026154	189.669244	E2	64	92	1	-1
811	187.420890	189.631415	B2	64	84	1	-4
812	187.815627	188.458718	G#3	64	95	1	-5
813	188.210363	188.481745	B3	64	105	1	-2
814	188.605100	188.817271	G#3	64	89	1	-5
815	188.605100	189.754770	E4	64	94	0	5
816	189.394573	189.710362	B3	64	96	1	-2
817	190.184046	190.445559	F#4	64	96	0	2
818	190.184046	191.083716	F#3	64	89	1	-2
819	190.184046	192.414307	C#4	64	89	0	2
820	190.184046	193.047530	F#2	64	90	1	-4
821	190.578782	190.794243	F#4	64	94	0	2
822	190.578782	193.093583	C#3	64	95	1	-2
823	190.973519	191.223518	F#4	64	95	0	2
824	190.973519	192.407728	A3	64	98	1	-4
825	191.368255	191.611676	F#4	64	95	0	2
826	191.368255	191.822202	F#3	64	88	1	-2
827	191.762992	192.457070	F#4	64	97	0	2
828	191.762992	192.383057	F#4	64	91	0	2
829	192.157728	192.652794	F#3	64	74	1	-2
830	192.552465	192.947201	E4	64	98	0	5
831	192.552465	192.935688	A3	64	84	1	-4
832	192.552465	193.085359	F#4	64	89	0	2
833	192.552465	193.142925	C#4	64	94	0	2
834	192.947201	194.443910	G#4	64	96	0	4
835	193.341938	193.864964	G#3	64	85	1	-5
836	193.341938	194.184042	D#4	64	94	0	4
837	193.341938	196.139633	G#2	64	94	1	-2
838	193.736674	194.766279	D#3	64	87	1	-5
839	194.131411	195.466936	G#3	64	96	1	-5
840	194.526147	195.511344	D#4	64	99	0	4
841	194.920884	195.639633	G#4	64	96	0	4
842	195.315620	196.095225	D#3	64	90	1	-5
843	195.710357	196.360027	F#4	64	97	0	2
844	195.710357	195.920883	G#3	64	90	1	-5
845	195.710357	196.114962	B3	64	98	1	-2
846	196.499830	196.761343	G#4	64	96	0	4
847	196.499830	196.618251	G#3	64	85	1	-5
848	196.499830	197.341934	D#4	64	94	0	4
849	196.499830	199.297525	G#2	64	94	1	-2
850	196.894566	197.165948	G#4	64	89	0	4
851	196.894566	197.924171	D#3	64	87	1	-5
852	197.289303	197.550816	G#4	64	98	0	4
853	197.289303	198.624828	G#3	64	96	1	-5
854	197.684039	197.991605	G#4	64	96	0	4
855	197.684039	198.669236	D#4	64	99	0	4
856	198.078776	198.698841	G#4	64	99	0	4
857	198.473512	199.253117	D#3	64	90	1	-5
858	198.868249	199.169235	B4	64	98	0	2
859	198.868249	199.078775	G#3	64	90	1	-5
860	198.868249	199.272854	B3	64	98	1	-2
861	199.262985	202.550811	C#5	64	101	0	4
862	199.657722	199.776143	G#3	64	85	1	-5
863	199.657722	200.496537	C#4	64	89	0	2
864	199.657722	202.771206	C#2	64	87	1	-4
865	200.052458	201.483378	G#2	64	87	1	-2
866	200.447195	200.624826	G#3	64	94	1	-5
867	200.841931	201.735023	G#3	64	94	1	-5
868	200.841931	201.771207	E4	64	94	0	5
869	201.631404	202.251469	G#2	64	73	1	-2
870	202.026141	202.753114	G#3	64	95	1	-5
871	202.026141	202.767916	C#4	64	97	0	2
872	202.420877	202.769561	G#2	64	86	1	-2
873	202.815614	203.063969	C#5	64	98	0	4
874	202.815614	203.001469	G#3	64	94	1	-5
875	202.815614	203.295876	C#4	64	96	0	2
876	202.815614	203.914297	C#3	64	101	1	-2
877	203.210350	203.489955	C#5	64	100	0	4
878	203.210350	203.647850	G#3	64	90	1	-5
879	203.605087	203.881402	C#5	64	98	0	4
880	203.605087	204.295876	E4	64	100	0	5
881	203.999823	204.244889	C#5	64	99	0	4
882	203.999823	204.256402	G#3	64	100	1	-5
883	204.197191	204.233376	G#2	64	55	1	-2
884	204.394560	205.031072	B4	64	100	0	2
885	204.394560	204.838638	B3	64	96	1	-2
886	204.394560	204.843572	G#3	64	93	1	-5
887	204.394560	205.412651	G#2	64	95	1	-2
888	204.789296	205.396204	D#3	64	95	1	-5
889	205.184033	205.917585	G#4	64	97	0	4
890	205.184033	205.332059	G#3	64	93	1	-5
891	205.184033	205.445546	B3	64	98	1	-2
892	205.184033	205.708703	D#4	64	96	0	4
893	205.578769	205.715282	G#3	64	95	1	-5
894	205.973506	207.157715	F#4	64	97	0	2
895	205.973506	206.427453	A3	64	86	1	-4
896	205.973506	206.688966	F#3	64	83	1	-2
897	205.973506	208.499819	F#2	64	94	1	-4
898	206.368242	208.468569	C#3	64	81	1	-2
899	206.762979	206.934031	A3	64	94	1	-4
900	206.762979	207.192255	C#4	64	95	0	2
901	207.157715	207.489952	G#4	64	96	0	4
902	207.157715	207.642912	F#3	64	94	1	-2
903	207.552452	208.241596	F#4	64	98	0	2
904	207.552452	208.009688	F#4	64	99	0	2
905	207.947188	208.200477	F#3	64	95	1	-2
906	208.341925	209.034358	G#4	64	98	0	4
907	208.341925	208.753109	A3	64	99	1	-4
908	208.341925	208.761332	F#3	64	97	1	-2
909	208.341925	208.840280	C#4	64	98	0	2
910	208.736661	209.027779	F#2	64	95	1	-4
911	209.131398	209.397845	B4	64	96	0	2
912	209.131398	209.494884	B3	64	89	1	-2
913	209.131398	209.534358	G#3	64	88	1	-5
914	209.131398	211.700474	G#2	64	99	1	-2
915	209.526134	209.789292	B4	64	98	0	2
916	209.526134	211.659356	D#3	64	84	1	-5
917	209.920871	210.187318	B4	64	98	0	2
918	209.920871	210.065607	G#3	64	92	1	-5
919	209.920871	210.085344	B3	64	100	1	-2
920	209.920871	210.098502	D#4	64	100	0	4
921	210.315607	210.586989	B4	64	99	0	2
922	210.315607	210.799159	G#3	64	94	1	-5
923	210.710344	211.355080	B4	64	98	0	2
924	210.710344	210.822186	G#4	64	94	0	4
925	210.710344	211.129751	B3	64	94	1	-2
926	210.710344	211.152778	D#4	64	96	0	4
927	211.105080	211.378106	G#3	64	86	1	-5
928	211.499817	212.174158	G#4	64	99	0	4
929	211.499817	211.619882	G#3	64	92	1	-5
930	211.499817	211.721856	B3	64	97	1	-2
931	211.499817	211.766264	D#4	64	98	0	4
932	211.894553	212.131395	G#2	64	96	1	-2
933	212.289290	213.208697	F#4	64	95	0	2
934	212.289290	212.782710	A3	64	83	1	-4
935	212.289290	212.809026	F#3	64	90	1	-2
936	212.289290	214.552446	F#2	64	96	1	-4
937	212.684026	214.577117	C#3	64	85	1	-2
938	213.078763	213.368236	A3	64	90	1	-4
939	213.078763	213.539289	C#4	64	93	0	2
940	213.473499	213.756394	G#4	64	96	0	4
941	213.473499	213.927446	F#3	64	87	1	-2
942	213.868236	214.557380	F#4	64	94	0	2
943	213.868236	214.221854	F#4	64	96	0	2
944	214.262972	214.735011	F#3	64	95	1	-2
945	214.657709	215.277774	E4	64	97	0	5
946	214.657709	214.971853	F#2	64	95	1	-4
947	214.657709	215.004748	C#4	64	95	0	2
948	214.657709	215.078761	A3	64	90	1	-4
949	215.052445	215.185669	F#3	64	92	1	-2
950	215.447182	215.735010	C#4	64	100	0	2
951	215.447182	215.657708	E3	64	88	1	-4
952	215.447182	215.952115	A3	64	86	1	-4
953	215.447182	216.848496	A2	64	95	1	-1
954	215.841918	216.118234	C#4	64	94	0	2
955	215.841918	216.261326	E3	64	83	1	-4
956	216.236655	216.488299	C#4	64	96	0	2
957	216.236655	216.680733	C#4	64	97	0	2
958	216.631391	216.868233	C#4	64	99	0	2
959	216.631391	217.131391	E3	64	89	1	-4
960	217.026128	217.700469	C#4	64	101	0	2
961	217.026128	217.480075	A3	64	90	1	-4
962	217.026128	217.960337	A2	64	88	1	-1
963	217.420864	217.891259	E3	64	88	1	-4
964	217.815601	218.468561	E4	64	101	0	5
965	217.815601	218.040929	A3	64	98	1	-4
966	217.815601	218.238298	C#4	64	90	0	2
967	218.210337	218.586982	A2	64	108	1	-1
968	218.605074	218.855073	F#4	64	90	0	2
969	218.605074	218.812310	F#3	64	89	1	-2
970	218.605074	219.039284	B3	64	91	1	-2
971	218.605074	221.304085	B2	64	108	1	-4
972	218.999810	219.274481	F#4	64	92	0	2
973	218.999810	219.452112	F#3	64	94	1	-2
974	219.394547	219.682375	F#4	64	95	0	2
975	219.394547	219.567244	B3	64	95	1	-2
976	219.394547	219.618231	D#4	64	97	0	4
977	219.789283	220.019546	F#4	64	94	0	2
978	219.789283	219.947178	F#3	64	84	1	-2
979	220.184020	221.001453	F#4	64	95	0	2
980	220.184020	220.404414	F#3	64	92	1	-2
981	220.184020	220.654414	B3	64	94	1	-2
982	220.578756	221.054085	F#3	64	90	1	-2
983	220.973493	221.659347	G#4	64	95	0	4
984	220.973493	221.246519	B3	64	98	1	-2
985	220.973493	221.386321	D#4	64	98	0	4
986	221.368229	221.494874	F#3	64	94	1	-2
987	221.762966	222.082044	C#4	64	94	0	2
988	221.762966	221.973492	E3	64	87	1	-4
989	221.762966	222.305728	A3	64	87	1	-4
990	221.762966	224.226779	A2	64	98	1	-1
991	222.157702	222.419215	C#4	64	90	0	2
992	222.157702	222.623162	E3	64	89	1	-4
993	222.552439	222.838623	C#4	64	95	0	2
994	222.552439	222.813952	C#4	64	95	0	2
995	222.552439	222.917570	A3	64	94	1	-4
996	222.947175	223.228425	C#4	64	96	0	2
997	222.947175	223.100136	E3	64	88	1	-4
998	223.341912	224.144543	C#4	64	98	0	2
999	223.341912	223.466912	E3	64	86	1	-4
1000	223.341912	223.818885	A3	64	95	1	-4
1001	223.736648	223.901122	E3	64	82	1	-4
1002	224.131385	224.830397	E4	64	97	0	5
1003	224.131385	224.355069	E3	64	93	1	-4
1004	224.131385	224.588621	A3	64	96	1	-4
1005	224.131385	224.669213	C#4	64	94	0	2
1006	224.920858	227.521184	C#4	64	95	0	2
1007	224.920858	225.147831	G#3	64	86	1	-5
1008	224.920858	225.346844	C#4	64	92	0	2
1009	224.920858	225.961975	C#2	64	99	1	-4
1010	225.315594	225.797502	G#3	64	89	1	-5
1011	225.710331	226.193883	C#4	64	95	0	2
1012	226.105067	226.378093	G#3	64	89	1	-5
1013	226.499804	226.973488	C#4	64	97	0	2
1014	226.499804	227.022830	E4	64	95	0	5
1015	226.894540	227.958684	G#3	64	79	1	-5
1016	227.289277	228.032697	C#4	64	96	0	2
1017	227.289277	228.065592	E4	64	95	0	5
1018	227.684013	228.080394	B2	64	108	1	-4
1019	228.078750	228.327105	C#5	64	98	0	4
1020	228.078750	228.264605	G#3	64	94	1	-5
1021	228.078750	228.559012	C#4	64	96	0	2
1022	228.078750	229.177433	C#3	64	101	1	-2
1023	228.473486	228.753091	C#5	64	100	0	4
1024	228.473486	228.910986	G#3	64	90	1	-5
1025	228.868223	229.144538	C#5	64	98	0	4
1026	228.868223	229.559012	E4	64	100	0	5
1027	229.262959	229.508025	C#5	64	99	0	4
1028	229.262959	229.299143	G#2	64	55	1	-2
1029	229.262959	229.519538	G#3	64	100	1	-5
1030	229.657696	230.294208	B4	64	100	0	2
1031	229.657696	230.101774	B3	64	96	1	-2
1032	229.657696	230.106708	G#3	64	93	1	-5
1033	229.657696	230.675787	G#2	64	95	1	-2
1034	230.052432	230.659340	D#3	64	95	1	-5
1035	230.447169	231.180721	G#4	64	97	0	4
1036	230.447169	230.595195	G#3	64	93	1	-5
1037	230.447169	230.708682	B3	64	98	1	-2
1038	230.447169	230.971839	D#4	64	96	0	4
1039	230.841905	230.978418	G#3	64	95	1	-5
1040	231.236642	232.420851	F#4	64	97	0	2
1041	231.236642	231.690589	A3	64	86	1	-4
1042	231.236642	231.952102	F#3	64	83	1	-2
1043	231.236642	233.762955	F#2	64	94	1	-4
1044	231.631378	233.731705	C#3	64	81	1	-2
1045	232.026115	232.197167	A3	64	94	1	-4
1046	232.026115	232.455391	C#4	64	95	0	2
1047	232.420851	232.753088	G#4	64	96	0	4
1048	232.420851	232.906048	F#3	64	94	1	-2
1049	232.815588	233.504732	F#4	64	98	0	2
1050	232.815588	233.272824	F#4	64	99	0	2
1051	233.210324	233.463613	F#3	64	95	1	-2
1052	233.605061	234.297494	G#4	64	98	0	4
1053	233.605061	234.016245	A3	64	99	1	-4
1054	233.605061	234.024468	F#3	64	97	1	-2
1055	233.605061	234.103416	C#4	64	98	0	2
1056	233.999797	234.290915	F#2	64	95	1	-4
1057	234.394534	234.660981	B4	64	96	0	2
1058	234.394534	234.758020	B3	64	89	1	-2
1059	234.394534	234.797494	G#3	64	88	1	-5
1060	234.394534	236.963610	G#2	64	99	1	-2
1061	234.789270	235.052428	B4	64	98	0	2
1062	234.789270	236.922492	D#3	64	84	1	-5
1063	235.184007	235.450454	B4	64	98	0	2
1064	235.184007	235.328743	G#3	64	92	1	-5
1065	235.184007	235.348480	B3	64	100	1	-2
1066	235.184007	235.361638	D#4	64	100	0	4
1067	235.578743	235.850125	B4	64	99	0	2
1068	235.578743	236.062295	G#3	64	94	1	-5
1069	235.973480	236.618216	B4	64	98	0	2
1070	235.973480	236.085322	G#4	64	94	0	4
1071	235.973480	236.392887	B3	64	94	1	-2
1072	235.973480	236.415914	D#4	64	96	0	4
1073	236.368216	236.641242	G#3	64	86	1	-5
1074	236.762953	237.437294	G#4	64	99	0	4
1075	236.762953	236.883018	G#3	64	92	1	-5
1076	236.762953	236.984992	B3	64	97	1	-2
1077	236.762953	237.029400	D#4	64	98	0	4
1078	237.157689	237.394531	G#2	64	96	1	-2
1079	237.552426	238.471833	F#4	64	95	0	2
1080	237.552426	238.045846	A3	64	83	1	-4
1081	237.552426	238.072162	F#3	64	90	1	-2
1082	237.552426	239.815582	F#2	64	96	1	-4
1083	237.947162	239.840253	C#3	64	85	1	-2
1084	238.341899	238.631372	A3	64	90	1	-4
1085	238.341899	238.802425	C#4	64	93	0	2
1086	238.736635	239.019530	G#4	64	96	0	4
1087	238.736635	239.190582	F#3	64	87	1	-2
1088	239.131372	239.820516	F#4	64	94	0	2
1089	239.131372	239.484990	F#4	64	96	0	2
1090	239.526108	239.998147	F#3	64	95	1	-2
1091	239.920845	240.540910	E4	64	97	0	5
1092	239.920845	240.234989	F#2	64	95	1	-4
1093	239.920845	240.267884	C#4	64	95	0	2
1094	239.920845	240.341897	A3	64	90	1	-4
1095	240.315581	240.448805	F#3	64	92	1	-2
1096	240.710318	240.998146	C#4	64	100	0	2
1097	240.710318	240.920844	E3	64	88	1	-4
1098	240.710318	241.215251	A3	64	86	1	-4
1099	240.710318	242.111632	A2	64	95	1	-1
1100	241.105054	241.381370	C#4	64	94	0	2
1101	241.105054	241.524462	E3	64	83	1	-4
1102	241.499791	241.751435	C#4	64	96	0	2
1103	241.499791	241.943869	C#4	64	97	0	2
1104	241.894527	242.131369	C#4	64	99	0	2
1105	241.894527	242.394527	E3	64	89	1	-4
1106	242.289264	242.963605	C#4	64	101	0	2
1107	242.289264	242.743211	A3	64	90	1	-4
1108	242.289264	243.223473	A2	64	88	1	-1
1109	242.684000	243.154395	E3	64	88	1	-4
1110	243.078737	243.731697	E4	64	101	0	5
1111	243.078737	243.304065	A3	64	98	1	-4
1112	243.078737	243.501434	C#4	64	90	0	2
1113	243.473473	243.850118	A2	64	108	1	-1
1114	243.868210	244.118209	F#4	64	90	0	2
1115	243.868210	244.075446	F#3	64	89	1	-2
1116	243.868210	244.302420	B3	64	91	1	-2
1117	243.868210	246.567221	B2	64	108	1	-4
1118	244.262946	244.537617	F#4	64	92	0	2
1119	244.262946	244.715248	F#3	64	94	1	-2
1120	244.657683	244.945511	F#4	64	95	0	2
1121	244.657683	244.830380	B3	64	95	1	-2
1122	244.657683	244.881367	D#4	64	97	0	4
1123	245.052419	245.282682	F#4	64	94	0	2
1124	245.052419	245.210314	F#3	64	84	1	-2
1125	245.447156	246.264589	F#4	64	95	0	2
1126	245.447156	245.667550	F#3	64	92	1	-2
1127	245.447156	245.917550	B3	64	94	1	-2
1128	245.841892	246.317221	F#3	64	90	1	-2
1129	246.236629	246.922483	G#4	64	95	0	4
1130	246.236629	246.509655	B3	64	98	1	-2
1131	246.236629	246.649457	D#4	64	98	0	4
1132	246.631365	246.758010	F#3	64	94	1	-2
1133	247.026102	247.345180	B4	64	94	0	2
1134	247.026102	247.508009	D#4	64	94	0	4
1135	247.026102	247.509654	G#3	64	87	1	-5
1136	247.026102	247.532680	B3	64	88	1	-2
1137	247.026102	250.193862	G#2	64	95	1	-2
1138	247.420838	247.682351	B4	64	90	0	2
1139	247.420838	248.004719	D#3	64	88	1	-5
1140	247.815575	248.101759	B4	64	95	0	2
1141	247.815575	248.343535	G#3	64	100	1	-5
1142	248.210311	248.491561	B4	64	96	0	2
1143	248.210311	248.707021	D#3	64	87	1	-5
1144	248.605048	249.407679	B4	64	98	0	2
1145	248.605048	249.078732	D#4	64	95	0	4
1146	248.605048	249.080376	B3	64	92	1	-2
1147	248.605048	249.128074	G#3	64	91	1	-5
1148	248.999784	249.583665	D#3	64	84	1	-5
1149	249.394521	249.789257	G#4	64	97	0	4
1150	249.394521	250.208665	B3	64	94	1	-2
1151	249.394521	250.208665	D#4	64	96	0	4
1152	249.789257	252.784320	C#5	64	95	0	4
1153	249.789257	250.203731	D#3	64	95	1	-5
1154	250.183994	250.185638	G#3	64	86	1	-5
1155	250.183994	250.609980	C#4	64	92	0	2
1156	250.183994	251.225111	C#2	64	99	1	-4
1157	250.578730	251.060638	G#3	64	89	1	-5
1158	250.973467	251.457019	C#4	64	95	0	2
1159	251.368203	251.641229	G#3	64	89	1	-5
1160	251.762940	252.236624	C#4	64	97	0	2
1161	251.762940	252.285966	E4	64	95	0	5
1162	252.157676	253.221820	G#3	64	79	1	-5
1163	252.552413	253.295833	C#4	64	96	0	2
1164	252.552413	253.328728	E4	64	95	0	5
1165	252.947149	253.343530	B2	64	108	1	-4
1166	253.341886	253.833662	C#4	64	91	0	2
1167	253.341886	254.183990	G#4	64	90	0	4
1168	253.341886	255.887936	C#2	64	97	1	-4
1169	253.736622	255.841884	G#2	64	83	1	-2
1170	254.131359	254.294188	C#4	64	101	0	2
1171	254.526095	254.731687	C#4	64	92	0	2
1172	254.526095	254.738266	E4	64	95	0	5
1173	255.315568	255.470173	C#4	64	88	0	2
1174	255.710305	255.845173	C#4	64	95	0	2
1175	255.710305	256.157673	E4	64	101	0	5
1176	255.710305	256.221817	G#4	64	100	0	4
1177	256.105041	256.236620	C#4	64	86	0	2
1178	256.499778	257.003067	B3	64	94	1	-2
1179	256.499778	257.376422	G#4	64	90	0	4
1180	256.499778	258.976749	B2	64	95	1	-4
1181	256.894514	258.134645	F#3	64	85	1	-2
1182	257.289251	257.540895	B3	64	89	1	-2
1183	257.683987	258.017868	B3	64	96	1	-2
1184	257.683987	258.437276	G#4	64	94	0	4
1185	258.473460	258.947144	F#3	64	82	1	-2
1186	258.868197	259.126420	B3	64	97	1	-2
1187	258.868197	259.208657	G#4	64	94	0	4
1188	259.657670	260.093525	A3	64	86	1	-4
1189	259.657670	260.381353	E4	64	90	0	5
1190	259.657670	261.096813	A2	64	88	1	-1
1191	260.052406	261.040892	E3	64	82	1	-4
1192	260.447143	260.632998	A3	64	84	1	-4
1193	260.841879	261.685628	E4	64	94	0	5
1194	260.841879	261.741549	A3	64	96	1	-4
1195	261.631352	262.480036	E3	64	81	1	-4
1196	262.026089	262.192207	A3	64	95	1	-4
1197	262.026089	262.488259	C#4	64	94	0	2
1198	262.026089	262.652733	E4	64	94	0	5
1199	262.420825	262.590233	A3	64	91	1	-4
1200	262.815562	263.188917	B3	64	89	1	-2
1201	262.815562	263.437272	E4	64	94	0	5
1202	262.815562	263.647798	E3	64	87	1	-4
1203	263.210298	263.675758	G#3	64	88	1	-5
1204	263.605035	264.257995	B3	64	105	1	-2
1205	263.999771	264.266218	E4	64	94	0	5
1206	264.394508	264.659310	B3	64	89	1	-2
1207	264.394508	264.868192	E4	64	94	0	5
1208	264.394508	264.919178	G#4	64	90	0	4
1209	264.394508	265.346810	E2	64	93	1	-1
1210	264.789244	265.251415	B3	64	94	1	-2
1211	265.183981	265.531020	E4	64	97	0	5
1212	265.183981	265.634638	G#4	64	100	0	4
1213	265.578717	265.698783	B3	64	94	1	-2
1214	265.973454	266.453716	G#3	64	87	1	-5
1215	265.973454	266.730032	C#4	64	90	0	2
1216	265.973454	268.781017	C#2	64	96	1	-4
1217	266.368190	268.749767	G#2	64	83	1	-2
1218	266.762927	267.307334	G#3	64	93	1	-5
1219	267.157663	267.378058	C#4	64	83	0	2
1220	267.552400	268.136281	C#4	64	89	0	2
1221	267.552400	268.157662	G#3	64	83	1	-5
1222	268.341873	268.504702	G#3	64	86	1	-5
1223	268.736609	269.406017	G#3	64	88	1	-5
1224	268.736609	269.947134	C#4	64	94	0	2
1225	269.131346	271.424107	A2	64	95	1	-1
1226	269.526082	271.366541	E3	64	80	1	-4
1227	269.920819	270.174108	A3	64	85	1	-4
1228	270.315555	271.361607	A3	64	85	1	-4
1229	270.315555	271.389567	E4	64	87	0	5
1230	272.498119	274.873117	C#2	64	96	1	-4
1231	272.680685	273.799105	G#3	64	81	1	-5
1232	272.683974	274.846801	G#2	64	78	1	-2
1233	272.817198	273.805684	C#4	64	86	0	2
1234	272.891211	273.874763	E4	64	83	0	5
