//Version: PianoFingering_v170101
0	0.279762	5.752970	C5	64	87	0	3
1	0.279762	5.766363	G4	64	89	0	3
2	0.279762	5.782732	D#4	64	84	0	4
3	0.279762	5.824399	C3	64	86	1	-3
4	5.994042	11.467250	C5	64	87	0	3
5	5.994042	11.480643	G4	64	89	0	3
6	5.994042	11.497012	D#4	64	84	0	4
7	5.994042	11.538679	C3	64	86	1	-3
8	11.708322	12.122012	C5	64	88	0	3
9	11.708322	12.197904	G4	64	91	0	3
10	11.708322	12.206833	D#4	64	86	0	4
11	11.708322	12.772309	C3	64	87	1	-3
12	12.065464	12.766356	G3	64	70	1	-1
13	12.422607	12.791654	D#4	64	95	0	4
14	12.422607	12.979154	C5	64	93	0	3
15	12.779749	13.132427	C4	64	84	0	1
16	13.136892	13.691951	C5	64	88	0	3
17	13.136892	13.715760	G#4	64	95	0	4
18	13.136892	13.718736	F4	64	87	0	1
19	13.136892	14.266355	F3	64	88	1	-3
20	13.851177	14.270819	G#4	64	95	0	4
21	13.851177	14.272307	C5	64	88	0	3
22	13.851177	14.284212	F4	64	91	0	1
23	14.565462	14.965759	A#4	64	82	0	1
24	14.565462	15.001473	D4	64	86	0	3
25	14.565462	15.019330	F4	64	89	0	1
26	14.565462	15.614568	A#2	64	85	1	-5
27	14.922604	15.342247	A#3	64	77	1	-3
28	15.279747	15.623496	A#4	64	86	0	1
29	15.279747	15.647306	F4	64	96	0	1
30	15.279747	15.659211	D4	64	91	0	3
31	15.636889	15.766353	A#3	64	84	1	-3
32	15.994032	17.126471	D#3	64	103	1	-5
33	16.351174	16.790162	D#4	64	86	0	4
34	16.708317	17.394328	A#4	64	116	0	1
35	16.708317	17.409209	G4	64	107	0	3
36	17.065459	17.151769	D#4	64	97	0	4
37	17.422602	17.867542	C4	64	91	0	1
38	17.422602	17.867542	D#4	64	100	0	4
39	17.422602	18.480636	G#2	64	93	1	-2
40	17.779744	18.171113	G#3	64	81	1	-5
41	18.136887	18.645815	C4	64	94	0	1
42	18.136887	18.653255	D#4	64	113	0	4
43	18.494029	18.718731	G#3	64	82	1	-5
44	18.851172	19.288671	F4	64	104	0	1
45	18.851172	19.310993	D4	64	107	0	3
46	18.851172	19.961290	A#2	64	90	1	-5
47	19.208314	19.602659	A#3	64	84	1	-3
48	19.565457	20.028254	F4	64	110	0	1
49	19.565457	20.223194	D4	64	114	0	3
50	19.922599	20.056528	A#3	64	85	1	-3
51	20.279742	20.694920	C4	64	88	0	1
52	20.279742	20.860098	D#4	64	97	0	4
53	20.279742	20.961289	G4	64	96	0	3
54	20.279742	22.602656	C3	64	88	1	-3
55	20.636884	22.608608	G3	64	77	1	-1
56	20.994027	22.575870	C4	64	87	0	1
57	21.351169	21.757419	D4	64	93	0	3
58	21.708312	22.610096	G4	64	88	0	3
59	21.708312	22.622001	D#4	64	88	0	4
60	23.136882	23.333310	C5	64	116	0	3
61	23.136882	23.501465	C4	64	78	0	1
62	23.136882	24.191940	C3	64	84	1	-3
63	23.136882	24.473190	G4	64	81	0	3
64	23.136882	24.489559	D#4	64	76	0	4
65	23.494024	23.709798	C5	64	116	0	3
66	23.494024	24.199381	G3	64	75	1	-1
67	23.851167	24.072893	C5	64	114	0	3
68	23.851167	24.123488	C4	64	83	0	1
69	24.208309	24.501464	C5	64	113	0	3
70	24.565452	24.895808	A#4	64	119	0	1
71	24.565452	25.586284	A#2	64	81	1	-5
72	24.565452	25.877950	F4	64	78	0	1
73	24.565452	26.023783	D4	64	87	0	3
74	24.922594	25.150272	G4	64	114	0	3
75	24.922594	25.583308	A#3	64	74	1	-3
76	25.279737	25.584796	G4	64	113	0	3
77	25.636879	25.886879	A#4	64	116	0	1
78	25.994022	26.117533	A#4	64	100	0	1
79	25.994022	26.305033	C4	64	80	0	1
80	25.994022	26.959794	G4	64	83	0	3
81	25.994022	28.310984	C3	64	80	1	-3
82	26.172593	26.511878	C5	64	117	0	3
83	26.351164	28.281222	G3	64	66	1	-1
84	26.708307	28.203841	C4	64	76	0	1
85	27.065449	28.505924	G4	64	78	0	3
86	27.065449	28.662174	D4	64	80	0	3
87	28.851162	29.056519	C5	64	114	0	3
88	28.851162	29.974672	G#2	64	89	1	-2
89	29.208304	29.401756	C5	64	108	0	3
90	29.208304	30.007410	G#3	64	83	1	-5
91	29.565447	29.666637	D5	64	100	0	5
92	29.565447	30.261874	G4	64	86	0	3
93	29.565447	30.343720	C4	64	81	0	1
94	29.565447	30.415148	D#4	64	84	0	4
95	29.656220	29.870506	C5	64	114	0	3
96	29.922589	30.154732	A#4	64	109	0	1
97	30.279732	30.552053	C5	64	114	0	3
98	30.279732	31.330326	A#2	64	86	1	-5
99	30.636874	30.944910	D#5	64	119	0	1
100	30.636874	31.282707	A#3	64	83	1	-3
101	30.994017	31.299076	C5	64	104	0	3
102	30.994017	31.812468	F4	64	88	0	1
103	30.994017	31.886873	D4	64	88	0	3
104	31.351159	31.694909	A#4	64	113	0	1
105	31.708302	31.873480	G4	64	113	0	3
106	31.708302	33.877942	D#2	64	95	1	-2
107	31.886873	32.105623	A#4	64	100	0	1
108	32.065444	32.927050	G4	64	100	0	3
109	32.065444	33.912168	D#3	64	79	1	-5
110	32.422587	34.244013	G3	64	73	1	-1
111	32.779729	34.318418	D#4	64	87	0	4
112	33.851157	34.322882	A#3	64	85	1	-3
113	34.565442	34.794608	C5	64	100	0	3
114	34.565442	34.904727	C4	64	83	0	1
115	34.565442	35.069905	D#4	64	84	0	4
116	34.565442	35.220203	G4	64	76	0	3
117	34.565442	36.877939	C3	64	84	1	-3
118	34.922584	35.113060	C5	64	102	0	3
119	34.922584	36.925558	G3	64	74	1	-1
120	35.279727	35.583298	C5	64	108	0	3
121	35.279727	36.894308	C4	64	80	0	1
122	35.636869	35.860083	G4	64	108	0	3
123	35.994012	36.266333	G4	64	104	0	3
124	35.994012	37.022284	G4	64	76	0	3
125	35.994012	37.083296	D#4	64	84	0	4
126	36.351154	36.632404	A#4	64	109	0	1
127	36.708297	36.934487	C5	64	110	0	3
128	37.065439	37.302046	D#5	64	109	0	1
129	37.422582	37.641331	F5	64	107	0	3
130	37.422582	38.206807	D4	64	84	0	3
131	37.422582	38.486569	F4	64	86	0	1
132	37.422582	39.854127	A#2	64	83	1	-5
133	37.779724	38.005914	F5	64	108	0	3
134	37.779724	39.745496	F3	64	65	1	-3
135	38.136867	38.461271	F5	64	107	0	3
136	38.136867	39.746984	A#3	64	74	1	-3
137	38.494009	38.822878	D#5	64	113	0	1
138	38.494009	40.300555	A#4	64	83	0	1
139	38.494009	40.316924	D4	64	82	0	3
140	38.851152	39.157699	F5	64	102	0	3
141	40.279722	40.440436	D5	64	116	0	5
142	40.279722	41.182995	G4	64	87	0	3
143	40.279722	41.590732	A#3	64	85	1	-3
144	40.279722	42.784183	G2	64	83	1	-3
145	40.636864	40.813947	D5	64	113	0	5
146	40.636864	42.827338	D3	64	73	1	-1
147	40.994007	41.263352	D5	64	108	0	5
148	40.994007	42.886862	G3	64	81	1	-1
149	41.351149	41.663649	C5	64	107	0	3
150	41.351149	42.985076	D4	64	83	0	3
151	41.708292	41.986565	A#4	64	106	0	1
152	41.708292	42.516327	G4	64	75	0	3
153	41.708292	42.540136	A#3	64	71	1	-3
154	42.065434	42.404719	G4	64	107	0	3
155	42.422577	42.706803	A#4	64	116	0	1
156	42.779719	43.002933	C5	64	114	0	3
157	43.136862	43.538647	C5	64	116	0	3
158	43.136862	45.650252	C3	64	86	1	-3
159	43.494004	45.681502	G3	64	78	1	-1
160	43.851147	45.708288	C4	64	81	0	1
161	44.208289	45.624954	G4	64	82	0	3
162	44.208289	45.729121	D#4	64	75	0	4
163	45.994002	46.190430	C5	64	116	0	3
164	45.994002	46.473168	G4	64	89	0	3
165	45.994002	46.528227	C4	64	86	0	1
166	45.994002	46.537156	D#4	64	87	0	4
167	45.994002	47.098167	C3	64	86	1	-3
168	46.351144	46.566918	C5	64	116	0	3
169	46.351144	46.738048	G3	64	70	1	-1
170	46.708287	46.930013	C5	64	114	0	3
171	46.708287	47.288643	G4	64	89	0	3
172	46.708287	47.313941	C4	64	88	0	1
173	46.708287	47.322869	D#4	64	88	0	4
174	47.065429	47.358584	C5	64	113	0	3
175	47.422572	47.752928	A#4	64	119	0	1
176	47.422572	47.891321	F4	64	88	0	1
177	47.422572	47.958285	D4	64	91	0	3
178	47.422572	48.477630	A#2	64	83	1	-5
179	47.779714	48.007392	G4	64	114	0	3
180	47.779714	48.547570	A#3	64	73	1	-3
181	48.136857	48.441916	G4	64	113	0	3
182	48.136857	48.663642	F4	64	90	0	1
183	48.136857	48.863046	D4	64	92	0	3
184	48.493999	48.743999	A#4	64	116	0	1
185	48.851142	48.996975	C5	64	117	0	3
186	48.851142	49.171082	C4	64	84	0	1
187	48.851142	49.654712	D#4	64	86	0	4
188	48.851142	49.764831	G4	64	88	0	3
189	48.851142	51.230604	C3	64	86	1	-3
190	49.029713	49.133879	A#4	64	100	0	1
191	49.208284	49.499950	C5	64	100	0	3
192	49.208284	51.239532	G3	64	69	1	-1
193	49.565427	50.324354	C4	64	82	0	1
194	49.922569	50.691914	F4	64	89	0	1
195	49.922569	50.727628	D4	64	91	0	3
196	50.636854	51.138342	C4	64	84	0	1
197	50.993997	51.559472	F4	64	102	0	1
198	50.993997	51.616020	D4	64	104	0	3
199	51.708282	51.913639	C5	64	114	0	3
200	51.708282	52.825840	G#2	64	95	1	-2
201	52.065424	52.258876	C5	64	108	0	3
202	52.065424	52.540126	G#3	64	93	1	-5
203	52.422567	52.727626	C5	64	114	0	3
204	52.422567	53.358578	C4	64	91	0	1
205	52.422567	53.505899	D#4	64	106	0	4
206	52.779709	53.011852	A#4	64	109	0	1
207	52.779709	53.154709	G#3	64	83	1	-5
208	53.136852	53.409173	C5	64	114	0	3
209	53.136852	54.214231	A#2	64	86	1	-5
210	53.493994	53.802030	D#5	64	119	0	1
211	53.493994	54.017803	A#3	64	87	1	-3
212	53.851137	54.156196	C5	64	104	0	3
213	53.851137	54.651731	D4	64	100	0	3
214	53.851137	54.659172	F4	64	104	0	1
215	54.208279	54.552029	A#4	64	113	0	1
216	54.208279	54.586255	A#3	64	86	1	-3
217	54.565422	54.666612	A#4	64	100	0	1
218	54.565422	56.860062	D#3	64	86	1	-5
219	54.709767	55.211254	G4	64	113	0	3
220	54.922564	55.880896	D#4	64	87	0	4
221	55.279707	55.665123	A#4	64	97	0	1
222	55.636849	56.428515	G4	64	91	0	3
223	56.351134	56.803515	D#4	64	86	0	4
224	56.708277	57.055002	G4	64	114	0	3
225	56.708277	57.057979	A#4	64	116	0	1
226	57.065419	57.208276	D#3	64	90	1	-5
227	57.422562	57.651728	C5	64	100	0	3
228	57.422562	57.839228	G4	64	91	0	3
229	57.422562	57.876430	C4	64	89	0	1
230	57.422562	57.880894	D#4	64	97	0	4
231	57.422562	58.510358	C3	64	88	1	-3
232	57.779704	57.970180	C5	64	102	0	3
233	57.779704	58.492501	G3	64	73	1	-1
234	58.136847	58.440418	C5	64	108	0	3
235	58.136847	58.616013	C4	64	89	0	1
236	58.136847	58.620477	D#4	64	100	0	4
237	58.136847	58.632382	G4	64	100	0	3
238	58.493989	58.717203	G4	64	108	0	3
239	58.851132	59.123453	C5	64	104	0	3
240	58.851132	59.313929	G4	64	89	0	3
241	58.851132	59.379405	C4	64	86	0	1
242	58.851132	59.386845	D#4	64	86	0	4
243	58.851132	59.958273	C3	64	82	1	-3
244	59.208274	59.489524	C5	64	109	0	3
245	59.565417	59.791607	C5	64	110	0	3
246	59.565417	60.107083	C4	64	89	0	1
247	59.565417	60.110059	G4	64	94	0	3
248	59.565417	60.121964	D#4	64	93	0	4
249	59.922559	60.159166	D#5	64	109	0	1
250	60.279702	60.498451	F5	64	107	0	3
251	60.279702	60.696368	F4	64	104	0	1
252	60.279702	60.715713	D4	64	94	0	3
253	60.279702	62.647259	A#2	64	87	1	-5
254	60.636844	60.863034	F5	64	108	0	3
255	60.636844	61.168094	A#3	64	82	1	-3
256	60.993987	61.318391	F5	64	107	0	3
257	60.993987	62.053509	A#4	64	90	0	1
258	60.993987	62.077319	D4	64	87	0	3
259	60.993987	62.093688	F4	64	102	0	1
260	61.351129	61.679998	D#5	64	113	0	1
261	61.709760	61.861545	D#5	64	100	0	1
262	61.886843	62.385354	F5	64	102	0	3
263	62.065414	62.584759	A#3	64	86	1	-3
264	62.422557	63.092199	D4	64	96	0	3
265	62.422557	63.098151	F4	64	110	0	1
266	62.422557	63.107080	A#4	64	91	0	1
267	62.958270	63.118984	G4	64	116	0	3
268	63.136842	63.297556	D5	64	116	0	5
269	63.136842	63.876424	G4	64	100	0	3
270	63.136842	64.001424	A#3	64	95	1	-3
271	63.136842	65.572851	G2	64	90	1	-3
272	63.493984	63.671067	D5	64	113	0	5
273	63.493984	65.642791	D3	64	82	1	-1
274	63.672555	63.849639	D5	64	113	0	5
275	63.851127	64.120472	D5	64	108	0	5
276	63.851127	64.645769	G3	64	82	1	-1
277	64.208269	64.520769	C5	64	107	0	3
278	64.208269	64.916602	G4	64	107	0	3
279	64.208269	65.041602	D4	64	102	0	3
280	64.565412	64.843685	A#4	64	106	0	1
281	64.922554	65.261839	G4	64	107	0	3
282	64.922554	65.316899	G3	64	86	1	-1
283	65.279697	65.563923	A#4	64	116	0	1
284	65.279697	65.708268	A#3	64	100	1	-3
285	65.279697	65.813922	G4	64	107	0	3
286	65.636839	65.860053	C5	64	114	0	3
287	65.636839	66.010351	G3	64	88	1	-1
288	65.993982	66.395767	C5	64	116	0	3
289	65.993982	66.373446	G4	64	90	0	3
290	65.993982	66.461243	C4	64	89	0	1
291	65.993982	66.516303	D#4	64	90	0	4
292	65.993982	68.617491	C3	64	90	1	-3
293	66.351124	68.697848	G3	64	79	1	-1
294	66.708267	66.883862	C4	64	93	0	1
295	66.708267	66.970171	D#4	64	109	0	4
296	66.708267	66.979100	G4	64	96	0	3
297	67.065409	67.544575	C4	64	86	0	1
298	67.422552	67.874932	C5	64	100	0	3
299	67.422552	68.037134	D#4	64	95	0	4
300	67.779694	68.151718	C4	64	86	0	1
301	68.136837	68.385348	D#4	64	84	0	4
302	68.136837	68.407670	C5	64	94	0	3
303	68.136837	68.418086	G4	64	100	0	3
304	68.493979	68.596658	C5	64	113	0	3
305	68.493979	68.602610	C4	64	84	0	1
306	68.672550	68.793086	C5	64	100	0	3
307	68.851122	69.068383	G5	64	120	0	5
308	68.851122	69.226121	G4	64	102	0	3
309	68.851122	69.263324	C4	64	92	0	1
310	68.851122	69.269276	D#4	64	106	0	4
311	68.851122	69.647252	C3	64	96	1	-3
312	69.208264	69.287133	G5	64	117	0	5
313	69.208264	69.641299	G3	64	83	1	-1
314	69.386835	69.462728	G5	64	108	0	5
315	69.565407	69.702311	G5	64	117	0	5
316	69.565407	70.065406	G4	64	104	0	3
317	69.565407	70.121954	C4	64	96	0	1
318	69.565407	70.127906	D#4	64	106	0	4
319	69.922549	70.139811	C5	64	116	0	3
320	69.922549	70.037132	C3	64	91	1	-3
321	70.279692	70.523739	G5	64	119	0	5
322	70.279692	70.706775	F4	64	94	0	1
323	70.279692	70.742489	D4	64	100	0	3
324	70.279692	71.339214	A#2	64	87	1	-5
325	70.636834	70.827310	F5	64	113	0	3
326	70.636834	71.044572	A#3	64	83	1	-3
327	70.993977	71.206774	F5	64	120	0	3
328	70.993977	71.319869	F4	64	107	0	1
329	70.993977	71.321357	D4	64	110	0	3
330	71.351119	71.441893	A#4	64	110	0	1
331	71.529690	71.641297	A#4	64	110	0	1
332	71.708262	71.892785	F5	64	117	0	3
333	71.708262	71.717190	A#3	64	87	1	-3
334	71.708262	72.092190	G4	64	92	0	3
335	71.708262	72.802011	G2	64	89	1	-3
336	72.065404	72.519273	G3	64	78	1	-1
337	72.243975	72.255880	F5	64	116	0	3
338	72.422547	72.434451	F5	64	119	0	3
339	72.422547	72.766296	A#3	64	84	1	-3
340	72.422547	72.807963	G4	64	92	0	3
341	72.422547	72.849630	D4	64	98	0	3
342	72.779689	72.956772	A#4	64	116	0	1
343	72.779689	73.127903	G3	64	85	1	-1
344	73.136832	73.358558	D#5	64	123	0	1
345	73.136832	73.540105	G4	64	88	0	3
346	73.136832	73.599629	C4	64	86	0	1
347	73.136832	73.629391	D#4	64	88	0	4
348	73.136832	74.205283	C3	64	88	1	-3
349	73.493974	73.691891	D#5	64	114	0	1
350	73.493974	74.191890	G3	64	77	1	-1
351	73.851117	74.098140	D#5	64	110	0	1
352	73.851117	74.553497	G4	64	98	0	3
353	73.851117	74.584747	C4	64	92	0	1
354	73.851117	74.617485	D#4	64	106	0	4
355	74.208259	74.306473	C5	64	107	0	3
356	74.386830	74.499925	C5	64	98	0	3
357	74.565402	74.712723	D#5	64	119	0	1
358	74.565402	75.662127	G#2	64	103	1	-2
359	74.922544	75.107068	D#5	64	119	0	1
360	74.922544	75.337722	G#3	64	85	1	-5
361	75.279687	75.453794	D#5	64	123	0	1
362	75.279687	76.047543	C4	64	94	0	1
363	75.279687	76.120460	D#4	64	109	0	4
364	75.279687	76.129388	G#4	64	106	0	4
365	75.636829	75.721650	D#5	64	116	0	1
366	75.636829	76.007364	G#3	64	87	1	-5
367	75.815400	75.924031	G5	64	108	0	5
368	75.993972	76.236531	F5	64	110	0	3
369	75.993972	77.132363	A#2	64	95	1	-5
370	76.351114	76.514804	F5	64	114	0	3
371	76.351114	76.803495	A#3	64	89	1	-3
372	76.708257	76.934447	F5	64	119	0	3
373	76.708257	77.429982	D4	64	93	0	3
374	76.708257	77.440399	F4	64	108	0	1
375	77.065399	77.171054	A#3	64	91	1	-3
376	77.422542	77.617482	F5	64	117	0	3
377	77.422542	77.883851	G#4	64	97	0	4
378	77.422542	77.909148	D#4	64	106	0	4
379	77.422542	78.492481	D#2	64	91	1	-2
380	77.779684	78.046053	F5	64	117	0	3
381	77.779684	78.165100	D#3	64	75	1	-5
382	78.136827	78.342184	D#5	64	113	0	1
383	78.136827	78.462719	G#4	64	93	0	4
384	78.136827	78.488017	D#4	64	109	0	4
385	78.493969	78.685933	F5	64	116	0	3
386	78.493969	78.607064	D#3	64	85	1	-5
387	78.851112	79.172540	G5	64	119	0	5
388	78.851112	79.304980	G4	64	87	0	3
389	78.851112	79.400218	B3	64	88	1	-2
390	78.851112	79.400218	D4	64	96	0	3
391	78.851112	79.848134	G2	64	88	1	-3
392	79.386825	79.610039	G3	64	77	1	-1
393	79.565397	79.953789	B3	64	94	1	-2
394	79.565397	79.980575	G4	64	104	0	3
395	79.565397	80.107063	D4	64	108	0	3
396	79.922539	80.025218	C5	64	113	0	3
397	79.922539	80.261824	G3	64	91	1	-1
398	80.101110	80.221646	C5	64	100	0	3
399	80.279682	80.496943	G5	64	120	0	5
400	80.279682	80.705276	G4	64	98	0	3
401	80.279682	80.745455	C4	64	93	0	1
402	80.279682	80.755872	D#4	64	106	0	4
403	80.279682	81.514799	C3	64	88	1	-3
404	80.636824	80.715693	G5	64	117	0	5
405	80.636824	81.035633	G3	64	71	1	-1
406	80.815395	80.891288	G5	64	108	0	5
407	80.993967	81.130871	G5	64	117	0	5
408	80.993967	81.700811	G4	64	108	0	3
409	80.993967	81.721644	C4	64	98	0	1
410	80.993967	81.755871	D#4	64	116	0	4
411	81.351109	81.568371	C5	64	116	0	3
412	81.351109	81.459740	G3	64	86	1	-1
413	81.708252	81.952299	G5	64	119	0	5
414	81.708252	82.556465	A#2	64	91	1	-5
415	82.065394	82.255870	F5	64	113	0	3
416	82.065394	82.531167	A#3	64	90	1	-3
417	82.422537	82.635334	F5	64	120	0	3
418	82.422537	83.169560	F4	64	104	0	1
419	82.422537	83.182953	D4	64	104	0	3
420	82.779679	82.870453	A#4	64	110	0	1
421	82.779679	82.868965	A#2	64	74	1	-5
422	82.779679	82.898727	A#3	64	95	1	-3
423	82.958250	83.069857	A#4	64	110	0	1
424	83.136822	83.321345	F5	64	117	0	3
425	83.136822	83.504381	G4	64	89	0	3
426	83.136822	83.714202	A#3	64	93	1	-3
427	83.136822	84.176999	G2	64	92	1	-3
428	83.493964	84.227594	D3	64	77	1	-1
429	83.672535	83.684440	F5	64	116	0	3
430	83.851107	83.863011	F5	64	119	0	3
431	83.851107	84.172535	A#3	64	81	1	-3
432	83.851107	84.257356	G4	64	94	0	3
433	83.851107	84.502892	D4	64	102	0	3
434	84.208249	84.385332	A#4	64	116	0	1
435	84.208249	84.571344	G3	64	88	1	-1
436	84.565392	84.787118	D#5	64	123	0	1
437	84.565392	85.002891	G4	64	92	0	3
438	84.565392	85.022236	C4	64	88	0	1
439	84.565392	85.072832	D#4	64	89	0	4
440	84.565392	85.700807	C3	64	89	1	-3
441	84.922534	85.120451	D#5	64	114	0	1
442	84.922534	85.412117	G3	64	81	1	-1
443	85.279677	85.526700	D#5	64	110	0	1
444	85.279677	85.989497	C4	64	91	0	1
445	85.279677	86.005866	G4	64	92	0	3
446	85.279677	86.032652	D#4	64	103	0	4
447	85.636819	85.735033	C5	64	107	0	3
448	85.636819	85.723129	G3	64	86	1	-1
449	85.815390	85.928485	C5	64	98	0	3
450	85.993962	86.141283	D#5	64	119	0	1
451	85.993962	87.078782	G#2	64	103	1	-2
452	86.351104	86.535628	D#5	64	119	0	1
453	86.351104	86.778187	G#3	64	85	1	-5
454	86.708247	86.882354	D#5	64	123	0	1
455	86.708247	87.569853	C4	64	96	0	1
456	86.708247	87.626400	D#4	64	109	0	4
457	87.065389	87.150210	D#5	64	116	0	1
458	87.065389	87.440389	G#3	64	86	1	-5
459	87.243960	87.352591	G5	64	108	0	5
460	87.422532	87.665091	F5	64	110	0	3
461	87.422532	88.601102	A#2	64	87	1	-5
462	87.779674	87.943364	F5	64	114	0	3
463	87.779674	88.215686	A#3	64	91	1	-3
464	88.136817	88.363007	F5	64	119	0	3
465	88.136817	88.566876	D4	64	100	0	3
466	88.493959	88.583245	A#3	64	85	1	-3
467	88.851102	89.057947	D5	64	116	0	5
468	88.851102	89.226101	G4	64	90	0	3
469	88.851102	89.315387	A#3	64	85	1	-3
470	88.851102	89.357053	D4	64	89	0	3
471	88.851102	89.968660	G2	64	88	1	-3
472	89.208244	89.444851	D5	64	113	0	5
473	89.208244	89.653184	D3	64	75	1	-1
474	89.565387	89.779672	A#4	64	119	0	1
475	89.565387	89.952291	A#3	64	91	1	-3
476	89.565387	90.156160	G4	64	100	0	3
477	89.565387	90.212707	D4	64	102	0	3
478	89.922529	90.118957	C5	64	113	0	3
479	90.279672	90.668064	C5	64	116	0	3
480	90.279672	90.706755	G4	64	87	0	3
481	90.279672	90.793064	C4	64	86	0	1
482	90.279672	90.809433	D#4	64	90	0	4
483	90.279672	91.593658	C3	64	81	1	-3
484	90.636814	91.054968	G3	64	74	1	-1
485	90.993957	91.416575	G4	64	89	0	3
486	90.993957	91.465682	C4	64	87	0	1
487	90.993957	91.541575	D#4	64	88	0	4
488	91.351099	91.682944	G3	64	68	1	-1
489	91.708242	94.410620	C4	64	82	0	1
490	91.708242	94.455263	G4	64	87	0	3
491	91.708242	94.465679	D#4	64	83	0	4
492	91.708242	94.489489	C3	64	85	1	-3
493	100.279662	101.492458	G#2	64	78	1	-2
494	100.279662	101.565375	C4	64	80	0	1
495	100.279662	101.577279	G#3	64	81	1	-5
496	100.279662	101.598113	G#4	64	82	0	4
497	100.279662	101.776684	D#4	64	84	0	4
498	101.708232	102.723112	A#2	64	83	1	-5
499	101.708232	102.784123	A#4	64	83	0	1
500	101.708232	102.804957	A#3	64	85	1	-3
501	101.708232	102.809421	D4	64	80	0	3
502	101.708232	102.955254	F4	64	85	0	1
503	103.136802	103.529658	C4	64	83	0	1
504	103.136802	103.605551	G4	64	87	0	3
505	103.136802	103.632337	D#4	64	86	0	4
506	103.136802	103.968646	C3	64	86	1	-3
507	103.493944	104.010313	G3	64	77	1	-1
508	103.851087	104.300491	C4	64	87	0	1
509	103.851087	104.455253	G4	64	89	0	3
510	103.851087	104.538586	D#4	64	90	0	4
511	104.208229	104.310908	C3	64	88	1	-3
512	104.565372	105.028169	A#4	64	90	0	1
513	104.565372	105.074300	F4	64	86	0	1
514	104.565372	105.087693	D4	64	84	0	3
515	104.565372	105.684418	A#2	64	83	1	-5
516	104.922514	105.333228	A#3	64	77	1	-3
517	105.279657	105.888287	A#4	64	85	0	1
518	105.279657	106.005846	F4	64	90	0	1
519	105.279657	106.117453	D4	64	88	0	3
520	105.636799	105.736501	A#3	64	84	1	-3
521	105.993942	106.834715	A#2	64	87	1	-5
522	106.351084	106.790072	A#3	64	85	1	-3
523	106.708227	107.467154	A#4	64	93	0	1
524	106.708227	107.486500	F4	64	100	0	1
525	106.708227	107.504357	D4	64	88	0	3
526	107.422512	108.504356	D#2	64	100	1	-2
527	107.779654	108.224594	D#3	64	85	1	-5
528	108.136797	108.895724	G4	64	104	0	3
529	108.493939	108.644237	D#3	64	87	1	-5
530	108.851082	108.921022	D#4	64	93	0	4
531	108.851082	109.218641	G#4	64	87	0	4
532	108.851082	109.284117	C4	64	88	0	1
533	108.851082	109.873402	G#2	64	88	1	-2
534	109.208224	109.636795	G#3	64	85	1	-5
535	109.565367	109.999890	C4	64	89	0	1
536	109.565367	110.028164	G#4	64	86	0	4
537	109.565367	110.179949	D#4	64	97	0	4
538	109.922509	110.282628	G#3	64	85	1	-5
539	110.279652	110.754354	F4	64	102	0	1
540	110.279652	110.803461	D4	64	88	0	3
541	110.279652	111.364472	A#2	64	82	1	-5
542	110.636794	111.062389	A#3	64	82	1	-3
543	110.993937	111.397210	D4	64	88	0	3
544	110.993937	111.681436	F4	64	98	0	1
545	111.351079	111.525186	A#3	64	83	1	-3
546	111.708222	112.130840	C4	64	85	0	1
547	111.708222	112.273697	D#4	64	88	0	4
548	111.708222	112.526673	G4	64	88	0	3
549	111.708222	114.324290	C3	64	88	1	-3
550	112.065364	114.298993	G3	64	71	1	-1
551	112.422507	114.233517	C4	64	82	0	1
552	112.779649	113.651672	G4	64	83	0	3
553	112.779649	113.676970	D4	64	86	0	3
554	113.851077	114.324290	D#4	64	87	0	4
555	113.851077	114.374886	G4	64	87	0	3
556	114.565362	114.761790	C5	64	116	0	3
557	114.565362	114.929945	C4	64	78	0	1
558	114.565362	115.620420	C3	64	84	1	-3
559	114.565362	115.901670	G4	64	81	0	3
560	114.565362	115.918039	D#4	64	76	0	4
561	114.922504	115.138278	C5	64	116	0	3
562	114.922504	115.627861	G3	64	75	1	-1
563	115.279647	115.501373	C5	64	114	0	3
564	115.279647	115.551968	C4	64	83	0	1
565	115.636789	115.929944	C5	64	113	0	3
566	115.993932	116.324288	A#4	64	119	0	1
567	115.993932	117.014764	A#2	64	81	1	-5
568	115.993932	117.306430	F4	64	78	0	1
569	115.993932	117.452263	D4	64	87	0	3
570	116.351074	116.578752	G4	64	114	0	3
571	116.351074	117.011788	A#3	64	74	1	-3
572	116.708217	117.013276	G4	64	113	0	3
573	117.065359	117.315359	A#4	64	116	0	1
574	117.422502	117.562382	A#4	64	100	0	1
575	117.422502	117.733513	C4	64	80	0	1
576	117.422502	118.388274	G4	64	83	0	3
577	117.422502	119.739464	C3	64	80	1	-3
578	117.592144	117.921013	C5	64	117	0	3
579	117.779644	119.709702	G3	64	66	1	-1
580	118.136787	119.632321	C4	64	76	0	1
581	118.493929	119.934404	G4	64	78	0	3
582	118.493929	120.090654	D4	64	80	0	3
583	120.279642	120.484999	C5	64	114	0	3
584	120.279642	121.403152	G#2	64	89	1	-2
585	120.636784	120.830236	C5	64	108	0	3
586	120.636784	121.435890	G#3	64	83	1	-5
587	120.993927	121.298986	C5	64	114	0	3
588	120.993927	121.690354	G4	64	86	0	3
589	120.993927	121.772200	C4	64	81	0	1
590	120.993927	121.843628	D#4	64	84	0	4
591	121.351069	121.583212	A#4	64	109	0	1
592	121.708212	121.980533	C5	64	114	0	3
593	121.708212	122.758806	A#2	64	86	1	-5
594	122.065354	122.373390	D#5	64	119	0	1
595	122.065354	122.711187	A#3	64	83	1	-3
596	122.422497	122.727556	C5	64	104	0	3
597	122.422497	123.240948	F4	64	88	0	1
598	122.422497	123.315353	D4	64	88	0	3
599	122.779639	123.123389	A#4	64	113	0	1
600	123.136782	123.316841	G4	64	113	0	3
601	123.136782	125.306422	D#2	64	95	1	-2
602	123.322793	123.489460	F4	64	100	0	1
603	123.493924	125.340648	D#3	64	79	1	-5
604	123.498388	123.842138	G4	64	100	0	3
605	123.851067	125.672493	G3	64	73	1	-1
606	124.208209	125.746898	D#4	64	87	0	4
607	125.279637	125.751362	A#3	64	85	1	-3
608	125.993922	126.223088	C5	64	100	0	3
609	125.993922	126.333207	C4	64	83	0	1
610	125.993922	126.498385	D#4	64	84	0	4
611	125.993922	126.648683	G4	64	76	0	3
612	125.993922	128.306419	C3	64	84	1	-3
613	126.351064	126.541540	C5	64	102	0	3
614	126.351064	128.354038	G3	64	74	1	-1
615	126.708207	127.011778	C5	64	108	0	3
616	126.708207	128.322788	C4	64	80	0	1
617	127.065349	127.288563	G4	64	108	0	3
618	127.422492	127.694813	G4	64	104	0	3
619	127.422492	128.450764	G4	64	76	0	3
620	127.422492	128.511776	D#4	64	84	0	4
621	127.779634	128.060884	A#4	64	109	0	1
622	128.136777	128.362967	C5	64	110	0	3
623	128.493919	128.730526	D#5	64	109	0	1
624	128.851062	129.069811	F5	64	107	0	3
625	128.851062	129.635287	D4	64	84	0	3
626	128.851062	129.915049	F4	64	86	0	1
627	128.851062	131.282607	A#2	64	83	1	-5
628	129.208204	129.434394	F5	64	108	0	3
629	129.208204	131.173976	F3	64	65	1	-3
630	129.565347	129.889751	F5	64	107	0	3
631	129.565347	131.175464	A#3	64	74	1	-3
632	129.922489	130.251358	D#5	64	113	0	1
633	129.922489	131.729035	A#4	64	83	0	1
634	129.922489	131.745404	D4	64	82	0	3
635	130.279632	130.470108	F5	64	102	0	3
636	130.444810	130.596596	D#5	64	100	0	1
637	130.638262	131.345107	F5	64	100	0	3
638	131.708202	131.868916	D5	64	116	0	5
639	131.708202	132.611475	G4	64	87	0	3
640	131.708202	133.019212	A#3	64	85	1	-3
641	131.708202	134.212663	G2	64	83	1	-3
642	132.065344	132.242427	D5	64	113	0	5
643	132.065344	134.255818	D3	64	73	1	-1
644	132.422487	132.691832	D5	64	108	0	5
645	132.422487	134.315342	G3	64	81	1	-1
646	132.779629	133.092129	C5	64	107	0	3
647	132.779629	134.413556	D4	64	83	0	3
648	133.136772	133.415045	A#4	64	106	0	1
649	133.136772	133.944807	G4	64	75	0	3
650	133.136772	133.968616	A#3	64	71	1	-3
651	133.493914	133.833199	G4	64	107	0	3
652	133.851057	134.135283	A#4	64	116	0	1
653	134.208199	134.431413	C5	64	114	0	3
654	134.565342	134.967127	C5	64	116	0	3
655	134.565342	137.078732	C3	64	86	1	-3
656	134.922484	137.109982	G3	64	78	1	-1
657	135.279627	137.136768	C4	64	81	0	1
658	135.636769	137.053434	G4	64	82	0	3
659	135.636769	137.157601	D#4	64	75	0	4
660	137.422482	137.618910	C5	64	116	0	3
661	137.422482	137.901648	G4	64	89	0	3
662	137.422482	137.956707	C4	64	86	0	1
663	137.422482	137.965636	D#4	64	87	0	4
664	137.422482	138.526647	C3	64	86	1	-3
665	137.779624	137.995398	C5	64	116	0	3
666	137.779624	138.166528	G3	64	70	1	-1
667	138.136767	138.358493	C5	64	114	0	3
668	138.136767	138.717123	G4	64	89	0	3
669	138.136767	138.742421	C4	64	88	0	1
670	138.136767	138.751349	D#4	64	88	0	4
671	138.493909	138.787064	C5	64	113	0	3
672	138.851052	139.181408	A#4	64	119	0	1
673	138.851052	139.319801	F4	64	88	0	1
674	138.851052	139.386765	D4	64	91	0	3
675	138.851052	139.906110	A#2	64	83	1	-5
676	139.208194	139.435872	G4	64	114	0	3
677	139.208194	139.976050	A#3	64	73	1	-3
678	139.565337	139.870396	G4	64	113	0	3
679	139.565337	140.092122	F4	64	90	0	1
680	139.565337	140.291526	D4	64	92	0	3
681	139.922479	140.172479	A#4	64	116	0	1
682	140.279622	140.422479	C5	64	117	0	3
683	140.279622	140.599562	C4	64	84	0	1
684	140.279622	141.083192	D#4	64	86	0	4
685	140.279622	141.193311	G4	64	88	0	3
686	140.279622	142.659084	C3	64	86	1	-3
687	140.458193	140.630812	A#4	64	100	0	1
688	140.636764	141.196287	C5	64	100	0	3
689	140.636764	142.668012	G3	64	69	1	-1
690	140.993907	141.752834	C4	64	82	0	1
691	141.351049	142.120394	F4	64	89	0	1
692	141.351049	142.156108	D4	64	91	0	3
693	142.065334	142.566822	C4	64	84	0	1
694	142.422477	142.987952	F4	64	102	0	1
695	142.422477	143.044500	D4	64	104	0	3
696	143.136762	143.342119	C5	64	114	0	3
697	143.136762	144.254320	G#2	64	95	1	-2
698	143.493904	143.687356	C5	64	108	0	3
699	143.493904	143.968606	G#3	64	93	1	-5
700	143.851047	144.156106	C5	64	114	0	3
701	143.851047	144.787058	C4	64	91	0	1
702	143.851047	144.934379	D#4	64	106	0	4
703	144.208189	144.440332	A#4	64	109	0	1
704	144.208189	144.583189	G#3	64	83	1	-5
705	144.565332	144.837653	C5	64	114	0	3
706	144.565332	145.642711	A#2	64	86	1	-5
707	144.922474	145.230510	D#5	64	119	0	1
708	144.922474	145.446283	A#3	64	87	1	-3
709	145.279617	145.584676	C5	64	104	0	3
710	145.279617	146.080211	D4	64	100	0	3
711	145.279617	146.087652	F4	64	104	0	1
712	145.636759	145.980509	A#4	64	113	0	1
713	145.636759	146.014735	A#3	64	86	1	-3
714	145.990925	146.163544	A#4	64	100	0	1
715	145.993902	148.288542	D#3	64	86	1	-5
716	146.172473	146.641222	G4	64	113	0	3
717	146.351044	147.309376	D#4	64	87	0	4
718	146.708187	147.093603	A#4	64	97	0	1
719	147.065329	147.856995	G4	64	91	0	3
720	147.779614	148.231995	D#4	64	86	0	4
721	148.136757	148.483482	G4	64	114	0	3
722	148.136757	148.486459	A#4	64	116	0	1
723	148.493899	148.636756	D#3	64	90	1	-5
724	148.851042	149.080208	C5	64	100	0	3
725	148.851042	149.267708	G4	64	91	0	3
726	148.851042	149.304910	C4	64	89	0	1
727	148.851042	149.309374	D#4	64	97	0	4
728	148.851042	149.938838	C3	64	88	1	-3
729	149.208184	149.398660	C5	64	102	0	3
730	149.208184	149.920981	G3	64	73	1	-1
731	149.565327	149.868898	C5	64	108	0	3
732	149.565327	150.044493	C4	64	89	0	1
733	149.565327	150.048957	D#4	64	100	0	4
734	149.565327	150.060862	G4	64	100	0	3
735	149.922469	150.145683	G4	64	108	0	3
736	150.279612	150.551933	C5	64	104	0	3
737	150.279612	150.742409	G4	64	89	0	3
738	150.279612	150.807885	C4	64	86	0	1
739	150.279612	150.815325	D#4	64	86	0	4
740	150.279612	151.386753	C3	64	82	1	-3
741	150.636754	150.918004	C5	64	109	0	3
742	150.993897	151.220087	C5	64	110	0	3
743	150.993897	151.535563	C4	64	89	0	1
744	150.993897	151.538539	G4	64	94	0	3
745	150.993897	151.550444	D#4	64	93	0	4
746	151.351039	151.587646	D#5	64	109	0	1
747	151.708182	151.926931	F5	64	107	0	3
748	151.708182	152.124848	F4	64	104	0	1
749	151.708182	152.144193	D4	64	94	0	3
750	151.708182	154.075739	A#2	64	87	1	-5
751	152.065324	152.291514	F5	64	108	0	3
752	152.065324	152.596574	A#3	64	82	1	-3
753	152.422467	152.746871	F5	64	107	0	3
754	152.422467	153.481989	A#4	64	90	0	1
755	152.422467	153.505799	D4	64	87	0	3
756	152.422467	153.522168	F4	64	102	0	1
757	152.779609	153.108478	D#5	64	113	0	1
758	153.136752	153.246871	F5	64	102	0	3
759	153.315323	153.453716	D#5	64	100	0	1
760	153.493894	153.712644	F5	64	100	0	3
761	153.493894	154.013239	A#3	64	86	1	-3
762	153.851037	154.520679	D4	64	96	0	3
763	153.851037	154.526631	F4	64	110	0	1
764	153.851037	154.535560	A#4	64	91	0	1
765	154.386750	154.547464	G4	64	116	0	3
766	154.565322	154.726036	D5	64	116	0	5
767	154.565322	155.304904	G4	64	100	0	3
768	154.565322	155.429904	A#3	64	95	1	-3
769	154.565322	157.001331	G2	64	90	1	-3
770	154.922464	155.099547	D5	64	113	0	5
771	154.922464	157.071271	D3	64	82	1	-1
772	155.101035	155.278119	D5	64	113	0	5
773	155.279607	155.548952	D5	64	108	0	5
774	155.279607	156.074249	G3	64	82	1	-1
775	155.636749	155.949249	C5	64	107	0	3
776	155.636749	156.345082	G4	64	107	0	3
777	155.636749	156.470082	D4	64	102	0	3
778	155.993892	156.272165	A#4	64	106	0	1
779	156.351034	156.690319	G4	64	107	0	3
780	156.351034	156.745379	G3	64	86	1	-1
781	156.708177	156.992403	A#4	64	116	0	1
782	156.708177	157.136748	A#3	64	100	1	-3
783	156.708177	157.242402	G4	64	107	0	3
784	157.065319	157.288533	C5	64	114	0	3
785	157.065319	157.438831	G3	64	88	1	-1
786	157.422462	157.824247	C5	64	116	0	3
787	157.422462	157.801926	G4	64	90	0	3
788	157.422462	157.889723	C4	64	89	0	1
789	157.422462	157.944783	D#4	64	90	0	4
790	157.422462	160.045971	C3	64	90	1	-3
791	157.779604	160.126328	G3	64	79	1	-1
792	158.136747	158.312342	C4	64	93	0	1
793	158.136747	158.398651	D#4	64	109	0	4
794	158.136747	158.407580	G4	64	96	0	3
795	158.493889	158.973055	C4	64	86	0	1
796	158.851032	159.303412	C5	64	100	0	3
797	158.851032	159.465614	D#4	64	95	0	4
798	159.208174	159.580198	C4	64	86	0	1
799	159.565317	159.813828	D#4	64	84	0	4
800	159.565317	159.836150	C5	64	94	0	3
801	159.565317	159.846566	G4	64	100	0	3
802	159.922459	160.025138	C5	64	113	0	3
803	159.922459	160.031090	C4	64	84	0	1
804	160.101030	160.221566	C5	64	100	0	3
805	160.279602	160.496863	G5	64	120	0	5
806	160.279602	160.654601	G4	64	102	0	3
807	160.279602	160.691804	C4	64	92	0	1
808	160.279602	160.697756	D#4	64	106	0	4
809	160.279602	161.075732	C3	64	96	1	-3
810	160.636744	160.715613	G5	64	117	0	5
811	160.636744	161.069779	G3	64	83	1	-1
812	160.815315	160.891208	G5	64	108	0	5
813	160.993887	161.130791	G5	64	117	0	5
814	160.993887	161.493886	G4	64	104	0	3
815	160.993887	161.550434	C4	64	96	0	1
816	160.993887	161.556386	D#4	64	106	0	4
817	161.351029	161.568291	C5	64	116	0	3
818	161.351029	161.465612	C3	64	91	1	-3
819	161.708172	161.952219	G5	64	119	0	5
820	161.708172	162.135255	F4	64	94	0	1
821	161.708172	162.170969	D4	64	100	0	3
822	161.708172	162.767694	A#2	64	87	1	-5
823	162.065314	162.255790	F5	64	113	0	3
824	162.065314	162.473052	A#3	64	83	1	-3
825	162.422457	162.635254	F5	64	120	0	3
826	162.422457	162.748349	F4	64	107	0	1
827	162.422457	162.749837	D4	64	110	0	3
828	162.779599	162.870373	A#4	64	110	0	1
829	162.958170	163.069777	A#4	64	110	0	1
830	163.136742	163.321265	F5	64	117	0	3
831	163.136742	163.145670	A#3	64	87	1	-3
832	163.136742	163.520670	G4	64	92	0	3
833	163.136742	164.230491	G2	64	89	1	-3
834	163.493884	163.947753	G3	64	78	1	-1
835	163.672455	163.684360	F5	64	116	0	3
836	163.851027	163.862931	F5	64	119	0	3
837	163.851027	164.194776	A#3	64	84	1	-3
838	163.851027	164.236443	G4	64	92	0	3
839	163.851027	164.278110	D4	64	98	0	3
840	164.208169	164.385252	A#4	64	116	0	1
841	164.208169	164.556383	G3	64	85	1	-1
842	164.565312	164.787038	D#5	64	123	0	1
843	164.565312	164.968585	G4	64	88	0	3
844	164.565312	165.028109	C4	64	86	0	1
845	164.565312	165.057871	D#4	64	88	0	4
846	164.565312	165.633763	C3	64	88	1	-3
847	164.922454	165.120371	D#5	64	114	0	1
848	164.922454	165.620370	G3	64	77	1	-1
849	165.279597	165.526620	D#5	64	110	0	1
850	165.279597	165.981977	G4	64	98	0	3
851	165.279597	166.013227	C4	64	92	0	1
852	165.279597	166.045965	D#4	64	106	0	4
853	165.636739	165.734953	C5	64	107	0	3
854	165.815310	165.928405	C5	64	98	0	3
855	165.993882	166.141203	D#5	64	119	0	1
856	165.993882	167.090607	G#2	64	103	1	-2
857	166.351024	166.535548	D#5	64	119	0	1
858	166.351024	166.766202	G#3	64	85	1	-5
859	166.708167	166.882274	D#5	64	123	0	1
860	166.708167	167.476023	C4	64	94	0	1
861	166.708167	167.548940	D#4	64	109	0	4
862	166.708167	167.557868	G#4	64	106	0	4
863	167.065309	167.150130	D#5	64	116	0	1
864	167.065309	167.435844	G#3	64	87	1	-5
865	167.243880	167.352511	G5	64	108	0	5
866	167.422452	167.665011	F5	64	110	0	3
867	167.422452	168.560843	A#2	64	95	1	-5
868	167.779594	167.943284	F5	64	114	0	3
869	167.779594	168.231975	A#3	64	89	1	-3
870	168.136737	168.362927	F5	64	119	0	3
871	168.136737	168.858462	D4	64	93	0	3
872	168.136737	168.868879	F4	64	108	0	1
873	168.493879	168.599534	A#3	64	91	1	-3
874	168.851022	169.045962	F5	64	117	0	3
875	168.851022	169.312331	G#4	64	97	0	4
876	168.851022	169.337628	D#4	64	106	0	4
877	168.851022	169.920961	D#2	64	91	1	-2
878	169.208164	169.474533	F5	64	117	0	3
879	169.208164	169.593580	D#3	64	75	1	-5
880	169.565307	169.770664	D#5	64	113	0	1
881	169.565307	169.891199	G#4	64	93	0	4
882	169.565307	169.916497	D#4	64	109	0	4
883	169.922449	170.114413	F5	64	116	0	3
884	169.922449	170.035544	D#3	64	85	1	-5
885	170.279592	170.601020	G5	64	119	0	5
886	170.279592	170.733460	G4	64	87	0	3
887	170.279592	170.828698	B3	64	88	1	-2
888	170.279592	170.828698	D4	64	96	0	3
889	170.279592	171.276614	G2	64	88	1	-3
890	170.815305	171.038519	G3	64	77	1	-1
891	170.993877	171.382269	B3	64	94	1	-2
892	170.993877	171.409055	G4	64	104	0	3
893	170.993877	171.535543	D4	64	108	0	3
894	171.351019	171.453698	C5	64	113	0	3
895	171.351019	171.690304	G3	64	91	1	-1
896	171.529590	171.650126	C5	64	100	0	3
897	171.708162	171.925423	G5	64	120	0	5
898	171.708162	172.133756	G4	64	98	0	3
899	171.708162	172.173935	C4	64	93	0	1
900	171.708162	172.184352	D#4	64	106	0	4
901	171.708162	172.943279	C3	64	88	1	-3
902	172.065304	172.144173	G5	64	117	0	5
903	172.065304	172.464113	G3	64	71	1	-1
904	172.243875	172.319768	G5	64	108	0	5
905	172.422447	172.559351	G5	64	117	0	5
906	172.422447	173.129291	G4	64	108	0	3
907	172.422447	173.150124	C4	64	98	0	1
908	172.422447	173.184351	D#4	64	116	0	4
909	172.779589	172.996851	C5	64	116	0	3
910	172.779589	172.888220	G3	64	86	1	-1
911	173.136732	173.380779	G5	64	119	0	5
912	173.136732	173.984945	A#2	64	91	1	-5
913	173.493874	173.684350	F5	64	113	0	3
914	173.493874	173.959647	A#3	64	90	1	-3
915	173.851017	174.063814	F5	64	120	0	3
916	173.851017	174.598040	F4	64	104	0	1
917	173.851017	174.611433	D4	64	104	0	3
918	174.208159	174.298933	A#4	64	110	0	1
919	174.208159	174.297445	A#2	64	74	1	-5
920	174.208159	174.327207	A#3	64	95	1	-3
921	174.386730	174.498337	A#4	64	110	0	1
922	174.565302	174.749825	F5	64	117	0	3
923	174.565302	174.932861	G4	64	89	0	3
924	174.565302	175.142682	A#3	64	93	1	-3
925	174.565302	175.605479	G2	64	92	1	-3
926	174.922444	175.656074	D3	64	77	1	-1
927	175.101015	175.112920	F5	64	116	0	3
928	175.279587	175.291491	F5	64	119	0	3
929	175.279587	175.601015	A#3	64	81	1	-3
930	175.279587	175.685836	G4	64	94	0	3
931	175.279587	175.931372	D4	64	102	0	3
932	175.636729	175.813812	A#4	64	116	0	1
933	175.636729	175.999824	G3	64	88	1	-1
934	175.993872	176.215598	D#5	64	123	0	1
935	175.993872	176.431371	G4	64	92	0	3
936	175.993872	176.450716	C4	64	88	0	1
937	175.993872	176.501312	D#4	64	89	0	4
938	175.993872	177.129287	C3	64	89	1	-3
939	176.351014	176.548931	D#5	64	114	0	1
940	176.351014	176.840597	G3	64	81	1	-1
941	176.708157	176.955180	D#5	64	110	0	1
942	176.708157	177.417977	C4	64	91	0	1
943	176.708157	177.434346	G4	64	92	0	3
944	176.708157	177.461132	D#4	64	103	0	4
945	177.065299	177.163513	C5	64	107	0	3
946	177.065299	177.151609	G3	64	86	1	-1
947	177.243870	177.356965	C5	64	98	0	3
948	177.422442	177.569763	D#5	64	119	0	1
949	177.422442	178.507262	G#2	64	103	1	-2
950	177.779584	177.964108	D#5	64	119	0	1
951	177.779584	178.206667	G#3	64	85	1	-5
952	178.136727	178.310834	D#5	64	123	0	1
953	178.136727	178.998333	C4	64	96	0	1
954	178.136727	179.054880	D#4	64	109	0	4
955	178.493869	178.578690	D#5	64	116	0	1
956	178.493869	178.868869	G#3	64	86	1	-5
957	178.672440	178.781071	G5	64	108	0	5
958	178.851012	179.093571	F5	64	110	0	3
959	178.851012	180.029582	A#2	64	87	1	-5
960	179.208154	179.371844	F5	64	114	0	3
961	179.208154	179.644166	A#3	64	91	1	-3
962	179.565297	179.791487	F5	64	119	0	3
963	179.565297	179.995356	D4	64	100	0	3
964	179.922439	180.011725	A#3	64	85	1	-3
965	180.279582	180.486427	D5	64	116	0	5
966	180.279582	180.654581	G4	64	90	0	3
967	180.279582	180.743867	A#3	64	85	1	-3
968	180.279582	180.785533	D4	64	89	0	3
969	180.279582	181.397140	G2	64	88	1	-3
970	180.636724	180.873331	D5	64	113	0	5
971	180.636724	181.081664	D3	64	75	1	-1
972	180.993867	181.208152	A#4	64	119	0	1
973	180.993867	181.380771	A#3	64	91	1	-3
974	180.993867	181.584640	G4	64	100	0	3
975	180.993867	181.641187	D4	64	102	0	3
976	181.351009	181.547437	C5	64	113	0	3
977	181.708152	182.096544	C5	64	116	0	3
978	181.708152	182.135235	G4	64	87	0	3
979	181.708152	182.221544	C4	64	86	0	1
980	181.708152	182.237913	D#4	64	90	0	4
981	181.708152	183.022138	C3	64	81	1	-3
982	182.065294	182.483448	G3	64	74	1	-1
983	182.422437	182.845055	G4	64	89	0	3
984	182.422437	182.894162	C4	64	87	0	1
985	182.422437	182.970055	D#4	64	88	0	4
986	182.779579	183.111424	G3	64	68	1	-1
987	183.136722	183.542971	G4	64	89	0	3
988	183.136722	183.633745	C4	64	86	0	1
989	183.136722	183.633745	D#4	64	87	0	4
990	183.136722	184.334637	C3	64	84	1	-3
991	183.493864	184.356958	G3	64	78	1	-1
992	183.851007	184.196244	G4	64	89	0	3
993	183.851007	184.342078	D#4	64	89	0	4
994	183.851007	184.352494	C4	64	87	0	1
995	184.208149	184.310828	C5	64	113	0	3
996	184.386720	184.507256	C5	64	100	0	3
997	184.565292	184.782553	G5	64	120	0	5
998	184.565292	184.840589	G4	64	110	0	3
999	184.565292	184.845053	C4	64	104	0	1
1000	184.565292	184.848029	C3	64	110	1	-3
1001	184.565292	184.849518	D#4	64	116	0	4
1002	184.922434	185.001303	G5	64	117	0	5
1003	185.101005	185.176898	G5	64	108	0	5
1004	185.279577	185.416481	G5	64	117	0	5
1005	185.636719	185.853981	C5	64	116	0	3
1006	185.993862	186.237909	G5	64	119	0	5
1007	185.993862	186.395647	A#2	64	97	1	-5
1008	185.993862	186.401599	A#3	64	109	1	-3
1009	185.993862	186.410528	F4	64	116	0	1
1010	185.993862	186.412016	A#4	64	113	0	1
1011	185.993862	186.419456	D4	64	108	0	3
1012	186.351004	186.541480	F5	64	113	0	3
1013	186.708147	186.920944	F5	64	120	0	3
1014	187.065289	187.156063	A#4	64	110	0	1
1015	187.243860	187.355467	A#4	64	110	0	1
1016	187.422432	187.606955	F5	64	117	0	3
1017	187.422432	187.888205	G4	64	114	0	3
1018	187.422432	187.917967	D4	64	113	0	3
1019	187.422432	187.928383	G2	64	94	1	-3
1020	187.422432	187.928383	G3	64	94	1	-1
1021	187.422432	187.929872	A#3	64	106	1	-3
1022	187.958145	187.970050	F5	64	116	0	3
1023	188.136717	188.148621	F5	64	119	0	3
1024	188.493859	188.670942	A#4	64	116	0	1
1025	188.851002	189.072728	D#5	64	123	0	1
1026	189.208144	189.406061	D#5	64	114	0	1
1027	189.208144	189.388203	G4	64	110	0	3
1028	189.208144	189.407549	C3	64	96	1	-3
1029	189.208144	189.416477	C4	64	104	0	1
1030	189.208144	189.422430	D#4	64	113	0	4
1031	189.565287	189.812310	D#5	64	110	0	1
1032	189.565287	189.763203	C3	64	120	1	-3
1033	189.565287	189.764691	G4	64	116	0	3
1034	189.565287	189.769155	C4	64	104	0	1
1035	189.565287	189.806358	D#4	64	119	0	4
1036	189.922429	190.020643	C5	64	107	0	3
1037	190.101000	190.214095	C5	64	98	0	3
1038	190.279572	190.426893	D#5	64	119	0	1
1039	190.279572	190.842071	C4	64	104	0	1
1040	190.279572	190.842071	D#4	64	113	0	4
1041	190.279572	191.139690	G#2	64	109	1	-2
1042	190.279572	191.142666	G#3	64	109	1	-5
1043	190.636714	190.821238	D#5	64	119	0	1
1044	190.993857	191.167964	D#5	64	123	0	1
1045	190.993857	191.455166	C4	64	110	0	1
1046	190.993857	191.495344	D#4	64	116	0	4
1047	191.350999	191.435820	D#5	64	116	0	1
1048	191.350999	191.434332	G#2	64	93	1	-2
1049	191.350999	191.452189	G#3	64	103	1	-5
1050	191.529570	191.638201	G5	64	108	0	5
1051	191.708142	191.950701	F5	64	110	0	3
1052	191.708142	192.234927	F4	64	114	0	1
1053	191.708142	192.246832	D4	64	114	0	3
1054	191.708142	192.495343	A#2	64	97	1	-5
1055	191.708142	192.511712	A#3	64	103	1	-3
1056	192.065284	192.228974	F5	64	114	0	3
1057	192.422427	192.648617	F5	64	119	0	3
1058	192.422427	192.757248	F4	64	116	0	1
1059	192.422427	192.806355	D4	64	117	0	3
1060	192.779569	192.837605	A#2	64	93	1	-5
1061	192.779569	192.859926	A#3	64	100	1	-3
1062	193.136712	193.331652	F5	64	117	0	3
1063	193.136712	193.666473	A#4	64	97	0	1
1064	193.136712	193.678378	G4	64	114	0	3
1065	193.136712	193.685818	D#4	64	97	0	4
1066	193.136712	193.883735	D#2	64	90	1	-2
1067	193.136712	193.898616	D#3	64	95	1	-5
1068	193.493854	193.760223	F5	64	117	0	3
1069	193.850997	194.056354	D#5	64	113	0	1
1070	193.850997	194.109925	G4	64	113	0	3
1071	193.850997	194.117365	A#4	64	95	0	1
1072	193.850997	194.133734	D#4	64	95	0	4
1073	194.208139	194.400103	F5	64	116	0	3
1074	194.208139	194.254270	D#2	64	85	1	-2
1075	194.208139	194.294449	D#3	64	95	1	-5
1076	194.565282	194.886710	G5	64	119	0	5
1077	194.565282	194.882246	G3	64	90	1	-1
1078	194.565282	194.909031	G2	64	88	1	-3
1079	194.565282	195.062305	G4	64	107	0	3
1080	194.565282	195.127781	D4	64	119	0	3
1081	194.565282	195.136710	B3	64	110	1	-2
1082	195.100995	195.339090	G3	64	114	1	-1
1083	195.100995	195.342067	G2	64	104	1	-3
1084	195.279567	195.730459	B3	64	117	1	-2
1085	195.279567	195.734923	G4	64	116	0	3
1086	195.279567	195.772126	D4	64	123	0	3
1087	195.636709	195.739388	C5	64	113	0	3
1088	195.636709	195.727483	G2	64	94	1	-3
1089	195.636709	195.761709	G3	64	113	1	-1
1090	195.815280	195.935816	C5	64	100	0	3
1091	195.993852	196.211113	G5	64	120	0	5
1092	195.993852	196.129268	G4	64	114	0	3
1093	195.993852	196.147125	C3	64	113	1	-3
1094	195.993852	196.150101	D#4	64	119	0	4
1095	195.993852	196.154566	C4	64	110	0	1
1096	196.350994	196.429863	G5	64	117	0	5
1097	196.350994	196.822720	G4	64	113	0	3
1098	196.350994	196.849506	C4	64	114	0	1
1099	196.350994	196.855458	D#4	64	123	0	4
1100	196.350994	197.041470	C3	64	116	1	-3
1101	196.529565	196.605458	G5	64	108	0	5
1102	196.708137	196.845041	G5	64	117	0	5
1103	196.708137	196.944744	G3	64	87	1	-1
1104	197.065279	197.282541	C5	64	116	0	3
1105	197.065279	197.227481	G4	64	110	0	3
1106	197.065279	197.243850	C4	64	107	0	1
1107	197.065279	197.264684	D#4	64	116	0	4
1108	197.422422	197.666469	G5	64	119	0	5
1109	197.422422	197.492362	A#3	64	93	1	-3
1110	197.422422	198.303373	A#2	64	100	1	-5
1111	197.779564	197.970040	F5	64	113	0	3
1112	197.779564	198.264683	A#3	64	103	1	-3
1113	198.136707	198.349504	F5	64	120	0	3
1114	198.136707	198.839087	A#4	64	116	0	1
1115	198.136707	198.840575	F4	64	117	0	1
1116	198.136707	198.849504	D4	64	113	0	3
1117	198.493849	198.584623	A#4	64	110	0	1
1118	198.672420	198.784027	A#4	64	110	0	1
1119	198.850992	199.035515	F5	64	117	0	3
1120	198.850992	199.949205	G2	64	100	1	-3
1121	199.208134	199.656050	G3	64	86	1	-1
1122	199.386705	199.398610	F5	64	116	0	3
1123	199.565277	199.577181	F5	64	119	0	3
1124	199.565277	199.971526	A#3	64	103	1	-3
1125	199.565277	200.151586	G4	64	104	0	3
1126	199.922419	200.099502	A#5	64	116	0	3
1127	199.922419	200.298907	G3	64	90	1	-1
1128	200.279562	200.501288	F5	64	123	0	3
1129	200.279562	200.836109	C4	64	87	0	1
1130	200.279562	200.853966	G4	64	89	0	3
1131	200.279562	200.885216	D#4	64	91	0	4
1132	200.279562	201.410513	C3	64	91	1	-3
1133	200.636704	200.834621	D#5	64	114	0	1
1134	200.815275	201.080156	G3	64	89	1	-1
1135	200.993847	201.240870	D#5	64	110	0	1
1136	200.993847	201.714084	D4	64	107	0	3
1137	201.350989	201.449203	C5	64	107	0	3
1138	201.350989	201.443251	G3	64	88	1	-1
1139	201.529560	201.642655	C5	64	98	0	3
1140	201.708132	201.855453	D#5	64	119	0	1
1141	201.708132	202.791464	G#2	64	109	1	-2
1142	202.065274	202.249798	D#5	64	119	0	1
1143	202.065274	202.519143	G#3	64	91	1	-5
1144	202.422417	202.596524	D#5	64	123	0	1
1145	202.422417	203.115868	C4	64	96	0	1
1146	202.422417	203.157535	D#4	64	109	0	4
1147	202.422417	203.164975	G#4	64	100	0	4
1148	202.779559	202.864380	D#5	64	116	0	1
1149	202.779559	203.114380	G#3	64	89	1	-5
1150	202.958130	203.066761	G5	64	108	0	5
1151	203.136702	203.379261	F5	64	110	0	3
1152	203.136702	204.313784	A#2	64	106	1	-5
1153	203.493844	203.657534	F5	64	114	0	3
1154	203.493844	203.938784	A#3	64	93	1	-3
1155	203.850987	204.077177	F5	64	119	0	3
1156	203.850987	204.602474	A#4	64	97	0	1
1157	203.850987	204.664974	D4	64	102	0	3
1158	204.208129	204.325689	A#3	64	89	1	-3
1159	204.565272	204.772117	D5	64	116	0	5
1160	204.565272	205.614378	G2	64	102	1	-3
1161	204.922414	205.159021	D5	64	113	0	5
1162	204.922414	205.365866	G3	64	87	1	-1
1163	205.279557	205.493842	A#4	64	119	0	1
1164	205.279557	205.697711	A#3	64	88	1	-3
1165	205.279557	205.831639	G4	64	88	0	3
1166	205.636699	205.833127	C5	64	113	0	3
1167	205.636699	206.014675	G3	64	88	1	-1
1168	205.993842	206.382234	C5	64	116	0	3
1169	205.993842	206.373306	G4	64	87	0	3
1170	205.993842	206.447710	C4	64	84	0	1
1171	205.993842	206.511698	D#4	64	87	0	4
1172	205.993842	206.917948	C3	64	82	1	-3
1173	206.350984	206.810805	G3	64	82	1	-1
1174	206.708127	207.151579	G4	64	92	0	3
1175	206.708127	207.353959	D4	64	104	0	3
1176	207.422412	207.833125	G#4	64	90	0	4
1177	207.422412	207.910506	C4	64	86	0	1
1178	207.422412	208.053363	D#4	64	83	0	4
1179	207.422412	208.062292	G4	64	88	0	3
1180	207.422412	208.495327	G#2	64	87	1	-2
1181	207.779554	208.200685	G#3	64	82	1	-5
1182	208.136697	208.435803	C4	64	88	0	1
1183	208.136697	208.478958	D#4	64	90	0	4
1184	208.136697	208.495327	G#4	64	87	0	4
1185	208.493839	208.743839	D#5	64	113	0	1
1186	208.493839	208.846517	G#3	64	82	1	-5
1187	208.850982	209.121815	G5	64	116	0	5
1188	208.850982	209.179850	F4	64	94	0	1
1189	208.850982	209.193243	D4	64	87	0	3
1190	208.850982	209.874790	A#2	64	83	1	-5
1191	209.208124	210.398599	F5	64	119	0	3
1192	209.208124	209.821219	A#3	64	86	1	-3
1193	209.565267	209.833123	G#4	64	90	0	4
1194	209.565267	210.099492	D4	64	90	0	3
1195	210.279552	212.526573	A#3	64	88	1	-3
1196	210.279552	212.539966	G2	64	80	1	-3
1197	210.279552	212.545918	G4	64	92	0	3
1198	211.708122	212.144133	A#4	64	123	0	1
1199	212.422407	212.794430	C5	64	119	0	3
1200	213.136692	213.581632	C5	64	116	0	3
1201	213.136692	213.462584	C4	64	73	0	1
1202	213.136692	213.864369	G4	64	78	0	3
1203	213.136692	214.035500	D#4	64	77	0	4
1204	213.136692	214.303357	C3	64	81	1	-3
1205	213.493834	214.292940	G3	64	71	1	-1
1206	213.850977	214.251274	C4	64	78	0	1
1207	214.565262	215.666451	A#2	64	81	1	-5
1208	214.922404	215.624784	A#3	64	79	1	-3
1209	215.279547	216.039963	A#4	64	82	0	1
1210	215.279547	216.066748	D4	64	81	0	3
1211	215.993832	217.025081	G#2	64	93	1	-2
1212	216.350974	217.105438	G#3	64	81	1	-5
1213	216.708117	217.477461	C4	64	81	0	1
1214	217.065259	217.477461	D#4	64	84	0	4
1215	217.422402	218.414960	C3	64	85	1	-3
1216	217.779544	218.431329	G3	64	83	1	-1
1217	218.136687	218.510198	D#4	64	82	0	4
1218	218.493829	218.949186	D4	64	87	0	3
1219	218.850972	219.925375	G#2	64	87	1	-2
1220	219.208114	219.987875	G#3	64	83	1	-5
1221	219.565257	220.151566	C4	64	81	0	1
1222	219.922399	220.347994	D#4	64	84	0	4
1223	220.279542	221.086088	A#2	64	85	1	-5
1224	220.636684	221.041446	A#3	64	82	1	-3
1225	220.993827	221.346505	D4	64	83	0	3
1226	221.350969	221.898588	G2	64	80	1	-3
1227	221.708112	222.187278	G4	64	76	0	3
1228	221.708112	222.292932	C4	64	79	0	1
1229	221.708112	222.702158	D#4	64	76	0	4
1230	221.886683	225.748286	C3	64	80	1	-3
1231	222.600968	225.477453	G3	64	70	1	-1
1232	223.136682	225.587572	C4	64	79	0	1
1233	223.493824	223.880728	G4	64	72	0	3
1234	224.029538	224.242335	C5	64	38	0	3
1235	224.386680	225.633703	G5	64	79	0	5
1236	224.565252	225.517632	D#5	64	78	0	1
