//Version: PianoFingering_v170101
0	9.732138	11.642851	F#2	64	86	1	-4
1	9.999995	11.921869	C#3	64	69	1	-2
2	10.267852	11.982136	F#3	64	77	1	-2
3	10.535709	12.627225	F4	64	85	0	1
4	11.874994	13.566957	F#2	64	68	1	-4
5	12.142851	13.676332	C#3	64	44	1	-2
6	12.410708	13.006689	F#3	64	68	1	-2
7	12.678565	13.486600	A#3	64	80	1	-3
8	12.946422	13.459814	F4	64	108	0	1
9	13.214279	14.006689	F#3	64	78	1	-2
10	13.482136	14.017850	C4	64	84	0	1
11	13.749993	15.323653	F4	64	87	0	1
12	14.017850	14.261153	A#3	64	69	1	-3
13	14.017850	14.531242	C#4	64	72	0	2
14	14.017850	15.937492	A#2	64	75	1	-5
15	14.285707	16.127224	F3	64	71	1	-3
16	14.553564	16.122759	A#3	64	83	1	-3
17	14.821421	15.669635	C4	64	85	0	1
18	15.357135	15.888384	C#4	64	86	0	2
19	15.892849	16.794634	C4	64	84	0	1
20	15.892849	16.930795	F4	64	87	0	1
21	16.160706	18.004455	A#2	64	83	1	-5
22	16.428563	18.055794	F3	64	71	1	-3
23	16.696420	18.127222	A#3	64	84	1	-3
24	16.964277	18.321419	C4	64	83	0	1
25	17.232134	17.966508	C#4	64	81	0	2
26	17.767848	17.982133	F4	64	81	0	1
27	18.035705	18.316955	F#4	64	84	0	2
28	18.303562	20.207579	F#2	64	83	1	-4
29	18.571419	20.444186	C#3	64	68	1	-2
30	18.839276	20.517846	F#3	64	80	1	-2
31	19.107133	19.680793	F4	64	93	0	1
32	19.642847	20.964275	C#4	64	83	0	2
33	20.178561	20.982132	A#3	64	75	1	-3
34	20.446418	22.328113	F#2	64	79	1	-4
35	20.714275	22.602667	C#3	64	79	1	-2
36	20.982132	21.502221	F#3	64	87	1	-2
37	21.249989	22.212042	A#3	64	87	1	-3
38	21.517846	22.087042	F4	64	94	0	1
39	21.785703	22.627220	F#3	64	82	1	-2
40	22.053560	22.792399	C#4	64	82	0	2
41	22.321417	22.774541	A#3	64	85	1	-3
42	22.589274	25.953111	G#2	64	87	1	-2
43	22.857131	25.908468	D#3	64	75	1	-5
44	23.124988	25.879450	G#3	64	84	1	-5
45	23.392845	25.872754	C4	64	80	0	1
46	23.928559	25.906236	D#4	64	85	0	4
47	24.732130	25.830343	G#4	64	76	0	4
48	26.874986	28.794628	F#2	64	83	1	-4
49	27.142843	28.124985	F#3	64	81	1	-2
50	27.410700	27.575878	F5	64	113	0	3
51	27.410700	29.098199	A#3	64	81	1	-3
52	27.678557	27.852664	F5	64	114	0	3
53	27.678557	28.669628	F4	64	88	0	1
54	27.946414	28.180789	F5	64	119	0	3
55	28.482128	28.662931	C#5	64	116	0	4
56	28.482128	29.053556	F#3	64	67	1	-2
57	28.749985	29.040163	G#5	64	123	0	1
58	28.749985	29.131681	C#4	64	83	0	2
59	29.017842	30.700876	F#2	64	83	1	-4
60	29.285699	30.723198	C#3	64	81	1	-2
61	29.553556	29.825877	F5	64	120	0	3
62	29.553556	31.140608	F#3	64	81	1	-2
63	29.821413	30.622752	F4	64	92	0	1
64	29.821413	30.691948	A#3	64	88	1	-3
65	30.089270	30.424091	C#5	64	119	0	4
66	30.624984	30.890609	F5	64	120	0	3
67	30.624984	30.939716	C4	64	87	0	1
68	30.892841	31.156233	A#3	64	74	1	-3
69	30.892841	31.220965	C#4	64	84	0	2
70	31.160698	31.549090	C#5	64	119	0	4
71	31.160698	35.198642	A#2	64	84	1	-5
72	31.428555	34.712035	F3	64	76	1	-3
73	31.696412	32.227661	A#3	64	82	1	-3
74	31.964269	32.377215	A#4	64	119	0	1
75	31.964269	32.725429	C5	64	98	0	3
76	31.964269	33.575875	F4	64	88	0	1
77	32.499983	33.111589	A#3	64	78	1	-3
78	32.767840	33.031232	C#5	64	88	0	4
79	33.035697	33.573643	A#4	64	87	0	1
80	33.303554	34.196410	A#3	64	76	1	-3
81	33.839268	34.593732	C4	64	80	0	1
82	34.107125	34.863821	C#4	64	100	0	2
83	34.910696	35.723195	C4	64	84	0	1
84	35.178553	35.950874	F4	64	88	0	1
85	35.446410	39.218729	F#2	64	85	1	-4
86	35.714267	37.774533	C#3	64	81	1	-2
87	35.982124	36.111588	F5	64	119	0	3
88	35.982124	37.830337	F#3	64	88	1	-2
89	36.249981	36.372748	F5	64	110	0	3
90	36.249981	36.919623	A#3	64	83	1	-3
91	36.517838	36.796855	F5	64	117	0	3
92	36.517838	37.292391	C#4	64	89	0	2
93	37.053552	37.187480	C#5	64	94	0	4
94	37.053552	38.517837	A#3	64	82	1	-3
95	37.321409	37.620516	G#5	64	110	0	1
96	37.321409	38.395069	F4	64	88	0	1
97	38.124980	38.401765	F5	64	110	0	3
98	38.124980	39.290158	C#3	64	72	1	-2
99	38.392837	39.497747	F#3	64	86	1	-2
100	38.660694	38.959801	C#5	64	107	0	4
101	38.660694	39.033461	C4	64	91	0	1
102	38.928551	39.379443	F4	64	96	0	1
103	39.196408	39.488818	D#5	64	114	0	1
104	39.196408	39.796854	C4	64	88	0	1
105	39.732122	40.082568	A#3	64	76	1	-3
106	39.732122	40.486586	C#4	64	86	0	2
107	39.732122	43.562477	A#2	64	77	1	-5
108	39.999979	42.700870	F3	64	74	1	-3
109	40.267836	40.642835	F5	64	117	0	3
110	40.267836	40.883907	A#3	64	81	1	-3
111	40.535693	41.183014	C4	64	89	0	1
112	40.535693	41.189710	F4	64	91	0	1
113	41.071407	41.665156	A#3	64	78	1	-3
114	41.339264	42.254442	C#4	64	87	0	2
115	41.607121	41.995513	A#4	64	100	0	1
116	41.874978	42.361585	A#3	64	76	1	-3
117	42.142835	42.953102	F4	64	88	0	1
118	42.678549	43.752209	C4	64	84	0	1
119	42.946406	43.180781	A#4	64	117	0	1
120	42.946406	43.401763	F3	64	83	1	-3
121	43.214263	43.439709	C5	64	102	0	3
122	43.214263	43.508905	C#4	64	84	0	2
123	43.482120	43.734352	C#5	64	113	0	4
124	43.749977	44.064709	A#4	64	114	0	1
125	43.749977	44.790155	A#3	64	86	1	-3
126	44.017834	44.676315	F4	64	88	0	1
127	44.017834	46.002208	F#2	64	87	1	-4
128	44.285691	44.745512	A#5	64	114	0	3
129	44.285691	46.203100	C#3	64	78	1	-2
130	44.553548	46.109350	F#3	64	83	1	-2
131	44.821405	45.584797	F4	64	90	0	1
132	45.624976	46.196404	C#4	64	84	0	2
133	45.892833	46.703100	A#3	64	79	1	-3
134	46.160690	47.678546	F#2	64	81	1	-4
135	46.428547	47.747742	C#3	64	76	1	-2
136	46.696404	47.792385	F#3	64	84	1	-2
137	46.964261	47.080332	A#4	64	116	0	1
138	46.964261	47.578100	A#3	64	86	1	-3
139	47.232118	47.410689	A#4	64	113	0	1
140	47.232118	47.562475	F4	64	104	0	1
141	47.499975	47.611582	C#5	64	117	0	4
142	47.499975	47.803546	C#4	64	83	0	2
143	47.767832	48.064707	C#5	64	114	0	4
144	47.767832	48.136135	A#3	64	85	1	-3
145	48.035689	48.372742	F4	64	91	0	1
146	48.303546	48.707563	C6	64	120	0	5
147	48.303546	50.071402	F3	64	88	1	-3
148	48.571403	49.354884	C4	64	86	0	1
149	48.839260	49.292384	G#5	64	119	0	1
150	48.839260	49.946402	F4	64	82	0	1
151	49.107117	49.727652	C5	64	113	0	3
152	49.642831	50.037920	C4	64	83	0	1
153	49.910688	50.573634	G#4	64	87	0	4
154	50.446402	51.372740	C4	64	81	0	1
155	50.446402	51.408455	F4	64	88	0	1
156	50.446402	52.053544	F2	64	77	1	-5
157	51.249973	52.046847	F3	64	73	1	-3
158	51.517830	51.868276	F5	64	110	0	3
159	51.517830	52.064704	C4	64	88	0	1
160	51.785687	52.124972	F4	64	89	0	1
161	52.053544	52.281222	G#5	64	107	0	1
162	52.053544	52.593722	C#4	64	87	0	2
163	52.589258	52.953097	F#5	64	116	0	4
164	52.589258	54.515596	D#2	64	87	1	-2
165	52.857115	53.526757	D#3	64	80	1	-5
166	53.124972	53.419614	F#3	64	81	1	-2
167	53.392829	53.796846	F5	64	114	0	3
168	53.392829	54.220953	D#4	64	89	0	4
169	53.928543	56.439702	D#3	64	80	1	-5
170	54.196400	54.553542	G5	64	113	0	5
171	54.196400	54.685239	A#3	64	86	1	-3
172	54.732114	55.819167	D#4	64	90	0	4
173	54.732114	56.366041	D#2	64	83	1	-2
174	54.732114	56.399523	G3	64	86	1	-1
175	55.803542	56.294613	A#4	64	116	0	1
176	55.803542	56.895059	A#3	64	86	1	-3
177	56.339256	56.747738	G#5	64	117	0	1
178	56.339256	56.973184	D#4	64	88	0	4
179	56.874970	60.607111	G#2	64	86	1	-2
180	57.142827	60.640593	D#3	64	77	1	-5
181	57.410684	58.089255	F5	64	119	0	3
182	57.410684	57.988808	G#3	64	82	1	-5
183	57.678541	58.008898	A#3	64	88	1	-3
184	57.946398	58.241040	C4	64	91	0	1
185	58.214255	59.582558	G#3	64	86	1	-5
186	58.482112	58.881665	D#4	64	88	0	4
187	58.749969	59.957557	G#4	64	82	0	4
188	59.017826	59.901754	C5	64	92	0	3
189	59.017826	59.944164	D#4	64	76	0	4
190	59.821397	60.649521	G#3	64	82	1	-5
191	60.089254	60.944164	C5	64	98	0	3
192	60.089254	61.066932	D#4	64	89	0	4
193	60.624968	61.017825	G#4	64	84	0	4
194	61.160682	61.792378	C#4	64	85	0	2
195	61.160682	61.808003	F4	64	85	0	1
196	61.160682	61.812467	A#3	64	79	1	-3
197	61.160682	64.874965	F#2	64	81	1	-4
198	61.696396	61.861574	F5	64	113	0	3
199	61.696396	62.593717	F#3	64	74	1	-2
200	61.964253	62.138360	F5	64	114	0	3
201	62.232110	62.466485	F5	64	119	0	3
202	62.232110	62.863806	C#4	64	91	0	2
203	62.232110	63.113806	F4	64	89	0	1
204	62.232110	63.122734	A#3	64	86	1	-3
205	62.767824	62.948627	C#5	64	116	0	4
206	63.035681	63.325859	G#5	64	123	0	1
207	63.303538	63.984341	F4	64	82	0	1
208	63.303538	64.095948	A#3	64	78	1	-3
209	63.303538	64.120502	C#4	64	82	0	2
210	63.839252	64.111573	F5	64	120	0	3
211	64.107109	65.022287	F#3	64	78	1	-2
212	64.374966	64.709787	C#5	64	119	0	4
213	64.374966	64.950858	F4	64	87	0	1
214	64.374966	64.984340	A#3	64	89	1	-3
215	64.910680	65.176305	F5	64	120	0	3
216	64.910680	65.441929	C4	64	88	0	1
217	65.446394	65.834786	C#5	64	119	0	4
218	65.446394	65.805768	A#3	64	78	1	-3
219	65.446394	66.051304	C#4	64	87	0	2
220	65.446394	66.276750	F4	64	87	0	1
221	65.446394	69.258892	A#2	64	77	1	-5
222	65.982108	68.368267	F3	64	63	1	-3
223	66.249965	66.662911	A#4	64	119	0	1
224	66.249965	66.676304	A#3	64	80	1	-3
225	66.517822	66.975411	C4	64	88	0	1
226	66.517822	67.055768	F4	64	96	0	1
227	67.053536	68.370499	A#3	64	81	1	-3
228	67.321393	67.520053	A#4	64	94	0	1
229	67.321393	67.991035	C#4	64	88	0	2
230	67.857107	68.638356	F4	64	88	0	1
231	68.392821	69.232106	C4	64	86	0	1
232	68.660678	69.064695	F3	64	89	1	-3
233	69.196392	70.564695	C#4	64	89	0	2
234	69.732106	70.426302	A#3	64	81	1	-3
235	69.732106	70.502195	F4	64	86	0	1
236	69.732106	73.468711	F#2	64	77	1	-4
237	70.267820	70.397284	F5	64	119	0	3
238	70.535677	70.658444	F5	64	110	0	3
239	70.535677	70.973176	F#3	64	65	1	-2
240	70.803534	71.082551	F5	64	117	0	3
241	70.803534	71.571390	F4	64	88	0	1
242	70.803534	71.602640	C#4	64	88	0	2
243	70.803534	71.732105	A#3	64	86	1	-3
244	71.339248	71.473176	C#5	64	94	0	4
245	71.607105	71.906212	G#5	64	110	0	1
246	71.874962	72.611568	A#3	64	86	1	-3
247	71.874962	72.714247	F4	64	89	0	1
248	72.410676	72.687461	F5	64	110	0	3
249	72.410676	72.796836	C4	64	80	0	1
250	72.678533	73.778979	F#3	64	87	1	-2
251	72.946390	73.245497	C#5	64	107	0	4
252	72.946390	73.506657	F4	64	94	0	1
253	72.946390	73.575854	A#3	64	92	1	-3
254	73.482104	73.774514	D#5	64	114	0	1
255	73.482104	73.995496	C4	64	88	0	1
256	74.017818	74.285675	A#3	64	81	1	-3
257	74.017818	74.633889	F4	64	86	0	1
258	74.017818	77.763351	A#2	64	78	1	-5
259	74.285675	76.955316	F3	64	81	1	-3
260	74.553532	74.928531	F5	64	117	0	3
261	74.553532	75.232103	A#3	64	86	1	-3
262	74.821389	75.794602	C#4	64	81	0	2
263	75.089246	75.975406	A#4	64	102	0	1
264	75.357103	76.011120	A#3	64	86	1	-3
265	75.624960	75.895049	D#4	64	86	0	4
266	75.892817	76.430763	C#4	64	78	0	2
267	75.892817	76.716477	F4	64	96	0	1
268	76.428531	77.008888	C4	64	81	0	1
269	76.964245	77.424066	C#4	64	88	0	2
270	77.232102	77.466477	A#4	64	117	0	1
271	77.232102	77.640584	F3	64	88	1	-3
272	77.499959	77.725405	C5	64	102	0	3
273	77.499959	77.897280	C4	64	86	0	1
274	77.767816	78.020048	C#5	64	113	0	4
275	77.767816	78.801297	C#4	64	83	0	2
276	78.035673	78.350405	A#4	64	114	0	1
277	78.303530	78.754422	A#3	64	84	1	-3
278	78.303530	79.104869	F4	64	88	0	1
279	78.303530	80.024511	F#2	64	85	1	-4
280	78.839244	79.299065	A#5	64	114	0	3
281	79.107101	81.153975	F#3	64	76	1	-2
282	79.374958	80.004422	F4	64	91	0	1
283	79.374958	80.281207	A#3	64	90	1	-3
284	79.910672	80.401743	C#4	64	80	0	2
285	80.446386	81.602635	A#3	64	87	1	-3
286	80.446386	81.645046	F4	64	91	0	1
287	81.249957	81.366028	A#4	64	116	0	1
288	81.249957	82.198617	F#2	64	88	1	-4
289	81.517814	81.696385	A#4	64	113	0	1
290	81.517814	81.917367	F#3	64	92	1	-2
291	81.785671	81.897278	C#5	64	117	0	4
292	81.785671	82.151742	A#3	64	91	1	-3
293	82.053528	82.350403	C#5	64	114	0	4
294	82.053528	82.381652	C#4	64	100	0	2
295	82.321385	83.524509	G#4	64	100	0	4
296	82.589242	82.993259	C6	64	120	0	5
297	82.589242	83.392813	F4	64	94	0	1
298	82.589242	83.468705	C4	64	86	0	1
299	82.589242	86.352633	F2	64	88	1	-5
300	83.124956	83.578080	G#5	64	119	0	1
301	83.392813	83.807991	F3	64	74	1	-3
302	83.660670	84.504419	F4	64	102	0	1
303	83.660670	84.528973	C4	64	98	0	1
304	83.660670	84.537901	G#4	64	93	0	4
305	84.732098	85.502187	C4	64	91	0	1
306	84.732098	85.549062	F4	64	96	0	1
307	84.732098	85.564687	G#4	64	89	0	4
308	85.535669	86.435222	F3	64	86	1	-3
309	85.803526	86.153972	F5	64	110	0	3
310	85.803526	86.368258	C4	64	92	0	1
311	86.339240	86.566918	G#5	64	107	0	1
312	86.339240	86.439686	F4	64	88	0	1
313	86.339240	86.832543	G#4	64	96	0	4
314	86.874954	87.238793	F#5	64	116	0	4
315	86.874954	87.457543	D#4	64	88	0	4
316	86.874954	87.629418	A#3	64	83	1	-3
317	86.874954	87.712007	F#4	64	86	0	2
318	86.874954	88.587006	D#2	64	86	1	-2
319	87.678525	88.082542	F5	64	114	0	3
320	87.678525	88.131649	D#3	64	82	1	-5
321	87.946382	88.602631	A#3	64	92	1	-3
322	87.946382	88.705310	F#4	64	91	0	2
323	88.482096	88.839238	G5	64	113	0	5
324	88.482096	89.013345	D#3	64	80	1	-5
325	89.017810	89.852631	A#3	64	87	1	-3
326	89.017810	89.877184	D#4	64	98	0	4
327	89.017810	89.888345	G4	64	89	0	3
328	89.017810	90.526737	D#2	64	84	1	-2
329	89.821381	90.758880	D#3	64	84	1	-5
330	90.089238	90.580309	A#4	64	116	0	1
331	90.089238	90.723166	A#3	64	100	1	-3
332	90.624952	91.033434	G#5	64	117	0	1
333	90.624952	91.120487	G4	64	106	0	3
334	91.160666	91.866022	F4	64	89	0	1
335	91.160666	91.881647	C4	64	86	0	1
336	91.160666	91.892808	A3	64	84	1	-4
337	91.160666	92.767808	F2	64	82	1	-5
338	91.696380	92.374951	F5	64	119	0	3
339	91.964237	92.386111	F3	64	80	1	-3
340	92.232094	92.790129	F4	64	94	0	1
341	92.232094	92.924058	A3	64	93	1	-4
342	92.767808	93.160665	C4	64	80	0	1
343	92.767808	93.290129	F3	64	83	1	-3
344	93.303522	94.698610	A3	64	88	1	-4
345	93.303522	94.738789	F4	64	102	0	1
346	93.303522	94.743253	F2	64	87	1	-5
347	93.303522	94.765574	C4	64	98	0	1
348	95.446378	95.868252	C#5	64	119	0	4
349	95.446378	95.924056	C#4	64	90	0	2
350	95.446378	96.087002	F4	64	92	0	1
351	95.446378	96.169592	G#4	64	93	0	4
352	95.446378	96.966466	C#3	64	86	1	-2
353	95.982092	96.276734	G#5	64	120	0	1
354	95.982092	96.950841	G#3	64	72	1	-5
355	96.249949	96.781198	C#4	64	88	0	2
356	96.517806	96.863788	G#5	64	120	0	1
357	96.517806	97.156198	F4	64	93	0	1
358	96.517806	97.388341	C#5	64	94	0	4
359	96.517806	97.462002	G#4	64	104	0	4
360	97.053520	97.363787	F5	64	119	0	3
361	97.053520	97.263341	C#3	64	86	1	-2
362	97.589234	97.888341	D#5	64	119	0	1
363	97.589234	98.343698	G#4	64	90	0	4
364	97.589234	98.381644	C4	64	89	0	1
365	97.589234	98.388340	D#4	64	98	0	4
366	97.589234	98.897269	G#2	64	88	1	-2
367	98.124948	98.430751	A#5	64	119	0	3
368	98.392805	98.906197	G#3	64	83	1	-5
369	98.660662	98.984322	A#5	64	119	0	3
370	98.660662	99.341465	G#4	64	90	0	4
371	98.660662	99.361554	C4	64	93	0	1
372	98.660662	99.392804	D#4	64	108	0	4
373	99.196376	99.343697	D#5	64	113	0	1
374	99.196376	99.569143	G#2	64	81	1	-2
375	99.732090	100.040125	C#6	64	119	0	1
376	99.732090	100.325839	F4	64	100	0	1
377	99.732090	100.337000	A#4	64	94	0	1
378	99.732090	100.352625	C#4	64	90	0	2
379	99.732090	100.959768	A#2	64	86	1	-5
380	100.267804	100.504411	C6	64	119	0	5
381	100.535661	100.810214	A#5	64	120	0	3
382	100.535661	100.982089	A#3	64	67	1	-3
383	100.803518	101.403964	C#4	64	91	0	2
384	100.803518	101.421821	A#4	64	92	0	1
385	100.803518	101.689678	F4	64	100	0	1
386	101.339232	101.689678	G#5	64	102	0	1
387	101.339232	101.676285	A#2	64	88	1	-5
388	101.874946	102.238785	F5	64	117	0	3
389	101.874946	102.618249	C4	64	90	0	1
390	101.874946	102.627177	G#4	64	93	0	4
391	101.874946	102.665124	F4	64	100	0	1
392	101.874946	103.542355	F2	64	88	1	-5
393	102.678517	103.024499	F3	64	87	1	-3
394	102.946374	103.368248	G#4	64	107	0	4
395	102.946374	103.374945	C4	64	110	0	1
396	103.214231	103.758873	F3	64	93	1	-3
397	103.482088	103.689677	F5	64	113	0	3
398	103.482088	103.720927	F4	64	110	0	1
399	103.749945	103.948605	F#5	64	108	0	4
400	103.749945	103.906195	G#4	64	85	0	4
401	104.017802	104.310212	G#5	64	114	0	1
402	104.017802	104.830301	A#3	64	91	1	-3
403	104.017802	104.832533	C#4	64	102	0	2
404	104.017802	104.834766	F#4	64	98	0	2
405	104.017802	105.812444	F#2	64	91	1	-4
406	104.553516	104.705301	C#5	64	113	0	4
407	104.821373	105.136105	C#5	64	116	0	4
408	104.821373	105.234319	F#3	64	86	1	-2
409	105.089230	105.805747	A#3	64	102	1	-3
410	105.089230	105.834765	F#4	64	100	0	2
411	105.089230	105.984318	C#4	64	108	0	2
412	105.357087	105.792354	A#5	64	117	0	3
413	105.624944	105.935211	F#3	64	88	1	-2
414	106.160658	106.466461	G#5	64	117	0	1
415	106.160658	106.883872	G#4	64	94	0	4
416	106.160658	106.935211	C4	64	92	0	1
417	106.160658	106.939675	D#4	64	104	0	4
418	106.160658	107.738782	G#2	64	84	1	-2
419	106.696372	106.821372	C#5	64	114	0	4
420	106.964229	107.140568	C#5	64	110	0	4
421	106.964229	107.345925	G#3	64	87	1	-5
422	107.232086	107.845925	C4	64	107	0	1
423	107.232086	107.919585	G#4	64	104	0	4
424	107.232086	108.156192	D#4	64	114	0	4
425	107.499943	107.950835	G#5	64	108	0	1
426	107.767800	108.189674	G#3	64	91	1	-5
427	108.303514	108.738781	F5	64	113	0	3
428	108.303514	108.589228	C#4	64	100	0	2
429	108.303514	108.888335	F4	64	113	0	1
430	108.303514	109.196370	G#4	64	104	0	4
431	108.303514	112.035655	C#3	64	98	1	-2
432	108.839228	111.836994	G#3	64	77	1	-5
433	109.107085	109.453067	C#4	64	98	0	2
434	109.374942	109.723156	D#4	64	113	0	4
435	109.642799	110.866012	C#4	64	91	0	2
436	109.910656	110.093691	F4	64	88	0	1
437	110.178513	110.694137	F4	64	104	0	1
438	110.178513	110.993244	C#5	64	114	0	4
439	110.714227	110.796816	F4	64	77	0	1
440	110.714227	111.223155	G#4	64	108	0	4
441	111.249941	111.734315	C#4	64	91	0	2
442	111.517798	111.881637	D#4	64	114	0	4
443	111.785655	112.124940	F4	64	89	0	1
444	112.053512	112.441904	G#4	64	92	0	4
445	112.589226	112.928511	C#5	64	113	0	4
446	112.589226	113.015565	C#4	64	89	0	2
447	112.589226	113.406190	G#4	64	100	0	4
448	112.589226	113.448600	F4	64	102	0	1
449	112.589226	114.345921	C#3	64	89	1	-2
450	113.124940	113.453064	G#5	64	110	0	1
451	113.124940	114.223153	G#3	64	77	1	-5
452	113.392797	114.084761	C#4	64	88	0	2
453	113.660654	113.999939	G#5	64	107	0	1
454	113.660654	114.270028	D#4	64	104	0	4
455	113.660654	114.624939	G#4	64	110	0	4
456	114.196368	114.531189	F5	64	113	0	3
457	114.196368	114.386100	F4	64	96	0	1
458	114.732082	115.082528	D#5	64	113	0	1
459	114.732082	115.066903	C4	64	89	0	1
460	114.732082	115.245474	G#4	64	90	0	4
461	114.732082	115.303510	D#4	64	102	0	4
462	114.732082	116.618241	G#2	64	86	1	-2
463	114.999939	116.685206	D#3	64	77	1	-5
464	115.267796	115.578063	A#5	64	113	0	3
465	115.267796	115.877170	G#3	64	91	1	-5
466	115.535653	115.908420	C4	64	100	0	1
467	115.535653	116.165117	G#4	64	102	0	4
468	115.803510	116.142795	A#5	64	110	0	3
469	116.071367	116.633866	G#3	64	93	1	-5
470	116.339224	116.636099	C6	64	116	0	5
471	116.339224	116.892795	D#4	64	102	0	4
472	116.607081	116.964223	G#4	64	91	0	4
473	116.874938	117.249937	C#6	64	114	0	1
474	116.874938	118.578062	A#2	64	96	1	-5
475	117.142795	118.263330	A#3	64	83	1	-3
476	117.410652	117.669580	C6	64	110	0	5
477	117.410652	117.562437	C4	64	85	0	1
478	117.410652	117.716455	C#4	64	84	0	2
479	117.678509	118.002169	A#5	64	117	0	3
480	117.678509	118.122705	F4	64	108	0	1
481	118.214223	118.667347	G#4	64	107	0	4
482	118.214223	118.752169	C#4	64	88	0	2
483	118.482080	118.716455	F5	64	108	0	3
484	118.482080	118.812437	F4	64	80	0	1
485	118.749937	119.055740	C#5	64	108	0	4
486	119.017794	119.437436	G#4	64	107	0	4
487	119.017794	119.542347	C#4	64	89	0	2
488	119.017794	120.656186	F2	64	89	1	-5
489	119.553508	120.049043	F3	64	83	1	-3
490	119.821365	120.392793	G#4	64	91	0	4
491	119.821365	120.453061	C4	64	94	0	1
492	120.357079	120.921811	F3	64	86	1	-3
493	120.624936	120.928507	A#4	64	110	0	1
494	120.624936	120.941900	C4	64	93	0	1
495	120.624936	120.966453	G#4	64	94	0	4
496	120.892793	121.095918	C5	64	108	0	3
497	121.160650	121.508864	C#5	64	116	0	4
498	121.160650	121.707524	F#4	64	98	0	2
499	121.160650	121.816899	A#3	64	88	1	-3
500	121.160650	122.823595	F#2	64	89	1	-4
501	121.696364	123.252166	F#3	64	86	1	-2
502	121.964221	122.551274	C#4	64	93	0	2
503	122.499935	122.872702	A#3	64	88	1	-3
504	122.767792	123.037881	C5	64	116	0	3
505	122.767792	123.156184	C#4	64	93	0	2
506	123.035649	123.245470	C#5	64	114	0	4
507	123.035649	124.194130	G#4	64	91	0	4
508	123.303506	123.696363	F5	64	117	0	3
509	123.303506	124.066898	C4	64	88	0	1
510	123.303506	124.138327	D#4	64	93	0	4
511	123.303506	125.078058	G#2	64	87	1	-2
512	123.839220	125.131630	D#3	64	67	1	-5
513	124.107077	125.218683	G#3	64	86	1	-5
514	124.374934	124.834755	C4	64	87	0	1
515	124.642791	124.950826	D#4	64	87	0	4
516	124.910648	125.247701	C#5	64	110	0	4
517	124.910648	125.283415	G#4	64	94	0	4
518	125.446362	125.736540	A#3	64	82	1	-3
519	125.446362	126.002165	F4	64	88	0	1
520	125.446362	126.055736	C#4	64	88	0	2
521	125.446362	129.450824	A#2	64	86	1	-5
522	125.714219	126.220915	A#4	64	108	0	1
523	125.714219	129.330288	F3	64	74	1	-3
524	125.982076	127.263325	A#3	64	88	1	-3
525	126.249933	126.555736	C4	64	87	0	1
526	126.517790	126.586986	C#4	64	88	0	2
527	126.785647	127.256629	F4	64	87	0	1
528	127.053504	127.283414	C5	64	98	0	3
529	127.321361	128.575824	F4	64	82	0	1
530	127.589218	128.517789	C#5	64	86	0	4
531	127.589218	128.540110	A#4	64	88	0	1
532	127.589218	129.325824	A#3	64	81	1	-3
533	128.660646	129.162878	C5	64	100	0	3
534	128.660646	129.682967	F4	64	83	0	1
535	129.196360	129.758859	A#4	64	89	0	1
536	129.732074	130.234306	A#3	64	85	1	-3
537	129.732074	130.258859	C#4	64	94	0	2
538	129.732074	133.439661	F#2	64	82	1	-4
539	130.267788	132.502161	F#3	64	73	1	-2
540	130.803502	131.372698	F4	64	87	0	1
541	130.803502	131.776715	A#3	64	83	1	-3
542	131.874930	132.828054	F4	64	82	0	1
543	131.874930	133.080286	A#3	64	83	1	-3
544	132.678501	133.566893	F#3	64	72	1	-2
545	132.946358	133.256625	C4	64	84	0	1
546	133.214215	133.522250	F4	64	92	0	1
547	133.482072	133.991000	C4	64	87	0	1
548	133.749929	134.624928	F4	64	87	0	1
549	134.017786	134.256625	A#3	64	81	1	-3
550	134.017786	134.564660	C#4	64	83	0	2
551	134.017786	137.743230	A#2	64	79	1	-5
552	134.553500	137.508855	F3	64	67	1	-3
553	135.089214	135.578053	C4	64	82	0	1
554	135.089214	135.638321	F4	64	87	0	1
555	135.624928	136.754391	A#3	64	68	1	-3
556	136.160642	136.615999	A#4	64	87	0	1
557	136.160642	137.093677	C#4	64	81	0	2
558	136.964213	137.424034	A#3	64	84	1	-3
559	137.232070	137.843676	C4	64	89	0	1
560	137.767784	138.274480	F4	64	91	0	1
561	138.303498	139.049033	A#3	64	84	1	-3
562	138.303498	139.151712	C#4	64	91	0	2
563	138.303498	142.216442	F#2	64	83	1	-4
564	139.107069	140.888318	F#3	64	76	1	-2
565	139.374926	140.252157	A#3	64	87	1	-3
566	139.374926	140.361532	C#4	64	91	0	2
567	140.446354	141.176264	A#3	64	84	1	-3
568	140.446354	141.283407	C#4	64	88	0	2
569	141.249925	142.515549	F#3	64	80	1	-2
570	141.517782	141.906174	A#3	64	85	1	-3
571	141.785639	142.174031	C#4	64	94	0	2
572	142.053496	142.468674	F4	64	84	0	1
573	142.589210	143.113763	A#3	64	80	1	-3
574	142.589210	143.261084	F4	64	82	0	1
575	142.589210	143.432959	C#4	64	86	0	2
576	142.589210	146.734297	A#2	64	81	1	-5
577	143.124924	146.419565	F3	64	65	1	-3
578	143.392781	143.986530	A#3	64	73	1	-3
579	143.660638	144.218673	F4	64	86	0	1
580	143.660638	144.220905	C4	64	86	0	1
581	144.196352	144.305727	C#4	64	73	0	2
582	144.196352	145.216440	A#3	64	72	1	-3
583	144.732066	145.473137	A#4	64	89	0	1
584	144.732066	145.689654	C#4	64	88	0	2
585	145.535637	146.325815	A#3	64	74	1	-3
586	145.803494	146.334743	F4	64	94	0	1
587	146.339208	146.711975	C4	64	86	0	1
588	146.874922	147.506618	C#4	64	85	0	2
589	146.874922	147.522243	F4	64	85	0	1
590	146.874922	147.526707	A#3	64	79	1	-3
591	146.874922	150.589205	F#2	64	81	1	-4
592	147.410636	147.575814	F5	64	113	0	3
593	147.410636	148.307957	F#3	64	74	1	-2
594	147.678493	147.852600	F5	64	114	0	3
595	147.946350	148.180725	F5	64	119	0	3
596	147.946350	148.578046	C#4	64	91	0	2
597	147.946350	148.828046	F4	64	89	0	1
598	147.946350	148.836974	A#3	64	86	1	-3
599	148.482064	148.662867	C#5	64	116	0	4
600	148.749921	149.040099	G#5	64	123	0	1
601	149.017778	149.698581	F4	64	82	0	1
602	149.017778	149.810188	A#3	64	78	1	-3
603	149.017778	149.834742	C#4	64	82	0	2
604	149.553492	149.825813	F5	64	120	0	3
605	149.821349	150.736527	F#3	64	78	1	-2
606	150.089206	150.424027	C#5	64	119	0	4
607	150.089206	150.665098	F4	64	87	0	1
608	150.089206	150.698580	A#3	64	89	1	-3
609	150.624920	150.890545	F5	64	120	0	3
610	150.624920	151.156169	C4	64	88	0	1
611	151.160634	151.549026	C#5	64	119	0	4
612	151.160634	151.520008	A#3	64	78	1	-3
613	151.160634	151.765544	C#4	64	87	0	2
614	151.160634	151.990990	F4	64	87	0	1
615	151.160634	154.973132	A#2	64	77	1	-5
616	151.696348	154.082507	F3	64	63	1	-3
617	151.964205	152.377151	A#4	64	119	0	1
618	151.964205	152.390544	A#3	64	80	1	-3
619	152.232062	152.689651	C4	64	88	0	1
620	152.232062	152.770008	F4	64	96	0	1
621	152.767776	154.084739	A#3	64	81	1	-3
622	153.035633	153.234293	A#4	64	94	0	1
623	153.035633	153.705275	C#4	64	88	0	2
624	153.571347	154.352596	F4	64	88	0	1
625	154.107061	154.946346	C4	64	86	0	1
626	154.374918	154.778935	F3	64	89	1	-3
627	154.910632	156.278935	C#4	64	89	0	2
628	155.446346	156.140542	A#3	64	81	1	-3
629	155.446346	156.216435	F4	64	86	0	1
630	155.446346	159.182951	F#2	64	77	1	-4
631	155.982060	156.111524	F5	64	119	0	3
632	156.249917	156.372684	F5	64	110	0	3
633	156.249917	156.687416	F#3	64	65	1	-2
634	156.517774	156.796791	F5	64	117	0	3
635	156.517774	157.285630	F4	64	88	0	1
636	156.517774	157.316880	C#4	64	88	0	2
637	156.517774	157.446345	A#3	64	86	1	-3
638	157.053488	157.187416	C#5	64	94	0	4
639	157.321345	157.620452	G#5	64	110	0	1
640	157.589202	158.325808	A#3	64	86	1	-3
641	157.589202	158.428487	F4	64	89	0	1
642	158.124916	158.401701	F5	64	110	0	3
643	158.124916	158.511076	C4	64	80	0	1
644	158.392773	159.493219	F#3	64	87	1	-2
645	158.660630	158.959737	C#5	64	107	0	4
646	158.660630	159.220897	F4	64	94	0	1
647	158.660630	159.290094	A#3	64	92	1	-3
648	159.196344	159.488754	D#5	64	114	0	1
649	159.196344	159.709736	C4	64	88	0	1
650	159.732058	159.999915	A#3	64	81	1	-3
651	159.732058	160.348129	F4	64	86	0	1
652	159.732058	163.477591	A#2	64	78	1	-5
653	159.999915	162.669556	F3	64	81	1	-3
654	160.267772	160.642771	F5	64	117	0	3
655	160.267772	160.946343	A#3	64	86	1	-3
656	160.535629	161.508842	C#4	64	81	0	2
657	160.803486	161.689646	A#4	64	102	0	1
658	161.071343	161.725360	A#3	64	86	1	-3
659	161.339200	161.609289	D#4	64	86	0	4
660	161.607057	162.145003	C#4	64	78	0	2
661	161.607057	162.430717	F4	64	96	0	1
662	162.142771	162.723128	C4	64	81	0	1
663	162.678485	163.138306	C#4	64	88	0	2
664	162.946342	163.180717	A#4	64	117	0	1
665	162.946342	163.354824	F3	64	88	1	-3
666	163.214199	163.439645	C5	64	102	0	3
667	163.214199	163.611520	C4	64	86	0	1
668	163.482056	163.734288	C#5	64	113	0	4
669	163.482056	164.515537	C#4	64	83	0	2
670	163.749913	164.064645	A#4	64	114	0	1
671	164.017770	164.468662	A#3	64	84	1	-3
672	164.017770	164.819109	F4	64	88	0	1
673	164.017770	165.738751	F#2	64	85	1	-4
674	164.553484	165.013305	A#5	64	114	0	3
675	164.821341	166.868215	F#3	64	76	1	-2
676	165.089198	165.718662	F4	64	91	0	1
677	165.089198	165.995447	A#3	64	90	1	-3
678	165.624912	166.115983	C#4	64	80	0	2
679	166.160626	167.316875	A#3	64	87	1	-3
680	166.160626	167.359286	F4	64	91	0	1
681	166.964197	167.080268	A#4	64	116	0	1
682	166.964197	167.912857	F#2	64	88	1	-4
683	167.232054	167.410625	A#4	64	113	0	1
684	167.232054	167.631607	F#3	64	92	1	-2
685	167.499911	167.611518	C#5	64	117	0	4
686	167.499911	167.865982	A#3	64	91	1	-3
687	167.767768	168.064643	C#5	64	114	0	4
688	167.767768	168.095892	C#4	64	100	0	2
689	168.035625	169.238749	G#4	64	100	0	4
690	168.303482	168.707499	C6	64	120	0	5
691	168.303482	169.107053	F4	64	94	0	1
692	168.303482	169.182945	C4	64	86	0	1
693	168.303482	172.066873	F2	64	88	1	-5
694	168.839196	169.292320	G#5	64	119	0	1
695	169.107053	169.522231	F3	64	74	1	-3
696	169.374910	170.218659	F4	64	102	0	1
697	169.374910	170.243213	C4	64	98	0	1
698	169.374910	170.252141	G#4	64	93	0	4
699	170.446338	171.216427	C4	64	91	0	1
700	170.446338	171.263302	F4	64	96	0	1
701	170.446338	171.278927	G#4	64	89	0	4
702	171.249909	172.149462	F3	64	86	1	-3
703	171.517766	171.868212	F5	64	110	0	3
704	171.517766	172.082498	C4	64	92	0	1
705	172.053480	172.281158	G#5	64	107	0	1
706	172.053480	172.153926	F4	64	88	0	1
707	172.053480	172.546783	G#4	64	96	0	4
708	172.589194	172.953033	F#5	64	116	0	4
709	172.589194	173.171783	D#4	64	88	0	4
710	172.589194	173.343658	A#3	64	83	1	-3
711	172.589194	173.426247	F#4	64	86	0	2
712	172.589194	174.301246	D#2	64	86	1	-2
713	173.392765	173.796782	F5	64	114	0	3
714	173.392765	173.845889	D#3	64	82	1	-5
715	173.660622	174.316871	A#3	64	92	1	-3
716	173.660622	174.419550	F#4	64	91	0	2
717	174.196336	174.553478	G5	64	113	0	5
718	174.196336	174.727585	D#3	64	80	1	-5
719	174.732050	175.566871	A#3	64	87	1	-3
720	174.732050	175.591424	D#4	64	98	0	4
721	174.732050	175.602585	G4	64	89	0	3
722	174.732050	176.240977	D#2	64	84	1	-2
723	175.535621	176.473120	D#3	64	84	1	-5
724	175.803478	176.294549	A#4	64	116	0	1
725	175.803478	176.437406	A#3	64	100	1	-3
726	176.339192	176.747674	G#5	64	117	0	1
727	176.339192	176.834727	G4	64	106	0	3
728	176.874906	177.580262	F4	64	89	0	1
729	176.874906	177.595887	C4	64	86	0	1
730	176.874906	177.607048	A3	64	84	1	-4
731	176.874906	178.482048	F2	64	82	1	-5
732	177.410620	178.089191	F5	64	119	0	3
733	177.678477	178.100351	F3	64	80	1	-3
734	177.946334	178.504369	F4	64	94	0	1
735	177.946334	178.638298	A3	64	93	1	-4
736	178.482048	178.874905	C4	64	80	0	1
737	178.482048	179.004369	F3	64	83	1	-3
738	179.017762	180.412850	A3	64	88	1	-4
739	179.017762	180.453029	F4	64	102	0	1
740	179.017762	180.457493	F2	64	87	1	-5
741	179.017762	180.479814	C4	64	98	0	1
742	181.160618	181.582492	C#5	64	119	0	4
743	181.160618	181.638296	C#4	64	90	0	2
744	181.160618	181.801242	F4	64	92	0	1
745	181.160618	181.883832	G#4	64	93	0	4
746	181.160618	182.680706	C#3	64	86	1	-2
747	181.696332	181.990974	G#5	64	120	0	1
748	181.696332	182.665081	G#3	64	72	1	-5
749	181.964189	182.495438	C#4	64	88	0	2
750	182.232046	182.578028	G#5	64	120	0	1
751	182.232046	182.870438	F4	64	93	0	1
752	182.232046	183.102581	C#5	64	94	0	4
753	182.232046	183.176242	G#4	64	104	0	4
754	182.767760	183.078027	F5	64	119	0	3
755	182.767760	182.977581	C#3	64	86	1	-2
756	183.303474	183.602581	D#5	64	119	0	1
757	183.303474	184.057938	G#4	64	90	0	4
758	183.303474	184.095884	C4	64	89	0	1
759	183.303474	184.102580	D#4	64	98	0	4
760	183.303474	184.611509	G#2	64	88	1	-2
761	183.839188	184.144991	A#5	64	119	0	3
762	184.107045	184.620437	G#3	64	83	1	-5
763	184.374902	184.698562	A#5	64	119	0	3
764	184.374902	185.055705	G#4	64	90	0	4
765	184.374902	185.075794	C4	64	93	0	1
766	184.374902	185.107044	D#4	64	108	0	4
767	184.910616	185.057937	D#5	64	113	0	1
768	184.910616	185.283383	G#2	64	81	1	-2
769	185.446330	185.754365	C#6	64	119	0	1
770	185.446330	186.040079	F4	64	100	0	1
771	185.446330	186.051240	A#4	64	94	0	1
772	185.446330	186.066865	C#4	64	90	0	2
773	185.446330	186.674008	A#2	64	86	1	-5
774	185.982044	186.218651	C6	64	119	0	5
775	186.249901	186.524454	A#5	64	120	0	3
776	186.249901	186.696329	A#3	64	67	1	-3
777	186.517758	187.118204	C#4	64	91	0	2
778	186.517758	187.136061	A#4	64	92	0	1
779	186.517758	187.403918	F4	64	100	0	1
780	187.053472	187.403918	G#5	64	102	0	1
781	187.053472	187.390525	A#2	64	88	1	-5
782	187.589186	187.953025	F5	64	117	0	3
783	187.589186	188.332489	C4	64	90	0	1
784	187.589186	188.341417	G#4	64	93	0	4
785	187.589186	188.379364	F4	64	100	0	1
786	187.589186	189.256595	F2	64	88	1	-5
787	188.392757	188.738739	F3	64	87	1	-3
788	188.660614	189.082488	G#4	64	107	0	4
789	188.660614	189.089185	C4	64	110	0	1
790	188.928471	189.473113	F3	64	93	1	-3
791	189.196328	189.403917	F5	64	113	0	3
792	189.196328	189.435167	F4	64	110	0	1
793	189.464185	189.662845	F#5	64	108	0	4
794	189.464185	189.620435	G#4	64	85	0	4
795	189.732042	190.024452	G#5	64	114	0	1
796	189.732042	190.544541	A#3	64	91	1	-3
797	189.732042	190.546773	C#4	64	102	0	2
798	189.732042	190.549006	F#4	64	98	0	2
799	189.732042	191.526684	F#2	64	91	1	-4
800	190.267756	190.419541	C#5	64	113	0	4
801	190.535613	190.850345	C#5	64	116	0	4
802	190.535613	190.948559	F#3	64	86	1	-2
803	190.803470	191.519987	A#3	64	102	1	-3
804	190.803470	191.549005	F#4	64	100	0	2
805	190.803470	191.698558	C#4	64	108	0	2
806	191.071327	191.506594	A#5	64	117	0	3
807	191.339184	191.649451	F#3	64	88	1	-2
808	191.874898	192.180701	G#5	64	117	0	1
809	191.874898	192.598112	G#4	64	94	0	4
810	191.874898	192.649451	C4	64	92	0	1
811	191.874898	192.653915	D#4	64	104	0	4
812	191.874898	193.453022	G#2	64	84	1	-2
813	192.410612	192.535612	C#5	64	114	0	4
814	192.678469	192.854808	C#5	64	110	0	4
815	192.678469	193.060165	G#3	64	87	1	-5
816	192.946326	193.560165	C4	64	107	0	1
817	192.946326	193.633825	G#4	64	104	0	4
818	192.946326	193.870432	D#4	64	114	0	4
819	193.214183	193.665075	G#5	64	108	0	1
820	193.482040	193.903914	G#3	64	91	1	-5
821	194.017754	194.453021	F5	64	113	0	3
822	194.017754	194.303468	C#4	64	100	0	2
823	194.017754	194.602575	F4	64	113	0	1
824	194.017754	194.910610	G#4	64	104	0	4
825	194.017754	197.749895	C#3	64	98	1	-2
826	194.553468	197.551234	G#3	64	77	1	-5
827	194.821325	195.167307	C#4	64	98	0	2
828	195.089182	195.437396	D#4	64	113	0	4
829	195.357039	196.580252	C#4	64	91	0	2
830	195.624896	195.807931	F4	64	88	0	1
831	195.892753	196.408377	F4	64	104	0	1
832	195.892753	196.707484	C#5	64	114	0	4
833	196.428467	196.511056	F4	64	77	0	1
834	196.428467	196.937395	G#4	64	108	0	4
835	196.964181	197.448555	C#4	64	91	0	2
836	197.232038	197.595877	D#4	64	114	0	4
837	197.499895	197.839180	F4	64	89	0	1
838	197.767752	198.156144	G#4	64	92	0	4
839	198.303466	198.642751	C#5	64	113	0	4
840	198.303466	198.729805	C#4	64	89	0	2
841	198.303466	199.120430	G#4	64	100	0	4
842	198.303466	199.162840	F4	64	102	0	1
843	198.303466	200.060161	C#3	64	89	1	-2
844	198.839180	199.167304	G#5	64	110	0	1
845	198.839180	199.937393	G#3	64	77	1	-5
846	199.107037	199.799001	C#4	64	88	0	2
847	199.374894	199.714179	G#5	64	107	0	1
848	199.374894	199.984268	D#4	64	104	0	4
849	199.374894	200.339179	G#4	64	110	0	4
850	199.910608	200.245429	F5	64	113	0	3
851	199.910608	200.100340	F4	64	96	0	1
852	200.446322	200.796768	D#5	64	113	0	1
853	200.446322	200.781143	C4	64	89	0	1
854	200.446322	200.959714	G#4	64	90	0	4
855	200.446322	201.017750	D#4	64	102	0	4
856	200.446322	202.332481	G#2	64	86	1	-2
857	200.714179	202.399446	D#3	64	77	1	-5
858	200.982036	201.292303	A#5	64	113	0	3
859	200.982036	201.591410	G#3	64	91	1	-5
860	201.249893	201.622660	C4	64	100	0	1
861	201.249893	201.879357	G#4	64	102	0	4
862	201.517750	201.857035	A#5	64	110	0	3
863	201.785607	202.348106	G#3	64	93	1	-5
864	202.053464	202.350339	C6	64	116	0	5
865	202.053464	202.607035	D#4	64	102	0	4
866	202.321321	202.678463	G#4	64	91	0	4
867	202.589178	202.964177	C#6	64	114	0	1
868	202.589178	204.292302	A#2	64	96	1	-5
869	202.857035	203.977570	A#3	64	83	1	-3
870	203.124892	203.383820	C6	64	110	0	5
871	203.124892	203.276677	C4	64	85	0	1
872	203.124892	203.430695	C#4	64	84	0	2
873	203.392749	203.716409	A#5	64	117	0	3
874	203.392749	203.836945	F4	64	108	0	1
875	203.928463	204.381587	G#4	64	107	0	4
876	203.928463	204.466409	C#4	64	88	0	2
877	204.196320	204.430695	F5	64	108	0	3
878	204.196320	204.526677	F4	64	80	0	1
879	204.464177	204.769980	C#5	64	108	0	4
880	204.732034	205.151676	G#4	64	107	0	4
881	204.732034	205.256587	C#4	64	89	0	2
882	204.732034	206.370426	F2	64	89	1	-5
883	205.267748	205.763283	F3	64	83	1	-3
884	205.535605	206.107033	G#4	64	91	0	4
885	205.535605	206.167301	C4	64	94	0	1
886	206.071319	206.636051	F3	64	86	1	-3
887	206.339176	206.642747	A#4	64	110	0	1
888	206.339176	206.656140	C4	64	93	0	1
889	206.339176	206.680693	G#4	64	94	0	4
890	206.607033	206.810158	C5	64	108	0	3
891	206.874890	207.223104	C#5	64	116	0	4
892	206.874890	207.421764	F#4	64	98	0	2
893	206.874890	207.531139	A#3	64	88	1	-3
894	206.874890	208.537835	F#2	64	89	1	-4
895	207.410604	208.966406	F#3	64	86	1	-2
896	207.678461	208.265514	C#4	64	93	0	2
897	208.214175	208.586942	A#3	64	88	1	-3
898	208.482032	208.752121	C5	64	116	0	3
899	208.482032	208.870424	C#4	64	93	0	2
900	208.749889	208.959710	C#5	64	114	0	4
901	208.749889	209.908370	G#4	64	91	0	4
902	209.017746	209.410603	F5	64	117	0	3
903	209.017746	209.781138	C4	64	88	0	1
904	209.017746	209.852567	D#4	64	93	0	4
905	209.017746	210.792298	G#2	64	87	1	-2
906	209.553460	210.845870	D#3	64	67	1	-5
907	209.821317	210.932923	G#3	64	86	1	-5
908	210.089174	210.548995	C4	64	87	0	1
909	210.357031	210.665066	D#4	64	87	0	4
910	210.624888	210.961941	C#5	64	110	0	4
911	210.624888	210.997655	G#4	64	94	0	4
912	211.160602	211.667298	A#4	64	108	0	1
913	211.160602	211.450780	A#3	64	82	1	-3
914	211.160602	211.716405	F4	64	88	0	1
915	211.160602	211.769976	C#4	64	88	0	2
916	211.160602	215.165064	A#2	64	86	1	-5
917	211.428459	215.044528	F3	64	74	1	-3
918	211.696316	212.977565	A#3	64	88	1	-3
919	211.964173	212.269976	C4	64	87	0	1
920	212.232030	212.301226	C#4	64	88	0	2
921	212.499887	212.970869	F4	64	87	0	1
922	212.767744	212.997654	C5	64	98	0	3
923	213.035601	214.290064	F4	64	82	0	1
924	213.303458	214.232029	C#5	64	86	0	4
925	213.303458	214.254350	A#4	64	88	0	1
926	213.303458	215.040064	A#3	64	81	1	-3
927	214.374886	214.877118	C5	64	100	0	3
928	214.374886	215.397207	F4	64	83	0	1
929	214.910600	215.473099	A#4	64	89	0	1
930	215.446314	215.868188	C#5	64	119	0	4
931	215.446314	217.232027	C#3	64	83	1	-2
932	215.714171	217.113723	G#3	64	73	1	-5
933	215.982028	216.276670	G#5	64	120	0	1
934	215.982028	217.011045	C#4	64	82	0	2
935	216.249885	216.823545	G#4	64	85	0	4
936	216.517742	216.863724	G#5	64	120	0	1
937	216.785599	217.104795	D#4	64	77	0	4
938	217.053456	217.363723	F5	64	119	0	3
939	217.053456	217.345866	F4	64	86	0	1
940	217.321313	218.285598	G#4	64	87	0	4
941	217.589170	217.888277	D#5	64	119	0	1
942	217.589170	219.310151	G#2	64	85	1	-2
943	217.857027	219.229794	D#3	64	78	1	-5
944	218.124884	218.430687	A#5	64	119	0	3
945	218.124884	219.133812	G#3	64	84	1	-5
946	218.392741	219.048990	C4	64	87	0	1
947	218.660598	218.984258	A#5	64	119	0	3
948	218.928455	219.649436	D#4	64	82	0	4
949	219.196312	219.343633	D#5	64	113	0	1
950	219.196312	219.776668	G#4	64	87	0	4
951	219.464169	219.776668	C4	64	81	0	1
952	219.732026	220.040061	C#6	64	119	0	1
953	219.732026	221.415060	D#3	64	83	1	-5
954	219.999883	221.357025	A#3	64	82	1	-3
955	220.267740	220.504347	C6	64	119	0	5
956	220.267740	221.466400	D#4	64	79	0	4
957	220.535597	220.810150	A#5	64	120	0	3
958	220.535597	221.830239	A#4	64	90	0	1
959	221.339168	221.689614	G#5	64	102	0	1
960	221.339168	221.883810	F#4	64	82	0	2
961	221.607025	221.923989	D#4	64	82	0	4
962	221.874882	222.238721	F5	64	117	0	3
963	221.874882	223.919523	A#2	64	87	1	-5
964	222.142739	223.772202	F3	64	74	1	-3
965	222.410596	223.015506	A#3	64	84	1	-3
966	222.678453	223.013274	C4	64	87	0	1
967	222.946310	223.863720	C#4	64	110	0	2
968	223.482024	223.689613	F5	64	113	0	3
969	223.749881	223.948541	F#5	64	108	0	4
970	224.017738	224.310148	G#5	64	114	0	1
971	224.017738	224.830237	A#3	64	91	1	-3
972	224.017738	224.832469	C#4	64	102	0	2
973	224.017738	224.834702	F#4	64	98	0	2
974	224.017738	225.812380	F#2	64	91	1	-4
975	224.553452	224.705237	C#5	64	113	0	4
976	224.821309	225.136041	C#5	64	116	0	4
977	224.821309	225.234255	F#3	64	86	1	-2
978	225.089166	225.805683	A#3	64	102	1	-3
979	225.089166	225.834701	F#4	64	100	0	2
980	225.089166	225.984254	C#4	64	108	0	2
981	225.357023	225.792290	A#5	64	117	0	3
982	225.624880	225.935147	F#3	64	88	1	-2
983	226.160594	226.466397	G#5	64	117	0	1
984	226.160594	226.883808	G#4	64	94	0	4
985	226.160594	226.935147	C4	64	92	0	1
986	226.160594	226.939611	D#4	64	104	0	4
987	226.160594	227.738718	G#2	64	84	1	-2
988	226.696308	226.821308	C#5	64	114	0	4
989	226.964165	227.140504	C#5	64	110	0	4
990	226.964165	227.345861	G#3	64	87	1	-5
991	227.232022	227.845861	C4	64	107	0	1
992	227.232022	227.919521	G#4	64	104	0	4
993	227.232022	228.156128	D#4	64	114	0	4
994	227.499879	227.950771	G#5	64	108	0	1
995	227.767736	228.189610	G#3	64	91	1	-5
996	228.303450	228.738717	F5	64	113	0	3
997	228.303450	228.589164	C#4	64	100	0	2
998	228.303450	228.888271	F4	64	113	0	1
999	228.303450	229.196306	G#4	64	104	0	4
1000	228.303450	232.035591	C#3	64	98	1	-2
1001	228.839164	231.836930	G#3	64	77	1	-5
1002	229.107021	229.453003	C#4	64	98	0	2
1003	229.374878	229.723092	D#4	64	113	0	4
1004	229.642735	230.865948	C#4	64	91	0	2
1005	229.910592	230.093627	F4	64	88	0	1
1006	230.178449	230.694073	F4	64	104	0	1
1007	230.178449	230.993180	C#5	64	114	0	4
1008	230.714163	230.796752	F4	64	77	0	1
1009	230.714163	231.223091	G#4	64	108	0	4
1010	231.249877	231.734251	C#4	64	91	0	2
1011	231.517734	231.881573	D#4	64	114	0	4
1012	231.785591	232.124876	F4	64	89	0	1
1013	232.053448	232.441840	G#4	64	92	0	4
1014	232.589162	232.928447	C#5	64	113	0	4
1015	232.589162	233.015501	C#4	64	89	0	2
1016	232.589162	233.406126	G#4	64	100	0	4
1017	232.589162	233.448536	F4	64	102	0	1
1018	232.589162	234.345857	C#3	64	89	1	-2
1019	233.124876	233.453000	G#5	64	110	0	1
1020	233.124876	234.223089	G#3	64	77	1	-5
1021	233.392733	234.084697	C#4	64	88	0	2
1022	233.660590	233.999875	G#5	64	107	0	1
1023	233.660590	234.269964	D#4	64	104	0	4
1024	233.660590	234.624875	G#4	64	110	0	4
1025	234.196304	234.531125	F5	64	113	0	3
1026	234.196304	234.386036	F4	64	96	0	1
1027	234.732018	235.082464	D#5	64	113	0	1
1028	234.732018	235.066839	C4	64	89	0	1
1029	234.732018	235.245410	G#4	64	90	0	4
1030	234.732018	235.303446	D#4	64	102	0	4
1031	234.732018	236.618177	G#2	64	86	1	-2
1032	234.999875	236.685142	D#3	64	77	1	-5
1033	235.267732	235.577999	A#5	64	113	0	3
1034	235.267732	235.877106	G#3	64	91	1	-5
1035	235.535589	235.908356	C4	64	100	0	1
1036	235.535589	236.165053	G#4	64	102	0	4
1037	235.803446	236.142731	A#5	64	110	0	3
1038	236.071303	236.633802	G#3	64	93	1	-5
1039	236.339160	236.636035	C6	64	116	0	5
1040	236.339160	236.892731	D#4	64	102	0	4
1041	236.607017	236.964159	G#4	64	91	0	4
1042	236.874874	237.249873	C#6	64	114	0	1
1043	236.874874	238.577998	A#2	64	96	1	-5
1044	237.142731	238.263266	A#3	64	83	1	-3
1045	237.410588	237.669516	C6	64	110	0	5
1046	237.410588	237.562373	C4	64	85	0	1
1047	237.410588	237.716391	C#4	64	84	0	2
1048	237.678445	238.002105	A#5	64	117	0	3
1049	237.678445	238.122641	F4	64	108	0	1
1050	238.214159	238.667283	G#4	64	107	0	4
1051	238.214159	238.752105	C#4	64	88	0	2
1052	238.482016	238.716391	F5	64	108	0	3
1053	238.482016	238.812373	F4	64	80	0	1
1054	238.749873	239.055676	C#5	64	108	0	4
1055	239.017730	239.437372	G#4	64	107	0	4
1056	239.017730	239.542283	C#4	64	89	0	2
1057	239.017730	240.656122	F2	64	89	1	-5
1058	239.553444	240.048979	F3	64	83	1	-3
1059	239.821301	240.392729	G#4	64	91	0	4
1060	239.821301	240.452997	C4	64	94	0	1
1061	240.357015	240.921747	F3	64	86	1	-3
1062	240.624872	240.928443	A#4	64	110	0	1
1063	240.624872	240.941836	C4	64	93	0	1
1064	240.624872	240.966389	G#4	64	94	0	4
1065	240.892729	241.095854	C5	64	108	0	3
1066	241.160586	241.508800	C#5	64	116	0	4
1067	241.160586	241.707460	F#4	64	98	0	2
1068	241.160586	241.816835	A#3	64	88	1	-3
1069	241.160586	242.823531	F#2	64	89	1	-4
1070	241.696300	243.252102	F#3	64	86	1	-2
1071	241.964157	242.551210	C#4	64	93	0	2
1072	242.499871	242.872638	A#3	64	88	1	-3
1073	242.767728	243.037817	C5	64	116	0	3
1074	242.767728	243.156120	C#4	64	93	0	2
1075	243.035585	243.245406	C#5	64	114	0	4
1076	243.035585	244.194066	G#4	64	91	0	4
1077	243.303442	243.696299	F5	64	117	0	3
1078	243.303442	244.066834	C4	64	88	0	1
1079	243.303442	244.138263	D#4	64	93	0	4
1080	243.303442	245.077994	G#2	64	87	1	-2
1081	243.839156	245.131566	D#3	64	67	1	-5
1082	244.107013	245.218619	G#3	64	86	1	-5
1083	244.374870	244.834691	C4	64	87	0	1
1084	244.642727	244.950762	D#4	64	87	0	4
1085	244.910584	245.247637	C#5	64	110	0	4
1086	244.910584	245.283351	G#4	64	94	0	4
1087	245.446298	245.952994	A#5	64	108	0	3
1088	245.446298	249.598081	A#2	64	78	1	-5
1089	245.714155	249.519956	F3	64	50	1	-3
1090	245.982012	249.508796	A#3	64	76	1	-3
1091	246.249869	246.642726	C4	64	83	0	1
1092	246.517726	246.961922	C#4	64	84	0	2
1093	247.053440	249.515492	C#4	64	77	0	2
1094	247.321297	249.571295	A#4	64	89	0	1
1095	251.874866	252.377098	A#3	64	85	1	-3
1096	251.874866	252.401651	C#4	64	94	0	2
1097	251.874866	255.582453	F#2	64	82	1	-4
1098	252.410580	254.644953	F#3	64	73	1	-2
1099	252.946294	253.515490	F4	64	87	0	1
1100	252.946294	253.919507	A#3	64	83	1	-3
1101	254.017722	254.970846	F4	64	82	0	1
1102	254.017722	255.223078	A#3	64	83	1	-3
1103	254.821293	255.709685	F#3	64	72	1	-2
1104	255.089150	255.399417	C4	64	84	0	1
1105	255.357007	255.665042	F4	64	92	0	1
1106	255.624864	256.133792	C4	64	87	0	1
1107	255.892721	256.767720	F4	64	87	0	1
1108	256.160578	256.399417	A#3	64	81	1	-3
1109	256.160578	256.707452	C#4	64	83	0	2
1110	256.160578	259.886022	A#2	64	79	1	-5
1111	256.696292	259.651647	F3	64	67	1	-3
1112	257.232006	257.720845	C4	64	82	0	1
1113	257.232006	257.781113	F4	64	87	0	1
1114	257.767720	258.897183	A#3	64	68	1	-3
1115	258.303434	258.758791	A#4	64	87	0	1
1116	258.303434	259.236469	C#4	64	81	0	2
1117	259.107005	259.566826	A#3	64	84	1	-3
1118	259.374862	259.986468	C4	64	89	0	1
1119	259.910576	260.417272	F4	64	91	0	1
1120	260.446290	261.191825	A#3	64	84	1	-3
1121	260.446290	261.294504	C#4	64	91	0	2
1122	260.446290	264.359234	F#2	64	83	1	-4
1123	261.249861	263.031110	F#3	64	76	1	-2
1124	261.517718	262.394949	A#3	64	87	1	-3
1125	261.517718	262.504324	C#4	64	91	0	2
1126	262.589146	263.319056	A#3	64	84	1	-3
1127	262.589146	263.426199	C#4	64	88	0	2
1128	263.392717	264.658341	F#3	64	80	1	-2
1129	263.660574	264.048966	A#3	64	85	1	-3
1130	263.928431	264.316823	C#4	64	94	0	2
1131	264.196288	264.611466	F4	64	84	0	1
1132	264.732002	265.403876	F4	64	82	0	1
1133	264.732002	265.575751	C#4	64	86	0	2
1134	264.732002	265.937358	A#3	64	80	1	-3
1135	264.732002	268.877089	A#2	64	81	1	-5
