//Version: PianoFingering_v170101
0	1.534394	3.319262	G#2	64	41	1	-2
1	1.771062	2.595454	D#3	64	55	1	-5
2	2.717732	3.409984	D#3	64	53	1	-5
3	3.427734	4.906906	G#2	64	67	1	-2
4	3.664402	4.494710	D#3	64	56	1	-5
5	4.611072	4.869434	D#3	64	62	1	-5
6	5.321074	7.062553	F2	64	73	1	-5
7	5.557742	7.253859	C3	64	41	1	-3
8	7.214414	8.581169	F2	64	68	1	-5
9	7.451082	8.537780	C3	64	53	1	-3
10	9.107754	10.807816	C#2	64	78	1	-4
11	9.346394	9.537700	G3	64	100	1	-1
12	10.291092	10.547482	C#3	64	74	1	-2
13	11.001094	12.681434	C#2	64	74	1	-4
14	11.241706	11.431040	G3	64	64	1	-1
15	12.894434	14.659579	D#2	64	83	1	-2
16	13.131102	14.813413	A#2	64	58	1	-5
17	13.367769	13.902243	D#3	64	77	1	-5
18	14.077772	14.328245	D#3	64	85	1	-5
19	14.787774	16.103251	D#2	64	63	1	-2
20	15.024442	15.876445	A#2	64	68	1	-5
21	15.261109	15.517499	D#3	64	85	1	-5
22	15.971112	16.122973	A#2	64	86	1	-5
23	16.444447	16.629836	D#3	64	79	1	-5
24	16.681114	18.365398	G#2	64	78	1	-2
25	16.917782	17.686951	D#3	64	73	1	-5
26	17.864452	18.562621	D#3	64	85	1	-5
27	18.574454	19.955015	G#2	64	88	1	-2
28	18.811122	19.641430	D#3	64	69	1	-5
29	19.757792	19.929376	D#3	64	79	1	-5
30	20.467794	22.150106	F2	64	79	1	-5
31	20.704462	22.357190	C3	64	44	1	-3
32	22.361134	24.031612	F2	64	73	1	-5
33	22.597802	23.992168	C3	64	56	1	-3
34	24.254474	26.039342	C#2	64	70	1	-4
35	24.491142	26.214870	G#2	64	66	1	-2
36	24.727809	25.297784	C#3	64	77	1	-2
37	25.437812	26.072870	C#3	64	68	1	-2
38	26.147814	27.843931	C#2	64	71	1	-4
39	26.384482	28.011571	G#2	64	53	1	-2
40	26.621149	27.151679	C#3	64	75	1	-2
41	27.331152	27.557958	C#3	64	78	1	-2
42	28.041154	29.749105	D#2	64	75	1	-2
43	28.277822	29.125880	A#2	64	57	1	-5
44	28.514489	28.910907	D#3	64	73	1	-5
45	29.224492	29.938439	A#2	64	60	1	-5
46	29.697827	29.956189	D#3	64	74	1	-5
47	29.934494	31.320971	D#2	64	86	1	-2
48	30.171162	31.395916	A#2	64	42	1	-5
49	30.407829	30.971887	D#3	64	76	1	-5
50	31.117832	31.581306	D#3	64	85	1	-5
51	31.589195	31.689778	A#4	64	127	0	1
52	31.825862	32.017168	A#4	64	122	0	1
53	31.827834	33.569313	G#2	64	85	1	-2
54	32.062530	32.153252	G#4	64	96	0	4
55	32.064502	32.904671	D#3	64	73	1	-5
56	32.299197	32.378086	G#4	64	112	0	4
57	32.535865	32.600948	G#4	64	100	0	4
58	32.772532	32.902699	G#4	64	122	0	4
59	33.009200	33.095978	G#4	64	102	0	4
60	33.011172	33.705396	D#3	64	82	1	-5
61	33.245867	33.352367	G#4	64	102	0	4
62	33.482535	33.569313	A#4	64	127	0	1
63	33.719202	33.920369	A#4	64	127	0	1
64	33.721174	35.170763	G#2	64	59	1	-2
65	33.955870	34.034759	G#4	64	107	0	4
66	33.957842	34.819706	D#3	64	50	1	-5
67	34.192537	34.332565	G#4	64	112	0	4
68	34.429205	34.598816	G#4	64	112	0	4
69	34.665872	34.764484	D#4	64	100	0	4
70	34.904512	35.117513	D#3	64	85	1	-5
71	35.139207	35.354180	G#4	64	127	0	4
72	35.375875	35.413347	A#4	64	105	0	1
73	35.612542	35.813709	A#4	64	106	0	1
74	35.614514	37.397409	F2	64	78	1	-5
75	35.849210	35.918238	G#4	64	86	0	4
76	35.851182	37.563077	C3	64	69	1	-3
77	36.085877	36.233794	G#4	64	117	0	4
78	36.322545	36.405378	G#4	64	96	0	4
79	36.559212	36.628240	G#4	64	127	0	4
80	36.795880	36.872796	G#4	64	107	0	4
81	37.032547	37.119325	G#4	64	122	0	4
82	37.269215	37.340215	A#4	64	117	0	1
83	37.505882	37.586743	A#4	64	127	0	1
84	37.507854	38.953498	F2	64	73	1	-5
85	37.742550	37.805661	A#4	64	122	0	1
86	37.744522	38.919970	C3	64	63	1	-3
87	37.979217	38.060078	A#4	64	127	0	1
88	38.215885	38.292802	G#4	64	107	0	4
89	38.452552	38.541302	G#4	64	117	0	4
90	38.689220	38.825303	G#4	64	93	0	4
91	38.925887	39.296666	G#4	64	92	0	4
92	39.399222	39.535306	A#4	64	127	0	1
93	39.401194	41.150562	C#2	64	74	1	-4
94	39.635890	39.752251	A#4	64	117	0	1
95	39.637862	41.292562	G#2	64	59	1	-2
96	39.872557	39.979057	A#4	64	117	0	1
97	39.874529	40.460281	C#3	64	83	1	-2
98	40.109225	40.201919	G#4	64	117	0	4
99	40.345892	40.523393	G#4	64	127	0	4
100	40.584532	40.953339	C#3	64	73	1	-2
101	40.819227	40.909950	A#4	64	127	0	1
102	41.055895	41.146617	A#4	64	102	0	1
103	41.292562	41.377368	A#4	64	107	0	1
104	41.294534	42.615928	C#2	64	61	1	-4
105	41.529230	41.627841	A#4	64	102	0	1
106	41.531202	42.615928	G#2	64	64	1	-2
107	41.765897	41.866481	A#4	64	97	0	1
108	41.767869	42.397010	C#3	64	73	1	-2
109	42.002565	42.130759	F4	64	100	0	1
110	42.239232	42.487733	G#4	64	100	0	4
111	42.477872	42.684956	C#3	64	70	1	-2
112	42.949235	43.059679	G#4	64	102	0	4
113	43.067568	43.189847	A4	64	99	0	5
114	43.185902	43.343680	A#4	64	127	0	1
115	43.187874	44.570407	A#2	64	68	1	-5
116	43.422570	43.489625	G#4	64	112	0	4
117	43.659237	43.763765	G#4	64	122	0	4
118	43.895905	43.959016	A#4	64	112	0	1
119	44.132572	44.248934	A#4	64	127	0	1
120	44.369240	44.442212	G#4	64	127	0	4
121	44.605907	44.763685	G#4	64	117	0	4
122	44.842575	44.945130	A#4	64	122	0	1
123	45.079242	45.193631	A#4	64	127	0	1
124	45.081214	46.873971	D#2	64	69	1	-2
125	45.315910	45.392827	G#4	64	127	0	4
126	45.317882	46.130440	A#2	64	82	1	-5
127	45.552577	45.637383	G#4	64	99	0	4
128	45.554549	45.992384	D#3	64	85	1	-5
129	45.789245	45.919412	G#4	64	97	0	4
130	46.025912	46.428247	C5	64	127	0	3
131	46.264552	46.820720	A#2	64	88	1	-5
132	46.499247	46.870026	A#4	64	127	0	1
133	46.737887	46.956804	D#3	64	85	1	-5
134	46.974554	48.716033	G#2	64	85	1	-2
135	47.209250	47.278278	C5	64	117	0	3
136	47.211222	48.051391	D#3	64	73	1	-5
137	47.445917	47.668779	D#5	64	127	0	1
138	47.678640	47.810779	C5	64	97	0	3
139	47.919252	48.043503	C5	64	122	0	3
140	48.155920	48.357087	D#5	64	127	0	1
141	48.157892	48.852116	D#3	64	82	1	-5
142	48.392587	48.597699	C5	64	127	0	3
143	48.629255	48.812672	D#5	64	127	0	1
144	48.867894	50.317483	G#2	64	59	1	-2
145	49.102590	49.228812	C5	64	127	0	3
146	49.104562	49.966426	D#3	64	50	1	-5
147	49.339257	49.575925	D#5	64	127	0	1
148	49.575925	49.646925	C5	64	107	0	3
149	49.812592	50.043343	D#5	64	127	0	1
150	50.049260	50.159704	D#5	64	115	0	1
151	50.051232	50.264233	D#3	64	85	1	-5
152	50.285927	50.457511	D#5	64	113	0	1
153	50.522595	50.707984	G#4	64	102	0	4
154	50.761234	52.544129	F2	64	78	1	-5
155	50.995930	51.051152	F4	64	100	0	1
156	50.997902	52.709797	C3	64	69	1	-3
157	51.114263	51.181319	G#4	64	100	0	4
158	51.232597	51.323320	G#4	64	117	0	4
159	51.469265	51.579709	D#5	64	122	0	1
160	51.705932	51.911044	D#5	64	127	0	1
161	51.942600	52.035294	A#4	64	117	0	1
162	52.179267	52.273934	A#4	64	127	0	1
163	52.415935	52.502713	A#4	64	122	0	1
164	52.652602	52.810380	A#4	64	127	0	1
165	52.654574	54.100218	F2	64	73	1	-5
166	52.889270	52.978020	A#4	64	127	0	1
167	52.891242	54.066690	C3	64	63	1	-3
168	53.125937	53.327104	A#4	64	117	0	1
169	53.362605	53.514466	G#4	64	95	0	4
170	53.599272	53.798467	D#5	64	127	0	1
171	53.835940	53.928634	C5	64	127	0	3
172	54.072607	54.516359	C5	64	127	0	3
173	54.547914	56.297282	C#2	64	74	1	-4
174	54.782610	54.859527	D#5	64	127	0	1
175	54.784582	56.439282	G#2	64	59	1	-2
176	55.019277	55.218472	D#5	64	127	0	1
177	55.021249	55.607001	C#3	64	83	1	-2
178	55.255945	55.328917	A#4	64	112	0	1
179	55.492612	55.674057	A#4	64	127	0	1
180	55.729280	55.818030	A#4	64	117	0	1
181	55.731252	56.100059	C#3	64	73	1	-2
182	55.965947	56.123725	A#4	64	127	0	1
183	56.202615	56.289393	G#4	64	112	0	4
184	56.439282	56.648338	G#4	64	127	0	4
185	56.441254	57.762648	C#2	64	61	1	-4
186	56.675950	56.752867	D#5	64	127	0	1
187	56.677922	57.762648	G#2	64	64	1	-2
188	56.912617	57.064479	D#5	64	127	0	1
189	56.914589	57.543730	C#3	64	73	1	-2
190	57.149285	57.220285	A#4	64	102	0	1
191	57.385952	57.500341	A#4	64	117	0	1
192	57.622620	57.721231	A#4	64	90	0	1
193	57.624592	57.831676	C#3	64	70	1	-2
194	57.859287	57.989454	A#4	64	107	0	1
195	58.095955	58.178788	G#4	64	122	0	4
196	58.332622	58.516039	G#4	64	127	0	4
197	58.334594	59.717127	A#2	64	68	1	-5
198	59.042625	59.115597	G#4	64	107	0	4
199	59.279292	59.354237	G#4	64	107	0	4
200	59.515960	59.596821	G#4	64	107	0	4
201	59.752627	59.951822	G#4	64	112	0	4
202	59.989295	60.080017	C#5	64	127	0	4
203	60.225962	60.435018	C#5	64	122	0	4
204	60.227934	62.020691	D#2	64	69	1	-2
205	60.462630	60.563213	C5	64	127	0	3
206	60.464602	61.277160	A#2	64	82	1	-5
207	60.699297	60.892576	C5	64	127	0	3
208	60.701269	61.139104	D#3	64	85	1	-5
209	60.935965	61.026687	A#4	64	117	0	1
210	61.172632	61.344216	A#4	64	127	0	1
211	61.409300	61.553272	G#4	64	127	0	4
212	61.411272	61.967440	A#2	64	88	1	-5
213	61.645967	61.835301	F4	64	100	0	1
214	61.882635	62.426970	G#4	64	117	0	4
215	61.884607	62.103524	D#3	64	85	1	-5
216	62.121274	63.460418	A#2	64	93	1	-5
217	62.829305	63.050194	G#4	64	95	0	4
218	63.065972	63.417029	C#5	64	127	0	4
219	63.539307	63.935725	C#5	64	127	0	4
220	64.012642	64.211837	C5	64	127	0	3
221	64.014614	65.434619	C3	64	88	1	-3
222	64.485977	64.805478	A#4	64	117	0	1
223	64.959312	65.203868	A#4	64	127	0	1
224	65.432647	65.578592	G#4	64	112	0	4
225	65.669315	65.789621	A#4	64	112	0	1
226	65.905982	66.416789	C5	64	127	0	3
227	65.907954	67.438404	F2	64	82	1	-5
228	66.144622	67.402904	C3	64	86	1	-3
229	66.379317	66.612040	A#4	64	127	0	1
230	66.615985	66.852652	G#4	64	100	0	4
231	66.852652	67.189903	G#4	64	117	0	4
232	67.325987	67.661266	G#4	64	127	0	4
233	67.799322	68.030073	G#4	64	122	0	4
234	67.801294	69.294272	D#2	64	76	1	-2
235	68.035990	68.276602	G4	64	107	0	3
236	68.037962	69.284411	A#2	64	92	1	-5
237	68.272657	68.907715	F4	64	102	0	1
238	68.274629	68.860381	D#3	64	102	1	-5
239	68.984632	69.201577	D#3	64	99	1	-5
240	69.219327	69.353439	G#4	64	122	0	4
241	69.455995	69.592078	A#4	64	112	0	1
242	69.692662	70.045691	C5	64	127	0	3
243	69.694634	71.473585	C#2	64	88	1	-4
244	69.931302	71.637280	G#2	64	82	1	-2
245	70.165997	70.329692	A#4	64	112	0	1
246	70.167969	70.755694	C#3	64	97	1	-2
247	70.402665	70.730055	G#4	64	107	0	4
248	70.877972	71.858170	C#3	64	96	1	-2
249	71.112667	71.197473	A#4	64	112	0	1
250	71.349335	71.804920	C5	64	127	0	3
251	71.587974	73.341286	C#2	64	86	1	-4
252	71.824642	73.479342	G#2	64	62	1	-2
253	72.059337	72.155976	A#4	64	122	0	1
254	72.061309	72.658895	C#3	64	90	1	-2
255	72.296005	72.674673	C5	64	127	0	3
256	72.771312	73.037563	C#3	64	107	1	-2
257	73.006007	73.077007	F5	64	122	0	3
258	73.242675	73.932955	F5	64	127	0	3
259	73.481314	75.185320	D#2	64	93	1	-2
260	73.717982	75.376627	A#2	64	82	1	-5
261	73.952677	74.021705	D#5	64	112	0	1
262	73.954649	74.502929	D#3	64	95	1	-5
263	74.189345	75.309571	D#5	64	127	0	1
264	74.664652	74.968375	D#3	64	112	1	-5
265	75.374654	77.043160	D#2	64	83	1	-2
266	75.611322	76.956382	A#2	64	73	1	-5
267	76.084657	76.435714	D#3	64	100	1	-5
268	76.319352	76.772965	C5	64	112	0	3
269	76.557992	77.125994	D#3	64	99	1	-5
270	76.792687	77.196994	D#5	64	122	0	1
271	77.267994	79.035112	G#2	64	97	1	-2
272	77.504662	78.352720	D#3	64	78	1	-5
273	77.976025	78.070692	D#5	64	122	0	1
274	78.212692	78.307359	D#5	64	112	0	1
275	78.449360	78.538110	D#5	64	112	0	1
276	78.451332	79.139640	D#3	64	92	1	-5
277	78.686027	78.804361	D#5	64	112	0	1
278	78.922695	79.005528	G#5	64	127	0	1
279	79.159362	79.360529	G#5	64	127	0	1
280	79.161334	80.551756	G#2	64	89	1	-2
281	79.396030	79.494641	G5	64	122	0	5
282	79.398002	80.236199	D#3	64	85	1	-5
283	79.632697	79.772725	G5	64	127	0	5
284	79.869365	79.944309	F5	64	127	0	3
285	80.106032	80.307199	F5	64	127	0	3
286	80.344672	80.498506	D#3	64	86	1	-5
287	80.579367	80.660228	D#5	64	127	0	1
288	80.816035	80.898868	D#5	64	122	0	1
289	81.052702	81.182869	D#5	64	127	0	1
290	81.054674	82.853347	F2	64	85	1	-5
291	81.289370	81.360370	C5	64	117	0	3
292	81.291342	83.026903	C3	64	73	1	-3
293	81.526037	81.677899	C5	64	112	0	3
294	81.762705	81.847510	D#5	64	127	0	1
295	81.999372	82.113761	D#5	64	127	0	1
296	82.236040	82.314929	C5	64	127	0	3
297	82.472707	82.604846	C5	64	122	0	3
298	82.709375	82.806014	D#5	64	127	0	1
299	82.946042	83.101848	D#5	64	127	0	1
300	82.948014	84.362103	F2	64	85	1	-5
301	83.184682	84.032740	C3	64	75	1	-3
302	83.656045	83.896657	C5	64	112	0	3
303	83.892712	84.616520	A#4	64	127	0	1
304	84.131352	84.352241	C3	64	66	1	-3
305	84.602715	84.813743	G#4	64	127	0	4
306	84.841354	86.592694	C#2	64	89	1	-4
307	85.078022	86.782028	G#2	64	62	1	-2
308	85.314689	85.868886	C#3	64	89	1	-2
309	85.549385	85.626302	D#5	64	122	0	1
310	85.786052	85.868886	D#5	64	107	0	1
311	86.022720	86.109498	D#5	64	112	0	1
312	86.024692	86.705111	C#3	64	92	1	-2
313	86.259387	86.357999	D#5	64	122	0	1
314	86.496055	86.592694	G#5	64	127	0	1
315	86.732722	86.847111	G#5	64	127	0	1
316	86.734694	88.164560	C#2	64	77	1	-4
317	86.969390	87.036445	G5	64	127	0	5
318	86.971362	88.190199	G#2	64	72	1	-2
319	87.206057	87.334252	G5	64	127	0	5
320	87.208029	87.795754	C#3	64	99	1	-2
321	87.442725	87.515697	F5	64	122	0	3
322	87.679392	87.870698	F5	64	127	0	3
323	87.918032	88.275005	C#3	64	102	1	-2
324	88.152727	88.292755	D#5	64	127	0	1
325	88.389395	88.474200	F5	64	122	0	3
326	88.626062	88.728618	F5	64	127	0	3
327	88.628034	89.973095	A#2	64	93	1	-5
328	88.862730	88.933730	D#5	64	122	0	1
329	89.099397	89.188147	D#5	64	127	0	1
330	89.336065	89.416926	F5	64	122	0	3
331	89.572732	89.671344	F5	64	127	0	3
332	89.809400	89.864622	D#5	64	112	0	1
333	90.046067	90.148623	D#5	64	127	0	1
334	90.282735	90.359652	F5	64	122	0	3
335	90.519402	90.625902	F5	64	127	0	3
336	90.521374	92.446270	D#2	64	88	1	-2
337	90.756070	90.829042	D#5	64	117	0	1
338	90.758042	92.394992	A#2	64	99	1	-5
339	90.992737	91.371405	D#5	64	127	0	1
340	90.994709	91.546933	D#3	64	89	1	-5
341	91.702740	92.091269	C5	64	127	0	3
342	91.704712	92.016324	D#3	64	107	1	-5
343	92.176075	92.398936	D#5	64	127	0	1
344	92.414714	94.181832	G#2	64	97	1	-2
345	92.651382	93.499440	D#3	64	78	1	-5
346	93.122745	93.225300	D#5	64	117	0	1
347	93.359412	93.473801	D#5	64	112	0	1
348	93.596080	93.698635	D#5	64	107	0	1
349	93.598052	94.286360	D#3	64	92	1	-5
350	93.832747	93.945164	D#5	64	117	0	1
351	94.069415	94.150276	G#5	64	127	0	1
352	94.306082	94.485555	G#5	64	117	0	1
353	94.308054	95.698476	G#2	64	89	1	-2
354	94.542750	94.629528	G5	64	127	0	5
355	94.544722	95.382919	D#3	64	85	1	-5
356	94.779417	94.925362	G5	64	127	0	5
357	95.016085	95.094974	F5	64	127	0	3
358	95.252752	95.442086	F5	64	127	0	3
359	95.491392	95.645226	D#3	64	86	1	-5
360	95.726087	95.803004	D#5	64	127	0	1
361	95.962755	96.041644	D#5	64	112	0	1
362	96.199422	96.380867	D#5	64	127	0	1
363	96.201394	98.000067	F2	64	85	1	-5
364	96.436090	96.520895	C5	64	102	0	3
365	96.438062	98.173623	C3	64	73	1	-3
366	96.672757	96.781230	C5	64	107	0	3
367	96.909425	96.998175	D#5	64	127	0	1
368	97.146092	97.280204	D#5	64	127	0	1
369	97.382760	97.453760	C5	64	100	0	3
370	97.619427	97.727900	C5	64	102	0	3
371	97.856095	97.952734	D#5	64	122	0	1
372	98.092762	98.256457	D#5	64	127	0	1
373	98.094734	99.508823	F2	64	85	1	-5
374	98.331402	99.179460	C3	64	75	1	-3
375	98.802765	99.003932	C5	64	112	0	3
376	99.039432	99.540378	A#4	64	117	0	1
377	99.278072	99.498961	C3	64	66	1	-3
378	99.749435	100.045269	G#4	64	117	0	4
379	99.988074	101.739414	C#2	64	89	1	-4
380	100.224742	101.928748	G#2	64	62	1	-2
381	100.461409	101.015606	C#3	64	89	1	-2
382	100.696105	100.780910	D#5	64	102	0	1
383	100.932772	101.011661	D#5	64	122	0	1
384	101.169440	101.264107	D#5	64	117	0	1
385	101.171412	101.851831	C#3	64	92	1	-2
386	101.406107	101.532330	D#5	64	117	0	1
387	101.642775	101.741386	G#5	64	127	0	1
388	101.879442	101.991859	G#5	64	117	0	1
389	101.881414	103.311280	C#2	64	77	1	-4
390	102.116110	102.193027	A#5	64	127	0	3
391	102.118082	103.336919	G#2	64	72	1	-2
392	102.352777	102.469139	A#5	64	117	0	3
393	102.354749	102.942474	C#3	64	99	1	-2
394	102.589445	102.680167	G5	64	127	0	5
395	102.826112	103.007557	G#5	64	122	0	1
396	103.064752	103.421725	C#3	64	102	1	-2
397	103.299447	103.402003	F5	64	127	0	3
398	103.536115	103.628809	G5	64	127	0	5
399	103.772782	104.080450	G#5	64	127	0	1
400	103.774754	105.119815	A#2	64	93	1	-5
401	104.246117	104.547868	G5	64	127	0	5
402	104.719452	104.914703	F5	64	127	0	3
403	105.192787	105.346621	D#5	64	127	0	1
404	105.429455	105.530038	F5	64	112	0	3
405	105.666122	105.950123	F5	64	127	0	3
406	105.668094	107.592990	D#2	64	88	1	-2
407	105.904762	107.541712	A#2	64	99	1	-5
408	106.139457	106.342597	D#5	64	127	0	1
409	106.141429	106.693653	D#3	64	89	1	-5
410	106.612792	107.056544	C5	64	127	0	3
411	106.851432	107.163044	D#3	64	107	1	-5
412	107.086127	107.350406	A#4	64	117	0	1
413	107.559462	107.750768	A#4	64	127	0	1
414	107.561434	109.300940	G#2	64	96	1	-2
415	107.796130	107.894741	G#4	64	99	0	4
416	107.798102	108.602771	D#3	64	79	1	-5
417	108.032797	109.214162	G#4	64	127	0	4
418	108.744772	109.474497	D#3	64	70	1	-5
419	109.454774	111.239642	G#2	64	66	1	-2
420	111.348114	113.089593	G2	64	85	1	-3
421	111.582810	111.651838	B4	64	117	0	2
422	111.584782	112.424951	D3	64	73	1	-1
423	111.819477	112.042339	D5	64	127	0	5
424	112.292812	112.417063	B4	64	122	0	2
425	112.529480	112.730647	D5	64	127	0	5
426	112.531452	113.225676	D3	64	82	1	-1
427	112.766147	112.971259	B4	64	127	0	2
428	113.002815	113.186232	D5	64	127	0	5
429	113.241454	114.691043	G2	64	59	1	-3
430	113.476150	113.602372	B4	64	127	0	2
431	113.478122	114.339986	D3	64	50	1	-1
432	113.712817	113.949485	D5	64	127	0	5
433	113.949485	114.020485	B4	64	107	0	2
434	114.186152	114.416903	D5	64	127	0	5
435	114.424792	114.637793	D3	64	85	1	-1
436	114.659487	114.844877	G4	64	102	0	3
437	115.134794	116.917689	E2	64	78	1	-1
438	115.369490	115.424712	E4	64	100	0	5
439	115.371462	117.083357	B2	64	69	1	-4
440	115.487823	115.554879	G4	64	100	0	3
441	115.606157	115.696880	G4	64	117	0	3
442	115.608129	116.189937	E3	64	81	1	-4
443	115.842825	115.953269	D5	64	122	0	5
444	116.079492	116.284604	D5	64	127	0	5
445	116.316160	116.408854	A4	64	117	0	5
446	116.318132	116.608049	E3	64	73	1	-4
447	116.552827	116.647494	A4	64	127	0	5
448	116.789495	116.876273	A4	64	122	0	5
449	117.026162	117.183940	A4	64	127	0	5
450	117.028134	118.473778	E2	64	73	1	-1
451	117.262830	117.351580	A4	64	127	0	5
452	117.264802	118.440250	B2	64	63	1	-4
453	117.499497	117.700664	A4	64	117	0	5
454	117.501469	118.097083	E3	64	58	1	-4
455	117.736165	117.888026	G4	64	95	0	3
456	117.972832	118.172027	D5	64	127	0	5
457	118.209500	118.302194	B4	64	127	0	2
458	118.211472	118.375167	E3	64	69	1	-4
459	118.446167	118.889919	B4	64	127	0	2
460	118.921474	120.670842	C2	64	74	1	-5
461	119.156170	119.233087	D5	64	127	0	5
462	119.158142	120.812842	G2	64	59	1	-3
463	119.392837	119.592032	D5	64	127	0	5
464	119.394809	119.980561	C3	64	83	1	-3
465	119.629505	119.702477	A4	64	112	0	5
466	119.631477	120.382896	E3	64	73	1	-4
467	119.866172	120.047617	A4	64	127	0	5
468	120.102840	120.191590	A4	64	117	0	5
469	120.104812	120.473619	C3	64	73	1	-3
470	120.339507	120.497285	A4	64	127	0	5
471	120.576175	120.662953	G4	64	112	0	3
472	120.578147	121.361122	E3	64	77	1	-4
473	120.812842	121.021898	G4	64	127	0	3
474	120.814814	122.136208	C2	64	61	1	-5
475	121.049510	121.126427	D5	64	127	0	5
476	121.051482	122.136208	G2	64	64	1	-3
477	121.286177	121.438039	D5	64	127	0	5
478	121.288149	121.917290	C3	64	73	1	-3
479	121.522845	121.593845	A4	64	102	0	5
480	121.524817	121.887707	E3	64	83	1	-4
481	121.759512	121.873901	A4	64	117	0	5
482	121.996180	122.094791	A4	64	90	0	5
483	121.998152	122.205236	C3	64	70	1	-3
484	122.232847	122.363014	A4	64	107	0	5
485	122.469515	122.552348	G4	64	122	0	3
486	122.471487	122.652932	E3	64	75	1	-4
487	122.706182	122.889599	G4	64	127	0	3
488	122.708154	124.090687	A2	64	68	1	-1
489	122.944822	123.808658	E3	64	88	1	-4
490	123.416185	123.489157	G4	64	107	0	3
491	123.652852	123.727797	G4	64	107	0	3
492	123.889520	123.970381	G4	64	107	0	3
493	123.891492	124.043353	E3	64	56	1	-4
494	124.126187	124.325382	G4	64	112	0	3
495	124.362855	124.453577	C5	64	127	0	3
496	124.599522	124.808578	C5	64	122	0	3
497	124.601494	126.394251	D2	64	69	1	-3
498	124.836190	124.936773	B4	64	127	0	2
499	124.838162	125.650720	A2	64	82	1	-1
500	125.072857	125.266136	B4	64	127	0	2
501	125.074829	125.512664	D3	64	85	1	-1
502	125.309525	125.400247	A4	64	117	0	5
503	125.546192	125.893304	A4	64	127	0	5
504	125.784832	126.341000	A2	64	88	1	-1
505	126.019527	126.208861	E4	64	100	0	5
506	126.256195	126.800530	G4	64	117	0	3
507	126.258167	126.477084	D3	64	85	1	-1
508	126.494834	127.833978	A2	64	93	1	-1
509	126.731502	127.583505	E3	64	51	1	-4
510	127.202865	127.423754	G4	64	95	0	3
511	127.439532	127.790589	C5	64	127	0	3
512	127.678172	127.869478	E3	64	78	1	-4
513	127.912867	128.309285	C5	64	127	0	3
514	128.386202	128.585397	B4	64	127	0	2
515	128.388174	129.808179	B2	64	88	1	-4
516	128.859537	129.179038	A4	64	117	0	5
517	129.332872	129.577428	A4	64	127	0	5
518	129.806207	129.952152	G4	64	112	0	3
519	130.042875	130.163181	A4	64	112	0	5
520	130.279542	130.601015	B4	64	127	0	2
521	130.281514	131.811964	E2	64	82	1	-1
522	130.518182	131.776464	B2	64	86	1	-4
523	130.752877	130.952072	B4	64	127	0	2
524	130.754849	131.316935	E3	64	99	1	-4
525	130.989545	131.368213	E5	64	122	0	2
526	131.462880	131.687714	B4	64	107	0	2
527	131.464852	131.656158	E3	64	93	1	-4
528	131.699547	132.058493	D5	64	127	0	5
529	132.172882	132.512105	E5	64	127	0	2
530	132.174854	133.667832	D2	64	76	1	-3
531	132.411522	133.657971	A2	64	92	1	-1
532	132.648189	133.233941	D3	64	102	1	-1
533	133.358192	133.575137	D3	64	99	1	-1
534	133.592887	133.726999	G4	64	122	0	3
535	133.829555	133.965638	A4	64	112	0	5
536	134.066222	134.419251	B4	64	127	0	2
537	134.068194	135.847145	C2	64	88	1	-5
538	134.304862	136.010840	G2	64	82	1	-3
539	134.539557	134.703252	A4	64	112	0	5
540	134.541529	135.129254	C3	64	97	1	-3
541	134.776225	135.103615	G4	64	107	0	3
542	135.251532	136.231730	C3	64	96	1	-3
543	135.486227	135.571033	A4	64	112	0	5
544	135.722895	136.178480	B4	64	127	0	2
545	135.961534	137.714846	C2	64	86	1	-5
546	136.198202	137.852902	G2	64	62	1	-3
547	136.432897	136.529536	A4	64	122	0	5
548	136.434869	137.032455	C3	64	90	1	-3
549	136.669565	137.048233	B4	64	127	0	2
550	137.144872	137.411123	C3	64	107	1	-3
551	137.379567	137.450567	E5	64	122	0	2
552	137.616235	138.306515	E5	64	127	0	2
553	137.854874	139.558880	D2	64	93	1	-3
554	138.091542	139.750187	A2	64	82	1	-1
555	138.324265	139.683131	D5	64	127	0	5
556	138.328209	138.876489	D3	64	95	1	-1
557	139.038212	139.341935	D3	64	112	1	-1
558	139.748214	141.416720	D2	64	83	1	-3
559	139.982910	140.233383	D5	64	127	0	5
560	139.984882	141.329942	A2	64	73	1	-1
561	140.219577	140.434550	G5	64	100	0	5
562	140.456245	141.002552	B5	64	117	0	4
563	140.458217	140.809274	D3	64	100	1	-1
564	140.931552	141.499554	D3	64	99	1	-1
565	141.166247	141.402915	F#5	64	97	0	4
566	141.420665	142.179973	G5	64	127	0	5
567	141.641554	143.408672	G2	64	97	1	-3
568	141.878222	142.726280	D3	64	78	1	-1
569	142.349585	142.444252	D5	64	122	0	5
570	142.586252	142.680919	D5	64	112	0	5
571	142.822920	142.911670	D5	64	112	0	5
572	142.824892	143.513200	D3	64	92	1	-1
573	143.059587	143.177921	D5	64	112	0	5
574	143.296255	143.379088	G5	64	127	0	5
575	143.532922	143.734089	G5	64	127	0	5
576	143.534894	144.925316	G2	64	89	1	-3
577	143.769590	143.868201	F#5	64	122	0	4
578	143.771562	144.609759	D3	64	85	1	-1
579	144.006257	144.146285	F#5	64	127	0	4
580	144.242925	144.317869	E5	64	127	0	2
581	144.479592	144.680759	E5	64	127	0	2
582	144.718232	144.872066	D3	64	86	1	-1
583	144.952927	145.033788	D5	64	127	0	5
584	145.189595	145.272428	D5	64	122	0	5
585	145.426262	145.556429	D5	64	127	0	5
586	145.428234	147.226907	E2	64	85	1	-1
587	145.662930	145.733930	B4	64	117	0	2
588	145.664902	147.400463	B2	64	73	1	-4
589	145.899597	146.051459	B4	64	112	0	2
590	145.901569	146.503099	E3	64	90	1	-4
591	146.136265	146.221070	D5	64	127	0	5
592	146.372932	146.487321	D5	64	127	0	5
593	146.609600	146.688489	B4	64	127	0	2
594	146.611572	147.230852	E3	64	90	1	-4
595	146.846267	146.978406	B4	64	122	0	2
596	147.082935	147.179574	D5	64	127	0	5
597	147.319602	147.475408	D5	64	127	0	5
598	147.321574	148.735663	E2	64	85	1	-1
599	147.558242	148.406300	B2	64	75	1	-4
600	147.794909	148.155827	E3	64	96	1	-4
601	148.029605	148.270217	B4	64	112	0	2
602	148.266272	148.990080	A4	64	127	0	5
603	148.504912	148.725801	B2	64	66	1	-4
604	148.976275	149.187303	G4	64	127	0	3
605	149.214914	150.966254	C2	64	89	1	-5
606	149.451582	151.155588	G2	64	62	1	-3
607	149.688249	150.242446	C3	64	89	1	-3
608	149.922945	149.999862	D5	64	122	0	5
609	150.159612	150.242446	D5	64	107	0	5
610	150.396280	150.483058	D5	64	112	0	5
611	150.398252	151.078671	C3	64	92	1	-3
612	150.632947	150.731559	D5	64	122	0	5
613	150.869615	150.966254	G5	64	127	0	5
614	151.106282	151.220671	G5	64	127	0	5
615	151.108254	152.538120	C2	64	77	1	-5
616	151.342950	151.410005	F#5	64	127	0	4
617	151.344922	152.563759	G2	64	72	1	-3
618	151.579617	151.707812	F#5	64	127	0	4
619	151.581589	152.169314	C3	64	99	1	-3
620	151.816285	151.889257	E5	64	122	0	2
621	152.052952	152.244258	E5	64	127	0	2
622	152.291592	152.648565	C3	64	102	1	-3
623	152.526287	152.666315	D5	64	127	0	5
624	152.762955	152.847760	E5	64	122	0	2
625	152.999622	153.102178	E5	64	127	0	2
626	153.001594	154.346655	A2	64	93	1	-1
627	153.236290	153.307290	D5	64	122	0	5
628	153.238262	154.046876	E3	64	88	1	-4
629	153.472957	153.561707	D5	64	127	0	5
630	153.709625	153.790486	E5	64	122	0	2
631	153.946292	154.044904	E5	64	127	0	2
632	154.182960	154.238182	D5	64	112	0	5
633	154.184932	154.309182	E3	64	97	1	-4
634	154.419627	154.522183	D5	64	127	0	5
635	154.656295	154.733212	E5	64	122	0	2
636	154.892962	154.999462	E5	64	127	0	2
637	154.894934	156.819830	D2	64	88	1	-3
638	155.129630	155.202602	D5	64	117	0	5
639	155.131602	156.768552	A2	64	99	1	-1
640	155.366297	155.744965	D5	64	127	0	5
641	155.368269	155.920493	D3	64	89	1	-1
642	156.076300	156.464829	B4	64	127	0	2
643	156.078272	156.389884	D3	64	107	1	-1
644	156.549635	156.772496	D5	64	127	0	5
645	156.788274	158.555392	G2	64	97	1	-3
646	157.024942	157.873000	D3	64	78	1	-1
647	157.496305	157.598860	D5	64	117	0	5
648	157.732972	157.847361	D5	64	112	0	5
649	157.969640	158.072195	D5	64	107	0	5
650	157.971612	158.659920	D3	64	92	1	-1
651	158.206307	158.318724	D5	64	117	0	5
652	158.442975	158.523836	G5	64	127	0	5
653	158.679642	158.859115	G5	64	117	0	5
654	158.681614	160.072036	G2	64	89	1	-3
655	158.916310	159.003088	F#5	64	127	0	4
656	158.918282	159.756479	D3	64	85	1	-1
657	159.152977	159.298922	F#5	64	127	0	4
658	159.389645	159.468534	E5	64	127	0	2
659	159.626312	159.815646	E5	64	127	0	2
660	159.864952	160.018786	D3	64	86	1	-1
661	160.099647	160.176564	D5	64	127	0	5
662	160.336315	160.415204	D5	64	112	0	5
663	160.572982	160.754427	D5	64	127	0	5
664	160.574954	162.373627	E2	64	85	1	-1
665	160.809650	160.894455	B4	64	102	0	2
666	160.811622	162.547183	B2	64	73	1	-4
667	161.046317	161.154790	B4	64	107	0	2
668	161.048289	161.649819	E3	64	90	1	-4
669	161.282985	161.371735	D5	64	127	0	5
670	161.519652	161.653764	D5	64	127	0	5
671	161.756320	161.827320	B4	64	100	0	2
672	161.758292	162.377572	E3	64	90	1	-4
673	161.992987	162.101460	B4	64	102	0	2
674	162.229655	162.326294	D5	64	122	0	5
675	162.466322	162.630017	D5	64	127	0	5
676	162.468294	163.882383	E2	64	85	1	-1
677	162.704962	163.553020	B2	64	75	1	-4
678	162.941629	163.302547	E3	64	96	1	-4
679	163.176325	163.377492	B4	64	112	0	2
680	163.412992	163.913938	A4	64	117	0	5
681	163.651632	163.872521	B2	64	66	1	-4
682	164.122995	164.418829	G4	64	117	0	3
683	164.361634	166.112974	C2	64	89	1	-5
684	164.598302	166.302308	G2	64	62	1	-3
685	164.834969	165.389166	C3	64	89	1	-3
686	165.069665	165.154470	D5	64	102	0	5
687	165.306332	165.385221	D5	64	122	0	5
688	165.543000	165.637667	D5	64	117	0	5
689	165.544972	166.225391	C3	64	92	1	-3
690	165.779667	165.905890	D5	64	117	0	5
691	166.016335	166.114946	G5	64	127	0	5
692	166.253002	166.365419	G5	64	117	0	5
693	166.254974	167.684840	C2	64	77	1	-5
694	166.489670	166.566587	A5	64	127	0	2
695	166.491642	167.710479	G2	64	72	1	-3
696	166.726337	166.842699	A5	64	117	0	2
697	166.728309	167.316034	C3	64	99	1	-3
698	166.963005	167.053727	F#5	64	127	0	4
699	167.199672	167.381117	G5	64	122	0	5
700	167.438312	167.795285	C3	64	102	1	-3
701	167.673007	167.775563	E5	64	127	0	2
702	167.909675	168.002369	F#5	64	127	0	4
703	168.146342	168.454010	G5	64	127	0	5
704	168.148314	169.493375	A2	64	93	1	-1
705	168.384982	169.193596	E3	64	88	1	-4
706	168.619677	168.921428	F#5	64	127	0	4
707	169.093012	169.288263	E5	64	127	0	2
708	169.331652	169.455902	E3	64	97	1	-4
709	169.566347	169.720181	D5	64	127	0	5
710	169.803015	169.903598	E5	64	112	0	2
711	170.039682	170.323683	E5	64	127	0	2
712	170.041654	171.934994	D2	64	88	1	-3
713	170.278322	171.915272	A2	64	99	1	-1
714	170.513017	170.716157	D5	64	127	0	5
715	170.514989	171.067213	D3	64	89	1	-1
716	170.986352	171.430104	B4	64	127	0	2
717	171.224992	171.536604	E3	64	107	1	-4
718	171.459687	171.723966	A4	64	117	0	5
719	171.934994	173.250471	C3	64	95	1	-3
720	172.406357	172.670636	E5	64	127	0	2
721	172.879692	173.197221	E5	64	127	0	2
722	173.353027	173.688306	E5	64	127	0	2
723	173.826362	174.177419	F#5	64	127	0	4
724	173.828334	174.950533	B2	64	76	1	-4
725	174.299697	174.418031	F#5	64	127	0	4
726	174.536365	174.820366	F#5	64	127	0	4
727	175.011672	175.163533	B2	64	73	1	-4
728	175.246367	175.344979	F#5	64	112	0	4
729	175.483035	175.587563	F#5	64	96	0	4
730	175.719702	175.989897	G5	64	127	0	5
731	175.721674	177.041096	E2	64	90	1	-1
732	175.958342	176.970095	B2	64	43	1	-4
733	176.193037	176.281787	G5	64	127	0	5
734	176.195009	176.729483	E3	64	93	1	-4
735	176.429705	176.879373	A5	64	127	0	2
736	176.905012	177.015457	E3	64	78	1	-4
737	177.139707	177.287624	F#5	64	112	0	4
738	177.376375	177.944377	G5	64	127	0	5
739	177.615014	178.916686	D2	64	78	1	-3
740	177.851682	178.839769	A2	64	73	1	-1
741	178.088349	178.593240	D3	64	88	1	-1
742	178.796380	178.954158	E4	64	127	0	5
743	178.798352	179.029103	D3	64	90	1	-1
744	179.033047	179.232242	E5	64	117	0	2
745	179.269715	179.362409	F#5	64	117	0	4
746	179.506382	179.766716	G5	64	127	0	5
747	179.508354	180.821859	A2	64	95	1	-1
748	179.745022	180.780442	E3	64	60	1	-4
749	179.979717	180.078329	F#5	64	127	0	4
750	180.216385	180.472774	E5	64	127	0	2
751	180.926387	181.011193	F#5	64	127	0	4
752	181.163055	181.589056	G5	64	127	0	5
753	181.401694	182.914394	B2	64	99	1	-4
754	181.873057	181.975613	D5	64	127	0	5
755	182.109725	182.348364	D5	64	127	0	5
756	182.583060	182.849311	A5	64	127	0	2
757	183.056395	184.239732	A5	64	127	0	2
758	183.295034	185.038485	D2	64	92	1	-3
759	183.531702	184.876762	A2	64	51	1	-1
760	183.768369	184.316649	D3	64	93	1	-1
761	184.476400	184.590789	G5	64	107	0	5
762	184.478372	185.079902	D3	64	89	1	-1
763	184.713067	184.833373	D6	64	122	0	2
764	184.949735	185.038485	B5	64	117	0	4
765	185.186402	186.083766	A5	64	127	0	2
766	185.188374	185.361930	D3	64	74	1	-1
767	185.188374	186.296767	D2	64	85	1	-3
768	185.425042	186.231684	D3	64	95	1	-1
769	186.371712	187.000853	D2	64	52	1	-3
770	186.371712	187.034381	D3	64	97	1	-1
771	187.081714	188.848832	G#2	64	97	1	-2
772	187.318382	188.166440	D#3	64	78	1	-5
773	187.789745	187.884412	D#5	64	122	0	1
774	188.026412	188.121079	D#5	64	112	0	1
775	188.263080	188.351830	D#5	64	112	0	1
776	188.265052	188.953360	D#3	64	92	1	-5
777	188.499747	188.618081	D#5	64	112	0	1
778	188.736415	188.819248	G#5	64	127	0	1
779	188.973082	189.174249	G#5	64	127	0	1
780	188.975054	190.365476	G#2	64	89	1	-2
781	189.209750	189.308361	G5	64	122	0	5
782	189.211722	190.049919	D#3	64	85	1	-5
783	189.446417	189.586445	G5	64	127	0	5
784	189.683085	189.758029	F5	64	127	0	3
785	189.919752	190.120919	F5	64	127	0	3
786	190.158392	190.312226	D#3	64	86	1	-5
787	190.393087	190.473948	D#5	64	127	0	1
788	190.629755	190.712588	D#5	64	122	0	1
789	190.866422	190.996589	D#5	64	127	0	1
790	190.868394	192.667067	F2	64	85	1	-5
791	191.103090	191.174090	C5	64	117	0	3
792	191.105062	192.840623	C3	64	73	1	-3
793	191.339757	191.491619	C5	64	112	0	3
794	191.576425	191.661230	D#5	64	127	0	1
795	191.813092	191.927481	D#5	64	127	0	1
796	192.049760	192.128649	C5	64	127	0	3
797	192.286427	192.418566	C5	64	122	0	3
798	192.523095	192.619734	D#5	64	127	0	1
799	192.759762	192.915568	D#5	64	127	0	1
800	192.761734	194.175823	F2	64	85	1	-5
801	192.998402	193.846460	C3	64	75	1	-3
802	193.469765	193.710377	C5	64	112	0	3
803	193.706432	194.430240	A#4	64	127	0	1
804	193.945072	194.165961	C3	64	66	1	-3
805	194.416435	194.627463	G#4	64	127	0	4
806	194.655074	196.406414	C#2	64	89	1	-4
807	194.891742	196.595748	G#2	64	62	1	-2
808	195.128409	195.682606	C#3	64	89	1	-2
809	195.363105	195.440022	D#5	64	122	0	1
810	195.599772	195.682606	D#5	64	107	0	1
811	195.836440	195.923218	D#5	64	112	0	1
812	195.838412	196.518831	C#3	64	92	1	-2
813	196.073107	196.171719	D#5	64	122	0	1
814	196.309775	196.406414	G#5	64	127	0	1
815	196.546442	196.660831	G#5	64	127	0	1
816	196.548414	197.978280	C#2	64	77	1	-4
817	196.783110	196.850165	G5	64	127	0	5
818	196.785082	198.003919	G#2	64	72	1	-2
819	197.019777	197.147972	G5	64	127	0	5
820	197.021749	197.609474	C#3	64	99	1	-2
821	197.256445	197.329417	F5	64	122	0	3
822	197.493112	197.684418	F5	64	127	0	3
823	197.731752	198.088725	C#3	64	102	1	-2
824	197.966447	198.106475	D#5	64	127	0	1
825	198.203115	198.287920	F5	64	122	0	3
826	198.439782	198.542338	F5	64	127	0	3
827	198.441754	199.786815	A#2	64	93	1	-5
828	198.676450	198.747450	D#5	64	122	0	1
829	198.913117	199.001867	D#5	64	127	0	1
830	199.149785	199.230646	F5	64	122	0	3
831	199.386452	199.485064	F5	64	127	0	3
832	199.623120	199.678342	D#5	64	112	0	1
833	199.859787	199.962343	D#5	64	127	0	1
834	200.096455	200.173372	F5	64	122	0	3
835	200.333122	200.439622	F5	64	127	0	3
836	200.335094	202.259990	D#2	64	88	1	-2
837	200.569790	200.642762	D#5	64	117	0	1
838	200.571762	202.208712	A#2	64	99	1	-5
839	200.806457	201.185125	D#5	64	127	0	1
840	200.808429	201.360653	D#3	64	89	1	-5
841	201.516460	201.904989	C5	64	127	0	3
842	201.518432	201.830044	D#3	64	107	1	-5
843	201.989795	202.212656	D#5	64	127	0	1
844	202.228434	203.995552	G#2	64	97	1	-2
845	202.465102	203.313160	D#3	64	78	1	-5
846	202.936465	203.039020	D#5	64	117	0	1
847	203.173132	203.287521	D#5	64	112	0	1
848	203.409800	203.512355	D#5	64	107	0	1
849	203.411772	204.100080	D#3	64	92	1	-5
850	203.646467	203.758884	D#5	64	117	0	1
851	203.883135	203.963996	G#5	64	127	0	1
852	204.119802	204.299275	G#5	64	117	0	1
853	204.121774	205.512196	G#2	64	89	1	-2
854	204.356470	204.443248	G5	64	127	0	5
855	204.358442	205.196639	D#3	64	85	1	-5
856	204.593137	204.739082	G5	64	127	0	5
857	204.829805	204.908694	F5	64	127	0	3
858	205.066472	205.255806	F5	64	127	0	3
859	205.305112	205.458946	D#3	64	86	1	-5
860	205.539807	205.616724	D#5	64	127	0	1
861	205.776475	205.855364	D#5	64	112	0	1
862	206.013142	206.194587	D#5	64	127	0	1
863	206.015114	207.813787	F2	64	85	1	-5
864	206.249810	206.334615	C5	64	102	0	3
865	206.251782	207.987343	C3	64	73	1	-3
866	206.486477	206.594950	C5	64	107	0	3
867	206.723145	206.811895	D#5	64	127	0	1
868	206.959812	207.093924	D#5	64	127	0	1
869	207.196480	207.267480	C5	64	100	0	3
870	207.433147	207.541620	C5	64	102	0	3
871	207.669815	207.766454	D#5	64	122	0	1
872	207.906482	208.070177	D#5	64	127	0	1
873	207.908454	209.322543	F2	64	85	1	-5
874	208.145122	208.993180	C3	64	75	1	-3
875	208.616485	208.817652	C5	64	112	0	3
876	208.853152	209.354098	A#4	64	117	0	1
877	209.091792	209.312681	C3	64	66	1	-3
878	209.563155	209.858989	G#4	64	117	0	4
879	209.801794	211.553134	C#2	64	89	1	-4
880	210.038462	211.742468	G#2	64	62	1	-2
881	210.275129	210.829326	C#3	64	89	1	-2
882	210.509825	210.594630	D#5	64	102	0	1
883	210.746492	210.825381	D#5	64	122	0	1
884	210.983160	211.077827	D#5	64	117	0	1
885	210.985132	211.665551	C#3	64	92	1	-2
886	211.219827	211.346050	D#5	64	117	0	1
887	211.456495	211.555106	G#5	64	127	0	1
888	211.693162	211.805579	G#5	64	117	0	1
889	211.695134	213.125000	C#2	64	77	1	-4
890	211.929830	212.006747	A#5	64	127	0	3
891	211.931802	213.150639	G#2	64	72	1	-2
892	212.166497	212.282859	A#5	64	117	0	3
893	212.168469	212.756194	C#3	64	99	1	-2
894	212.403165	212.493887	G5	64	127	0	5
895	212.639832	212.821277	G#5	64	122	0	1
896	212.878472	213.235445	C#3	64	102	1	-2
897	213.113167	213.215723	F5	64	127	0	3
898	213.349835	213.442529	G5	64	127	0	5
899	213.586502	213.894170	G#5	64	127	0	1
900	213.588474	214.933535	A#2	64	93	1	-5
901	214.059837	214.361588	G5	64	127	0	5
902	214.533172	214.728423	F5	64	127	0	3
903	215.006507	215.160341	D#5	64	127	0	1
904	215.243175	215.343758	F5	64	112	0	3
905	215.479842	215.763843	F5	64	127	0	3
906	215.481814	217.341626	D#2	64	88	1	-2
907	215.718482	217.341626	A#2	64	99	1	-5
908	215.953177	216.156317	D#5	64	127	0	1
909	215.955149	216.507373	D#3	64	89	1	-5
910	216.426512	216.870264	C5	64	127	0	3
911	216.665152	216.976764	D#3	64	107	1	-5
912	216.899847	217.164126	A#4	64	117	0	1
913	217.136515	217.331765	D#4	64	99	0	4
914	217.373182	217.564488	A#4	64	127	0	1
915	217.373182	218.939132	C5	64	127	0	3
916	217.375154	218.814882	F2	64	93	1	-5
917	217.609850	217.708461	G#4	64	99	0	4
918	217.611822	218.826715	C3	64	92	1	-3
919	217.846517	219.027882	G#4	64	127	0	4
920	219.266522	220.155997	C#5	64	127	0	4
921	219.268494	221.037584	G#2	64	72	1	-2
922	219.505162	221.244668	D#3	64	65	1	-5
923	220.215164	221.635169	C5	64	79	0	3
924	220.686527	220.913333	C5	64	122	0	3
925	220.923195	222.112449	G#4	64	97	0	4
926	221.161834	222.883590	G#2	64	62	1	-2
927	221.398502	222.903313	D#3	64	65	1	-5
928	222.108504	222.879646	C5	64	99	0	3
929	223.017702	223.138008	G#4	64	102	0	4
930	223.055174	224.425874	G#2	64	67	1	-2
931	223.167591	223.388481	A#4	64	89	0	1
932	223.291842	224.388401	D#3	64	47	1	-5
933	223.337203	223.522593	C5	64	86	0	3
934	223.493009	224.049178	D#5	64	102	0	1
935	224.001844	225.007681	C5	64	93	0	3
936	224.709875	224.889347	D#4	64	100	0	4
937	224.946542	226.344853	C5	64	112	0	3
938	224.948514	226.741271	F2	64	83	1	-5
939	225.185182	226.841854	C3	64	68	1	-3
940	226.839882	227.484801	C#5	64	127	0	4
941	226.841854	228.597138	G#2	64	73	1	-2
942	227.078522	228.823945	D#3	64	69	1	-5
943	227.549885	228.145498	C5	64	112	0	3
944	228.259887	228.330887	G#4	64	95	0	4
945	228.496555	230.646284	G#4	64	102	0	4
946	228.735194	230.973674	G#2	64	57	1	-2
947	228.971862	230.618673	D#3	64	62	1	-5
