//Version: PianoFingering_v170101
0	0.280030	3.653281	D4	64	51	0	3
1	0.280030	3.653281	F4	64	57	0	1
2	0.280030	3.660650	A4	64	55	0	5
3	0.280030	3.673546	D3	64	56	1	-1
4	0.280030	3.688285	D2	64	43	1	-3
5	3.817246	6.750187	D3	64	35	1	-1
6	3.817246	6.903098	D2	64	48	1	-3
7	3.817246	7.026532	A4	64	47	0	5
8	3.817246	7.046798	D4	64	50	0	3
9	3.817246	7.050482	F4	64	50	0	1
10	7.354462	8.645914	D2	64	81	1	-3
11	7.796614	8.704868	A2	64	67	1	-1
12	8.238766	8.502215	D3	64	67	1	-1
13	8.238766	9.161758	F4	64	95	0	1
14	8.680918	9.169127	D4	64	72	0	3
15	9.123070	10.272665	C2	64	78	1	-5
16	9.565222	10.248715	G2	64	50	1	-3
17	10.007374	10.233977	C3	64	56	1	-3
18	10.007374	10.847462	E4	64	92	0	5
19	10.449526	10.911943	C4	64	89	0	1
20	10.891678	11.934419	B1	64	72	1	-1
21	11.333830	12.028377	B2	64	44	1	-4
22	11.775982	12.715555	D4	64	88	0	3
23	11.775982	12.735820	F4	64	81	0	1
24	12.218134	12.739505	B3	64	64	1	-2
25	12.660286	13.752770	A2	64	75	1	-1
26	13.102438	13.693816	E3	64	69	1	-4
27	13.544590	14.412313	E4	64	86	0	5
28	13.544590	14.423367	C4	64	89	0	1
29	13.986742	14.401259	A3	64	79	1	-4
30	14.428894	15.565593	D2	64	77	1	-3
31	14.871046	15.567435	A2	64	65	1	-1
32	15.313198	15.661392	D3	64	68	1	-1
33	15.313198	16.260140	D4	64	89	0	3
34	15.313198	16.284090	F4	64	79	0	1
35	15.755350	16.241717	A3	64	73	1	-4
36	16.197502	17.520273	B2	64	71	1	-4
37	16.639654	17.450266	F3	64	61	1	-3
38	17.081806	18.034275	F4	64	96	0	1
39	17.523958	17.984533	D4	64	64	0	3
40	17.966110	19.375469	G2	64	76	1	-3
41	18.408262	19.086228	G3	64	63	1	-1
42	18.850414	19.699714	D4	64	95	0	3
43	19.292566	19.773406	G3	64	66	1	-1
44	19.734718	21.291461	C2	64	76	1	-5
45	19.955794	21.501483	G2	64	52	1	-3
46	20.176870	20.724033	C3	64	89	1	-3
47	20.397946	21.057489	G3	64	77	1	-1
48	20.619022	21.455426	E4	64	92	0	5
49	20.840098	21.061174	C3	64	72	1	-3
50	21.061174	21.494114	C4	64	77	0	1
51	21.282250	21.497799	G3	64	74	1	-1
52	21.503326	21.986008	A3	64	90	1	-4
53	21.503326	22.658448	D2	64	73	1	-3
54	21.945478	22.573702	C4	64	95	0	1
55	21.945478	22.667659	A2	64	52	1	-1
56	22.387630	22.765301	D3	64	66	1	-1
57	22.387630	23.410106	F4	64	81	0	1
58	22.829782	23.093231	E4	64	99	0	5
59	22.829782	23.399052	D4	64	61	0	3
60	23.050858	23.308780	D4	64	75	0	3
61	23.271934	23.986746	C4	64	70	0	1
62	23.271934	24.439952	A2	64	72	1	-1
63	23.714086	24.294410	E3	64	48	1	-4
64	24.156238	25.066334	E4	64	89	0	5
65	24.598390	25.053438	C4	64	72	0	1
66	25.040542	25.346363	F4	64	102	0	1
67	25.040542	26.039068	D2	64	70	1	-3
68	25.482694	25.709297	F4	64	112	0	1
69	25.482694	26.028014	A2	64	40	1	-1
70	25.924846	26.308044	D4	64	107	0	3
71	25.924846	26.098022	D3	64	56	1	-1
72	25.924846	26.825730	D4	64	69	0	3
73	25.924846	26.827573	F4	64	65	0	1
74	26.366998	26.709665	C4	64	65	0	1
75	26.366998	26.932584	A3	64	56	1	-4
76	26.809150	27.811361	C4	64	99	0	1
77	26.809150	27.966114	A2	64	76	1	-1
78	27.251302	27.901634	E3	64	59	1	-4
79	27.693454	28.577758	C4	64	81	0	1
80	27.693454	28.585127	E4	64	77	0	5
81	28.135606	28.550123	A3	64	67	1	-4
82	28.577758	28.868841	F4	64	107	0	1
83	28.577758	29.769726	A#2	64	90	1	-5
84	29.019910	29.767883	F4	64	102	0	1
85	29.019910	29.681295	F3	64	56	1	-3
86	29.462062	29.688665	A#3	64	64	1	-3
87	29.462062	30.340839	F4	64	90	0	1
88	29.904214	30.235828	D4	64	107	0	3
89	29.904214	30.348208	D4	64	76	0	3
90	30.346366	31.068547	C5	64	127	0	3
91	30.346366	31.602814	F2	64	74	1	-5
92	30.788518	31.987855	C3	64	58	1	-3
93	31.230670	31.488592	F3	64	56	1	-3
94	31.230670	32.087339	A3	64	86	1	-4
95	31.672822	32.083655	A4	64	97	0	5
96	31.672822	32.103920	C4	64	77	0	1
97	32.114974	33.413795	G2	64	65	1	-3
98	32.557126	32.835313	G4	64	102	0	3
99	32.557126	33.270096	D3	64	54	1	-1
100	32.999278	33.371422	A4	64	95	0	5
101	32.999278	33.909374	G3	64	68	1	-1
102	32.999278	33.913058	D4	64	85	0	3
103	33.441430	33.896478	F4	64	88	0	1
104	33.441430	33.902005	A#3	64	58	1	-3
105	33.883582	34.486014	G4	64	95	0	3
106	33.883582	35.099500	C2	64	69	1	-5
107	34.325734	35.121607	G2	64	56	1	-3
108	34.546810	34.926323	G3	64	75	1	-1
109	34.767886	35.075550	C3	64	59	1	-3
110	34.767886	35.727724	E4	64	97	0	5
111	34.988962	35.701932	C4	64	90	0	1
112	35.210038	35.685351	G3	64	73	1	-1
113	35.652190	35.946958	A4	64	122	0	5
114	35.652190	36.728093	F2	64	65	1	-5
115	36.094342	36.525440	A4	64	112	0	5
116	36.094342	36.698616	C3	64	58	1	-3
117	36.536494	36.989699	G4	64	96	0	3
118	36.536494	37.463171	A3	64	79	1	-4
119	36.536494	37.479751	C4	64	79	0	1
120	36.978646	37.433694	A4	64	100	0	5
121	36.978646	37.452117	F3	64	66	1	-3
122	37.420798	38.212987	C5	64	117	0	3
123	37.420798	38.607239	E2	64	72	1	-1
124	37.862950	38.826473	E3	64	67	1	-4
125	38.305102	39.193090	C4	64	90	0	1
126	38.747254	39.185721	A3	64	86	1	-4
127	39.189406	40.331632	D2	64	77	1	-3
128	39.631558	39.675773	D4	64	100	0	3
129	39.631558	40.261624	A2	64	46	1	-1
130	39.852634	40.025810	F4	64	89	0	1
131	40.073710	40.460593	C4	64	89	0	1
132	40.073710	40.252413	D3	64	49	1	-1
133	40.073710	40.886164	D4	64	85	0	3
134	40.073710	40.904587	F4	64	76	0	1
135	40.515862	40.902745	D4	64	96	0	3
136	40.515862	40.998544	A3	64	61	1	-4
137	40.958014	41.799945	F4	64	100	0	1
138	40.958014	42.120505	C2	64	83	1	-5
139	41.400166	42.098397	G2	64	46	1	-3
140	41.842318	42.221831	C3	64	58	1	-3
141	41.842318	42.702672	C4	64	83	0	1
142	41.842318	42.710041	E4	64	83	0	5
143	42.284470	42.726622	G3	64	76	1	-1
144	42.726622	43.135612	F4	64	107	0	1
145	42.726622	44.349688	G2	64	89	1	-3
146	43.168774	43.585133	D4	64	92	0	3
147	43.168774	44.530233	D3	64	54	1	-1
148	43.610926	43.984913	A4	64	112	0	5
149	43.610926	45.230307	D4	64	78	0	3
150	43.610926	45.261626	A#3	64	81	1	-3
151	44.053078	44.369953	A4	64	112	0	5
152	44.053078	45.291103	G3	64	45	1	-1
153	44.495230	44.990808	G4	64	112	0	3
154	44.495230	45.541656	G2	64	73	1	-3
155	44.937382	45.305842	E4	64	97	0	5
156	44.937382	45.458753	D3	64	76	1	-1
157	45.379534	45.788524	D4	64	100	0	3
158	45.379534	45.495598	G3	64	29	1	-1
159	45.379534	46.232519	D4	64	95	0	3
160	45.821686	46.295157	A3	64	88	1	-4
161	45.821686	46.324634	G3	64	69	1	-1
162	46.263838	47.208938	C4	64	96	0	1
163	46.263838	47.958754	C2	64	72	1	-5
164	46.705990	48.085872	G2	64	53	1	-3
165	46.927066	47.352637	C3	64	72	1	-3
166	47.148142	47.446594	G3	64	38	1	-1
167	47.148142	48.430382	E4	64	95	0	5
168	47.369218	48.119034	C3	64	53	1	-3
169	47.590294	48.459859	D4	64	82	0	3
170	47.811370	48.494863	C4	64	61	0	1
171	48.032446	49.379167	C2	64	74	1	-5
172	48.253522	49.672093	G2	64	54	1	-3
173	48.474598	49.018076	C3	64	86	1	-3
174	48.695674	49.474967	G3	64	83	1	-1
175	48.916750	49.661039	E4	64	100	0	5
176	49.137826	49.469440	C3	64	83	1	-3
177	49.358902	49.719992	D4	64	107	0	3
178	49.579978	49.795527	C4	64	92	0	1
179	49.801054	50.114245	D5	64	127	0	5
180	49.801054	51.306213	D2	64	82	1	-3
181	50.022130	51.429647	A2	64	62	1	-1
182	50.243206	50.652196	D5	64	127	0	5
183	50.243206	50.727730	D3	64	85	1	-1
184	50.464282	51.171725	A3	64	86	1	-4
185	50.685358	51.055660	C5	64	100	0	3
186	50.685358	51.516235	F4	64	99	0	1
187	50.906434	51.101717	D3	64	88	1	-1
188	51.127510	51.486758	D5	64	122	0	5
189	51.127510	51.510708	D4	64	99	0	3
190	51.348586	51.600981	A3	64	89	1	-4
191	51.569662	52.527658	F5	64	127	0	3
192	51.569662	52.752418	C2	64	67	1	-5
193	51.790738	52.759787	G2	64	60	1	-3
194	52.011814	52.520288	C3	64	83	1	-3
195	52.232890	52.756103	G3	64	85	1	-1
196	52.453966	53.299581	E4	64	99	0	5
197	52.675042	52.780053	C3	64	95	1	-3
198	52.896118	53.305108	C4	64	92	0	1
199	53.117194	53.382485	G3	64	95	1	-1
200	53.338270	53.640407	D5	64	127	0	5
201	53.338270	54.530238	A#1	64	92	1	-2
202	53.559346	54.333112	A#2	64	90	1	-5
203	53.780422	54.065978	F5	64	107	0	3
204	53.780422	54.526553	F3	64	86	1	-3
205	54.001498	54.200466	A#3	64	88	1	-3
206	54.222574	54.506288	D5	64	97	0	5
207	54.222574	55.071874	D4	64	100	0	3
208	54.443650	54.585507	A#2	64	89	1	-5
209	54.664726	54.953967	A4	64	97	0	5
210	54.664726	55.040555	A#3	64	107	1	-3
211	54.885802	55.047924	F3	64	92	1	-3
212	55.106878	55.549030	D5	64	102	0	5
213	55.106878	56.422280	A2	64	83	1	-1
214	55.327954	56.105404	E3	64	61	1	-4
215	55.549030	56.208573	C5	64	100	0	3
216	55.549030	55.786686	A3	64	90	1	-4
217	55.770106	55.987497	C4	64	93	0	1
218	55.991182	56.923385	E4	64	99	0	5
219	56.212258	56.368853	E3	64	85	1	-4
220	56.433334	56.912332	C4	64	90	0	1
221	56.654410	56.875486	A3	64	82	1	-4
222	56.875486	57.417122	C5	64	112	0	3
223	56.875486	58.144830	F2	64	70	1	-5
224	57.096562	57.888751	C3	64	74	1	-3
225	57.317638	57.577402	F3	64	81	1	-3
226	57.538714	57.765317	D5	64	102	0	5
227	57.538714	57.763474	A3	64	77	1	-4
228	57.759790	58.172465	F5	64	97	0	3
229	57.759790	58.579613	C4	64	97	0	1
230	57.980866	58.124565	C3	64	90	1	-3
231	58.201942	58.640409	E5	64	112	0	2
232	58.201942	58.579613	A3	64	83	1	-4
233	58.423018	58.601721	F3	64	90	1	-3
234	58.644094	59.082561	D5	64	122	0	5
235	58.644094	59.819481	D2	64	85	1	-3
236	58.865170	59.804743	A2	64	62	1	-1
237	59.086246	59.301795	C5	64	100	0	3
238	59.086246	59.552348	D3	64	85	1	-1
239	59.307322	59.513659	D5	64	99	0	5
240	59.307322	59.865538	A3	64	85	1	-4
241	59.528398	59.850800	C5	64	112	0	3
242	59.528398	60.453232	F4	64	93	0	1
243	59.749474	59.937388	D3	64	88	1	-1
244	59.970550	60.379540	A4	64	99	0	5
245	59.970550	60.445863	D4	64	97	0	3
246	60.191626	60.421913	A3	64	93	1	-4
247	60.412702	60.847484	G4	64	112	0	3
248	60.412702	61.650727	A#2	64	44	1	-5
249	60.633778	61.368855	A#3	64	92	1	-3
250	60.854854	61.107249	G4	64	102	0	3
251	60.854854	61.088826	D4	64	72	0	3
252	61.075930	61.201206	F4	64	79	0	1
253	61.297006	61.484920	A4	64	117	0	5
254	61.297006	61.729946	F4	64	99	0	1
255	61.518082	61.726261	G4	64	92	0	3
256	61.518082	61.632304	A#3	64	89	1	-3
257	61.739158	62.170256	F4	64	100	0	1
258	61.739158	62.113145	D4	64	83	0	3
259	61.960234	62.127883	F4	64	92	0	1
260	62.181310	62.798480	G4	64	112	0	3
261	62.181310	63.389858	C2	64	72	1	-5
262	62.402386	63.411966	G2	64	61	1	-3
263	62.623462	63.168782	C3	64	81	1	-3
264	62.844538	63.351170	G3	64	90	1	-1
265	63.065614	63.890964	E4	64	95	0	5
266	63.286690	63.504081	C3	64	90	1	-3
267	63.507766	63.900176	C4	64	97	0	1
268	63.728842	63.944391	G3	64	92	1	-1
269	63.949918	64.229947	A4	64	127	0	5
270	63.949918	65.287427	F2	64	72	1	-5
271	64.170994	64.963183	C3	64	66	1	-3
272	64.392070	64.668415	A4	64	112	0	5
273	64.392070	64.646307	F3	64	86	1	-3
274	64.613146	64.852645	A3	64	70	1	-4
275	64.834222	65.167678	G4	64	107	0	3
276	64.834222	65.326116	C4	64	99	0	1
277	65.055298	65.197155	C3	64	73	1	-3
278	65.276374	65.681680	A4	64	112	0	5
279	65.276374	65.814325	A3	64	99	1	-4
280	65.497450	65.876963	C4	64	83	0	1
281	65.718526	66.514399	C5	64	127	0	3
282	65.718526	66.973132	E2	64	74	1	-1
283	65.939602	66.234370	E3	64	63	1	-4
284	66.160678	66.435180	A3	64	69	1	-4
285	66.381754	66.693102	E3	64	81	1	-4
286	66.602830	67.431865	C4	64	93	0	1
287	66.823906	67.092881	E3	64	76	1	-4
288	67.044982	67.439234	A3	64	79	1	-4
289	67.266058	67.461341	E3	64	89	1	-4
290	67.487134	67.903493	D4	64	127	0	3
291	67.487134	68.909389	D2	64	76	1	-3
292	67.708210	68.876228	A2	64	53	1	-1
293	67.929286	68.257215	F4	64	100	0	1
294	67.929286	68.467237	D3	64	90	1	-1
295	68.150362	68.867016	A3	64	76	1	-4
296	68.371438	68.791482	C4	64	100	0	1
297	68.371438	69.191261	F4	64	74	0	1
298	68.592514	68.780428	D3	64	90	1	-1
299	68.813590	69.196788	D4	64	112	0	3
300	68.813590	69.191261	D4	64	81	0	3
301	69.034666	69.279691	A3	64	85	1	-4
302	69.255742	70.103200	F4	64	127	0	1
303	69.255742	70.490083	C2	64	72	1	-5
304	69.476818	70.432971	G2	64	58	1	-3
305	69.697894	70.256111	C3	64	79	1	-3
306	69.918970	70.491925	G3	64	75	1	-1
307	70.140046	70.954342	E4	64	97	0	5
308	70.361122	70.565617	C3	64	92	1	-3
309	70.582198	70.950658	C4	64	95	0	1
310	70.803274	70.991188	G3	64	95	1	-1
311	71.024350	71.403863	F4	64	107	0	1
312	71.024350	72.431867	A#2	64	95	1	-5
313	71.245426	72.686104	D3	64	56	1	-1
314	71.466502	71.857069	D4	64	100	0	3
315	71.466502	71.971292	F3	64	85	1	-3
316	71.687578	71.866281	A#3	64	95	1	-3
317	71.908654	72.291852	C5	64	122	0	3
318	71.908654	72.430025	F4	64	95	0	1
319	72.129730	72.431867	F3	64	88	1	-3
320	72.350806	72.592147	A4	64	112	0	5
321	72.350806	72.614255	A#3	64	122	1	-3
322	72.571882	72.776377	C5	64	99	0	3
323	72.571882	72.785588	D4	64	102	0	3
324	72.792958	73.581462	G4	64	100	0	3
325	72.792958	74.419708	G2	64	69	1	-3
326	73.014034	73.793327	D3	64	64	1	-1
327	73.235110	73.548301	G3	64	92	1	-1
328	73.456186	73.631204	A#3	64	86	1	-3
329	73.677262	74.544985	D4	64	99	0	3
330	73.898338	74.522877	D3	64	83	1	-1
331	74.119414	74.395759	A#3	64	97	1	-3
332	74.340490	74.544985	G3	64	83	1	-1
333	74.561566	74.808434	D4	64	117	0	3
334	74.561566	75.836437	G2	64	75	1	-3
335	74.782642	75.569304	D3	64	57	1	-1
336	75.003718	75.193475	D4	64	100	0	3
337	75.003718	75.280063	G3	64	83	1	-1
338	75.224794	75.493769	F4	64	93	0	1
339	75.224794	75.467977	B3	64	88	1	-2
340	75.445870	75.720372	D4	64	100	0	3
341	75.445870	76.219636	D4	64	97	0	3
342	75.666946	75.803276	D3	64	69	1	-1
343	75.888022	76.230689	A3	64	102	1	-4
344	75.888022	76.243586	B3	64	100	1	-2
345	76.109098	76.385443	G3	64	95	1	-1
346	76.330174	76.753903	D4	64	100	0	3
347	76.330174	78.049040	C2	64	70	1	-5
348	76.551250	78.028774	G2	64	66	1	-3
349	76.772326	77.851913	C4	64	102	0	1
350	76.772326	77.336069	C3	64	90	1	-3
351	76.993402	77.656630	G3	64	85	1	-1
352	77.214478	78.170631	E4	64	99	0	5
353	77.435554	77.778221	C3	64	90	1	-3
354	77.656630	78.128258	C4	64	100	0	1
355	77.877706	78.148524	G3	64	97	1	-1
356	78.098782	78.411973	D5	64	127	0	5
357	78.098782	79.589202	D2	64	96	1	-3
358	78.319858	79.727375	A2	64	62	1	-1
359	78.540934	78.949924	D5	64	127	0	5
360	78.540934	79.025458	D3	64	85	1	-1
361	78.762010	79.469453	A3	64	86	1	-4
362	78.983086	79.353388	C5	64	100	0	3
363	78.983086	79.813963	F4	64	99	0	1
364	79.204162	79.399445	D3	64	88	1	-1
365	79.425238	79.784486	D5	64	122	0	5
366	79.425238	79.808436	D4	64	99	0	3
367	79.646314	79.898709	A3	64	89	1	-4
368	79.867390	80.825386	F5	64	127	0	3
369	79.867390	81.050146	C2	64	67	1	-5
370	80.088466	81.057515	G2	64	60	1	-3
371	80.309542	80.818016	C3	64	83	1	-3
372	80.530618	81.053831	G3	64	85	1	-1
373	80.751694	81.597309	E4	64	99	0	5
374	80.972770	81.077781	C3	64	95	1	-3
375	81.193846	81.602836	C4	64	92	0	1
376	81.414922	81.680213	G3	64	95	1	-1
377	81.635998	81.938135	D5	64	127	0	5
378	81.635998	82.827966	A#1	64	92	1	-2
379	81.857074	82.630840	A#2	64	90	1	-5
380	82.078150	82.363706	F5	64	107	0	3
381	82.078150	82.824281	F3	64	86	1	-3
382	82.299226	82.498194	A#3	64	88	1	-3
383	82.520302	82.804016	D5	64	97	0	5
384	82.520302	83.369602	D4	64	100	0	3
385	82.741378	82.883235	A#2	64	89	1	-5
386	82.962454	83.251695	A4	64	97	0	5
387	82.962454	83.338283	A#3	64	107	1	-3
388	83.183530	83.345652	F3	64	92	1	-3
389	83.404606	83.846758	D5	64	102	0	5
390	83.404606	84.720008	A2	64	83	1	-1
391	83.625682	84.403132	E3	64	61	1	-4
392	83.846758	84.506301	C5	64	100	0	3
393	83.846758	84.084414	A3	64	90	1	-4
394	84.067834	84.285225	C4	64	93	0	1
395	84.288910	85.221113	E4	64	99	0	5
396	84.509986	84.666581	E3	64	85	1	-4
397	84.731062	85.210060	C4	64	90	0	1
398	84.952138	85.173214	A3	64	82	1	-4
399	85.173214	85.714850	C5	64	112	0	3
400	85.173214	86.442558	F2	64	70	1	-5
401	85.394290	86.186479	C3	64	74	1	-3
402	85.615366	85.875130	F3	64	81	1	-3
403	85.836442	86.063045	D5	64	102	0	5
404	85.836442	86.061202	A3	64	77	1	-4
405	86.057518	86.470193	F5	64	97	0	3
406	86.057518	86.877341	C4	64	97	0	1
407	86.278594	86.422293	C3	64	90	1	-3
408	86.499670	86.938137	E5	64	112	0	2
409	86.499670	86.877341	A3	64	83	1	-4
410	86.720746	86.899449	F3	64	90	1	-3
411	86.941822	87.380289	D5	64	122	0	5
412	86.941822	88.117209	D2	64	85	1	-3
413	87.162898	88.102471	A2	64	62	1	-1
414	87.383974	87.599523	C5	64	100	0	3
415	87.383974	87.850076	D3	64	85	1	-1
416	87.605050	87.811387	D5	64	99	0	5
417	87.605050	88.163267	A3	64	85	1	-4
418	87.826126	88.148528	C5	64	112	0	3
419	87.826126	88.750960	F4	64	93	0	1
420	88.047202	88.235116	D3	64	88	1	-1
421	88.268278	88.677268	A4	64	99	0	5
422	88.268278	88.743591	D4	64	97	0	3
423	88.489354	88.719641	A3	64	93	1	-4
424	88.710430	89.145212	G4	64	112	0	3
425	88.710430	89.948455	A#2	64	44	1	-5
426	88.931506	89.666583	A#3	64	92	1	-3
427	89.152582	89.404977	G4	64	102	0	3
428	89.152582	89.386554	D4	64	72	0	3
429	89.373658	89.498934	F4	64	79	0	1
430	89.594734	89.782648	A4	64	117	0	5
431	89.594734	90.027674	F4	64	99	0	1
432	89.815810	90.023989	G4	64	92	0	3
433	89.815810	89.930032	A#3	64	89	1	-3
434	90.036886	90.467984	F4	64	100	0	1
435	90.036886	90.410872	D4	64	83	0	3
436	90.257962	90.425611	F4	64	92	0	1
437	90.479038	91.096208	G4	64	112	0	3
438	90.479038	91.687586	C2	64	72	1	-5
439	90.700114	91.709694	G2	64	61	1	-3
440	90.921190	91.466510	C3	64	81	1	-3
441	91.142266	91.648898	G3	64	90	1	-1
442	91.363342	92.188692	E4	64	95	0	5
443	91.584418	91.801809	C3	64	90	1	-3
444	91.805494	92.197904	C4	64	97	0	1
445	92.026570	92.242119	G3	64	92	1	-1
446	92.247646	92.527675	A4	64	127	0	5
447	92.247646	93.585155	F2	64	72	1	-5
448	92.468722	93.260911	C3	64	66	1	-3
449	92.689798	92.966143	A4	64	112	0	5
450	92.689798	92.944035	F3	64	86	1	-3
451	92.910874	93.150373	A3	64	70	1	-4
452	93.131950	93.465406	G4	64	107	0	3
453	93.131950	93.623844	C4	64	99	0	1
454	93.353026	93.494883	C3	64	73	1	-3
455	93.574102	93.979408	A4	64	112	0	5
456	93.574102	94.112053	A3	64	99	1	-4
457	93.795178	94.174691	C4	64	83	0	1
458	94.016254	94.812127	C5	64	127	0	3
459	94.016254	95.270860	E2	64	74	1	-1
460	94.237330	94.532098	E3	64	63	1	-4
461	94.458406	94.732908	A3	64	69	1	-4
462	94.679482	94.990830	E3	64	81	1	-4
463	94.900558	95.729593	C4	64	93	0	1
464	95.121634	95.390609	E3	64	76	1	-4
465	95.342710	95.736962	A3	64	79	1	-4
466	95.563786	95.759069	E3	64	89	1	-4
467	95.784862	96.201221	D4	64	127	0	3
468	95.784862	97.207117	D2	64	76	1	-3
469	96.005938	97.173956	A2	64	53	1	-1
470	96.227014	96.554943	F4	64	100	0	1
471	96.227014	96.764965	D3	64	90	1	-1
472	96.448090	97.164744	A3	64	76	1	-4
473	96.669166	97.089210	C4	64	100	0	1
474	96.669166	97.488989	F4	64	74	0	1
475	96.890242	97.078156	D3	64	90	1	-1
476	97.111318	97.494516	D4	64	112	0	3
477	97.111318	97.488989	D4	64	81	0	3
478	97.332394	97.577420	A3	64	85	1	-4
479	97.553470	98.400928	F4	64	127	0	1
480	97.553470	98.787811	C2	64	72	1	-5
481	97.774546	98.730699	G2	64	58	1	-3
482	97.995622	98.553838	C3	64	79	1	-3
483	98.216698	98.789653	G3	64	75	1	-1
484	98.437774	99.252070	E4	64	97	0	5
485	98.658850	98.863345	C3	64	92	1	-3
486	98.879926	99.248386	C4	64	95	0	1
487	99.101002	99.288916	G3	64	95	1	-1
488	99.322078	99.701591	F4	64	107	0	1
489	99.322078	100.729595	A#2	64	95	1	-5
490	99.543154	100.983832	D3	64	56	1	-1
491	99.764230	100.154797	D4	64	100	0	3
492	99.764230	100.269020	F3	64	85	1	-3
493	99.985306	100.164009	A#3	64	95	1	-3
494	100.206382	100.589580	C5	64	122	0	3
495	100.206382	100.727753	F4	64	95	0	1
496	100.427458	100.729595	F3	64	88	1	-3
497	100.648534	100.889875	A4	64	112	0	5
498	100.648534	100.911983	A#3	64	122	1	-3
499	100.869610	101.074105	C5	64	99	0	3
500	100.869610	101.083316	D4	64	102	0	3
501	101.090686	101.879190	G4	64	100	0	3
502	101.090686	102.717437	G2	64	69	1	-3
503	101.311762	102.091054	D3	64	64	1	-1
504	101.532838	101.846029	G3	64	92	1	-1
505	101.753914	101.928932	A#3	64	86	1	-3
506	101.974990	102.842713	D4	64	99	0	3
507	102.196066	102.820605	D3	64	83	1	-1
508	102.417142	102.693487	A#3	64	97	1	-3
509	102.638218	102.842713	G3	64	83	1	-1
510	102.859294	103.106162	D4	64	117	0	3
511	102.859294	104.134165	G2	64	75	1	-3
512	103.080370	103.867032	D3	64	57	1	-1
513	103.301446	103.491202	D4	64	100	0	3
514	103.301446	103.577791	G3	64	83	1	-1
515	103.522522	103.791497	F4	64	93	0	1
516	103.522522	103.765705	B3	64	88	1	-2
517	103.743598	104.018100	D4	64	100	0	3
518	103.743598	104.517364	D4	64	97	0	3
519	103.964674	104.101004	D3	64	69	1	-1
520	104.185750	104.528417	A3	64	102	1	-4
521	104.185750	104.541314	B3	64	100	1	-2
522	104.406826	104.683171	G3	64	95	1	-1
523	104.627902	105.051631	D4	64	100	0	3
524	104.627902	106.346767	C2	64	70	1	-5
525	104.848978	106.326502	G2	64	66	1	-3
526	105.070054	106.149641	C4	64	102	0	1
527	105.070054	105.633797	C3	64	90	1	-3
528	105.291130	105.954358	G3	64	85	1	-1
529	105.512206	106.468359	E4	64	99	0	5
530	105.733282	106.075949	C3	64	90	1	-3
531	105.954358	106.425986	C4	64	100	0	1
532	106.175434	106.446252	G3	64	97	1	-1
533	106.396510	107.687962	D2	64	81	1	-3
534	106.838662	107.746916	A2	64	67	1	-1
535	107.280814	107.544263	D3	64	67	1	-1
536	107.280814	108.203806	F4	64	95	0	1
537	107.722966	108.211175	D4	64	72	0	3
538	108.165118	109.314713	C2	64	78	1	-5
539	108.607270	109.290763	G2	64	50	1	-3
540	109.049422	109.276025	C3	64	56	1	-3
541	109.049422	109.889510	E4	64	92	0	5
542	109.491574	109.953991	C4	64	89	0	1
543	109.933726	110.976467	B1	64	72	1	-1
544	110.375878	111.070425	B2	64	44	1	-4
545	110.818030	111.757603	D4	64	88	0	3
546	110.818030	111.777868	F4	64	81	0	1
547	111.260182	111.781553	B3	64	64	1	-2
548	111.702334	112.794818	A2	64	75	1	-1
549	112.144486	112.735864	E3	64	69	1	-4
550	112.586638	113.454361	E4	64	86	0	5
551	112.586638	113.465415	C4	64	89	0	1
552	113.028790	113.443307	A3	64	79	1	-4
553	113.470942	114.607641	D2	64	77	1	-3
554	113.913094	114.609483	A2	64	65	1	-1
555	114.355246	114.703440	D3	64	68	1	-1
556	114.355246	115.302188	D4	64	89	0	3
557	114.355246	115.326138	F4	64	79	0	1
558	114.797398	115.283765	A3	64	73	1	-4
559	115.239550	116.562321	B2	64	71	1	-4
560	115.681702	116.492314	F3	64	61	1	-3
561	116.123854	117.076323	F4	64	96	0	1
562	116.566006	117.026581	D4	64	64	0	3
563	117.008158	118.417517	G2	64	76	1	-3
564	117.450310	118.128276	G3	64	63	1	-1
565	117.892462	118.741762	D4	64	95	0	3
566	118.334614	118.815454	G3	64	66	1	-1
567	118.776766	120.333509	C2	64	76	1	-5
568	118.997842	120.543531	G2	64	52	1	-3
569	119.218918	119.766081	C3	64	89	1	-3
570	119.439994	120.099537	G3	64	77	1	-1
571	119.661070	120.497474	E4	64	92	0	5
572	119.882146	120.103222	C3	64	72	1	-3
573	120.103222	120.536162	C4	64	77	0	1
574	120.324298	120.539847	G3	64	74	1	-1
575	120.545374	121.028056	A3	64	90	1	-4
576	120.545374	121.700496	D2	64	73	1	-3
577	120.987526	121.615750	C4	64	95	0	1
578	120.987526	121.709707	A2	64	52	1	-1
579	121.429678	121.807349	D3	64	66	1	-1
580	121.429678	122.452154	F4	64	81	0	1
581	121.871830	122.135278	E4	64	99	0	5
582	121.871830	122.441100	D4	64	61	0	3
583	122.092906	122.350828	D4	64	75	0	3
584	122.313982	123.028794	C4	64	70	0	1
585	122.313982	123.482000	A2	64	72	1	-1
586	122.756134	123.336458	E3	64	48	1	-4
587	123.198286	124.108382	E4	64	89	0	5
588	123.640438	124.095486	C4	64	72	0	1
589	124.082590	124.388411	F4	64	102	0	1
590	124.082590	125.081116	D2	64	70	1	-3
591	124.524742	124.751345	F4	64	112	0	1
592	124.524742	125.070062	A2	64	40	1	-1
593	124.966894	125.350092	D4	64	107	0	3
594	124.966894	125.140070	D3	64	56	1	-1
595	124.966894	125.867778	D4	64	69	0	3
596	124.966894	125.869621	F4	64	65	0	1
597	125.409046	125.751713	C4	64	65	0	1
598	125.409046	125.974632	A3	64	56	1	-4
599	125.851198	126.853409	C4	64	99	0	1
600	125.851198	127.008162	A2	64	76	1	-1
601	126.293350	126.943682	E3	64	59	1	-4
602	126.735502	127.619806	C4	64	81	0	1
603	126.735502	127.627175	E4	64	77	0	5
604	127.177654	127.592171	A3	64	67	1	-4
605	127.619806	127.910889	F4	64	107	0	1
606	127.619806	128.811774	A#2	64	90	1	-5
607	128.061958	128.809931	F4	64	102	0	1
608	128.061958	128.723343	F3	64	56	1	-3
609	128.504110	128.730713	A#3	64	64	1	-3
610	128.504110	129.382887	F4	64	90	0	1
611	128.946262	129.277876	D4	64	107	0	3
612	128.946262	129.390256	D4	64	76	0	3
613	129.388414	130.110595	C5	64	127	0	3
614	129.388414	130.644862	F2	64	74	1	-5
615	129.830566	131.029903	C3	64	58	1	-3
616	130.272718	130.530640	F3	64	56	1	-3
617	130.272718	131.129387	A3	64	86	1	-4
618	130.714870	131.125703	A4	64	97	0	5
619	130.714870	131.145968	C4	64	77	0	1
620	131.157022	132.455843	G2	64	65	1	-3
621	131.599174	131.877361	G4	64	102	0	3
622	131.599174	132.312144	D3	64	54	1	-1
623	132.041326	132.413470	A4	64	95	0	5
624	132.041326	132.951422	G3	64	68	1	-1
625	132.041326	132.955106	D4	64	85	0	3
626	132.483478	132.938526	F4	64	88	0	1
627	132.483478	132.944053	A#3	64	58	1	-3
628	132.925630	133.528062	G4	64	95	0	3
629	132.925630	134.141548	C2	64	69	1	-5
630	133.367782	134.163655	G2	64	56	1	-3
631	133.588858	133.968371	G3	64	75	1	-1
632	133.809934	134.117598	C3	64	59	1	-3
633	133.809934	134.769772	E4	64	97	0	5
634	134.031010	134.743980	C4	64	90	0	1
635	134.252086	134.727399	G3	64	73	1	-1
636	134.694238	134.989006	A4	64	122	0	5
637	134.694238	135.770141	F2	64	65	1	-5
638	135.136390	135.567488	A4	64	112	0	5
639	135.136390	135.740664	C3	64	58	1	-3
640	135.578542	136.031747	G4	64	96	0	3
641	135.578542	136.505219	A3	64	79	1	-4
642	135.578542	136.521799	C4	64	79	0	1
643	136.020694	136.475742	A4	64	100	0	5
644	136.020694	136.494165	F3	64	66	1	-3
645	136.462846	137.255035	C5	64	117	0	3
646	136.462846	137.649287	E2	64	72	1	-1
647	136.904998	137.868521	E3	64	67	1	-4
648	137.347150	138.235138	C4	64	90	0	1
649	137.789302	138.227769	A3	64	86	1	-4
650	138.231454	139.373680	D2	64	77	1	-3
651	138.673606	138.717821	D4	64	100	0	3
652	138.673606	139.303672	A2	64	46	1	-1
653	138.894682	139.067858	F4	64	89	0	1
654	139.115758	139.502641	C4	64	89	0	1
655	139.115758	139.294461	D3	64	49	1	-1
656	139.115758	139.928212	D4	64	85	0	3
657	139.115758	139.946635	F4	64	76	0	1
658	139.557910	139.944793	D4	64	96	0	3
659	139.557910	140.040592	A3	64	61	1	-4
660	140.000062	140.841993	F4	64	100	0	1
661	140.000062	141.162553	C2	64	83	1	-5
662	140.442214	141.140445	G2	64	46	1	-3
663	140.884366	141.263879	C3	64	58	1	-3
664	140.884366	141.744720	C4	64	83	0	1
665	140.884366	141.752089	E4	64	83	0	5
666	141.326518	141.768670	G3	64	76	1	-1
667	141.768670	142.177660	F4	64	107	0	1
668	141.768670	143.391736	G2	64	89	1	-3
669	142.210822	142.627181	D4	64	92	0	3
670	142.210822	143.572281	D3	64	54	1	-1
671	142.652974	143.026961	A4	64	112	0	5
672	142.652974	144.272355	D4	64	78	0	3
673	142.652974	144.303674	A#3	64	81	1	-3
674	143.095126	143.412001	A4	64	112	0	5
675	143.095126	144.333151	G3	64	45	1	-1
676	143.537278	144.032856	G4	64	112	0	3
677	143.537278	144.583704	G2	64	73	1	-3
678	143.979430	144.347890	E4	64	97	0	5
679	143.979430	144.500800	D3	64	76	1	-1
680	144.421582	144.830572	D4	64	100	0	3
681	144.421582	144.537646	G3	64	29	1	-1
682	144.421582	145.274566	D4	64	95	0	3
683	144.863734	145.337205	A3	64	88	1	-4
684	144.863734	145.366681	G3	64	69	1	-1
685	145.305886	146.250986	C4	64	96	0	1
686	145.305886	147.000802	C2	64	72	1	-5
687	145.748038	147.127920	G2	64	53	1	-3
688	145.969114	146.394685	C3	64	72	1	-3
689	146.190190	146.488642	G3	64	38	1	-1
690	146.190190	147.472430	E4	64	95	0	5
691	146.411266	147.161082	C3	64	53	1	-3
692	146.632342	147.501907	D4	64	82	0	3
693	146.853418	147.536911	C4	64	61	0	1
694	147.074494	148.421215	C2	64	74	1	-5
695	147.295570	148.714141	G2	64	54	1	-3
696	147.516646	148.060124	C3	64	86	1	-3
697	147.737722	148.517015	G3	64	83	1	-1
698	147.958798	148.703087	E4	64	100	0	5
699	148.179874	148.511488	C3	64	83	1	-3
700	148.400950	148.762040	D4	64	107	0	3
701	148.622026	148.837575	C4	64	92	0	1
702	148.843102	149.156293	D5	64	127	0	5
703	148.843102	150.348261	D2	64	82	1	-3
704	149.064178	150.471695	A2	64	62	1	-1
705	149.285254	149.694244	D5	64	127	0	5
706	149.285254	149.769779	D3	64	85	1	-1
707	149.506330	150.213773	A3	64	86	1	-4
708	149.727406	150.097708	C5	64	100	0	3
709	149.727406	150.558283	F4	64	99	0	1
710	149.948482	150.143765	D3	64	88	1	-1
711	150.169558	150.528806	D5	64	122	0	5
712	150.169558	150.552756	D4	64	99	0	3
713	150.390634	150.643029	A3	64	89	1	-4
714	150.611710	151.569706	F5	64	127	0	3
715	150.611710	151.794466	C2	64	67	1	-5
716	150.832786	151.801835	G2	64	60	1	-3
717	151.053862	151.562336	C3	64	83	1	-3
718	151.274938	151.798151	G3	64	85	1	-1
719	151.496014	152.341629	E4	64	99	0	5
720	151.717090	151.822101	C3	64	95	1	-3
721	151.938166	152.347156	C4	64	92	0	1
722	152.159242	152.424533	G3	64	95	1	-1
723	152.380318	152.682455	D5	64	127	0	5
724	152.380318	153.572286	A#1	64	92	1	-2
725	152.601394	153.375160	A#2	64	90	1	-5
726	152.822470	153.108026	F5	64	107	0	3
727	152.822470	153.568601	F3	64	86	1	-3
728	153.043546	153.242514	A#3	64	88	1	-3
729	153.264622	153.548336	D5	64	97	0	5
730	153.264622	154.113922	D4	64	100	0	3
731	153.485698	153.627555	A#2	64	89	1	-5
732	153.706774	153.996015	A4	64	97	0	5
733	153.706774	154.082603	A#3	64	107	1	-3
734	153.927850	154.089972	F3	64	92	1	-3
735	154.148926	154.591078	D5	64	102	0	5
736	154.148926	155.464328	A2	64	83	1	-1
737	154.370002	155.147452	E3	64	61	1	-4
738	154.591078	155.250621	C5	64	100	0	3
739	154.591078	154.828734	A3	64	90	1	-4
740	154.812154	155.029545	C4	64	93	0	1
741	155.033230	155.965433	E4	64	99	0	5
742	155.254306	155.410901	E3	64	85	1	-4
743	155.475382	155.954380	C4	64	90	0	1
744	155.696458	155.917534	A3	64	82	1	-4
745	155.917534	156.459170	C5	64	112	0	3
746	155.917534	157.186878	F2	64	70	1	-5
747	156.138610	156.930799	C3	64	74	1	-3
748	156.359686	156.619450	F3	64	81	1	-3
749	156.580762	156.807365	D5	64	102	0	5
750	156.580762	156.805522	A3	64	77	1	-4
751	156.801838	157.214513	F5	64	97	0	3
752	156.801838	157.621661	C4	64	97	0	1
753	157.022914	157.166613	C3	64	90	1	-3
754	157.243990	157.682457	E5	64	112	0	2
755	157.243990	157.621661	A3	64	83	1	-4
756	157.465066	157.643769	F3	64	90	1	-3
757	157.686142	158.124609	D5	64	122	0	5
758	157.686142	158.861529	D2	64	85	1	-3
759	157.907218	158.846791	A2	64	62	1	-1
760	158.128294	158.343843	C5	64	100	0	3
761	158.128294	158.594396	D3	64	85	1	-1
762	158.349370	158.555707	D5	64	99	0	5
763	158.349370	158.907587	A3	64	85	1	-4
764	158.570446	158.892848	C5	64	112	0	3
765	158.570446	159.495280	F4	64	93	0	1
766	158.791522	158.979436	D3	64	88	1	-1
767	159.012598	159.421588	A4	64	99	0	5
768	159.012598	159.487911	D4	64	97	0	3
769	159.233674	159.463961	A3	64	93	1	-4
770	159.454750	159.889532	G4	64	112	0	3
771	159.454750	160.692775	A#2	64	44	1	-5
772	159.675826	160.410903	A#3	64	92	1	-3
773	159.896902	160.149297	G4	64	102	0	3
774	159.896902	160.130874	D4	64	72	0	3
775	160.117978	160.243254	F4	64	79	0	1
776	160.339054	160.526968	A4	64	117	0	5
777	160.339054	160.771994	F4	64	99	0	1
778	160.560130	160.768310	G4	64	92	0	3
779	160.560130	160.674352	A#3	64	89	1	-3
780	160.781206	161.212304	F4	64	100	0	1
781	160.781206	161.155192	D4	64	83	0	3
782	161.002282	161.169931	F4	64	92	0	1
783	161.223358	161.840528	G4	64	112	0	3
784	161.223358	162.431906	C2	64	72	1	-5
785	161.444434	162.454014	G2	64	61	1	-3
786	161.665510	162.210830	C3	64	81	1	-3
787	161.886586	162.393218	G3	64	90	1	-1
788	162.107662	162.933012	E4	64	95	0	5
789	162.328738	162.546129	C3	64	90	1	-3
790	162.549814	162.942224	C4	64	97	0	1
791	162.770890	162.986439	G3	64	92	1	-1
792	162.991966	163.271995	A4	64	127	0	5
793	162.991966	164.329475	F2	64	72	1	-5
794	163.213042	164.005231	C3	64	66	1	-3
795	163.434118	163.710463	A4	64	112	0	5
796	163.434118	163.688355	F3	64	86	1	-3
797	163.655194	163.894693	A3	64	70	1	-4
798	163.876270	164.209726	G4	64	107	0	3
799	163.876270	164.368164	C4	64	99	0	1
800	164.097346	164.239203	C3	64	73	1	-3
801	164.318422	164.723728	A4	64	112	0	5
802	164.318422	164.856373	A3	64	99	1	-4
803	164.539498	164.919011	C4	64	83	0	1
804	164.760574	165.556447	C5	64	127	0	3
805	164.760574	166.015180	E2	64	74	1	-1
806	164.981650	165.276418	E3	64	63	1	-4
807	165.202726	165.477228	A3	64	69	1	-4
808	165.423802	165.735150	E3	64	81	1	-4
809	165.644878	166.473913	C4	64	93	0	1
810	165.865954	166.134929	E3	64	76	1	-4
811	166.087030	166.481282	A3	64	79	1	-4
812	166.308106	166.503389	E3	64	89	1	-4
813	166.529182	166.945541	D4	64	127	0	3
814	166.529182	167.951437	D2	64	76	1	-3
815	166.750258	167.918276	A2	64	53	1	-1
816	166.971334	167.299263	F4	64	100	0	1
817	166.971334	167.509285	D3	64	90	1	-1
818	167.192410	167.909064	A3	64	76	1	-4
819	167.413486	167.833530	C4	64	100	0	1
820	167.413486	168.233309	F4	64	74	0	1
821	167.634562	167.822476	D3	64	90	1	-1
822	167.855638	168.238836	D4	64	112	0	3
823	167.855638	168.233309	D4	64	81	0	3
824	168.076714	168.321740	A3	64	85	1	-4
825	168.297790	169.145248	F4	64	127	0	1
826	168.297790	169.532131	C2	64	72	1	-5
827	168.518866	169.475019	G2	64	58	1	-3
828	168.739942	169.298158	C3	64	79	1	-3
829	168.961018	169.533973	G3	64	75	1	-1
830	169.182094	169.996390	E4	64	97	0	5
831	169.403170	169.607665	C3	64	92	1	-3
832	169.624246	169.992706	C4	64	95	0	1
833	169.845322	170.033236	G3	64	95	1	-1
834	170.066398	170.445911	F4	64	107	0	1
835	170.066398	171.473915	A#2	64	95	1	-5
836	170.287474	171.728152	D3	64	56	1	-1
837	170.508550	170.899117	D4	64	100	0	3
838	170.508550	171.013340	F3	64	85	1	-3
839	170.729626	170.908329	A#3	64	95	1	-3
840	170.950702	171.333900	C5	64	122	0	3
841	170.950702	171.472072	F4	64	95	0	1
842	171.171778	171.473915	F3	64	88	1	-3
843	171.392854	171.634195	A4	64	112	0	5
844	171.392854	171.656303	A#3	64	122	1	-3
845	171.613930	171.818425	C5	64	99	0	3
846	171.613930	171.827636	D4	64	102	0	3
847	171.835006	172.623510	G4	64	100	0	3
848	171.835006	173.461757	G2	64	69	1	-3
849	172.056082	172.835375	D3	64	64	1	-1
850	172.277158	172.590349	G3	64	92	1	-1
851	172.498234	172.673252	A#3	64	86	1	-3
852	172.719310	173.587033	D4	64	99	0	3
853	172.940386	173.564925	D3	64	83	1	-1
854	173.161462	173.437807	A#3	64	97	1	-3
855	173.382538	173.587033	G3	64	83	1	-1
856	173.603614	173.850482	D4	64	117	0	3
857	173.603614	174.878485	G2	64	75	1	-3
858	173.824690	174.611352	D3	64	57	1	-1
859	174.045766	174.235523	D4	64	100	0	3
860	174.045766	174.322111	G3	64	83	1	-1
861	174.266842	174.535817	F4	64	93	0	1
862	174.266842	174.510025	B3	64	88	1	-2
863	174.487918	174.762420	D4	64	100	0	3
864	174.487918	175.261684	D4	64	97	0	3
865	174.708994	174.845324	D3	64	69	1	-1
866	174.930070	175.272737	A3	64	102	1	-4
867	174.930070	175.285634	B3	64	100	1	-2
868	175.151146	175.427491	G3	64	95	1	-1
869	175.372222	175.795951	D4	64	100	0	3
870	175.372222	177.091088	C2	64	70	1	-5
871	175.593298	177.070822	G2	64	66	1	-3
872	175.814374	176.893961	C4	64	102	0	1
873	175.814374	176.378117	C3	64	90	1	-3
874	176.035450	176.698678	G3	64	85	1	-1
875	176.256526	177.212679	E4	64	99	0	5
876	176.477602	176.820269	C3	64	90	1	-3
877	176.698678	177.170306	C4	64	100	0	1
878	176.919754	177.190572	G3	64	97	1	-1
879	177.140830	177.454021	D5	64	127	0	5
880	177.140830	178.109879	D2	64	97	1	-3
881	177.361906	178.769423	A2	64	62	1	-1
882	177.582982	177.991972	D5	64	127	0	5
883	177.582982	178.067507	D3	64	85	1	-1
884	177.804058	178.511501	A3	64	86	1	-4
885	178.025134	178.395436	C5	64	100	0	3
886	178.025134	178.856011	F4	64	99	0	1
887	178.246210	178.441493	D3	64	88	1	-1
888	178.467286	178.826534	D5	64	122	0	5
889	178.467286	178.850484	D4	64	99	0	3
890	178.688362	178.940757	A3	64	89	1	-4
891	178.909438	179.867434	F5	64	127	0	3
892	178.909438	180.092194	C2	64	67	1	-5
893	179.130514	180.099563	G2	64	60	1	-3
894	179.351590	179.860064	C3	64	83	1	-3
895	179.572666	180.095879	G3	64	85	1	-1
896	179.793742	180.639357	E4	64	99	0	5
897	180.014818	180.119829	C3	64	95	1	-3
898	180.235894	180.644884	C4	64	92	0	1
899	180.456970	180.722261	G3	64	95	1	-1
900	180.678046	180.980183	D5	64	127	0	5
901	180.678046	181.870014	A#1	64	92	1	-2
902	180.899122	181.672888	A#2	64	90	1	-5
903	181.120198	181.405754	F5	64	107	0	3
904	181.120198	181.866329	F3	64	86	1	-3
905	181.341274	181.540242	A#3	64	88	1	-3
906	181.562350	181.846064	D5	64	97	0	5
907	181.562350	182.411650	D4	64	100	0	3
908	181.783426	181.925283	A#2	64	89	1	-5
909	182.004502	182.293743	A4	64	97	0	5
910	182.004502	182.380331	A#3	64	107	1	-3
911	182.225578	182.387700	F3	64	92	1	-3
912	182.446654	182.888806	D5	64	102	0	5
913	182.446654	183.762056	A2	64	83	1	-1
914	182.667730	183.445180	E3	64	61	1	-4
915	182.888806	183.548349	C5	64	100	0	3
916	182.888806	183.126462	A3	64	90	1	-4
917	183.109882	183.327273	C4	64	93	0	1
918	183.330958	184.263161	E4	64	99	0	5
919	183.552034	183.708629	E3	64	85	1	-4
920	183.773110	184.252108	C4	64	90	0	1
921	183.994186	184.215262	A3	64	82	1	-4
922	184.215262	184.756898	C5	64	112	0	3
923	184.215262	185.484606	F2	64	70	1	-5
924	184.436338	185.228527	C3	64	74	1	-3
925	184.657414	184.917178	F3	64	81	1	-3
926	184.878490	185.105093	D5	64	102	0	5
927	184.878490	185.103250	A3	64	77	1	-4
928	185.099566	185.512241	F5	64	97	0	3
929	185.099566	185.919389	C4	64	97	0	1
930	185.320642	185.464341	C3	64	90	1	-3
931	185.541718	185.980185	E5	64	112	0	2
932	185.541718	185.919389	A3	64	83	1	-4
933	185.762794	185.941497	F3	64	90	1	-3
934	185.983870	186.422337	D5	64	122	0	5
935	185.983870	187.159257	D2	64	85	1	-3
936	186.204946	187.144519	A2	64	62	1	-1
937	186.426022	186.641571	C5	64	100	0	3
938	186.426022	186.892123	D3	64	85	1	-1
939	186.647098	186.853435	D5	64	99	0	5
940	186.647098	187.205315	A3	64	85	1	-4
941	186.868174	187.190576	C5	64	112	0	3
942	186.868174	187.793008	F4	64	93	0	1
943	187.089250	187.277164	D3	64	88	1	-1
944	187.310326	187.719316	A4	64	99	0	5
945	187.310326	187.785639	D4	64	97	0	3
946	187.531402	187.761689	A3	64	93	1	-4
947	187.752478	188.187260	G4	64	112	0	3
948	187.752478	188.990503	A#2	64	44	1	-5
949	187.973554	188.708631	A#3	64	92	1	-3
950	188.194630	188.447025	G4	64	102	0	3
951	188.194630	188.428602	D4	64	72	0	3
952	188.415706	188.540982	F4	64	79	0	1
953	188.636782	188.824696	A4	64	117	0	5
954	188.636782	189.069722	F4	64	99	0	1
955	188.857858	189.066037	G4	64	92	0	3
956	188.857858	188.972080	A#3	64	89	1	-3
957	189.078934	189.510032	F4	64	100	0	1
958	189.078934	189.452921	D4	64	83	0	3
959	189.300010	189.467659	F4	64	92	0	1
960	189.521086	190.138256	G4	64	112	0	3
961	189.521086	190.729634	C2	64	72	1	-5
962	189.742162	190.751742	G2	64	61	1	-3
963	189.963238	190.508558	C3	64	81	1	-3
964	190.184314	190.690946	G3	64	90	1	-1
965	190.405390	191.230740	E4	64	95	0	5
966	190.626466	190.843857	C3	64	90	1	-3
967	190.847542	191.239952	C4	64	97	0	1
968	191.068618	191.284167	G3	64	92	1	-1
969	191.289694	191.569723	A4	64	127	0	5
970	191.289694	192.627203	F2	64	72	1	-5
971	191.510770	192.302959	C3	64	66	1	-3
972	191.731846	192.008191	A4	64	112	0	5
973	191.731846	191.986083	F3	64	86	1	-3
974	191.952922	192.192421	A3	64	70	1	-4
975	192.173998	192.507454	G4	64	107	0	3
976	192.173998	192.665892	C4	64	99	0	1
977	192.395074	192.536931	C3	64	73	1	-3
978	192.616150	193.021456	A4	64	112	0	5
979	192.616150	193.154101	A3	64	99	1	-4
980	192.837226	193.216739	C4	64	83	0	1
981	193.058302	193.854175	C5	64	127	0	3
982	193.058302	194.312908	E2	64	74	1	-1
983	193.279378	193.574146	E3	64	63	1	-4
984	193.500454	193.774956	A3	64	69	1	-4
985	193.721530	194.032878	E3	64	81	1	-4
986	193.942606	194.771641	C4	64	93	0	1
987	194.163682	194.432657	E3	64	76	1	-4
988	194.384758	194.779010	A3	64	79	1	-4
989	194.605834	194.801117	E3	64	89	1	-4
990	194.826910	195.243269	D4	64	127	0	3
991	194.826910	196.249165	D2	64	76	1	-3
992	195.047986	196.216004	A2	64	53	1	-1
993	195.269062	195.596991	F4	64	100	0	1
994	195.269062	195.807013	D3	64	90	1	-1
995	195.490138	196.206792	A3	64	76	1	-4
996	195.711214	196.131258	C4	64	100	0	1
997	195.711214	196.531037	F4	64	74	0	1
998	195.932290	196.120204	D3	64	90	1	-1
999	196.153366	196.536564	D4	64	112	0	3
1000	196.153366	196.531037	D4	64	81	0	3
1001	196.374442	196.619468	A3	64	85	1	-4
1002	196.595518	197.442976	F4	64	127	0	1
1003	196.595518	197.829859	C2	64	72	1	-5
1004	196.816594	197.772747	G2	64	58	1	-3
1005	197.037670	197.595887	C3	64	79	1	-3
1006	197.258746	197.831701	G3	64	75	1	-1
1007	197.479822	198.294118	E4	64	97	0	5
1008	197.700898	197.905393	C3	64	92	1	-3
1009	197.921974	198.290434	C4	64	95	0	1
1010	198.143050	198.330964	G3	64	95	1	-1
1011	198.364126	198.743639	F4	64	107	0	1
1012	198.364126	199.771643	A#2	64	95	1	-5
1013	198.585202	200.025880	D3	64	56	1	-1
1014	198.806278	199.196845	D4	64	100	0	3
1015	198.806278	199.311068	F3	64	85	1	-3
1016	199.027354	199.206057	A#3	64	95	1	-3
1017	199.248430	199.631628	C5	64	122	0	3
1018	199.248430	199.769801	F4	64	95	0	1
1019	199.469506	199.771643	F3	64	88	1	-3
1020	199.690582	199.931923	A4	64	112	0	5
1021	199.690582	199.954031	A#3	64	122	1	-3
1022	199.911658	200.116153	C5	64	99	0	3
1023	199.911658	200.125364	D4	64	102	0	3
1024	200.132734	200.921238	G4	64	100	0	3
1025	200.132734	201.759485	G2	64	69	1	-3
1026	200.353810	201.133103	D3	64	64	1	-1
1027	200.574886	200.888077	G3	64	92	1	-1
1028	200.795962	200.970980	A#3	64	86	1	-3
1029	201.017038	201.884761	D4	64	99	0	3
1030	201.238114	201.862653	D3	64	83	1	-1
1031	201.459190	201.735535	A#3	64	97	1	-3
1032	201.680266	201.884761	G3	64	83	1	-1
1033	201.901342	202.148210	D4	64	117	0	3
1034	201.901342	203.176213	G2	64	75	1	-3
1035	202.122418	202.909080	D3	64	57	1	-1
1036	202.343494	202.533251	D4	64	100	0	3
1037	202.343494	202.619839	G3	64	83	1	-1
1038	202.564570	202.833545	F4	64	93	0	1
1039	202.564570	202.807753	B3	64	88	1	-2
1040	202.785646	203.060148	D4	64	100	0	3
1041	202.785646	203.559412	D4	64	97	0	3
1042	203.006722	203.143052	D3	64	69	1	-1
1043	203.227798	203.570465	A3	64	102	1	-4
1044	203.227798	203.583361	B3	64	100	1	-2
1045	203.448874	203.725219	G3	64	95	1	-1
1046	203.669950	204.093679	D4	64	100	0	3
1047	203.669950	205.388815	C2	64	70	1	-5
1048	203.891026	205.368550	G2	64	66	1	-3
1049	204.112102	205.191689	C4	64	102	0	1
1050	204.112102	204.675845	C3	64	90	1	-3
1051	204.333178	204.996406	G3	64	85	1	-1
1052	204.554254	205.510407	E4	64	99	0	5
1053	204.775330	205.117997	C3	64	90	1	-3
1054	204.996406	205.468034	C4	64	100	0	1
1055	205.217482	205.488300	G3	64	97	1	-1
1056	205.438558	205.751749	D5	64	127	0	5
1057	205.438558	206.407607	D2	64	97	1	-3
1058	205.659634	207.067151	A2	64	62	1	-1
1059	205.880710	206.289700	D5	64	127	0	5
1060	205.880710	206.365235	D3	64	85	1	-1
1061	206.101786	206.809229	A3	64	86	1	-4
1062	206.322862	206.693164	C5	64	100	0	3
1063	206.322862	207.153739	F4	64	99	0	1
1064	206.543938	206.739221	D3	64	88	1	-1
1065	206.765014	207.124262	D5	64	122	0	5
1066	206.765014	207.148212	D4	64	99	0	3
1067	206.986090	207.238485	A3	64	89	1	-4
1068	207.207166	208.165162	F5	64	127	0	3
1069	207.207166	208.389922	C2	64	67	1	-5
1070	207.428242	208.397291	G2	64	60	1	-3
1071	207.649318	208.157792	C3	64	83	1	-3
1072	207.870394	208.393607	G3	64	85	1	-1
1073	208.091470	208.937085	E4	64	99	0	5
1074	208.312546	208.417557	C3	64	95	1	-3
1075	208.533622	208.942612	C4	64	92	0	1
1076	208.754698	209.019989	G3	64	95	1	-1
1077	208.975774	209.277911	D5	64	127	0	5
1078	208.975774	210.167742	A#1	64	92	1	-2
1079	209.196850	209.970616	A#2	64	90	1	-5
1080	209.417926	209.703482	F5	64	107	0	3
1081	209.417926	210.164057	F3	64	86	1	-3
1082	209.639002	209.837970	A#3	64	88	1	-3
1083	209.860078	210.143792	D5	64	97	0	5
1084	209.860078	210.709378	D4	64	100	0	3
1085	210.081154	210.223011	A#2	64	89	1	-5
1086	210.302230	210.591471	A4	64	97	0	5
1087	210.302230	210.678059	A#3	64	107	1	-3
1088	210.523306	210.685428	F3	64	92	1	-3
1089	210.744382	211.186534	D5	64	102	0	5
1090	210.744382	212.059784	A2	64	83	1	-1
1091	210.965458	211.742908	E3	64	61	1	-4
1092	211.186534	211.846077	C5	64	100	0	3
1093	211.186534	211.424190	A3	64	90	1	-4
1094	211.407610	211.625001	C4	64	93	0	1
1095	211.628686	212.560889	E4	64	99	0	5
1096	211.849762	212.006357	E3	64	85	1	-4
1097	212.070838	212.549836	C4	64	90	0	1
1098	212.291914	212.512990	A3	64	82	1	-4
1099	212.512990	213.054626	C5	64	112	0	3
1100	212.512990	213.782334	F2	64	70	1	-5
1101	212.734066	213.526255	C3	64	74	1	-3
1102	212.955142	213.214906	F3	64	81	1	-3
1103	213.176218	213.402821	D5	64	102	0	5
1104	213.176218	213.400978	A3	64	77	1	-4
1105	213.397294	213.809969	F5	64	97	0	3
1106	213.397294	214.217117	C4	64	97	0	1
1107	213.618370	213.762069	C3	64	90	1	-3
1108	213.839446	214.277913	E5	64	112	0	2
1109	213.839446	214.217117	A3	64	83	1	-4
1110	214.060522	214.239225	F3	64	90	1	-3
1111	214.281598	214.720065	D5	64	122	0	5
1112	214.281598	215.456985	D2	64	85	1	-3
1113	214.502674	215.442247	A2	64	62	1	-1
1114	214.723750	214.939299	C5	64	100	0	3
1115	214.723750	215.189852	D3	64	85	1	-1
1116	214.944826	215.151163	D5	64	99	0	5
1117	214.944826	215.503043	A3	64	85	1	-4
1118	215.165902	215.488304	C5	64	112	0	3
1119	215.165902	216.090736	F4	64	93	0	1
1120	215.386978	215.574892	D3	64	88	1	-1
1121	215.608054	216.017044	A4	64	99	0	5
1122	215.608054	216.083367	D4	64	97	0	3
1123	215.829130	216.059417	A3	64	93	1	-4
1124	216.050206	216.484988	G4	64	112	0	3
1125	216.050206	217.288231	A#2	64	44	1	-5
1126	216.271282	217.006359	A#3	64	92	1	-3
1127	216.492358	216.744753	G4	64	102	0	3
1128	216.492358	216.726330	D4	64	72	0	3
1129	216.713434	216.838710	F4	64	79	0	1
1130	216.934510	217.122424	A4	64	117	0	5
1131	216.934510	217.367450	F4	64	99	0	1
1132	217.155586	217.363765	G4	64	92	0	3
1133	217.155586	217.269808	A#3	64	89	1	-3
1134	217.376662	217.807760	F4	64	100	0	1
1135	217.376662	217.750649	D4	64	83	0	3
1136	217.597738	217.765387	F4	64	92	0	1
1137	217.818814	218.435984	G4	64	112	0	3
1138	217.818814	219.027362	C2	64	72	1	-5
1139	218.039890	219.049470	G2	64	61	1	-3
1140	218.260966	218.806286	C3	64	81	1	-3
1141	218.482042	218.988674	G3	64	90	1	-1
1142	218.703118	219.528468	E4	64	95	0	5
1143	218.924194	219.141585	C3	64	90	1	-3
1144	219.145270	219.537679	C4	64	97	0	1
1145	219.366346	219.581895	G3	64	92	1	-1
1146	219.587422	219.867451	A4	64	127	0	5
1147	219.587422	220.924931	F2	64	72	1	-5
1148	219.808498	220.600687	C3	64	66	1	-3
1149	220.029574	220.305919	A4	64	112	0	5
1150	220.029574	220.283811	F3	64	86	1	-3
1151	220.250650	220.490149	A3	64	70	1	-4
1152	220.471726	220.805182	G4	64	107	0	3
1153	220.471726	220.963620	C4	64	99	0	1
1154	220.692802	220.834659	C3	64	73	1	-3
1155	220.913878	221.319184	A4	64	112	0	5
1156	220.913878	221.451829	A3	64	99	1	-4
1157	221.134954	221.514467	C4	64	83	0	1
1158	221.356030	222.151903	C5	64	127	0	3
1159	221.356030	222.610636	E2	64	74	1	-1
1160	221.577106	221.871874	E3	64	63	1	-4
1161	221.798182	222.072684	A3	64	69	1	-4
1162	222.019258	222.330606	E3	64	81	1	-4
1163	222.240334	223.069369	C4	64	93	0	1
1164	222.461410	222.730385	E3	64	76	1	-4
1165	222.682486	223.076738	A3	64	79	1	-4
1166	222.903562	223.098845	E3	64	89	1	-4
1167	223.124638	223.540997	D4	64	127	0	3
1168	223.124638	224.546893	D2	64	76	1	-3
1169	223.345714	224.513732	A2	64	53	1	-1
1170	223.566790	223.894719	F4	64	100	0	1
1171	223.566790	224.104741	D3	64	90	1	-1
1172	223.787866	224.504520	A3	64	76	1	-4
1173	224.008942	224.428986	C4	64	100	0	1
1174	224.008942	224.828765	F4	64	74	0	1
1175	224.230018	224.417932	D3	64	90	1	-1
1176	224.451094	224.834292	D4	64	112	0	3
1177	224.451094	224.828765	D4	64	81	0	3
1178	224.672170	224.917196	A3	64	85	1	-4
1179	224.893246	225.740704	F4	64	127	0	1
1180	224.893246	226.127587	C2	64	72	1	-5
1181	225.114322	226.070475	G2	64	58	1	-3
1182	225.335398	225.893615	C3	64	79	1	-3
1183	225.556474	226.129429	G3	64	75	1	-1
1184	225.777550	226.591846	E4	64	97	0	5
1185	225.998626	226.203121	C3	64	92	1	-3
1186	226.219702	226.588162	C4	64	95	0	1
1187	226.440778	226.628692	G3	64	95	1	-1
1188	226.661854	227.041367	F4	64	107	0	1
1189	226.661854	228.069371	A#2	64	95	1	-5
1190	226.882930	228.323608	D3	64	56	1	-1
1191	227.104006	227.494573	D4	64	100	0	3
1192	227.104006	227.608796	F3	64	85	1	-3
1193	227.325082	227.503785	A#3	64	95	1	-3
1194	227.546158	227.929356	C5	64	122	0	3
1195	227.546158	228.067529	F4	64	95	0	1
1196	227.767234	228.069371	F3	64	88	1	-3
1197	227.988310	228.229651	A4	64	112	0	5
1198	227.988310	228.251758	A#3	64	122	1	-3
1199	228.209386	228.413881	C5	64	99	0	3
1200	228.209386	228.423092	D4	64	102	0	3
1201	228.430462	229.218966	G4	64	100	0	3
1202	228.430462	230.057213	G2	64	69	1	-3
1203	228.651538	229.430831	D3	64	64	1	-1
1204	228.872614	229.185805	G3	64	92	1	-1
1205	229.093690	229.268708	A#3	64	86	1	-3
1206	229.314766	230.182489	D4	64	99	0	3
1207	229.535842	230.160381	D3	64	83	1	-1
1208	229.756918	230.033263	A#3	64	97	1	-3
1209	229.977994	230.182489	G3	64	83	1	-1
1210	230.199070	230.445938	D4	64	117	0	3
1211	230.199070	231.473941	G2	64	75	1	-3
1212	230.420146	231.206808	D3	64	57	1	-1
1213	230.641222	230.830979	D4	64	100	0	3
1214	230.641222	230.917567	G3	64	83	1	-1
1215	230.862298	231.131273	F4	64	93	0	1
1216	230.862298	231.105481	B3	64	88	1	-2
1217	231.083374	231.357876	D4	64	100	0	3
1218	231.083374	231.857140	D4	64	97	0	3
1219	231.304450	231.440780	D3	64	69	1	-1
1220	231.525526	231.868193	A3	64	102	1	-4
1221	231.525526	231.881090	B3	64	100	1	-2
1222	231.746602	232.022947	G3	64	95	1	-1
1223	231.967678	232.391407	D4	64	100	0	3
1224	231.967678	233.686543	C2	64	70	1	-5
1225	232.188754	233.666278	G2	64	66	1	-3
1226	232.409830	233.489417	C4	64	102	0	1
1227	232.409830	232.973573	C3	64	90	1	-3
1228	232.630906	233.294134	G3	64	85	1	-1
1229	232.851982	233.808135	E4	64	99	0	5
1230	233.073058	233.415725	C3	64	90	1	-3
1231	233.294134	233.765762	C4	64	100	0	1
1232	233.515210	233.786028	G3	64	97	1	-1
1233	233.736286	234.102903	F4	64	112	0	1
1234	233.736286	234.699809	A#3	64	82	1	-3
1235	233.736286	234.723758	F3	64	56	1	-3
1236	233.736286	234.817716	A#4	64	100	0	1
1237	233.736286	234.825085	F4	64	90	0	1
1238	233.736286	234.828770	A#2	64	49	1	-5
1239	233.736286	234.847193	D4	64	88	0	3
1240	234.178438	234.438202	D4	64	107	0	3
1241	234.620590	234.913515	C5	64	117	0	3
1242	235.062742	235.281975	A#4	64	127	0	1
1243	235.283818	235.506736	A4	64	93	0	5
1244	235.504894	236.510789	G4	64	90	0	3
1245	235.504894	237.304821	B3	64	75	1	-2
1246	235.504894	237.312190	G3	64	75	1	-1
1247	235.504894	237.319559	D4	64	75	0	3
1248	235.504894	237.334298	G2	64	58	1	-3
1249	237.306663	237.846457	D4	64	117	0	3
1250	237.494578	239.388462	B2	64	70	1	-4
1251	237.494578	239.513738	D4	64	73	0	3
1252	237.494578	239.541373	B3	64	72	1	-2
1253	237.494578	239.546900	G3	64	72	1	-1
1254	237.851984	238.568639	F4	64	97	0	1
1255	238.561269	239.152648	D4	64	99	0	3
1256	239.215286	240.703864	A3	64	112	1	-4
1257	241.083378	244.604013	C4	64	100	0	1
1258	241.142332	245.639386	C2	64	71	1	-5
1259	241.621330	245.595171	G2	64	56	1	-3
1260	241.873725	245.624648	C3	64	81	1	-3
1261	242.074535	242.337984	E3	64	71	1	-4
1262	242.264292	242.463261	G3	64	67	1	-1
1263	242.448522	242.531426	C4	64	68	0	1
1264	242.688021	243.003055	E4	64	53	0	5
1265	242.955155	243.115435	G4	64	59	0	3
1266	243.240711	245.665178	C5	64	77	0	3
1267	243.550218	245.646755	E5	64	63	0	2
1268	243.900255	245.639386	G5	64	42	0	5
1269	244.318457	245.633859	C6	64	35	0	5
