//Version: PianoFingering_v170101
0	12.805713	13.152098	E3	64	83	1	-4
1	12.805713	13.307218	G#3	64	83	1	-5
2	12.805713	15.557217	E2	64	84	1	-1
3	13.167158	14.426194	B2	64	75	1	-4
4	13.528604	13.629507	E3	64	80	1	-4
5	13.890049	14.689748	E3	64	83	1	-4
6	13.890049	14.722880	B3	64	83	1	-2
7	14.612940	15.162639	B2	64	76	1	-4
8	14.793663	14.915651	E3	64	81	1	-4
9	14.974386	15.385530	G#3	64	85	1	-5
10	14.974386	15.400590	E3	64	84	1	-4
11	14.974386	15.414145	B3	64	85	1	-2
12	15.335831	15.634024	B2	64	83	1	-4
13	15.697277	16.025590	E3	64	78	1	-4
14	15.697277	16.064746	D#4	64	84	0	4
15	15.697277	16.084325	B3	64	79	1	-2
16	15.697277	16.099385	G#3	64	81	1	-5
17	15.697277	18.331311	E2	64	85	1	-1
18	16.058722	18.054203	B2	64	73	1	-4
19	16.239445	16.356915	E3	64	70	1	-4
20	16.420168	16.468361	E3	64	63	1	-4
21	16.420168	16.555710	B3	64	79	1	-2
22	16.781613	17.259023	E3	64	84	1	-4
23	16.781613	17.382517	B3	64	85	1	-2
24	17.504504	17.658119	G#3	64	75	1	-5
25	17.865950	18.028600	E3	64	85	1	-4
26	17.865950	18.259022	B3	64	85	1	-2
27	17.865950	18.295166	G#3	64	84	1	-5
28	18.227395	18.362937	E3	64	77	1	-4
29	18.588841	18.932214	E3	64	79	1	-4
30	18.588841	19.075286	G#3	64	78	1	-5
31	18.588841	21.343357	E2	64	85	1	-1
32	18.950286	19.984924	B2	64	83	1	-4
33	19.131009	19.262033	E3	64	79	1	-4
34	19.311732	19.471370	G#3	64	85	1	-5
35	19.673177	20.201791	E3	64	83	1	-4
36	19.673177	20.412635	G#3	64	82	1	-5
37	19.673177	20.483418	D4	64	84	0	3
38	20.396068	21.406610	B2	64	76	1	-4
39	20.757514	20.920164	E3	64	84	1	-4
40	20.757514	21.343357	G#3	64	89	1	-5
41	20.757514	21.355405	D4	64	84	0	3
42	21.118959	21.307212	E3	64	81	1	-4
43	21.480405	21.861429	E3	64	83	1	-4
44	21.480405	22.096368	B3	64	85	1	-2
45	21.480405	24.228897	E2	64	84	1	-1
46	21.841850	22.688235	B2	64	75	1	-4
47	22.203296	22.355404	E3	64	84	1	-4
48	22.564741	22.977392	E3	64	90	1	-4
49	22.564741	23.359921	B3	64	87	1	-2
50	22.926187	23.846367	B2	64	82	1	-4
51	23.287632	23.451789	E3	64	67	1	-4
52	23.649078	24.275583	G#3	64	77	1	-5
53	23.649078	24.278595	E3	64	81	1	-4
54	24.010523	24.371969	B2	64	76	1	-4
55	24.371969	24.676185	G#4	64	90	0	4
56	24.371969	24.822270	E4	64	82	0	5
57	24.371969	24.822270	G#4	64	84	0	4
58	24.371969	27.046666	E2	64	77	1	-1
59	24.371969	27.126485	E3	64	76	1	-4
60	24.733414	24.840342	B3	64	87	1	-2
61	24.733414	25.087330	B3	64	83	1	-2
62	24.914137	25.377992	B3	64	92	1	-2
63	25.094860	25.272571	E4	64	75	0	5
64	25.094860	25.367450	G#4	64	78	0	4
65	25.456305	25.555703	B3	64	87	1	-2
66	25.456305	25.798173	B3	64	73	1	-2
67	25.637028	26.117449	B3	64	94	1	-2
68	25.817751	26.061727	G#4	64	79	0	4
69	25.817751	26.111425	E4	64	73	0	5
70	26.179196	26.719859	G#4	64	85	0	4
71	26.179196	26.377991	B3	64	75	1	-2
72	26.540642	26.706304	B3	64	84	1	-2
73	26.540642	26.960822	E4	64	84	0	5
74	26.540642	26.984919	G#4	64	83	0	4
75	26.902087	26.981907	G#4	64	87	0	4
76	26.902087	27.200280	B3	64	84	1	-2
77	27.082810	27.182208	G#4	64	87	0	4
78	27.263533	28.326785	F#4	64	88	0	2
79	27.263533	27.730400	D#4	64	87	0	4
80	27.263533	27.751484	G#4	64	81	0	4
81	27.263533	29.930699	E2	64	76	1	-1
82	27.263533	29.986422	E3	64	74	1	-4
83	27.624978	27.990942	B3	64	76	1	-2
84	27.986424	28.102388	G#4	64	78	0	4
85	27.986424	28.111424	D#4	64	76	0	4
86	28.347869	29.024074	D#4	64	85	0	4
87	28.347869	28.539134	B3	64	71	1	-2
88	28.709315	28.897568	D#4	64	79	0	4
89	28.709315	28.908110	G#4	64	73	0	4
90	29.070760	30.013531	B3	64	87	1	-2
91	29.070760	29.216845	B3	64	77	1	-2
92	29.432206	29.793651	G#4	64	85	0	4
93	29.432206	29.807206	D#4	64	90	0	4
94	29.793651	30.100880	B3	64	88	1	-2
95	30.155097	30.426181	E4	64	86	0	5
96	30.155097	30.543651	D4	64	84	0	3
97	30.155097	30.543651	G#4	64	82	0	4
98	30.155097	32.900577	E3	64	79	1	-4
99	30.155097	32.906601	E2	64	84	1	-1
100	30.516542	30.614434	G#3	64	87	1	-5
101	30.516542	30.662627	B3	64	76	1	-2
102	30.697265	31.106903	G#3	64	83	1	-5
103	30.877988	31.103891	D4	64	84	0	3
104	30.877988	31.108409	G#4	64	78	0	4
105	31.239433	31.381000	G#3	64	85	1	-5
106	31.239433	31.411120	B3	64	71	1	-2
107	31.600879	31.944252	E4	64	86	0	5
108	31.600879	31.835818	D4	64	84	0	3
109	31.600879	31.926180	G#4	64	79	0	4
110	31.962324	32.460818	E4	64	85	0	5
111	31.962324	32.123469	B3	64	77	1	-2
112	32.323770	32.474372	B3	64	84	1	-2
113	32.323770	32.704794	D4	64	92	0	3
114	32.323770	32.880998	G#4	64	84	0	4
115	32.685215	32.784613	E4	64	88	0	5
116	32.685215	32.914131	B3	64	81	1	-2
117	32.865938	32.968348	E4	64	83	0	5
118	33.046661	33.551179	D#4	64	90	0	4
119	33.046661	33.537624	B3	64	78	1	-2
120	33.046661	33.656600	D#4	64	82	0	4
121	33.046661	35.893044	E2	64	86	1	-1
122	33.408106	33.877986	G#3	64	76	1	-5
123	33.769552	34.135515	D#4	64	71	0	4
124	33.769552	34.224371	B3	64	82	1	-2
125	33.769552	35.073768	F#4	64	74	0	2
126	34.130997	34.749973	B3	64	87	1	-2
127	34.130997	34.635515	G#3	64	83	1	-5
128	34.492443	34.927683	D#4	64	80	0	4
129	34.492443	34.941238	B3	64	79	1	-2
130	34.853888	35.692743	B3	64	85	1	-2
131	34.853888	35.292141	G#3	64	81	1	-5
132	35.215334	35.871960	D#4	64	84	0	4
133	35.215334	35.874972	B3	64	82	1	-2
134	35.215334	35.903586	F#4	64	78	0	2
135	35.576779	35.917141	G#3	64	85	1	-5
136	35.757502	35.905092	E3	64	84	1	-4
137	35.938225	36.162622	C#4	64	84	0	2
138	35.938225	36.359911	C#4	64	83	0	2
139	35.938225	36.382502	A3	64	85	1	-4
140	35.938225	38.596355	A2	64	92	1	-1
141	36.299670	36.403586	E3	64	77	1	-4
142	36.299670	36.762019	E3	64	85	1	-4
143	36.480393	36.885513	E3	64	84	1	-4
144	36.661116	37.111417	C#4	64	83	0	2
145	36.661116	37.171658	A3	64	84	1	-4
146	37.022561	37.278585	E3	64	84	1	-4
147	37.022561	37.498465	E3	64	83	1	-4
148	37.384007	37.682199	E3	64	84	1	-4
149	37.384007	37.877982	C#4	64	84	0	2
150	37.384007	37.948765	A3	64	84	1	-4
151	37.745452	38.245452	C#4	64	85	0	2
152	37.745452	38.183705	E3	64	79	1	-4
153	38.106898	38.502982	A3	64	84	1	-4
154	38.106898	38.637018	C#4	64	84	0	2
155	38.468343	38.582801	B3	64	85	1	-2
156	38.468343	38.870451	E3	64	87	1	-4
157	38.649066	38.752982	G#3	64	85	1	-5
158	38.829789	39.073765	F#4	64	73	0	2
159	38.829789	39.304186	G#3	64	73	1	-5
160	38.829789	39.332801	B3	64	76	1	-2
161	38.829789	39.984908	G#2	64	83	1	-2
162	39.191234	39.888523	B3	64	84	1	-2
163	39.191234	39.599367	E3	64	78	1	-4
164	39.552680	39.953282	G#3	64	81	1	-5
165	39.552680	39.974366	B3	64	84	1	-2
166	39.914125	40.236414	G#3	64	84	1	-5
167	39.914125	40.064728	E3	64	84	1	-4
168	40.275571	40.911113	E4	64	85	0	5
169	40.275571	40.492438	G#3	64	77	1	-5
170	40.275571	40.748462	C#4	64	78	0	2
171	40.275571	40.748462	E4	64	76	0	5
172	40.275571	41.082799	C#2	64	85	1	-4
173	40.637016	40.897558	G#3	64	78	1	-5
174	40.998462	41.292136	C#4	64	84	0	2
175	40.998462	41.346353	E4	64	80	0	5
176	41.359907	41.474365	G#3	64	83	1	-5
177	41.721353	42.043642	F#4	64	84	0	2
178	41.721353	41.915630	F#3	64	80	1	-2
179	41.721353	42.103883	C#4	64	85	0	2
180	41.721353	42.109907	A3	64	79	1	-4
181	41.721353	43.829785	F#2	64	85	1	-4
182	42.082798	42.213822	C#4	64	83	0	2
183	42.082798	42.436714	F#3	64	83	1	-2
184	42.444244	42.694244	C#4	64	85	0	2
185	42.444244	42.566232	A3	64	78	1	-4
186	42.444244	42.611412	C#4	64	83	0	2
187	42.805689	42.897557	B3	64	81	1	-2
188	42.805689	43.030087	F#3	64	78	1	-2
189	42.986412	43.380990	B3	64	86	1	-2
190	43.167135	43.323761	A3	64	81	1	-4
191	43.167135	43.344846	C#4	64	83	0	2
192	43.528580	43.995447	B3	64	87	1	-2
193	43.528580	43.706291	F#3	64	74	1	-2
194	43.890026	44.186712	A3	64	87	1	-4
195	43.890026	44.435206	C#4	64	86	0	2
196	44.251471	44.612917	B3	64	84	1	-2
197	44.251471	44.484905	F#3	64	85	1	-2
198	44.612917	45.518037	B3	64	87	1	-2
199	44.612917	44.719844	B1	64	83	1	-1
200	44.612917	44.805688	F#3	64	78	1	-2
201	44.612917	45.033097	D#4	64	85	0	4
202	44.612917	45.078278	B3	64	78	1	-2
203	44.974362	45.186712	F#3	64	78	1	-2
204	45.335808	45.632494	D#4	64	85	0	4
205	45.335808	45.823759	B3	64	83	1	-2
206	45.697253	45.981892	B3	64	89	1	-2
207	45.697253	46.106892	F#3	64	80	1	-2
208	46.058699	46.938216	F#4	64	87	0	2
209	46.058699	46.248458	B3	64	76	1	-2
210	46.058699	46.459301	F#4	64	83	0	2
211	46.420144	46.689722	F#3	64	84	1	-2
212	46.781590	47.406589	D#4	64	86	0	4
213	46.781590	47.429180	B3	64	85	1	-2
214	47.143035	47.447252	F#3	64	92	1	-2
215	47.504481	47.808697	G#4	64	90	0	4
216	47.504481	47.954782	E4	64	82	0	5
217	47.504481	47.954782	G#4	64	84	0	4
218	47.504481	50.179178	E2	64	77	1	-1
219	47.504481	50.258997	E3	64	76	1	-4
220	47.865926	47.972854	B3	64	87	1	-2
221	47.865926	48.219842	B3	64	83	1	-2
222	48.046649	48.510504	B3	64	92	1	-2
223	48.227372	48.405083	E4	64	75	0	5
224	48.227372	48.499962	G#4	64	78	0	4
225	48.588817	48.688215	B3	64	87	1	-2
226	48.588817	48.930685	B3	64	73	1	-2
227	48.769540	49.249961	B3	64	94	1	-2
228	48.950263	49.194239	G#4	64	79	0	4
229	48.950263	49.243937	E4	64	73	0	5
230	49.311708	49.852371	G#4	64	85	0	4
231	49.311708	49.510503	B3	64	75	1	-2
232	49.673154	49.838816	B3	64	84	1	-2
233	49.673154	50.093334	E4	64	84	0	5
234	49.673154	50.117431	G#4	64	83	0	4
235	50.034599	50.114419	G#4	64	87	0	4
236	50.034599	50.332792	B3	64	84	1	-2
237	50.215322	50.314720	G#4	64	87	0	4
238	50.396045	51.459297	F#4	64	88	0	2
239	50.396045	50.862912	D#4	64	87	0	4
240	50.396045	50.883996	G#4	64	81	0	4
241	50.396045	53.063211	E2	64	76	1	-1
242	50.396045	53.118934	E3	64	74	1	-4
243	50.757490	51.123454	B3	64	76	1	-2
244	51.118936	51.234900	G#4	64	78	0	4
245	51.118936	51.243936	D#4	64	76	0	4
246	51.480381	51.841827	D#4	64	85	0	4
247	51.480381	51.671646	B3	64	71	1	-2
248	51.841827	52.784597	F#4	64	87	0	2
249	51.841827	52.030080	D#4	64	79	0	4
250	51.841827	52.040622	G#4	64	73	0	4
251	52.203272	52.349357	B3	64	77	1	-2
252	52.564718	52.926163	G#4	64	85	0	4
253	52.564718	52.939718	D#4	64	90	0	4
254	52.926163	53.233392	B3	64	88	1	-2
255	53.287609	53.558693	E4	64	86	0	5
256	53.287609	53.676163	D4	64	84	0	3
257	53.287609	53.676163	G#4	64	82	0	4
258	53.287609	56.033089	E3	64	79	1	-4
259	53.287609	56.039113	E2	64	84	1	-1
260	53.649054	53.746946	G#3	64	87	1	-5
261	53.649054	53.795139	B3	64	76	1	-2
262	53.829777	54.239415	G#3	64	83	1	-5
263	54.010500	54.236403	D4	64	84	0	3
264	54.010500	54.240921	G#4	64	78	0	4
265	54.371945	54.513512	G#3	64	85	1	-5
266	54.371945	54.543632	B3	64	71	1	-2
267	54.733391	55.076764	E4	64	86	0	5
268	54.733391	54.968330	D4	64	84	0	3
269	54.733391	55.058692	G#4	64	79	0	4
270	55.094836	55.593330	E4	64	85	0	5
271	55.094836	55.255981	B3	64	77	1	-2
272	55.456282	55.606884	B3	64	84	1	-2
273	55.456282	55.837306	D4	64	92	0	3
274	55.456282	56.013510	G#4	64	84	0	4
275	55.817727	55.917125	F#4	64	88	0	2
276	55.817727	56.046643	B3	64	81	1	-2
277	55.998450	56.100860	E4	64	83	0	5
278	56.179173	56.683691	D#4	64	90	0	4
279	56.179173	56.670136	B3	64	78	1	-2
280	56.179173	56.789112	D#4	64	82	0	4
281	56.179173	59.025556	E2	64	86	1	-1
282	56.540618	57.010498	G#3	64	76	1	-5
283	56.902064	57.268027	D#4	64	71	0	4
284	56.902064	57.356883	B3	64	82	1	-2
285	56.902064	58.206280	F#4	64	74	0	2
286	57.263509	57.444232	G#3	64	87	1	-5
287	57.263509	57.768027	G#3	64	83	1	-5
288	57.444232	58.528569	D#4	64	85	0	4
289	57.624955	58.060195	D#4	64	80	0	4
290	57.624955	58.073750	B3	64	79	1	-2
291	57.986400	58.424653	G#3	64	81	1	-5
292	58.347846	59.004472	D#4	64	84	0	4
293	58.347846	59.007484	B3	64	82	1	-2
294	58.347846	59.036098	F#4	64	78	0	2
295	58.709291	59.049653	G#3	64	85	1	-5
296	59.070737	59.432182	C#4	64	84	0	2
297	59.070737	59.492423	C#4	64	83	0	2
298	59.070737	59.515014	A3	64	85	1	-4
299	59.070737	61.728867	A2	64	92	1	-1
300	59.432182	59.894531	E3	64	85	1	-4
301	59.793628	60.018025	E3	64	84	1	-4
302	59.793628	60.243929	C#4	64	83	0	2
303	59.793628	60.304170	A3	64	84	1	-4
304	60.155073	60.335796	E3	64	84	1	-4
305	60.155073	60.630977	E3	64	83	1	-4
306	60.335796	60.633989	C#4	64	84	0	2
307	60.516519	61.010494	C#4	64	84	0	2
308	60.516519	61.081277	A3	64	84	1	-4
309	60.877964	61.377964	C#4	64	85	0	2
310	60.877964	61.316217	E3	64	79	1	-4
311	61.239410	61.635494	A3	64	84	1	-4
312	61.239410	61.769530	C#4	64	84	0	2
313	61.600855	61.715313	B3	64	85	1	-2
314	61.600855	62.002963	E3	64	87	1	-4
315	61.781578	61.885494	G#3	64	85	1	-5
316	61.962301	62.206277	F#4	64	73	0	2
317	61.962301	62.436698	G#3	64	73	1	-5
318	61.962301	62.465313	B3	64	76	1	-2
319	61.962301	63.117420	G#2	64	83	1	-2
320	62.323746	63.021035	B3	64	84	1	-2
321	62.323746	62.731879	E3	64	78	1	-4
322	62.685192	63.085794	G#3	64	81	1	-5
323	62.685192	63.106878	B3	64	84	1	-2
324	63.046637	63.368926	G#3	64	84	1	-5
325	63.046637	63.197240	E3	64	84	1	-4
326	63.408083	64.043625	E4	64	85	0	5
327	63.408083	63.624950	G#3	64	77	1	-5
328	63.408083	63.880974	C#4	64	78	0	2
329	63.408083	63.880974	E4	64	76	0	5
330	63.408083	64.215311	C#2	64	85	1	-4
331	63.769528	64.030070	G#3	64	78	1	-5
332	64.130974	64.424648	C#4	64	84	0	2
333	64.130974	64.478865	E4	64	80	0	5
334	64.492419	64.606877	G#3	64	83	1	-5
335	64.853865	65.176154	F#4	64	84	0	2
336	64.853865	65.048142	F#3	64	80	1	-2
337	64.853865	65.236395	C#4	64	85	0	2
338	64.853865	65.242419	A3	64	79	1	-4
339	64.853865	66.962297	F#2	64	85	1	-4
340	65.215310	65.346334	C#4	64	83	0	2
341	65.215310	65.569226	F#3	64	83	1	-2
342	65.576756	65.826756	C#4	64	85	0	2
343	65.576756	65.698744	A3	64	78	1	-4
344	65.576756	65.743924	C#4	64	83	0	2
345	65.938201	66.030069	B3	64	81	1	-2
346	65.938201	66.162599	F#3	64	78	1	-2
347	66.118924	66.513502	B3	64	86	1	-2
348	66.299647	66.456273	A3	64	81	1	-4
349	66.299647	66.477358	C#4	64	83	0	2
350	66.661092	67.022538	B3	64	87	1	-2
351	66.661092	66.838803	F#3	64	74	1	-2
352	67.022538	67.383983	B3	64	87	1	-2
353	67.022538	67.319224	A3	64	87	1	-4
354	67.022538	67.567718	C#4	64	86	0	2
355	67.383983	67.745429	B3	64	84	1	-2
356	67.383983	67.617417	F#3	64	85	1	-2
357	67.745429	68.650549	B3	64	87	1	-2
358	67.745429	67.852356	B1	64	83	1	-1
359	67.745429	67.938200	F#3	64	78	1	-2
360	67.745429	68.165609	D#4	64	85	0	4
361	67.745429	68.210790	B3	64	78	1	-2
362	68.106874	68.319224	F#3	64	78	1	-2
363	68.468320	68.765006	D#4	64	85	0	4
364	68.468320	68.956271	B3	64	83	1	-2
365	68.829765	69.114404	B3	64	89	1	-2
366	68.829765	69.239404	F#3	64	80	1	-2
367	69.191211	70.070728	F#4	64	87	0	2
368	69.191211	69.380970	B3	64	76	1	-2
369	69.191211	69.591813	F#4	64	83	0	2
370	69.552656	69.822234	F#3	64	84	1	-2
371	69.914102	70.539101	D#4	64	86	0	4
372	69.914102	70.561692	B3	64	85	1	-2
373	70.275547	70.579764	F#3	64	92	1	-2
374	70.636993	71.031571	G#3	64	79	1	-5
375	70.636993	71.269522	E3	64	81	1	-4
376	70.636993	73.299641	E2	64	84	1	-1
377	71.359884	71.466811	G#3	64	86	1	-5
378	71.359884	71.495426	B3	64	85	1	-2
379	71.721329	73.097834	B2	64	68	1	-4
380	71.902052	72.171630	E3	64	83	1	-4
381	72.082775	72.534582	G#3	64	80	1	-5
382	72.082775	72.573738	B3	64	84	1	-2
383	72.082775	72.576750	E4	64	84	0	5
384	72.805666	73.078256	E4	64	85	0	5
385	72.805666	73.186690	B3	64	90	1	-2
386	72.805666	73.188196	G#3	64	87	1	-5
387	73.528557	74.013496	D#4	64	86	0	4
388	73.528557	74.022532	E3	64	81	1	-4
389	73.528557	76.299639	E2	64	83	1	-1
390	73.890002	75.478857	B2	64	69	1	-4
391	74.251448	74.396026	B3	64	74	1	-2
392	74.251448	74.400544	G#3	64	72	1	-5
393	74.793616	74.933676	E3	64	79	1	-4
394	74.974339	75.064700	G#3	64	83	1	-5
395	74.974339	75.067712	D#4	64	83	0	4
396	75.335784	75.736386	E3	64	87	1	-4
397	75.335784	75.774037	G#3	64	87	1	-5
398	75.335784	75.920121	D#4	64	90	0	4
399	75.697230	76.307169	B2	64	84	1	-4
400	76.058675	76.186687	G#3	64	75	1	-5
401	76.058675	76.206266	E3	64	75	1	-4
402	76.058675	76.206266	B3	64	77	1	-2
403	76.420121	76.923133	D4	64	78	0	3
404	76.420121	76.953253	E3	64	67	1	-4
405	76.420121	76.972831	G#3	64	54	1	-5
406	76.420121	79.158071	E2	64	85	1	-1
407	77.143012	77.293614	E3	64	84	1	-4
408	77.143012	77.362891	D4	64	84	0	3
409	77.143012	77.364397	G#3	64	85	1	-5
410	77.685180	77.754457	E3	64	76	1	-4
411	77.865903	77.960782	G#3	64	84	1	-5
412	77.865903	77.965300	E3	64	81	1	-4
413	77.865903	77.978855	D4	64	81	0	3
414	78.227348	78.581264	E3	64	89	1	-4
415	78.227348	78.915601	D4	64	89	0	3
416	78.227348	79.028553	G#3	64	92	1	-5
417	78.588794	79.141504	B2	64	76	1	-4
418	78.950239	79.164095	E3	64	83	1	-4
419	79.311685	79.764998	E3	64	83	1	-4
420	79.311685	79.768010	B3	64	83	1	-2
421	79.311685	81.710779	E2	64	84	1	-1
422	79.673130	80.195720	B2	64	71	1	-4
423	80.034576	80.421624	E3	64	84	1	-4
424	80.034576	80.498431	B3	64	84	1	-2
425	80.396021	80.676142	B2	64	70	1	-4
426	80.757467	80.905057	F#3	64	78	1	-2
427	80.757467	80.909575	B3	64	79	1	-2
428	81.118912	82.054153	F#3	64	88	1	-2
429	81.118912	82.100839	B3	64	85	1	-2
430	82.203249	82.507465	G#4	64	90	0	4
431	82.203249	82.691200	E3	64	83	1	-4
432	82.203249	82.713791	G#3	64	81	1	-5
433	82.203249	84.793608	E2	64	85	1	-1
434	82.564694	82.671622	B3	64	87	1	-2
435	82.564694	84.771018	B2	64	79	1	-4
436	82.745417	83.209272	B3	64	92	1	-2
437	82.926140	82.978851	G#3	64	69	1	-5
438	82.926140	83.042104	B3	64	80	1	-2
439	83.287585	83.386983	B3	64	87	1	-2
440	83.287585	83.400537	G#3	64	87	1	-5
441	83.287585	83.417103	E3	64	85	1	-4
442	83.287585	83.418609	E4	64	84	0	5
443	83.468308	83.948729	B3	64	94	1	-2
444	84.010476	84.551139	G#4	64	85	0	4
445	84.010476	84.135476	E3	64	58	1	-4
446	84.371922	84.447223	E3	64	79	1	-4
447	84.371922	84.739391	G#3	64	85	1	-5
448	84.371922	84.757464	B3	64	88	1	-2
449	84.733367	84.813187	G#4	64	87	0	4
450	84.914090	85.013488	G#4	64	87	0	4
451	85.094813	86.158065	F#4	64	88	0	2
452	85.094813	85.489391	G#3	64	83	1	-5
453	85.094813	85.719812	B3	64	83	1	-2
454	85.094813	87.391498	G#2	64	85	1	-2
455	85.456258	86.346318	D#3	64	77	1	-5
456	86.179149	86.540595	D#4	64	85	0	4
457	86.179149	86.341800	D#4	64	89	0	4
458	86.179149	86.343306	G#3	64	86	1	-5
459	86.540595	87.483365	F#4	64	87	0	2
460	86.540595	87.456257	D#3	64	79	1	-5
461	86.902040	87.039088	G#3	64	74	1	-5
462	87.263486	87.445715	G#3	64	87	1	-5
463	87.263486	87.472823	B3	64	99	1	-2
464	87.624931	87.909570	G#2	64	83	1	-2
465	87.986377	88.257461	E4	64	86	0	5
466	87.986377	88.155051	G#3	64	83	1	-5
467	87.986377	88.462280	E4	64	82	0	5
468	87.986377	89.215292	C#3	64	83	1	-2
469	88.347822	88.445714	G#3	64	87	1	-5
470	88.347822	88.597822	G#3	64	78	1	-5
471	88.528545	88.938183	G#3	64	83	1	-5
472	89.070713	89.212280	G#3	64	85	1	-5
473	89.070713	89.341797	G#3	64	85	1	-5
474	89.070713	89.624930	E4	64	80	0	5
475	89.432159	89.775532	E4	64	86	0	5
476	89.793604	90.292098	E4	64	85	0	5
477	89.793604	89.975833	G#3	64	82	1	-5
478	90.155050	90.471315	G#3	64	83	1	-5
479	90.155050	90.534568	C#3	64	85	1	-2
480	90.155050	90.570712	E4	64	83	0	5
481	90.516495	90.615893	F#4	64	88	0	2
482	90.516495	90.742399	C#4	64	84	0	2
483	90.697218	90.799628	E4	64	83	0	5
484	90.877941	91.382459	D#4	64	90	0	4
485	90.877941	91.311675	B3	64	84	1	-2
486	90.877941	91.319206	G#3	64	79	1	-5
487	90.877941	93.331252	G#2	64	84	1	-2
488	91.239386	92.793602	D#3	64	69	1	-5
489	91.600832	91.751434	D#4	64	85	0	4
490	91.600832	91.755952	G#3	64	85	1	-5
491	91.962277	92.143000	G#3	64	87	1	-5
492	92.143000	93.227337	D#4	64	85	0	4
493	92.143000	92.216795	B3	64	79	1	-2
494	92.685168	93.368903	B3	64	92	1	-2
495	93.046614	93.379445	D#3	64	89	1	-5
496	93.408059	93.514987	G#3	64	84	1	-5
497	93.769505	94.130950	C#4	64	84	0	2
498	93.769505	94.222818	C#4	64	84	0	2
499	93.769505	94.243902	A3	64	79	1	-4
500	93.769505	96.034563	A2	64	90	1	-1
501	94.130950	95.502937	E3	64	70	1	-4
502	94.492396	94.716793	E3	64	84	1	-4
503	94.492396	94.772516	A3	64	86	1	-4
504	94.492396	94.855347	C#4	64	85	0	2
505	94.492396	94.867396	E4	64	84	0	5
506	94.853841	95.034564	E3	64	84	1	-4
507	95.034564	95.332757	C#4	64	84	0	2
508	95.034564	95.124925	A3	64	72	1	-4
509	95.215287	95.676130	A3	64	74	1	-4
510	95.215287	95.727335	C#4	64	81	0	2
511	95.576732	96.076732	C#4	64	85	0	2
512	95.576732	96.177636	E3	64	79	1	-4
513	95.938178	96.177636	A3	64	88	1	-4
514	95.938178	96.237876	C#4	64	88	0	2
515	95.938178	96.287575	E4	64	85	0	5
516	96.299623	96.414081	B3	64	85	1	-2
517	96.299623	96.534563	A2	64	83	1	-1
518	96.480346	96.584262	G#3	64	85	1	-5
519	96.661069	96.905045	F#4	64	73	0	2
520	96.661069	97.191189	G#3	64	79	1	-5
521	96.661069	97.224321	B3	64	80	1	-2
522	96.661069	97.766490	G#2	64	85	1	-2
523	97.022514	97.719803	B3	64	84	1	-2
524	97.022514	97.679140	D#3	64	78	1	-5
525	97.383960	97.903538	G#3	64	84	1	-5
526	97.383960	97.903538	B3	64	85	1	-2
527	97.745405	98.067694	G#3	64	84	1	-5
528	98.106851	98.742393	E4	64	85	0	5
529	98.106851	98.536067	E4	64	83	0	5
530	98.106851	98.579742	C#4	64	84	0	2
531	98.106851	98.927633	C#3	64	84	1	-2
532	98.468296	98.659561	G#3	64	79	1	-5
533	98.829742	99.027031	C#4	64	88	0	2
534	98.829742	99.093296	G#3	64	85	1	-5
535	99.191187	99.356850	B3	64	84	1	-2
536	99.552633	99.874922	F#4	64	84	0	2
537	99.552633	99.956247	F#3	64	78	1	-2
538	99.552633	99.998416	A3	64	75	1	-4
539	99.552633	101.983354	F#2	64	84	1	-4
540	99.914078	100.045102	C#4	64	83	0	2
541	99.914078	101.930643	C#3	64	73	1	-2
542	100.275524	100.525524	C#4	64	85	0	2
543	100.275524	100.716789	A3	64	85	1	-4
544	100.275524	100.721307	C#4	64	85	0	2
545	100.636969	100.728837	B3	64	81	1	-2
546	100.817692	101.212270	B3	64	86	1	-2
547	100.998415	101.139981	F#4	64	84	0	2
548	100.998415	101.155041	F#3	64	87	1	-2
549	101.359860	101.721306	B3	64	87	1	-2
550	101.359860	101.563173	F#3	64	86	1	-2
551	101.721306	102.082751	B3	64	87	1	-2
552	101.721306	101.977330	F#3	64	84	1	-2
553	101.721306	102.150522	C#4	64	84	0	2
554	102.082751	102.444197	B3	64	84	1	-2
555	102.082751	102.314679	F#2	64	86	1	-4
556	102.444197	103.349317	B3	64	87	1	-2
557	102.444197	102.644498	F#3	64	83	1	-2
558	102.444197	102.855341	B3	64	83	1	-2
559	102.444197	105.234857	B2	64	90	1	-4
560	102.805642	102.939678	F#3	64	77	1	-2
561	103.167088	103.370401	F#3	64	89	1	-2
562	103.167088	103.581244	D#4	64	88	0	4
563	103.528533	103.813172	B3	64	89	1	-2
564	103.889979	104.769496	F#4	64	87	0	2
565	103.889979	104.072208	F#3	64	85	1	-2
566	103.889979	104.305641	B3	64	86	1	-2
567	104.251424	104.414075	F#3	64	83	1	-2
568	104.612870	104.896002	A3	64	89	1	-4
569	104.974315	105.240881	F#3	64	84	1	-2
570	105.335761	105.639977	G#4	64	90	0	4
571	105.335761	105.823712	E3	64	83	1	-4
572	105.335761	105.846303	G#3	64	81	1	-5
573	105.335761	107.926120	E2	64	85	1	-1
574	105.697206	105.804134	B3	64	87	1	-2
575	105.697206	107.903530	B2	64	79	1	-4
576	105.877929	106.341784	B3	64	92	1	-2
577	106.058652	106.111363	G#3	64	69	1	-5
578	106.058652	106.174616	B3	64	80	1	-2
579	106.420097	106.519495	B3	64	87	1	-2
580	106.420097	106.533049	G#3	64	87	1	-5
581	106.420097	106.549615	E3	64	85	1	-4
582	106.420097	106.551121	E4	64	84	0	5
583	106.600820	107.081241	B3	64	94	1	-2
584	107.142988	107.683651	G#4	64	85	0	4
585	107.142988	107.267988	E3	64	58	1	-4
586	107.504434	107.579735	E3	64	79	1	-4
587	107.504434	107.871903	G#3	64	85	1	-5
588	107.504434	107.889976	B3	64	88	1	-2
589	107.865879	107.945699	G#4	64	87	0	4
590	108.046602	108.146000	G#4	64	87	0	4
591	108.227325	108.588770	F#4	64	88	0	2
592	108.227325	108.621903	G#3	64	83	1	-5
593	108.227325	108.852324	B3	64	83	1	-2
594	108.227325	110.524010	G#2	64	85	1	-2
595	108.588770	108.950216	F#4	64	88	0	2
596	108.588770	109.478830	D#3	64	77	1	-5
597	108.950216	109.311661	F#4	64	88	0	2
598	109.311661	109.673107	B3	64	85	1	-2
599	109.311661	109.474312	D#4	64	89	0	4
600	109.311661	109.475818	G#3	64	86	1	-5
601	109.492384	110.034552	G#4	64	87	0	4
602	109.673107	110.588769	D#3	64	79	1	-5
603	110.034552	110.977323	F#4	64	87	0	2
604	110.034552	110.171600	G#3	64	74	1	-5
605	110.395998	110.578227	G#3	64	87	1	-5
606	110.395998	110.605335	B3	64	99	1	-2
607	110.757443	111.042082	G#2	64	83	1	-2
608	111.118889	111.389973	C#4	64	86	0	2
609	111.118889	111.287563	G#3	64	83	1	-5
610	111.118889	111.594792	E4	64	82	0	5
611	111.118889	112.347804	C#3	64	83	1	-2
612	111.480334	111.730334	G#3	64	78	1	-5
613	111.661057	112.186659	E4	64	84	0	5
614	112.203225	112.487864	C#4	64	94	0	2
615	112.203225	112.474309	G#3	64	85	1	-5
616	112.203225	112.757442	E4	64	80	0	5
617	112.564671	112.757442	E4	64	85	0	5
618	112.926116	113.263465	E4	64	89	0	5
619	112.926116	113.108345	G#3	64	82	1	-5
620	113.287562	113.649007	F#4	64	88	0	2
621	113.287562	113.603827	G#3	64	83	1	-5
622	113.287562	113.667080	C#3	64	85	1	-2
623	113.287562	113.703224	E4	64	83	0	5
624	113.649007	113.932140	E4	64	83	0	5
625	113.649007	113.874911	C#4	64	84	0	2
626	114.010453	114.371898	D#4	64	90	0	4
627	114.010453	114.444187	B3	64	84	1	-2
628	114.010453	114.451718	G#3	64	79	1	-5
629	114.010453	116.463764	G#2	64	84	1	-2
630	114.371898	114.668585	G#3	64	79	1	-5
631	114.371898	115.926114	D#3	64	69	1	-5
632	114.733344	114.924609	D#4	64	84	0	4
633	114.733344	114.883946	D#4	64	85	0	4
634	114.733344	114.888464	G#3	64	85	1	-5
635	115.094789	115.275512	G#3	64	87	1	-5
636	115.275512	116.359849	D#4	64	85	0	4
637	115.275512	115.349307	B3	64	79	1	-2
638	115.817680	116.501415	B3	64	92	1	-2
639	116.179126	116.511957	D#3	64	89	1	-5
640	116.540571	116.647499	G#3	64	84	1	-5
641	116.902017	117.152017	C#4	64	89	0	2
642	116.902017	117.355330	C#4	64	84	0	2
643	116.902017	117.376414	A3	64	79	1	-4
644	116.902017	119.167075	A2	64	90	1	-1
645	117.263462	117.477318	E4	64	85	0	5
646	117.263462	118.635449	E3	64	70	1	-4
647	117.624908	117.932137	E4	64	92	0	5
648	117.624908	117.905028	A3	64	86	1	-4
649	117.624908	117.987859	C#4	64	85	0	2
650	117.624908	117.999908	E4	64	84	0	5
651	117.986353	118.099305	C#4	64	84	0	2
652	118.167076	118.658040	E4	64	87	0	5
653	118.167076	118.257437	A3	64	72	1	-4
654	118.347799	118.808642	A3	64	74	1	-4
655	118.347799	118.859847	C#4	64	81	0	2
656	118.709244	118.959244	C#4	64	87	0	2
657	118.709244	119.310148	E3	64	79	1	-4
658	119.070690	119.314666	C#4	64	89	0	2
659	119.070690	119.310148	A3	64	88	1	-4
660	119.070690	119.370388	C#4	64	88	0	2
661	119.070690	119.420087	E4	64	85	0	5
662	119.432135	119.691171	B3	64	89	1	-2
663	119.432135	119.667075	A2	64	83	1	-1
664	119.793581	120.566171	F#4	64	80	0	2
665	119.793581	120.323701	G#3	64	79	1	-5
666	119.793581	120.356833	B3	64	80	1	-2
667	119.793581	120.899002	G#2	64	85	1	-2
668	120.155026	120.811652	D#3	64	78	1	-5
669	120.516472	121.036050	G#3	64	84	1	-5
670	120.516472	121.036050	B3	64	85	1	-2
671	120.877917	121.112857	G#4	64	90	0	4
672	121.239363	121.505929	F#4	64	87	0	2
673	121.239363	121.668579	E4	64	83	0	5
674	121.239363	121.712254	C#4	64	84	0	2
675	121.239363	122.060145	C#3	64	84	1	-2
676	121.600808	121.734844	C#4	64	84	0	2
677	121.600808	121.792073	G#3	64	79	1	-5
678	121.962254	122.679121	E4	64	86	0	5
679	121.962254	122.159543	C#4	64	88	0	2
680	121.962254	122.225808	G#3	64	85	1	-5
681	122.323699	122.489362	B3	64	84	1	-2
682	122.685145	122.801109	C#4	64	90	0	2
683	122.685145	123.120385	C#4	64	83	0	2
684	122.685145	123.254422	A3	64	80	1	-4
685	122.685145	124.965264	A2	64	89	1	-1
686	122.865868	123.028518	E4	64	83	0	5
687	123.046590	124.641469	E3	64	67	1	-4
688	123.227313	123.505927	E4	64	87	0	5
689	123.408036	123.599301	C#4	64	84	0	2
690	123.408036	123.617373	A3	64	76	1	-4
691	123.408036	123.626409	E4	64	84	0	5
692	123.588759	123.686650	E4	64	81	0	5
693	123.769481	124.325204	E4	64	87	0	5
694	123.950204	124.102312	C#4	64	86	0	2
695	123.950204	124.148999	A3	64	85	1	-4
696	123.950204	124.174602	A4	64	83	0	5
697	124.492372	124.673095	E4	64	89	0	5
698	124.492372	124.871890	A3	64	78	1	-4
699	124.492372	124.886950	C#4	64	84	0	2
700	124.853818	125.171589	E4	64	90	0	5
701	124.853818	125.183637	E3	64	74	1	-4
702	125.034541	125.299601	A3	64	85	1	-4
703	125.215263	125.304119	E4	64	85	0	5
704	125.215263	125.337251	C#4	64	77	0	2
705	125.395986	125.478817	E4	64	84	0	5
706	125.576709	125.805624	E4	64	87	0	5
707	125.576709	126.034540	B3	64	77	1	-2
708	125.576709	126.039058	D#4	64	83	0	4
709	125.576709	128.466767	B2	64	87	1	-4
710	125.938154	126.022492	E4	64	86	0	5
711	125.938154	126.496889	F#3	64	76	1	-2
712	126.118877	126.620383	E4	64	87	0	5
713	126.299600	126.457732	F#4	64	84	0	2
714	126.299600	126.465262	D#4	64	87	0	4
715	126.299600	126.481829	B3	64	85	1	-2
716	126.661045	126.980322	C#4	64	85	0	2
717	126.661045	126.960744	F#3	64	74	1	-2
718	126.841768	127.054117	B3	64	85	1	-2
719	126.841768	127.120382	D#4	64	88	0	4
720	126.841768	127.120382	F#4	64	85	0	2
721	127.022491	127.745382	F#4	64	88	0	2
722	127.022491	127.885442	F#3	64	72	1	-2
723	127.383936	127.566165	B3	64	90	1	-2
724	127.745382	128.001406	B3	64	94	1	-2
725	127.745382	127.772490	B3	64	67	1	-2
726	127.745382	128.295080	B4	64	80	0	2
727	127.745382	128.335743	D#4	64	94	0	4
728	127.745382	128.349297	F#4	64	88	0	2
729	128.106827	128.408032	B3	64	90	1	-2
730	128.106827	128.504417	F#3	64	87	1	-2
731	128.287550	128.459237	B3	64	89	1	-2
732	128.468273	129.257429	G#4	64	87	0	4
733	128.468273	128.956224	E3	64	83	1	-4
734	128.468273	128.978815	G#3	64	81	1	-5
735	128.468273	131.058632	E2	64	85	1	-1
736	128.829718	131.036042	B2	64	79	1	-4
737	129.191164	129.243875	G#3	64	69	1	-5
738	129.191164	129.307128	B3	64	80	1	-2
739	129.552609	129.727308	B3	64	88	1	-2
740	129.552609	129.665561	G#3	64	87	1	-5
741	129.552609	129.682127	E3	64	85	1	-4
742	129.552609	129.683633	E4	64	84	0	5
743	129.914055	130.127910	B3	64	90	1	-2
744	130.275500	130.520982	G#4	64	92	0	4
745	130.275500	130.400500	E3	64	58	1	-4
746	130.636946	130.918572	A4	64	87	0	5
747	130.636946	130.712247	E3	64	79	1	-4
748	130.636946	131.004415	G#3	64	85	1	-5
749	130.636946	131.022488	B3	64	88	1	-2
750	130.998391	131.240861	G#4	64	87	0	4
751	131.359837	131.707728	G#4	64	90	0	4
752	131.359837	131.754415	G#3	64	83	1	-5
753	131.359837	131.984836	B3	64	83	1	-2
754	131.359837	133.656522	G#2	64	85	1	-2
755	131.721282	131.793571	F#4	64	84	0	2
756	131.721282	132.611342	D#3	64	77	1	-5
757	131.902005	132.356824	F#4	64	85	0	2
758	132.444173	132.564655	B3	64	87	1	-2
759	132.444173	132.606824	D#4	64	89	0	4
760	132.444173	132.608330	G#3	64	86	1	-5
761	132.624896	133.094775	G#4	64	90	0	4
762	132.805619	133.721281	D#3	64	79	1	-5
763	133.167064	133.694172	F#4	64	89	0	2
764	133.167064	133.304112	G#3	64	74	1	-5
765	133.528510	133.710739	G#3	64	87	1	-5
766	133.528510	133.737847	B3	64	99	1	-2
767	133.889955	134.174594	G#2	64	83	1	-2
768	134.251401	134.356822	C#4	64	87	0	2
769	134.251401	134.420075	G#3	64	83	1	-5
770	134.251401	134.727304	E4	64	82	0	5
771	134.251401	135.480316	C#3	64	83	1	-2
772	134.432124	135.108328	E4	64	90	0	5
773	134.612846	134.862846	G#3	64	78	1	-5
774	135.335737	135.426099	E4	64	87	0	5
775	135.335737	135.606821	G#3	64	85	1	-5
776	135.335737	135.889954	E4	64	80	0	5
777	135.516460	135.897484	E4	64	90	0	5
778	136.058628	136.195676	E4	64	94	0	5
779	136.058628	136.240857	G#3	64	82	1	-5
780	136.420074	136.665556	F#4	64	87	0	2
781	136.420074	136.736339	G#3	64	83	1	-5
782	136.420074	136.799592	C#3	64	85	1	-2
783	136.420074	136.835736	E4	64	83	0	5
784	136.781519	136.923086	E4	64	88	0	5
785	136.781519	137.007423	C#4	64	84	0	2
786	136.962242	137.103808	E4	64	88	0	5
787	137.142965	137.415555	D#4	64	87	0	4
788	137.142965	137.576699	B3	64	84	1	-2
789	137.142965	137.584230	G#3	64	79	1	-5
790	137.142965	139.596276	G#2	64	84	1	-2
791	137.504410	137.843266	G#3	64	85	1	-5
792	137.504410	139.058626	D#3	64	69	1	-5
793	137.865856	138.198687	B3	64	82	1	-2
794	137.865856	138.016458	D#4	64	85	0	4
795	137.865856	138.020976	G#3	64	85	1	-5
796	138.227301	138.311639	G#3	64	50	1	-5
797	138.408024	139.165554	D#4	64	87	0	4
798	138.408024	138.481819	B3	64	79	1	-2
799	138.950192	139.633927	B3	64	92	1	-2
800	139.311638	139.644469	D#3	64	89	1	-5
801	139.673083	139.780011	G#3	64	84	1	-5
802	140.034529	140.397480	C#4	64	83	0	2
803	140.034529	140.487842	C#4	64	84	0	2
804	140.034529	140.508926	A3	64	79	1	-4
805	140.034529	142.299587	A2	64	90	1	-1
806	140.395974	141.017962	E3	64	94	1	-4
807	140.395974	141.767961	E3	64	70	1	-4
808	140.757420	141.037540	A3	64	86	1	-4
809	140.757420	141.120371	C#4	64	85	0	2
810	140.757420	141.132420	E4	64	84	0	5
811	141.118865	141.697178	C#4	64	94	0	2
812	141.299588	141.389949	A3	64	72	1	-4
813	141.480311	141.941154	A3	64	74	1	-4
814	141.480311	141.992359	C#4	64	81	0	2
815	141.841756	142.173081	C#4	64	84	0	2
816	141.841756	142.442660	E3	64	79	1	-4
817	142.203202	142.516455	D#4	64	89	0	4
818	142.203202	142.442660	A3	64	88	1	-4
819	142.203202	142.502900	C#4	64	88	0	2
820	142.203202	142.552599	E4	64	85	0	5
821	142.564647	142.877900	C#4	64	83	0	2
822	142.564647	142.799587	A2	64	83	1	-1
823	142.926093	143.264948	F#4	64	76	0	2
824	142.926093	143.456213	G#3	64	79	1	-5
825	142.926093	143.489345	B3	64	80	1	-2
826	142.926093	144.031514	G#2	64	85	1	-2
827	143.287538	143.468261	B3	64	87	1	-2
828	143.287538	143.944164	D#3	64	78	1	-5
829	143.468261	143.648984	B3	64	87	1	-2
830	143.648984	144.168562	G#3	64	84	1	-5
831	143.648984	144.168562	B3	64	85	1	-2
832	143.829707	144.292056	F#4	64	87	0	2
833	144.371875	144.975790	E4	64	85	0	5
834	144.371875	144.801091	E4	64	83	0	5
835	144.371875	144.844766	C#4	64	84	0	2
836	144.371875	145.192657	C#3	64	84	1	-2
837	144.733320	144.924585	G#3	64	79	1	-5
838	145.094766	145.292055	C#4	64	88	0	2
839	145.094766	145.358320	G#3	64	85	1	-5
840	145.456211	145.621874	B3	64	84	1	-2
841	145.817657	146.168560	F#4	64	75	0	2
842	145.817657	146.252897	C#4	64	83	0	2
843	145.817657	146.386934	A3	64	80	1	-4
844	145.817657	148.097776	A2	64	89	1	-1
845	146.179102	146.775487	C#4	64	87	0	2
846	146.179102	147.773981	E3	64	67	1	-4
847	146.540548	146.731813	C#4	64	84	0	2
848	146.540548	146.749885	A3	64	76	1	-4
849	146.540548	146.758921	E4	64	84	0	5
850	146.901993	147.093258	B3	64	88	1	-2
851	147.082716	147.234824	C#4	64	86	0	2
852	147.082716	147.281511	A3	64	85	1	-4
853	147.082716	147.307114	A4	64	83	0	5
854	147.263439	147.805607	B3	64	89	1	-2
855	147.624884	148.004402	A3	64	78	1	-4
856	147.624884	148.019462	C#4	64	84	0	2
857	147.986330	148.283016	B3	64	90	1	-2
858	147.986330	148.316149	E3	64	74	1	-4
859	148.167053	148.432113	A3	64	85	1	-4
860	148.347775	148.624884	B3	64	90	1	-2
861	148.347775	148.469763	C#4	64	77	0	2
862	148.709221	148.995365	B3	64	92	1	-2
863	148.709221	149.167052	B3	64	77	1	-2
864	148.709221	149.171570	D#4	64	83	0	4
865	148.709221	151.599279	B2	64	87	1	-4
866	149.070666	150.412533	F#4	64	86	0	2
867	149.070666	149.629401	F#3	64	76	1	-2
868	149.432112	149.590244	F#4	64	84	0	2
869	149.432112	149.597774	D#4	64	87	0	4
870	149.432112	149.614341	B3	64	85	1	-2
871	149.793557	150.093256	F#3	64	74	1	-2
872	149.974280	150.186629	B3	64	85	1	-2
873	149.974280	150.252894	D#4	64	88	0	4
874	149.974280	150.252894	F#4	64	85	0	2
875	150.155003	151.017954	F#3	64	72	1	-2
876	150.516448	150.685123	B3	64	90	1	-2
877	150.516448	150.698677	B3	64	90	1	-2
878	150.877894	151.150484	F#4	64	85	0	2
879	150.877894	150.905002	B3	64	67	1	-2
880	150.877894	151.427592	B4	64	80	0	2
881	150.877894	151.468255	D#4	64	94	0	4
882	150.877894	151.481809	F#4	64	88	0	2
883	151.239339	151.510423	B3	64	89	1	-2
884	151.239339	151.636929	F#3	64	87	1	-2
885	151.420062	151.591749	B3	64	89	1	-2
886	151.600785	154.406506	E4	64	84	0	5
887	151.600785	152.123375	G#3	64	83	1	-5
888	151.600785	152.156507	B3	64	85	1	-2
889	151.600785	153.825181	E2	64	85	1	-1
890	151.962230	152.814639	B2	64	71	1	-4
891	152.323676	152.417049	E4	64	78	0	5
892	152.323676	152.420061	G#3	64	77	1	-5
893	152.323676	152.420061	B3	64	84	1	-2
894	152.685121	153.371868	G#3	64	84	1	-5
895	152.685121	153.373374	E4	64	84	0	5
896	152.685121	153.450181	B3	64	92	1	-2
897	153.408012	153.861325	B2	64	76	1	-4
898	153.769458	153.889940	G#3	64	85	1	-5
899	153.769458	154.084217	B3	64	90	1	-2
900	153.950181	154.040542	G#3	64	76	1	-5
901	154.492349	154.829698	F#4	64	84	0	2
902	154.492349	155.014939	A3	64	83	1	-4
903	154.492349	155.144457	C#4	64	83	0	2
904	154.492349	155.811625	A2	64	88	1	-1
905	154.853794	155.438131	C#4	64	89	0	2
906	154.853794	155.707709	E3	64	62	1	-4
907	155.215240	155.319155	A3	64	74	1	-4
908	155.576685	155.799577	B3	64	83	1	-2
909	155.576685	156.358311	E4	64	83	0	5
910	155.576685	156.389938	A3	64	87	1	-4
911	155.938131	156.477287	B3	64	85	1	-2
912	156.299576	156.685118	A2	64	88	1	-1
913	156.661022	156.885419	B3	64	84	1	-2
914	156.661022	156.783010	A3	64	89	1	-4
915	156.661022	156.798070	C#4	64	84	0	2
916	156.661022	156.817648	E4	64	83	0	5
917	157.022467	157.251383	B3	64	88	1	-2
918	157.383913	157.728792	B3	64	85	1	-2
919	157.383913	157.900479	C4	64	84	0	1
920	157.383913	158.938129	E3	64	84	1	-4
921	157.383913	158.941141	A2	64	85	1	-1
922	157.383913	158.983309	A3	64	84	1	-4
923	157.745358	160.335718	E4	64	85	0	5
924	163.167041	163.471257	G#4	64	90	0	4
925	163.167041	163.617342	E4	64	82	0	5
926	163.167041	163.617342	G#4	64	84	0	4
927	163.167041	165.841738	E2	64	77	1	-1
928	163.167041	165.921557	E3	64	76	1	-4
929	163.528486	163.635414	B3	64	87	1	-2
930	163.528486	163.882402	B3	64	83	1	-2
931	163.709209	164.173064	B3	64	92	1	-2
932	163.889932	164.067643	E4	64	75	0	5
933	163.889932	164.162522	G#4	64	78	0	4
934	164.251377	164.350775	B3	64	87	1	-2
935	164.251377	164.593245	B3	64	73	1	-2
936	164.432100	164.912521	B3	64	94	1	-2
937	164.612823	164.856799	G#4	64	79	0	4
938	164.612823	164.906497	E4	64	73	0	5
939	164.974268	165.514931	G#4	64	85	0	4
940	164.974268	165.173063	B3	64	75	1	-2
941	165.335714	165.501376	B3	64	84	1	-2
942	165.335714	165.755894	E4	64	84	0	5
943	165.335714	165.779991	G#4	64	83	0	4
944	165.697159	165.776979	G#4	64	87	0	4
945	165.697159	165.995352	B3	64	84	1	-2
946	165.877882	165.977280	G#4	64	87	0	4
947	166.058605	167.121857	F#4	64	88	0	2
948	166.058605	166.525472	D#4	64	87	0	4
949	166.058605	166.546556	G#4	64	81	0	4
950	166.058605	168.725771	E2	64	76	1	-1
951	166.058605	168.781494	E3	64	74	1	-4
952	166.420050	166.786014	B3	64	76	1	-2
953	166.781496	166.897460	G#4	64	78	0	4
954	166.781496	166.906496	D#4	64	76	0	4
955	167.142941	167.504387	D#4	64	85	0	4
956	167.142941	167.334206	B3	64	71	1	-2
957	167.504387	168.447157	F#4	64	87	0	2
958	167.504387	167.692640	D#4	64	79	0	4
959	167.504387	167.703182	G#4	64	73	0	4
960	167.865832	168.011917	B3	64	77	1	-2
961	168.227278	168.588723	G#4	64	85	0	4
962	168.227278	168.602278	D#4	64	90	0	4
963	168.588723	168.895952	B3	64	88	1	-2
964	168.950169	169.221253	E4	64	86	0	5
965	168.950169	169.338723	D4	64	84	0	3
966	168.950169	169.338723	G#4	64	82	0	4
967	168.950169	171.695649	E3	64	79	1	-4
968	168.950169	171.701673	E2	64	84	1	-1
969	169.311614	169.409506	G#3	64	87	1	-5
970	169.311614	169.457699	B3	64	76	1	-2
971	169.492337	169.901975	G#3	64	83	1	-5
972	169.673060	169.898963	D4	64	84	0	3
973	169.673060	169.903481	G#4	64	78	0	4
974	170.034505	170.176072	G#3	64	85	1	-5
975	170.034505	170.206192	B3	64	71	1	-2
976	170.395951	170.739324	E4	64	86	0	5
977	170.395951	170.630890	D4	64	84	0	3
978	170.395951	170.721252	G#4	64	79	0	4
979	170.757396	171.255890	E4	64	85	0	5
980	170.757396	170.918541	B3	64	77	1	-2
981	171.118842	171.269444	B3	64	84	1	-2
982	171.118842	171.499866	D4	64	92	0	3
983	171.118842	171.676070	G#4	64	84	0	4
984	171.480287	171.579685	F#4	64	88	0	2
985	171.480287	171.709203	B3	64	81	1	-2
986	171.661010	171.763420	E4	64	83	0	5
987	171.841733	172.346251	D#4	64	90	0	4
988	171.841733	172.332696	B3	64	78	1	-2
989	171.841733	172.451672	D#4	64	82	0	4
990	171.841733	174.688116	E2	64	86	1	-1
991	172.203178	172.673058	G#3	64	76	1	-5
992	172.564624	172.930587	D#4	64	71	0	4
993	172.564624	173.019443	B3	64	82	1	-2
994	172.564624	173.868840	F#4	64	74	0	2
995	172.926069	173.106792	G#3	64	87	1	-5
996	172.926069	173.430587	G#3	64	83	1	-5
997	173.106792	174.191129	D#4	64	85	0	4
998	173.287515	173.722755	D#4	64	80	0	4
999	173.287515	173.736310	B3	64	79	1	-2
1000	173.648960	174.087213	G#3	64	81	1	-5
1001	174.010406	174.667032	D#4	64	84	0	4
1002	174.010406	174.670044	B3	64	82	1	-2
1003	174.010406	174.698658	F#4	64	78	0	2
1004	174.371851	174.712213	G#3	64	85	1	-5
1005	174.733297	175.094742	C#4	64	84	0	2
1006	174.733297	175.154983	C#4	64	83	0	2
1007	174.733297	175.177574	A3	64	85	1	-4
1008	174.733297	177.391427	A2	64	92	1	-1
1009	175.094742	175.557091	E3	64	85	1	-4
1010	175.456188	175.680585	E3	64	84	1	-4
1011	175.456188	175.906489	C#4	64	83	0	2
1012	175.456188	175.966730	A3	64	84	1	-4
1013	175.817633	175.998356	E3	64	84	1	-4
1014	175.817633	176.293537	E3	64	83	1	-4
1015	175.998356	176.296549	C#4	64	84	0	2
1016	176.179079	176.673054	C#4	64	84	0	2
1017	176.179079	176.743837	A3	64	84	1	-4
1018	176.540524	177.040524	C#4	64	85	0	2
1019	176.540524	176.978777	E3	64	79	1	-4
1020	176.901970	177.298054	A3	64	84	1	-4
1021	176.901970	177.432090	C#4	64	84	0	2
1022	177.263415	177.377873	B3	64	85	1	-2
1023	177.263415	177.665523	E3	64	87	1	-4
1024	177.444138	177.548054	G#3	64	85	1	-5
1025	177.624861	177.868837	F#4	64	73	0	2
1026	177.624861	178.099258	G#3	64	73	1	-5
1027	177.624861	178.127873	B3	64	76	1	-2
1028	177.624861	178.779980	G#2	64	83	1	-2
1029	177.986306	178.683595	B3	64	84	1	-2
1030	177.986306	178.394439	E3	64	78	1	-4
1031	178.347752	178.748354	G#3	64	81	1	-5
1032	178.347752	178.769438	B3	64	84	1	-2
1033	178.709197	179.031486	G#3	64	84	1	-5
1034	178.709197	178.859800	E3	64	84	1	-4
1035	179.070643	179.706185	E4	64	85	0	5
1036	179.070643	179.287510	G#3	64	77	1	-5
1037	179.070643	179.543534	C#4	64	78	0	2
1038	179.070643	179.543534	E4	64	76	0	5
1039	179.070643	179.877871	C#2	64	85	1	-4
1040	179.432088	179.692630	G#3	64	78	1	-5
1041	179.793534	180.087208	C#4	64	84	0	2
1042	179.793534	180.141425	E4	64	80	0	5
1043	180.154979	180.269437	G#3	64	83	1	-5
1044	180.516425	180.838714	F#4	64	84	0	2
1045	180.516425	180.710702	F#3	64	80	1	-2
1046	180.516425	180.898955	C#4	64	85	0	2
1047	180.516425	180.904979	A3	64	79	1	-4
1048	180.516425	182.624857	F#2	64	85	1	-4
1049	180.877870	181.008894	C#4	64	83	0	2
1050	180.877870	181.231786	F#3	64	83	1	-2
1051	181.239316	181.489316	C#4	64	85	0	2
1052	181.239316	181.361304	A3	64	78	1	-4
1053	181.239316	181.406484	C#4	64	83	0	2
1054	181.600761	181.692629	B3	64	81	1	-2
1055	181.600761	181.825159	F#3	64	78	1	-2
1056	181.781484	182.176062	B3	64	86	1	-2
1057	181.962207	182.118833	A3	64	81	1	-4
1058	181.962207	182.139918	C#4	64	83	0	2
1059	182.323652	182.685098	B3	64	87	1	-2
1060	182.323652	182.501363	F#3	64	74	1	-2
1061	182.685098	183.046543	B3	64	87	1	-2
1062	182.685098	182.981784	A3	64	87	1	-4
1063	182.685098	183.230278	C#4	64	86	0	2
1064	183.046543	183.407989	B3	64	84	1	-2
1065	183.046543	183.279977	F#3	64	85	1	-2
1066	183.407989	184.313109	B3	64	87	1	-2
1067	183.407989	183.514916	B1	64	83	1	-1
1068	183.407989	183.600760	F#3	64	78	1	-2
1069	183.407989	183.828169	D#4	64	85	0	4
1070	183.407989	183.873350	B3	64	78	1	-2
1071	183.769434	183.981784	F#3	64	78	1	-2
1072	184.130880	184.427566	D#4	64	85	0	4
1073	184.130880	184.618831	B3	64	83	1	-2
1074	184.492325	184.776964	B3	64	89	1	-2
1075	184.492325	184.901964	F#3	64	80	1	-2
1076	184.853771	185.733288	F#4	64	87	0	2
1077	184.853771	185.043530	B3	64	76	1	-2
1078	184.853771	185.254373	F#4	64	83	0	2
1079	185.215216	185.484794	F#3	64	84	1	-2
1080	185.576662	186.638408	F#4	64	86	0	2
1081	185.576662	186.660998	B3	64	85	1	-2
1082	191.990813	195.225751	E2	64	79	1	-1
1083	192.156476	195.329666	E3	64	71	1	-4
1084	192.177560	195.188100	B2	64	55	1	-4
1085	192.237801	195.344726	G#3	64	74	1	-5
1086	192.304066	195.349245	B3	64	58	1	-2
1087	192.352259	195.380871	E4	64	64	0	5
