//Version: PianoFingering_v170101
0	8.795258	8.976360	E2	64	92	1	-1
1	8.795258	8.984234	E3	64	92	1	-4
2	9.031478	9.417304	C#4	64	90	0	2
3	9.031478	9.420257	F#3	64	90	1	-2
4	9.031478	10.776553	F#2	64	92	1	-4
5	9.503918	10.071830	A3	64	90	1	-4
6	9.503918	10.084626	C#4	64	92	0	2
7	9.503918	10.092500	F#3	64	92	1	-2
8	10.685018	11.040332	F#3	64	84	1	-2
9	10.685018	11.055096	A3	64	84	1	-4
10	10.685018	11.080687	C#4	64	91	0	2
11	10.921238	12.612180	F#2	64	88	1	-4
12	11.629898	11.833638	F#3	64	92	1	-2
13	11.629898	11.834622	C#4	64	93	0	2
14	12.102338	12.362180	F#3	64	91	1	-2
15	12.102338	12.363164	A3	64	89	1	-4
16	12.102338	12.405487	C#4	64	92	0	2
17	12.338558	12.524581	C#3	64	85	1	-2
18	12.574778	12.702731	F#3	64	91	1	-2
19	12.810998	13.069856	F#3	64	91	1	-2
20	12.810998	13.080683	C#4	64	91	0	2
21	12.810998	13.090525	F#2	64	93	1	-4
22	13.283438	14.330680	F#3	64	94	1	-2
23	13.283438	14.375956	C#4	64	94	0	2
24	13.283438	14.577727	F#2	64	94	1	-4
25	14.700758	15.147608	F#4	64	83	0	2
26	14.700758	15.257844	C#4	64	91	0	2
27	14.700758	15.265718	F#3	64	89	1	-2
28	14.700758	15.524575	C#3	64	90	1	-2
29	15.409418	15.734221	F#4	64	89	0	2
30	15.409418	15.743079	F#3	64	89	1	-2
31	15.409418	15.783433	C#4	64	92	0	2
32	15.881858	16.069850	C#4	64	88	0	2
33	15.881858	16.095440	F#3	64	88	1	-2
34	16.118078	16.599376	C#3	64	90	1	-2
35	16.590518	16.591502	F#2	64	92	1	-4
36	16.590518	16.607250	F#3	64	88	1	-2
37	16.590518	16.611187	C#4	64	90	0	2
38	17.062958	17.589532	F#4	64	85	0	2
39	17.062958	17.707642	F#3	64	90	1	-2
40	17.062958	17.734217	C#4	64	91	0	2
41	17.062958	18.348389	F#2	64	95	1	-4
42	18.007838	18.126932	F#3	64	93	1	-2
43	18.007838	18.347404	C#4	64	92	0	2
44	18.007838	18.360200	F#4	64	90	0	2
45	18.244058	18.372995	F#3	64	91	1	-2
46	18.480278	18.792285	F#3	64	92	1	-2
47	18.480278	18.825750	F#4	64	83	0	2
48	18.480278	19.005868	C#4	64	91	0	2
49	18.480278	19.156458	F#2	64	94	1	-4
50	18.952718	19.096419	F#3	64	82	1	-2
51	19.188938	19.422205	F#3	64	93	1	-2
52	19.188938	19.719449	B3	64	93	1	-2
53	19.188938	20.060984	B2	64	104	1	-4
54	19.661378	19.783425	F#3	64	90	1	-2
55	19.897598	20.019645	F#3	64	96	1	-2
56	19.897598	20.068858	B3	64	99	1	-2
57	20.133818	20.272597	A3	64	97	1	-4
58	20.370038	20.667282	F#3	64	92	1	-2
59	20.370038	20.682045	F#2	64	92	1	-4
60	20.842478	21.600351	F#4	64	85	0	2
61	20.842478	21.627910	C#4	64	90	0	2
62	20.842478	21.689917	F#3	64	90	1	-2
63	20.842478	22.155468	F#2	64	92	1	-4
64	21.787358	22.039326	A3	64	88	1	-4
65	21.787358	22.122987	C#4	64	92	0	2
66	21.787358	22.142672	F#4	64	88	0	2
67	22.023578	22.096413	F#3	64	76	1	-2
68	22.259798	22.602317	F#3	64	87	1	-2
69	22.259798	22.660388	A3	64	86	1	-4
70	22.259798	22.827710	C#4	64	91	0	2
71	22.259798	22.899561	F#2	64	93	1	-4
72	22.732238	22.832632	F#3	64	96	1	-2
73	22.968458	23.229284	F#3	64	96	1	-2
74	22.968458	23.545229	B3	64	96	1	-2
75	22.968458	24.036369	B2	64	92	1	-4
76	23.440898	23.642669	C#5	64	90	0	4
77	23.440898	23.580662	F#3	64	88	1	-2
78	23.677118	23.852315	B4	64	97	0	2
79	23.677118	23.800149	F#3	64	92	1	-2
80	23.677118	24.117078	B3	64	93	1	-2
81	23.677118	24.144637	F#4	64	90	0	2
82	23.913338	24.057039	A4	64	90	0	5
83	23.913338	24.100346	F#3	64	92	1	-2
84	24.149558	24.309991	B4	64	90	0	2
85	24.149558	24.501920	F#4	64	82	0	2
86	24.149558	24.510778	C#4	64	82	0	2
87	24.149558	24.756840	F#2	64	90	1	-4
88	24.385778	24.524557	F#4	64	91	0	2
89	24.621998	25.069832	F#4	64	91	0	2
90	24.621998	24.932037	A4	64	89	0	5
91	24.621998	24.976328	F#4	64	85	0	2
92	24.621998	25.009793	C#4	64	83	0	2
93	25.094438	25.234202	C#3	64	74	1	-2
94	25.330658	25.452705	F#4	64	96	0	2
95	25.330658	25.475343	C#4	64	84	0	2
96	25.330658	25.530461	F#4	64	86	0	2
97	25.330658	25.624949	A4	64	90	0	5
98	25.566878	25.679083	A4	64	97	0	5
99	25.803098	25.915303	B4	64	90	0	2
100	25.803098	25.894633	C#4	64	90	0	2
101	26.039318	26.153491	C#5	64	101	0	4
102	26.039318	26.320814	A3	64	89	1	-4
103	26.039318	26.329672	C#4	64	89	0	2
104	26.039318	26.589514	A2	64	88	1	-1
105	26.275538	26.398569	E5	64	92	0	2
106	26.275538	26.570813	E3	64	86	1	-4
107	26.511758	26.622978	F#5	64	95	0	4
108	26.511758	26.637742	A3	64	93	1	-4
109	26.511758	26.686955	C#4	64	91	0	2
110	26.747978	27.067859	B4	64	99	0	2
111	26.984198	27.342465	B2	64	88	1	-4
112	27.220418	27.343449	C#5	64	99	0	4
113	27.220418	27.493055	F#4	64	83	0	2
114	27.220418	27.523567	B3	64	92	1	-2
115	27.456638	27.574748	B4	64	94	0	2
116	27.456638	27.690890	F#3	64	79	1	-2
117	27.692858	27.789315	A4	64	101	0	5
118	27.692858	27.878881	F#4	64	83	0	2
119	27.692858	27.900535	B3	64	89	1	-2
120	27.929078	28.062936	B4	64	91	0	2
121	27.929078	28.281440	F#4	64	82	0	2
122	27.929078	28.290298	C#4	64	82	0	2
123	27.929078	28.536360	F#2	64	90	1	-4
124	28.165298	28.300140	F#4	64	92	0	2
125	28.401518	28.848368	F#4	64	91	0	2
126	28.401518	28.711557	A4	64	89	0	5
127	28.401518	28.755848	F#4	64	85	0	2
128	28.401518	28.789313	C#4	64	83	0	2
129	28.873958	29.013722	C#3	64	74	1	-2
130	29.110178	29.254863	C#4	64	84	0	2
131	29.110178	29.309981	F#4	64	86	0	2
132	29.110178	29.404469	A4	64	90	0	5
133	29.346398	29.531437	E4	64	94	0	5
134	29.582618	29.712539	C#4	64	91	0	2
135	29.582618	29.674153	C#4	64	90	0	2
136	29.818838	29.963523	E4	64	92	0	5
137	29.818838	30.100334	A3	64	89	1	-4
138	29.818838	30.109192	C#4	64	89	0	2
139	29.818838	30.369034	A2	64	88	1	-1
140	30.055058	30.180058	F#4	64	89	0	2
141	30.055058	30.350333	E3	64	86	1	-4
142	30.291278	30.845411	F#4	64	92	0	2
143	30.291278	30.417262	A3	64	93	1	-4
144	30.291278	30.466475	C#4	64	91	0	2
145	30.763718	31.121985	B2	64	88	1	-4
146	30.999938	31.201709	C#5	64	90	0	4
147	30.999938	31.272575	F#4	64	83	0	2
148	30.999938	31.303087	B3	64	92	1	-2
149	31.236158	31.411355	B4	64	97	0	2
150	31.236158	31.470410	F#3	64	79	1	-2
151	31.472378	31.616079	A4	64	90	0	5
152	31.472378	31.658401	F#4	64	83	0	2
153	31.472378	31.680055	B3	64	89	1	-2
154	31.708598	31.869031	B4	64	90	0	2
155	31.708598	32.060960	F#4	64	82	0	2
156	31.708598	32.069818	C#4	64	82	0	2
157	31.708598	32.315880	F#2	64	90	1	-4
158	31.944818	32.083597	F#4	64	91	0	2
159	32.181038	32.628872	F#4	64	91	0	2
160	32.181038	32.491077	A4	64	89	0	5
161	32.181038	32.535368	F#4	64	85	0	2
162	32.181038	32.568833	C#4	64	83	0	2
163	32.653478	32.793242	C#3	64	74	1	-2
164	32.889698	33.011745	F#4	64	96	0	2
165	32.889698	33.034383	C#4	64	84	0	2
166	32.889698	33.089501	F#4	64	86	0	2
167	32.889698	33.183989	A4	64	90	0	5
168	33.125918	33.238123	A4	64	97	0	5
169	33.362138	33.474343	B4	64	90	0	2
170	33.362138	33.453673	C#4	64	90	0	2
171	33.598358	33.712531	C#5	64	101	0	4
172	33.598358	33.879854	A3	64	89	1	-4
173	33.598358	33.888712	C#4	64	89	0	2
174	33.598358	34.148554	A2	64	88	1	-1
175	33.834578	33.957609	E5	64	92	0	2
176	33.834578	34.129853	E3	64	86	1	-4
177	34.070798	34.182018	F#5	64	95	0	4
178	34.070798	34.196782	A3	64	93	1	-4
179	34.070798	34.245995	C#4	64	91	0	2
180	34.307018	34.626899	B4	64	99	0	2
181	34.543238	34.901505	B2	64	88	1	-4
182	34.779458	34.902489	C#5	64	99	0	4
183	34.779458	35.052095	F#4	64	83	0	2
184	34.779458	35.082607	B3	64	92	1	-2
185	35.015678	35.133788	B4	64	94	0	2
186	35.015678	35.249930	F#3	64	79	1	-2
187	35.251898	35.348355	A4	64	101	0	5
188	35.251898	35.437921	F#4	64	83	0	2
189	35.251898	35.459575	B3	64	89	1	-2
190	35.488118	35.621976	B4	64	91	0	2
191	35.488118	35.840480	F#4	64	82	0	2
192	35.488118	35.849338	C#4	64	82	0	2
193	35.488118	36.095400	F#2	64	90	1	-4
194	35.724338	35.859180	F#4	64	92	0	2
195	35.960558	36.407408	F#4	64	91	0	2
196	35.960558	36.270597	A4	64	89	0	5
197	35.960558	36.314888	F#4	64	85	0	2
198	35.960558	36.348353	C#4	64	83	0	2
199	36.432998	36.572762	C#3	64	74	1	-2
200	36.669218	36.813903	C#4	64	84	0	2
201	36.669218	36.869021	F#4	64	86	0	2
202	36.669218	36.963509	A4	64	90	0	5
203	36.905438	37.090477	E4	64	94	0	5
204	37.141658	37.271579	C#4	64	91	0	2
205	37.141658	37.233193	C#4	64	90	0	2
206	37.377878	37.522563	E4	64	92	0	5
207	37.377878	37.659374	A3	64	89	1	-4
208	37.377878	37.668232	C#4	64	89	0	2
209	37.377878	37.928074	A2	64	88	1	-1
210	37.614098	37.739098	F#4	64	89	0	2
211	37.614098	37.909373	E3	64	86	1	-4
212	37.850318	37.947759	F#4	64	95	0	2
213	37.850318	37.976302	A3	64	93	1	-4
214	37.850318	38.025515	C#4	64	91	0	2
215	38.086538	38.216459	F#4	64	91	0	2
216	38.322758	38.695789	B4	64	94	0	2
217	38.322758	38.681025	B2	64	88	1	-4
218	38.558978	38.831615	F#4	64	83	0	2
219	38.558978	38.862127	B3	64	92	1	-2
220	38.795198	40.210550	A4	64	95	0	5
221	38.795198	39.029450	F#3	64	79	1	-2
222	39.031418	39.217441	F#4	64	83	0	2
223	39.031418	39.239095	B3	64	89	1	-2
224	39.267638	39.620000	F#4	64	82	0	2
225	39.267638	39.628858	C#4	64	82	0	2
226	39.267638	39.874920	F#2	64	90	1	-4
227	39.740078	40.050117	A4	64	89	0	5
228	39.740078	40.094408	F#4	64	85	0	2
229	39.740078	40.127873	C#4	64	83	0	2
230	40.212518	40.352282	C#3	64	74	1	-2
231	40.448738	40.593423	C#4	64	84	0	2
232	40.448738	40.648541	F#4	64	86	0	2
233	40.448738	40.743029	A4	64	90	0	5
234	40.921178	41.012713	C#4	64	90	0	2
235	41.157398	41.438894	A3	64	89	1	-4
236	41.157398	41.447752	C#4	64	89	0	2
237	41.157398	41.707594	A2	64	88	1	-1
238	41.393618	41.688893	E3	64	86	1	-4
239	41.629838	41.755822	A3	64	93	1	-4
240	41.629838	41.805035	C#4	64	91	0	2
241	42.102278	42.460545	B2	64	88	1	-4
242	42.338498	42.611135	F#4	64	83	0	2
243	42.338498	42.641647	B3	64	92	1	-2
244	42.574718	42.808970	F#3	64	79	1	-2
245	42.810938	42.991056	E4	64	94	0	5
246	42.810938	42.996961	F#4	64	83	0	2
247	42.810938	43.018615	B3	64	89	1	-2
248	43.047158	43.434953	B4	64	94	0	2
249	43.047158	43.399520	F#4	64	82	0	2
250	43.047158	43.408378	C#4	64	82	0	2
251	43.047158	43.654440	F#2	64	90	1	-4
252	43.519598	44.803060	A4	64	91	0	5
253	43.519598	43.829637	A4	64	89	0	5
254	43.519598	43.873928	F#4	64	85	0	2
255	43.519598	43.907393	C#4	64	83	0	2
256	43.992038	44.131802	C#3	64	74	1	-2
257	44.228258	44.372943	C#4	64	84	0	2
258	44.228258	44.428061	F#4	64	86	0	2
259	44.228258	44.522549	A4	64	90	0	5
260	44.700698	44.792233	C#4	64	90	0	2
261	44.936918	45.218414	A3	64	89	1	-4
262	44.936918	45.227272	C#4	64	89	0	2
263	44.936918	45.487114	A2	64	88	1	-1
264	45.173138	45.468413	E3	64	86	1	-4
265	45.409358	45.535342	A3	64	93	1	-4
266	45.409358	45.584555	C#4	64	91	0	2
267	45.881798	46.240065	B2	64	88	1	-4
268	46.118018	46.319789	C#5	64	90	0	4
269	46.118018	46.390655	F#4	64	83	0	2
270	46.118018	46.421167	B3	64	92	1	-2
271	46.354238	46.529435	B4	64	97	0	2
272	46.354238	46.588490	F#3	64	79	1	-2
273	46.590458	46.734159	A4	64	90	0	5
274	46.590458	46.776481	F#4	64	83	0	2
275	46.590458	46.798135	B3	64	89	1	-2
276	46.826678	46.987111	B4	64	90	0	2
277	46.826678	47.179040	F#4	64	82	0	2
278	46.826678	47.187898	C#4	64	82	0	2
279	46.826678	47.433960	F#2	64	90	1	-4
280	47.062898	47.201677	F#4	64	91	0	2
281	47.299118	47.746952	F#4	64	91	0	2
282	47.299118	47.609157	A4	64	89	0	5
283	47.299118	47.653448	F#4	64	85	0	2
284	47.299118	47.686913	C#4	64	83	0	2
285	47.771558	47.911322	C#3	64	74	1	-2
286	48.007778	48.129825	F#4	64	96	0	2
287	48.007778	48.152463	C#4	64	84	0	2
288	48.007778	48.207581	F#4	64	86	0	2
289	48.007778	48.302069	A4	64	90	0	5
290	48.243998	48.356203	A4	64	97	0	5
291	48.480218	48.592423	B4	64	90	0	2
292	48.480218	48.571753	C#4	64	90	0	2
293	48.716438	48.830611	C#5	64	101	0	4
294	48.716438	48.997934	A3	64	89	1	-4
295	48.716438	49.006792	C#4	64	89	0	2
296	48.716438	49.266634	A2	64	88	1	-1
297	48.952658	49.075689	E5	64	92	0	2
298	48.952658	49.247933	E3	64	86	1	-4
299	49.188878	49.300098	F#5	64	95	0	4
300	49.188878	49.314862	A3	64	93	1	-4
301	49.188878	49.364075	C#4	64	91	0	2
302	49.425098	49.744979	B4	64	99	0	2
303	49.661318	50.019585	B2	64	88	1	-4
304	49.897538	50.020569	C#5	64	99	0	4
305	49.897538	50.170175	F#4	64	83	0	2
306	49.897538	50.200687	B3	64	92	1	-2
307	50.133758	50.251868	B4	64	94	0	2
308	50.133758	50.368010	F#3	64	79	1	-2
309	50.369978	50.466435	A4	64	101	0	5
310	50.369978	50.556001	F#4	64	83	0	2
311	50.369978	50.577655	B3	64	89	1	-2
312	50.606198	50.740056	B4	64	91	0	2
313	50.606198	50.958560	F#4	64	82	0	2
314	50.606198	50.967418	C#4	64	82	0	2
315	50.606198	51.213480	F#2	64	90	1	-4
316	50.842418	50.977260	F#4	64	92	0	2
317	51.078638	51.525488	F#4	64	91	0	2
318	51.078638	51.388677	A4	64	89	0	5
319	51.078638	51.432968	F#4	64	85	0	2
320	51.078638	51.466433	C#4	64	83	0	2
321	51.551078	51.690842	C#3	64	74	1	-2
322	51.787298	51.931983	C#4	64	84	0	2
323	51.787298	51.987101	F#4	64	86	0	2
324	51.787298	52.081589	A4	64	90	0	5
325	52.023518	52.208557	E4	64	94	0	5
326	52.259738	52.389659	C#4	64	91	0	2
327	52.259738	52.351273	C#4	64	90	0	2
328	52.495958	52.640643	E4	64	92	0	5
329	52.495958	52.777454	A3	64	89	1	-4
330	52.495958	52.786312	C#4	64	89	0	2
331	52.495958	53.046154	A2	64	88	1	-1
332	52.732178	52.857178	F#4	64	89	0	2
333	52.732178	53.027453	E3	64	86	1	-4
334	52.968398	53.522531	F#4	64	92	0	2
335	52.968398	53.094382	A3	64	93	1	-4
336	52.968398	53.143595	C#4	64	91	0	2
337	53.440838	53.799105	B2	64	88	1	-4
338	53.677058	53.878829	C#5	64	90	0	4
339	53.677058	53.949695	F#4	64	83	0	2
340	53.677058	53.980207	B3	64	92	1	-2
341	53.913278	54.088475	B4	64	97	0	2
342	53.913278	54.147530	F#3	64	79	1	-2
343	54.149498	54.293199	A4	64	90	0	5
344	54.149498	54.335521	F#4	64	83	0	2
345	54.149498	54.357175	B3	64	89	1	-2
346	54.385718	54.546151	B4	64	90	0	2
347	54.385718	54.738080	F#4	64	82	0	2
348	54.385718	54.746938	C#4	64	82	0	2
349	54.385718	54.993000	F#2	64	90	1	-4
350	54.621938	54.760717	F#4	64	91	0	2
351	54.858158	55.305992	F#4	64	91	0	2
352	54.858158	55.168197	A4	64	89	0	5
353	54.858158	55.212488	F#4	64	85	0	2
354	54.858158	55.245953	C#4	64	83	0	2
355	55.330598	55.470362	C#3	64	74	1	-2
356	55.566818	55.688865	F#4	64	96	0	2
357	55.566818	55.711503	C#4	64	84	0	2
358	55.566818	55.766621	F#4	64	86	0	2
359	55.566818	55.861109	A4	64	90	0	5
360	55.803038	55.915243	A4	64	97	0	5
361	56.039258	56.151463	B4	64	90	0	2
362	56.039258	56.130793	C#4	64	90	0	2
363	56.275478	56.389651	C#5	64	101	0	4
364	56.275478	56.556974	A3	64	89	1	-4
365	56.275478	56.565832	C#4	64	89	0	2
366	56.275478	56.825674	A2	64	88	1	-1
367	56.511698	56.634729	E5	64	92	0	2
368	56.511698	56.806973	E3	64	86	1	-4
369	56.747918	56.859138	F#5	64	95	0	4
370	56.747918	56.873902	A3	64	93	1	-4
371	56.747918	56.923115	C#4	64	91	0	2
372	56.984138	57.304019	B4	64	99	0	2
373	57.220358	57.578625	B2	64	88	1	-4
374	57.456578	57.579609	C#5	64	99	0	4
375	57.456578	57.729215	F#4	64	83	0	2
376	57.456578	57.759727	B3	64	92	1	-2
377	57.692798	57.810908	B4	64	94	0	2
378	57.692798	57.927050	F#3	64	79	1	-2
379	57.929018	58.025475	A4	64	101	0	5
380	57.929018	58.115041	F#4	64	83	0	2
381	57.929018	58.136695	B3	64	89	1	-2
382	58.165238	58.299096	B4	64	91	0	2
383	58.165238	58.517600	F#4	64	82	0	2
384	58.165238	58.526458	C#4	64	82	0	2
385	58.165238	58.772520	F#2	64	90	1	-4
386	58.401458	58.536300	F#4	64	92	0	2
387	58.637678	59.084528	F#4	64	91	0	2
388	58.637678	58.947717	A4	64	89	0	5
389	58.637678	58.992008	F#4	64	85	0	2
390	58.637678	59.025473	C#4	64	83	0	2
391	59.110118	59.249882	C#3	64	74	1	-2
392	59.346338	59.491023	C#4	64	84	0	2
393	59.346338	59.546141	F#4	64	86	0	2
394	59.346338	59.640629	A4	64	90	0	5
395	59.582558	59.767597	E4	64	94	0	5
396	59.818778	59.948699	C#4	64	91	0	2
397	59.818778	59.910313	C#4	64	90	0	2
398	60.054998	60.199683	E4	64	92	0	5
399	60.054998	60.336494	A3	64	89	1	-4
400	60.054998	60.345352	C#4	64	89	0	2
401	60.054998	60.605194	A2	64	88	1	-1
402	60.291218	60.416218	F#4	64	89	0	2
403	60.291218	60.586493	E3	64	86	1	-4
404	60.527438	60.624879	F#4	64	95	0	2
405	60.527438	60.653422	A3	64	93	1	-4
406	60.527438	60.702635	C#4	64	91	0	2
407	60.763658	60.893579	F#4	64	91	0	2
408	60.999878	61.372909	B4	64	94	0	2
409	60.999878	61.358145	B2	64	88	1	-4
410	61.236098	61.508735	F#4	64	83	0	2
411	61.236098	61.539247	B3	64	92	1	-2
412	61.472318	62.887670	A4	64	95	0	5
413	61.472318	61.706570	F#3	64	79	1	-2
414	61.708538	61.894561	F#4	64	83	0	2
415	61.708538	61.916215	B3	64	89	1	-2
416	61.944758	63.772510	C#2	64	99	1	-4
417	62.180978	62.295151	C#4	64	92	0	2
418	62.180978	62.300072	F4	64	91	0	1
419	62.180978	62.311883	G#4	64	91	0	4
420	62.417198	63.733140	C#4	64	94	0	2
421	62.417198	63.741014	F4	64	96	0	1
422	62.417198	63.763652	G#4	64	95	0	4
423	62.889638	63.253811	C#5	64	116	0	4
424	63.362078	63.740030	E5	64	97	0	2
425	63.834518	64.720343	F#5	64	95	0	4
426	63.834518	64.008730	C#4	64	82	0	2
427	63.834518	64.174084	F#4	64	81	0	2
428	63.834518	64.490029	F#2	64	90	1	-4
429	64.070738	64.198691	C#4	64	72	0	2
430	64.070738	64.400462	C#3	64	64	1	-2
431	64.306958	64.470344	C#4	64	88	0	2
432	64.306958	64.528414	F#4	64	89	0	2
433	64.306958	64.600265	A4	64	86	0	5
434	64.543178	65.024476	C#3	64	84	1	-2
435	64.779398	64.919162	C#5	64	99	0	4
436	64.779398	64.949673	C#4	64	86	0	2
437	65.015618	65.167193	E5	64	92	0	2
438	65.015618	65.210500	C#4	64	86	0	2
439	65.015618	65.358137	A4	64	77	0	5
440	65.015618	65.391602	F#4	64	90	0	2
441	65.251838	65.386680	F#5	64	96	0	4
442	65.488058	65.857152	B4	64	97	0	2
443	65.488058	65.590420	C#4	64	87	0	2
444	65.724278	65.937860	D4	64	77	0	3
445	65.724278	65.942782	A4	64	84	0	5
446	65.724278	65.945734	F#4	64	79	0	2
447	65.724278	66.912268	D3	64	88	1	-1
448	65.960498	66.502820	A4	64	97	0	5
449	65.960498	66.305970	A3	64	78	1	-4
450	66.196718	66.481166	D4	64	86	0	3
451	66.196718	66.487072	F#4	64	89	0	2
452	66.196718	66.530379	A4	64	86	0	5
453	66.432938	66.921126	A3	64	80	1	-4
454	66.669158	66.802032	C#5	64	101	0	4
455	66.669158	66.714434	A4	64	73	0	5
456	66.669158	66.768567	D4	64	85	0	3
457	66.905378	67.054984	E5	64	94	0	2
458	66.905378	67.065811	D4	64	87	0	3
459	66.905378	67.070732	F#4	64	89	0	2
460	66.905378	67.440810	A4	64	87	0	5
461	67.141598	67.281362	F#5	64	101	0	4
462	67.377818	67.734117	B4	64	101	0	2
463	67.377818	67.449668	D4	64	85	0	3
464	67.614038	67.752817	B3	64	73	1	-2
465	67.614038	67.930967	E4	64	82	0	5
466	67.614038	68.920138	E2	64	87	1	-1
467	67.850258	67.978211	A4	64	93	0	5
468	67.850258	68.182935	B2	64	83	1	-4
469	68.086478	68.257738	A4	64	99	0	5
470	68.086478	68.295139	B3	64	86	1	-2
471	68.086478	68.314824	E4	64	90	0	5
472	68.086478	68.377816	G#4	64	84	0	4
473	68.322698	68.481162	E4	64	101	0	5
474	68.322698	68.914232	B2	64	76	1	-4
475	68.558918	68.915217	E5	64	94	0	2
476	68.558918	68.672107	B3	64	84	1	-2
477	68.795138	68.974272	B3	64	89	1	-2
478	68.795138	69.175059	G#4	64	88	0	4
479	68.795138	69.251830	E4	64	90	0	5
480	69.031358	69.206555	B4	64	88	0	2
481	69.267578	69.988049	C#5	64	92	0	4
482	69.267578	69.370924	B3	64	88	1	-2
483	69.503798	69.756750	E4	64	86	0	5
484	69.503798	69.784309	A3	64	85	1	-4
485	69.503798	70.807929	A2	64	85	1	-1
486	69.740018	70.095332	E3	64	73	1	-4
487	69.976238	70.205568	C#4	64	88	0	2
488	69.976238	70.215411	A3	64	86	1	-4
489	69.976238	70.246907	E4	64	89	0	5
490	70.212458	70.763638	E3	64	84	1	-4
491	70.448678	70.796118	C#5	64	104	0	4
492	70.448678	70.548087	A3	64	85	1	-4
493	70.684898	70.973283	A3	64	90	1	-4
494	70.684898	70.975252	E4	64	90	0	5
495	70.684898	70.985094	C#4	64	91	0	2
496	70.921118	71.246905	E5	64	99	0	2
497	70.921118	71.083519	E3	64	81	1	-4
498	71.157338	71.291196	A3	64	86	1	-4
499	71.393558	72.214423	F#5	64	91	0	4
500	71.393558	71.617967	C#4	64	77	0	2
501	71.393558	71.692770	F#4	64	80	0	2
502	71.393558	72.651430	F#2	64	85	1	-4
503	71.629778	71.746904	A3	64	77	1	-4
504	71.629778	72.644540	C#3	64	65	1	-2
505	71.865998	71.985092	A3	64	84	1	-4
506	71.865998	72.037258	C#4	64	83	0	2
507	72.102218	72.215407	A3	64	78	1	-4
508	72.338438	72.521509	A5	64	97	0	2
509	72.338438	72.404383	C#4	64	58	0	2
510	72.574658	72.755760	G#5	64	88	0	1
511	72.574658	72.696705	A3	64	86	1	-4
512	72.574658	72.867965	C#4	64	95	0	2
513	72.574658	72.903398	F#4	64	86	0	2
514	72.810878	72.935878	F#5	64	93	0	4
515	73.047098	73.406349	B4	64	97	0	2
516	73.047098	73.133712	A3	64	85	1	-4
517	73.283318	73.470326	B3	64	84	1	-2
518	73.283318	73.541192	F#4	64	76	0	2
519	73.283318	73.564814	D#4	64	79	0	4
520	73.283318	73.902411	B2	64	85	1	-4
521	73.519538	73.990010	A4	64	92	0	5
522	73.755758	73.895522	B3	64	87	1	-2
523	73.755758	73.948671	F#4	64	85	0	2
524	73.755758	74.051033	D#4	64	85	0	4
525	73.991978	74.099261	C#5	64	104	0	4
526	73.991978	74.329576	B3	64	78	1	-2
527	74.228198	74.382725	A5	64	94	0	2
528	74.228198	74.505757	F#3	64	73	1	-2
529	74.464418	74.634693	G#5	64	91	0	1
530	74.464418	74.592371	B3	64	88	1	-2
531	74.464418	74.698670	D#4	64	88	0	4
532	74.464418	74.844339	B4	64	85	0	2
533	74.464418	74.877803	F#4	64	84	0	2
534	74.700638	74.815795	F#5	64	99	0	4
535	74.936858	75.318747	B4	64	94	0	2
536	74.936858	75.053000	B3	64	85	1	-2
537	75.173078	75.359101	A3	64	84	1	-4
538	75.173078	75.501818	D4	64	80	0	3
539	75.173078	76.770516	D3	64	87	1	-1
540	75.409298	75.643550	A4	64	94	0	5
541	75.409298	75.532329	A3	64	80	1	-4
542	75.645518	75.802014	B4	64	91	0	2
543	75.645518	75.784297	A3	64	86	1	-4
544	75.645518	75.924061	D4	64	86	0	3
545	75.645518	75.994927	F#4	64	84	0	2
546	75.881738	76.047092	C#5	64	92	0	4
547	75.881738	76.035281	A3	64	83	1	-4
548	76.117958	76.352210	B4	64	92	0	2
549	76.117958	76.225241	A3	64	74	1	-4
550	76.354178	76.558902	A4	64	92	0	5
551	76.354178	76.504768	A3	64	90	1	-4
552	76.354178	76.669138	D4	64	95	0	3
553	76.590398	76.723272	F#4	64	90	0	2
554	76.826618	77.715396	A4	64	91	0	5
555	76.826618	76.918153	A3	64	87	1	-4
556	77.062838	77.317759	E4	64	89	0	5
557	77.062838	77.338428	A3	64	76	1	-4
558	77.062838	78.932913	A2	64	85	1	-1
559	77.299058	77.927010	E3	64	82	1	-4
560	77.535278	77.669136	A3	64	85	1	-4
561	77.771498	78.020513	C#4	64	89	0	2
562	77.771498	78.057915	A3	64	80	1	-4
563	77.771498	78.067757	E4	64	89	0	5
564	78.007718	78.371891	C#5	64	116	0	4
565	78.007718	78.353190	E3	64	80	1	-4
566	78.243938	78.509686	A3	64	85	1	-4
567	78.243938	78.520512	A4	64	84	0	5
568	78.243938	78.552008	C#4	64	93	0	2
569	78.243938	78.553977	E4	64	88	0	5
570	78.480158	78.858110	E5	64	97	0	2
571	78.480158	78.942756	E3	64	86	1	-4
572	78.716378	78.779370	C#4	64	64	0	2
573	78.716378	78.909291	A3	64	86	1	-4
574	78.952598	79.838423	F#5	64	95	0	4
575	78.952598	79.126810	C#4	64	82	0	2
576	78.952598	79.292164	F#4	64	81	0	2
577	78.952598	79.608109	F#2	64	90	1	-4
578	79.188818	79.316771	C#4	64	72	0	2
579	79.188818	79.518542	C#3	64	64	1	-2
580	79.425038	79.588424	C#4	64	88	0	2
581	79.425038	79.646494	F#4	64	89	0	2
582	79.425038	79.718345	A4	64	86	0	5
583	79.661258	80.142556	C#3	64	84	1	-2
584	79.897478	80.037242	C#5	64	99	0	4
585	79.897478	80.067753	C#4	64	86	0	2
586	80.133698	80.285273	E5	64	92	0	2
587	80.133698	80.328580	C#4	64	86	0	2
588	80.133698	80.476217	A4	64	77	0	5
589	80.133698	80.509682	F#4	64	90	0	2
590	80.369918	80.504760	F#5	64	96	0	4
591	80.606138	80.975232	B4	64	97	0	2
592	80.606138	80.708500	C#4	64	87	0	2
593	80.842358	81.055940	D4	64	77	0	3
594	80.842358	81.060862	A4	64	84	0	5
595	80.842358	81.063814	F#4	64	79	0	2
596	80.842358	82.030348	D3	64	88	1	-1
597	81.078578	81.620900	A4	64	97	0	5
598	81.078578	81.424050	A3	64	78	1	-4
599	81.314798	81.599246	D4	64	86	0	3
600	81.314798	81.605152	F#4	64	89	0	2
601	81.314798	81.648459	A4	64	86	0	5
602	81.551018	82.039206	A3	64	80	1	-4
603	81.787238	81.920112	C#5	64	101	0	4
604	81.787238	81.832514	A4	64	73	0	5
605	81.787238	81.886647	D4	64	85	0	3
606	82.023458	82.173064	E5	64	94	0	2
607	82.023458	82.183891	D4	64	87	0	3
608	82.023458	82.188812	F#4	64	89	0	2
609	82.023458	82.558890	A4	64	87	0	5
610	82.259678	82.399442	F#5	64	101	0	4
611	82.495898	82.852197	B4	64	101	0	2
612	82.495898	82.567748	D4	64	85	0	3
613	82.732118	82.870897	B3	64	73	1	-2
614	82.732118	83.049047	E4	64	82	0	5
615	82.732118	84.038218	E2	64	87	1	-1
616	82.968338	83.096291	A4	64	93	0	5
617	82.968338	83.301015	B2	64	83	1	-4
618	83.204558	83.375818	A4	64	99	0	5
619	83.204558	83.413219	B3	64	86	1	-2
620	83.204558	83.432904	E4	64	90	0	5
621	83.204558	83.495896	G#4	64	84	0	4
622	83.440778	83.599242	E4	64	101	0	5
623	83.440778	84.032312	B2	64	76	1	-4
624	83.676998	84.033297	E5	64	94	0	2
625	83.676998	83.790187	B3	64	84	1	-2
626	83.913218	84.092352	B3	64	89	1	-2
627	83.913218	84.293139	G#4	64	88	0	4
628	83.913218	84.369910	E4	64	90	0	5
629	84.149438	84.324635	B4	64	88	0	2
630	84.385658	85.106129	C#5	64	92	0	4
631	84.385658	84.489004	B3	64	88	1	-2
632	84.621878	84.874830	E4	64	86	0	5
633	84.621878	84.902389	A3	64	85	1	-4
634	84.621878	85.926009	A2	64	85	1	-1
635	84.858098	85.213412	E3	64	73	1	-4
636	85.094318	85.323648	C#4	64	88	0	2
637	85.094318	85.333491	A3	64	86	1	-4
638	85.094318	85.364987	E4	64	89	0	5
639	85.330538	85.881718	E3	64	84	1	-4
640	85.566758	85.914198	C#5	64	104	0	4
641	85.566758	85.666167	A3	64	85	1	-4
642	85.802978	86.091363	A3	64	90	1	-4
643	85.802978	86.093332	E4	64	90	0	5
644	85.802978	86.103174	C#4	64	91	0	2
645	86.039198	86.364985	E5	64	99	0	2
646	86.039198	86.201599	E3	64	81	1	-4
647	86.275418	86.409276	A3	64	86	1	-4
648	86.511638	87.332503	F#5	64	91	0	4
649	86.511638	86.736047	C#4	64	77	0	2
650	86.511638	86.810850	F#4	64	80	0	2
651	86.511638	87.769510	F#2	64	85	1	-4
652	86.747858	86.864984	A3	64	77	1	-4
653	86.747858	87.762620	C#3	64	65	1	-2
654	86.984078	87.103172	A3	64	84	1	-4
655	86.984078	87.155338	C#4	64	83	0	2
656	87.220298	87.333487	A3	64	78	1	-4
657	87.456518	87.639589	A5	64	97	0	2
658	87.456518	87.522463	C#4	64	58	0	2
659	87.692738	87.873840	G#5	64	88	0	1
660	87.692738	87.814785	A3	64	86	1	-4
661	87.692738	87.986045	C#4	64	95	0	2
662	87.692738	88.021478	F#4	64	86	0	2
663	87.928958	88.053958	F#5	64	93	0	4
664	88.165178	88.524429	B4	64	97	0	2
665	88.165178	88.251792	A3	64	85	1	-4
666	88.401398	88.588406	B3	64	84	1	-2
667	88.401398	88.659272	F#4	64	76	0	2
668	88.401398	88.682894	D#4	64	79	0	4
669	88.401398	89.020491	B2	64	85	1	-4
670	88.637618	89.108090	A4	64	92	0	5
671	88.873838	89.013602	B3	64	87	1	-2
672	88.873838	89.066751	F#4	64	85	0	2
673	88.873838	89.169113	D#4	64	85	0	4
674	89.110058	89.217341	C#5	64	104	0	4
675	89.110058	89.447656	B3	64	78	1	-2
676	89.346278	89.500805	A5	64	94	0	2
677	89.346278	89.623837	F#3	64	73	1	-2
678	89.582498	89.752773	G#5	64	91	0	1
679	89.582498	89.710451	B3	64	88	1	-2
680	89.582498	89.816750	D#4	64	88	0	4
681	89.582498	89.962419	B4	64	85	0	2
682	89.582498	89.995883	F#4	64	84	0	2
683	89.818718	89.933875	F#5	64	99	0	4
684	90.054938	90.436827	B4	64	94	0	2
685	90.054938	90.171080	B3	64	85	1	-2
686	90.291158	90.559858	A3	64	91	1	-4
687	90.291158	90.568717	D4	64	91	0	3
688	90.291158	90.590370	D2	64	101	1	-3
689	90.527378	90.761630	A4	64	94	0	5
690	90.527378	90.668126	F#3	64	90	1	-2
691	90.763598	90.920094	B4	64	91	0	2
692	90.763598	91.045094	A3	64	97	1	-4
693	90.763598	91.058873	D4	64	88	0	3
694	90.763598	91.117928	D2	64	106	1	-3
695	90.999818	91.165172	C#5	64	92	0	4
696	90.999818	91.161235	F#3	64	97	1	-2
697	91.236038	91.470290	B4	64	92	0	2
698	91.236038	91.524423	D4	64	104	0	3
699	91.236038	91.525408	A3	64	99	1	-4
700	91.236038	91.557888	D2	64	101	1	-3
701	91.472258	91.676982	A4	64	92	0	5
702	91.472258	91.729147	F#3	64	96	1	-2
703	91.708478	91.841352	F#4	64	90	0	2
704	91.708478	91.978163	A3	64	99	1	-4
705	91.708478	92.025407	D4	64	99	0	3
706	91.708478	92.077572	D2	64	104	1	-3
707	91.944698	92.342335	B4	64	94	0	2
708	91.944698	92.036233	F#3	64	96	1	-2
709	92.180918	92.271469	F#3	64	89	1	-2
710	92.180918	92.371863	D#2	64	96	1	-2
711	92.180918	92.468319	D#4	64	91	0	4
712	92.180918	92.477177	B3	64	88	1	-2
713	92.417138	92.556902	A4	64	93	0	5
714	92.417138	92.581508	F#3	64	88	1	-2
715	92.653358	92.776389	B4	64	92	0	2
716	92.653358	92.677964	F#3	64	68	1	-2
717	92.653358	92.800011	B3	64	94	1	-2
718	92.653358	92.824618	D#4	64	96	0	4
719	92.653358	92.888594	D#2	64	101	1	-2
720	92.889578	93.039184	C#5	64	91	0	4
721	92.889578	92.997846	F#3	64	94	1	-2
722	93.125798	93.310837	B4	64	95	0	2
723	93.125798	93.252766	B3	64	95	1	-2
724	93.125798	93.281310	D#4	64	99	0	4
725	93.125798	93.433868	D#2	64	101	1	-2
726	93.362018	93.506703	A4	64	92	0	5
727	93.362018	93.484065	F#3	64	99	1	-2
728	93.598238	93.778356	A4	64	85	0	5
729	93.598238	93.734065	B3	64	92	1	-2
730	93.598238	93.758671	D#4	64	104	0	4
731	93.598238	93.777372	D#2	64	94	1	-2
732	93.834458	93.980127	F#4	64	93	0	2
733	93.834458	93.964379	F#3	64	106	1	-2
734	94.070678	94.796070	D5	64	97	0	5
735	94.070678	94.164182	D2	64	97	1	-3
736	94.070678	94.193709	D4	64	97	0	3
737	94.070678	94.200599	A3	64	92	1	-4
738	94.306898	94.433866	F#3	64	97	1	-2
739	94.543118	94.671071	A3	64	99	1	-4
740	94.543118	94.682882	D2	64	94	1	-3
741	94.543118	94.687803	D4	64	106	0	3
742	94.779338	94.876779	F#3	64	93	1	-2
743	95.015558	95.160243	E5	64	93	0	2
744	95.015558	95.129731	G#3	64	92	1	-5
745	95.015558	95.168117	B3	64	92	1	-2
746	95.015558	95.179928	E2	64	94	1	-1
747	95.015558	95.186818	E4	64	90	0	5
748	95.251778	95.431896	C#5	64	92	0	4
749	95.251778	95.367920	E3	64	92	1	-4
750	95.487998	95.722250	B4	64	94	0	2
751	95.487998	95.618903	G#3	64	92	1	-5
752	95.487998	95.677958	E2	64	94	1	-1
753	95.487998	95.677958	E4	64	91	0	5
754	95.487998	95.703549	B3	64	95	1	-2
755	95.724218	95.958470	A4	64	94	0	5
756	95.724218	95.864966	E3	64	97	1	-4
757	95.960438	96.967326	F#4	64	92	0	2
758	95.960438	96.312800	F#4	64	82	0	2
759	95.960438	96.321658	C#4	64	82	0	2
760	95.960438	96.567720	F#2	64	90	1	-4
761	96.432878	96.742917	A4	64	89	0	5
762	96.432878	96.787208	F#4	64	85	0	2
763	96.432878	96.820673	C#4	64	83	0	2
764	96.905318	97.045082	C#3	64	74	1	-2
765	97.141538	97.286223	C#4	64	84	0	2
766	97.141538	97.341341	F#4	64	86	0	2
767	97.141538	97.435829	A4	64	90	0	5
768	97.613978	97.705513	C#4	64	90	0	2
769	97.850198	98.131694	A3	64	89	1	-4
770	97.850198	98.140552	C#4	64	89	0	2
771	97.850198	98.400394	A2	64	88	1	-1
772	98.086418	98.381693	E3	64	86	1	-4
773	98.322638	98.448622	A3	64	93	1	-4
774	98.322638	98.497835	C#4	64	91	0	2
775	98.795078	99.153345	B2	64	88	1	-4
776	99.031298	99.303935	F#4	64	83	0	2
777	99.031298	99.334447	B3	64	92	1	-2
778	99.267518	99.501770	F#3	64	79	1	-2
779	99.503738	99.689761	F#4	64	83	0	2
780	99.503738	99.711415	B3	64	89	1	-2
781	99.739958	100.092320	F#4	64	82	0	2
782	99.739958	100.101178	C#4	64	82	0	2
783	99.739958	100.347240	F#2	64	90	1	-4
784	100.212398	100.522437	A4	64	89	0	5
785	100.212398	100.566728	F#4	64	85	0	2
786	100.212398	100.600193	C#4	64	83	0	2
787	100.684838	100.824602	C#3	64	74	1	-2
788	100.921058	101.065743	C#4	64	84	0	2
789	100.921058	101.120861	F#4	64	86	0	2
790	100.921058	101.215349	A4	64	90	0	5
791	101.393498	101.485033	C#4	64	90	0	2
792	101.629718	101.773419	A3	64	86	1	-4
793	101.629718	101.860033	A2	64	90	1	-1
794	101.629718	101.863970	C#4	64	87	0	2
795	101.629718	101.901371	E4	64	88	0	5
796	101.865938	101.978143	A3	64	86	1	-4
797	102.102158	102.411213	D#4	64	86	0	4
798	102.102158	102.412197	B3	64	86	1	-2
799	102.102158	102.502748	B2	64	85	1	-4
800	102.810818	103.012589	C#5	64	90	0	4
801	103.047038	103.222235	B4	64	97	0	2
802	103.283258	103.426959	A4	64	90	0	5
803	103.519478	103.679911	B4	64	90	0	2
804	103.519478	103.871840	F#4	64	82	0	2
805	103.519478	103.880698	C#4	64	82	0	2
806	103.519478	104.126760	F#2	64	90	1	-4
807	103.755698	103.894477	F#4	64	91	0	2
808	103.991918	104.439752	F#4	64	91	0	2
809	103.991918	104.301957	A4	64	89	0	5
810	103.991918	104.346248	F#4	64	85	0	2
811	103.991918	104.379713	C#4	64	83	0	2
812	104.464358	104.604122	C#3	64	74	1	-2
813	104.700578	104.822625	F#4	64	96	0	2
814	104.700578	104.845263	C#4	64	84	0	2
815	104.700578	104.900381	F#4	64	86	0	2
816	104.700578	104.994869	A4	64	90	0	5
817	104.936798	105.049003	A4	64	97	0	5
818	105.173018	105.285223	B4	64	90	0	2
819	105.173018	105.264553	C#4	64	90	0	2
820	105.409238	105.523411	C#5	64	101	0	4
821	105.409238	105.690734	A3	64	89	1	-4
822	105.409238	105.699592	C#4	64	89	0	2
823	105.409238	105.959434	A2	64	88	1	-1
824	105.645458	105.768489	E5	64	92	0	2
825	105.645458	105.940733	E3	64	86	1	-4
826	105.881678	105.992898	F#5	64	95	0	4
827	105.881678	106.007662	A3	64	93	1	-4
828	105.881678	106.056875	C#4	64	91	0	2
829	106.117898	106.437779	B4	64	99	0	2
830	106.354118	106.712385	B2	64	88	1	-4
831	106.590338	106.713369	C#5	64	99	0	4
832	106.590338	106.862975	F#4	64	83	0	2
833	106.590338	106.893487	B3	64	92	1	-2
834	106.826558	106.944668	B4	64	94	0	2
835	106.826558	107.060810	F#3	64	79	1	-2
836	107.062778	107.159235	A4	64	101	0	5
837	107.062778	107.248801	F#4	64	83	0	2
838	107.062778	107.270455	B3	64	89	1	-2
839	107.298998	107.432856	B4	64	91	0	2
840	107.298998	107.651360	F#4	64	82	0	2
841	107.298998	107.660218	C#4	64	82	0	2
842	107.298998	107.906280	F#2	64	90	1	-4
843	107.535218	107.670060	F#4	64	92	0	2
844	107.771438	108.218288	F#4	64	91	0	2
845	107.771438	108.081477	A4	64	89	0	5
846	107.771438	108.125768	F#4	64	85	0	2
847	107.771438	108.159233	C#4	64	83	0	2
848	108.243878	108.383642	C#3	64	74	1	-2
849	108.480098	108.624783	C#4	64	84	0	2
850	108.480098	108.679901	F#4	64	86	0	2
851	108.480098	108.774389	A4	64	90	0	5
852	108.716318	108.901357	E4	64	94	0	5
853	108.952538	109.082459	C#4	64	91	0	2
854	108.952538	109.044073	C#4	64	90	0	2
855	109.188758	109.333443	E4	64	92	0	5
856	109.188758	109.470254	A3	64	89	1	-4
857	109.188758	109.479112	C#4	64	89	0	2
858	109.188758	109.738954	A2	64	88	1	-1
859	109.424978	109.549978	F#4	64	89	0	2
860	109.424978	109.720253	E3	64	86	1	-4
861	109.661198	110.215331	F#4	64	92	0	2
862	109.661198	109.787182	A3	64	93	1	-4
863	109.661198	109.836395	C#4	64	91	0	2
864	110.133638	110.491905	B2	64	88	1	-4
865	110.369858	110.571629	C#5	64	90	0	4
866	110.369858	110.642495	F#4	64	83	0	2
867	110.369858	110.673007	B3	64	92	1	-2
868	110.606078	110.781275	B4	64	97	0	2
869	110.606078	110.840330	F#3	64	79	1	-2
870	110.842298	110.985999	A4	64	90	0	5
871	110.842298	111.028321	F#4	64	83	0	2
872	110.842298	111.049975	B3	64	89	1	-2
873	111.078518	111.238951	B4	64	90	0	2
874	111.078518	111.430880	F#4	64	82	0	2
875	111.078518	111.439738	C#4	64	82	0	2
876	111.078518	111.685800	F#2	64	90	1	-4
877	111.314738	111.453517	F#4	64	91	0	2
878	111.550958	111.998792	F#4	64	91	0	2
879	111.550958	111.860997	A4	64	89	0	5
880	111.550958	111.905288	F#4	64	85	0	2
881	111.550958	111.938753	C#4	64	83	0	2
882	112.023398	112.163162	C#3	64	74	1	-2
883	112.259618	112.381665	F#4	64	96	0	2
884	112.259618	112.404303	C#4	64	84	0	2
885	112.259618	112.459421	F#4	64	86	0	2
886	112.259618	112.553909	A4	64	90	0	5
887	112.495838	112.608043	A4	64	97	0	5
888	112.732058	112.844263	B4	64	90	0	2
889	112.732058	112.823593	C#4	64	90	0	2
890	112.968278	113.082451	C#5	64	101	0	4
891	112.968278	113.249774	A3	64	89	1	-4
892	112.968278	113.258632	C#4	64	89	0	2
893	112.968278	113.518474	A2	64	88	1	-1
894	113.204498	113.327529	E5	64	92	0	2
895	113.204498	113.499773	E3	64	86	1	-4
896	113.440718	113.551938	F#5	64	95	0	4
897	113.440718	113.566702	A3	64	93	1	-4
898	113.440718	113.615915	C#4	64	91	0	2
899	113.676938	113.996819	B4	64	99	0	2
900	113.913158	114.271425	B2	64	88	1	-4
901	114.149378	114.272409	C#5	64	99	0	4
902	114.149378	114.422015	F#4	64	83	0	2
903	114.149378	114.452527	B3	64	92	1	-2
904	114.385598	114.503708	B4	64	94	0	2
905	114.385598	114.619850	F#3	64	79	1	-2
906	114.621818	114.718275	A4	64	101	0	5
907	114.621818	114.807841	F#4	64	83	0	2
908	114.621818	114.829495	B3	64	89	1	-2
909	114.858038	114.991896	B4	64	91	0	2
910	114.858038	115.210400	F#4	64	82	0	2
911	114.858038	115.219258	C#4	64	82	0	2
912	114.858038	115.465320	F#2	64	90	1	-4
913	115.094258	115.229100	F#4	64	92	0	2
914	115.330478	115.777328	F#4	64	91	0	2
915	115.330478	115.640517	A4	64	89	0	5
916	115.330478	115.684808	F#4	64	85	0	2
917	115.330478	115.718273	C#4	64	83	0	2
918	115.802918	115.942682	C#3	64	74	1	-2
919	116.039138	116.183823	C#4	64	84	0	2
920	116.039138	116.238941	F#4	64	86	0	2
921	116.039138	116.333429	A4	64	90	0	5
922	116.275358	116.460397	E4	64	94	0	5
923	116.511578	116.641499	C#4	64	91	0	2
924	116.511578	116.603113	C#4	64	90	0	2
925	116.747798	116.892483	E4	64	92	0	5
926	116.747798	117.029294	A3	64	89	1	-4
927	116.747798	117.038152	C#4	64	89	0	2
928	116.747798	117.297994	A2	64	88	1	-1
929	116.984018	117.109018	F#4	64	89	0	2
930	116.984018	117.279293	E3	64	86	1	-4
931	117.220238	117.317679	F#4	64	95	0	2
932	117.220238	117.346222	A3	64	93	1	-4
933	117.220238	117.395435	C#4	64	91	0	2
934	117.456458	117.586379	F#4	64	91	0	2
935	117.692678	118.065709	B4	64	94	0	2
936	117.692678	118.050945	B2	64	88	1	-4
937	117.928898	118.201535	F#4	64	83	0	2
938	117.928898	118.232047	B3	64	92	1	-2
939	118.165118	119.580470	A4	64	95	0	5
940	118.165118	118.399370	F#3	64	79	1	-2
941	118.401338	118.587361	F#4	64	83	0	2
942	118.401338	118.609015	B3	64	89	1	-2
943	118.637558	120.465310	C#2	64	99	1	-4
944	118.873778	118.987951	C#4	64	92	0	2
945	118.873778	118.992872	F4	64	91	0	1
946	118.873778	119.004683	G#4	64	91	0	4
947	119.109998	120.425940	C#4	64	94	0	2
948	119.109998	120.433814	F4	64	96	0	1
949	119.109998	120.456452	G#4	64	95	0	4
950	119.582438	119.946611	C#5	64	116	0	4
951	120.054878	120.432830	E5	64	97	0	2
952	120.527318	121.413143	F#5	64	95	0	4
953	120.527318	120.701530	C#4	64	82	0	2
954	120.527318	120.866884	F#4	64	81	0	2
955	120.527318	121.182829	F#2	64	90	1	-4
956	120.763538	120.891491	C#4	64	72	0	2
957	120.763538	121.093262	C#3	64	64	1	-2
958	120.999758	121.163144	C#4	64	88	0	2
959	120.999758	121.221214	F#4	64	89	0	2
960	120.999758	121.293065	A4	64	86	0	5
961	121.235978	121.717276	C#3	64	84	1	-2
962	121.472198	121.611962	C#5	64	99	0	4
963	121.472198	121.642473	C#4	64	86	0	2
964	121.708418	121.859993	E5	64	92	0	2
965	121.708418	121.903300	C#4	64	86	0	2
966	121.708418	122.050937	A4	64	77	0	5
967	121.708418	122.084402	F#4	64	90	0	2
968	121.944638	122.079480	F#5	64	96	0	4
969	122.180858	122.549952	B4	64	97	0	2
970	122.180858	122.283220	C#4	64	87	0	2
971	122.417078	122.630660	D4	64	77	0	3
972	122.417078	122.635582	A4	64	84	0	5
973	122.417078	122.638534	F#4	64	79	0	2
974	122.417078	123.605068	D3	64	88	1	-1
975	122.653298	123.195620	A4	64	97	0	5
976	122.653298	122.998770	A3	64	78	1	-4
977	122.889518	123.173966	D4	64	86	0	3
978	122.889518	123.179872	F#4	64	89	0	2
979	122.889518	123.223179	A4	64	86	0	5
980	123.125738	123.613926	A3	64	80	1	-4
981	123.361958	123.494832	C#5	64	101	0	4
982	123.361958	123.407234	A4	64	73	0	5
983	123.361958	123.461367	D4	64	85	0	3
984	123.598178	123.747784	E5	64	94	0	2
985	123.598178	123.758611	D4	64	87	0	3
986	123.598178	123.763532	F#4	64	89	0	2
987	123.598178	124.133610	A4	64	87	0	5
988	123.834398	123.974162	F#5	64	101	0	4
989	124.070618	124.426917	B4	64	101	0	2
990	124.070618	124.142468	D4	64	85	0	3
991	124.306838	124.445617	B3	64	73	1	-2
992	124.306838	124.623767	E4	64	82	0	5
993	124.306838	125.612938	E2	64	87	1	-1
994	124.543058	124.671011	A4	64	93	0	5
995	124.543058	124.875735	B2	64	83	1	-4
996	124.779278	124.950538	A4	64	99	0	5
997	124.779278	124.987939	B3	64	86	1	-2
998	124.779278	125.007624	E4	64	90	0	5
999	124.779278	125.070616	G#4	64	84	0	4
1000	125.015498	125.173962	E4	64	101	0	5
1001	125.015498	125.607032	B2	64	76	1	-4
1002	125.251718	125.608017	E5	64	94	0	2
1003	125.251718	125.364907	B3	64	84	1	-2
1004	125.487938	125.667072	B3	64	89	1	-2
1005	125.487938	125.867859	G#4	64	88	0	4
1006	125.487938	125.944630	E4	64	90	0	5
1007	125.724158	125.899355	B4	64	88	0	2
1008	125.960378	126.680849	C#5	64	92	0	4
1009	125.960378	126.063724	B3	64	88	1	-2
1010	126.196598	126.449550	E4	64	86	0	5
1011	126.196598	126.477109	A3	64	85	1	-4
1012	126.196598	127.500729	A2	64	85	1	-1
1013	126.432818	126.788132	E3	64	73	1	-4
1014	126.669038	126.898368	C#4	64	88	0	2
1015	126.669038	126.908211	A3	64	86	1	-4
1016	126.669038	126.939707	E4	64	89	0	5
1017	126.905258	127.456438	E3	64	84	1	-4
1018	127.141478	127.488918	C#5	64	104	0	4
1019	127.141478	127.240887	A3	64	85	1	-4
1020	127.377698	127.666083	A3	64	90	1	-4
1021	127.377698	127.668052	E4	64	90	0	5
1022	127.377698	127.677894	C#4	64	91	0	2
1023	127.613918	127.939705	E5	64	99	0	2
1024	127.613918	127.776319	E3	64	81	1	-4
1025	127.850138	127.983996	A3	64	86	1	-4
1026	128.086358	128.907223	F#5	64	91	0	4
1027	128.086358	128.310767	C#4	64	77	0	2
1028	128.086358	128.385570	F#4	64	80	0	2
1029	128.086358	129.344230	F#2	64	85	1	-4
1030	128.322578	128.439704	A3	64	77	1	-4
1031	128.322578	129.337340	C#3	64	65	1	-2
1032	128.558798	128.677892	A3	64	84	1	-4
1033	128.558798	128.730058	C#4	64	83	0	2
1034	128.795018	128.908207	A3	64	78	1	-4
1035	129.031238	129.214309	A5	64	97	0	2
1036	129.031238	129.097183	C#4	64	58	0	2
1037	129.267458	129.448560	G#5	64	88	0	1
1038	129.267458	129.389505	A3	64	86	1	-4
1039	129.267458	129.560765	C#4	64	95	0	2
1040	129.267458	129.596198	F#4	64	86	0	2
1041	129.503678	129.628678	F#5	64	93	0	4
1042	129.739898	130.099149	B4	64	97	0	2
1043	129.739898	129.826512	A3	64	85	1	-4
1044	129.976118	130.163126	B3	64	84	1	-2
1045	129.976118	130.233992	F#4	64	76	0	2
1046	129.976118	130.257614	D#4	64	79	0	4
1047	129.976118	130.595211	B2	64	85	1	-4
1048	130.212338	130.682810	A4	64	92	0	5
1049	130.448558	130.588322	B3	64	87	1	-2
1050	130.448558	130.641471	F#4	64	85	0	2
1051	130.448558	130.743833	D#4	64	85	0	4
1052	130.684778	130.792061	C#5	64	104	0	4
1053	130.684778	131.022376	B3	64	78	1	-2
1054	130.920998	131.075525	A5	64	94	0	2
1055	130.920998	131.198557	F#3	64	73	1	-2
1056	131.157218	131.327493	G#5	64	91	0	1
1057	131.157218	131.285171	B3	64	88	1	-2
1058	131.157218	131.391469	D#4	64	88	0	4
1059	131.157218	131.537139	B4	64	85	0	2
1060	131.157218	131.570603	F#4	64	84	0	2
1061	131.393438	131.508595	F#5	64	99	0	4
1062	131.629658	132.011547	B4	64	94	0	2
1063	131.629658	131.745800	B3	64	85	1	-2
1064	131.865878	132.051901	A3	64	84	1	-4
1065	131.865878	132.194618	D4	64	80	0	3
1066	131.865878	133.463316	D3	64	87	1	-1
1067	132.102098	132.336350	A4	64	94	0	5
1068	132.102098	132.225129	A3	64	80	1	-4
1069	132.338318	132.494814	B4	64	91	0	2
1070	132.338318	132.477097	A3	64	86	1	-4
1071	132.338318	132.616861	D4	64	86	0	3
1072	132.338318	132.687727	F#4	64	84	0	2
1073	132.574538	132.739892	C#5	64	92	0	4
1074	132.574538	132.728081	A3	64	83	1	-4
1075	132.810758	133.045010	B4	64	92	0	2
1076	132.810758	132.918041	A3	64	74	1	-4
1077	133.046978	133.251702	A4	64	92	0	5
1078	133.046978	133.197568	A3	64	90	1	-4
1079	133.046978	133.361938	D4	64	95	0	3
1080	133.283198	133.416072	F#4	64	90	0	2
1081	133.519418	134.408196	A4	64	91	0	5
1082	133.519418	133.610953	A3	64	87	1	-4
1083	133.755638	134.010559	E4	64	89	0	5
1084	133.755638	134.031228	A3	64	76	1	-4
1085	133.755638	135.625713	A2	64	85	1	-1
1086	133.991858	134.619810	E3	64	82	1	-4
1087	134.228078	134.361936	A3	64	85	1	-4
1088	134.464298	134.713313	C#4	64	89	0	2
1089	134.464298	134.750715	A3	64	80	1	-4
1090	134.464298	134.760557	E4	64	89	0	5
1091	134.700518	135.064691	C#5	64	116	0	4
1092	134.700518	135.045990	E3	64	80	1	-4
1093	134.936738	135.202486	A3	64	85	1	-4
1094	134.936738	135.213312	A4	64	84	0	5
1095	134.936738	135.244808	C#4	64	93	0	2
1096	134.936738	135.246777	E4	64	88	0	5
1097	135.172958	135.550910	E5	64	97	0	2
1098	135.172958	135.635556	E3	64	86	1	-4
1099	135.409178	135.472170	C#4	64	64	0	2
1100	135.409178	135.602091	A3	64	86	1	-4
1101	135.645398	136.531223	F#5	64	95	0	4
1102	135.645398	135.819610	C#4	64	82	0	2
1103	135.645398	135.984964	F#4	64	81	0	2
1104	135.645398	136.300909	F#2	64	90	1	-4
1105	135.881618	136.009571	C#4	64	72	0	2
1106	135.881618	136.211342	C#3	64	64	1	-2
1107	136.117838	136.281224	C#4	64	88	0	2
1108	136.117838	136.339294	F#4	64	89	0	2
1109	136.117838	136.411145	A4	64	86	0	5
1110	136.354058	136.835356	C#3	64	84	1	-2
1111	136.590278	136.730042	C#5	64	99	0	4
1112	136.590278	136.760553	C#4	64	86	0	2
1113	136.826498	136.978073	E5	64	92	0	2
1114	136.826498	137.021380	C#4	64	86	0	2
1115	136.826498	137.169017	A4	64	77	0	5
1116	136.826498	137.202482	F#4	64	90	0	2
1117	137.062718	137.197560	F#5	64	96	0	4
1118	137.298938	137.668032	B4	64	97	0	2
1119	137.298938	137.401300	C#4	64	87	0	2
1120	137.535158	137.748740	D4	64	77	0	3
1121	137.535158	137.753662	A4	64	84	0	5
1122	137.535158	137.756614	F#4	64	79	0	2
1123	137.535158	138.723148	D3	64	88	1	-1
1124	137.771378	138.313700	A4	64	97	0	5
1125	137.771378	138.116850	A3	64	78	1	-4
1126	138.007598	138.292046	D4	64	86	0	3
1127	138.007598	138.297952	F#4	64	89	0	2
1128	138.007598	138.341259	A4	64	86	0	5
1129	138.243818	138.732006	A3	64	80	1	-4
1130	138.480038	138.612912	C#5	64	101	0	4
1131	138.480038	138.525314	A4	64	73	0	5
1132	138.480038	138.579447	D4	64	85	0	3
1133	138.716258	138.865864	E5	64	94	0	2
1134	138.716258	138.876691	D4	64	87	0	3
1135	138.716258	138.881612	F#4	64	89	0	2
1136	138.716258	139.251690	A4	64	87	0	5
1137	138.952478	139.092242	F#5	64	101	0	4
1138	139.188698	139.544997	B4	64	101	0	2
1139	139.188698	139.260548	D4	64	85	0	3
1140	139.424918	139.563697	B3	64	73	1	-2
1141	139.424918	139.741847	E4	64	82	0	5
1142	139.424918	140.731018	E2	64	87	1	-1
1143	139.661138	139.789091	A4	64	93	0	5
1144	139.661138	139.993815	B2	64	83	1	-4
1145	139.897358	140.068618	A4	64	99	0	5
1146	139.897358	140.106019	B3	64	86	1	-2
1147	139.897358	140.125704	E4	64	90	0	5
1148	139.897358	140.188696	G#4	64	84	0	4
1149	140.133578	140.292042	E4	64	101	0	5
1150	140.133578	140.725112	B2	64	76	1	-4
1151	140.369798	140.726097	E5	64	94	0	2
1152	140.369798	140.482987	B3	64	84	1	-2
1153	140.606018	140.785152	B3	64	89	1	-2
1154	140.606018	140.985939	G#4	64	88	0	4
1155	140.606018	141.062710	E4	64	90	0	5
1156	140.842238	141.017435	B4	64	88	0	2
1157	141.078458	141.798929	C#5	64	92	0	4
1158	141.078458	141.181804	B3	64	88	1	-2
1159	141.314678	141.567630	E4	64	86	0	5
1160	141.314678	141.595189	A3	64	85	1	-4
1161	141.314678	142.618809	A2	64	85	1	-1
1162	141.550898	141.906212	E3	64	73	1	-4
1163	141.787118	142.016448	C#4	64	88	0	2
1164	141.787118	142.026291	A3	64	86	1	-4
1165	141.787118	142.057787	E4	64	89	0	5
1166	142.023338	142.574518	E3	64	84	1	-4
1167	142.259558	142.606998	C#5	64	104	0	4
1168	142.259558	142.358967	A3	64	85	1	-4
1169	142.495778	142.784163	A3	64	90	1	-4
1170	142.495778	142.786132	E4	64	90	0	5
1171	142.495778	142.795974	C#4	64	91	0	2
1172	142.731998	143.057785	E5	64	99	0	2
1173	142.731998	142.894399	E3	64	81	1	-4
1174	142.968218	143.102076	A3	64	86	1	-4
1175	143.204438	144.025303	F#5	64	91	0	4
1176	143.204438	143.428847	C#4	64	77	0	2
1177	143.204438	143.503650	F#4	64	80	0	2
1178	143.204438	144.462310	F#2	64	85	1	-4
1179	143.440658	143.557784	A3	64	77	1	-4
1180	143.440658	144.455420	C#3	64	65	1	-2
1181	143.676878	143.795972	A3	64	84	1	-4
1182	143.676878	143.848138	C#4	64	83	0	2
1183	143.913098	144.026287	A3	64	78	1	-4
1184	144.149318	144.332389	A5	64	97	0	2
1185	144.149318	144.215263	C#4	64	58	0	2
1186	144.385538	144.566640	G#5	64	88	0	1
1187	144.385538	144.507585	A3	64	86	1	-4
1188	144.385538	144.678845	C#4	64	95	0	2
1189	144.385538	144.714278	F#4	64	86	0	2
1190	144.621758	144.746758	F#5	64	93	0	4
1191	144.857978	145.217229	B4	64	97	0	2
1192	144.857978	144.944592	A3	64	85	1	-4
1193	145.094198	145.281206	B3	64	84	1	-2
1194	145.094198	145.352072	F#4	64	76	0	2
1195	145.094198	145.375694	D#4	64	79	0	4
1196	145.094198	145.713291	B2	64	85	1	-4
1197	145.330418	145.800890	A4	64	92	0	5
1198	145.566638	145.706402	B3	64	87	1	-2
1199	145.566638	145.759551	F#4	64	85	0	2
1200	145.566638	145.861913	D#4	64	85	0	4
1201	145.802858	145.910141	C#5	64	104	0	4
1202	145.802858	146.140456	B3	64	78	1	-2
1203	146.039078	146.193605	A5	64	94	0	2
1204	146.039078	146.316637	F#3	64	73	1	-2
1205	146.275298	146.445573	G#5	64	91	0	1
1206	146.275298	146.403251	B3	64	88	1	-2
1207	146.275298	146.509550	D#4	64	88	0	4
1208	146.275298	146.655219	B4	64	85	0	2
1209	146.275298	146.688683	F#4	64	84	0	2
1210	146.511518	146.626675	F#5	64	99	0	4
1211	146.747738	147.129627	B4	64	94	0	2
1212	146.747738	146.863880	B3	64	85	1	-2
1213	146.983958	147.252658	A3	64	91	1	-4
1214	146.983958	147.261517	D4	64	91	0	3
1215	146.983958	147.283170	D2	64	101	1	-3
1216	147.220178	147.454430	A4	64	94	0	5
1217	147.220178	147.360926	F#3	64	90	1	-2
1218	147.456398	147.612894	B4	64	91	0	2
1219	147.456398	147.737894	A3	64	97	1	-4
1220	147.456398	147.751673	D4	64	88	0	3
1221	147.456398	147.810728	D2	64	106	1	-3
1222	147.692618	147.857972	C#5	64	92	0	4
1223	147.692618	147.854035	F#3	64	97	1	-2
1224	147.928838	148.163090	B4	64	92	0	2
1225	147.928838	148.217223	D4	64	104	0	3
1226	147.928838	148.218208	A3	64	99	1	-4
1227	147.928838	148.250688	D2	64	101	1	-3
1228	148.165058	148.369782	A4	64	92	0	5
1229	148.165058	148.421947	F#3	64	96	1	-2
1230	148.401278	148.534152	F#4	64	90	0	2
1231	148.401278	148.670963	A3	64	99	1	-4
1232	148.401278	148.718207	D4	64	99	0	3
1233	148.401278	148.770372	D2	64	104	1	-3
1234	148.637498	149.035135	B4	64	94	0	2
1235	148.637498	148.729033	F#3	64	96	1	-2
1236	148.873718	148.964269	F#3	64	89	1	-2
1237	148.873718	149.064663	D#2	64	96	1	-2
1238	148.873718	149.161119	D#4	64	91	0	4
1239	148.873718	149.169977	B3	64	88	1	-2
1240	149.109938	149.249702	A4	64	93	0	5
1241	149.109938	149.274308	F#3	64	88	1	-2
1242	149.346158	149.469189	B4	64	92	0	2
1243	149.346158	149.370764	F#3	64	68	1	-2
1244	149.346158	149.492811	B3	64	94	1	-2
1245	149.346158	149.517418	D#4	64	96	0	4
1246	149.346158	149.581394	D#2	64	101	1	-2
1247	149.582378	149.731984	C#5	64	91	0	4
1248	149.582378	149.690646	F#3	64	94	1	-2
1249	149.818598	150.003637	B4	64	95	0	2
1250	149.818598	149.945566	B3	64	95	1	-2
1251	149.818598	149.974110	D#4	64	99	0	4
1252	149.818598	150.126668	D#2	64	101	1	-2
1253	150.054818	150.199503	A4	64	92	0	5
1254	150.054818	150.176865	F#3	64	99	1	-2
1255	150.291038	150.471156	A4	64	85	0	5
1256	150.291038	150.426865	B3	64	92	1	-2
1257	150.291038	150.451471	D#4	64	104	0	4
1258	150.291038	150.470172	D#2	64	94	1	-2
1259	150.527258	150.672927	F#4	64	93	0	2
1260	150.527258	150.657179	F#3	64	106	1	-2
1261	150.763478	151.488870	D5	64	97	0	5
1262	150.763478	150.856982	D2	64	97	1	-3
1263	150.763478	150.886509	D4	64	97	0	3
1264	150.763478	150.893399	A3	64	92	1	-4
1265	150.999698	151.126666	F#3	64	97	1	-2
1266	151.235918	151.363871	A3	64	99	1	-4
1267	151.235918	151.375682	D2	64	94	1	-3
1268	151.235918	151.380603	D4	64	106	0	3
1269	151.472138	151.569579	F#3	64	93	1	-2
1270	151.708358	151.853043	E5	64	93	0	2
1271	151.708358	151.822531	G#3	64	92	1	-5
1272	151.708358	151.860917	B3	64	92	1	-2
1273	151.708358	151.872728	E2	64	94	1	-1
1274	151.708358	151.879618	E4	64	90	0	5
1275	151.944578	152.124696	C#5	64	92	0	4
1276	151.944578	152.060720	E3	64	92	1	-4
1277	152.180798	152.415050	B4	64	94	0	2
1278	152.180798	152.311703	G#3	64	92	1	-5
1279	152.180798	152.370758	E2	64	94	1	-1
1280	152.180798	152.370758	E4	64	91	0	5
1281	152.180798	152.396349	B3	64	95	1	-2
1282	152.417018	152.651270	A4	64	94	0	5
1283	152.417018	152.557766	E3	64	97	1	-4
1284	152.653238	153.660126	F#4	64	92	0	2
1285	152.653238	153.005600	F#4	64	82	0	2
1286	152.653238	153.014458	C#4	64	82	0	2
1287	152.653238	153.260520	F#2	64	90	1	-4
1288	153.125678	153.435717	A4	64	89	0	5
1289	153.125678	153.480008	F#4	64	85	0	2
1290	153.125678	153.513473	C#4	64	83	0	2
1291	153.598118	153.737882	C#3	64	74	1	-2
1292	153.834338	153.979023	C#4	64	84	0	2
1293	153.834338	154.034141	F#4	64	86	0	2
1294	153.834338	154.128629	A4	64	90	0	5
1295	154.306778	154.398313	C#4	64	90	0	2
1296	154.542998	154.824494	A3	64	89	1	-4
1297	154.542998	154.833352	C#4	64	89	0	2
1298	154.542998	155.093194	A2	64	88	1	-1
1299	154.779218	155.074493	E3	64	86	1	-4
1300	155.015438	155.141422	A3	64	93	1	-4
1301	155.015438	155.190635	C#4	64	91	0	2
1302	155.487878	155.846145	B2	64	88	1	-4
1303	155.724098	155.996735	F#4	64	83	0	2
1304	155.724098	156.027247	B3	64	92	1	-2
1305	155.960318	156.194570	F#3	64	79	1	-2
1306	156.196538	156.382561	F#4	64	83	0	2
1307	156.196538	156.404215	B3	64	89	1	-2
1308	156.432758	156.785120	F#4	64	82	0	2
1309	156.432758	156.793978	C#4	64	82	0	2
1310	156.432758	157.040040	F#2	64	90	1	-4
1311	156.905198	157.215237	A4	64	89	0	5
1312	156.905198	157.259528	F#4	64	85	0	2
1313	156.905198	157.292993	C#4	64	83	0	2
1314	157.377638	157.517402	C#3	64	74	1	-2
1315	157.613858	157.758543	C#4	64	84	0	2
1316	157.613858	157.813661	F#4	64	86	0	2
1317	157.613858	157.908149	A4	64	90	0	5
1318	158.086298	158.177833	C#4	64	90	0	2
1319	158.322518	158.466219	A3	64	86	1	-4
1320	158.322518	158.552833	A2	64	90	1	-1
1321	158.322518	158.556770	C#4	64	87	0	2
1322	158.322518	158.594171	E4	64	88	0	5
1323	158.558738	158.670943	A3	64	86	1	-4
1324	158.794958	159.104013	D#4	64	86	0	4
1325	158.794958	159.104997	B3	64	86	1	-2
1326	158.794958	159.195548	B2	64	85	1	-4
1327	159.267398	160.133538	E3	64	90	1	-4
1328	159.503618	159.830389	G#4	64	88	0	4
1329	159.503618	160.077436	B3	64	94	1	-2
1330	159.976058	160.152239	E4	64	95	0	5
1331	160.212278	160.564640	F#4	64	82	0	2
1332	160.212278	160.573498	C#4	64	82	0	2
1333	160.212278	160.819560	F#2	64	90	1	-4
1334	160.684718	160.994757	A4	64	89	0	5
1335	160.684718	161.039048	F#4	64	85	0	2
1336	160.684718	161.072513	C#4	64	83	0	2
1337	161.157158	161.296922	C#3	64	74	1	-2
1338	161.393378	161.538063	C#4	64	84	0	2
1339	161.393378	161.593181	F#4	64	86	0	2
1340	161.393378	161.687669	A4	64	90	0	5
1341	161.865818	161.957353	C#4	64	90	0	2
1342	162.102038	162.383534	A3	64	89	1	-4
1343	162.102038	162.392392	C#4	64	89	0	2
1344	162.102038	162.652234	A2	64	88	1	-1
1345	162.338258	162.633533	E3	64	86	1	-4
1346	162.574478	162.700462	A3	64	93	1	-4
1347	162.574478	162.749675	C#4	64	91	0	2
1348	163.046918	163.405185	B2	64	88	1	-4
1349	163.283138	163.555775	F#4	64	83	0	2
1350	163.283138	163.586287	B3	64	92	1	-2
1351	163.519358	163.753610	F#3	64	79	1	-2
1352	163.755578	163.941601	F#4	64	83	0	2
1353	163.755578	163.963255	B3	64	89	1	-2
1354	163.991798	164.344160	F#4	64	82	0	2
1355	163.991798	164.353018	C#4	64	82	0	2
1356	163.991798	164.599080	F#2	64	90	1	-4
1357	164.464238	164.774277	A4	64	89	0	5
1358	164.464238	164.818568	F#4	64	85	0	2
1359	164.464238	164.852033	C#4	64	83	0	2
1360	164.936678	165.076442	C#3	64	74	1	-2
1361	165.172898	165.317583	C#4	64	84	0	2
1362	165.172898	165.372701	F#4	64	86	0	2
1363	165.172898	165.467189	A4	64	90	0	5
1364	165.645338	165.736873	C#4	64	90	0	2
1365	165.881558	166.163054	A3	64	89	1	-4
1366	165.881558	166.171912	C#4	64	89	0	2
1367	165.881558	166.431754	A2	64	88	1	-1
1368	166.117778	166.413053	E3	64	86	1	-4
1369	166.353998	166.479982	A3	64	93	1	-4
1370	166.353998	166.529195	C#4	64	91	0	2
1371	166.826438	167.190611	C#5	64	116	0	4
1372	166.826438	167.184705	B2	64	88	1	-4
1373	167.062658	167.335295	F#4	64	83	0	2
1374	167.062658	167.365807	B3	64	92	1	-2
1375	167.298878	167.676830	E5	64	97	0	2
1376	167.298878	167.533130	F#3	64	79	1	-2
1377	167.535098	167.721121	F#4	64	83	0	2
1378	167.535098	167.742775	B3	64	89	1	-2
1379	167.771318	168.657143	F#5	64	95	0	4
1380	167.771318	167.945530	C#4	64	82	0	2
1381	167.771318	168.110884	F#4	64	81	0	2
1382	167.771318	168.426829	F#2	64	90	1	-4
1383	168.007538	168.135491	C#4	64	72	0	2
1384	168.007538	168.337262	C#3	64	64	1	-2
1385	168.243758	168.407144	C#4	64	88	0	2
1386	168.243758	168.465214	F#4	64	89	0	2
1387	168.243758	168.537065	A4	64	86	0	5
1388	168.479978	168.961276	C#3	64	84	1	-2
1389	168.716198	168.855962	C#5	64	99	0	4
1390	168.716198	168.886473	C#4	64	86	0	2
1391	168.952418	169.103993	E5	64	92	0	2
1392	168.952418	169.147300	C#4	64	86	0	2
1393	168.952418	169.294937	A4	64	77	0	5
1394	168.952418	169.328402	F#4	64	90	0	2
1395	169.188638	169.323480	F#5	64	96	0	4
1396	169.424858	169.793952	B4	64	97	0	2
1397	169.424858	169.527220	C#4	64	87	0	2
1398	169.661078	169.874660	D4	64	77	0	3
1399	169.661078	169.879582	A4	64	84	0	5
1400	169.661078	169.882534	F#4	64	79	0	2
1401	169.661078	170.849068	D3	64	88	1	-1
1402	169.897298	170.439620	A4	64	97	0	5
1403	169.897298	170.242770	A3	64	78	1	-4
1404	170.133518	170.417966	D4	64	86	0	3
1405	170.133518	170.423872	F#4	64	89	0	2
1406	170.133518	170.467179	A4	64	86	0	5
1407	170.369738	170.857926	A3	64	80	1	-4
1408	170.605958	170.738832	C#5	64	101	0	4
1409	170.605958	170.651234	A4	64	73	0	5
1410	170.605958	170.705367	D4	64	85	0	3
1411	170.842178	170.991784	E5	64	94	0	2
1412	170.842178	171.002611	D4	64	87	0	3
1413	170.842178	171.007532	F#4	64	89	0	2
1414	170.842178	171.377610	A4	64	87	0	5
1415	171.078398	171.218162	F#5	64	101	0	4
1416	171.314618	171.670917	B4	64	101	0	2
1417	171.314618	171.386468	D4	64	85	0	3
1418	171.550838	171.689617	B3	64	73	1	-2
1419	171.550838	171.867767	E4	64	82	0	5
1420	171.550838	172.856938	E2	64	87	1	-1
1421	171.787058	171.915011	A4	64	93	0	5
1422	171.787058	172.119735	B2	64	83	1	-4
1423	172.023278	172.194538	A4	64	99	0	5
1424	172.023278	172.231939	B3	64	86	1	-2
1425	172.023278	172.251624	E4	64	90	0	5
1426	172.023278	172.314616	G#4	64	84	0	4
1427	172.259498	172.417962	E4	64	101	0	5
1428	172.259498	172.851032	B2	64	76	1	-4
1429	172.495718	172.852017	E5	64	94	0	2
1430	172.495718	172.608907	B3	64	84	1	-2
1431	172.731938	172.911072	B3	64	89	1	-2
1432	172.731938	173.111859	G#4	64	88	0	4
1433	172.731938	173.188630	E4	64	90	0	5
1434	172.968158	173.143355	B4	64	88	0	2
1435	173.204378	173.924849	C#5	64	92	0	4
1436	173.204378	173.307724	B3	64	88	1	-2
1437	173.440598	173.693550	E4	64	86	0	5
1438	173.440598	173.721109	A3	64	85	1	-4
1439	173.440598	174.744729	A2	64	85	1	-1
1440	173.676818	174.032132	E3	64	73	1	-4
1441	173.913038	174.142368	C#4	64	88	0	2
1442	173.913038	174.152211	A3	64	86	1	-4
1443	173.913038	174.183707	E4	64	89	0	5
1444	174.149258	174.700438	E3	64	84	1	-4
1445	174.385478	174.732918	C#5	64	104	0	4
1446	174.385478	174.484887	A3	64	85	1	-4
1447	174.621698	174.910083	A3	64	90	1	-4
1448	174.621698	174.912052	E4	64	90	0	5
1449	174.621698	174.921894	C#4	64	91	0	2
1450	174.857918	175.183705	E5	64	99	0	2
1451	174.857918	175.020319	E3	64	81	1	-4
1452	175.094138	175.227996	A3	64	86	1	-4
1453	175.330358	176.151223	F#5	64	91	0	4
1454	175.330358	175.554767	C#4	64	77	0	2
1455	175.330358	175.629570	F#4	64	80	0	2
1456	175.330358	176.588230	F#2	64	85	1	-4
1457	175.566578	175.683704	A3	64	77	1	-4
1458	175.566578	176.581340	C#3	64	65	1	-2
1459	175.802798	175.921892	A3	64	84	1	-4
1460	175.802798	175.974058	C#4	64	83	0	2
1461	176.039018	176.152207	A3	64	78	1	-4
1462	176.275238	176.458309	A5	64	97	0	2
1463	176.275238	176.341183	C#4	64	58	0	2
1464	176.511458	176.692560	G#5	64	88	0	1
1465	176.511458	176.633505	A3	64	86	1	-4
1466	176.511458	176.804765	C#4	64	95	0	2
1467	176.511458	176.840198	F#4	64	86	0	2
1468	176.747678	176.872678	F#5	64	93	0	4
1469	176.983898	177.343149	B4	64	97	0	2
1470	176.983898	177.070512	A3	64	85	1	-4
1471	177.220118	177.407126	B3	64	84	1	-2
1472	177.220118	177.477992	F#4	64	76	0	2
1473	177.220118	177.501614	D#4	64	79	0	4
1474	177.220118	177.839211	B2	64	85	1	-4
1475	177.456338	177.926810	A4	64	92	0	5
1476	177.692558	177.832322	B3	64	87	1	-2
1477	177.692558	177.885471	F#4	64	85	0	2
1478	177.692558	177.987833	D#4	64	85	0	4
1479	177.928778	178.036061	C#5	64	104	0	4
1480	177.928778	178.266376	B3	64	78	1	-2
1481	178.164998	178.319525	A5	64	94	0	2
1482	178.164998	178.442557	F#3	64	73	1	-2
1483	178.401218	178.571493	G#5	64	91	0	1
1484	178.401218	178.529171	B3	64	88	1	-2
1485	178.401218	178.635470	D#4	64	88	0	4
1486	178.401218	178.781139	B4	64	85	0	2
1487	178.401218	178.814603	F#4	64	84	0	2
1488	178.637438	178.752595	F#5	64	99	0	4
1489	178.873658	179.255547	B4	64	94	0	2
1490	178.873658	178.989800	B3	64	85	1	-2
1491	179.109878	179.295901	A3	64	84	1	-4
1492	179.109878	179.438618	D4	64	80	0	3
1493	179.109878	180.707316	D3	64	87	1	-1
1494	179.346098	179.580350	A4	64	94	0	5
1495	179.346098	179.469129	A3	64	80	1	-4
1496	179.582318	179.738814	B4	64	91	0	2
1497	179.582318	179.721097	A3	64	86	1	-4
1498	179.582318	179.860861	D4	64	86	0	3
1499	179.582318	179.931727	F#4	64	84	0	2
1500	179.818538	179.983892	C#5	64	92	0	4
1501	179.818538	179.972081	A3	64	83	1	-4
1502	180.054758	180.289010	B4	64	92	0	2
1503	180.054758	180.162041	A3	64	74	1	-4
1504	180.290978	180.495702	A4	64	92	0	5
1505	180.290978	180.441568	A3	64	90	1	-4
1506	180.290978	180.605938	D4	64	95	0	3
1507	180.527198	180.660072	F#4	64	90	0	2
1508	180.763418	181.652196	A4	64	91	0	5
1509	180.763418	180.854953	A3	64	87	1	-4
1510	180.999638	181.254559	E4	64	89	0	5
1511	180.999638	181.275228	A3	64	76	1	-4
1512	180.999638	182.869713	A2	64	85	1	-1
1513	181.235858	181.863810	E3	64	82	1	-4
1514	181.472078	181.605936	A3	64	85	1	-4
1515	181.708298	181.957313	C#4	64	89	0	2
1516	181.708298	181.994715	A3	64	80	1	-4
1517	181.708298	182.004557	E4	64	89	0	5
1518	181.944518	182.308691	C#5	64	116	0	4
1519	181.944518	182.289990	E3	64	80	1	-4
1520	182.180738	182.446486	A3	64	85	1	-4
1521	182.180738	182.457312	A4	64	84	0	5
1522	182.180738	182.488808	C#4	64	93	0	2
1523	182.180738	182.490777	E4	64	88	0	5
1524	182.416958	182.794910	E5	64	97	0	2
1525	182.416958	182.879556	E3	64	86	1	-4
1526	182.653178	182.716170	C#4	64	64	0	2
1527	182.653178	182.846091	A3	64	86	1	-4
1528	182.889398	183.775223	F#5	64	95	0	4
1529	182.889398	183.063610	C#4	64	82	0	2
1530	182.889398	183.228964	F#4	64	81	0	2
1531	182.889398	183.544909	F#2	64	90	1	-4
1532	183.125618	183.253571	C#4	64	72	0	2
1533	183.125618	183.455342	C#3	64	64	1	-2
1534	183.361838	183.525224	C#4	64	88	0	2
1535	183.361838	183.583294	F#4	64	89	0	2
1536	183.361838	183.655145	A4	64	86	0	5
1537	183.598058	184.079356	C#3	64	84	1	-2
1538	183.834278	183.974042	C#5	64	99	0	4
1539	183.834278	184.004553	C#4	64	86	0	2
1540	184.070498	184.222073	E5	64	92	0	2
1541	184.070498	184.265380	C#4	64	86	0	2
1542	184.070498	184.413017	A4	64	77	0	5
1543	184.070498	184.446482	F#4	64	90	0	2
1544	184.306718	184.441560	F#5	64	96	0	4
1545	184.542938	184.912032	B4	64	97	0	2
1546	184.542938	184.645300	C#4	64	87	0	2
1547	184.779158	184.992740	D4	64	77	0	3
1548	184.779158	184.997662	A4	64	84	0	5
1549	184.779158	185.000614	F#4	64	79	0	2
1550	184.779158	185.967148	D3	64	88	1	-1
1551	185.015378	185.557700	A4	64	97	0	5
1552	185.015378	185.360850	A3	64	78	1	-4
1553	185.251598	185.536046	D4	64	86	0	3
1554	185.251598	185.541952	F#4	64	89	0	2
1555	185.251598	185.585259	A4	64	86	0	5
1556	185.487818	185.976006	A3	64	80	1	-4
1557	185.724038	185.856912	C#5	64	101	0	4
1558	185.724038	185.769314	A4	64	73	0	5
1559	185.724038	185.823447	D4	64	85	0	3
1560	185.960258	186.109864	E5	64	94	0	2
1561	185.960258	186.120691	D4	64	87	0	3
1562	185.960258	186.125612	F#4	64	89	0	2
1563	185.960258	186.495690	A4	64	87	0	5
1564	186.196478	186.336242	F#5	64	101	0	4
1565	186.432698	186.788997	B4	64	101	0	2
1566	186.432698	186.504548	D4	64	85	0	3
1567	186.668918	186.807697	B3	64	73	1	-2
1568	186.668918	186.985847	E4	64	82	0	5
1569	186.668918	187.975018	E2	64	87	1	-1
1570	186.905138	187.033091	A4	64	93	0	5
1571	186.905138	187.237815	B2	64	83	1	-4
1572	187.141358	187.312618	A4	64	99	0	5
1573	187.141358	187.350019	B3	64	86	1	-2
1574	187.141358	187.369704	E4	64	90	0	5
1575	187.141358	187.432696	G#4	64	84	0	4
1576	187.377578	187.536042	E4	64	101	0	5
1577	187.377578	187.969112	B2	64	76	1	-4
1578	187.613798	187.970097	E5	64	94	0	2
1579	187.613798	187.726987	B3	64	84	1	-2
1580	187.850018	188.029152	B3	64	89	1	-2
1581	187.850018	188.229939	G#4	64	88	0	4
1582	187.850018	188.306710	E4	64	90	0	5
1583	188.086238	188.261435	B4	64	88	0	2
1584	188.322458	189.042929	C#5	64	92	0	4
1585	188.322458	188.425804	B3	64	88	1	-2
1586	188.558678	188.811630	E4	64	86	0	5
1587	188.558678	188.839189	A3	64	85	1	-4
1588	188.558678	189.862809	A2	64	85	1	-1
1589	188.794898	189.150212	E3	64	73	1	-4
1590	189.031118	189.260448	C#4	64	88	0	2
1591	189.031118	189.270291	A3	64	86	1	-4
1592	189.031118	189.301787	E4	64	89	0	5
1593	189.267338	189.818518	E3	64	84	1	-4
1594	189.503558	189.850998	C#5	64	104	0	4
1595	189.503558	189.602967	A3	64	85	1	-4
1596	189.739778	190.028163	A3	64	90	1	-4
1597	189.739778	190.030132	E4	64	90	0	5
1598	189.739778	190.039974	C#4	64	91	0	2
1599	189.975998	190.301785	E5	64	99	0	2
1600	189.975998	190.138399	E3	64	81	1	-4
1601	190.212218	190.346076	A3	64	86	1	-4
1602	190.448438	191.269303	F#5	64	91	0	4
1603	190.448438	190.672847	C#4	64	77	0	2
1604	190.448438	190.747650	F#4	64	80	0	2
1605	190.448438	191.706310	F#2	64	85	1	-4
1606	190.684658	190.801784	A3	64	77	1	-4
1607	190.684658	191.699420	C#3	64	65	1	-2
1608	190.920878	191.039972	A3	64	84	1	-4
1609	190.920878	191.092138	C#4	64	83	0	2
1610	191.157098	191.270287	A3	64	78	1	-4
1611	191.393318	191.576389	A5	64	97	0	2
1612	191.393318	191.459263	C#4	64	58	0	2
1613	191.629538	191.810640	G#5	64	88	0	1
1614	191.629538	191.751585	A3	64	86	1	-4
1615	191.629538	191.922845	C#4	64	95	0	2
1616	191.629538	191.958278	F#4	64	86	0	2
1617	191.865758	191.990758	F#5	64	93	0	4
1618	192.101978	192.461229	B4	64	97	0	2
1619	192.101978	192.188592	A3	64	85	1	-4
1620	192.338198	192.525206	B3	64	84	1	-2
1621	192.338198	192.596072	F#4	64	76	0	2
1622	192.338198	192.619694	D#4	64	79	0	4
1623	192.338198	192.957291	B2	64	85	1	-4
1624	192.574418	193.044890	A4	64	92	0	5
1625	192.810638	192.950402	B3	64	87	1	-2
1626	192.810638	193.003551	F#4	64	85	0	2
1627	192.810638	193.105913	D#4	64	85	0	4
1628	193.046858	193.154141	C#5	64	104	0	4
1629	193.046858	193.384456	B3	64	78	1	-2
1630	193.283078	193.437605	A5	64	94	0	2
1631	193.283078	193.560637	F#3	64	73	1	-2
1632	193.519298	193.689573	G#5	64	91	0	1
1633	193.519298	193.647251	B3	64	88	1	-2
1634	193.519298	193.753550	D#4	64	88	0	4
1635	193.519298	193.899219	B4	64	85	0	2
1636	193.519298	193.932683	F#4	64	84	0	2
1637	193.755518	193.870675	F#5	64	99	0	4
1638	193.991738	194.373627	B4	64	94	0	2
1639	193.991738	194.107880	B3	64	85	1	-2
1640	194.227958	194.496658	A3	64	91	1	-4
1641	194.227958	194.505517	D4	64	91	0	3
1642	194.227958	194.527170	D2	64	101	1	-3
1643	194.464178	194.698430	A4	64	94	0	5
1644	194.464178	194.604926	F#3	64	90	1	-2
1645	194.700398	194.856894	B4	64	91	0	2
1646	194.700398	194.981894	A3	64	97	1	-4
1647	194.700398	194.995673	D4	64	88	0	3
1648	194.700398	195.054728	D2	64	106	1	-3
1649	194.936618	195.101972	C#5	64	92	0	4
1650	194.936618	195.098035	F#3	64	97	1	-2
1651	195.172838	195.407090	B4	64	92	0	2
1652	195.172838	195.461223	D4	64	104	0	3
1653	195.172838	195.462208	A3	64	99	1	-4
1654	195.172838	195.494688	D2	64	101	1	-3
1655	195.409058	195.613782	A4	64	92	0	5
1656	195.409058	195.665947	F#3	64	96	1	-2
1657	195.645278	195.778152	F#4	64	90	0	2
1658	195.645278	195.914963	A3	64	99	1	-4
1659	195.645278	195.962207	D4	64	99	0	3
1660	195.645278	196.014372	D2	64	104	1	-3
1661	195.881498	196.279135	B4	64	94	0	2
1662	195.881498	195.973033	F#3	64	96	1	-2
1663	196.117718	196.208269	F#3	64	89	1	-2
1664	196.117718	196.308663	D#2	64	96	1	-2
1665	196.117718	196.405119	D#4	64	91	0	4
1666	196.117718	196.413977	B3	64	88	1	-2
1667	196.353938	196.493702	A4	64	93	0	5
1668	196.353938	196.518308	F#3	64	88	1	-2
1669	196.590158	196.713189	B4	64	92	0	2
1670	196.590158	196.614764	F#3	64	68	1	-2
1671	196.590158	196.736811	B3	64	94	1	-2
1672	196.590158	196.761418	D#4	64	96	0	4
1673	196.590158	196.825394	D#2	64	101	1	-2
1674	196.826378	196.975984	C#5	64	91	0	4
1675	196.826378	196.934646	F#3	64	94	1	-2
1676	197.062598	197.247637	B4	64	95	0	2
1677	197.062598	197.189566	B3	64	95	1	-2
1678	197.062598	197.218110	D#4	64	99	0	4
1679	197.062598	197.370668	D#2	64	101	1	-2
1680	197.298818	197.443503	A4	64	92	0	5
1681	197.298818	197.420865	F#3	64	99	1	-2
1682	197.535038	197.715156	A4	64	85	0	5
1683	197.535038	197.670865	B3	64	92	1	-2
1684	197.535038	197.695471	D#4	64	104	0	4
1685	197.535038	197.714172	D#2	64	94	1	-2
1686	197.771258	197.916927	F#4	64	93	0	2
1687	197.771258	197.901179	F#3	64	106	1	-2
1688	198.007478	198.732870	D5	64	97	0	5
1689	198.007478	198.100982	D2	64	97	1	-3
1690	198.007478	198.130509	D4	64	97	0	3
1691	198.007478	198.137399	A3	64	92	1	-4
1692	198.243698	198.370666	F#3	64	97	1	-2
1693	198.479918	198.607871	A3	64	99	1	-4
1694	198.479918	198.619682	D2	64	94	1	-3
1695	198.479918	198.624603	D4	64	106	0	3
1696	198.716138	198.813579	F#3	64	93	1	-2
1697	198.952358	199.097043	E5	64	93	0	2
1698	198.952358	199.066531	G#3	64	92	1	-5
1699	198.952358	199.104917	B3	64	92	1	-2
1700	198.952358	199.116728	E2	64	94	1	-1
1701	198.952358	199.123618	E4	64	90	0	5
1702	199.188578	199.368696	C#5	64	92	0	4
1703	199.188578	199.304720	E3	64	92	1	-4
1704	199.424798	199.659050	B4	64	94	0	2
1705	199.424798	199.555703	G#3	64	92	1	-5
1706	199.424798	199.614758	E2	64	94	1	-1
1707	199.424798	199.614758	E4	64	91	0	5
1708	199.424798	199.640349	B3	64	95	1	-2
1709	199.661018	199.895270	A4	64	94	0	5
1710	199.661018	199.801766	E3	64	97	1	-4
1711	199.897238	200.904126	F#4	64	92	0	2
1712	199.897238	200.277159	F#2	64	92	1	-4
1713	199.897238	200.292907	F#3	64	88	1	-2
1714	199.897238	200.304718	C#4	64	90	0	2
1715	200.369678	200.896252	F#4	64	85	0	2
1716	200.369678	201.014362	F#3	64	90	1	-2
1717	200.369678	201.040937	C#4	64	91	0	2
1718	200.369678	201.655109	F#2	64	95	1	-4
1719	201.314558	201.433652	F#3	64	93	1	-2
1720	201.314558	201.654124	C#4	64	92	0	2
1721	201.314558	201.666920	F#4	64	90	0	2
1722	201.550778	201.679715	F#3	64	91	1	-2
1723	201.786998	202.099005	F#3	64	92	1	-2
1724	201.786998	202.132470	F#4	64	83	0	2
1725	201.786998	202.312588	C#4	64	91	0	2
1726	201.786998	202.463178	F#2	64	94	1	-4
1727	202.259438	202.403139	F#3	64	82	1	-2
1728	202.495658	202.728925	F#3	64	93	1	-2
1729	202.495658	203.026169	B3	64	93	1	-2
1730	202.495658	203.367704	B2	64	104	1	-4
1731	202.968098	203.090145	F#3	64	90	1	-2
1732	203.204318	203.326365	F#3	64	96	1	-2
1733	203.204318	203.375578	B3	64	99	1	-2
1734	203.440538	203.579317	A3	64	97	1	-4
1735	203.676758	203.974002	F#3	64	92	1	-2
1736	203.676758	203.988765	F#2	64	92	1	-4
1737	204.149198	204.907071	F#4	64	85	0	2
1738	204.149198	204.934630	C#4	64	90	0	2
1739	204.149198	204.996637	F#3	64	90	1	-2
1740	204.149198	205.462188	F#2	64	92	1	-4
1741	205.094078	205.346046	A3	64	88	1	-4
1742	205.094078	205.429707	C#4	64	92	0	2
1743	205.094078	205.449392	F#4	64	88	0	2
1744	205.330298	205.403133	F#3	64	76	1	-2
1745	205.566518	205.909037	F#3	64	87	1	-2
1746	205.566518	205.967108	A3	64	86	1	-4
1747	205.566518	206.134430	C#4	64	91	0	2
1748	205.566518	206.206281	F#2	64	93	1	-4
1749	206.038958	206.139352	F#3	64	96	1	-2
1750	206.275178	206.536004	F#3	64	96	1	-2
1751	206.275178	206.851949	B3	64	96	1	-2
1752	206.275178	207.343089	B2	64	92	1	-4
1753	206.747618	206.887382	F#3	64	88	1	-2
1754	206.983838	207.106869	F#3	64	92	1	-2
1755	206.983838	207.423798	B3	64	93	1	-2
1756	206.983838	207.451357	F#4	64	90	0	2
1757	207.220058	207.407066	F#3	64	92	1	-2
1758	207.456278	207.836199	F#2	64	92	1	-4
1759	207.456278	207.851947	F#3	64	88	1	-2
1760	207.456278	207.863758	C#4	64	90	0	2
1761	207.928718	208.455292	F#4	64	85	0	2
1762	207.928718	208.573402	F#3	64	90	1	-2
1763	207.928718	208.599977	C#4	64	91	0	2
1764	207.928718	209.214149	F#2	64	95	1	-4
1765	208.873598	208.992692	F#3	64	93	1	-2
1766	208.873598	209.213164	C#4	64	92	0	2
1767	208.873598	209.225960	F#4	64	90	0	2
1768	209.109818	209.238755	F#3	64	91	1	-2
1769	209.346038	209.658045	F#3	64	92	1	-2
1770	209.346038	209.691510	F#4	64	83	0	2
1771	209.346038	209.871628	C#4	64	91	0	2
1772	209.346038	210.022218	F#2	64	94	1	-4
1773	209.818478	209.962179	F#3	64	82	1	-2
1774	210.054698	210.287965	F#3	64	93	1	-2
1775	210.054698	210.585209	B3	64	93	1	-2
1776	210.054698	210.926744	B2	64	104	1	-4
1777	210.527138	210.649185	F#3	64	90	1	-2
1778	210.763358	210.885405	F#3	64	96	1	-2
1779	210.763358	210.934618	B3	64	99	1	-2
1780	210.999578	211.138357	A3	64	97	1	-4
1781	211.235798	211.533042	F#3	64	92	1	-2
1782	211.235798	211.547805	F#2	64	92	1	-4
1783	211.708238	212.466111	F#4	64	85	0	2
1784	211.708238	212.493670	C#4	64	90	0	2
1785	211.708238	212.555677	F#3	64	90	1	-2
1786	211.708238	213.021228	F#2	64	92	1	-4
1787	212.653118	212.905086	A3	64	88	1	-4
1788	212.653118	212.988747	C#4	64	92	0	2
1789	212.653118	213.008432	F#4	64	88	0	2
1790	212.889338	212.962173	F#3	64	76	1	-2
1791	213.125558	213.468077	F#3	64	87	1	-2
1792	213.125558	213.526148	A3	64	86	1	-4
1793	213.125558	213.693470	C#4	64	91	0	2
1794	213.125558	213.765321	F#2	64	93	1	-4
1795	213.597998	213.698392	F#3	64	96	1	-2
1796	213.834218	214.095044	F#3	64	96	1	-2
1797	213.834218	216.647205	B3	64	96	1	-2
1798	213.834218	217.139330	B2	64	92	1	-4
1799	216.905078	217.092086	A3	64	82	1	-4
1800	216.905078	217.096023	F#2	64	92	1	-4
1801	216.905078	217.100944	F#3	64	87	1	-2
1802	216.905078	217.109802	F#4	64	86	0	2
1803	216.905078	217.124566	C#4	64	91	0	2
1804	217.141298	217.342085	A3	64	84	1	-4
1805	217.141298	217.355865	F#3	64	82	1	-2
1806	217.141298	217.357833	F#2	64	87	1	-4
1807	217.141298	217.363739	F#4	64	88	0	2
1808	217.141298	217.378502	C#4	64	78	0	2
