//Version: PianoFingering_v170101
0	1.087254	1.185294	D2	64	92	1	-3
1	1.087254	1.250980	A3	64	77	1	-4
2	1.087254	1.269607	D4	64	83	0	3
3	1.087254	1.444117	F#4	64	86	0	2
4	1.558823	1.811764	D3	64	74	1	-1
5	1.793136	2.054901	D4	64	87	0	3
6	1.793136	2.077450	F#4	64	90	0	2
7	1.793136	2.098038	A4	64	86	0	5
8	2.028430	2.195097	A3	64	63	1	-4
9	2.263724	2.327450	D4	64	77	0	3
10	2.499018	2.578430	F#4	64	89	0	2
11	2.499018	2.593136	A4	64	87	0	5
12	2.499018	2.600979	D4	64	87	0	3
13	2.969606	3.438234	A3	64	78	1	-4
14	2.969606	3.451959	C#4	64	81	0	2
15	2.969606	3.457841	E4	64	86	0	5
16	2.969606	4.319606	A2	64	88	1	-1
17	3.440194	3.774508	E3	64	75	1	-4
18	3.675488	3.959802	A3	64	87	1	-4
19	3.675488	4.016665	C#4	64	89	0	2
20	3.675488	4.042155	A4	64	84	0	5
21	3.675488	4.200978	E4	64	86	0	5
22	3.910782	4.259802	E3	64	84	1	-4
23	4.146076	4.466664	A3	64	84	1	-4
24	4.381370	4.485292	E4	64	71	0	5
25	4.381370	4.508821	C#4	64	95	0	2
26	4.851958	4.940194	D2	64	91	1	-3
27	4.851958	5.021566	A3	64	81	1	-4
28	4.851958	5.099017	D4	64	86	0	3
29	5.322546	5.599997	D3	64	68	1	-1
30	5.557840	5.814703	D4	64	87	0	3
31	5.557840	5.878428	A4	64	86	0	5
32	5.793134	5.950977	A3	64	76	1	-4
33	6.029409	6.255879	D4	64	86	0	3
34	6.263722	6.509801	F#4	64	86	0	2
35	6.734310	6.849016	D2	64	88	1	-3
36	6.734310	7.274506	F#4	64	75	0	2
37	6.734310	7.293134	D4	64	80	0	3
38	6.734310	7.297055	A4	64	82	0	5
39	7.204898	8.591172	D3	64	86	1	-1
40	7.440192	7.602937	D4	64	86	0	3
41	7.440192	7.604898	D5	64	89	0	5
42	7.675486	8.537251	A3	64	77	1	-4
43	7.910780	8.050976	D4	64	75	0	3
44	7.910780	8.128427	A4	64	77	0	5
45	8.146074	8.545094	D4	64	80	0	3
46	8.616662	9.411760	F#4	64	90	0	2
47	8.616662	9.183329	D3	64	93	1	-1
48	9.087250	9.177446	D4	64	86	0	3
49	9.087250	9.538231	F#4	64	97	0	2
50	9.087250	9.561760	A4	64	89	0	5
51	9.322544	9.542152	D4	64	86	0	3
52	9.557838	9.928426	A4	64	87	0	5
53	9.557838	10.152936	A2	64	87	1	-1
54	10.028426	10.419603	B4	64	88	0	2
55	10.028426	10.480387	D4	64	86	0	3
56	10.028426	10.499995	F#4	64	91	0	2
57	10.028426	10.530387	A4	64	85	0	5
58	10.499014	11.616661	F#4	64	90	0	2
59	10.499014	11.252936	D3	64	88	1	-1
60	10.969602	11.064700	D4	64	87	0	3
61	10.969602	11.417641	F#4	64	100	0	2
62	10.969602	11.553916	A4	64	90	0	5
63	11.204896	11.431367	D4	64	82	0	3
64	11.440190	12.029406	A2	64	87	1	-1
65	11.675484	11.794112	D4	64	79	0	3
66	11.910778	12.305876	D4	64	88	0	3
67	11.910778	12.020582	D4	64	87	0	3
68	11.910778	12.194112	F#4	64	93	0	2
69	11.910778	12.405876	A4	64	87	0	5
70	12.146072	12.287249	D4	64	77	0	3
71	12.381366	12.955876	E4	64	92	0	5
72	12.381366	12.868621	E3	64	90	1	-4
73	12.851954	12.963719	E4	64	88	0	5
74	12.851954	13.151954	G4	64	88	0	3
75	13.087248	13.315680	D4	64	90	0	3
76	13.087248	13.219601	E4	64	86	0	5
77	13.322542	13.719601	E4	64	92	0	5
78	13.322542	14.024503	A2	64	86	1	-1
79	13.793130	14.198032	A4	64	88	0	5
80	13.793130	13.937248	A3	64	80	1	-4
81	13.793130	14.217640	C#4	64	83	0	2
82	14.028424	14.252934	A3	64	79	1	-4
83	14.263718	15.482345	F#4	64	88	0	2
84	14.263718	14.964698	D3	64	90	1	-1
85	14.734306	15.231365	D4	64	89	0	3
86	14.734306	15.235287	F#4	64	87	0	2
87	14.969600	15.227443	A3	64	81	1	-4
88	15.204894	15.860776	A2	64	87	1	-1
89	15.675482	15.923521	A3	64	87	1	-4
90	15.675482	16.161757	D4	64	88	0	3
91	16.146070	16.557835	E4	64	88	0	5
92	16.146070	17.052933	E3	64	92	1	-4
93	16.616658	16.949992	F#4	64	86	0	2
94	16.616658	16.749011	B3	64	80	1	-2
95	16.616658	17.205874	E4	64	93	0	5
96	16.851952	17.189207	B3	64	89	1	-2
97	17.087246	17.431364	E4	64	92	0	5
98	17.087246	17.840187	B2	64	87	1	-4
99	17.557834	17.927442	F#4	64	90	0	2
100	17.557834	17.694109	B3	64	88	1	-2
101	17.557834	17.989207	E4	64	95	0	5
102	17.793128	18.045089	B3	64	82	1	-2
103	18.028422	18.386265	E4	64	88	0	5
104	18.028422	18.654893	A2	64	89	1	-1
105	18.499010	18.884304	D4	64	88	0	3
106	18.499010	18.595089	A3	64	81	1	-4
107	18.499010	18.982343	C#4	64	93	0	2
108	18.499010	19.075481	E4	64	90	0	5
109	18.734304	19.038226	A3	64	87	1	-4
110	18.969598	19.313716	B3	64	87	1	-2
111	18.969598	19.475480	E3	64	89	1	-4
112	19.440186	19.823519	A3	64	88	1	-4
113	19.440186	19.723520	C#4	64	88	0	2
114	19.440186	19.972539	E4	64	89	0	5
115	19.675480	19.905872	A3	64	89	1	-4
116	19.910774	21.293127	D4	64	87	0	3
117	19.910774	20.758813	D2	64	90	1	-3
118	20.381362	20.987244	D4	64	88	0	3
119	20.381362	20.991166	F#4	64	88	0	2
120	20.616656	20.958813	A3	64	90	1	-4
121	20.851950	21.322538	D3	64	81	1	-1
122	21.322538	21.682342	E4	64	92	0	5
123	21.322538	21.673519	D4	64	88	0	3
124	21.322538	21.703911	F#4	64	86	0	2
125	21.322538	21.793126	C#3	64	81	1	-2
126	21.793126	22.372538	F#4	64	92	0	2
127	21.793126	22.565675	B2	64	89	1	-4
128	22.263714	22.378420	B3	64	84	1	-2
129	22.263714	22.786263	D4	64	89	0	3
130	22.263714	22.860773	F#4	64	90	0	2
131	22.499008	22.658812	E4	64	95	0	5
132	22.499008	22.781361	B3	64	93	1	-2
133	22.734302	22.938224	F#4	64	87	0	2
134	22.734302	23.021557	F#3	64	86	1	-2
135	22.969596	23.121557	E4	64	87	0	5
136	22.969596	23.091165	B3	64	90	1	-2
137	23.204890	23.392145	F#4	64	89	0	2
138	23.204890	23.544106	D4	64	91	0	3
139	23.204890	23.603910	F#4	64	89	0	2
140	23.440184	23.645086	A4	64	87	0	5
141	23.440184	23.635282	B3	64	87	1	-2
142	23.675478	25.588223	E4	64	91	0	5
143	23.675478	24.355870	E2	64	90	1	-1
144	24.146066	24.447047	G3	64	91	1	-1
145	24.146066	24.460772	B3	64	90	1	-2
146	24.381360	24.592145	E3	64	93	1	-4
147	24.616654	25.085282	B2	64	87	1	-4
148	25.087242	25.292144	E3	64	88	1	-4
149	25.087242	25.585281	G3	64	91	1	-1
150	25.087242	25.660771	B3	64	87	1	-2
151	25.322536	25.541164	E3	64	89	1	-4
152	25.557830	26.268614	A2	64	88	1	-1
153	26.028418	26.119595	A3	64	82	1	-4
154	26.028418	26.245085	E4	64	88	0	5
155	26.028418	26.346065	C#4	64	90	0	2
156	26.263712	26.570575	A3	64	91	1	-4
157	26.499006	27.382339	E3	64	97	1	-4
158	26.734300	26.876457	A3	64	91	1	-4
159	26.969594	27.064692	A3	64	86	1	-4
160	26.969594	27.311751	C#4	64	92	0	2
161	26.969594	27.399006	E4	64	91	0	5
162	27.204888	27.388222	A3	64	92	1	-4
163	27.440182	28.235280	F#4	64	90	0	2
164	27.440182	28.006849	D3	64	93	1	-1
165	27.910770	28.000966	D4	64	86	0	3
166	27.910770	28.361751	F#4	64	97	0	2
167	27.910770	28.385280	A4	64	89	0	5
168	28.146064	28.365672	D4	64	86	0	3
169	28.381358	28.751946	A4	64	87	0	5
170	28.381358	28.976456	A2	64	87	1	-1
171	28.851946	29.243123	B4	64	88	0	2
172	28.851946	29.303907	D4	64	86	0	3
173	28.851946	29.323515	F#4	64	91	0	2
174	28.851946	29.353907	A4	64	85	0	5
175	29.322534	30.440181	F#4	64	90	0	2
176	29.322534	30.076456	D3	64	88	1	-1
177	29.793122	29.888220	D4	64	87	0	3
178	29.793122	30.241161	F#4	64	100	0	2
179	29.793122	30.377436	A4	64	90	0	5
180	30.028416	30.254887	D4	64	82	0	3
181	30.263710	30.852926	A2	64	87	1	-1
182	30.499004	30.617632	D4	64	79	0	3
183	30.734298	31.129396	D4	64	88	0	3
184	30.734298	30.844102	D4	64	87	0	3
185	30.734298	31.017632	F#4	64	93	0	2
186	30.734298	31.229396	A4	64	87	0	5
187	30.969592	31.110769	D4	64	77	0	3
188	31.204886	31.779396	E4	64	92	0	5
189	31.204886	31.692141	E3	64	90	1	-4
190	31.675474	31.787239	E4	64	88	0	5
191	31.675474	31.975474	G4	64	88	0	3
192	31.910768	32.139200	D4	64	90	0	3
193	31.910768	32.043121	E4	64	86	0	5
194	32.146062	32.543121	E4	64	92	0	5
195	32.146062	32.848023	A2	64	86	1	-1
196	32.616650	33.021552	A4	64	88	0	5
197	32.616650	32.760768	A3	64	80	1	-4
198	32.616650	33.041160	C#4	64	83	0	2
199	32.851944	33.076454	A3	64	79	1	-4
200	33.087238	34.305865	F#4	64	88	0	2
201	33.087238	33.788218	D3	64	90	1	-1
202	33.557826	34.054885	D4	64	89	0	3
203	33.557826	34.058807	F#4	64	87	0	2
204	33.793120	34.050963	A3	64	81	1	-4
205	34.028414	34.684296	A2	64	87	1	-1
206	34.499002	34.747041	A3	64	87	1	-4
207	34.499002	34.985277	D4	64	88	0	3
208	34.969590	35.381355	E4	64	88	0	5
209	34.969590	35.876453	E3	64	92	1	-4
210	35.440178	35.773512	F#4	64	86	0	2
211	35.440178	35.572531	B3	64	80	1	-2
212	35.440178	36.029394	E4	64	93	0	5
213	35.675472	36.012727	B3	64	89	1	-2
214	35.910766	36.254884	E4	64	92	0	5
215	35.910766	36.663707	B2	64	87	1	-4
216	36.381354	36.750962	F#4	64	90	0	2
217	36.381354	36.517629	B3	64	88	1	-2
218	36.381354	36.812727	E4	64	95	0	5
219	36.616648	36.868609	B3	64	82	1	-2
220	36.851942	37.209785	E4	64	88	0	5
221	36.851942	37.478413	A2	64	89	1	-1
222	37.322530	37.707824	D4	64	88	0	3
223	37.322530	37.418609	A3	64	81	1	-4
224	37.322530	37.805863	C#4	64	93	0	2
225	37.322530	37.899001	E4	64	90	0	5
226	37.557824	37.861746	A3	64	87	1	-4
227	37.793118	38.137236	B3	64	87	1	-2
228	37.793118	38.299000	E3	64	89	1	-4
229	38.263706	38.647039	A3	64	88	1	-4
230	38.263706	38.547040	C#4	64	88	0	2
231	38.263706	38.796059	E4	64	89	0	5
232	38.499000	38.729392	A3	64	89	1	-4
233	38.734294	40.116647	D4	64	87	0	3
234	38.734294	39.582333	D2	64	90	1	-3
235	39.204882	39.810764	D4	64	88	0	3
236	39.204882	39.814686	F#4	64	88	0	2
237	39.440176	39.782333	A3	64	90	1	-4
238	39.675470	40.146058	D3	64	81	1	-1
239	40.146058	40.505862	F#4	64	92	0	2
240	40.146058	40.497039	D4	64	88	0	3
241	40.146058	40.527431	F#4	64	86	0	2
242	40.146058	40.616646	D#3	64	81	1	-5
243	40.616646	41.087234	E4	64	92	0	5
244	40.616646	40.962725	E4	64	86	0	5
245	40.616646	40.984293	B3	64	83	1	-2
246	40.616646	41.246058	E3	64	88	1	-4
247	41.087234	41.442136	D4	64	88	0	3
248	41.087234	41.429391	E4	64	90	0	5
249	41.087234	41.557822	G4	64	85	0	3
250	41.322528	41.601940	B3	64	93	1	-2
251	41.557822	41.957822	B3	64	90	1	-2
252	41.557822	42.370567	A2	64	89	1	-1
253	41.793116	41.930371	A3	64	91	1	-4
254	42.028410	42.431351	A3	64	89	1	-4
255	42.028410	42.304881	C#4	64	87	0	2
256	42.028410	42.385273	E4	64	89	0	5
257	42.498998	44.380370	D4	64	87	0	3
258	42.498998	42.898998	D4	64	86	0	3
259	42.498998	42.907822	A3	64	87	1	-4
260	42.498998	43.408802	D3	64	92	1	-1
261	42.969586	43.513704	F#4	64	93	0	2
262	42.969586	43.570566	D4	64	88	0	3
263	43.204880	43.505861	A3	64	90	1	-4
264	43.440174	44.184292	A2	64	87	1	-1
265	43.910762	44.437233	F#4	64	89	0	2
266	43.910762	44.524488	D4	64	87	0	3
267	44.146056	44.475468	A3	64	81	1	-4
268	44.381350	45.296056	D3	64	86	1	-1
269	44.851938	45.364683	D4	64	90	0	3
270	44.851938	45.394095	F#4	64	90	0	2
271	45.087232	45.337232	A3	64	87	1	-4
272	45.322526	46.193114	A2	64	88	1	-1
273	45.557820	45.877428	A3	64	88	1	-4
274	45.793114	46.160761	D4	64	86	0	3
275	45.793114	46.181349	F#4	64	87	0	2
276	46.028408	46.207820	A3	64	86	1	-4
277	46.263702	47.617623	F#4	64	88	0	2
278	46.263702	47.158800	D3	64	93	1	-1
279	46.734290	47.381349	D4	64	88	0	3
280	46.734290	47.481349	F#4	64	87	0	2
281	46.969584	47.254878	A3	64	92	1	-4
282	47.204878	47.952917	A2	64	88	1	-1
283	47.440172	47.744094	A3	64	86	1	-4
284	47.675466	48.096054	D4	64	87	0	3
285	47.675466	48.323505	F#4	64	87	0	2
286	48.146054	48.931348	A3	64	90	1	-4
287	48.146054	48.833309	A2	64	89	1	-1
288	48.616642	48.714682	A3	64	80	1	-4
289	48.616642	48.953897	C#4	64	93	0	2
290	48.616642	49.196054	E4	64	87	0	5
291	48.851936	49.142132	A3	64	89	1	-4
292	49.087230	49.499975	B3	64	90	1	-2
293	49.087230	49.503897	E3	64	86	1	-4
294	49.322524	49.417622	A3	64	81	1	-4
295	49.557818	49.680367	A3	64	88	1	-4
296	49.557818	49.584289	A3	64	66	1	-4
297	49.557818	49.926446	C#4	64	95	0	2
298	49.557818	50.091151	E4	64	91	0	5
299	49.557818	50.139191	A4	64	86	0	5
300	49.793112	49.969583	B3	64	88	1	-2
301	49.793112	50.107818	A3	64	86	1	-4
302	50.028406	52.030366	D4	64	87	0	3
303	50.028406	50.904877	D3	64	88	1	-1
304	50.498994	51.236249	D4	64	88	0	3
305	50.498994	51.269582	F#4	64	89	0	2
306	50.734288	51.253896	A3	64	87	1	-4
307	50.969582	51.682327	A2	64	87	1	-1
308	51.440170	52.069582	F#4	64	92	0	2
309	51.440170	52.100954	D4	64	88	0	3
310	51.910758	52.812719	D3	64	90	1	-1
311	52.381346	52.946052	D4	64	93	0	3
312	52.381346	53.021542	F#4	64	93	0	2
313	52.616640	52.908797	A3	64	89	1	-4
314	52.851934	53.628405	A2	64	88	1	-1
315	53.087228	53.203895	A3	64	90	1	-4
316	53.557816	53.744091	A3	64	89	1	-4
317	53.600954	56.323501	B3	64	78	1	-2
318	53.676444	53.777424	D4	64	85	0	3
319	53.718601	53.798993	F#4	64	79	0	2
320	53.720561	57.026442	B2	64	88	1	-4
321	53.762718	56.164678	B4	64	74	0	2
322	53.793110	54.280365	B3	64	89	1	-2
323	54.263698	54.791149	D4	64	90	0	3
324	54.734286	55.231345	B3	64	90	1	-2
325	55.204874	55.682325	D4	64	90	0	3
326	55.675462	56.166639	B3	64	92	1	-2
327	56.146050	56.624481	D4	64	91	0	3
328	56.588207	56.998991	D4	64	88	0	3
329	56.590168	57.060756	B3	64	87	1	-2
330	56.616638	57.059775	B3	64	97	1	-2
331	57.087226	57.568599	A3	64	92	1	-4
332	57.486246	58.089187	A3	64	76	1	-4
333	57.492128	57.893108	D4	64	84	0	3
334	57.501932	58.342128	D2	64	88	1	-3
335	57.557814	60.282323	F#4	64	93	0	2
336	58.019579	58.163696	D4	64	92	0	3
337	58.021540	58.431343	F#4	64	93	0	2
338	58.247030	58.578402	A3	64	88	1	-4
339	58.498990	59.272519	A2	64	91	1	-1
340	58.731343	58.813696	A3	64	73	1	-4
341	58.949971	59.499970	F#4	64	91	0	2
342	58.955853	59.495068	D4	64	92	0	3
343	59.173500	59.462715	A3	64	85	1	-4
344	59.421539	59.967617	D2	64	89	1	-3
345	59.860754	60.388205	F#4	64	92	0	2
346	59.862715	60.386244	D4	64	90	0	3
347	60.095068	60.340166	A3	64	88	1	-4
348	60.334284	60.797028	A2	64	97	1	-1
349	60.564676	60.692127	A3	64	87	1	-4
350	60.812715	61.025460	F#4	64	89	0	2
351	60.814675	60.994087	D4	64	95	0	3
352	60.820558	60.935264	A3	64	87	1	-4
353	61.146048	62.877420	B3	64	84	1	-2
354	61.236244	62.991145	D4	64	83	0	3
355	61.267616	63.059772	B2	64	88	1	-4
356	61.322518	61.809773	B3	64	89	1	-2
357	61.324479	63.030361	F#4	64	78	0	2
358	61.793106	62.320557	D4	64	90	0	3
359	62.263694	62.760753	B3	64	90	1	-2
360	62.734282	63.211733	D4	64	90	0	3
361	63.017616	64.592125	B3	64	80	1	-2
362	63.122517	64.624477	D4	64	86	0	3
363	63.174478	64.588203	F#4	64	75	0	2
364	63.181341	64.634281	B2	64	87	1	-4
365	63.204870	63.696047	B3	64	92	1	-2
366	63.220557	64.531340	B4	64	73	0	2
367	63.675458	64.153889	D4	64	91	0	3
368	64.146046	64.589183	B3	64	97	1	-2
369	64.616634	65.098007	A3	64	92	1	-4
370	65.057811	65.402908	A3	64	81	1	-4
371	65.063693	65.397026	D4	64	86	0	3
372	65.073497	65.855849	D2	64	89	1	-3
373	65.087222	67.811731	F#4	64	93	0	2
374	65.559771	66.220555	F#4	64	89	0	2
375	65.561732	65.683300	A3	64	82	1	-4
376	65.566634	65.751928	D4	64	89	0	3
377	65.798006	66.049967	A3	64	86	1	-4
378	66.028398	66.811731	A2	64	89	1	-1
379	66.459771	67.126437	F#4	64	91	0	2
380	66.461731	67.068594	D4	64	91	0	3
381	66.707810	67.064672	A3	64	87	1	-4
382	66.943104	67.584280	D2	64	95	1	-3
383	67.402907	67.919574	F#4	64	95	0	2
384	67.408790	67.902907	D4	64	92	0	3
385	67.632319	67.908790	A3	64	91	1	-4
386	67.856829	68.565652	A2	64	90	1	-1
387	68.089182	68.212711	A3	64	87	1	-4
388	68.348005	68.758789	F#4	64	91	0	2
389	68.352907	68.700946	D4	64	91	0	3
390	68.381338	68.816632	B4	64	88	0	2
391	68.580358	68.743103	A3	64	83	1	-4
392	68.851926	70.152906	A4	64	90	0	5
393	69.066632	69.353887	A2	64	89	1	-1
394	69.068593	69.303887	C#4	64	88	0	2
395	69.070554	69.332318	A4	64	84	0	5
396	69.072514	69.322514	E4	64	90	0	5
397	69.074475	69.337220	A3	64	87	1	-4
398	69.550946	69.688200	E4	64	87	0	5
399	69.555848	69.686240	A3	64	82	1	-4
400	69.557808	69.702906	A4	64	81	0	5
401	69.559769	69.680357	C#4	64	77	0	2
402	69.562710	69.718593	A2	64	87	1	-1
403	69.792122	70.004867	A4	64	87	0	5
404	69.797024	70.005847	E4	64	90	0	5
405	69.798985	70.060749	A2	64	88	1	-1
406	69.800945	69.999965	C#4	64	88	0	2
407	69.802906	70.020553	A3	64	87	1	-4
408	70.263690	70.650945	B4	64	90	0	2
409	70.734278	71.505847	A4	64	90	0	5
410	70.970553	71.177415	A4	64	86	0	5
411	70.975455	71.162710	E4	64	89	0	5
412	70.977415	71.162710	C#4	64	91	0	2
413	70.979376	71.168592	A3	64	87	1	-4
414	70.984278	71.167611	A2	64	88	1	-1
415	71.405847	71.536239	A2	64	87	1	-1
416	71.416631	71.527415	E4	64	87	0	5
417	71.418592	71.537219	A4	64	84	0	5
418	71.420553	71.525454	C#4	64	84	0	2
419	71.422513	71.526435	A3	64	81	1	-4
420	71.647023	71.828395	A4	64	87	0	5
421	71.648984	71.823493	C#4	64	88	0	2
422	71.650945	71.812709	E4	64	92	0	5
423	71.655847	71.838199	A3	64	86	1	-4
424	71.660748	71.843101	A2	64	88	1	-1
425	72.146042	72.450944	B4	64	88	0	2
426	72.466630	74.202904	A3	64	81	1	-4
427	72.546042	74.296041	C#4	64	78	0	2
428	72.592121	74.377414	A2	64	90	1	-1
429	72.616630	72.998003	A4	64	87	0	5
430	72.619572	74.336237	E4	64	87	0	5
431	72.640160	74.382316	A4	64	87	0	5
432	73.087218	73.476434	B4	64	88	0	2
433	73.557806	73.930355	A4	64	86	0	5
434	74.028394	74.409767	B4	64	87	0	2
435	74.346041	74.505845	A3	64	78	1	-4
436	74.412708	74.542120	C#4	64	82	0	2
437	74.492120	74.594080	E4	64	87	0	5
438	74.494080	74.681335	A2	64	90	1	-1
439	74.498982	76.199962	A4	64	88	0	5
440	74.511727	74.700943	A4	64	91	0	5
441	74.969570	75.353884	A2	64	91	1	-1
442	74.969570	75.384276	A3	64	90	1	-4
443	75.440158	75.838197	B3	64	91	1	-2
444	75.440158	75.839178	B2	64	91	1	-4
445	75.910746	76.323491	C#4	64	88	0	2
446	75.910746	76.333295	C#3	64	88	1	-2
447	76.381334	77.176432	F#4	64	90	0	2
448	76.381334	76.948001	D3	64	93	1	-1
449	76.851922	76.942118	D4	64	86	0	3
450	76.851922	77.302903	F#4	64	97	0	2
451	76.851922	77.326432	A4	64	89	0	5
452	77.087216	77.306824	D4	64	86	0	3
453	77.322510	77.693098	A4	64	87	0	5
454	77.322510	77.917608	A2	64	87	1	-1
455	77.793098	78.184275	B4	64	88	0	2
456	77.793098	78.245059	D4	64	86	0	3
457	77.793098	78.264667	F#4	64	91	0	2
458	77.793098	78.295059	A4	64	85	0	5
459	78.263686	79.381333	F#4	64	90	0	2
460	78.263686	79.017608	D3	64	88	1	-1
461	78.734274	78.829372	D4	64	87	0	3
462	78.734274	79.182313	F#4	64	100	0	2
463	78.734274	79.318588	A4	64	90	0	5
464	78.969568	79.196039	D4	64	82	0	3
465	79.204862	79.794078	A2	64	87	1	-1
466	79.440156	79.558784	D4	64	79	0	3
467	79.675450	80.070548	D4	64	88	0	3
468	79.675450	79.785254	D4	64	87	0	3
469	79.675450	79.958784	F#4	64	93	0	2
470	79.675450	80.170548	A4	64	87	0	5
471	79.910744	80.051921	D4	64	77	0	3
472	80.146038	80.720548	E4	64	92	0	5
473	80.146038	80.633293	E3	64	90	1	-4
474	80.616626	80.728391	E4	64	88	0	5
475	80.616626	80.916626	G4	64	88	0	3
476	80.851920	81.080352	D4	64	90	0	3
477	80.851920	80.984273	E4	64	86	0	5
478	81.087214	81.484273	E4	64	92	0	5
479	81.087214	81.789175	A2	64	86	1	-1
480	81.557802	81.962704	A4	64	88	0	5
481	81.557802	81.701920	A3	64	80	1	-4
482	81.557802	81.982312	C#4	64	83	0	2
483	81.793096	82.017606	A3	64	79	1	-4
484	82.028390	83.247017	F#4	64	88	0	2
485	82.028390	82.729370	D3	64	90	1	-1
486	82.498978	82.996037	D4	64	89	0	3
487	82.498978	82.999959	F#4	64	87	0	2
488	82.734272	82.992115	A3	64	81	1	-4
489	82.969566	83.625448	A2	64	87	1	-1
490	83.440154	83.688193	A3	64	87	1	-4
491	83.440154	83.926429	D4	64	88	0	3
492	83.910742	84.322507	E4	64	88	0	5
493	83.910742	84.817605	E3	64	92	1	-4
494	84.381330	84.714664	F#4	64	86	0	2
495	84.381330	84.513683	B3	64	80	1	-2
496	84.381330	84.970546	E4	64	93	0	5
497	84.616624	84.953879	B3	64	89	1	-2
498	84.851918	85.196036	E4	64	92	0	5
499	84.851918	85.604859	B2	64	87	1	-4
500	85.322506	85.692114	F#4	64	90	0	2
501	85.322506	85.458781	B3	64	88	1	-2
502	85.322506	85.753879	E4	64	95	0	5
503	85.557800	85.809761	B3	64	82	1	-2
504	85.793094	86.150937	E4	64	88	0	5
505	85.793094	86.419565	A2	64	89	1	-1
506	86.263682	86.648976	D4	64	88	0	3
507	86.263682	86.359761	A3	64	81	1	-4
508	86.263682	86.747015	C#4	64	93	0	2
509	86.263682	86.840153	E4	64	90	0	5
510	86.498976	86.802898	A3	64	87	1	-4
511	86.734270	87.078388	B3	64	87	1	-2
512	86.734270	87.240152	E3	64	89	1	-4
513	87.204858	87.588192	A3	64	88	1	-4
514	87.204858	87.488192	C#4	64	88	0	2
515	87.204858	87.737211	E4	64	89	0	5
516	87.440152	87.670544	A3	64	89	1	-4
517	87.675446	89.057799	D4	64	87	0	3
518	87.675446	88.523485	D2	64	90	1	-3
519	88.146034	88.751916	D4	64	88	0	3
520	88.146034	88.755838	F#4	64	88	0	2
521	88.381328	88.723485	A3	64	90	1	-4
522	88.616622	89.087210	D3	64	81	1	-1
523	89.087210	89.447014	F#4	64	92	0	2
524	89.087210	89.438191	D4	64	88	0	3
525	89.087210	89.468583	F#4	64	86	0	2
526	89.087210	89.557798	D#3	64	81	1	-5
527	89.557798	90.028386	E4	64	92	0	5
528	89.557798	89.903877	E4	64	86	0	5
529	89.557798	89.925445	B3	64	83	1	-2
530	89.557798	90.187210	E3	64	88	1	-4
531	90.028386	90.383288	D4	64	88	0	3
532	90.028386	90.370543	E4	64	90	0	5
533	90.028386	90.498974	G4	64	85	0	3
534	90.263680	90.543092	B3	64	93	1	-2
535	90.498974	90.898974	B3	64	90	1	-2
536	90.498974	91.311719	A2	64	89	1	-1
537	90.734268	90.871523	A3	64	91	1	-4
538	90.969562	91.372503	A3	64	89	1	-4
539	90.969562	91.246033	C#4	64	87	0	2
540	90.969562	91.326425	E4	64	89	0	5
541	91.440150	93.321522	D4	64	87	0	3
542	91.440150	91.840150	D4	64	86	0	3
543	91.440150	91.848974	A3	64	87	1	-4
544	91.440150	92.349954	D3	64	92	1	-1
545	91.910738	92.454856	F#4	64	93	0	2
546	91.910738	92.511718	D4	64	88	0	3
547	92.146032	92.447013	A3	64	90	1	-4
548	92.381326	93.125444	A2	64	87	1	-1
549	92.851914	93.378385	F#4	64	89	0	2
550	92.851914	93.465640	D4	64	87	0	3
551	93.087208	93.416620	A3	64	81	1	-4
552	93.322502	94.237208	D3	64	86	1	-1
553	93.793090	94.305835	D4	64	90	0	3
554	93.793090	94.335247	F#4	64	90	0	2
555	94.028384	94.278384	A3	64	87	1	-4
556	94.263678	95.134266	A2	64	88	1	-1
557	94.498972	94.818580	A3	64	88	1	-4
558	94.734266	95.101913	D4	64	86	0	3
559	94.734266	95.122501	F#4	64	87	0	2
560	94.969560	95.148972	A3	64	86	1	-4
561	95.204854	96.558775	F#4	64	88	0	2
562	95.204854	96.099952	D3	64	93	1	-1
563	95.675442	96.322501	D4	64	88	0	3
564	95.675442	96.422501	F#4	64	87	0	2
565	95.910736	96.196030	A3	64	92	1	-4
566	96.146030	96.894069	A2	64	88	1	-1
567	96.381324	96.685246	A3	64	86	1	-4
568	96.616618	97.037206	D4	64	87	0	3
569	96.616618	97.264657	F#4	64	87	0	2
570	97.087206	97.872500	A3	64	90	1	-4
571	97.087206	97.774461	A2	64	89	1	-1
572	97.557794	97.655834	A3	64	80	1	-4
573	97.557794	97.895049	C#4	64	93	0	2
574	97.557794	98.137206	E4	64	87	0	5
575	97.793088	98.083284	A3	64	89	1	-4
576	98.028382	98.441127	B3	64	90	1	-2
577	98.028382	98.445049	E3	64	86	1	-4
578	98.263676	98.358774	A3	64	81	1	-4
579	98.498970	98.621519	A3	64	88	1	-4
580	98.498970	98.525441	A3	64	66	1	-4
581	98.498970	98.867598	C#4	64	95	0	2
582	98.498970	99.032303	E4	64	91	0	5
583	98.498970	99.080343	A4	64	86	0	5
584	98.734264	98.910735	B3	64	88	1	-2
585	98.734264	99.048970	A3	64	86	1	-4
586	98.969558	100.971518	D4	64	87	0	3
587	98.969558	99.846029	D3	64	88	1	-1
588	99.440146	100.177401	D4	64	88	0	3
589	99.440146	100.210734	F#4	64	89	0	2
590	99.675440	100.195048	A3	64	87	1	-4
591	99.910734	100.623479	A2	64	87	1	-1
592	100.381322	101.010734	F#4	64	92	0	2
593	100.381322	101.042106	D4	64	88	0	3
594	100.851910	101.753871	D3	64	90	1	-1
595	101.322498	101.887204	D4	64	93	0	3
596	101.322498	101.962694	F#4	64	93	0	2
597	101.557792	101.849949	A3	64	89	1	-4
598	101.793086	102.569557	A2	64	88	1	-1
599	102.028380	102.145047	A3	64	90	1	-4
600	102.263674	102.718576	D4	64	88	0	3
601	102.498968	102.685243	A3	64	89	1	-4
602	102.734262	102.740145	F#4	64	86	0	2
603	102.734262	102.832302	D2	64	89	1	-3
604	102.734262	103.213674	D4	64	86	0	3
605	103.204850	103.955830	A4	64	87	0	5
606	103.440144	103.739164	D4	64	88	0	3
607	103.675438	104.149948	A3	64	77	1	-4
608	103.910732	104.120536	D4	64	78	0	3
609	104.146026	104.675438	F#4	64	85	0	2
610	104.146026	104.768575	D5	64	88	0	5
611	104.146026	104.838183	A4	64	88	0	5
612	104.616614	104.656810	D4	64	77	0	3
613	104.616614	104.974457	D2	64	89	1	-3
614	105.087202	105.364653	F#4	64	92	0	2
615	105.087202	105.387202	D4	64	91	0	3
616	105.557790	105.912692	A2	64	86	1	-1
617	105.793084	105.960731	D4	64	87	0	3
618	106.028378	106.407790	A4	64	87	0	5
619	106.263672	106.468574	D4	64	88	0	3
620	106.498966	107.204848	E2	64	89	1	-1
621	106.969554	107.388182	G3	64	89	1	-1
622	106.969554	107.450927	B3	64	88	1	-2
623	107.204848	107.399946	E3	64	90	1	-4
624	107.440142	108.171515	A2	64	90	1	-1
625	107.675436	107.839162	A3	64	86	1	-4
626	107.910730	108.095044	C#4	64	95	0	2
627	108.146024	108.480338	A3	64	86	1	-4
628	108.381318	109.214651	D3	64	91	1	-1
629	108.616612	108.750926	A3	64	79	1	-4
630	108.851906	109.208769	D4	64	85	0	3
631	108.851906	109.319553	F#4	64	88	0	2
632	109.087200	109.371514	A3	64	88	1	-4
633	109.322494	110.063670	A2	64	85	1	-1
634	109.557788	109.793082	A3	64	87	1	-4
635	109.793082	110.066612	F#4	64	93	0	2
636	109.793082	110.104847	D4	64	86	0	3
637	110.028376	110.175435	A3	64	87	1	-4
638	110.263670	111.124454	E3	64	93	1	-4
639	110.498964	110.811709	B3	64	86	1	-2
640	110.734258	111.259748	E4	64	89	0	5
641	110.734258	111.300925	G4	64	82	0	3
642	110.969552	111.236219	B3	64	88	1	-2
643	111.204846	111.850924	B2	64	87	1	-4
644	111.440140	111.723474	B3	64	87	1	-2
645	111.675434	112.002885	E4	64	89	0	5
646	111.910728	112.169552	B3	64	86	1	-2
647	112.146022	112.956806	A2	64	88	1	-1
648	112.381316	112.629355	A3	64	76	1	-4
649	112.616610	112.964649	E4	64	88	0	5
650	112.851904	113.129355	A3	64	89	1	-4
651	113.087198	113.797982	E3	64	82	1	-4
652	113.322492	113.582296	A3	64	90	1	-4
653	113.557786	113.808767	C#4	64	87	0	2
654	113.557786	113.954845	E4	64	90	0	5
655	113.793080	113.997982	A3	64	90	1	-4
656	114.028374	114.872492	D3	64	86	1	-1
657	114.263668	114.526413	A3	64	87	1	-4
658	114.498962	114.813668	D4	64	88	0	3
659	114.498962	115.071511	F#4	64	84	0	2
660	114.734256	115.027393	A3	64	87	1	-4
661	114.969550	115.712687	A2	64	86	1	-1
662	115.204844	115.470531	A3	64	88	1	-4
663	115.440138	115.888177	D4	64	87	0	3
664	115.440138	115.940138	F#4	64	88	0	2
665	115.675432	115.866609	A3	64	86	1	-4
666	115.910726	116.773471	B2	64	88	1	-4
667	116.146020	116.457785	B3	64	88	1	-2
668	116.381314	117.132294	D4	64	87	0	3
669	116.381314	117.142098	F#4	64	86	0	2
670	116.616608	116.894059	B3	64	89	1	-2
671	116.851902	117.563667	F#3	64	77	1	-2
672	117.087196	117.402882	B3	64	88	1	-2
673	117.322490	117.708765	F#4	64	87	0	2
674	117.322490	117.727392	D4	64	87	0	3
675	117.557784	117.769549	B3	64	88	1	-2
676	117.793078	118.792097	E2	64	91	1	-1
677	118.263666	118.925431	G3	64	89	1	-1
678	118.263666	118.985235	B3	64	91	1	-2
679	118.498960	118.766607	E3	64	92	1	-4
680	118.734254	119.477391	B2	64	87	1	-4
681	118.969548	119.266607	E3	64	92	1	-4
682	119.204842	119.599940	G3	64	92	1	-1
683	119.204842	119.735234	B3	64	89	1	-2
684	119.440136	119.627391	E3	64	90	1	-4
685	119.675430	121.401900	A2	64	91	1	-1
686	119.910724	120.466606	E3	64	86	1	-4
687	120.146018	120.680332	C#4	64	86	0	2
688	120.146018	120.934253	E4	64	87	0	5
689	120.381312	120.671508	A3	64	97	1	-4
690	120.616606	121.460724	E3	64	93	1	-4
691	120.851900	121.136214	A3	64	88	1	-4
692	121.087194	121.368567	B3	64	92	1	-2
693	121.322488	121.517586	C#4	64	95	0	2
694	121.557782	122.352880	F#4	64	90	0	2
695	121.557782	122.124449	D3	64	93	1	-1
696	122.028370	122.118566	D4	64	86	0	3
697	122.028370	122.479351	F#4	64	97	0	2
698	122.028370	122.502880	A4	64	89	0	5
699	122.263664	122.483272	D4	64	86	0	3
700	122.498958	122.869546	A4	64	87	0	5
701	122.498958	123.094056	A2	64	87	1	-1
702	122.969546	123.360723	B4	64	88	0	2
703	122.969546	123.421507	D4	64	86	0	3
704	122.969546	123.441115	F#4	64	91	0	2
705	122.969546	123.471507	A4	64	85	0	5
706	123.440134	124.557781	F#4	64	90	0	2
707	123.440134	124.194056	D3	64	88	1	-1
708	123.910722	124.005820	D4	64	87	0	3
709	123.910722	124.358761	F#4	64	100	0	2
710	123.910722	124.495036	A4	64	90	0	5
711	124.146016	124.372487	D4	64	82	0	3
712	124.381310	124.970526	A2	64	87	1	-1
713	124.616604	124.735232	D4	64	79	0	3
714	124.851898	125.246996	D4	64	88	0	3
715	124.851898	124.961702	D4	64	87	0	3
716	124.851898	125.135232	F#4	64	93	0	2
717	124.851898	125.346996	A4	64	87	0	5
718	125.087192	125.228369	D4	64	77	0	3
719	125.322486	125.896996	E4	64	92	0	5
720	125.322486	125.809741	E3	64	90	1	-4
721	125.793074	125.904839	E4	64	88	0	5
722	125.793074	126.093074	G4	64	88	0	3
723	126.028368	126.256800	D4	64	90	0	3
724	126.028368	126.160721	E4	64	86	0	5
725	126.263662	126.660721	E4	64	92	0	5
726	126.263662	126.965623	A2	64	86	1	-1
727	126.734250	127.139152	A4	64	88	0	5
728	126.734250	126.878368	A3	64	80	1	-4
729	126.734250	127.158760	C#4	64	83	0	2
730	126.969544	127.194054	A3	64	79	1	-4
731	127.204838	128.423465	F#4	64	88	0	2
732	127.204838	127.905818	D3	64	90	1	-1
733	127.675426	128.172485	D4	64	89	0	3
734	127.675426	128.176407	F#4	64	87	0	2
735	127.910720	128.168563	A3	64	81	1	-4
736	128.146014	128.801896	A2	64	87	1	-1
737	128.616602	128.864641	A3	64	87	1	-4
738	128.616602	129.102877	D4	64	88	0	3
739	129.087190	129.498955	E4	64	88	0	5
740	129.087190	129.994053	E3	64	92	1	-4
741	129.557778	129.891112	F#4	64	86	0	2
742	129.557778	129.690131	B3	64	80	1	-2
743	129.557778	130.146994	E4	64	93	0	5
744	129.793072	130.130327	B3	64	89	1	-2
745	130.028366	130.372484	E4	64	92	0	5
746	130.028366	130.781307	B2	64	87	1	-4
747	130.498954	130.868562	F#4	64	90	0	2
748	130.498954	130.635229	B3	64	88	1	-2
749	130.498954	130.930327	E4	64	95	0	5
750	130.734248	130.986209	B3	64	82	1	-2
751	130.969542	131.327385	E4	64	88	0	5
752	130.969542	131.596013	A2	64	89	1	-1
753	131.440130	131.825424	D4	64	88	0	3
754	131.440130	131.536209	A3	64	81	1	-4
755	131.440130	131.923463	C#4	64	93	0	2
756	131.440130	132.016601	E4	64	90	0	5
757	131.675424	131.979346	A3	64	87	1	-4
758	131.910718	132.254836	B3	64	87	1	-2
759	131.910718	132.416600	E3	64	89	1	-4
760	132.381306	132.764640	A3	64	88	1	-4
761	132.381306	132.664640	C#4	64	88	0	2
762	132.381306	132.913659	E4	64	89	0	5
763	132.616600	132.846992	A3	64	89	1	-4
764	132.851894	134.234247	D4	64	87	0	3
765	132.851894	133.699933	D2	64	90	1	-3
766	133.322482	133.928364	D4	64	88	0	3
767	133.322482	133.932286	F#4	64	88	0	2
768	133.557776	133.899933	A3	64	90	1	-4
769	133.793070	134.263658	D3	64	81	1	-1
770	134.263658	134.623462	F#4	64	92	0	2
771	134.263658	134.614639	D4	64	88	0	3
772	134.263658	134.645031	F#4	64	86	0	2
773	134.263658	134.734246	D#3	64	81	1	-5
774	134.734246	135.204834	E4	64	92	0	5
775	134.734246	135.080325	E4	64	86	0	5
776	134.734246	135.101893	B3	64	83	1	-2
777	134.734246	135.363658	E3	64	88	1	-4
778	135.204834	135.559736	D4	64	88	0	3
779	135.204834	135.546991	E4	64	90	0	5
780	135.204834	135.675422	G4	64	85	0	3
781	135.440128	135.719540	B3	64	93	1	-2
782	135.675422	136.075422	B3	64	90	1	-2
783	135.675422	136.488167	A2	64	89	1	-1
784	135.910716	136.047971	A3	64	91	1	-4
785	136.146010	136.548951	A3	64	89	1	-4
786	136.146010	136.422481	C#4	64	87	0	2
787	136.146010	136.502873	E4	64	89	0	5
788	136.616598	138.497970	D4	64	87	0	3
789	136.616598	137.016598	D4	64	86	0	3
790	136.616598	137.025422	A3	64	87	1	-4
791	136.616598	137.526402	D3	64	92	1	-1
792	137.087186	137.631304	F#4	64	93	0	2
793	137.087186	137.688166	D4	64	88	0	3
794	137.322480	137.623461	A3	64	90	1	-4
795	137.557774	138.301892	A2	64	87	1	-1
796	138.028362	138.554833	F#4	64	89	0	2
797	138.028362	138.642088	D4	64	87	0	3
798	138.263656	138.593068	A3	64	81	1	-4
799	138.498950	139.413656	D3	64	86	1	-1
800	138.969538	139.482283	D4	64	90	0	3
801	138.969538	139.511695	F#4	64	90	0	2
802	139.204832	139.454832	A3	64	87	1	-4
803	139.440126	140.310714	A2	64	88	1	-1
804	139.675420	139.995028	A3	64	88	1	-4
805	139.910714	140.278361	D4	64	86	0	3
806	139.910714	140.298949	F#4	64	87	0	2
807	140.146008	140.325420	A3	64	86	1	-4
808	140.381302	141.735223	F#4	64	88	0	2
809	140.381302	141.276400	D3	64	93	1	-1
810	140.851890	141.498949	D4	64	88	0	3
811	140.851890	141.598949	F#4	64	87	0	2
812	141.087184	141.372478	A3	64	92	1	-4
813	141.322478	142.070517	A2	64	88	1	-1
814	141.557772	141.861694	A3	64	86	1	-4
815	141.793066	142.213654	D4	64	87	0	3
816	141.793066	142.441105	F#4	64	87	0	2
817	142.263654	143.048948	A3	64	90	1	-4
818	142.263654	142.950909	A2	64	89	1	-1
819	142.734242	142.832282	A3	64	80	1	-4
820	142.734242	143.071497	C#4	64	93	0	2
821	142.734242	143.313654	E4	64	87	0	5
822	142.969536	143.259732	A3	64	89	1	-4
823	143.204830	143.617575	B3	64	90	1	-2
824	143.204830	143.621497	E3	64	86	1	-4
825	143.440124	143.535222	A3	64	81	1	-4
826	143.675418	143.797967	A3	64	88	1	-4
827	143.675418	143.701889	A3	64	66	1	-4
828	143.675418	144.044046	C#4	64	95	0	2
829	143.675418	144.208751	E4	64	91	0	5
830	143.675418	144.256791	A4	64	86	0	5
831	143.910712	144.087183	B3	64	88	1	-2
832	143.910712	144.225418	A3	64	86	1	-4
833	144.146006	146.147966	D4	64	87	0	3
834	144.146006	145.022477	D3	64	88	1	-1
835	144.616594	145.353849	D4	64	88	0	3
836	144.616594	145.387182	F#4	64	89	0	2
837	144.851888	145.371496	A3	64	87	1	-4
838	145.087182	145.799927	A2	64	87	1	-1
839	145.557770	146.187182	F#4	64	92	0	2
840	145.557770	146.218554	D4	64	88	0	3
841	146.028358	146.930319	D3	64	90	1	-1
842	146.498946	147.063652	D4	64	93	0	3
843	146.498946	147.139142	F#4	64	93	0	2
844	146.734240	147.026397	A3	64	89	1	-4
845	146.969534	147.746005	A2	64	88	1	-1
846	147.204828	147.321495	A3	64	90	1	-4
847	147.675416	147.861691	A3	64	89	1	-4
848	147.718554	150.441101	B3	64	78	1	-2
849	147.794044	147.895024	D4	64	85	0	3
850	147.836201	147.916593	F#4	64	79	0	2
851	147.838161	151.144042	B2	64	88	1	-4
852	147.880318	150.282278	B4	64	74	0	2
853	147.910710	148.397965	B3	64	89	1	-2
854	148.381298	148.908749	D4	64	90	0	3
855	148.851886	149.348945	B3	64	90	1	-2
856	149.322474	149.799925	D4	64	90	0	3
857	149.793062	150.284239	B3	64	92	1	-2
858	150.263650	150.742081	D4	64	91	0	3
859	150.705807	151.116591	D4	64	88	0	3
860	150.707768	151.178356	B3	64	87	1	-2
861	150.734238	151.177375	B3	64	97	1	-2
862	151.204826	151.686199	A3	64	92	1	-4
863	151.603846	152.206787	A3	64	76	1	-4
864	151.609728	152.010708	D4	64	84	0	3
865	151.619532	152.459728	D2	64	88	1	-3
866	151.675414	154.399923	F#4	64	93	0	2
867	152.137179	152.281296	D4	64	92	0	3
868	152.139140	152.548943	F#4	64	93	0	2
869	152.364630	152.696002	A3	64	88	1	-4
870	152.616590	153.390119	A2	64	91	1	-1
871	152.848943	152.931296	A3	64	73	1	-4
872	153.067571	153.617570	F#4	64	91	0	2
873	153.073453	153.612668	D4	64	92	0	3
874	153.291100	153.580315	A3	64	85	1	-4
875	153.539139	154.085217	D2	64	89	1	-3
876	153.978354	154.505805	F#4	64	92	0	2
877	153.980315	154.503844	D4	64	90	0	3
878	154.212668	154.457766	A3	64	88	1	-4
879	154.451884	154.914628	A2	64	97	1	-1
880	154.682276	154.809727	A3	64	87	1	-4
881	154.930315	155.143060	F#4	64	89	0	2
882	154.932275	155.111687	D4	64	95	0	3
883	154.938158	155.052864	A3	64	87	1	-4
884	155.263648	156.995020	B3	64	84	1	-2
885	155.353844	157.108745	D4	64	83	0	3
886	155.385216	157.177372	B2	64	88	1	-4
887	155.440118	155.927373	B3	64	89	1	-2
888	155.442079	157.147961	F#4	64	78	0	2
889	155.910706	156.438157	D4	64	90	0	3
890	156.381294	156.878353	B3	64	90	1	-2
891	156.851882	157.329333	D4	64	90	0	3
892	157.135216	158.709725	B3	64	80	1	-2
893	157.240117	158.742077	D4	64	86	0	3
894	157.292078	158.705803	F#4	64	75	0	2
895	157.298941	158.751881	B2	64	87	1	-4
896	157.322470	157.813647	B3	64	92	1	-2
897	157.338157	158.648940	B4	64	73	0	2
898	157.793058	158.271489	D4	64	91	0	3
899	158.263646	158.706783	B3	64	97	1	-2
900	158.734234	159.215607	A3	64	92	1	-4
901	159.175411	159.520508	A3	64	81	1	-4
902	159.181293	159.514626	D4	64	86	0	3
903	159.191097	159.973449	D2	64	89	1	-3
904	159.204822	161.929331	F#4	64	93	0	2
905	159.677371	160.338155	F#4	64	89	0	2
906	159.679332	159.800900	A3	64	82	1	-4
907	159.684234	159.869528	D4	64	89	0	3
908	159.915606	160.167567	A3	64	86	1	-4
909	160.145998	160.929331	A2	64	89	1	-1
910	160.577371	161.244037	F#4	64	91	0	2
911	160.579331	161.186194	D4	64	91	0	3
912	160.825410	161.182272	A3	64	87	1	-4
913	161.060704	161.701880	D2	64	95	1	-3
914	161.520507	162.037174	F#4	64	95	0	2
915	161.526390	162.020507	D4	64	92	0	3
916	161.749919	162.026390	A3	64	91	1	-4
917	161.974429	162.683252	A2	64	90	1	-1
918	162.206782	162.330311	A3	64	87	1	-4
919	162.465605	162.876389	F#4	64	91	0	2
920	162.470507	162.818546	D4	64	91	0	3
921	162.498938	162.934232	B4	64	88	0	2
922	162.697958	162.860703	A3	64	83	1	-4
923	162.969526	164.270506	A4	64	90	0	5
924	163.184232	163.471487	A2	64	89	1	-1
925	163.186193	163.421487	C#4	64	88	0	2
926	163.188154	163.449918	A4	64	84	0	5
927	163.190114	163.440114	E4	64	90	0	5
928	163.192075	163.454820	A3	64	87	1	-4
929	163.668546	163.805800	E4	64	87	0	5
930	163.673448	163.803840	A3	64	82	1	-4
931	163.675408	163.820506	A4	64	81	0	5
932	163.677369	163.797957	C#4	64	77	0	2
933	163.680310	163.836193	A2	64	87	1	-1
934	163.909722	164.122467	A4	64	87	0	5
935	163.914624	164.123447	E4	64	90	0	5
936	163.916585	164.178349	A2	64	88	1	-1
937	163.918545	164.117565	C#4	64	88	0	2
938	163.920506	164.138153	A3	64	87	1	-4
939	164.381290	164.768545	B4	64	90	0	2
940	164.851878	165.623447	A4	64	90	0	5
941	165.088153	165.295015	A4	64	86	0	5
942	165.093055	165.280310	E4	64	89	0	5
943	165.095015	165.280310	C#4	64	91	0	2
944	165.096976	165.286192	A3	64	87	1	-4
945	165.101878	165.285211	A2	64	88	1	-1
946	165.523447	165.653839	A2	64	87	1	-1
947	165.534231	165.645015	E4	64	87	0	5
948	165.536192	165.654819	A4	64	84	0	5
949	165.538153	165.643054	C#4	64	84	0	2
950	165.540113	165.644035	A3	64	81	1	-4
951	165.764623	165.945995	A4	64	87	0	5
952	165.766584	165.941093	C#4	64	88	0	2
953	165.768545	165.930309	E4	64	92	0	5
954	165.773447	165.955799	A3	64	86	1	-4
955	165.778348	165.960701	A2	64	88	1	-1
956	166.263642	166.568544	B4	64	88	0	2
957	166.584230	168.320504	A3	64	81	1	-4
958	166.663642	168.413641	C#4	64	78	0	2
959	166.709721	168.495014	A2	64	90	1	-1
960	166.734230	167.115603	A4	64	87	0	5
961	166.737172	168.453837	E4	64	87	0	5
962	166.757760	168.499916	A4	64	87	0	5
963	167.204818	167.594034	B4	64	88	0	2
964	167.675406	168.047955	A4	64	86	0	5
965	168.145994	168.527367	B4	64	87	0	2
966	168.463641	168.623445	A3	64	78	1	-4
967	168.530308	168.659720	C#4	64	82	0	2
968	168.609720	168.711680	E4	64	87	0	5
969	168.611680	168.798935	A2	64	90	1	-1
970	168.616582	170.317562	A4	64	88	0	5
971	168.629327	168.818543	A4	64	91	0	5
972	169.087170	169.471484	A2	64	91	1	-1
973	169.087170	169.501876	A3	64	90	1	-4
974	169.557758	169.955797	B3	64	91	1	-2
975	169.557758	169.956778	B2	64	91	1	-4
976	170.028346	170.441091	C#4	64	88	0	2
977	170.028346	170.450895	C#3	64	88	1	-2
978	170.498934	171.294032	F#4	64	90	0	2
979	170.498934	171.065601	D3	64	93	1	-1
980	170.969522	171.059718	D4	64	86	0	3
981	170.969522	171.420503	F#4	64	97	0	2
982	170.969522	171.444032	A4	64	89	0	5
983	171.204816	171.424424	D4	64	86	0	3
984	171.440110	171.810698	A4	64	87	0	5
985	171.440110	172.035208	A2	64	87	1	-1
986	171.910698	172.301875	B4	64	88	0	2
987	171.910698	172.362659	D4	64	86	0	3
988	171.910698	172.382267	F#4	64	91	0	2
989	171.910698	172.412659	A4	64	85	0	5
990	172.381286	173.498933	F#4	64	90	0	2
991	172.381286	173.135208	D3	64	88	1	-1
992	172.851874	172.946972	D4	64	87	0	3
993	172.851874	173.299913	F#4	64	100	0	2
994	172.851874	173.436188	A4	64	90	0	5
995	173.087168	173.313639	D4	64	82	0	3
996	173.322462	173.911678	A2	64	87	1	-1
997	173.557756	173.676384	D4	64	79	0	3
998	173.793050	174.188148	D4	64	88	0	3
999	173.793050	173.902854	D4	64	87	0	3
1000	173.793050	174.076384	F#4	64	93	0	2
1001	173.793050	174.288148	A4	64	87	0	5
1002	174.028344	174.169521	D4	64	77	0	3
1003	174.263638	174.838148	E4	64	92	0	5
1004	174.263638	174.750893	E3	64	90	1	-4
1005	174.734226	174.845991	E4	64	88	0	5
1006	174.734226	175.034226	G4	64	88	0	3
1007	174.969520	175.197952	D4	64	90	0	3
1008	174.969520	175.101873	E4	64	86	0	5
1009	175.204814	175.601873	E4	64	92	0	5
1010	175.204814	175.906775	A2	64	86	1	-1
1011	175.675402	176.080304	A4	64	88	0	5
1012	175.675402	175.819520	A3	64	80	1	-4
1013	175.675402	176.099912	C#4	64	83	0	2
1014	175.910696	176.135206	A3	64	79	1	-4
1015	176.145990	177.364617	F#4	64	88	0	2
1016	176.145990	176.846970	D3	64	90	1	-1
1017	176.616578	177.113637	D4	64	89	0	3
1018	176.616578	177.117559	F#4	64	87	0	2
1019	176.851872	177.109715	A3	64	81	1	-4
1020	177.087166	177.743048	A2	64	87	1	-1
1021	177.557754	177.805793	A3	64	87	1	-4
1022	177.557754	178.044029	D4	64	88	0	3
1023	178.028342	178.440107	E4	64	88	0	5
1024	178.028342	178.935205	E3	64	92	1	-4
1025	178.498930	178.832264	F#4	64	86	0	2
1026	178.498930	178.631283	B3	64	80	1	-2
1027	178.498930	179.088146	E4	64	93	0	5
1028	178.734224	179.071479	B3	64	89	1	-2
1029	178.969518	179.313636	E4	64	92	0	5
1030	178.969518	179.722459	B2	64	87	1	-4
1031	179.440106	179.809714	F#4	64	90	0	2
1032	179.440106	179.576381	B3	64	88	1	-2
1033	179.440106	179.871479	E4	64	95	0	5
1034	179.675400	179.927361	B3	64	82	1	-2
1035	179.910694	180.268537	E4	64	88	0	5
1036	179.910694	180.537165	A2	64	89	1	-1
1037	180.381282	180.766576	D4	64	88	0	3
1038	180.381282	180.477361	A3	64	81	1	-4
1039	180.381282	180.864615	C#4	64	93	0	2
1040	180.381282	180.957753	E4	64	90	0	5
1041	180.616576	180.920498	A3	64	87	1	-4
1042	180.851870	181.195988	B3	64	87	1	-2
1043	180.851870	181.357752	E3	64	89	1	-4
1044	181.322458	181.705792	A3	64	88	1	-4
1045	181.322458	181.605792	C#4	64	88	0	2
1046	181.322458	181.854811	E4	64	89	0	5
1047	181.557752	181.788144	A3	64	89	1	-4
1048	181.793046	183.175399	D4	64	87	0	3
1049	181.793046	182.641085	D2	64	90	1	-3
1050	182.263634	182.869516	D4	64	88	0	3
1051	182.263634	182.873438	F#4	64	88	0	2
1052	182.498928	182.841085	A3	64	90	1	-4
1053	182.734222	183.204810	D3	64	81	1	-1
1054	183.204810	183.564614	F#4	64	92	0	2
1055	183.204810	183.555791	D4	64	88	0	3
1056	183.204810	183.586183	F#4	64	86	0	2
1057	183.204810	183.675398	D#3	64	81	1	-5
1058	183.675398	184.145986	E4	64	92	0	5
1059	183.675398	184.021477	E4	64	86	0	5
1060	183.675398	184.043045	B3	64	83	1	-2
1061	183.675398	184.304810	E3	64	88	1	-4
1062	184.145986	184.500888	D4	64	88	0	3
1063	184.145986	184.488143	E4	64	90	0	5
1064	184.145986	184.616574	G4	64	85	0	3
1065	184.381280	184.660692	B3	64	93	1	-2
1066	184.616574	185.016574	B3	64	90	1	-2
1067	184.616574	185.429319	A2	64	89	1	-1
1068	184.851868	184.989123	A3	64	91	1	-4
1069	185.087162	185.490103	A3	64	89	1	-4
1070	185.087162	185.363633	C#4	64	87	0	2
1071	185.087162	185.444025	E4	64	89	0	5
1072	185.557750	187.439122	D4	64	87	0	3
1073	185.557750	185.957750	D4	64	86	0	3
1074	185.557750	185.966574	A3	64	87	1	-4
1075	185.557750	186.467554	D3	64	92	1	-1
1076	186.028338	186.572456	F#4	64	93	0	2
1077	186.028338	186.629318	D4	64	88	0	3
1078	186.263632	186.564613	A3	64	90	1	-4
1079	186.498926	187.243044	A2	64	87	1	-1
1080	186.969514	187.495985	F#4	64	89	0	2
1081	186.969514	187.583240	D4	64	87	0	3
1082	187.204808	187.534220	A3	64	81	1	-4
1083	187.440102	188.354808	D3	64	86	1	-1
1084	187.910690	188.423435	D4	64	90	0	3
1085	187.910690	188.452847	F#4	64	90	0	2
1086	188.145984	188.395984	A3	64	87	1	-4
1087	188.381278	189.251866	A2	64	88	1	-1
1088	188.616572	188.936180	A3	64	88	1	-4
1089	188.851866	189.219513	D4	64	86	0	3
1090	188.851866	189.240101	F#4	64	87	0	2
1091	189.087160	189.266572	A3	64	86	1	-4
1092	189.322454	190.676375	F#4	64	88	0	2
1093	189.322454	190.217552	D3	64	93	1	-1
1094	189.793042	190.440101	D4	64	88	0	3
1095	189.793042	190.540101	F#4	64	87	0	2
1096	190.028336	190.313630	A3	64	92	1	-4
1097	190.263630	191.011669	A2	64	88	1	-1
1098	190.498924	190.802846	A3	64	86	1	-4
1099	190.734218	191.154806	D4	64	87	0	3
1100	190.734218	191.382257	F#4	64	87	0	2
1101	191.204806	191.990100	A3	64	90	1	-4
1102	191.204806	191.892061	A2	64	89	1	-1
1103	191.675394	191.773434	A3	64	80	1	-4
1104	191.675394	192.012649	C#4	64	93	0	2
1105	191.675394	192.254806	E4	64	87	0	5
1106	191.910688	192.200884	A3	64	89	1	-4
1107	192.145982	192.558727	B3	64	90	1	-2
1108	192.145982	192.562649	E3	64	86	1	-4
1109	192.381276	192.476374	A3	64	81	1	-4
1110	192.616570	192.739119	A3	64	88	1	-4
1111	192.616570	192.643041	A3	64	66	1	-4
1112	192.616570	192.985198	C#4	64	95	0	2
1113	192.616570	193.149903	E4	64	91	0	5
1114	192.616570	193.197943	A4	64	86	0	5
1115	192.851864	193.028335	B3	64	88	1	-2
1116	192.851864	193.166570	A3	64	86	1	-4
1117	193.087158	195.089118	D4	64	87	0	3
1118	193.087158	193.963629	D3	64	88	1	-1
1119	193.557746	194.295001	D4	64	88	0	3
1120	193.557746	194.328334	F#4	64	89	0	2
1121	193.793040	194.312648	A3	64	87	1	-4
1122	194.028334	194.741079	A2	64	87	1	-1
1123	194.498922	195.128334	F#4	64	92	0	2
1124	194.498922	195.159706	D4	64	88	0	3
1125	194.969510	195.871471	D3	64	90	1	-1
1126	195.440098	196.004804	D4	64	93	0	3
1127	195.440098	196.080294	F#4	64	93	0	2
1128	195.675392	195.967549	A3	64	89	1	-4
1129	195.910686	196.687157	A2	64	88	1	-1
1130	196.145980	196.262647	A3	64	90	1	-4
1131	196.616568	196.802843	A3	64	89	1	-4
1132	196.698921	196.836176	D4	64	80	0	3
1133	196.742058	196.857745	F#4	64	78	0	2
1134	196.786176	197.513627	A4	64	79	0	5
1135	196.788137	197.883234	D2	64	91	1	-3
1136	196.824411	197.454803	D5	64	87	0	5
1137	197.717548	198.137156	F#4	64	86	0	2
1138	197.725391	198.136175	A4	64	86	0	5
1139	198.172450	198.251862	D4	64	86	0	3
1140	198.513626	199.556763	A3	64	74	1	-4
1141	198.593038	199.404802	C#4	64	76	0	2
1142	198.678332	199.403822	E4	64	82	0	5
1143	198.694018	200.370488	A2	64	89	1	-1
1144	198.703822	199.393038	A4	64	84	0	5
1145	199.285194	200.395978	E3	64	88	1	-4
1146	199.847939	200.669508	B3	64	93	1	-2
1147	200.691076	200.897939	A2	64	89	1	-1
1148	200.696958	201.222448	A3	64	92	1	-4
1149	201.190095	201.585193	B3	64	87	1	-2
1150	201.750880	201.989115	A3	64	74	1	-4
1151	201.830291	201.925389	D2	64	93	1	-3
1152	201.888134	202.378330	D4	64	81	0	3
1153	202.278330	204.904800	D3	64	86	1	-1
1154	202.497938	204.878329	A3	64	74	1	-4
1155	202.634212	202.808722	D4	64	80	0	3
1156	202.789114	202.935193	E4	64	85	0	5
1157	202.944997	203.024408	F#4	64	85	0	2
1158	203.126369	203.247938	A4	64	79	0	5
1159	203.304800	203.449898	D5	64	87	0	5
1160	203.500879	203.597937	E5	64	80	0	2
1161	203.712643	203.826369	F#5	64	78	0	4
1162	203.970486	204.182251	A5	64	85	0	2
1163	204.267545	204.387153	D6	64	81	0	2
