//Version: PianoFingering_v170101
0	5.813350	6.101021	C4	64	82	0	1
1	5.813350	6.107871	D#4	64	84	0	4
2	5.813350	6.128419	G4	64	80	0	3
3	5.813350	6.621569	C3	64	89	1	-3
4	6.224309	6.642117	D#4	64	95	0	4
5	6.224309	6.643829	C4	64	91	0	1
6	6.224309	6.657528	G4	64	89	0	3
7	6.635267	6.684925	G3	64	70	1	-1
8	7.457184	7.765403	A#3	64	78	1	-3
9	7.457184	7.768828	D4	64	77	0	3
10	7.457184	7.777390	G4	64	80	0	3
11	7.457184	7.779102	G2	64	95	1	-3
12	7.868143	8.381841	G2	64	92	1	-3
13	7.868143	8.436636	A#3	64	82	1	-3
14	7.868143	8.446910	D4	64	87	0	3
15	7.868143	8.453759	G4	64	81	0	3
16	8.279101	8.368142	D3	64	79	1	-1
17	8.690060	8.839032	A#3	64	81	1	-3
18	9.101018	9.654100	C4	64	87	0	1
19	9.101018	9.703758	G#3	64	84	1	-5
20	9.101018	10.198620	G#2	64	87	1	-2
21	9.511977	9.970881	D#3	64	71	1	-5
22	9.922935	10.111291	G#3	64	87	1	-5
23	9.922935	10.202045	C4	64	92	0	1
24	9.922935	10.229442	D#4	64	88	0	4
25	10.128415	10.258552	D#3	64	87	1	-5
26	10.333894	10.582181	G#3	64	86	1	-5
27	10.539373	10.671222	C4	64	86	0	1
28	10.744852	11.051359	D4	64	88	0	3
29	10.744852	11.159236	A#3	64	82	1	-3
30	10.744852	11.854440	A#2	64	86	1	-5
31	11.155811	11.621564	F3	64	85	1	-3
32	11.361290	11.470879	A#3	64	86	1	-3
33	11.566769	11.804783	A#3	64	89	1	-3
34	11.566769	11.861290	D4	64	92	0	3
35	11.566769	11.864714	F4	64	92	0	1
36	11.772249	11.892112	F3	64	89	1	-3
37	11.977728	12.114714	A#2	64	86	1	-5
38	11.977728	12.160947	A#3	64	93	1	-3
39	12.388686	12.583892	C3	64	88	1	-3
40	12.388686	12.628412	C4	64	89	0	1
41	12.388686	12.640399	D#4	64	93	0	4
42	12.799645	13.277384	C4	64	88	0	1
43	12.799645	13.303069	D#4	64	88	0	4
44	12.799645	13.563343	C3	64	91	1	-3
45	13.210603	13.585603	G3	64	86	1	-1
46	13.621562	13.705466	D#4	64	82	0	4
47	13.621562	13.717452	C4	64	84	0	1
48	13.621562	13.755123	G4	64	81	0	3
49	14.032520	14.340739	A#3	64	76	1	-3
50	14.032520	14.344164	D4	64	82	0	3
51	14.032520	14.363000	G2	64	93	1	-3
52	14.443479	14.856150	G2	64	93	1	-3
53	14.443479	14.924643	A#3	64	86	1	-3
54	14.443479	14.929780	D4	64	88	0	3
55	14.854437	14.970876	D3	64	90	1	-1
56	15.059917	15.154095	A#3	64	85	1	-3
57	15.059917	15.344163	D4	64	88	0	3
58	15.059917	15.344163	G4	64	79	0	3
59	15.265396	15.380122	A#3	64	81	1	-3
60	15.676354	16.203751	G#3	64	81	1	-5
61	15.676354	16.214025	C4	64	81	0	1
62	15.676354	16.785942	G#2	64	87	1	-2
63	16.087313	16.539367	D#3	64	75	1	-5
64	16.498271	16.780805	D#4	64	88	0	4
65	16.498271	16.803066	C4	64	91	0	1
66	16.703751	16.835600	D#3	64	87	1	-5
67	16.909230	17.166079	G#3	64	91	1	-5
68	17.114709	17.282517	C4	64	82	0	1
69	17.320188	17.748270	A#3	64	77	1	-3
70	17.320188	17.893818	D4	64	87	0	3
71	17.320188	18.458886	A#2	64	87	1	-5
72	17.731147	18.232859	F3	64	86	1	-3
73	17.936626	18.077037	A#3	64	88	1	-3
74	18.142105	18.505119	D4	64	102	0	3
75	18.347585	18.493133	F3	64	86	1	-3
76	18.553064	18.691762	A#3	64	82	1	-3
77	18.964022	19.457173	C4	64	85	0	1
78	18.964022	19.539364	D#4	64	87	0	4
79	18.964022	20.090734	C3	64	88	1	-3
80	19.374981	20.027378	G3	64	73	1	-1
81	19.785939	20.063336	G4	64	95	0	3
82	19.991419	20.208884	D#4	64	86	0	4
83	20.196898	20.395528	C4	64	81	0	1
84	20.607856	21.097582	D4	64	82	0	3
85	20.607856	21.546212	G2	64	82	1	-3
86	20.813336	21.565047	D3	64	73	1	-1
87	21.018815	21.361280	A#3	64	82	1	-3
88	21.224294	21.489705	D4	64	88	0	3
89	21.429773	21.720869	G4	64	89	0	3
90	21.635253	21.854431	D4	64	88	0	3
91	21.840732	22.118129	A#3	64	84	1	-3
92	22.046211	22.150663	D4	64	88	0	3
93	22.251690	22.753402	G#3	64	86	1	-5
94	22.251690	22.811621	C4	64	89	0	1
95	22.251690	23.768812	G#2	64	87	1	-2
96	22.662649	23.753401	D#3	64	78	1	-5
97	23.073607	23.303059	G#3	64	82	1	-5
98	23.073607	23.547922	D#4	64	86	0	4
99	23.484566	23.767100	G#3	64	87	1	-5
100	23.895524	24.642099	D#4	64	87	0	4
101	23.895524	24.669496	C4	64	90	0	1
102	23.895524	25.349290	G#2	64	87	1	-2
103	24.717441	25.143811	G#4	64	86	0	4
104	24.922921	25.351002	G#3	64	84	1	-5
105	25.128400	25.150660	D#4	64	70	0	4
106	25.128400	25.424633	C4	64	90	0	1
107	25.539358	26.743124	G#3	64	86	1	-5
108	25.539358	26.768809	C4	64	81	0	1
109	25.539358	26.809905	D#4	64	86	0	4
110	25.539358	28.128397	G#2	64	87	1	-2
111	26.772234	27.388672	D#3	64	78	1	-5
112	27.183192	27.695178	C4	64	77	0	1
113	27.183192	27.702028	G#3	64	75	1	-5
114	27.183192	27.722575	D#4	64	77	0	4
115	27.594151	28.109561	D#3	64	67	1	-5
116	28.005109	28.772232	G#4	64	75	0	4
117	28.005109	28.782506	C4	64	79	0	1
118	28.005109	28.784218	D#4	64	78	0	4
119	28.416068	28.746547	G#3	64	74	1	-5
120	28.827026	29.148944	G4	64	88	0	3
121	28.827026	29.287642	D#4	64	82	0	4
122	28.827026	29.303053	A#3	64	79	1	-3
123	28.827026	29.304766	G4	64	80	0	3
124	28.827026	31.477709	D#3	64	87	1	-5
125	29.237985	29.479423	A#4	64	87	0	1
126	29.648943	29.946888	A#4	64	88	0	1
127	29.648943	29.801341	D#4	64	88	0	4
128	29.648943	29.844149	G4	64	88	0	3
129	30.059902	30.342436	G4	64	86	0	3
130	30.470860	31.159216	G4	64	86	0	3
131	30.470860	30.929764	D#4	64	85	0	4
132	30.470860	30.931476	G4	64	81	0	3
133	31.292777	31.614695	D#4	64	86	0	4
134	31.292777	31.445175	D#4	64	86	0	4
135	31.292777	31.748256	G4	64	87	0	3
136	31.703736	32.049626	F4	64	90	0	1
137	31.703736	31.852708	D3	64	75	1	-1
138	31.703736	31.883530	D4	64	86	0	3
139	32.114694	32.458872	G4	64	91	0	3
140	32.114694	32.376680	C4	64	80	0	1
141	32.114694	32.623256	D#4	64	83	0	4
142	32.114694	33.188324	C3	64	87	1	-3
143	32.525653	32.780790	C5	64	90	0	3
144	32.525653	32.636954	C4	64	71	0	1
145	32.936611	33.227707	C5	64	88	0	3
146	32.936611	33.104420	D#4	64	86	0	4
147	32.936611	33.111269	C4	64	83	0	1
148	32.936611	33.133529	G4	64	82	0	3
149	33.347570	33.484556	A#4	64	81	0	1
150	33.553049	35.059897	C5	64	86	0	3
151	33.758528	34.248254	C4	64	78	0	1
152	33.758528	34.255103	D#4	64	77	0	4
153	33.758528	34.272227	G4	64	75	0	3
154	34.169487	34.654076	G3	64	58	1	-1
155	34.580445	34.969144	D#4	64	87	0	4
156	34.580445	34.986267	C4	64	86	0	1
157	34.580445	34.986267	G4	64	86	0	3
158	34.991404	35.184897	A#2	64	85	1	-5
159	35.402362	35.553047	C5	64	87	0	3
160	35.402362	35.987978	D#4	64	75	0	4
161	35.402362	36.005102	G#3	64	79	1	-5
162	35.402362	38.112976	G#2	64	86	1	-2
163	35.607842	35.885239	C5	64	90	0	3
164	35.813321	37.248251	D#3	64	78	1	-5
165	36.018800	36.157499	C5	64	87	0	3
166	36.224279	36.549622	C5	64	87	0	3
167	36.224279	36.424622	G#3	64	87	1	-5
168	36.224279	36.428046	C4	64	90	0	1
169	36.224279	36.484553	D#4	64	87	0	4
170	36.635238	36.917772	A#4	64	87	0	1
171	37.046196	37.172909	C5	64	87	0	3
172	37.046196	37.426333	D#4	64	82	0	4
173	37.046196	37.486265	G#3	64	83	1	-5
174	37.251676	37.479415	C5	64	87	0	3
175	37.457155	38.095853	D#3	64	68	1	-5
176	37.662634	37.789346	C5	64	82	0	3
177	37.868113	38.130099	C5	64	87	0	3
178	37.868113	38.030785	G#3	64	86	1	-5
179	37.868113	38.106127	C4	64	89	0	1
180	37.868113	38.231127	D#4	64	87	0	4
181	38.279072	38.561606	G4	64	88	0	3
182	38.279072	38.380099	G#3	64	86	1	-5
183	38.690030	39.100989	G4	64	90	0	3
184	38.690030	39.099277	A#3	64	84	1	-3
185	38.690030	39.099277	D4	64	81	0	3
186	38.690030	41.880096	A#2	64	86	1	-5
187	39.100989	39.383523	F4	64	89	0	1
188	39.100989	41.234548	F3	64	68	1	-3
189	39.511947	39.806468	F4	64	91	0	1
190	39.511947	39.635235	A#3	64	81	1	-3
191	39.511947	39.647221	D4	64	87	0	3
192	39.511947	39.657495	F4	64	86	0	1
193	39.922906	40.261947	G4	64	87	0	3
194	39.922906	40.390371	A#3	64	78	1	-3
195	40.333864	41.693452	A#4	64	87	0	1
196	40.333864	40.515371	F4	64	81	0	1
197	40.333864	40.523933	D4	64	76	0	3
198	40.333864	40.592426	A#4	64	82	0	1
199	40.744823	40.933179	A#3	64	76	1	-3
200	41.155781	41.320165	A#3	64	86	1	-3
201	41.155781	41.332151	A#4	64	88	0	1
202	41.155781	41.359548	D4	64	95	0	3
203	41.361261	41.744822	F3	64	86	1	-3
204	41.566740	41.714000	D4	64	87	0	3
205	41.566740	41.739685	G#4	64	87	0	4
206	41.977698	42.299616	G4	64	88	0	3
207	41.977698	42.246534	A#3	64	76	1	-3
208	41.977698	42.402356	D#4	64	87	0	4
209	41.977698	42.448588	G4	64	79	0	3
210	41.977698	43.243108	D#3	64	88	1	-5
211	42.388657	42.630095	A#4	64	87	0	1
212	42.799615	43.097560	A#4	64	88	0	1
213	42.799615	42.940026	D#4	64	88	0	4
214	42.799615	42.984547	G4	64	88	0	3
215	43.210574	43.493108	G4	64	86	0	3
216	43.621532	44.309888	G4	64	86	0	3
217	43.621532	44.200299	D#4	64	87	0	4
218	43.621532	44.210573	G4	64	85	0	3
219	43.621532	44.943449	D#3	64	83	1	-5
220	44.443449	44.765367	D#4	64	86	0	4
221	44.443449	44.585573	D#4	64	90	0	4
222	44.443449	44.696874	G4	64	91	0	3
223	44.854408	45.200298	F4	64	90	0	1
224	44.854408	45.107832	D4	64	95	0	3
225	45.265366	45.609544	G4	64	91	0	3
226	45.265366	45.535914	D#4	64	86	0	4
227	45.265366	45.599270	C4	64	80	0	1
228	45.265366	46.782488	C3	64	87	1	-3
229	45.676325	45.931462	C5	64	90	0	3
230	45.676325	46.799612	G3	64	66	1	-1
231	46.087283	46.378379	C5	64	88	0	3
232	46.087283	46.193448	C4	64	83	0	1
233	46.087283	46.195160	D#4	64	87	0	4
234	46.087283	46.215708	G4	64	85	0	3
235	46.498242	46.635228	A#4	64	81	0	1
236	46.703721	48.210569	C5	64	86	0	3
237	46.909200	47.527351	D#4	64	81	0	4
238	46.909200	47.537624	G4	64	79	0	3
239	46.909200	48.077008	C3	64	87	1	-3
240	47.320159	47.880090	G3	64	74	1	-1
241	47.731117	47.910912	D#4	64	89	0	4
242	47.731117	48.078720	G4	64	92	0	3
243	48.553034	48.703719	C5	64	87	0	3
244	48.553034	49.018787	C4	64	85	0	1
245	48.553034	49.022212	D#4	64	86	0	4
246	48.553034	49.025637	G#3	64	82	1	-5
247	48.553034	50.059882	G#2	64	87	1	-2
248	48.758514	49.035911	C5	64	90	0	3
249	48.963993	50.083855	D#3	64	74	1	-5
250	49.169472	49.308171	C5	64	87	0	3
251	49.374951	49.700294	C5	64	87	0	3
252	49.374951	49.419472	G#3	64	78	1	-5
253	49.374951	49.482828	C4	64	90	0	1
254	49.374951	49.513650	D#4	64	88	0	4
255	49.785910	50.068444	A#4	64	87	0	1
256	49.785910	50.825292	G#3	64	87	1	-5
257	50.196868	50.323581	C5	64	87	0	3
258	50.196868	50.811594	D#4	64	86	0	4
259	50.196868	51.249950	G#2	64	82	1	-2
260	50.402348	50.630087	C5	64	87	0	3
261	50.607827	51.229402	D#3	64	73	1	-5
262	50.813306	50.940018	C5	64	82	0	3
263	51.018785	51.280771	C5	64	87	0	3
264	51.018785	51.066731	G#3	64	71	1	-5
265	51.018785	51.357826	C4	64	89	0	1
266	51.018785	51.489675	D#4	64	88	0	4
267	51.429744	51.712278	A#4	64	88	0	1
268	51.429744	51.700292	G#2	64	87	1	-2
269	51.840702	52.251661	A#4	64	90	0	1
270	51.840702	52.402346	A#3	64	82	1	-3
271	51.840702	53.261934	A#2	64	87	1	-5
272	52.251661	52.534195	A#4	64	89	0	1
273	52.251661	52.996523	F3	64	86	1	-3
274	52.662619	52.957140	A#4	64	91	0	1
275	52.662619	52.847551	A#3	64	84	1	-3
276	52.662619	52.874948	D4	64	86	0	3
277	52.662619	52.883510	F4	64	87	0	1
278	53.073578	53.279057	C5	64	87	0	3
279	53.073578	53.558167	A#3	64	87	1	-3
280	53.279057	54.638645	D5	64	87	0	5
281	53.484536	53.886933	A#4	64	82	0	1
282	53.484536	53.893783	D4	64	82	0	3
283	53.484536	53.907481	F4	64	86	0	1
284	53.484536	54.535905	A#2	64	87	1	-5
285	53.895495	54.496522	F3	64	79	1	-3
286	54.306453	54.602686	A#3	64	88	1	-3
287	54.306453	54.650631	F4	64	90	0	1
288	54.306453	54.666042	D4	64	97	0	3
289	54.306453	54.672891	A#4	64	86	0	1
290	54.717412	54.864672	A#2	64	86	1	-5
291	55.128370	55.412617	B3	64	74	1	-2
292	55.128370	55.431452	G3	64	77	1	-1
293	55.128370	55.445151	D4	64	80	0	3
294	55.128370	55.452000	G2	64	88	1	-3
295	55.539329	55.732822	D5	64	74	0	5
296	55.539329	56.614670	D4	64	81	0	3
297	55.539329	56.635218	G4	64	84	0	3
298	55.539329	56.638643	B3	64	86	1	-2
299	55.539329	56.643780	G3	64	90	1	-1
300	55.539329	56.693437	G2	64	86	1	-3
301	55.950287	56.210561	D5	64	90	0	5
302	56.361246	56.494807	D5	64	92	0	5
303	56.772204	57.183163	D5	64	90	0	5
304	56.772204	57.412615	B3	64	82	1	-2
305	56.772204	57.429738	D4	64	80	0	3
306	56.772204	57.448574	G3	64	78	1	-1
307	56.772204	57.787614	G2	64	93	1	-3
308	57.183163	57.446861	G4	64	93	0	3
309	57.594121	57.854395	G4	64	93	0	3
310	57.594121	57.797888	G3	64	87	1	-1
311	57.594121	57.803025	D4	64	88	0	3
312	57.594121	57.806450	B3	64	88	1	-2
313	57.594121	57.919464	G4	64	83	0	3
314	58.005080	58.188299	F5	64	90	0	3
315	58.005080	58.111244	D3	64	86	1	-1
316	58.416038	58.724257	F5	64	88	0	3
317	58.416038	58.666038	C4	64	80	0	1
318	58.416038	58.859531	G4	64	79	0	3
319	58.416038	58.868093	D#4	64	85	0	4
320	58.416038	59.398914	C3	64	89	1	-3
321	58.826997	59.078709	D#5	64	93	0	1
322	58.826997	58.999942	C4	64	86	0	1
323	59.237955	59.546174	D#5	64	93	0	1
324	59.237955	59.451996	C4	64	89	0	1
325	59.237955	59.515352	D#4	64	93	0	4
326	59.237955	59.568435	G4	64	89	0	3
327	59.648914	59.811585	D5	64	87	0	5
328	59.648914	59.777338	C4	64	83	0	1
329	59.648914	59.921174	G3	64	77	1	-1
330	59.854393	61.607816	C5	64	88	0	3
331	60.059872	60.614666	C4	64	85	0	1
332	60.059872	60.638639	D#4	64	86	0	4
333	60.059872	61.106104	C3	64	87	1	-3
334	60.470831	60.914324	G3	64	69	1	-1
335	60.881789	61.094118	C4	64	90	0	1
336	60.881789	61.114666	D#4	64	93	0	4
337	60.881789	61.121515	G4	64	93	0	3
338	61.087269	61.232816	G3	64	82	1	-1
339	61.292748	61.404049	C3	64	90	1	-3
340	61.703706	62.015350	B3	64	76	1	-2
341	61.703706	62.027336	D4	64	86	0	3
342	61.703706	62.029049	G3	64	83	1	-1
343	61.703706	63.227678	G2	64	100	1	-3
344	62.114665	62.308158	D5	64	74	0	5
345	62.114665	62.588980	D4	64	92	0	3
346	62.114665	62.606103	G3	64	88	1	-1
347	62.114665	62.803020	B3	64	92	1	-2
348	62.525623	62.785897	D5	64	90	0	5
349	62.525623	63.323568	D3	64	81	1	-1
350	62.936582	63.070143	D5	64	92	0	5
351	62.936582	64.029047	G3	64	88	1	-1
352	63.347540	63.758499	D5	64	90	0	5
353	63.347540	63.765348	D4	64	88	0	3
354	63.347540	63.857814	G4	64	85	0	3
355	63.347540	63.878362	B3	64	87	1	-2
356	63.347540	64.042745	G2	64	97	1	-3
357	63.758499	64.022197	G4	64	93	0	3
358	64.169457	64.429731	G4	64	93	0	3
359	64.169457	64.311581	B3	64	89	1	-2
360	64.169457	64.315005	D4	64	92	0	3
361	64.169457	64.448567	G4	64	87	0	3
362	64.374937	64.496512	D3	64	87	1	-1
363	64.580416	64.763635	F5	64	90	0	3
364	64.580416	64.686580	G2	64	84	1	-3
365	64.991374	65.299593	F5	64	88	0	3
366	64.991374	65.200278	C4	64	86	0	1
367	64.991374	65.474251	D#4	64	87	0	4
368	64.991374	65.520484	G4	64	82	0	3
369	64.991374	65.999935	C3	64	88	1	-3
370	65.402333	65.654045	D#5	64	93	0	1
371	65.402333	65.575278	C4	64	83	0	1
372	65.813291	66.121510	D#5	64	93	0	1
373	65.813291	66.065004	C4	64	92	0	1
374	65.813291	66.494798	D#4	64	93	0	4
375	65.813291	66.501647	G4	64	95	0	3
376	66.224250	66.386921	D5	64	87	0	5
377	66.224250	66.482811	C4	64	87	0	1
378	66.429729	67.868084	D#5	64	88	0	1
379	66.635208	66.885208	A#3	64	88	1	-3
380	66.635208	67.256783	D#4	64	88	0	4
381	66.635208	67.263632	G4	64	88	0	3
382	66.635208	67.797879	A#2	64	87	1	-5
383	67.046167	67.297879	A#3	64	80	1	-3
384	67.457125	67.630070	A#3	64	88	1	-3
385	67.457125	67.880070	G4	64	87	0	3
386	67.457125	67.902330	D#4	64	93	0	4
387	67.868084	68.181440	C5	64	93	0	3
388	67.868084	67.999933	A#3	64	85	1	-3
389	68.279042	68.582124	G5	64	87	0	5
390	68.279042	68.609522	G#3	64	83	1	-5
391	68.279042	68.626645	C4	64	81	0	1
392	68.279042	68.638631	D#4	64	86	0	4
393	68.279042	69.541028	G#2	64	87	1	-2
394	68.690001	68.940001	F5	64	89	0	3
395	68.690001	69.241370	D#3	64	72	1	-5
396	69.100959	69.378356	F5	64	92	0	3
397	69.100959	69.241370	G#3	64	89	1	-5
398	69.100959	69.258494	C4	64	92	0	1
399	69.100959	69.285891	D#4	64	91	0	4
400	69.511918	69.775616	D#5	64	97	0	1
401	69.511918	69.618082	D#3	64	87	1	-5
402	69.717397	70.121506	G#3	64	89	1	-5
403	69.922876	70.243082	D#5	64	93	0	1
404	69.922876	70.330410	C4	64	88	0	1
405	69.922876	70.333835	G#4	64	86	0	4
406	69.922876	70.344109	D#4	64	87	0	4
407	69.922876	71.008492	G#2	64	87	1	-2
408	70.333835	70.654040	C5	64	90	0	3
409	70.333835	70.784177	D#3	64	76	1	-5
410	70.539314	70.623218	G#3	64	73	1	-5
411	70.744793	70.869793	C5	64	88	0	3
412	70.744793	70.969108	G#3	64	87	1	-5
413	70.744793	71.008492	C4	64	92	0	1
414	70.744793	71.020478	D#4	64	91	0	4
415	70.950273	71.431437	D#5	64	88	0	1
416	70.950273	71.073560	D#3	64	90	1	-5
417	71.155752	71.386916	G#3	64	93	1	-5
418	71.361231	71.482806	C4	64	86	0	1
419	71.566710	71.874929	D5	64	87	0	5
420	71.566710	71.941710	D4	64	92	0	3
421	71.566710	71.958833	A#3	64	80	1	-3
422	71.566710	72.618079	A#2	64	87	1	-5
423	71.977669	72.107806	D5	64	82	0	5
424	71.977669	72.467394	F3	64	87	1	-3
425	72.183148	72.292737	D5	64	87	0	5
426	72.388627	72.660887	D5	64	87	0	5
427	72.388627	72.535888	A#3	64	88	1	-3
428	72.388627	72.537600	F4	64	92	0	1
429	72.388627	72.554723	D4	64	91	0	3
430	72.594107	72.705408	F3	64	89	1	-3
431	72.799586	73.059860	D#5	64	92	0	1
432	72.799586	73.046161	A#3	64	86	1	-3
433	73.005065	73.118079	D4	64	88	0	3
434	73.210544	73.669448	F5	64	92	0	3
435	73.210544	73.640339	A#3	64	87	1	-3
436	73.210544	73.655749	A#4	64	86	0	1
437	73.210544	73.666023	D4	64	91	0	3
438	73.210544	73.674585	F4	64	89	0	1
439	73.210544	74.279037	A#2	64	90	1	-5
440	73.621503	74.090681	F3	64	87	1	-3
441	73.826982	73.933146	A#4	64	92	0	1
442	73.826982	73.948557	A#3	64	87	1	-3
443	74.032461	74.159174	D#5	64	93	0	1
444	74.032461	74.249927	A#3	64	90	1	-3
445	74.032461	74.279037	F4	64	100	0	1
446	74.032461	74.282461	D4	64	97	0	3
447	74.032461	74.308146	A#4	64	89	0	1
448	74.237941	74.767050	F5	64	92	0	3
449	74.237941	74.347530	F3	64	100	1	-3
450	74.443420	74.583831	A#3	64	100	1	-3
451	74.854378	75.047871	G5	64	87	0	5
452	74.854378	75.018762	A#3	64	88	1	-3
453	74.854378	75.167734	D#4	64	88	0	4
454	74.854378	75.696843	D#3	64	95	1	-5
455	75.128351	75.285885	G5	64	87	0	5
456	75.265337	75.318419	D#4	64	62	0	4
457	75.265337	75.417734	A#3	64	85	1	-3
458	75.402323	75.570131	G5	64	87	0	5
459	75.676295	75.869788	G5	64	89	0	5
460	75.676295	75.854377	A#3	64	88	1	-3
461	75.676295	75.948555	G4	64	100	0	3
462	75.676295	75.958829	D#4	64	95	0	4
463	75.950268	76.148898	F5	64	92	0	3
464	76.087254	76.344103	A#3	64	88	1	-3
465	76.224240	76.414308	D#5	64	90	0	1
466	76.498212	76.686568	G5	64	90	0	5
467	76.498212	76.707116	A#3	64	86	1	-3
468	76.498212	76.987938	G4	64	83	0	3
469	76.498212	76.998212	D#4	64	87	0	4
470	76.498212	77.570129	D#3	64	88	1	-5
471	76.772185	76.929719	G5	64	86	0	5
472	76.909171	77.054719	A#3	64	76	1	-3
473	77.046157	77.220814	G5	64	89	0	5
474	77.320129	77.520472	G5	64	88	0	5
475	77.320129	77.777321	A#3	64	87	1	-3
476	77.320129	77.842389	D#4	64	90	0	4
477	77.320129	77.898896	G4	64	87	0	3
478	77.594102	77.767047	F5	64	90	0	3
479	77.731088	77.912595	A#2	64	87	1	-5
480	77.868074	78.025608	D#5	64	90	0	1
481	78.142046	78.314991	D#5	64	86	0	1
482	78.142046	78.332115	C4	64	86	0	1
483	78.142046	78.595813	D#4	64	87	0	4
484	78.142046	78.599238	G4	64	88	0	3
485	78.142046	79.111224	C3	64	92	1	-3
486	78.416019	78.580402	D#5	64	80	0	1
487	78.553005	78.705402	C4	64	79	0	1
488	78.689991	78.850950	D#5	64	82	0	1
489	78.963963	79.253347	D#5	64	84	0	1
490	78.963963	79.220813	C4	64	88	0	1
491	78.963963	79.316703	D#4	64	91	0	4
492	78.963963	79.354374	G4	64	89	0	3
493	79.374922	79.785880	D5	64	84	0	5
494	79.374922	79.611223	G3	64	82	1	-1
495	79.580401	79.725949	C4	64	82	0	1
496	79.785880	80.405743	C5	64	86	0	3
497	79.785880	80.159168	C4	64	88	0	1
498	79.785880	80.241359	D#4	64	88	0	4
499	79.785880	80.243072	G4	64	87	0	3
500	79.785880	80.825263	C3	64	92	1	-3
501	80.196839	80.748208	G3	64	86	1	-1
502	80.402318	80.511907	C4	64	86	0	1
503	80.580400	80.897181	C5	64	97	0	3
504	80.607797	81.022181	D#4	64	92	0	4
505	80.607797	81.041016	G4	64	89	0	3
506	80.607797	81.053002	C4	64	91	0	1
507	80.975948	81.243071	D#5	64	95	0	1
508	81.018756	81.220811	A#2	64	88	1	-5
509	81.352660	81.582112	F5	64	89	0	3
510	81.429714	81.826974	C4	64	87	0	1
511	81.429714	81.830399	D#4	64	84	0	4
512	81.429714	81.832111	G#3	64	83	1	-5
513	81.429714	82.756768	G#2	64	88	1	-2
514	81.676290	81.845810	F5	64	88	0	3
515	81.840673	82.383481	D#3	64	76	1	-5
516	81.953687	82.119782	F5	64	90	0	3
517	82.222522	82.436563	F5	64	88	0	3
518	82.251631	82.667727	G#3	64	87	1	-5
519	82.251631	82.674576	C4	64	92	0	1
520	82.251631	82.701973	D#4	64	89	0	4
521	82.520467	82.720809	D#5	64	93	0	1
522	82.662590	82.890329	D#3	64	86	1	-5
523	82.773891	82.957110	C5	64	92	0	3
524	82.868069	83.064987	D#4	64	74	0	4
525	82.868069	83.070124	C4	64	79	0	1
526	82.868069	83.361219	G#3	64	91	1	-5
527	83.049576	83.243069	F5	64	90	0	3
528	83.073548	84.121493	G#2	64	89	1	-2
529	83.332110	83.505055	F5	64	87	0	3
530	83.484507	83.993068	D#3	64	83	1	-5
531	83.609507	83.775603	F5	64	90	0	3
532	83.864644	84.083821	F5	64	88	0	3
533	83.895465	84.191698	G#3	64	91	1	-5
534	83.895465	84.198547	C4	64	97	0	1
535	83.895465	84.251629	D#4	64	89	0	4
536	84.306424	84.542725	D#5	64	93	0	1
537	84.306424	84.434848	D#3	64	88	1	-5
538	84.705396	85.073546	G5	64	86	0	5
539	84.717382	85.059848	A#3	64	86	1	-3
540	84.717382	85.109505	F4	64	88	0	1
541	84.717382	85.112930	D4	64	88	0	3
542	84.717382	85.724231	A#2	64	89	1	-5
543	85.061560	85.380053	F5	64	92	0	3
544	85.128341	85.602656	F3	64	79	1	-3
545	85.539299	85.837244	F5	64	92	0	3
546	85.539299	85.852655	F4	64	91	0	1
547	85.539299	85.854368	A#3	64	86	1	-3
548	85.539299	85.902313	D4	64	92	0	3
549	85.950258	86.076970	D#5	64	93	0	1
550	85.950258	86.143751	F3	64	80	1	-3
551	86.155737	86.296148	C5	64	88	0	3
552	86.155737	86.791011	A#3	64	100	1	-3
553	86.361216	86.772175	A#4	64	86	0	1
554	86.361216	87.109503	A#2	64	90	1	-5
555	86.772175	87.073545	F3	64	93	1	-3
556	86.977654	87.083818	A#4	64	92	0	1
557	86.977654	87.097517	A#3	64	89	1	-3
558	87.183133	87.309846	D#5	64	93	0	1
559	87.183133	87.585530	A#3	64	88	1	-3
560	87.183133	87.597517	D3	64	97	1	-1
561	87.183133	87.597517	D4	64	97	0	3
562	87.183133	87.655736	F4	64	93	0	1
563	87.388613	87.917722	F5	64	92	0	3
564	87.594092	87.677996	F3	64	97	1	-3
565	88.005050	88.198543	G5	64	87	0	5
566	88.005050	88.260187	A#3	64	87	1	-3
567	88.005050	88.475940	D#4	64	86	0	4
568	88.005050	88.481077	G4	64	80	0	3
569	88.005050	89.404022	D#2	64	97	1	-2
570	88.279023	88.436557	G5	64	87	0	5
571	88.416009	88.583817	A#3	64	75	1	-3
572	88.552995	88.720803	G5	64	87	0	5
573	88.826967	89.020460	G5	64	89	0	5
574	88.826967	89.272172	A#3	64	88	1	-3
575	88.826967	89.350940	D#4	64	92	0	4
576	88.826967	89.398885	G4	64	89	0	3
577	89.100940	89.299570	F5	64	92	0	3
578	89.374912	89.564980	D#5	64	90	0	1
579	89.443405	89.475939	G4	64	67	0	3
580	89.443405	89.612926	A#2	64	86	1	-5
581	89.443405	89.734501	A#3	64	88	1	-3
582	89.648884	89.837240	G5	64	90	0	5
583	89.648884	90.784157	D#2	64	100	1	-2
584	89.922857	90.080391	G5	64	86	0	5
585	90.059843	90.237925	A#3	64	91	1	-3
586	90.196829	90.371486	G5	64	89	0	5
587	90.470801	90.671144	G5	64	88	0	5
588	90.470801	90.672856	A#3	64	90	1	-3
589	90.470801	90.939979	D#4	64	89	0	4
590	90.470801	90.948541	G4	64	90	0	3
591	90.744774	90.917719	F5	64	90	0	3
592	90.881760	91.011897	A#3	64	87	1	-3
593	91.018746	91.176280	D#5	64	90	0	1
594	91.292718	91.465663	F5	64	86	0	3
595	91.292718	91.520458	C4	64	86	0	1
596	91.292718	91.720800	D#4	64	84	0	4
597	91.292718	91.722513	G4	64	87	0	3
598	91.292718	92.244772	C3	64	87	1	-3
599	91.566691	91.731074	D#5	64	80	0	1
600	91.703677	91.833814	C4	64	76	0	1
601	91.840663	92.001622	D#5	64	82	0	1
602	92.114635	92.404019	D#5	64	84	0	1
603	92.114635	92.491347	C4	64	89	0	1
604	92.114635	92.513608	D#4	64	90	0	4
605	92.114635	92.558128	G4	64	89	0	3
606	92.525594	92.936552	D5	64	84	0	5
607	92.525594	92.792717	G3	64	88	1	-1
608	92.731073	92.852648	C4	64	86	0	1
609	92.936552	93.556415	D#5	64	86	0	1
610	92.936552	93.393744	C4	64	85	0	1
611	92.936552	93.421141	D#4	64	85	0	4
612	92.936552	93.462237	G4	64	85	0	3
613	92.936552	94.015319	C3	64	89	1	-3
614	93.347511	93.826963	G3	64	82	1	-1
615	93.552990	93.664291	C4	64	88	0	1
616	93.758469	93.909154	C4	64	91	0	1
617	93.758469	94.443400	D#4	64	93	0	4
618	93.758469	94.475934	G4	64	88	0	3
619	93.963949	94.162579	C4	64	87	0	1
620	94.169428	94.374907	C5	64	97	0	3
621	94.169428	94.409154	A#2	64	89	1	-5
622	94.374907	94.563263	C4	64	89	0	1
623	94.558126	94.580386	D#5	64	92	0	1
624	94.580386	95.938262	G#2	64	89	1	-2
625	94.785866	95.505043	D#3	64	79	1	-5
626	94.979359	95.280728	D5	64	87	0	5
627	94.991345	95.232783	G#3	64	88	1	-5
628	95.397166	95.743057	D#5	64	97	0	1
629	95.402303	95.765317	G#3	64	87	1	-5
630	95.402303	95.813262	C4	64	88	0	1
631	95.402303	95.852645	D#4	64	86	0	4
632	95.813262	96.083810	D#3	64	79	1	-5
633	96.003330	96.176275	D#5	64	97	0	1
634	96.212234	96.499905	F5	64	87	0	3
635	96.224220	96.640316	A#3	64	83	1	-3
636	96.224220	96.684836	D4	64	87	0	3
637	96.224220	97.289288	A#2	64	87	1	-5
638	96.594083	96.883466	F5	64	93	0	3
639	96.635179	97.326959	F3	64	83	1	-3
640	97.046137	97.203672	D#5	64	95	0	1
641	97.046137	97.392028	A#3	64	87	1	-3
642	97.046137	97.400589	D4	64	95	0	3
643	97.046137	97.441685	F4	64	90	0	1
644	97.251617	97.802986	D5	64	87	0	5
645	97.457096	97.647164	A#2	64	88	1	-5
646	97.868054	100.330381	D#5	64	90	0	1
647	97.868054	98.080383	A#3	64	85	1	-3
648	97.868054	98.491342	D#4	64	87	0	4
649	97.868054	98.883464	D#3	64	95	1	-5
650	98.279013	98.520451	A#3	64	85	1	-3
651	98.689971	98.912574	A#3	64	89	1	-3
652	98.689971	99.015314	D#4	64	95	0	4
653	98.689971	99.217368	G4	64	92	0	3
654	99.100930	99.241341	A#3	64	80	1	-3
655	99.511888	99.885176	A#3	64	86	1	-3
656	99.511888	99.967367	D4	64	88	0	3
657	99.511888	100.530723	A#2	64	87	1	-5
658	99.922847	100.385175	F3	64	85	1	-3
659	100.333805	100.523874	A#3	64	87	1	-3
660	100.333805	100.630038	D4	64	102	0	3
661	100.333805	100.640312	F4	64	93	0	1
662	100.539285	100.669422	F3	64	90	1	-3
663	100.744764	100.900586	A#3	64	90	1	-3
664	101.155722	101.614626	G#3	64	86	1	-5
665	101.155722	101.628325	C4	64	86	0	1
666	101.155722	102.229352	G#2	64	87	1	-2
667	101.566681	102.052982	D#3	64	86	1	-5
668	101.977639	102.154009	G#3	64	87	1	-5
669	101.977639	102.165995	C4	64	92	0	1
670	101.977639	102.189968	D#4	64	88	0	4
671	102.183119	102.309831	D#3	64	84	1	-5
672	102.388598	102.510173	G#2	64	88	1	-2
673	102.799556	102.885173	D#2	64	91	1	-2
674	102.799556	103.011885	A#3	64	85	1	-3
675	102.799556	103.059830	D#4	64	87	0	4
676	102.799556	103.136885	G4	64	86	0	3
677	103.210515	103.921131	D#3	64	87	1	-5
678	103.415994	103.859487	A#3	64	87	1	-3
679	103.621473	103.881747	D#4	64	90	0	4
680	103.826953	104.040994	G4	64	102	0	3
681	104.032432	104.284144	D#4	64	90	0	4
682	104.443390	105.118047	C5	64	87	0	3
683	104.443390	105.217362	C3	64	87	1	-3
684	104.648870	105.099212	G4	64	87	0	3
685	104.854349	105.121472	D#4	64	88	0	4
686	105.059828	105.232773	C4	64	95	0	1
687	105.265307	105.333801	C4	64	77	0	1
688	105.265307	105.695102	G4	64	103	0	3
689	105.265307	105.698526	G3	64	88	1	-1
690	105.470787	105.760170	C4	64	87	0	1
691	105.676266	105.898868	D#4	64	85	0	4
692	105.881745	106.160855	C4	64	78	0	1
693	106.087224	106.308115	F4	64	86	0	1
694	106.087224	107.135169	F3	64	89	1	-3
695	106.292704	106.542703	C4	64	88	0	1
696	106.498183	106.768731	F4	64	87	0	1
697	106.703662	106.844073	C4	64	86	0	1
698	106.909141	107.073525	C4	64	90	0	1
699	106.909141	107.232771	F4	64	95	0	1
700	106.909141	107.395442	G#4	64	90	0	4
701	107.114621	107.258456	G#3	64	83	1	-5
702	107.320100	107.602634	C4	64	89	0	1
703	107.525579	107.599209	F4	64	80	0	1
704	107.731058	107.962223	A#3	64	82	1	-3
705	107.731058	108.097496	D4	64	86	0	3
706	107.731058	109.227632	A#2	64	86	1	-5
707	107.936538	109.222495	F3	64	88	1	-3
708	108.142017	108.517017	A#3	64	87	1	-3
709	108.347496	108.604345	D4	64	92	0	3
710	108.552975	108.873181	F4	64	91	0	1
711	108.758455	108.974208	D4	64	95	0	3
712	108.963934	109.236194	A#3	64	90	1	-3
713	109.169413	109.299550	D4	64	85	0	3
714	109.374892	109.724207	A#3	64	87	1	-3
715	109.374892	109.744755	F4	64	90	0	1
716	109.374892	109.777289	D4	64	93	0	3
717	109.374892	109.881741	A#2	64	90	1	-5
718	110.196809	110.496467	B2	64	81	1	-4
719	110.196809	110.523864	B3	64	80	1	-2
720	110.196809	110.563247	B4	64	80	0	2
721	111.018726	111.532425	D#4	64	82	0	4
722	111.018726	111.537562	G4	64	80	0	3
723	111.018726	111.544411	C4	64	81	0	1
724	111.018726	113.573518	C3	64	88	1	-3
725	111.429685	112.082082	G3	64	73	1	-1
726	111.840643	111.996465	C4	64	87	0	1
727	111.840643	112.138588	D#4	64	89	0	4
728	111.840643	112.167698	G4	64	88	0	3
729	112.251602	112.558108	C4	64	86	0	1
730	112.457081	113.753313	C5	64	88	0	3
731	113.278998	113.588929	G3	64	81	1	-1
732	113.484477	113.850915	C4	64	88	0	1
733	113.689957	113.905710	D#4	64	78	0	4
734	113.895436	114.040984	G4	64	82	0	3
735	114.306394	114.763586	G#3	64	81	1	-5
736	114.306394	114.878312	D#4	64	85	0	4
737	114.306394	115.874886	G#2	64	87	1	-2
738	114.717353	115.847489	D#3	64	83	1	-5
739	114.922832	115.448517	G#3	64	87	1	-5
740	115.128311	115.410845	C4	64	85	0	1
741	115.333791	115.689955	D#4	64	84	0	4
742	115.539270	115.787557	G#4	64	87	0	4
743	115.744749	115.888585	G#3	64	82	1	-5
744	115.950228	117.246460	C4	64	82	0	1
745	115.950228	117.299542	D#4	64	82	0	4
746	115.950228	117.318378	G#3	64	81	1	-5
747	115.950228	117.455364	G#2	64	84	1	-2
748	117.594062	117.900569	C4	64	81	0	1
749	117.594062	117.907418	G#3	64	81	1	-5
750	117.594062	117.922829	D#4	64	81	0	4
751	117.594062	117.939953	G#2	64	87	1	-2
752	118.005021	118.219062	G#2	64	86	1	-2
753	118.005021	118.251596	C4	64	80	0	1
754	118.005021	118.253308	G#3	64	80	1	-5
755	118.005021	118.260158	D#4	64	85	0	4
756	118.415979	118.630020	G#2	64	88	1	-2
757	118.415979	118.652281	G#3	64	83	1	-5
758	118.415979	118.659130	C4	64	86	0	1
759	118.415979	118.659130	D#4	64	86	0	4
760	118.826938	119.082075	G#2	64	87	1	-2
761	118.826938	119.097486	G#3	64	87	1	-5
762	118.826938	119.099198	C4	64	87	0	1
763	118.826938	119.109472	D#4	64	88	0	4
764	119.237896	119.640293	G#2	64	90	1	-2
765	119.237896	119.681389	G#3	64	88	1	-5
766	119.237896	119.688238	C4	64	88	0	1
767	119.237896	119.720773	D#4	64	88	0	4
768	120.059813	120.436525	D4	64	86	0	3
769	120.059813	120.474197	F4	64	88	0	1
770	120.059813	120.511868	A#3	64	84	1	-3
771	120.059813	120.600909	A#2	64	87	1	-5
772	120.881730	121.527278	C4	64	81	0	1
773	120.881730	121.561524	G#3	64	79	1	-5
774	120.881730	122.325222	G#2	64	86	1	-2
775	121.292689	122.284126	D#3	64	75	1	-5
776	121.498168	121.994743	D#4	64	82	0	4
777	121.909127	122.311524	G#4	64	81	0	4
778	122.114606	122.309811	G#3	64	76	1	-5
779	122.525564	123.472481	G#2	64	84	1	-2
780	122.525564	124.076933	G#3	64	74	1	-5
781	122.525564	124.078645	C4	64	76	0	1
782	122.525564	124.100905	D#4	64	76	0	4
783	124.169398	124.491316	G4	64	88	0	3
784	124.169398	124.630014	D#4	64	82	0	4
785	124.169398	124.645425	A#3	64	79	1	-3
786	124.169398	124.647138	G4	64	80	0	3
787	124.169398	126.820081	D#3	64	87	1	-5
788	124.580357	124.821795	A#4	64	87	0	1
789	124.991315	125.289260	A#4	64	88	0	1
790	124.991315	125.143713	D#4	64	88	0	4
791	124.991315	125.186521	G4	64	88	0	3
792	125.402274	125.684808	G4	64	86	0	3
793	125.813232	126.501588	G4	64	86	0	3
794	125.813232	126.272136	D#4	64	85	0	4
795	125.813232	126.273848	G4	64	81	0	3
796	126.635149	126.957067	D#4	64	86	0	4
797	126.635149	126.787547	D#4	64	86	0	4
798	126.635149	127.090628	G4	64	87	0	3
799	127.046108	127.391998	F4	64	90	0	1
800	127.046108	127.195080	D3	64	75	1	-1
801	127.046108	127.225902	D4	64	86	0	3
802	127.457066	127.801244	G4	64	91	0	3
803	127.457066	127.719052	C4	64	80	0	1
804	127.457066	127.965628	D#4	64	83	0	4
805	127.457066	128.530696	C3	64	87	1	-3
806	127.868025	128.123162	C5	64	90	0	3
807	127.868025	127.979326	C4	64	71	0	1
808	128.278983	128.570079	C5	64	88	0	3
809	128.278983	128.446792	D#4	64	86	0	4
810	128.278983	128.453641	C4	64	83	0	1
811	128.278983	128.475901	G4	64	82	0	3
812	128.689942	128.826928	A#4	64	81	0	1
813	128.895421	130.402269	C5	64	86	0	3
814	129.100900	129.590626	C4	64	78	0	1
815	129.100900	129.597475	D#4	64	77	0	4
816	129.100900	129.614599	G4	64	75	0	3
817	129.511859	129.996448	G3	64	58	1	-1
818	129.922817	130.311516	D#4	64	87	0	4
819	129.922817	130.328639	C4	64	86	0	1
820	129.922817	130.328639	G4	64	86	0	3
821	130.333776	130.527269	A#2	64	85	1	-5
822	130.744734	130.895419	C5	64	87	0	3
823	130.744734	131.330350	D#4	64	75	0	4
824	130.744734	131.347474	G#3	64	79	1	-5
825	130.744734	133.455348	G#2	64	86	1	-2
826	130.950214	131.227611	C5	64	90	0	3
827	131.155693	132.590623	D#3	64	78	1	-5
828	131.361172	131.499871	C5	64	87	0	3
829	131.566651	131.891994	C5	64	87	0	3
830	131.566651	131.766994	G#3	64	87	1	-5
831	131.566651	131.770418	C4	64	90	0	1
832	131.566651	131.826925	D#4	64	87	0	4
833	131.977610	132.260144	A#4	64	87	0	1
834	132.388568	132.515281	C5	64	87	0	3
835	132.388568	132.768705	D#4	64	82	0	4
836	132.388568	132.828637	G#3	64	83	1	-5
837	132.594048	132.821787	C5	64	87	0	3
838	132.799527	133.438225	D#3	64	68	1	-5
839	133.005006	133.131718	C5	64	82	0	3
840	133.210485	133.472471	C5	64	87	0	3
841	133.210485	133.373157	G#3	64	86	1	-5
842	133.210485	133.448499	C4	64	89	0	1
843	133.210485	133.573499	D#4	64	87	0	4
844	133.621444	133.903978	G4	64	88	0	3
845	133.621444	133.722471	G#3	64	86	1	-5
846	134.032402	134.443361	G4	64	90	0	3
847	134.032402	134.441649	A#3	64	84	1	-3
848	134.032402	134.441649	D4	64	81	0	3
849	134.032402	137.222468	A#2	64	86	1	-5
850	134.443361	134.725895	F4	64	89	0	1
851	134.443361	136.576920	F3	64	68	1	-3
852	134.854319	135.148840	F4	64	91	0	1
853	134.854319	134.977607	A#3	64	81	1	-3
854	134.854319	134.989593	D4	64	87	0	3
855	134.854319	134.999867	F4	64	86	0	1
856	135.265278	135.604319	G4	64	87	0	3
857	135.265278	135.732743	A#3	64	78	1	-3
858	135.676236	137.035824	A#4	64	87	0	1
859	135.676236	135.857743	F4	64	81	0	1
860	135.676236	135.866305	D4	64	76	0	3
861	135.676236	135.934798	A#4	64	82	0	1
862	136.087195	136.275551	A#3	64	76	1	-3
863	136.498153	136.662537	A#3	64	86	1	-3
864	136.498153	136.674523	A#4	64	88	0	1
865	136.498153	136.701920	D4	64	95	0	3
866	136.703633	137.087194	F3	64	86	1	-3
867	136.909112	137.056372	D4	64	87	0	3
868	136.909112	137.082057	G#4	64	87	0	4
869	137.320070	137.641988	G4	64	88	0	3
870	137.320070	137.588906	A#3	64	76	1	-3
871	137.320070	137.744728	D#4	64	87	0	4
872	137.320070	137.790960	G4	64	79	0	3
873	137.320070	138.585480	D#3	64	88	1	-5
874	137.731029	137.972467	A#4	64	87	0	1
875	138.141987	138.439932	A#4	64	88	0	1
876	138.141987	138.282398	D#4	64	88	0	4
877	138.141987	138.326919	G4	64	88	0	3
878	138.552946	138.835480	G4	64	86	0	3
879	138.963904	139.652260	G4	64	86	0	3
880	138.963904	139.542671	D#4	64	87	0	4
881	138.963904	139.552945	G4	64	85	0	3
882	138.963904	140.285821	D#3	64	83	1	-5
883	139.785821	140.107739	D#4	64	86	0	4
884	139.785821	139.927945	D#4	64	90	0	4
885	139.785821	140.039246	G4	64	91	0	3
886	140.196780	140.542670	F4	64	90	0	1
887	140.196780	140.450204	D4	64	95	0	3
888	140.607738	140.951916	G4	64	91	0	3
889	140.607738	140.878286	D#4	64	86	0	4
890	140.607738	140.941642	C4	64	80	0	1
891	140.607738	142.124860	C3	64	87	1	-3
892	141.018697	141.273834	C5	64	90	0	3
893	141.018697	142.141984	G3	64	66	1	-1
894	141.429655	141.720751	C5	64	88	0	3
895	141.429655	141.535820	C4	64	83	0	1
896	141.429655	141.537532	D#4	64	87	0	4
897	141.429655	141.558080	G4	64	85	0	3
898	141.840614	141.977600	A#4	64	81	0	1
899	142.046093	143.552941	C5	64	86	0	3
900	142.251572	142.869723	D#4	64	81	0	4
901	142.251572	142.879996	G4	64	79	0	3
902	142.251572	143.419380	C3	64	87	1	-3
903	142.662531	143.222462	G3	64	74	1	-1
904	143.073489	143.253284	D#4	64	89	0	4
905	143.073489	143.421092	G4	64	92	0	3
906	143.895406	144.046091	C5	64	87	0	3
907	143.895406	144.361159	C4	64	85	0	1
908	143.895406	144.364584	D#4	64	86	0	4
909	143.895406	144.368009	G#3	64	82	1	-5
910	143.895406	145.402254	G#2	64	87	1	-2
911	144.100886	144.378283	C5	64	90	0	3
912	144.306365	145.426227	D#3	64	74	1	-5
913	144.511844	144.650543	C5	64	87	0	3
914	144.717323	145.042666	C5	64	87	0	3
915	144.717323	144.761844	G#3	64	78	1	-5
916	144.717323	144.825200	C4	64	90	0	1
917	144.717323	144.856022	D#4	64	88	0	4
918	145.128282	145.410816	A#4	64	87	0	1
919	145.128282	146.167664	G#3	64	87	1	-5
920	145.539240	145.665953	C5	64	87	0	3
921	145.539240	146.153966	D#4	64	86	0	4
922	145.539240	146.592322	G#2	64	82	1	-2
923	145.744720	145.972459	C5	64	87	0	3
924	145.950199	146.571774	D#3	64	73	1	-5
925	146.155678	146.282390	C5	64	82	0	3
926	146.361157	146.623143	C5	64	87	0	3
927	146.361157	146.409103	G#3	64	71	1	-5
928	146.361157	146.700198	C4	64	89	0	1
929	146.361157	146.832047	D#4	64	88	0	4
930	146.772116	147.054650	A#4	64	88	0	1
931	146.772116	147.042664	G#2	64	87	1	-2
932	147.183074	147.594033	A#4	64	90	0	1
933	147.183074	147.744718	A#3	64	82	1	-3
934	147.183074	148.604306	A#2	64	87	1	-5
935	147.594033	147.876567	A#4	64	89	0	1
936	147.594033	148.338895	F3	64	86	1	-3
937	148.004991	148.299512	A#4	64	91	0	1
938	148.004991	148.189923	A#3	64	84	1	-3
939	148.004991	148.217320	D4	64	86	0	3
940	148.004991	148.225882	F4	64	87	0	1
941	148.415950	148.621429	C5	64	87	0	3
942	148.415950	148.900539	A#3	64	87	1	-3
943	148.621429	149.981017	D5	64	87	0	5
944	148.826908	149.229305	A#4	64	82	0	1
945	148.826908	149.236155	D4	64	82	0	3
946	148.826908	149.249853	F4	64	86	0	1
947	148.826908	149.878277	A#2	64	87	1	-5
948	149.237867	149.838894	F3	64	79	1	-3
949	149.648825	149.945058	A#3	64	88	1	-3
950	149.648825	149.993003	F4	64	90	0	1
951	149.648825	150.008414	D4	64	97	0	3
952	149.648825	150.015263	A#4	64	86	0	1
953	150.059784	150.207044	A#2	64	86	1	-5
954	150.470742	150.754989	B3	64	74	1	-2
955	150.470742	150.773824	G3	64	77	1	-1
956	150.470742	150.787523	D4	64	80	0	3
957	150.470742	150.794372	G2	64	88	1	-3
958	150.881701	151.075194	D5	64	74	0	5
959	150.881701	151.957042	D4	64	81	0	3
960	150.881701	151.977590	G4	64	84	0	3
961	150.881701	151.981015	B3	64	86	1	-2
962	150.881701	151.986152	G3	64	90	1	-1
963	150.881701	152.035809	G2	64	86	1	-3
964	151.292659	151.552933	D5	64	90	0	5
965	151.703618	151.837179	D5	64	92	0	5
966	152.114576	152.525535	D5	64	90	0	5
967	152.114576	152.754987	B3	64	82	1	-2
968	152.114576	152.772110	D4	64	80	0	3
969	152.114576	152.790946	G3	64	78	1	-1
970	152.114576	153.129986	G2	64	93	1	-3
971	152.525535	152.789233	G4	64	93	0	3
972	152.936493	153.196767	G4	64	93	0	3
973	152.936493	153.140260	G3	64	87	1	-1
974	152.936493	153.145397	D4	64	88	0	3
975	152.936493	153.148822	B3	64	88	1	-2
976	152.936493	153.261836	G4	64	83	0	3
977	153.347452	153.530671	F5	64	90	0	3
978	153.347452	153.453616	D3	64	86	1	-1
979	153.758410	154.066629	F5	64	88	0	3
980	153.758410	154.008410	C4	64	80	0	1
981	153.758410	154.201903	G4	64	79	0	3
982	153.758410	154.210465	D#4	64	85	0	4
983	153.758410	154.741286	C3	64	89	1	-3
984	154.169369	154.421081	D#5	64	93	0	1
985	154.169369	154.342314	C4	64	86	0	1
986	154.580327	154.888546	D#5	64	93	0	1
987	154.580327	154.794368	C4	64	89	0	1
988	154.580327	154.857724	D#4	64	93	0	4
989	154.580327	154.910807	G4	64	89	0	3
990	154.991286	155.153957	D5	64	87	0	5
991	154.991286	155.119710	C4	64	83	0	1
992	154.991286	155.263546	G3	64	77	1	-1
993	155.196765	156.950188	C5	64	88	0	3
994	155.402244	155.957038	C4	64	85	0	1
995	155.402244	155.981011	D#4	64	86	0	4
996	155.402244	156.448476	C3	64	87	1	-3
997	155.813203	156.256696	G3	64	69	1	-1
998	156.224161	156.436490	C4	64	90	0	1
999	156.224161	156.457038	D#4	64	93	0	4
1000	156.224161	156.463887	G4	64	93	0	3
1001	156.429641	156.575188	G3	64	82	1	-1
1002	156.635120	156.746421	C3	64	90	1	-3
1003	157.046078	157.357722	B3	64	76	1	-2
1004	157.046078	157.369708	D4	64	86	0	3
1005	157.046078	157.371421	G3	64	83	1	-1
1006	157.046078	158.570050	G2	64	100	1	-3
1007	157.457037	157.650530	D5	64	74	0	5
1008	157.457037	157.931352	D4	64	92	0	3
1009	157.457037	157.948475	G3	64	88	1	-1
1010	157.457037	158.145392	B3	64	92	1	-2
1011	157.867995	158.128269	D5	64	90	0	5
1012	157.867995	158.665940	D3	64	81	1	-1
1013	158.278954	158.412515	D5	64	92	0	5
1014	158.278954	159.371419	G3	64	88	1	-1
1015	158.689912	159.100871	D5	64	90	0	5
1016	158.689912	159.107720	D4	64	88	0	3
1017	158.689912	159.200186	G4	64	85	0	3
1018	158.689912	159.220734	B3	64	87	1	-2
1019	158.689912	159.385117	G2	64	97	1	-3
1020	159.100871	159.364569	G4	64	93	0	3
1021	159.511829	159.772103	G4	64	93	0	3
1022	159.511829	159.653953	B3	64	89	1	-2
1023	159.511829	159.657377	D4	64	92	0	3
1024	159.511829	159.790939	G4	64	87	0	3
1025	159.717309	159.838884	D3	64	87	1	-1
1026	159.922788	160.106007	F5	64	90	0	3
1027	159.922788	160.028952	G2	64	84	1	-3
1028	160.333746	160.641965	F5	64	88	0	3
1029	160.333746	160.542650	C4	64	86	0	1
1030	160.333746	160.816623	D#4	64	87	0	4
1031	160.333746	160.862856	G4	64	82	0	3
1032	160.333746	161.342307	C3	64	88	1	-3
1033	160.744705	160.996417	D#5	64	93	0	1
1034	160.744705	160.917650	C4	64	83	0	1
1035	161.155663	161.463882	D#5	64	93	0	1
1036	161.155663	161.407376	C4	64	92	0	1
1037	161.155663	161.837170	D#4	64	93	0	4
1038	161.155663	161.844019	G4	64	95	0	3
1039	161.566622	161.729293	D5	64	87	0	5
1040	161.566622	161.825183	C4	64	87	0	1
1041	161.772101	163.210456	D#5	64	88	0	1
1042	161.977580	162.227580	A#3	64	88	1	-3
1043	161.977580	162.599155	D#4	64	88	0	4
1044	161.977580	162.606004	G4	64	88	0	3
1045	161.977580	163.140251	A#2	64	87	1	-5
1046	162.388539	162.640251	A#3	64	80	1	-3
1047	162.799497	162.972442	A#3	64	88	1	-3
1048	162.799497	163.222442	G4	64	87	0	3
1049	162.799497	163.244702	D#4	64	93	0	4
1050	163.210456	163.523812	C5	64	93	0	3
1051	163.210456	163.342305	A#3	64	85	1	-3
1052	163.621414	163.924496	G5	64	87	0	5
1053	163.621414	163.951894	G#3	64	83	1	-5
1054	163.621414	163.969017	C4	64	81	0	1
1055	163.621414	163.981003	D#4	64	86	0	4
1056	163.621414	164.883400	G#2	64	87	1	-2
1057	164.032373	164.282373	F5	64	89	0	3
1058	164.032373	164.583742	D#3	64	72	1	-5
1059	164.443331	164.720728	F5	64	92	0	3
1060	164.443331	164.583742	G#3	64	89	1	-5
1061	164.443331	164.600866	C4	64	92	0	1
1062	164.443331	164.628263	D#4	64	91	0	4
1063	164.854290	165.117988	D#5	64	97	0	1
1064	164.854290	164.960454	D#3	64	87	1	-5
1065	165.059769	165.463878	G#3	64	89	1	-5
1066	165.265248	165.585454	D#5	64	93	0	1
1067	165.265248	165.672782	C4	64	88	0	1
1068	165.265248	165.676207	G#4	64	86	0	4
1069	165.265248	165.686481	D#4	64	87	0	4
1070	165.265248	166.350864	G#2	64	87	1	-2
1071	165.676207	165.996412	C5	64	90	0	3
1072	165.676207	166.126549	D#3	64	76	1	-5
1073	165.881686	165.965590	G#3	64	73	1	-5
1074	166.087165	166.212165	C5	64	88	0	3
1075	166.087165	166.311480	G#3	64	87	1	-5
1076	166.087165	166.350864	C4	64	92	0	1
1077	166.087165	166.362850	D#4	64	91	0	4
1078	166.292645	166.773809	D#5	64	88	0	1
1079	166.292645	166.415932	D#3	64	90	1	-5
1080	166.498124	166.729288	G#3	64	93	1	-5
1081	166.703603	166.825178	C4	64	86	0	1
1082	166.909082	167.217301	D5	64	87	0	5
1083	166.909082	167.284082	D4	64	92	0	3
1084	166.909082	167.301205	A#3	64	80	1	-3
1085	166.909082	167.960451	A#2	64	87	1	-5
1086	167.320041	167.450178	D5	64	82	0	5
1087	167.320041	167.809766	F3	64	87	1	-3
1088	167.525520	167.635109	D5	64	87	0	5
1089	167.730999	168.003259	D5	64	87	0	5
1090	167.730999	167.878260	A#3	64	88	1	-3
1091	167.730999	167.879972	F4	64	92	0	1
1092	167.730999	167.897095	D4	64	91	0	3
1093	167.936479	168.047780	F3	64	89	1	-3
1094	168.141958	168.402232	D#5	64	92	0	1
1095	168.141958	168.388533	A#3	64	86	1	-3
1096	168.347437	168.460451	D4	64	88	0	3
1097	168.552916	169.011820	F5	64	92	0	3
1098	168.552916	168.982711	A#3	64	87	1	-3
1099	168.552916	168.998121	A#4	64	86	0	1
1100	168.552916	169.008395	D4	64	91	0	3
1101	168.552916	169.016957	F4	64	89	0	1
1102	168.552916	169.621409	A#2	64	90	1	-5
1103	168.963875	169.433053	F3	64	87	1	-3
1104	169.169354	169.275518	A#4	64	92	0	1
1105	169.169354	169.290929	A#3	64	87	1	-3
1106	169.374833	169.501546	D#5	64	93	0	1
1107	169.374833	169.592299	A#3	64	90	1	-3
1108	169.374833	169.621409	F4	64	100	0	1
1109	169.374833	169.624833	D4	64	97	0	3
1110	169.374833	169.650518	A#4	64	89	0	1
1111	169.580313	170.109422	F5	64	92	0	3
1112	169.580313	169.689902	F3	64	100	1	-3
1113	169.785792	169.926203	A#3	64	100	1	-3
1114	170.196750	170.390243	G5	64	87	0	5
1115	170.196750	170.361134	A#3	64	88	1	-3
1116	170.196750	170.510106	D#4	64	88	0	4
1117	170.196750	171.039215	D#3	64	95	1	-5
1118	170.470723	170.628257	G5	64	87	0	5
1119	170.607709	170.660791	D#4	64	62	0	4
1120	170.607709	170.760106	A#3	64	85	1	-3
1121	170.744695	170.912503	G5	64	87	0	5
1122	171.018667	171.212160	G5	64	89	0	5
1123	171.018667	171.196749	A#3	64	88	1	-3
1124	171.018667	171.290927	G4	64	100	0	3
1125	171.018667	171.301201	D#4	64	95	0	4
1126	171.292640	171.491270	F5	64	92	0	3
1127	171.429626	171.686475	A#3	64	88	1	-3
1128	171.566612	171.756680	D#5	64	90	0	1
1129	171.840584	172.028940	G5	64	90	0	5
1130	171.840584	172.049488	A#3	64	86	1	-3
1131	171.840584	172.330310	G4	64	83	0	3
1132	171.840584	172.340584	D#4	64	87	0	4
1133	171.840584	172.912501	D#3	64	88	1	-5
1134	172.114557	172.272091	G5	64	86	0	5
1135	172.251543	172.397091	A#3	64	76	1	-3
1136	172.388529	172.563186	G5	64	89	0	5
1137	172.662501	172.862844	G5	64	88	0	5
1138	172.662501	173.119693	A#3	64	87	1	-3
1139	172.662501	173.184761	D#4	64	90	0	4
1140	172.662501	173.241268	G4	64	87	0	3
1141	172.936474	173.109419	F5	64	90	0	3
1142	173.073460	173.254967	A#2	64	87	1	-5
1143	173.210446	173.367980	D#5	64	90	0	1
1144	173.484418	173.657363	D#5	64	86	0	1
1145	173.484418	173.674487	C4	64	86	0	1
1146	173.484418	173.938185	D#4	64	87	0	4
1147	173.484418	173.941610	G4	64	88	0	3
1148	173.484418	174.453596	C3	64	92	1	-3
1149	173.758391	173.922774	D#5	64	80	0	1
1150	173.895377	174.047774	C4	64	79	0	1
1151	174.032363	174.193322	D#5	64	82	0	1
1152	174.306335	174.595719	D#5	64	84	0	1
1153	174.306335	174.563185	C4	64	88	0	1
1154	174.306335	174.659075	D#4	64	91	0	4
1155	174.306335	174.696746	G4	64	89	0	3
1156	174.717294	175.128252	D5	64	84	0	5
1157	174.717294	174.953595	G3	64	82	1	-1
1158	174.922773	175.068321	C4	64	82	0	1
1159	175.128252	175.748115	C5	64	86	0	3
1160	175.128252	175.501540	C4	64	88	0	1
1161	175.128252	175.583731	D#4	64	88	0	4
1162	175.128252	175.585444	G4	64	87	0	3
1163	175.128252	176.167635	C3	64	92	1	-3
1164	175.539211	176.090580	G3	64	86	1	-1
1165	175.744690	175.854279	C4	64	86	0	1
1166	175.922772	176.239553	C5	64	97	0	3
1167	175.950169	176.364553	D#4	64	92	0	4
1168	175.950169	176.383388	G4	64	89	0	3
1169	175.950169	176.395374	C4	64	91	0	1
1170	176.318320	176.585443	D#5	64	95	0	1
1171	176.361128	176.563183	A#2	64	88	1	-5
1172	176.695032	176.924484	F5	64	89	0	3
1173	176.772086	177.169346	C4	64	87	0	1
1174	176.772086	177.172771	D#4	64	84	0	4
1175	176.772086	177.174483	G#3	64	83	1	-5
1176	176.772086	178.099140	G#2	64	88	1	-2
1177	177.018662	177.188182	F5	64	88	0	3
1178	177.183045	177.725853	D#3	64	76	1	-5
1179	177.296059	177.462154	F5	64	90	0	3
1180	177.564894	177.778935	F5	64	88	0	3
1181	177.594003	178.010099	G#3	64	87	1	-5
1182	177.594003	178.016948	C4	64	92	0	1
1183	177.594003	178.044345	D#4	64	89	0	4
1184	177.862839	178.063181	D#5	64	93	0	1
1185	178.004962	178.232701	D#3	64	86	1	-5
1186	178.116263	178.299482	C5	64	92	0	3
1187	178.210441	178.407359	D#4	64	74	0	4
1188	178.210441	178.412496	C4	64	79	0	1
1189	178.210441	178.703591	G#3	64	91	1	-5
1190	178.391948	178.585441	F5	64	90	0	3
1191	178.415920	179.463865	G#2	64	89	1	-2
1192	178.674482	178.847427	F5	64	87	0	3
1193	178.826879	179.335440	D#3	64	83	1	-5
1194	178.951879	179.117975	F5	64	90	0	3
1195	179.207016	179.426193	F5	64	88	0	3
1196	179.237837	179.534070	G#3	64	91	1	-5
1197	179.237837	179.540919	C4	64	97	0	1
1198	179.237837	179.594001	D#4	64	89	0	4
1199	179.648796	179.885097	D#5	64	93	0	1
1200	179.648796	179.777220	D#3	64	88	1	-5
1201	180.047768	180.415918	G5	64	86	0	5
1202	180.059754	180.402220	A#3	64	86	1	-3
1203	180.059754	180.451877	F4	64	88	0	1
1204	180.059754	180.455302	D4	64	88	0	3
1205	180.059754	181.066603	A#2	64	89	1	-5
1206	180.403932	180.722425	F5	64	92	0	3
1207	180.470713	180.945028	F3	64	79	1	-3
1208	180.881671	181.179616	F5	64	92	0	3
1209	180.881671	181.195027	F4	64	91	0	1
1210	180.881671	181.196740	A#3	64	86	1	-3
1211	180.881671	181.244685	D4	64	92	0	3
1212	181.292630	181.419342	D#5	64	93	0	1
1213	181.292630	181.486123	F3	64	80	1	-3
1214	181.498109	181.638520	C5	64	88	0	3
1215	181.498109	182.133383	A#3	64	100	1	-3
1216	181.703588	182.114547	A#4	64	86	0	1
1217	181.703588	182.451875	A#2	64	90	1	-5
1218	182.114547	182.415917	F3	64	93	1	-3
1219	182.320026	182.426190	A#4	64	92	0	1
1220	182.320026	182.439889	A#3	64	89	1	-3
1221	182.525505	182.652218	D#5	64	93	0	1
1222	182.525505	182.927902	A#3	64	88	1	-3
1223	182.525505	182.939889	D3	64	97	1	-1
1224	182.525505	182.939889	D4	64	97	0	3
1225	182.525505	182.998108	F4	64	93	0	1
1226	182.730985	183.260094	F5	64	92	0	3
1227	182.936464	183.020368	F3	64	97	1	-3
1228	183.347422	183.540915	G5	64	87	0	5
1229	183.347422	183.602559	A#3	64	87	1	-3
1230	183.347422	183.818312	D#4	64	86	0	4
1231	183.347422	183.823449	G4	64	80	0	3
1232	183.347422	184.746394	D#2	64	97	1	-2
1233	183.621395	183.778929	G5	64	87	0	5
1234	183.758381	183.926189	A#3	64	75	1	-3
1235	183.895367	184.063175	G5	64	87	0	5
1236	184.169339	184.362832	G5	64	89	0	5
1237	184.169339	184.614544	A#3	64	88	1	-3
1238	184.169339	184.693312	D#4	64	92	0	4
1239	184.169339	184.741257	G4	64	89	0	3
1240	184.443312	184.641942	F5	64	92	0	3
1241	184.717284	184.907352	D#5	64	90	0	1
1242	184.785777	184.818311	G4	64	67	0	3
1243	184.785777	184.955298	A#2	64	86	1	-5
1244	184.785777	185.076873	A#3	64	88	1	-3
1245	184.991256	185.179612	G5	64	90	0	5
1246	184.991256	186.126529	D#2	64	100	1	-2
1247	185.265229	185.422763	G5	64	86	0	5
1248	185.402215	185.580297	A#3	64	91	1	-3
1249	185.539201	185.713858	G5	64	89	0	5
1250	185.813173	186.013516	G5	64	88	0	5
1251	185.813173	186.015228	A#3	64	90	1	-3
1252	185.813173	186.282351	D#4	64	89	0	4
1253	185.813173	186.290913	G4	64	90	0	3
1254	186.087146	186.260091	F5	64	90	0	3
1255	186.224132	186.354269	A#3	64	87	1	-3
1256	186.361118	186.518652	D#5	64	90	0	1
1257	186.635090	186.808035	F5	64	86	0	3
1258	186.635090	186.862830	C4	64	86	0	1
1259	186.635090	187.063172	D#4	64	84	0	4
1260	186.635090	187.064885	G4	64	87	0	3
1261	186.635090	187.587144	C3	64	87	1	-3
1262	186.909063	187.073446	D#5	64	80	0	1
1263	187.046049	187.176186	C4	64	76	0	1
1264	187.183035	187.343994	D#5	64	82	0	1
1265	187.457007	187.746391	D#5	64	84	0	1
1266	187.457007	187.833719	C4	64	89	0	1
1267	187.457007	187.855980	D#4	64	90	0	4
1268	187.457007	187.900500	G4	64	89	0	3
1269	187.867966	188.278924	D5	64	84	0	5
1270	187.867966	188.135089	G3	64	88	1	-1
1271	188.073445	188.195020	C4	64	86	0	1
1272	188.278924	188.898787	D#5	64	86	0	1
1273	188.278924	188.736116	C4	64	85	0	1
1274	188.278924	188.763513	D#4	64	85	0	4
1275	188.278924	188.804609	G4	64	85	0	3
1276	188.278924	189.357691	C3	64	89	1	-3
1277	188.689883	189.169335	G3	64	82	1	-1
1278	188.895362	189.006663	C4	64	88	0	1
1279	189.100841	189.251526	C4	64	91	0	1
1280	189.100841	189.785772	D#4	64	93	0	4
1281	189.100841	189.818306	G4	64	88	0	3
1282	189.306321	189.504951	C4	64	87	0	1
1283	189.511800	189.717279	C5	64	97	0	3
1284	189.511800	189.751526	A#2	64	89	1	-5
1285	189.717279	189.905635	C4	64	89	0	1
1286	189.900498	189.922758	D#5	64	92	0	1
1287	189.922758	191.280634	G#2	64	89	1	-2
1288	190.128238	190.847415	D#3	64	79	1	-5
1289	190.321731	190.623100	D5	64	87	0	5
1290	190.333717	190.575155	G#3	64	88	1	-5
1291	190.739538	191.085429	D#5	64	97	0	1
1292	190.744675	191.107689	G#3	64	87	1	-5
1293	190.744675	191.155634	C4	64	88	0	1
1294	190.744675	191.195017	D#4	64	86	0	4
1295	191.155634	191.426182	D#3	64	79	1	-5
1296	191.345702	191.518647	D#5	64	97	0	1
1297	191.554606	191.842277	F5	64	87	0	3
1298	191.566592	191.982688	A#3	64	83	1	-3
1299	191.566592	192.027208	D4	64	87	0	3
1300	191.566592	192.631660	A#2	64	87	1	-5
1301	191.936455	192.225838	F5	64	93	0	3
1302	191.977551	192.669331	F3	64	83	1	-3
1303	192.388509	192.546044	D#5	64	95	0	1
1304	192.388509	192.734400	A#3	64	87	1	-3
1305	192.388509	192.742961	D4	64	95	0	3
1306	192.388509	192.784057	F4	64	90	0	1
1307	192.593989	193.145358	D5	64	87	0	5
1308	192.799468	192.989536	A#2	64	88	1	-5
1309	193.210426	195.059740	D#5	64	90	0	1
1310	193.210426	193.421043	A#3	64	79	1	-3
1311	193.210426	193.715563	G4	64	87	0	3
1312	193.210426	193.766933	D#4	64	86	0	4
1313	193.210426	194.302891	D#3	64	92	1	-5
1314	193.621385	193.825152	A#3	64	77	1	-3
1315	194.032343	194.201864	A#3	64	89	1	-3
1316	194.032343	194.280631	D#4	64	91	0	4
1317	194.032343	194.421042	G4	64	91	0	3
1318	194.443302	194.535768	A#3	64	80	1	-3
1319	194.854260	194.986110	D4	64	82	0	3
1320	194.854260	194.989534	A#3	64	83	1	-3
1321	194.854260	194.989534	F4	64	87	0	1
1322	194.854260	195.006658	A#2	64	88	1	-5
1323	194.854260	195.018644	A#4	64	86	0	1
1324	195.059740	195.193301	A#2	64	88	1	-5
1325	195.059740	195.253233	D4	64	89	0	3
1326	195.059740	195.253233	A#4	64	88	0	1
1327	195.059740	195.277205	F4	64	91	0	1
1328	195.059740	195.282342	A#3	64	87	1	-3
1329	195.265219	195.676177	A#4	64	92	0	1
1330	195.676177	196.087136	D#5	64	93	0	1
1331	195.676177	195.885081	A#3	64	88	1	-3
1332	195.676177	195.912479	F4	64	90	0	1
1333	195.676177	195.915903	D4	64	95	0	3
1334	195.676177	195.948437	A#4	64	88	0	1
1335	195.676177	196.503231	A#2	64	91	1	-5
1336	195.881657	196.511793	F3	64	95	1	-3
1337	196.087136	196.410766	F5	64	92	0	3
1338	196.087136	196.465560	A#3	64	93	1	-3
1339	196.292615	196.460423	D4	64	102	0	3
1340	196.498094	196.691587	G5	64	87	0	5
1341	196.498094	196.662478	A#3	64	88	1	-3
1342	196.498094	196.811450	D#4	64	88	0	4
1343	196.498094	197.340559	D#3	64	95	1	-5
1344	196.772067	196.929601	G5	64	87	0	5
1345	196.909053	196.962135	D#4	64	62	0	4
1346	196.909053	197.061450	A#3	64	85	1	-3
1347	197.046039	197.213847	G5	64	87	0	5
1348	197.320011	197.513504	G5	64	89	0	5
1349	197.320011	197.498093	A#3	64	88	1	-3
1350	197.320011	197.592271	G4	64	100	0	3
1351	197.320011	197.602545	D#4	64	95	0	4
1352	197.593984	197.792614	F5	64	92	0	3
1353	197.730970	197.987819	A#3	64	88	1	-3
1354	197.867956	198.058024	D#5	64	90	0	1
1355	198.141928	198.330284	G5	64	90	0	5
1356	198.141928	198.350832	A#3	64	86	1	-3
1357	198.141928	198.631654	G4	64	83	0	3
1358	198.141928	198.641928	D#4	64	87	0	4
1359	198.141928	199.213845	D#3	64	88	1	-5
1360	198.415901	198.573435	G5	64	86	0	5
1361	198.552887	198.698435	A#3	64	76	1	-3
1362	198.689873	198.864530	G5	64	89	0	5
1363	198.963845	199.164188	G5	64	88	0	5
1364	198.963845	199.421037	A#3	64	87	1	-3
1365	198.963845	199.486105	D#4	64	90	0	4
1366	198.963845	199.542612	G4	64	87	0	3
1367	199.237818	199.410763	F5	64	90	0	3
1368	199.374804	199.556311	A#2	64	87	1	-5
1369	199.511790	199.669324	D#5	64	90	0	1
1370	199.785762	199.958707	D#5	64	86	0	1
1371	199.785762	199.975831	C4	64	86	0	1
1372	199.785762	200.239529	D#4	64	87	0	4
1373	199.785762	200.242954	G4	64	88	0	3
1374	199.785762	200.754940	C3	64	92	1	-3
1375	200.059735	200.224118	D#5	64	80	0	1
1376	200.196721	200.349118	C4	64	79	0	1
1377	200.333707	200.494666	D#5	64	82	0	1
1378	200.607679	200.897063	D#5	64	84	0	1
1379	200.607679	200.864529	C4	64	88	0	1
1380	200.607679	200.960419	D#4	64	91	0	4
1381	200.607679	200.998090	G4	64	89	0	3
1382	201.018638	201.429596	D5	64	84	0	5
1383	201.018638	201.254939	G3	64	82	1	-1
1384	201.224117	201.369665	C4	64	82	0	1
1385	201.429596	202.049459	C5	64	86	0	3
1386	201.429596	201.802884	C4	64	88	0	1
1387	201.429596	201.885075	D#4	64	88	0	4
1388	201.429596	201.886788	G4	64	87	0	3
1389	201.429596	202.468979	C3	64	92	1	-3
1390	201.840555	202.391924	G3	64	86	1	-1
1391	202.046034	202.155623	C4	64	86	0	1
1392	202.224116	202.540897	C5	64	97	0	3
1393	202.251513	202.665897	D#4	64	92	0	4
1394	202.251513	202.684732	G4	64	89	0	3
1395	202.251513	202.696718	C4	64	91	0	1
1396	202.619664	202.886787	D#5	64	95	0	1
1397	202.662472	202.864527	A#2	64	88	1	-5
1398	202.996376	203.225828	F5	64	89	0	3
1399	203.073430	203.470690	C4	64	87	0	1
1400	203.073430	203.474115	D#4	64	84	0	4
1401	203.073430	203.475827	G#3	64	83	1	-5
1402	203.073430	204.400484	G#2	64	88	1	-2
1403	203.320006	203.489526	F5	64	88	0	3
1404	203.484389	204.027197	D#3	64	76	1	-5
1405	203.597403	203.763498	F5	64	90	0	3
1406	203.866238	204.080279	F5	64	88	0	3
1407	203.895347	204.311443	G#3	64	87	1	-5
1408	203.895347	204.318292	C4	64	92	0	1
1409	203.895347	204.345689	D#4	64	89	0	4
1410	204.164183	204.364525	D#5	64	93	0	1
1411	204.306306	204.534045	D#3	64	86	1	-5
1412	204.417607	204.600826	C5	64	92	0	3
1413	204.511785	204.708703	D#4	64	74	0	4
1414	204.511785	204.713840	C4	64	79	0	1
1415	204.511785	205.004935	G#3	64	91	1	-5
1416	204.693292	204.886785	F5	64	90	0	3
1417	204.717264	205.765209	G#2	64	89	1	-2
1418	204.975826	205.148771	F5	64	87	0	3
1419	205.128223	205.636784	D#3	64	83	1	-5
1420	205.253223	205.419319	F5	64	90	0	3
1421	205.508360	205.727537	F5	64	88	0	3
1422	205.539181	205.835414	G#3	64	91	1	-5
1423	205.539181	205.842263	C4	64	97	0	1
1424	205.539181	205.895345	D#4	64	89	0	4
1425	205.950140	206.186441	D#5	64	93	0	1
1426	205.950140	206.078564	D#3	64	88	1	-5
1427	206.349112	206.717262	G5	64	86	0	5
1428	206.361098	206.703564	A#3	64	86	1	-3
1429	206.361098	206.753221	F4	64	88	0	1
1430	206.361098	206.756646	D4	64	88	0	3
1431	206.361098	207.367947	A#2	64	89	1	-5
1432	206.705276	207.023769	F5	64	92	0	3
1433	206.772057	207.246372	F3	64	79	1	-3
1434	207.183015	207.480960	F5	64	92	0	3
1435	207.183015	207.496371	F4	64	91	0	1
1436	207.183015	207.498084	A#3	64	86	1	-3
1437	207.183015	207.546029	D4	64	92	0	3
1438	207.593974	207.720686	D#5	64	93	0	1
1439	207.593974	207.787467	F3	64	80	1	-3
1440	207.799453	207.939864	C5	64	88	0	3
1441	207.799453	208.434727	A#3	64	100	1	-3
1442	208.004932	208.415891	A#4	64	86	0	1
1443	208.004932	208.753219	A#2	64	90	1	-5
1444	208.415891	208.717261	F3	64	93	1	-3
1445	208.621370	208.727534	A#4	64	92	0	1
1446	208.621370	208.741233	A#3	64	89	1	-3
1447	208.826849	208.953562	D#5	64	93	0	1
1448	208.826849	209.229246	A#3	64	88	1	-3
1449	208.826849	209.241233	D3	64	97	1	-1
1450	208.826849	209.241233	D4	64	97	0	3
1451	208.826849	209.299452	F4	64	93	0	1
1452	209.032329	209.561438	F5	64	92	0	3
1453	209.237808	209.321712	F3	64	97	1	-3
1454	209.648766	209.842259	G5	64	87	0	5
1455	209.648766	209.903903	A#3	64	87	1	-3
1456	209.648766	210.119656	D#4	64	86	0	4
1457	209.648766	210.124793	G4	64	80	0	3
1458	209.648766	211.047738	D#2	64	97	1	-2
1459	209.922739	210.080273	G5	64	87	0	5
1460	210.059725	210.227533	A#3	64	75	1	-3
1461	210.196711	210.364519	G5	64	87	0	5
1462	210.470683	210.664176	G5	64	89	0	5
1463	210.470683	210.915888	A#3	64	88	1	-3
1464	210.470683	210.994656	D#4	64	92	0	4
1465	210.470683	211.042601	G4	64	89	0	3
1466	210.744656	210.943286	F5	64	92	0	3
1467	211.018628	211.208696	D#5	64	90	0	1
1468	211.087121	211.119655	G4	64	67	0	3
1469	211.087121	211.256642	A#2	64	86	1	-5
1470	211.087121	211.378217	A#3	64	88	1	-3
1471	211.292600	211.480956	G5	64	90	0	5
1472	211.292600	212.427873	D#2	64	100	1	-2
1473	211.566573	211.724107	G5	64	86	0	5
1474	211.703559	211.881641	A#3	64	91	1	-3
1475	211.840545	212.015202	G5	64	89	0	5
1476	212.114517	212.314860	G5	64	88	0	5
1477	212.114517	212.316572	A#3	64	90	1	-3
1478	212.114517	212.583695	D#4	64	89	0	4
1479	212.114517	212.592257	G4	64	90	0	3
1480	212.388490	212.561435	F5	64	90	0	3
1481	212.525476	212.655613	A#3	64	87	1	-3
1482	212.662462	212.819996	D#5	64	90	0	1
1483	212.936434	213.109379	F5	64	86	0	3
1484	212.936434	213.164174	C4	64	86	0	1
1485	212.936434	213.364516	D#4	64	84	0	4
1486	212.936434	213.366229	G4	64	87	0	3
1487	212.936434	213.888488	C3	64	87	1	-3
1488	213.210407	213.374790	D#5	64	80	0	1
1489	213.347393	213.477530	C4	64	76	0	1
1490	213.484379	213.645338	D#5	64	82	0	1
1491	213.758351	214.047735	D#5	64	84	0	1
1492	213.758351	214.135063	C4	64	89	0	1
1493	213.758351	214.157324	D#4	64	90	0	4
1494	213.758351	214.201844	G4	64	89	0	3
1495	214.169310	214.580268	D5	64	84	0	5
1496	214.169310	214.436433	G3	64	88	1	-1
1497	214.374789	214.496364	C4	64	86	0	1
1498	214.580268	215.200131	D#5	64	86	0	1
1499	214.580268	215.037460	C4	64	85	0	1
1500	214.580268	215.064857	D#4	64	85	0	4
1501	214.580268	215.105953	G4	64	85	0	3
1502	214.580268	215.659035	C3	64	89	1	-3
1503	214.991227	215.470679	G3	64	82	1	-1
1504	215.196706	215.308007	C4	64	88	0	1
1505	215.402185	215.552870	C4	64	91	0	1
1506	215.402185	216.087116	D#4	64	93	0	4
1507	215.402185	216.119650	G4	64	88	0	3
1508	215.607665	215.806295	C4	64	87	0	1
1509	215.813144	216.018623	C5	64	97	0	3
1510	215.813144	216.052870	A#2	64	89	1	-5
1511	216.018623	216.206979	C4	64	89	0	1
1512	216.201842	216.224102	D#5	64	92	0	1
1513	216.224102	217.581978	G#2	64	89	1	-2
1514	216.429582	217.148759	D#3	64	79	1	-5
1515	216.623075	216.924444	D5	64	87	0	5
1516	216.635061	216.876499	G#3	64	88	1	-5
1517	217.040882	217.386773	D#5	64	97	0	1
1518	217.046019	217.409033	G#3	64	87	1	-5
1519	217.046019	217.456978	C4	64	88	0	1
1520	217.046019	217.496361	D#4	64	86	0	4
1521	217.456978	217.727526	D#3	64	79	1	-5
1522	217.647046	217.819991	D#5	64	97	0	1
1523	217.855950	218.143621	F5	64	87	0	3
1524	217.867936	218.284032	A#3	64	83	1	-3
1525	217.867936	218.328552	D4	64	87	0	3
1526	217.867936	218.933004	A#2	64	87	1	-5
1527	218.237799	218.527182	F5	64	93	0	3
1528	218.278895	218.970675	F3	64	83	1	-3
1529	218.689853	218.847388	D#5	64	95	0	1
1530	218.689853	219.035744	A#3	64	87	1	-3
1531	218.689853	219.044305	D4	64	95	0	3
1532	218.689853	219.085401	F4	64	90	0	1
1533	218.895333	219.446702	D5	64	87	0	5
1534	219.100812	219.290880	A#2	64	88	1	-5
1535	219.511770	221.974097	D#5	64	90	0	1
1536	219.511770	219.612798	D#2	64	87	1	-2
1537	219.511770	220.141907	A#3	64	81	1	-3
1538	219.511770	220.289167	G4	64	81	0	3
1539	219.922729	220.414167	D#3	64	78	1	-5
1540	220.333687	220.516906	D#4	64	84	0	4
1541	220.333687	220.604235	A#3	64	82	1	-3
1542	221.155604	221.790878	A#3	64	74	1	-3
1543	221.155604	221.819987	D4	64	72	0	3
1544	221.155604	222.097384	F4	64	81	0	1
1545	221.155604	222.438137	A#2	64	86	1	-5
1546	221.566563	222.402179	F3	64	76	1	-3
1547	221.977521	222.518617	A#3	64	88	1	-3
1548	222.388480	222.513480	D4	64	88	0	3
1549	222.799438	224.160738	G#3	64	78	1	-5
1550	222.799438	224.237793	G#2	64	85	1	-2
1551	222.799438	224.477519	C4	64	77	0	1
1552	223.210397	224.241218	D#3	64	76	1	-5
1553	223.621355	224.516903	D#4	64	79	0	4
1554	224.032314	225.126491	G#4	64	67	0	4
1555	224.443272	227.297722	A#2	64	82	1	-5
1556	224.854231	227.102516	F3	64	81	1	-3
1557	225.265189	226.150463	D4	64	87	0	3
1558	225.676148	226.934708	A#3	64	77	1	-3
1559	226.087106	226.962106	F4	64	77	0	1
1560	227.730940	229.378199	D#2	64	90	1	-2
1561	228.141899	229.326829	A#2	64	74	1	-5
1562	228.552857	228.956967	D#3	64	86	1	-5
1563	228.963816	229.222377	F3	64	90	1	-3
1564	229.374774	229.468952	G3	64	93	1	-1
1565	229.785733	230.261760	A#3	64	86	1	-3
1566	230.196691	230.626486	D#4	64	87	0	4
1567	230.607650	230.686417	F4	64	79	0	1
1568	230.950115	231.164156	D#4	64	48	0	4
1569	230.970663	231.141896	G4	64	80	0	3
1570	231.018608	231.270321	A#3	64	62	1	-3
1571	231.018608	232.386758	D#2	64	87	1	-2
1572	231.069978	232.340525	A#4	64	67	0	1
1573	231.114499	232.414155	D#5	64	80	0	1
1574	231.256622	232.177854	G5	64	60	0	5
