//Version: PianoFingering_v170101
0	1.910000	2.712500	C#3	64	74	1	-2
1	1.910000	2.862500	C#4	64	74	0	2
2	1.910000	3.137500	E4	64	68	0	5
3	2.788750	3.927500	C#3	64	78	1	-2
4	2.810000	3.916250	G#3	64	54	1	-5
5	3.410000	3.581250	C#4	64	43	0	2
6	3.710000	3.898750	E4	64	87	0	5
7	3.710000	3.946250	C#4	64	87	0	2
8	4.310000	5.151250	C#3	64	80	1	-2
9	4.610000	6.185000	G#3	64	59	1	-5
10	5.202500	6.228750	C#3	64	78	1	-2
11	5.210000	5.575000	C#4	64	69	0	2
12	5.210000	5.590000	E4	64	69	0	5
13	6.710000	7.042500	C#4	64	66	0	2
14	6.710000	7.126250	E4	64	74	0	5
15	6.710000	7.392500	C#3	64	80	1	-2
16	7.010000	8.943750	G#3	64	53	1	-5
17	7.310000	7.457500	C#4	64	49	0	2
18	7.606250	8.581250	C#3	64	78	1	-2
19	7.610000	8.101250	C#4	64	80	0	2
20	7.610000	8.117500	E4	64	87	0	5
21	9.110000	9.625000	C#3	64	74	1	-2
22	9.110000	9.820000	C#4	64	66	0	2
23	9.110000	9.856250	E4	64	72	0	5
24	9.710000	10.701250	G#3	64	66	1	-5
25	10.010000	10.217500	C#4	64	74	0	2
26	10.010000	10.222500	E4	64	69	0	5
27	10.010000	10.226250	G#4	64	87	0	4
28	10.018750	10.788750	C#3	64	78	1	-2
29	10.610000	10.708750	E4	64	72	0	5
30	10.610000	10.718750	C#4	64	66	0	2
31	10.910000	11.206250	G#3	64	72	1	-5
32	11.060000	11.632500	C#4	64	53	0	2
33	11.510000	12.268750	C#3	64	93	1	-2
34	11.810000	13.318750	G#3	64	70	1	-5
35	12.110000	12.245000	C#4	64	80	0	2
36	12.406250	13.441250	C#3	64	78	1	-2
37	12.410000	12.523750	E4	64	102	0	5
38	12.410000	12.541250	C#4	64	102	0	2
39	13.010000	13.112500	C#4	64	87	0	2
40	13.010000	13.113750	G#4	64	103	0	4
41	13.610000	13.963750	C#4	64	74	0	2
42	13.610000	14.011250	E4	64	80	0	5
43	13.910000	14.698750	A2	64	80	1	-1
44	14.210000	15.590000	E3	64	53	1	-4
45	14.510000	14.612500	A3	64	71	1	-4
46	14.802500	15.973750	A2	64	78	1	-1
47	14.810000	14.942500	A3	64	90	1	-4
48	14.810000	14.945000	E4	64	90	0	5
49	15.410000	15.535000	A3	64	83	1	-4
50	15.410000	15.553750	C#4	64	83	0	2
51	15.410000	15.568750	E4	64	80	0	5
52	16.310000	16.655000	C#4	64	74	0	2
53	16.310000	16.696250	E4	64	83	0	5
54	16.310000	17.103750	C#3	64	83	1	-2
55	16.610000	17.870000	G#3	64	74	1	-5
56	16.910000	17.038750	C#4	64	93	0	2
57	17.206250	18.412500	C#3	64	78	1	-2
58	17.210000	17.315000	C#4	64	93	0	2
59	17.210000	17.333750	G#4	64	102	0	4
60	17.810000	18.122500	C#4	64	95	0	2
61	17.810000	18.150000	E4	64	103	0	5
62	18.110000	18.242500	G#3	64	67	1	-5
63	18.410000	18.701250	C#4	64	80	0	2
64	18.710000	19.308750	E4	64	74	0	5
65	18.710000	19.558750	A2	64	71	1	-1
66	19.010000	21.011250	E3	64	37	1	-4
67	19.310000	19.427500	A3	64	80	1	-4
68	19.610000	20.011250	A3	64	95	1	-4
69	19.610000	20.038750	E4	64	80	0	5
70	19.618750	20.825000	A2	64	78	1	-1
71	20.210000	20.335000	A3	64	65	1	-4
72	20.210000	20.548750	C#4	64	80	0	2
73	20.510000	20.896250	A3	64	87	1	-4
74	21.110000	21.523750	G#3	64	83	1	-5
75	21.110000	21.585000	C#4	64	93	0	2
76	21.110000	21.882500	G#2	64	87	1	-2
77	21.410000	21.877500	D#3	64	63	1	-5
78	21.710000	21.905000	G#3	64	83	1	-5
79	22.010000	22.758750	G#3	64	93	1	-5
80	22.010000	22.791250	C#4	64	85	0	2
81	22.010000	23.405000	G#2	64	93	1	-2
82	22.610000	23.362500	D#3	64	70	1	-5
83	22.910000	23.240000	G#3	64	105	1	-5
84	23.210000	23.382500	C#4	64	87	0	2
85	23.510000	23.842500	G#3	64	80	1	-5
86	23.510000	23.905000	D#4	64	80	0	4
87	23.510000	25.776250	G#2	64	93	1	-2
88	23.810000	25.772500	D#3	64	71	1	-5
89	24.110000	24.242500	G#3	64	93	1	-5
90	24.410000	25.777500	G#3	64	87	1	-5
91	24.410000	25.787500	D#4	64	85	0	4
92	25.910000	26.047500	E5	64	95	0	2
93	25.910000	26.260000	C#4	64	74	0	2
94	25.910000	26.377500	E4	64	80	0	5
95	25.910000	27.463750	C#2	64	87	1	-4
96	26.210000	26.353750	C#5	64	87	0	4
97	26.210000	27.455000	G#2	64	65	1	-2
98	26.510000	26.647500	E5	64	93	0	2
99	26.510000	26.638750	G#3	64	93	1	-5
100	26.810000	26.957500	C#5	64	87	0	4
101	26.810000	26.957500	G#3	64	103	1	-5
102	26.810000	26.966250	E4	64	90	0	5
103	27.110000	27.245000	E5	64	95	0	2
104	27.410000	27.652500	E5	64	103	0	2
105	27.710000	27.847500	C#4	64	93	0	2
106	28.010000	28.093750	C#4	64	29	0	2
107	28.010000	28.187500	G#3	64	80	1	-5
108	28.310000	28.451250	D#5	64	95	0	1
109	28.310000	28.915000	D#4	64	67	0	4
110	28.310000	30.533750	G#2	64	80	1	-2
111	28.610000	28.751250	D#5	64	93	0	1
112	28.610000	29.538750	D#3	64	68	1	-5
113	28.910000	29.075000	D#5	64	90	0	1
114	28.910000	29.045000	G#3	64	80	1	-5
115	29.210000	29.375000	E5	64	87	0	2
116	29.210000	29.776250	B3	64	83	1	-2
117	29.210000	29.778750	G#3	64	87	1	-5
118	29.510000	30.177500	D#5	64	103	0	1
119	29.810000	30.597500	D#3	64	65	1	-5
120	30.110000	30.223750	G#3	64	87	1	-5
121	30.110000	30.406250	D#4	64	93	0	4
122	30.410000	30.770000	G#3	64	95	1	-5
123	30.710000	30.917500	E5	64	102	0	2
124	30.710000	31.155000	E4	64	87	0	5
125	30.710000	32.671250	C#3	64	74	1	-2
126	31.010000	31.181250	C#5	64	93	0	4
127	31.010000	31.366250	G#3	64	93	1	-5
128	31.310000	31.447500	E5	64	103	0	2
129	31.310000	31.427500	C#4	64	68	0	2
130	31.610000	31.732500	C#5	64	95	0	4
131	31.610000	31.732500	G#3	64	90	1	-5
132	31.610000	31.751250	E4	64	90	0	5
133	31.910000	32.802500	E5	64	102	0	2
134	32.510000	32.786250	C#4	64	93	0	2
135	32.810000	33.178750	G#3	64	93	1	-5
136	33.110000	33.268750	D#5	64	87	0	1
137	33.110000	33.732500	D#4	64	87	0	4
138	33.110000	35.305000	G#2	64	83	1	-2
139	33.410000	33.596250	D#5	64	93	0	1
140	33.410000	34.257500	D#3	64	68	1	-5
141	33.710000	33.868750	D#5	64	93	0	1
142	33.710000	33.845000	G#3	64	93	1	-5
143	34.010000	34.183750	E5	64	102	0	2
144	34.010000	34.697500	G#3	64	95	1	-5
145	34.010000	34.722500	D#4	64	90	0	4
146	34.310000	35.052500	D#5	64	102	0	1
147	34.610000	35.053750	D#3	64	63	1	-5
148	34.910000	35.136250	G#3	64	87	1	-5
149	34.910000	35.263750	D#4	64	93	0	4
150	35.210000	35.441250	D#3	64	85	1	-5
151	35.510000	35.705000	E5	64	102	0	2
152	35.510000	35.981250	E4	64	95	0	5
153	35.510000	37.758750	C#3	64	74	1	-2
154	35.810000	35.977500	C#5	64	93	0	4
155	35.810000	36.157500	G#3	64	102	1	-5
156	36.110000	36.283750	E5	64	102	0	2
157	36.110000	36.320000	C#4	64	70	0	2
158	36.410000	36.542500	C#5	64	102	0	4
159	36.710000	36.976250	E5	64	102	0	2
160	36.710000	36.845000	G#3	64	95	1	-5
161	36.710000	37.628750	E4	64	87	0	5
162	37.010000	37.578750	E5	64	102	0	2
163	37.010000	37.701250	G#3	64	74	1	-5
164	37.610000	37.730000	C#4	64	74	0	2
165	37.910000	38.023750	G#5	64	87	0	1
166	37.910000	38.592500	D#4	64	72	0	4
167	37.910000	39.847500	G#2	64	74	1	-2
168	38.210000	38.338750	G#5	64	80	0	1
169	38.210000	39.538750	D#3	64	67	1	-5
170	38.510000	38.675000	G#5	64	87	0	1
171	38.510000	38.647500	G#3	64	83	1	-5
172	38.810000	39.013750	F#5	64	93	0	4
173	38.810000	39.166250	G#3	64	90	1	-5
174	38.810000	39.170000	D#4	64	93	0	4
175	39.110000	39.710000	D#5	64	95	0	1
176	39.410000	39.716250	G#3	64	80	1	-5
177	39.410000	39.725000	B3	64	95	1	-2
178	39.710000	39.887500	C#5	64	93	0	4
179	39.710000	39.905000	D#3	64	69	1	-5
180	40.010000	40.190000	B4	64	87	0	2
181	40.310000	40.823750	C#5	64	93	0	4
182	40.310000	40.702500	F#3	64	66	1	-2
183	40.310000	41.000000	C#4	64	74	0	2
184	40.310000	42.376250	F#2	64	93	1	-4
185	40.610000	41.460000	C#3	64	64	1	-2
186	40.910000	41.362500	E5	64	105	0	2
187	40.910000	41.057500	F#3	64	80	1	-2
188	41.210000	41.907500	F#3	64	93	1	-2
189	41.210000	42.173750	C#4	64	83	0	2
190	41.510000	41.692500	E5	64	105	0	2
191	41.810000	42.710000	E5	64	102	0	2
192	41.810000	42.507500	C#3	64	68	1	-2
193	42.110000	42.421250	F#3	64	103	1	-2
194	42.410000	42.622500	C#4	64	87	0	2
195	42.710000	42.917500	G#5	64	93	0	1
196	42.710000	43.317500	D#4	64	80	0	4
197	42.710000	44.838750	G#2	64	87	1	-2
198	43.010000	43.172500	G#5	64	93	0	1
199	43.010000	44.052500	D#3	64	68	1	-5
200	43.310000	43.475000	G#5	64	102	0	1
201	43.310000	43.487500	G#3	64	90	1	-5
202	43.610000	43.762500	B5	64	102	0	4
203	43.610000	44.513750	D#4	64	93	0	4
204	43.910000	44.362500	G#5	64	103	0	1
205	44.210000	44.836250	D#3	64	69	1	-5
206	44.510000	44.695000	E5	64	105	0	2
207	44.510000	44.791250	G#3	64	105	1	-5
208	44.810000	45.018750	F#5	64	102	0	4
209	45.110000	45.260000	G#5	64	87	0	1
210	45.110000	45.251250	G#3	64	103	1	-5
211	45.110000	45.457500	E4	64	80	0	5
212	45.110000	47.178750	C#3	64	87	1	-2
213	45.410000	45.596250	G#3	64	93	1	-5
214	45.710000	45.950000	G#5	64	93	0	1
215	45.710000	45.883750	E4	64	112	0	5
216	46.010000	46.236250	G#3	64	102	1	-5
217	46.310000	46.616250	G#5	64	93	0	1
218	46.610000	46.762500	G#3	64	93	1	-5
219	46.910000	47.060000	F#5	64	93	0	4
220	46.910000	47.191250	E4	64	95	0	5
221	46.910000	47.258750	C#4	64	93	0	2
222	47.210000	47.367500	E5	64	103	0	2
223	47.210000	47.368750	G#3	64	93	1	-5
224	47.510000	47.686250	F#5	64	103	0	4
225	47.510000	47.855000	B3	64	71	1	-2
226	47.510000	47.872500	D#4	64	93	0	4
227	47.510000	49.441250	B2	64	83	1	-4
228	47.810000	48.187500	F#3	64	87	1	-2
229	48.110000	48.332500	F#5	64	87	0	4
230	48.110000	48.203750	B3	64	68	1	-2
231	48.410000	48.567500	G#5	64	90	0	1
232	48.410000	48.562500	F#3	64	93	1	-2
233	48.410000	48.847500	D#4	64	95	0	4
234	48.710000	49.042500	F#5	64	95	0	4
235	49.010000	49.136250	B3	64	87	1	-2
236	49.310000	49.475000	E5	64	87	0	2
237	49.310000	49.425000	F#3	64	93	1	-2
238	49.310000	49.536250	B3	64	103	1	-2
239	49.310000	49.631250	D#4	64	102	0	4
240	49.610000	49.775000	F#5	64	87	0	4
241	49.610000	49.777500	F#3	64	87	1	-2
242	49.910000	50.083750	G#5	64	87	0	1
243	49.910000	50.263750	C#4	64	102	0	2
244	49.910000	52.053750	A2	64	65	1	-1
245	50.210000	50.353750	C#5	64	90	0	4
246	50.210000	52.147500	E3	64	45	1	-4
247	50.510000	50.672500	C#5	64	93	0	4
248	50.510000	50.660000	A3	64	74	1	-4
249	50.510000	50.878750	C#4	64	80	0	2
250	50.810000	50.973750	G#5	64	93	0	1
251	50.810000	51.076250	A3	64	72	1	-4
252	51.110000	51.272500	G#5	64	95	0	1
253	51.410000	51.547500	C#5	64	102	0	4
254	51.410000	51.562500	A3	64	87	1	-4
255	51.710000	51.872500	C#5	64	103	0	4
256	51.710000	51.847500	A3	64	69	1	-4
257	51.710000	52.087500	C#4	64	87	0	2
258	52.010000	52.123750	A3	64	61	1	-4
259	52.310000	52.476250	G#5	64	85	0	1
260	52.310000	52.723750	G#3	64	63	1	-5
261	52.310000	52.906250	D#4	64	74	0	4
262	52.310000	54.505000	G#2	64	80	1	-2
263	52.610000	52.762500	G#5	64	87	0	1
264	52.610000	53.373750	D#3	64	71	1	-5
265	52.910000	53.097500	G#5	64	87	0	1
266	52.910000	53.042500	G#3	64	102	1	-5
267	53.210000	53.368750	B5	64	93	0	4
268	53.210000	53.661250	G#3	64	87	1	-5
269	53.210000	53.672500	D#4	64	93	0	4
270	53.510000	53.905000	G#5	64	103	0	1
271	53.510000	53.947500	D#3	64	80	1	-5
272	53.810000	54.220000	G#3	64	95	1	-5
273	53.810000	54.343750	D#4	64	102	0	4
274	54.110000	54.250000	E5	64	102	0	2
275	54.110000	54.480000	D#3	64	87	1	-5
276	54.410000	54.557500	F#5	64	85	0	4
277	54.410000	54.575000	G#3	64	102	1	-5
278	54.710000	54.862500	G#5	64	95	0	1
279	54.710000	54.887500	G#3	64	80	1	-5
280	54.710000	55.117500	E4	64	83	0	5
281	54.710000	56.785000	C#3	64	83	1	-2
282	55.010000	55.162500	G#3	64	85	1	-5
283	55.310000	55.481250	G#5	64	93	0	1
284	55.310000	55.430000	G#3	64	93	1	-5
285	55.310000	55.522500	E4	64	87	0	5
286	55.610000	55.940000	G#3	64	93	1	-5
287	55.610000	56.053750	E4	64	93	0	5
288	55.910000	56.137500	G#5	64	93	0	1
289	56.210000	56.375000	G#3	64	93	1	-5
290	56.510000	56.647500	F#5	64	93	0	4
291	56.510000	56.672500	G#3	64	87	1	-5
292	56.510000	56.857500	C#4	64	87	0	2
293	56.810000	56.942500	E5	64	105	0	2
294	56.810000	56.952500	G#3	64	93	1	-5
295	57.110000	57.710000	F#5	64	95	0	4
296	57.110000	57.460000	D#4	64	93	0	4
297	57.110000	57.493750	B3	64	93	1	-2
298	57.110000	59.172500	B2	64	71	1	-4
299	57.410000	57.590000	F#3	64	87	1	-2
300	57.710000	57.875000	F#5	64	95	0	4
301	57.710000	57.773750	B3	64	44	1	-2
302	57.710000	57.812500	D#4	64	74	0	4
303	58.010000	58.162500	G#5	64	90	0	1
304	58.010000	58.415000	D#4	64	102	0	4
305	58.010000	58.458750	B3	64	102	1	-2
306	58.310000	58.672500	F#5	64	103	0	4
307	58.610000	58.783750	F#3	64	83	1	-2
308	58.910000	59.058750	E5	64	93	0	2
309	58.910000	59.032500	F#3	64	93	1	-2
310	58.910000	59.203750	B3	64	87	1	-2
311	59.210000	59.368750	F#5	64	87	0	4
312	59.210000	59.428750	F#3	64	80	1	-2
313	59.510000	59.653750	G#5	64	93	0	1
314	59.510000	59.821250	A3	64	80	1	-4
315	59.510000	59.932500	C#4	64	93	0	2
316	59.510000	61.396250	A2	64	71	1	-1
317	59.810000	59.945000	C#5	64	93	0	4
318	59.810000	61.100000	E3	64	69	1	-4
319	60.110000	60.272500	C#5	64	102	0	4
320	60.110000	60.230000	A3	64	93	1	-4
321	60.410000	60.553750	G#5	64	90	0	1
322	60.410000	60.650000	E4	64	80	0	5
323	60.410000	60.701250	A3	64	87	1	-4
324	60.710000	60.877500	G#5	64	95	0	1
325	61.010000	61.301250	C#5	64	102	0	4
326	61.010000	61.393750	A3	64	87	1	-4
327	61.010000	61.488750	C#4	64	93	0	2
328	61.310000	61.708750	E3	64	80	1	-4
329	61.610000	61.727500	A3	64	87	1	-4
330	61.910000	62.341250	G#5	64	95	0	1
331	61.910000	62.300000	G#3	64	69	1	-5
332	61.910000	62.448750	D#4	64	70	0	4
333	61.910000	64.247500	G#2	64	80	1	-2
334	62.210000	62.926250	D#3	64	72	1	-5
335	62.510000	62.690000	G#5	64	93	0	1
336	62.510000	62.632500	G#3	64	102	1	-5
337	62.810000	62.988750	F#5	64	95	0	4
338	62.810000	63.166250	G#3	64	93	1	-5
339	62.810000	63.475000	D#4	64	85	0	4
340	63.110000	64.262500	G#5	64	95	0	1
341	63.110000	64.238750	D#3	64	63	1	-5
342	63.410000	63.551250	G#3	64	87	1	-5
343	63.710000	63.872500	G#3	64	102	1	-5
344	63.710000	64.222500	D#4	64	95	0	4
345	64.010000	64.220000	G#3	64	93	1	-5
346	64.310000	65.262500	C#4	64	74	0	2
347	64.310000	65.537500	E4	64	68	0	5
348	64.310000	66.276250	C#3	64	74	1	-2
349	65.210000	66.316250	G#3	64	54	1	-5
350	65.810000	65.981250	C#4	64	43	0	2
351	66.110000	66.298750	E4	64	87	0	5
352	66.110000	66.346250	C#4	64	87	0	2
353	66.710000	68.592500	C#3	64	80	1	-2
354	67.010000	68.585000	G#3	64	59	1	-5
355	67.610000	67.975000	C#4	64	69	0	2
356	67.610000	67.990000	E4	64	69	0	5
357	69.110000	69.442500	C#4	64	66	0	2
358	69.110000	69.526250	E4	64	74	0	5
359	69.110000	71.318750	C#3	64	80	1	-2
360	69.410000	71.343750	G#3	64	53	1	-5
361	69.710000	69.857500	C#4	64	49	0	2
362	70.010000	70.501250	C#4	64	80	0	2
363	70.010000	70.517500	E4	64	87	0	5
364	71.510000	72.220000	C#4	64	66	0	2
365	71.510000	72.256250	E4	64	72	0	5
366	71.510000	73.213750	C#3	64	74	1	-2
367	72.110000	73.101250	G#3	64	66	1	-5
368	72.410000	72.617500	C#4	64	74	0	2
369	72.410000	72.622500	E4	64	69	0	5
370	72.410000	72.626250	G#4	64	87	0	4
371	73.010000	73.108750	E4	64	72	0	5
372	73.010000	73.118750	C#4	64	66	0	2
373	73.310000	73.606250	G#3	64	72	1	-5
374	73.910000	74.047500	E5	64	95	0	2
375	73.910000	74.032500	C#4	64	74	0	2
376	73.910000	74.377500	E4	64	80	0	5
377	73.910000	75.463750	C#2	64	87	1	-4
378	74.210000	74.353750	C#5	64	87	0	4
379	74.210000	75.455000	G#2	64	65	1	-2
380	74.510000	74.647500	E5	64	93	0	2
381	74.510000	74.638750	G#3	64	93	1	-5
382	74.810000	74.957500	C#5	64	87	0	4
383	74.810000	74.957500	G#3	64	103	1	-5
384	74.810000	74.966250	E4	64	90	0	5
385	75.110000	75.245000	E5	64	95	0	2
386	75.410000	75.602500	C#5	64	93	0	4
387	75.710000	75.888750	E5	64	105	0	2
388	75.710000	75.847500	C#4	64	93	0	2
389	76.010000	76.157500	F#5	64	95	0	4
390	76.010000	76.093750	C#4	64	29	0	2
391	76.010000	76.187500	G#3	64	80	1	-5
392	76.310000	76.451250	D#5	64	95	0	1
393	76.310000	76.915000	D#4	64	67	0	4
394	76.310000	78.533750	G#2	64	80	1	-2
395	76.610000	76.751250	D#5	64	93	0	1
396	76.610000	77.538750	D#3	64	68	1	-5
397	76.910000	77.075000	D#5	64	90	0	1
398	76.910000	77.045000	G#3	64	80	1	-5
399	77.210000	77.375000	E5	64	87	0	2
400	77.210000	77.776250	B3	64	83	1	-2
401	77.210000	77.778750	G#3	64	87	1	-5
402	77.510000	78.177500	D#5	64	103	0	1
403	77.810000	78.597500	D#3	64	65	1	-5
404	78.110000	78.223750	G#3	64	87	1	-5
405	78.110000	78.406250	D#4	64	93	0	4
406	78.410000	78.770000	G#3	64	95	1	-5
407	78.710000	78.917500	E5	64	102	0	2
408	78.710000	79.155000	E4	64	87	0	5
409	78.710000	80.671250	C#3	64	74	1	-2
410	79.010000	79.181250	C#5	64	93	0	4
411	79.010000	79.366250	G#3	64	93	1	-5
412	79.310000	79.447500	E5	64	103	0	2
413	79.310000	79.427500	C#4	64	68	0	2
414	79.610000	79.732500	C#5	64	95	0	4
415	79.610000	79.732500	G#3	64	90	1	-5
416	79.610000	79.751250	E4	64	90	0	5
417	79.910000	80.802500	E5	64	102	0	2
418	80.510000	80.786250	C#4	64	93	0	2
419	80.810000	81.110000	E5	64	100	0	2
420	80.810000	81.178750	G#3	64	93	1	-5
421	81.110000	81.268750	D#5	64	87	0	1
422	81.110000	81.732500	D#4	64	87	0	4
423	81.110000	83.305000	G#2	64	83	1	-2
424	81.410000	81.596250	D#5	64	93	0	1
425	81.410000	82.257500	D#3	64	68	1	-5
426	81.710000	81.868750	D#5	64	93	0	1
427	81.710000	81.845000	G#3	64	93	1	-5
428	82.010000	82.183750	E5	64	102	0	2
429	82.010000	82.697500	G#3	64	95	1	-5
430	82.010000	82.722500	D#4	64	90	0	4
431	82.310000	82.910000	D#5	64	102	0	1
432	82.610000	83.053750	D#3	64	63	1	-5
433	82.910000	83.077500	C#5	64	69	0	4
434	82.910000	83.136250	G#3	64	87	1	-5
435	82.910000	83.263750	D#4	64	93	0	4
436	83.210000	83.375000	B4	64	87	0	2
437	83.210000	83.441250	D#3	64	85	1	-5
438	83.510000	84.082500	C#5	64	95	0	4
439	83.510000	83.981250	E4	64	95	0	5
440	83.510000	85.758750	C#3	64	74	1	-2
441	83.810000	84.157500	G#3	64	102	1	-5
442	84.110000	84.568750	E5	64	102	0	2
443	84.110000	84.320000	C#4	64	70	0	2
444	84.710000	84.881250	E5	64	95	0	2
445	84.710000	84.845000	G#3	64	95	1	-5
446	84.710000	85.628750	E4	64	87	0	5
447	85.010000	85.582500	E5	64	105	0	2
448	85.010000	85.701250	G#3	64	74	1	-5
449	85.610000	85.730000	C#4	64	74	0	2
450	85.910000	86.510000	G#5	64	87	0	1
451	85.910000	86.592500	D#4	64	72	0	4
452	85.910000	87.847500	G#2	64	74	1	-2
453	86.210000	87.538750	D#3	64	67	1	-5
454	86.510000	86.647500	G#3	64	83	1	-5
455	86.810000	87.013750	F#5	64	93	0	4
456	86.810000	87.166250	G#3	64	90	1	-5
457	86.810000	87.170000	D#4	64	93	0	4
458	87.110000	87.710000	D#5	64	95	0	1
459	87.410000	87.716250	G#3	64	80	1	-5
460	87.410000	87.725000	B3	64	95	1	-2
461	87.710000	87.887500	C#5	64	93	0	4
462	87.710000	87.905000	D#3	64	69	1	-5
463	88.010000	88.190000	B4	64	87	0	2
464	88.310000	88.823750	C#5	64	93	0	4
465	88.310000	88.702500	F#3	64	66	1	-2
466	88.310000	89.000000	C#4	64	74	0	2
467	88.310000	90.376250	F#2	64	93	1	-4
468	88.610000	89.460000	C#3	64	64	1	-2
469	88.910000	89.362500	E5	64	105	0	2
470	88.910000	89.057500	F#3	64	80	1	-2
471	89.210000	89.907500	F#3	64	93	1	-2
472	89.210000	90.173750	C#4	64	83	0	2
473	89.510000	89.692500	E5	64	105	0	2
474	89.810000	90.710000	E5	64	102	0	2
475	89.810000	90.507500	C#3	64	68	1	-2
476	90.110000	90.421250	F#3	64	103	1	-2
477	90.410000	90.622500	C#4	64	87	0	2
478	90.710000	90.917500	G#5	64	93	0	1
479	90.710000	91.317500	D#4	64	80	0	4
480	90.710000	92.838750	G#2	64	87	1	-2
481	91.010000	91.172500	G#5	64	93	0	1
482	91.010000	92.052500	D#3	64	68	1	-5
483	91.310000	91.475000	G#5	64	102	0	1
484	91.310000	91.487500	G#3	64	90	1	-5
485	91.610000	91.762500	B5	64	102	0	4
486	91.610000	92.513750	D#4	64	93	0	4
487	91.910000	92.362500	G#5	64	103	0	1
488	92.210000	92.836250	D#3	64	69	1	-5
489	92.510000	92.695000	E5	64	105	0	2
490	92.510000	92.791250	G#3	64	105	1	-5
491	92.810000	93.018750	F#5	64	102	0	4
492	93.110000	93.260000	G#5	64	87	0	1
493	93.110000	93.251250	G#3	64	103	1	-5
494	93.110000	93.457500	E4	64	80	0	5
495	93.110000	95.178750	C#3	64	87	1	-2
496	93.410000	93.596250	G#3	64	93	1	-5
497	93.710000	93.950000	G#5	64	93	0	1
498	93.710000	93.883750	E4	64	112	0	5
499	94.010000	94.236250	G#3	64	102	1	-5
500	94.310000	94.616250	G#5	64	93	0	1
501	94.610000	94.762500	G#3	64	93	1	-5
502	94.910000	95.060000	F#5	64	93	0	4
503	94.910000	95.191250	E4	64	95	0	5
504	94.910000	95.258750	C#4	64	93	0	2
505	95.210000	95.367500	E5	64	103	0	2
506	95.210000	95.368750	G#3	64	93	1	-5
507	95.510000	95.686250	F#5	64	103	0	4
508	95.510000	95.855000	B3	64	71	1	-2
509	95.510000	95.872500	D#4	64	93	0	4
510	95.510000	97.441250	B2	64	83	1	-4
511	95.810000	96.187500	F#3	64	87	1	-2
512	96.110000	96.332500	F#5	64	87	0	4
513	96.110000	96.203750	B3	64	68	1	-2
514	96.410000	96.567500	G#5	64	90	0	1
515	96.410000	96.562500	F#3	64	93	1	-2
516	96.410000	96.847500	D#4	64	95	0	4
517	96.710000	97.042500	F#5	64	95	0	4
518	97.010000	97.136250	B3	64	87	1	-2
519	97.310000	97.475000	E5	64	87	0	2
520	97.310000	97.425000	F#3	64	93	1	-2
521	97.310000	97.536250	B3	64	103	1	-2
522	97.310000	97.631250	D#4	64	102	0	4
523	97.610000	97.775000	F#5	64	87	0	4
524	97.610000	97.777500	F#3	64	87	1	-2
525	97.910000	98.083750	G#5	64	87	0	1
526	97.910000	98.263750	C#4	64	102	0	2
527	97.910000	100.053750	A2	64	65	1	-1
528	98.210000	98.353750	C#5	64	90	0	4
529	98.210000	100.147500	E3	64	45	1	-4
530	98.510000	98.672500	C#5	64	93	0	4
531	98.510000	98.660000	A3	64	74	1	-4
532	98.510000	98.878750	C#4	64	80	0	2
533	98.810000	98.973750	G#5	64	93	0	1
534	98.810000	99.076250	A3	64	72	1	-4
535	99.110000	99.272500	G#5	64	95	0	1
536	99.410000	99.547500	C#5	64	102	0	4
537	99.410000	99.562500	A3	64	87	1	-4
538	99.710000	99.872500	C#5	64	103	0	4
539	99.710000	99.847500	A3	64	69	1	-4
540	99.710000	100.087500	C#4	64	87	0	2
541	100.010000	100.123750	A3	64	61	1	-4
542	100.310000	100.476250	G#5	64	85	0	1
543	100.310000	100.723750	G#3	64	63	1	-5
544	100.310000	100.906250	D#4	64	74	0	4
545	100.310000	102.505000	G#2	64	80	1	-2
546	100.610000	100.762500	G#5	64	87	0	1
547	100.610000	101.373750	D#3	64	71	1	-5
548	100.910000	101.097500	G#5	64	87	0	1
549	100.910000	101.042500	G#3	64	102	1	-5
550	101.210000	101.368750	B5	64	93	0	4
551	101.210000	101.661250	G#3	64	87	1	-5
552	101.210000	101.672500	D#4	64	93	0	4
553	101.510000	101.905000	G#5	64	103	0	1
554	101.510000	101.947500	D#3	64	80	1	-5
555	101.810000	102.220000	G#3	64	95	1	-5
556	101.810000	102.343750	D#4	64	102	0	4
557	102.110000	102.250000	E5	64	102	0	2
558	102.110000	102.480000	D#3	64	87	1	-5
559	102.410000	102.557500	F#5	64	85	0	4
560	102.410000	102.575000	G#3	64	102	1	-5
561	102.710000	102.862500	G#5	64	95	0	1
562	102.710000	102.887500	G#3	64	80	1	-5
563	102.710000	103.117500	E4	64	83	0	5
564	102.710000	104.785000	C#3	64	83	1	-2
565	103.010000	103.162500	G#3	64	85	1	-5
566	103.310000	103.481250	G#5	64	93	0	1
567	103.310000	103.430000	G#3	64	93	1	-5
568	103.310000	103.522500	E4	64	87	0	5
569	103.610000	103.940000	G#3	64	93	1	-5
570	103.610000	104.053750	E4	64	93	0	5
571	103.910000	104.137500	G#5	64	93	0	1
572	104.210000	104.375000	G#3	64	93	1	-5
573	104.510000	104.647500	F#5	64	93	0	4
574	104.510000	104.672500	G#3	64	87	1	-5
575	104.510000	104.857500	C#4	64	87	0	2
576	104.810000	104.942500	E5	64	105	0	2
577	104.810000	104.952500	G#3	64	93	1	-5
578	105.110000	105.710000	F#5	64	95	0	4
579	105.110000	105.460000	D#4	64	93	0	4
580	105.110000	105.493750	B3	64	93	1	-2
581	105.110000	107.172500	B2	64	71	1	-4
582	105.410000	105.590000	F#3	64	87	1	-2
583	105.710000	105.875000	F#5	64	95	0	4
584	105.710000	105.773750	B3	64	44	1	-2
585	105.710000	105.812500	D#4	64	74	0	4
586	106.010000	106.162500	G#5	64	90	0	1
587	106.010000	106.415000	D#4	64	102	0	4
588	106.010000	106.458750	B3	64	102	1	-2
589	106.310000	106.672500	F#5	64	103	0	4
590	106.610000	106.783750	F#3	64	83	1	-2
591	106.910000	107.058750	E5	64	93	0	2
592	106.910000	107.032500	F#3	64	93	1	-2
593	106.910000	107.203750	B3	64	87	1	-2
594	107.210000	107.368750	F#5	64	87	0	4
595	107.210000	107.428750	F#3	64	80	1	-2
596	107.510000	107.653750	G#5	64	93	0	1
597	107.510000	107.821250	A3	64	80	1	-4
598	107.510000	107.932500	C#4	64	93	0	2
599	107.510000	109.396250	A2	64	71	1	-1
600	107.810000	107.945000	C#5	64	93	0	4
601	107.810000	109.100000	E3	64	69	1	-4
602	108.110000	108.272500	C#5	64	102	0	4
603	108.110000	108.230000	A3	64	93	1	-4
604	108.410000	108.553750	G#5	64	90	0	1
605	108.410000	108.650000	E4	64	80	0	5
606	108.410000	108.701250	A3	64	87	1	-4
607	108.710000	108.877500	G#5	64	95	0	1
608	109.010000	109.301250	C#5	64	102	0	4
609	109.010000	109.393750	A3	64	87	1	-4
610	109.010000	109.488750	C#4	64	93	0	2
611	109.310000	109.708750	E3	64	80	1	-4
612	109.610000	109.727500	A3	64	87	1	-4
613	109.910000	110.341250	G#5	64	95	0	1
614	109.910000	110.300000	G#3	64	69	1	-5
615	109.910000	110.448750	D#4	64	70	0	4
616	109.910000	112.247500	G#2	64	80	1	-2
617	110.210000	110.926250	D#3	64	72	1	-5
618	110.510000	110.690000	G#5	64	93	0	1
619	110.510000	110.632500	G#3	64	102	1	-5
620	110.810000	110.988750	F#5	64	95	0	4
621	110.810000	111.166250	G#3	64	93	1	-5
622	110.810000	111.475000	D#4	64	85	0	4
623	111.110000	111.710000	D#5	64	95	0	1
624	111.110000	112.238750	D#3	64	63	1	-5
625	111.410000	111.551250	G#3	64	87	1	-5
626	111.710000	111.973750	D#4	64	105	0	4
627	111.710000	111.872500	G#3	64	102	1	-5
628	111.710000	112.222500	D#4	64	95	0	4
629	112.010000	112.162500	E4	64	87	0	5
630	112.010000	112.220000	G#3	64	93	1	-5
631	112.160000	112.262500	D#4	64	93	0	4
632	112.310000	113.825000	C#4	64	105	0	2
633	112.310000	114.178750	C#3	64	93	1	-2
634	112.610000	114.118750	G#3	64	70	1	-5
635	112.910000	113.045000	C#4	64	80	0	2
636	113.210000	113.323750	E4	64	102	0	5
637	113.210000	113.341250	C#4	64	102	0	2
638	113.810000	113.912500	C#4	64	87	0	2
639	113.810000	113.913750	G#4	64	103	0	4
640	114.410000	114.763750	C#4	64	74	0	2
641	114.410000	114.811250	E4	64	80	0	5
642	114.710000	116.627500	A2	64	80	1	-1
643	115.010000	116.390000	E3	64	53	1	-4
644	115.310000	115.412500	A3	64	71	1	-4
645	115.610000	115.742500	A3	64	90	1	-4
646	115.610000	115.745000	E4	64	90	0	5
647	116.210000	116.335000	A3	64	83	1	-4
648	116.210000	116.353750	C#4	64	83	0	2
649	116.210000	116.368750	E4	64	80	0	5
650	117.110000	117.455000	C#4	64	74	0	2
651	117.110000	117.496250	E4	64	83	0	5
652	117.110000	118.966250	C#3	64	83	1	-2
653	117.410000	118.670000	G#3	64	74	1	-5
654	117.710000	117.838750	C#4	64	93	0	2
655	118.010000	118.115000	C#4	64	93	0	2
656	118.010000	118.133750	G#4	64	102	0	4
657	118.610000	118.922500	C#4	64	95	0	2
658	118.610000	118.950000	E4	64	103	0	5
659	118.910000	119.042500	G#3	64	67	1	-5
660	119.210000	119.501250	C#4	64	80	0	2
661	119.510000	120.108750	E4	64	74	0	5
662	119.510000	121.837500	A2	64	71	1	-1
663	119.810000	121.811250	E3	64	37	1	-4
664	120.110000	120.227500	A3	64	80	1	-4
665	120.410000	120.811250	A3	64	95	1	-4
666	120.410000	120.838750	E4	64	80	0	5
667	121.010000	121.135000	A3	64	65	1	-4
668	121.010000	121.348750	C#4	64	80	0	2
669	121.310000	121.696250	A3	64	87	1	-4
670	121.910000	122.323750	G#3	64	83	1	-5
671	121.910000	122.385000	C#4	64	93	0	2
672	121.910000	122.682500	G#2	64	87	1	-2
673	122.210000	122.677500	D#3	64	63	1	-5
674	122.510000	122.705000	G#3	64	83	1	-5
675	122.810000	123.558750	G#3	64	93	1	-5
676	122.810000	123.591250	C#4	64	85	0	2
677	122.810000	124.205000	G#2	64	93	1	-2
678	123.410000	124.162500	D#3	64	70	1	-5
679	123.710000	124.040000	G#3	64	105	1	-5
680	124.010000	124.182500	C#4	64	87	0	2
681	124.310000	124.642500	G#3	64	80	1	-5
682	124.310000	124.705000	D#4	64	80	0	4
683	124.310000	126.576250	G#2	64	93	1	-2
684	124.610000	126.572500	D#3	64	71	1	-5
685	124.910000	125.042500	G#3	64	93	1	-5
686	125.210000	126.577500	G#3	64	87	1	-5
687	125.210000	126.587500	D#4	64	85	0	4
688	126.710000	126.847500	E5	64	95	0	2
689	126.710000	127.060000	C#4	64	74	0	2
690	126.710000	127.177500	E4	64	80	0	5
691	126.710000	128.263750	C#2	64	87	1	-4
692	127.010000	127.153750	C#5	64	87	0	4
693	127.010000	128.255000	G#2	64	65	1	-2
694	127.310000	127.447500	E5	64	93	0	2
695	127.310000	127.438750	G#3	64	93	1	-5
696	127.610000	127.757500	C#5	64	87	0	4
697	127.610000	127.757500	G#3	64	103	1	-5
698	127.610000	127.766250	E4	64	90	0	5
699	127.910000	128.045000	E5	64	95	0	2
700	128.210000	128.452500	E5	64	103	0	2
701	128.510000	128.647500	C#4	64	93	0	2
702	128.810000	128.893750	C#4	64	29	0	2
703	128.810000	128.987500	G#3	64	80	1	-5
704	129.110000	129.251250	D#5	64	95	0	1
705	129.110000	129.715000	D#4	64	67	0	4
706	129.110000	131.333750	G#2	64	80	1	-2
707	129.410000	129.551250	D#5	64	93	0	1
708	129.410000	130.338750	D#3	64	68	1	-5
709	129.710000	129.875000	D#5	64	90	0	1
710	129.710000	129.845000	G#3	64	80	1	-5
711	130.010000	130.175000	E5	64	87	0	2
712	130.010000	130.576250	B3	64	83	1	-2
713	130.010000	130.578750	G#3	64	87	1	-5
714	130.310000	130.977500	D#5	64	103	0	1
715	130.610000	131.397500	D#3	64	65	1	-5
716	130.910000	131.023750	G#3	64	87	1	-5
717	130.910000	131.206250	D#4	64	93	0	4
718	131.210000	131.570000	G#3	64	95	1	-5
719	131.510000	131.717500	E5	64	102	0	2
720	131.510000	131.955000	E4	64	87	0	5
721	131.510000	133.471250	C#3	64	74	1	-2
722	131.810000	131.981250	C#5	64	93	0	4
723	131.810000	132.166250	G#3	64	93	1	-5
724	132.110000	132.247500	E5	64	103	0	2
725	132.110000	132.227500	C#4	64	68	0	2
726	132.410000	132.532500	C#5	64	95	0	4
727	132.410000	132.532500	G#3	64	90	1	-5
728	132.410000	132.551250	E4	64	90	0	5
729	132.710000	133.602500	E5	64	102	0	2
730	133.310000	133.586250	C#4	64	93	0	2
731	133.610000	133.978750	G#3	64	93	1	-5
732	133.910000	134.068750	D#5	64	87	0	1
733	133.910000	134.532500	D#4	64	87	0	4
734	133.910000	136.105000	G#2	64	83	1	-2
735	134.210000	134.396250	D#5	64	93	0	1
736	134.210000	135.057500	D#3	64	68	1	-5
737	134.510000	134.668750	D#5	64	93	0	1
738	134.510000	134.645000	G#3	64	93	1	-5
739	134.810000	134.983750	E5	64	102	0	2
740	134.810000	135.497500	G#3	64	95	1	-5
741	134.810000	135.522500	D#4	64	90	0	4
742	135.110000	135.852500	D#5	64	102	0	1
743	135.410000	135.853750	D#3	64	63	1	-5
744	135.710000	135.936250	G#3	64	87	1	-5
745	135.710000	136.063750	D#4	64	93	0	4
746	136.010000	136.241250	D#3	64	85	1	-5
747	136.310000	136.505000	E5	64	102	0	2
748	136.310000	136.781250	E4	64	95	0	5
749	136.310000	138.558750	C#3	64	74	1	-2
750	136.610000	136.777500	C#5	64	93	0	4
751	136.610000	136.957500	G#3	64	102	1	-5
752	136.910000	137.083750	E5	64	102	0	2
753	136.910000	137.120000	C#4	64	70	0	2
754	137.210000	137.342500	C#5	64	102	0	4
755	137.510000	137.776250	E5	64	102	0	2
756	137.510000	137.645000	G#3	64	95	1	-5
757	137.510000	138.428750	E4	64	87	0	5
758	137.810000	138.378750	E5	64	102	0	2
759	137.810000	138.501250	G#3	64	74	1	-5
760	138.410000	138.530000	C#4	64	74	0	2
761	138.710000	138.823750	G#5	64	87	0	1
762	138.710000	139.392500	D#4	64	72	0	4
763	138.710000	140.647500	G#2	64	74	1	-2
764	139.010000	139.138750	G#5	64	80	0	1
765	139.010000	140.338750	D#3	64	67	1	-5
766	139.310000	139.475000	G#5	64	87	0	1
767	139.310000	139.447500	G#3	64	83	1	-5
768	139.610000	139.813750	F#5	64	93	0	4
769	139.610000	139.966250	G#3	64	90	1	-5
770	139.610000	139.970000	D#4	64	93	0	4
771	139.910000	140.510000	D#5	64	95	0	1
772	140.210000	140.516250	G#3	64	80	1	-5
773	140.210000	140.525000	B3	64	95	1	-2
774	140.510000	140.687500	C#5	64	93	0	4
775	140.510000	140.705000	D#3	64	69	1	-5
776	140.810000	140.990000	B4	64	87	0	2
777	141.110000	141.623750	C#5	64	93	0	4
778	141.110000	141.502500	F#3	64	66	1	-2
779	141.110000	141.800000	C#4	64	74	0	2
780	141.110000	143.176250	F#2	64	93	1	-4
781	141.410000	142.260000	C#3	64	64	1	-2
782	141.710000	142.162500	E5	64	105	0	2
783	141.710000	141.857500	F#3	64	80	1	-2
784	142.010000	142.707500	F#3	64	93	1	-2
785	142.010000	142.973750	C#4	64	83	0	2
786	142.310000	142.492500	E5	64	105	0	2
787	142.610000	143.510000	E5	64	102	0	2
788	142.610000	143.307500	C#3	64	68	1	-2
789	142.910000	143.221250	F#3	64	103	1	-2
790	143.210000	143.422500	C#4	64	87	0	2
791	143.510000	143.717500	G#5	64	93	0	1
792	143.510000	144.117500	D#4	64	80	0	4
793	143.510000	145.638750	G#2	64	87	1	-2
794	143.810000	143.972500	G#5	64	93	0	1
795	143.810000	144.852500	D#3	64	68	1	-5
796	144.110000	144.275000	G#5	64	102	0	1
797	144.110000	144.287500	G#3	64	90	1	-5
798	144.410000	144.562500	B5	64	102	0	4
799	144.410000	145.313750	D#4	64	93	0	4
800	144.710000	145.162500	G#5	64	103	0	1
801	145.010000	145.636250	D#3	64	69	1	-5
802	145.310000	145.495000	E5	64	105	0	2
803	145.310000	145.591250	G#3	64	105	1	-5
804	145.610000	145.818750	F#5	64	102	0	4
805	145.910000	146.060000	G#5	64	87	0	1
806	145.910000	146.051250	G#3	64	103	1	-5
807	145.910000	146.257500	E4	64	80	0	5
808	145.910000	147.978750	C#3	64	87	1	-2
809	146.210000	146.396250	G#3	64	93	1	-5
810	146.510000	146.750000	G#5	64	93	0	1
811	146.510000	146.683750	E4	64	112	0	5
812	146.810000	147.036250	G#3	64	102	1	-5
813	147.110000	147.416250	G#5	64	93	0	1
814	147.410000	147.562500	G#3	64	93	1	-5
815	147.710000	147.860000	F#5	64	93	0	4
816	147.710000	147.991250	E4	64	95	0	5
817	147.710000	148.058750	C#4	64	93	0	2
818	148.010000	148.167500	E5	64	103	0	2
819	148.010000	148.168750	G#3	64	93	1	-5
820	148.310000	148.486250	F#5	64	103	0	4
821	148.310000	148.655000	B3	64	71	1	-2
822	148.310000	148.672500	D#4	64	93	0	4
823	148.310000	150.241250	B2	64	83	1	-4
824	148.610000	148.987500	F#3	64	87	1	-2
825	148.910000	149.132500	F#5	64	87	0	4
826	148.910000	149.003750	B3	64	68	1	-2
827	149.210000	149.367500	G#5	64	90	0	1
828	149.210000	149.362500	F#3	64	93	1	-2
829	149.210000	149.647500	D#4	64	95	0	4
830	149.510000	149.842500	F#5	64	95	0	4
831	149.810000	149.936250	B3	64	87	1	-2
832	150.110000	150.275000	E5	64	87	0	2
833	150.110000	150.225000	F#3	64	93	1	-2
834	150.110000	150.336250	B3	64	103	1	-2
835	150.110000	150.431250	D#4	64	102	0	4
836	150.410000	150.575000	F#5	64	87	0	4
837	150.410000	150.577500	F#3	64	87	1	-2
838	150.710000	150.883750	G#5	64	87	0	1
839	150.710000	151.063750	C#4	64	102	0	2
840	150.710000	152.853750	A2	64	65	1	-1
841	151.010000	151.153750	C#5	64	90	0	4
842	151.010000	152.947500	E3	64	45	1	-4
843	151.310000	151.472500	C#5	64	93	0	4
844	151.310000	151.460000	A3	64	74	1	-4
845	151.310000	151.678750	C#4	64	80	0	2
846	151.610000	151.773750	G#5	64	93	0	1
847	151.610000	151.876250	A3	64	72	1	-4
848	151.910000	152.072500	G#5	64	95	0	1
849	152.210000	152.347500	C#5	64	102	0	4
850	152.210000	152.362500	A3	64	87	1	-4
851	152.510000	152.672500	C#5	64	103	0	4
852	152.510000	152.647500	A3	64	69	1	-4
853	152.510000	152.887500	C#4	64	87	0	2
854	152.810000	152.923750	A3	64	61	1	-4
855	153.110000	153.276250	G#5	64	85	0	1
856	153.110000	153.523750	G#3	64	63	1	-5
857	153.110000	153.706250	D#4	64	74	0	4
858	153.110000	155.305000	G#2	64	80	1	-2
859	153.410000	153.562500	G#5	64	87	0	1
860	153.410000	154.173750	D#3	64	71	1	-5
861	153.710000	153.897500	G#5	64	87	0	1
862	153.710000	153.842500	G#3	64	102	1	-5
863	154.010000	154.168750	B5	64	93	0	4
864	154.010000	154.461250	G#3	64	87	1	-5
865	154.010000	154.472500	D#4	64	93	0	4
866	154.310000	154.705000	G#5	64	103	0	1
867	154.310000	154.747500	D#3	64	80	1	-5
868	154.610000	155.020000	G#3	64	95	1	-5
869	154.610000	155.143750	D#4	64	102	0	4
870	154.910000	155.050000	E5	64	102	0	2
871	154.910000	155.280000	D#3	64	87	1	-5
872	155.210000	155.357500	F#5	64	85	0	4
873	155.210000	155.375000	G#3	64	102	1	-5
874	155.510000	155.662500	G#5	64	95	0	1
875	155.510000	155.687500	G#3	64	80	1	-5
876	155.510000	155.917500	E4	64	83	0	5
877	155.510000	157.585000	C#3	64	83	1	-2
878	155.810000	155.962500	G#3	64	85	1	-5
879	156.110000	156.281250	G#5	64	93	0	1
880	156.110000	156.230000	G#3	64	93	1	-5
881	156.110000	156.322500	E4	64	87	0	5
882	156.410000	156.740000	G#3	64	93	1	-5
883	156.410000	156.853750	E4	64	93	0	5
884	156.710000	156.937500	G#5	64	93	0	1
885	157.010000	157.175000	G#3	64	93	1	-5
886	157.310000	157.447500	F#5	64	93	0	4
887	157.310000	157.472500	G#3	64	87	1	-5
888	157.310000	157.657500	C#4	64	87	0	2
889	157.610000	157.742500	E5	64	105	0	2
890	157.610000	157.752500	G#3	64	93	1	-5
891	157.910000	158.510000	F#5	64	95	0	4
892	157.910000	158.260000	D#4	64	93	0	4
893	157.910000	158.293750	B3	64	93	1	-2
894	157.910000	159.972500	B2	64	71	1	-4
895	158.210000	158.390000	F#3	64	87	1	-2
896	158.510000	158.675000	F#5	64	95	0	4
897	158.510000	158.573750	B3	64	44	1	-2
898	158.510000	158.612500	D#4	64	74	0	4
899	158.810000	158.962500	G#5	64	90	0	1
900	158.810000	159.215000	D#4	64	102	0	4
901	158.810000	159.258750	B3	64	102	1	-2
902	159.110000	159.472500	F#5	64	103	0	4
903	159.410000	159.583750	F#3	64	83	1	-2
904	159.710000	159.858750	E5	64	93	0	2
905	159.710000	159.832500	F#3	64	93	1	-2
906	159.710000	160.003750	B3	64	87	1	-2
907	160.010000	160.168750	F#5	64	87	0	4
908	160.010000	160.228750	F#3	64	80	1	-2
909	160.310000	160.453750	G#5	64	93	0	1
910	160.310000	160.621250	A3	64	80	1	-4
911	160.310000	160.732500	C#4	64	93	0	2
912	160.310000	162.196250	A2	64	71	1	-1
913	160.610000	160.745000	C#5	64	93	0	4
914	160.610000	161.900000	E3	64	69	1	-4
915	160.910000	161.072500	C#5	64	102	0	4
916	160.910000	161.030000	A3	64	93	1	-4
917	161.210000	161.353750	G#5	64	90	0	1
918	161.210000	161.450000	E4	64	80	0	5
919	161.210000	161.501250	A3	64	87	1	-4
920	161.510000	161.677500	G#5	64	95	0	1
921	161.810000	162.101250	C#5	64	102	0	4
922	161.810000	162.193750	A3	64	87	1	-4
923	161.810000	162.288750	C#4	64	93	0	2
924	162.110000	162.508750	E3	64	80	1	-4
925	162.410000	162.527500	A3	64	87	1	-4
926	162.710000	163.141250	G#5	64	95	0	1
927	162.710000	163.100000	G#3	64	69	1	-5
928	162.710000	163.248750	D#4	64	70	0	4
929	162.710000	165.047500	G#2	64	80	1	-2
930	163.010000	163.726250	D#3	64	72	1	-5
931	163.310000	163.490000	G#5	64	93	0	1
932	163.310000	163.432500	G#3	64	102	1	-5
933	163.610000	163.788750	F#5	64	95	0	4
934	163.610000	163.966250	G#3	64	93	1	-5
935	163.610000	164.275000	D#4	64	85	0	4
936	163.910000	165.062500	G#5	64	95	0	1
937	163.910000	165.038750	D#3	64	63	1	-5
938	164.210000	164.351250	G#3	64	87	1	-5
939	164.510000	164.672500	G#3	64	102	1	-5
940	164.510000	165.022500	D#4	64	95	0	4
941	164.810000	165.020000	G#3	64	93	1	-5
942	165.110000	166.062500	C#4	64	74	0	2
943	165.110000	166.337500	E4	64	68	0	5
944	165.110000	167.076250	C#3	64	74	1	-2
945	166.010000	167.116250	G#3	64	54	1	-5
946	166.610000	166.781250	C#4	64	43	0	2
947	166.910000	167.098750	E4	64	87	0	5
948	166.910000	167.146250	C#4	64	87	0	2
949	167.510000	169.392500	C#3	64	80	1	-2
950	167.810000	169.385000	G#3	64	59	1	-5
951	168.410000	168.775000	C#4	64	69	0	2
952	168.410000	168.790000	E4	64	69	0	5
953	169.910000	170.242500	C#4	64	66	0	2
954	169.910000	170.326250	E4	64	74	0	5
955	169.910000	172.118750	C#3	64	80	1	-2
956	170.210000	172.143750	G#3	64	53	1	-5
957	170.510000	170.657500	C#4	64	49	0	2
958	170.810000	171.301250	C#4	64	80	0	2
959	170.810000	171.317500	E4	64	87	0	5
960	172.310000	173.020000	C#4	64	66	0	2
961	172.310000	173.056250	E4	64	72	0	5
962	172.310000	174.013750	C#3	64	74	1	-2
963	172.910000	173.901250	G#3	64	66	1	-5
964	173.210000	173.417500	C#4	64	74	0	2
965	173.210000	173.422500	E4	64	69	0	5
966	173.210000	173.426250	G#4	64	87	0	4
967	173.810000	173.908750	E4	64	72	0	5
968	173.810000	173.918750	C#4	64	66	0	2
969	174.110000	174.406250	G#3	64	72	1	-5
970	174.710000	174.847500	E5	64	95	0	2
971	174.710000	174.832500	C#4	64	74	0	2
972	174.710000	175.177500	E4	64	80	0	5
973	174.710000	176.263750	C#2	64	87	1	-4
974	175.010000	175.153750	C#5	64	87	0	4
975	175.010000	176.255000	G#2	64	65	1	-2
976	175.310000	175.447500	E5	64	93	0	2
977	175.310000	175.438750	G#3	64	93	1	-5
978	175.610000	175.757500	C#5	64	87	0	4
979	175.610000	175.757500	G#3	64	103	1	-5
980	175.610000	175.766250	E4	64	90	0	5
981	175.910000	176.045000	E5	64	95	0	2
982	176.210000	176.402500	C#5	64	93	0	4
983	176.510000	176.688750	E5	64	105	0	2
984	176.510000	176.647500	C#4	64	93	0	2
985	176.810000	176.957500	F#5	64	95	0	4
986	176.810000	176.893750	C#4	64	29	0	2
987	176.810000	176.987500	G#3	64	80	1	-5
988	177.110000	177.251250	D#5	64	95	0	1
989	177.110000	177.715000	D#4	64	67	0	4
990	177.110000	179.333750	G#2	64	80	1	-2
991	177.410000	177.551250	D#5	64	93	0	1
992	177.410000	178.338750	D#3	64	68	1	-5
993	177.710000	177.875000	D#5	64	90	0	1
994	177.710000	177.845000	G#3	64	80	1	-5
995	178.010000	178.175000	E5	64	87	0	2
996	178.010000	178.576250	B3	64	83	1	-2
997	178.010000	178.578750	G#3	64	87	1	-5
998	178.310000	178.977500	D#5	64	103	0	1
999	178.610000	179.397500	D#3	64	65	1	-5
1000	178.910000	179.023750	G#3	64	87	1	-5
1001	178.910000	179.206250	D#4	64	93	0	4
1002	179.210000	179.570000	G#3	64	95	1	-5
1003	179.510000	179.717500	E5	64	102	0	2
1004	179.510000	179.955000	E4	64	87	0	5
1005	179.510000	181.471250	C#3	64	74	1	-2
1006	179.810000	179.981250	C#5	64	93	0	4
1007	179.810000	180.166250	G#3	64	93	1	-5
1008	180.110000	180.247500	E5	64	103	0	2
1009	180.110000	180.227500	C#4	64	68	0	2
1010	180.410000	180.532500	C#5	64	95	0	4
1011	180.410000	180.532500	G#3	64	90	1	-5
1012	180.410000	180.551250	E4	64	90	0	5
1013	180.710000	181.602500	E5	64	102	0	2
1014	181.310000	181.586250	C#4	64	93	0	2
1015	181.610000	181.910000	E5	64	100	0	2
1016	181.610000	181.978750	G#3	64	93	1	-5
1017	181.910000	182.068750	D#5	64	87	0	1
1018	181.910000	182.532500	D#4	64	87	0	4
1019	181.910000	184.105000	G#2	64	83	1	-2
1020	182.210000	182.396250	D#5	64	93	0	1
1021	182.210000	183.057500	D#3	64	68	1	-5
1022	182.510000	182.668750	D#5	64	93	0	1
1023	182.510000	182.645000	G#3	64	93	1	-5
1024	182.810000	182.983750	E5	64	102	0	2
1025	182.810000	183.497500	G#3	64	95	1	-5
1026	182.810000	183.522500	D#4	64	90	0	4
1027	183.110000	183.710000	D#5	64	102	0	1
1028	183.410000	183.853750	D#3	64	63	1	-5
1029	183.710000	183.877500	C#5	64	69	0	4
1030	183.710000	183.936250	G#3	64	87	1	-5
1031	183.710000	184.063750	D#4	64	93	0	4
1032	184.010000	184.175000	B4	64	87	0	2
1033	184.010000	184.241250	D#3	64	85	1	-5
1034	184.310000	184.882500	C#5	64	95	0	4
1035	184.310000	184.781250	E4	64	95	0	5
1036	184.310000	186.558750	C#3	64	74	1	-2
1037	184.610000	184.957500	G#3	64	102	1	-5
1038	184.910000	185.368750	E5	64	102	0	2
1039	184.910000	185.120000	C#4	64	70	0	2
1040	185.510000	185.681250	E5	64	95	0	2
1041	185.510000	185.645000	G#3	64	95	1	-5
1042	185.510000	186.428750	E4	64	87	0	5
1043	185.810000	186.382500	E5	64	105	0	2
1044	185.810000	186.501250	G#3	64	74	1	-5
1045	186.410000	186.530000	C#4	64	74	0	2
1046	186.710000	187.310000	G#5	64	87	0	1
1047	186.710000	187.392500	D#4	64	72	0	4
1048	186.710000	188.647500	G#2	64	74	1	-2
1049	187.010000	188.338750	D#3	64	67	1	-5
1050	187.310000	187.447500	G#3	64	83	1	-5
1051	187.610000	187.813750	F#5	64	93	0	4
1052	187.610000	187.966250	G#3	64	90	1	-5
1053	187.610000	187.970000	D#4	64	93	0	4
1054	187.910000	188.510000	D#5	64	95	0	1
1055	188.210000	188.516250	G#3	64	80	1	-5
1056	188.210000	188.525000	B3	64	95	1	-2
1057	188.510000	188.687500	C#5	64	93	0	4
1058	188.510000	188.705000	D#3	64	69	1	-5
1059	188.810000	188.990000	B4	64	87	0	2
1060	189.110000	189.623750	C#5	64	93	0	4
1061	189.110000	189.502500	F#3	64	66	1	-2
1062	189.110000	189.800000	C#4	64	74	0	2
1063	189.110000	191.176250	F#2	64	93	1	-4
1064	189.410000	190.260000	C#3	64	64	1	-2
1065	189.710000	190.162500	E5	64	105	0	2
1066	189.710000	189.857500	F#3	64	80	1	-2
1067	190.010000	190.707500	F#3	64	93	1	-2
1068	190.010000	190.973750	C#4	64	83	0	2
1069	190.310000	190.492500	E5	64	105	0	2
1070	190.610000	191.510000	E5	64	102	0	2
1071	190.610000	191.307500	C#3	64	68	1	-2
1072	190.910000	191.221250	F#3	64	103	1	-2
1073	191.210000	191.422500	C#4	64	87	0	2
1074	191.510000	191.717500	G#5	64	93	0	1
1075	191.510000	192.117500	D#4	64	80	0	4
1076	191.510000	193.638750	G#2	64	87	1	-2
1077	191.810000	191.972500	G#5	64	93	0	1
1078	191.810000	192.852500	D#3	64	68	1	-5
1079	192.110000	192.275000	G#5	64	102	0	1
1080	192.110000	192.287500	G#3	64	90	1	-5
1081	192.410000	192.562500	B5	64	102	0	4
1082	192.410000	193.313750	D#4	64	93	0	4
1083	192.710000	193.162500	G#5	64	103	0	1
1084	193.010000	193.636250	D#3	64	69	1	-5
1085	193.310000	193.495000	E5	64	105	0	2
1086	193.310000	193.591250	G#3	64	105	1	-5
1087	193.610000	193.818750	F#5	64	102	0	4
1088	193.910000	194.060000	G#5	64	87	0	1
1089	193.910000	194.051250	G#3	64	103	1	-5
1090	193.910000	194.257500	E4	64	80	0	5
1091	193.910000	195.978750	C#3	64	87	1	-2
1092	194.210000	194.396250	G#3	64	93	1	-5
1093	194.510000	194.750000	G#5	64	93	0	1
1094	194.510000	194.683750	E4	64	112	0	5
1095	194.810000	195.036250	G#3	64	102	1	-5
1096	195.110000	195.416250	G#5	64	93	0	1
1097	195.410000	195.562500	G#3	64	93	1	-5
1098	195.710000	195.860000	F#5	64	93	0	4
1099	195.710000	195.991250	E4	64	95	0	5
1100	195.710000	196.058750	C#4	64	93	0	2
1101	196.010000	196.167500	E5	64	103	0	2
1102	196.010000	196.168750	G#3	64	93	1	-5
1103	196.310000	196.486250	F#5	64	103	0	4
1104	196.310000	196.655000	B3	64	71	1	-2
1105	196.310000	196.672500	D#4	64	93	0	4
1106	196.310000	198.241250	B2	64	83	1	-4
1107	196.610000	196.987500	F#3	64	87	1	-2
1108	196.910000	197.132500	F#5	64	87	0	4
1109	196.910000	197.003750	B3	64	68	1	-2
1110	197.210000	197.367500	G#5	64	90	0	1
1111	197.210000	197.362500	F#3	64	93	1	-2
1112	197.210000	197.647500	D#4	64	95	0	4
1113	197.510000	197.842500	F#5	64	95	0	4
1114	197.810000	197.936250	B3	64	87	1	-2
1115	198.110000	198.275000	E5	64	87	0	2
1116	198.110000	198.225000	F#3	64	93	1	-2
1117	198.110000	198.336250	B3	64	103	1	-2
1118	198.110000	198.431250	D#4	64	102	0	4
1119	198.410000	198.575000	F#5	64	87	0	4
1120	198.410000	198.577500	F#3	64	87	1	-2
1121	198.710000	198.883750	G#5	64	87	0	1
1122	198.710000	199.063750	C#4	64	102	0	2
1123	198.710000	200.853750	A2	64	65	1	-1
1124	199.010000	199.153750	C#5	64	90	0	4
1125	199.010000	200.947500	E3	64	45	1	-4
1126	199.310000	199.472500	C#5	64	93	0	4
1127	199.310000	199.460000	A3	64	74	1	-4
1128	199.310000	199.678750	C#4	64	80	0	2
1129	199.610000	199.773750	G#5	64	93	0	1
1130	199.610000	199.876250	A3	64	72	1	-4
1131	199.910000	200.072500	G#5	64	95	0	1
1132	200.210000	200.347500	C#5	64	102	0	4
1133	200.210000	200.362500	A3	64	87	1	-4
1134	200.510000	200.672500	C#5	64	103	0	4
1135	200.510000	200.647500	A3	64	69	1	-4
1136	200.510000	200.887500	C#4	64	87	0	2
1137	200.810000	200.923750	A3	64	61	1	-4
1138	201.110000	201.276250	G#5	64	85	0	1
1139	201.110000	201.523750	G#3	64	63	1	-5
1140	201.110000	201.706250	D#4	64	74	0	4
1141	201.110000	203.305000	G#2	64	80	1	-2
1142	201.410000	201.562500	G#5	64	87	0	1
1143	201.410000	202.173750	D#3	64	71	1	-5
1144	201.710000	201.897500	G#5	64	87	0	1
1145	201.710000	201.842500	G#3	64	102	1	-5
1146	202.010000	202.168750	B5	64	93	0	4
1147	202.010000	202.461250	G#3	64	87	1	-5
1148	202.010000	202.472500	D#4	64	93	0	4
1149	202.310000	202.705000	G#5	64	103	0	1
1150	202.310000	202.747500	D#3	64	80	1	-5
1151	202.610000	203.020000	G#3	64	95	1	-5
1152	202.610000	203.143750	D#4	64	102	0	4
1153	202.910000	203.050000	E5	64	102	0	2
1154	202.910000	203.280000	D#3	64	87	1	-5
1155	203.210000	203.357500	F#5	64	85	0	4
1156	203.210000	203.375000	G#3	64	102	1	-5
1157	203.510000	203.662500	G#5	64	95	0	1
1158	203.510000	203.687500	G#3	64	80	1	-5
1159	203.510000	203.917500	E4	64	83	0	5
1160	203.510000	205.585000	C#3	64	83	1	-2
1161	203.810000	203.962500	G#3	64	85	1	-5
1162	204.110000	204.281250	G#5	64	93	0	1
1163	204.110000	204.230000	G#3	64	93	1	-5
1164	204.110000	204.322500	E4	64	87	0	5
1165	204.410000	204.740000	G#3	64	93	1	-5
1166	204.410000	204.853750	E4	64	93	0	5
1167	204.710000	204.937500	G#5	64	93	0	1
1168	205.010000	205.175000	G#3	64	93	1	-5
1169	205.310000	205.447500	F#5	64	93	0	4
1170	205.310000	205.472500	G#3	64	87	1	-5
1171	205.310000	205.657500	C#4	64	87	0	2
1172	205.610000	205.742500	E5	64	105	0	2
1173	205.610000	205.752500	G#3	64	93	1	-5
1174	205.910000	206.510000	F#5	64	95	0	4
1175	205.910000	206.260000	D#4	64	93	0	4
1176	205.910000	206.293750	B3	64	93	1	-2
1177	205.910000	207.972500	B2	64	71	1	-4
1178	206.210000	206.390000	F#3	64	87	1	-2
1179	206.510000	206.675000	F#5	64	95	0	4
1180	206.510000	206.573750	B3	64	44	1	-2
1181	206.510000	206.612500	D#4	64	74	0	4
1182	206.810000	206.962500	G#5	64	90	0	1
1183	206.810000	207.215000	D#4	64	102	0	4
1184	206.810000	207.258750	B3	64	102	1	-2
1185	207.110000	207.472500	F#5	64	103	0	4
1186	207.410000	207.583750	F#3	64	83	1	-2
1187	207.710000	207.858750	E5	64	93	0	2
1188	207.710000	207.832500	F#3	64	93	1	-2
1189	207.710000	208.003750	B3	64	87	1	-2
1190	208.010000	208.168750	F#5	64	87	0	4
1191	208.010000	208.228750	F#3	64	80	1	-2
1192	208.310000	208.453750	G#5	64	93	0	1
1193	208.310000	208.621250	A3	64	80	1	-4
1194	208.310000	208.732500	C#4	64	93	0	2
1195	208.310000	210.196250	A2	64	71	1	-1
1196	208.610000	208.745000	C#5	64	93	0	4
1197	208.610000	209.900000	E3	64	69	1	-4
1198	208.910000	209.072500	C#5	64	102	0	4
1199	208.910000	209.030000	A3	64	93	1	-4
1200	209.210000	209.353750	G#5	64	90	0	1
1201	209.210000	209.450000	E4	64	80	0	5
1202	209.210000	209.501250	A3	64	87	1	-4
1203	209.510000	209.677500	G#5	64	95	0	1
1204	209.810000	210.101250	C#5	64	102	0	4
1205	209.810000	210.193750	A3	64	87	1	-4
1206	209.810000	210.288750	C#4	64	93	0	2
1207	210.110000	210.508750	E3	64	80	1	-4
1208	210.410000	210.527500	A3	64	87	1	-4
1209	210.710000	211.141250	G#5	64	95	0	1
1210	210.710000	211.100000	G#3	64	69	1	-5
1211	210.710000	211.248750	D#4	64	70	0	4
1212	210.710000	213.047500	G#2	64	80	1	-2
1213	211.010000	211.726250	D#3	64	72	1	-5
1214	211.310000	211.490000	G#5	64	93	0	1
1215	211.310000	211.432500	G#3	64	102	1	-5
1216	211.610000	211.788750	F#5	64	95	0	4
1217	211.610000	211.966250	G#3	64	93	1	-5
1218	211.610000	212.275000	D#4	64	85	0	4
1219	211.910000	212.510000	D#5	64	95	0	1
1220	211.910000	213.038750	D#3	64	63	1	-5
1221	212.210000	212.351250	G#3	64	87	1	-5
1222	212.510000	212.773750	D#4	64	105	0	4
1223	212.510000	212.672500	G#3	64	102	1	-5
1224	212.510000	213.022500	D#4	64	95	0	4
1225	212.810000	212.962500	E4	64	87	0	5
1226	212.810000	213.020000	G#3	64	93	1	-5
1227	212.960000	213.062500	D#4	64	93	0	4
1228	213.110000	214.625000	C#4	64	105	0	2
1229	213.110000	213.335000	G#3	64	87	1	-5
1230	213.110000	213.481250	C#4	64	87	0	2
1231	213.110000	213.831250	C#2	64	93	1	-4
1232	213.410000	213.562500	G#3	64	87	1	-5
1233	213.710000	213.798750	G#3	64	87	1	-5
1234	213.710000	213.935000	C#4	64	102	0	2
1235	213.710000	214.057500	E4	64	93	0	5
1236	214.010000	214.078750	C#4	64	28	0	2
1237	214.010000	214.132500	G#3	64	102	1	-5
1238	214.310000	214.427500	B3	64	72	1	-2
1239	214.310000	214.432500	D#4	64	83	0	4
1240	214.310000	214.461250	B2	64	80	1	-4
1241	214.610000	215.436250	B3	64	93	1	-2
1242	214.610000	215.440000	D#4	64	105	0	4
1243	214.610000	215.460000	B2	64	93	1	-4
1244	214.910000	215.095000	E5	64	105	0	2
1245	215.210000	215.418750	F#5	64	102	0	4
1246	215.510000	215.660000	G#5	64	87	0	1
1247	215.510000	215.651250	G#3	64	103	1	-5
1248	215.510000	215.857500	E4	64	80	0	5
1249	215.510000	217.578750	C#3	64	87	1	-2
1250	215.810000	215.996250	G#3	64	93	1	-5
1251	216.110000	216.350000	G#5	64	93	0	1
1252	216.110000	216.283750	E4	64	112	0	5
1253	216.410000	216.636250	G#3	64	102	1	-5
1254	216.710000	217.016250	G#5	64	93	0	1
1255	217.010000	217.162500	G#3	64	93	1	-5
1256	217.310000	217.460000	F#5	64	93	0	4
1257	217.310000	217.591250	E4	64	95	0	5
1258	217.310000	217.658750	C#4	64	93	0	2
1259	217.610000	217.767500	E5	64	103	0	2
1260	217.610000	217.768750	G#3	64	93	1	-5
1261	217.910000	218.086250	F#5	64	103	0	4
1262	217.910000	218.255000	B3	64	71	1	-2
1263	217.910000	218.272500	D#4	64	93	0	4
1264	217.910000	219.841250	B2	64	83	1	-4
1265	218.210000	218.587500	F#3	64	87	1	-2
1266	218.510000	218.732500	F#5	64	87	0	4
1267	218.510000	218.603750	B3	64	68	1	-2
1268	218.810000	218.967500	G#5	64	90	0	1
1269	218.810000	218.962500	F#3	64	93	1	-2
1270	218.810000	219.247500	D#4	64	95	0	4
1271	219.110000	219.442500	F#5	64	95	0	4
1272	219.410000	219.536250	B3	64	87	1	-2
1273	219.710000	219.875000	E5	64	87	0	2
1274	219.710000	219.825000	F#3	64	93	1	-2
1275	219.710000	219.936250	B3	64	103	1	-2
1276	219.710000	220.031250	D#4	64	102	0	4
1277	220.010000	220.175000	F#5	64	87	0	4
1278	220.010000	220.177500	F#3	64	87	1	-2
1279	220.310000	220.483750	G#5	64	87	0	1
1280	220.310000	220.663750	C#4	64	102	0	2
1281	220.310000	222.453750	A2	64	65	1	-1
1282	220.610000	220.753750	C#5	64	90	0	4
1283	220.610000	222.547500	E3	64	45	1	-4
1284	220.910000	221.072500	C#5	64	93	0	4
1285	220.910000	221.060000	A3	64	74	1	-4
1286	220.910000	221.278750	C#4	64	80	0	2
1287	221.210000	221.373750	G#5	64	93	0	1
1288	221.210000	221.476250	A3	64	72	1	-4
1289	221.510000	221.672500	G#5	64	95	0	1
1290	221.810000	221.947500	C#5	64	102	0	4
1291	221.810000	221.962500	A3	64	87	1	-4
1292	222.110000	222.272500	C#5	64	103	0	4
1293	222.110000	222.247500	A3	64	69	1	-4
1294	222.110000	222.487500	C#4	64	87	0	2
1295	222.410000	222.523750	A3	64	61	1	-4
1296	222.710000	222.876250	G#5	64	85	0	1
1297	222.710000	223.123750	G#3	64	63	1	-5
1298	222.710000	223.306250	D#4	64	74	0	4
1299	222.710000	224.905000	G#2	64	80	1	-2
1300	223.010000	223.162500	G#5	64	87	0	1
1301	223.010000	223.773750	D#3	64	71	1	-5
1302	223.310000	223.497500	G#5	64	87	0	1
1303	223.310000	223.442500	G#3	64	102	1	-5
1304	223.610000	223.768750	B5	64	93	0	4
1305	223.610000	224.061250	G#3	64	87	1	-5
1306	223.610000	224.072500	D#4	64	93	0	4
1307	223.910000	224.305000	G#5	64	103	0	1
1308	223.910000	224.347500	D#3	64	80	1	-5
1309	224.210000	224.620000	G#3	64	95	1	-5
1310	224.210000	224.743750	D#4	64	102	0	4
1311	224.510000	224.650000	E5	64	102	0	2
1312	224.510000	224.880000	D#3	64	87	1	-5
1313	224.810000	224.957500	F#5	64	85	0	4
1314	224.810000	224.975000	G#3	64	102	1	-5
1315	225.110000	225.262500	G#5	64	95	0	1
1316	225.110000	225.287500	G#3	64	80	1	-5
1317	225.110000	225.517500	E4	64	83	0	5
1318	225.110000	227.185000	C#3	64	83	1	-2
1319	225.410000	225.562500	G#3	64	85	1	-5
1320	225.710000	225.881250	G#5	64	93	0	1
1321	225.710000	225.830000	G#3	64	93	1	-5
1322	225.710000	225.922500	E4	64	87	0	5
1323	226.010000	226.340000	G#3	64	93	1	-5
1324	226.010000	226.453750	E4	64	93	0	5
1325	226.310000	226.537500	G#5	64	93	0	1
1326	226.610000	226.775000	G#3	64	93	1	-5
1327	226.910000	227.047500	F#5	64	93	0	4
1328	226.910000	227.072500	G#3	64	87	1	-5
1329	226.910000	227.257500	C#4	64	87	0	2
1330	227.210000	227.342500	E5	64	105	0	2
1331	227.210000	227.352500	G#3	64	93	1	-5
1332	227.510000	228.110000	F#5	64	95	0	4
1333	227.510000	227.860000	D#4	64	93	0	4
1334	227.510000	227.893750	B3	64	93	1	-2
1335	227.510000	229.572500	B2	64	71	1	-4
1336	227.810000	227.990000	F#3	64	87	1	-2
1337	228.110000	228.275000	F#5	64	95	0	4
1338	228.110000	228.173750	B3	64	44	1	-2
1339	228.110000	228.212500	D#4	64	74	0	4
1340	228.410000	228.562500	G#5	64	90	0	1
1341	228.410000	228.815000	D#4	64	102	0	4
1342	228.410000	228.858750	B3	64	102	1	-2
1343	228.710000	229.072500	F#5	64	103	0	4
1344	229.010000	229.183750	F#3	64	83	1	-2
1345	229.310000	229.458750	E5	64	93	0	2
1346	229.310000	229.432500	F#3	64	93	1	-2
1347	229.310000	229.603750	B3	64	87	1	-2
1348	229.610000	229.768750	F#5	64	87	0	4
1349	229.610000	229.828750	F#3	64	80	1	-2
1350	229.910000	230.053750	G#5	64	93	0	1
1351	229.910000	230.221250	A3	64	80	1	-4
1352	229.910000	230.332500	C#4	64	93	0	2
1353	229.910000	231.796250	A2	64	71	1	-1
1354	230.210000	230.345000	C#5	64	93	0	4
1355	230.210000	231.500000	E3	64	69	1	-4
1356	230.510000	230.672500	C#5	64	102	0	4
1357	230.510000	230.630000	A3	64	93	1	-4
1358	230.810000	230.953750	G#5	64	90	0	1
1359	230.810000	231.050000	E4	64	80	0	5
1360	230.810000	231.101250	A3	64	87	1	-4
1361	231.110000	231.277500	G#5	64	95	0	1
1362	231.410000	231.701250	C#5	64	102	0	4
1363	231.410000	231.793750	A3	64	87	1	-4
1364	231.410000	231.888750	C#4	64	93	0	2
1365	231.710000	232.108750	E3	64	80	1	-4
1366	232.010000	232.127500	A3	64	87	1	-4
1367	232.310000	232.741250	G#5	64	95	0	1
1368	232.310000	232.700000	G#3	64	69	1	-5
1369	232.310000	232.848750	D#4	64	70	0	4
1370	232.310000	234.647500	G#2	64	80	1	-2
1371	232.610000	233.326250	D#3	64	72	1	-5
1372	232.910000	233.090000	G#5	64	93	0	1
1373	232.910000	233.032500	G#3	64	102	1	-5
1374	233.210000	233.388750	F#5	64	95	0	4
1375	233.210000	233.566250	G#3	64	93	1	-5
1376	233.210000	233.875000	D#4	64	85	0	4
1377	233.510000	234.110000	D#5	64	95	0	1
1378	233.510000	234.638750	D#3	64	63	1	-5
1379	233.810000	233.951250	G#3	64	87	1	-5
1380	234.110000	234.373750	D#4	64	105	0	4
1381	234.110000	234.272500	G#3	64	102	1	-5
1382	234.110000	234.622500	D#4	64	95	0	4
1383	234.410000	234.562500	E4	64	87	0	5
1384	234.410000	234.620000	G#3	64	93	1	-5
1385	234.560000	234.662500	D#4	64	93	0	4
1386	234.710000	236.225000	C#4	64	105	0	2
1387	234.710000	236.578750	C#3	64	93	1	-2
1388	235.010000	236.518750	G#3	64	70	1	-5
1389	235.310000	235.445000	C#4	64	80	0	2
1390	235.610000	235.723750	E4	64	102	0	5
1391	235.610000	235.741250	C#4	64	102	0	2
1392	236.210000	236.312500	C#4	64	87	0	2
1393	236.210000	236.313750	G#4	64	103	0	4
1394	236.810000	237.163750	C#4	64	74	0	2
1395	236.810000	237.211250	E4	64	80	0	5
1396	237.110000	239.027500	A2	64	80	1	-1
1397	237.410000	238.790000	E3	64	53	1	-4
1398	237.710000	237.812500	A3	64	71	1	-4
1399	238.010000	238.142500	A3	64	90	1	-4
1400	238.010000	238.145000	E4	64	90	0	5
1401	238.610000	238.735000	A3	64	83	1	-4
1402	238.610000	238.753750	C#4	64	83	0	2
1403	238.610000	238.768750	E4	64	80	0	5
1404	239.510000	239.855000	C#4	64	74	0	2
1405	239.510000	239.896250	E4	64	83	0	5
1406	239.510000	241.366250	C#3	64	83	1	-2
1407	239.810000	241.070000	G#3	64	74	1	-5
1408	240.110000	240.238750	C#4	64	93	0	2
1409	240.410000	240.515000	C#4	64	93	0	2
1410	240.410000	240.533750	G#4	64	102	0	4
1411	241.010000	241.322500	C#4	64	95	0	2
1412	241.010000	241.350000	E4	64	103	0	5
1413	241.310000	241.442500	G#3	64	67	1	-5
1414	241.610000	241.901250	C#4	64	80	0	2
1415	241.910000	242.508750	E4	64	74	0	5
1416	241.910000	244.237500	A2	64	71	1	-1
1417	242.210000	244.211250	E3	64	37	1	-4
1418	242.510000	242.627500	A3	64	80	1	-4
1419	242.810000	243.211250	A3	64	95	1	-4
1420	242.810000	243.238750	E4	64	80	0	5
1421	243.410000	243.535000	A3	64	65	1	-4
1422	243.410000	243.748750	C#4	64	80	0	2
1423	243.710000	244.096250	A3	64	87	1	-4
1424	244.310000	244.723750	G#3	64	83	1	-5
1425	244.310000	244.785000	C#4	64	93	0	2
1426	244.310000	245.082500	G#2	64	87	1	-2
1427	244.610000	245.077500	D#3	64	63	1	-5
1428	244.910000	245.105000	G#3	64	83	1	-5
1429	245.210000	245.958750	G#3	64	93	1	-5
1430	245.210000	245.991250	C#4	64	85	0	2
1431	245.210000	246.605000	G#2	64	93	1	-2
1432	245.810000	246.562500	D#3	64	70	1	-5
1433	246.110000	246.440000	G#3	64	105	1	-5
1434	246.410000	246.582500	C#4	64	87	0	2
1435	246.710000	247.042500	G#3	64	80	1	-5
1436	246.710000	247.105000	D#4	64	80	0	4
1437	246.710000	248.976250	G#2	64	93	1	-2
1438	247.010000	248.972500	D#3	64	71	1	-5
1439	247.310000	247.442500	G#3	64	93	1	-5
1440	247.610000	248.977500	G#3	64	87	1	-5
1441	247.610000	248.987500	D#4	64	85	0	4
1442	249.121250	251.001250	G#2	64	71	1	-2
1443	249.421250	250.968750	D#3	64	67	1	-5
1444	249.711250	250.926250	G#3	64	61	1	-5
1445	250.007500	250.402500	C4	64	68	0	1
1446	250.307500	251.005000	D#4	64	49	0	4
1447	251.495000	253.208750	C#2	64	87	1	-4
1448	251.627500	253.336250	G#3	64	65	1	-5
1449	251.716250	253.347500	C#4	64	64	0	2
1450	251.812500	253.321250	E4	64	68	0	5
