//Version: PianoFingering_v170101
0	1.385000	1.571250	F4	64	75	0	1
1	1.385000	1.588750	C4	64	72	0	1
2	1.385000	1.590000	G#4	64	74	0	4
3	1.385000	1.805000	F3	64	81	1	-3
4	1.385000	1.926250	F2	64	76	1	-5
5	1.685000	1.781250	F4	64	72	0	1
6	1.685000	1.792500	G#4	64	71	0	4
7	1.685000	1.795000	C4	64	68	0	1
8	1.985000	2.095000	C4	64	72	0	1
9	1.985000	2.095000	F4	64	76	0	1
10	1.985000	2.116250	G#4	64	74	0	4
11	2.285000	2.370000	F4	64	69	0	1
12	2.285000	2.371250	C4	64	80	0	1
13	2.285000	2.401250	G#4	64	72	0	4
14	2.285000	2.531250	C3	64	83	1	-3
15	2.585000	2.757500	F4	64	77	0	1
16	2.585000	2.770000	C#4	64	81	0	2
17	2.585000	2.772500	G#4	64	76	0	4
18	2.585000	3.038750	C#3	64	82	1	-2
19	2.885000	3.015000	C#4	64	68	0	2
20	2.885000	3.015000	G#4	64	68	0	4
21	2.885000	3.016250	F4	64	74	0	1
22	3.185000	3.313750	F4	64	79	0	1
23	3.185000	3.316250	C#4	64	75	0	2
24	3.185000	3.317500	G#4	64	79	0	4
25	3.485000	3.590000	F4	64	75	0	1
26	3.485000	3.602500	G#4	64	73	0	4
27	3.485000	3.616250	C#4	64	70	0	2
28	3.785000	4.010000	D#4	64	77	0	4
29	3.785000	4.012500	G4	64	80	0	3
30	3.785000	4.252500	D#3	64	82	1	-5
31	3.785000	4.275000	D#2	64	82	1	-2
32	4.085000	4.200000	G4	64	70	0	3
33	4.085000	4.206250	D#4	64	69	0	4
34	4.385000	4.505000	D#4	64	75	0	4
35	4.385000	4.515000	G4	64	75	0	3
36	4.685000	4.837500	D#4	64	75	0	4
37	4.685000	4.841250	G4	64	75	0	3
38	4.685000	4.915000	D#2	64	81	1	-2
39	4.685000	4.941250	D#3	64	75	1	-5
40	4.985000	5.126250	F4	64	76	0	1
41	4.985000	5.146250	C4	64	74	0	1
42	4.985000	5.148750	G#4	64	74	0	4
43	4.985000	5.641250	F3	64	80	1	-3
44	4.985000	5.666250	F2	64	81	1	-5
45	5.285000	5.396250	F4	64	69	0	1
46	5.285000	5.401250	G#4	64	69	0	4
47	5.285000	5.408750	C4	64	67	0	1
48	5.585000	5.731250	F4	64	83	0	1
49	5.585000	5.747500	C4	64	81	0	1
50	5.585000	5.756250	G#4	64	81	0	4
51	5.885000	6.031250	F4	64	81	0	1
52	5.885000	6.040000	C4	64	80	0	1
53	5.885000	6.066250	G#4	64	78	0	4
54	6.185000	6.291250	F4	64	75	0	1
55	6.185000	6.306250	C#4	64	74	0	2
56	6.185000	6.310000	G#4	64	74	0	4
57	6.185000	6.566250	C#3	64	80	1	-2
58	6.185000	6.577500	C#2	64	79	1	-4
59	6.485000	6.573750	F4	64	75	0	1
60	6.485000	6.581250	C#4	64	71	0	2
61	6.485000	6.585000	G#4	64	72	0	4
62	6.785000	6.886250	F4	64	76	0	1
63	6.785000	6.910000	C#4	64	74	0	2
64	6.785000	6.912500	G#4	64	74	0	4
65	7.085000	7.181250	C#4	64	72	0	2
66	7.085000	7.181250	F4	64	76	0	1
67	7.085000	7.228750	G#4	64	74	0	4
68	7.085000	7.280000	C#2	64	69	1	-4
69	7.085000	7.306250	C#3	64	76	1	-2
70	7.385000	7.625000	D#4	64	75	0	4
71	7.385000	7.637500	G4	64	79	0	3
72	7.385000	7.827500	D#3	64	80	1	-5
73	7.385000	7.878750	D#2	64	76	1	-2
74	7.685000	7.790000	D#4	64	71	0	4
75	7.685000	7.816250	G4	64	72	0	3
76	7.985000	8.140000	D#4	64	81	0	4
77	7.985000	8.146250	G4	64	84	0	3
78	8.285000	8.421250	D#4	64	70	0	4
79	8.285000	8.432500	G4	64	77	0	3
80	8.585000	8.816250	D#4	64	72	0	4
81	8.585000	8.826250	G#4	64	74	0	4
82	8.585000	8.840000	C4	64	70	0	1
83	8.585000	8.982500	G#3	64	75	1	-5
84	8.585000	9.012500	G#2	64	75	1	-2
85	8.885000	8.968750	G#4	64	68	0	4
86	8.885000	8.981250	D#4	64	75	0	4
87	8.885000	8.995000	C4	64	67	0	1
88	9.185000	9.281250	D#4	64	70	0	4
89	9.185000	9.286250	C4	64	69	0	1
90	9.185000	9.305000	G#4	64	65	0	4
91	9.485000	9.566250	D#4	64	63	0	4
92	9.485000	9.585000	C4	64	65	0	1
93	9.485000	9.616250	G#4	64	69	0	4
94	9.485000	9.700000	A#2	64	73	1	-5
95	9.485000	9.732500	A#3	64	69	1	-3
96	9.785000	10.005000	C4	64	75	0	1
97	9.785000	10.008750	E4	64	78	0	5
98	9.785000	10.017500	G4	64	78	0	3
99	9.785000	10.305000	C3	64	82	1	-3
100	10.085000	10.180000	C4	64	63	0	1
101	10.085000	10.190000	E4	64	69	0	5
102	10.085000	10.201250	G4	64	68	0	3
103	10.385000	10.437500	C4	64	75	0	1
104	10.385000	10.508750	E4	64	73	0	5
105	10.385000	10.535000	G4	64	74	0	3
106	10.685000	10.803750	E4	64	76	0	5
107	10.685000	10.830000	C4	64	76	0	1
108	10.685000	10.842500	G4	64	75	0	3
109	10.985000	11.241250	F4	64	65	0	1
110	10.985000	11.252500	C4	64	73	0	1
111	10.985000	11.253750	G#4	64	56	0	4
112	10.985000	11.561250	F3	64	71	1	-3
113	10.985000	11.575000	F2	64	80	1	-5
114	11.285000	11.382500	F4	64	71	0	1
115	11.285000	11.386250	C4	64	65	0	1
116	11.285000	11.400000	G#4	64	70	0	4
117	11.585000	11.756250	C4	64	73	0	1
118	11.585000	11.757500	F4	64	79	0	1
119	11.585000	11.773750	G#4	64	75	0	4
120	11.885000	11.992500	C4	64	71	0	1
121	11.885000	11.998750	F4	64	74	0	1
122	11.885000	12.012500	G#4	64	70	0	4
123	11.885000	12.086250	D#2	64	73	1	-2
124	11.885000	12.135000	D#3	64	75	1	-5
125	12.185000	12.403750	F4	64	77	0	1
126	12.185000	12.416250	G#4	64	75	0	4
127	12.185000	12.420000	C#4	64	72	0	2
128	12.185000	12.740000	C#3	64	79	1	-2
129	12.185000	12.748750	C#2	64	74	1	-4
130	12.485000	12.586250	F4	64	74	0	1
131	12.485000	12.591250	C#4	64	67	0	2
132	12.485000	12.601250	G#4	64	69	0	4
133	12.785000	13.212500	F4	64	83	0	1
134	12.785000	13.235000	C#4	64	80	0	2
135	12.785000	13.268750	G#4	64	81	0	4
136	13.385000	13.580000	D#4	64	76	0	4
137	13.385000	13.582500	G#4	64	73	0	4
138	13.385000	13.615000	C5	64	80	0	3
139	13.385000	13.927500	G#3	64	76	1	-5
140	13.385000	13.940000	G#2	64	81	1	-2
141	13.685000	13.780000	D#4	64	68	0	4
142	13.685000	13.800000	G#4	64	72	0	4
143	13.685000	13.821250	C5	64	72	0	3
144	13.985000	14.121250	D#4	64	80	0	4
145	13.985000	14.132500	G#4	64	80	0	4
146	13.985000	14.152500	C5	64	81	0	3
147	14.285000	14.425000	G#4	64	75	0	4
148	14.285000	14.428750	C5	64	78	0	3
149	14.285000	14.437500	D#4	64	75	0	4
150	14.285000	14.500000	G#2	64	74	1	-2
151	14.285000	14.598750	G#3	64	75	1	-5
152	14.585000	14.721250	D#4	64	65	0	4
153	14.585000	14.731250	G4	64	68	0	3
154	14.585000	15.140000	D#3	64	72	1	-5
155	14.585000	15.148750	D#2	64	70	1	-2
156	14.885000	15.001250	G4	64	74	0	3
157	14.885000	15.006250	D#4	64	72	0	4
158	15.185000	15.697500	G4	64	85	0	3
159	15.185000	15.721250	D#4	64	80	0	4
160	15.785000	15.926250	C4	64	75	0	1
161	15.785000	15.926250	G4	64	78	0	3
162	15.785000	15.927500	D#4	64	81	0	4
163	15.785000	16.475000	C3	64	77	1	-3
164	16.085000	16.168750	C4	64	58	0	1
165	16.085000	16.181250	D#4	64	67	0	4
166	16.085000	16.181250	G4	64	63	0	3
167	16.385000	16.452500	C4	64	65	0	1
168	16.385000	16.496250	G4	64	68	0	3
169	16.385000	16.501250	D#4	64	73	0	4
170	16.685000	16.801250	C4	64	61	0	1
171	16.685000	16.803750	D#4	64	68	0	4
172	16.685000	16.818750	G4	64	66	0	3
173	16.685000	16.922500	A#2	64	76	1	-5
174	16.685000	16.945000	A#3	64	73	1	-3
175	16.985000	17.288750	C4	64	81	0	1
176	16.985000	17.313750	C3	64	84	1	-3
177	16.985000	17.878750	G4	64	82	0	3
178	18.185000	18.672500	F4	64	81	0	1
179	18.185000	18.686250	C4	64	77	0	1
180	18.185000	18.722500	F3	64	81	1	-3
181	18.185000	18.748750	F2	64	79	1	-5
182	18.785000	18.896250	F4	64	78	0	1
183	18.785000	18.917500	G#4	64	74	0	4
184	19.085000	19.221250	G#4	64	67	0	4
185	19.085000	19.230000	F4	64	68	0	1
186	19.085000	19.240000	C4	64	64	0	1
187	19.085000	19.390000	D#2	64	75	1	-2
188	19.085000	19.405000	D#3	64	78	1	-5
189	19.385000	19.496250	F4	64	66	0	1
190	19.385000	19.501250	C4	64	66	0	1
191	19.385000	19.505000	G#4	64	66	0	4
192	19.385000	20.145000	F3	64	80	1	-3
193	19.385000	20.166250	F2	64	80	1	-5
194	19.685000	19.787500	F4	64	70	0	1
195	19.685000	19.790000	C4	64	66	0	1
196	19.685000	19.791250	G#4	64	69	0	4
197	19.985000	20.397500	F4	64	85	0	1
198	19.985000	20.397500	G#4	64	80	0	4
199	19.985000	20.438750	C4	64	80	0	1
200	20.585000	20.810000	F4	64	81	0	1
201	20.585000	20.777500	C4	64	75	0	1
202	20.585000	20.961250	F4	64	79	0	1
203	20.585000	21.403750	F2	64	86	1	-5
204	20.585000	21.403750	F3	64	86	1	-3
205	20.885000	21.031250	C5	64	82	0	3
206	20.885000	21.036250	C4	64	68	0	1
207	21.185000	21.328750	C5	64	85	0	3
208	21.185000	21.303750	C4	64	81	0	1
209	21.185000	21.536250	F4	64	89	0	1
210	21.185000	21.607500	G#4	64	82	0	4
211	21.485000	21.670000	C5	64	81	0	3
212	21.485000	21.601250	C4	64	75	0	1
213	21.785000	22.222500	F5	64	82	0	3
214	21.785000	22.041250	F4	64	78	0	1
215	21.785000	22.053750	G#4	64	74	0	4
216	21.785000	22.068750	C#4	64	71	0	2
217	21.785000	22.583750	C#2	64	82	1	-4
218	21.785000	22.583750	C#3	64	82	1	-2
219	22.085000	22.572500	G#3	64	67	1	-5
220	22.235000	22.365000	D#5	64	74	0	1
221	22.385000	22.868750	C5	64	80	0	3
222	22.385000	22.497500	C#4	64	82	0	2
223	22.385000	22.501250	G#4	64	81	0	4
224	22.985000	23.225000	A#4	64	74	0	1
225	22.985000	23.205000	D#4	64	74	0	4
226	22.985000	23.266250	G4	64	76	0	3
227	22.985000	23.912500	D#2	64	81	1	-2
228	22.985000	23.912500	D#3	64	81	1	-5
229	23.285000	23.761250	C5	64	81	0	3
230	23.285000	23.986250	A#3	64	65	1	-3
231	23.585000	23.696250	D#4	64	71	0	4
232	23.585000	23.785000	G4	64	82	0	3
233	23.585000	24.045000	A#4	64	80	0	1
234	23.885000	24.151250	G#4	64	75	0	4
235	23.885000	24.026250	D#4	64	72	0	4
236	24.185000	25.242500	F4	64	80	0	1
237	24.185000	24.483750	G#4	64	70	0	4
238	24.185000	24.496250	F4	64	76	0	1
239	24.185000	24.863750	F2	64	82	1	-5
240	24.185000	24.863750	F3	64	82	1	-3
241	24.485000	24.853750	C4	64	66	0	1
242	24.785000	24.886250	G#4	64	81	0	4
243	24.785000	24.901250	F4	64	81	0	1
244	24.785000	24.906250	C5	64	81	0	3
245	25.385000	25.651250	F4	64	81	0	1
246	25.385000	25.708750	F4	64	77	0	1
247	25.385000	25.717500	C#4	64	69	0	2
248	25.385000	26.372500	C#2	64	80	1	-4
249	25.385000	26.372500	C#3	64	80	1	-2
250	25.685000	25.885000	G#4	64	75	0	4
251	25.685000	26.331250	G#3	64	68	1	-5
252	25.985000	26.277500	G#4	64	80	0	4
253	25.985000	26.325000	C#4	64	82	0	2
254	26.285000	26.525000	F4	64	82	0	1
255	26.285000	26.417500	F4	64	83	0	1
256	26.585000	27.175000	F5	64	84	0	3
257	26.585000	26.846250	G4	64	72	0	3
258	26.585000	26.872500	D#4	64	72	0	4
259	26.585000	27.466250	D#2	64	82	1	-2
260	26.585000	27.466250	D#3	64	82	1	-5
261	26.885000	27.432500	A#3	64	65	1	-3
262	27.185000	27.463750	D#5	64	85	0	1
263	27.185000	27.291250	D#4	64	73	0	4
264	27.185000	27.382500	G4	64	76	0	3
265	27.185000	27.426250	A#4	64	76	0	1
266	27.485000	27.777500	A#4	64	81	0	1
267	27.785000	30.018750	C5	64	79	0	3
268	27.785000	28.187500	D#4	64	76	0	4
269	27.785000	28.200000	G#4	64	77	0	4
270	27.785000	28.367500	G#2	64	82	1	-2
271	27.785000	28.367500	G#3	64	82	1	-5
272	28.085000	28.385000	C4	64	66	0	1
273	28.385000	28.632500	D#4	64	80	0	4
274	28.385000	28.986250	G#4	64	80	0	4
275	28.685000	28.815000	A#1	64	81	1	-2
276	28.685000	28.815000	A#2	64	81	1	-5
277	28.985000	29.630000	C2	64	85	1	-5
278	28.985000	29.630000	C3	64	85	1	-3
279	29.285000	29.475000	C4	64	81	0	1
280	29.585000	29.731250	C4	64	80	0	1
281	29.585000	29.892500	E4	64	82	0	5
282	29.585000	29.967500	G4	64	81	0	3
283	29.885000	30.062500	C4	64	83	0	1
284	30.185000	30.488750	C5	64	84	0	3
285	30.185000	30.335000	C4	64	80	0	1
286	30.185000	30.548750	F4	64	82	0	1
287	30.185000	30.915000	F2	64	85	1	-5
288	30.185000	30.915000	F3	64	85	1	-3
289	30.485000	30.946250	F5	64	80	0	3
290	30.485000	30.600000	C4	64	72	0	1
291	30.785000	31.123750	C4	64	81	0	1
292	30.785000	31.310000	F4	64	82	0	1
293	30.785000	31.342500	G#4	64	80	0	4
294	31.085000	31.296250	G#5	64	81	0	1
295	31.085000	31.245000	D#2	64	86	1	-2
296	31.085000	31.245000	D#3	64	86	1	-5
297	31.385000	32.183750	F5	64	87	0	3
298	31.385000	31.703750	C#4	64	79	0	2
299	31.385000	31.728750	F4	64	81	0	1
300	31.385000	32.428750	C#2	64	85	1	-4
301	31.385000	32.428750	C#3	64	85	1	-2
302	31.685000	32.408750	G#3	64	74	1	-5
303	31.985000	32.121250	C#4	64	81	0	2
304	31.985000	32.531250	F4	64	89	0	1
305	31.985000	32.545000	G#4	64	84	0	4
306	32.285000	32.502500	D#5	64	82	0	1
307	32.285000	32.563750	C#4	64	72	0	2
308	32.585000	32.881250	F5	64	83	0	3
309	32.585000	33.005000	D#4	64	82	0	4
310	32.585000	33.022500	G#3	64	81	1	-5
311	32.585000	33.377500	G#1	64	81	1	-4
312	32.585000	33.377500	G#2	64	81	1	-2
313	32.885000	33.406250	D#5	64	84	0	1
314	32.885000	33.338750	D#2	64	76	1	-2
315	32.885000	33.338750	D#3	64	76	1	-5
316	33.185000	33.227500	G#3	64	68	1	-5
317	33.185000	33.726250	C4	64	81	0	1
318	33.185000	33.756250	D#4	64	80	0	4
319	33.185000	33.766250	G#4	64	70	0	4
320	33.485000	33.853750	G#4	64	80	0	4
321	33.485000	33.741250	C#2	64	94	1	-4
322	33.485000	33.741250	C#3	64	94	1	-2
323	33.785000	34.761250	A#4	64	81	0	1
324	33.785000	34.218750	D#4	64	81	0	4
325	33.785000	34.252500	G4	64	80	0	3
326	33.785000	34.806250	D#2	64	81	1	-2
327	33.785000	34.806250	D#3	64	81	1	-5
328	34.085000	34.511250	A#3	64	71	1	-3
329	34.385000	34.578750	D#4	64	80	0	4
330	34.685000	34.868750	A#3	64	80	1	-3
331	34.985000	35.178750	A#4	64	82	0	1
332	34.985000	35.330000	C4	64	76	0	1
333	34.985000	35.336250	D#4	64	80	0	4
334	34.985000	36.058750	C2	64	80	1	-5
335	34.985000	36.058750	C3	64	80	1	-3
336	35.285000	35.475000	C5	64	81	0	3
337	35.285000	36.008750	G3	64	46	1	-1
338	35.585000	35.762500	D#5	64	87	0	1
339	35.585000	35.730000	C4	64	81	0	1
340	35.585000	35.742500	D#4	64	87	0	4
341	35.585000	35.845000	G4	64	85	0	3
342	35.885000	36.031250	C5	64	83	0	3
343	35.885000	35.995000	C4	64	67	0	1
344	36.185000	36.398750	A#4	64	83	0	1
345	36.185000	36.602500	D#4	64	74	0	4
346	36.185000	36.606250	C4	64	75	0	1
347	36.185000	37.106250	C2	64	80	1	-5
348	36.185000	37.106250	C3	64	80	1	-3
349	36.485000	36.965000	C5	64	81	0	3
350	36.485000	36.935000	G3	64	59	1	-1
351	36.785000	36.896250	C4	64	81	0	1
352	36.785000	37.137500	D#4	64	91	0	4
353	36.785000	37.150000	G4	64	86	0	3
354	37.085000	37.686250	G#4	64	76	0	4
355	37.085000	37.246250	C4	64	77	0	1
356	37.385000	37.602500	C4	64	80	0	1
357	37.385000	37.782500	F4	64	82	0	1
358	37.385000	38.285000	F2	64	79	1	-5
359	37.385000	38.285000	F3	64	79	1	-3
360	37.685000	39.262500	F4	64	81	0	1
361	37.985000	38.100000	C4	64	81	0	1
362	37.985000	38.350000	G#4	64	82	0	4
363	37.985000	38.425000	F4	64	87	0	1
364	38.285000	38.525000	C4	64	74	0	1
365	38.285000	38.585000	A#2	64	80	1	-5
366	38.585000	39.185000	C3	64	79	1	-3
367	38.885000	39.012500	C4	64	74	0	1
368	39.185000	39.363750	C4	64	85	0	1
369	39.185000	39.815000	G#4	64	83	0	4
370	39.485000	39.752500	D#2	64	91	1	-2
371	39.485000	39.752500	D#3	64	91	1	-5
372	39.785000	40.010000	F4	64	81	0	1
373	39.785000	39.787500	F4	64	79	0	1
374	39.785000	39.977500	C4	64	75	0	1
375	39.785000	40.603750	F2	64	86	1	-5
376	39.785000	40.603750	F3	64	86	1	-3
377	40.085000	40.231250	C5	64	82	0	3
378	40.085000	40.236250	C4	64	68	0	1
379	40.385000	40.528750	C5	64	85	0	3
380	40.385000	40.503750	C4	64	81	0	1
381	40.385000	40.736250	F4	64	89	0	1
382	40.385000	40.807500	G#4	64	82	0	4
383	40.685000	40.870000	C5	64	81	0	3
384	40.685000	40.801250	C4	64	75	0	1
385	40.985000	41.422500	F5	64	82	0	3
386	40.985000	41.241250	F4	64	78	0	1
387	40.985000	41.253750	G#4	64	74	0	4
388	40.985000	41.268750	C#4	64	71	0	2
389	40.985000	41.783750	C#2	64	82	1	-4
390	40.985000	41.783750	C#3	64	82	1	-2
391	41.285000	41.772500	G#3	64	67	1	-5
392	41.435000	41.565000	D#5	64	74	0	1
393	41.585000	42.068750	C5	64	80	0	3
394	41.585000	41.697500	C#4	64	82	0	2
395	41.585000	41.701250	G#4	64	81	0	4
396	42.185000	42.425000	A#4	64	74	0	1
397	42.185000	42.405000	D#4	64	74	0	4
398	42.185000	42.466250	G4	64	76	0	3
399	42.185000	43.112500	D#2	64	81	1	-2
400	42.185000	43.112500	D#3	64	81	1	-5
401	42.485000	42.961250	C5	64	81	0	3
402	42.485000	43.186250	A#3	64	65	1	-3
403	42.785000	42.896250	D#4	64	71	0	4
404	42.785000	42.985000	G4	64	82	0	3
405	42.785000	43.245000	A#4	64	80	0	1
406	43.085000	43.351250	G#4	64	75	0	4
407	43.085000	43.226250	D#4	64	72	0	4
408	43.385000	44.442500	F4	64	80	0	1
409	43.385000	43.683750	G#4	64	70	0	4
410	43.385000	43.696250	F4	64	76	0	1
411	43.385000	44.063750	F2	64	82	1	-5
412	43.385000	44.063750	F3	64	82	1	-3
413	43.685000	44.053750	C4	64	66	0	1
414	43.985000	44.086250	G#4	64	81	0	4
415	43.985000	44.101250	F4	64	81	0	1
416	43.985000	44.106250	C5	64	81	0	3
417	44.585000	44.851250	F4	64	81	0	1
418	44.585000	44.908750	F4	64	77	0	1
419	44.585000	44.917500	C#4	64	69	0	2
420	44.585000	45.572500	C#2	64	80	1	-4
421	44.585000	45.572500	C#3	64	80	1	-2
422	44.885000	45.085000	G#4	64	75	0	4
423	44.885000	45.531250	G#3	64	68	1	-5
424	45.185000	45.477500	G#4	64	80	0	4
425	45.185000	45.525000	C#4	64	82	0	2
426	45.485000	45.725000	F4	64	82	0	1
427	45.485000	45.617500	F4	64	83	0	1
428	45.785000	46.375000	F5	64	84	0	3
429	45.785000	46.046250	G4	64	72	0	3
430	45.785000	46.072500	D#4	64	72	0	4
431	45.785000	46.666250	D#2	64	82	1	-2
432	45.785000	46.666250	D#3	64	82	1	-5
433	46.085000	46.632500	A#3	64	65	1	-3
434	46.385000	46.663750	D#5	64	85	0	1
435	46.385000	46.491250	D#4	64	73	0	4
436	46.385000	46.582500	G4	64	76	0	3
437	46.385000	46.626250	A#4	64	76	0	1
438	46.685000	46.977500	A#4	64	81	0	1
439	46.985000	49.218750	C5	64	79	0	3
440	46.985000	47.387500	D#4	64	76	0	4
441	46.985000	47.400000	G#4	64	77	0	4
442	46.985000	47.567500	G#2	64	82	1	-2
443	46.985000	47.567500	G#3	64	82	1	-5
444	47.285000	47.585000	C4	64	66	0	1
445	47.585000	47.832500	D#4	64	80	0	4
446	47.585000	48.186250	G#4	64	80	0	4
447	47.885000	48.015000	A#1	64	81	1	-2
448	47.885000	48.015000	A#2	64	81	1	-5
449	48.185000	48.830000	C2	64	85	1	-5
450	48.185000	48.830000	C3	64	85	1	-3
451	48.485000	48.675000	C4	64	81	0	1
452	48.785000	48.931250	C4	64	80	0	1
453	48.785000	49.092500	E4	64	82	0	5
454	48.785000	49.167500	G4	64	81	0	3
455	49.085000	49.262500	C4	64	83	0	1
456	49.385000	49.688750	C5	64	84	0	3
457	49.385000	49.535000	C4	64	80	0	1
458	49.385000	49.748750	F4	64	82	0	1
459	49.385000	50.115000	F2	64	85	1	-5
460	49.385000	50.115000	F3	64	85	1	-3
461	49.685000	50.146250	F5	64	80	0	3
462	49.685000	49.800000	C4	64	72	0	1
463	49.985000	50.323750	C4	64	81	0	1
464	49.985000	50.510000	F4	64	82	0	1
465	49.985000	50.542500	G#4	64	80	0	4
466	50.285000	50.496250	G#5	64	81	0	1
467	50.285000	50.445000	D#2	64	86	1	-2
468	50.285000	50.445000	D#3	64	86	1	-5
469	50.585000	51.383750	F5	64	87	0	3
470	50.585000	50.903750	C#4	64	79	0	2
471	50.585000	50.928750	F4	64	81	0	1
472	50.585000	51.628750	C#2	64	85	1	-4
473	50.585000	51.628750	C#3	64	85	1	-2
474	50.885000	51.608750	G#3	64	74	1	-5
475	51.185000	51.321250	C#4	64	81	0	2
476	51.185000	51.731250	F4	64	89	0	1
477	51.185000	51.745000	G#4	64	84	0	4
478	51.485000	51.702500	D#5	64	82	0	1
479	51.485000	51.763750	C#4	64	72	0	2
480	51.785000	52.081250	F5	64	83	0	3
481	51.785000	52.205000	D#4	64	82	0	4
482	51.785000	52.222500	G#3	64	81	1	-5
483	51.785000	52.577500	G#1	64	81	1	-4
484	51.785000	52.577500	G#2	64	81	1	-2
485	52.085000	52.606250	D#5	64	84	0	1
486	52.085000	52.538750	D#2	64	76	1	-2
487	52.085000	52.538750	D#3	64	76	1	-5
488	52.385000	52.427500	G#3	64	68	1	-5
489	52.385000	52.926250	C4	64	81	0	1
490	52.385000	52.956250	D#4	64	80	0	4
491	52.385000	52.966250	G#4	64	70	0	4
492	52.685000	53.053750	G#4	64	80	0	4
493	52.685000	52.941250	C#2	64	94	1	-4
494	52.685000	52.941250	C#3	64	94	1	-2
495	52.985000	53.961250	A#4	64	81	0	1
496	52.985000	53.418750	D#4	64	81	0	4
497	52.985000	53.452500	G4	64	80	0	3
498	52.985000	54.006250	D#2	64	81	1	-2
499	52.985000	54.006250	D#3	64	81	1	-5
500	53.285000	53.711250	A#3	64	71	1	-3
501	53.585000	53.778750	D#4	64	80	0	4
502	53.885000	54.068750	A#3	64	80	1	-3
503	54.185000	54.378750	A#4	64	82	0	1
504	54.185000	54.530000	C4	64	76	0	1
505	54.185000	54.536250	D#4	64	80	0	4
506	54.185000	55.258750	C2	64	80	1	-5
507	54.185000	55.258750	C3	64	80	1	-3
508	54.485000	54.675000	C5	64	81	0	3
509	54.485000	55.208750	G3	64	46	1	-1
510	54.785000	54.962500	D#5	64	87	0	1
511	54.785000	54.930000	C4	64	81	0	1
512	54.785000	54.942500	D#4	64	87	0	4
513	54.785000	55.045000	G4	64	85	0	3
514	55.085000	55.231250	C5	64	83	0	3
515	55.085000	55.195000	C4	64	67	0	1
516	55.385000	55.598750	A#4	64	83	0	1
517	55.385000	55.802500	D#4	64	74	0	4
518	55.385000	55.806250	C4	64	75	0	1
519	55.385000	56.306250	C2	64	80	1	-5
520	55.385000	56.306250	C3	64	80	1	-3
521	55.685000	56.165000	C5	64	81	0	3
522	55.685000	56.135000	G3	64	59	1	-1
523	55.985000	56.096250	C4	64	81	0	1
524	55.985000	56.337500	D#4	64	91	0	4
525	55.985000	56.350000	G4	64	86	0	3
526	56.285000	56.886250	G#4	64	76	0	4
527	56.285000	56.446250	C4	64	77	0	1
528	56.585000	56.802500	C4	64	80	0	1
529	56.585000	56.982500	F4	64	82	0	1
530	56.585000	57.485000	F2	64	79	1	-5
531	56.585000	57.485000	F3	64	79	1	-3
532	56.885000	58.462500	F4	64	81	0	1
533	57.185000	57.300000	C4	64	81	0	1
534	57.185000	57.550000	G#4	64	82	0	4
535	57.185000	57.625000	F4	64	87	0	1
536	57.485000	57.725000	C4	64	74	0	1
537	57.485000	57.785000	A#2	64	80	1	-5
538	57.785000	58.385000	C3	64	79	1	-3
539	58.085000	58.212500	C4	64	74	0	1
540	58.385000	58.563750	C4	64	85	0	1
541	58.685000	58.952500	D#2	64	91	1	-2
542	58.685000	58.952500	D#3	64	91	1	-5
543	58.985000	59.498750	F5	64	89	0	3
544	58.985000	58.987500	F4	64	75	0	1
545	58.985000	59.015000	G#4	64	74	0	4
546	58.985000	59.188750	C4	64	72	0	1
547	58.985000	59.405000	F3	64	81	1	-3
548	58.985000	59.526250	F2	64	76	1	-5
549	59.285000	59.381250	F4	64	72	0	1
550	59.285000	59.392500	G#4	64	71	0	4
551	59.285000	59.395000	C4	64	68	0	1
552	59.585000	59.860000	F5	64	84	0	3
553	59.585000	59.695000	C4	64	72	0	1
554	59.585000	59.695000	F4	64	76	0	1
555	59.585000	59.716250	G#4	64	74	0	4
556	59.885000	60.248750	D#5	64	82	0	1
557	59.885000	59.970000	F4	64	69	0	1
558	59.885000	59.971250	C4	64	80	0	1
559	59.885000	60.001250	G#4	64	72	0	4
560	59.885000	60.131250	C3	64	83	1	-3
561	60.185000	60.498750	F5	64	85	0	3
562	60.185000	60.357500	F4	64	77	0	1
563	60.185000	60.370000	C#4	64	81	0	2
564	60.185000	60.372500	G#4	64	76	0	4
565	60.185000	60.638750	C#3	64	82	1	-2
566	60.485000	60.841250	G#5	64	81	0	1
567	60.485000	60.615000	C#4	64	68	0	2
568	60.485000	60.615000	G#4	64	68	0	4
569	60.485000	60.616250	F4	64	74	0	1
570	60.785000	61.152500	A#5	64	81	0	3
571	60.785000	60.913750	F4	64	79	0	1
572	60.785000	60.916250	C#4	64	75	0	2
573	60.785000	60.917500	G#4	64	79	0	4
574	61.085000	61.446250	C6	64	84	0	5
575	61.085000	61.190000	F4	64	75	0	1
576	61.085000	61.202500	G#4	64	73	0	4
577	61.085000	61.216250	C#4	64	70	0	2
578	61.385000	61.817500	A#5	64	82	0	3
579	61.385000	61.610000	D#4	64	77	0	4
580	61.385000	61.612500	G4	64	80	0	3
581	61.385000	61.852500	D#3	64	82	1	-5
582	61.385000	61.875000	D#2	64	82	1	-2
583	61.685000	61.972500	G#5	64	81	0	1
584	61.685000	61.800000	G4	64	70	0	3
585	61.685000	61.806250	D#4	64	69	0	4
586	61.985000	62.321250	F5	64	81	0	3
587	61.985000	62.105000	D#4	64	75	0	4
588	61.985000	62.115000	G4	64	75	0	3
589	62.285000	62.581250	D#5	64	82	0	1
590	62.285000	62.437500	D#4	64	75	0	4
591	62.285000	62.441250	G4	64	75	0	3
592	62.285000	62.515000	D#2	64	81	1	-2
593	62.285000	62.541250	D#3	64	75	1	-5
594	62.585000	63.507500	C5	64	78	0	3
595	62.585000	62.726250	F4	64	76	0	1
596	62.585000	62.746250	C4	64	74	0	1
597	62.585000	62.748750	G#4	64	74	0	4
598	62.585000	63.241250	F3	64	80	1	-3
599	62.585000	63.266250	F2	64	81	1	-5
600	62.885000	62.996250	F4	64	69	0	1
601	62.885000	63.001250	G#4	64	69	0	4
602	62.885000	63.008750	C4	64	67	0	1
603	63.185000	63.331250	F4	64	83	0	1
604	63.185000	63.347500	C4	64	81	0	1
605	63.185000	63.356250	G#4	64	81	0	4
606	63.485000	63.631250	F4	64	81	0	1
607	63.485000	63.640000	C4	64	80	0	1
608	63.485000	63.666250	G#4	64	78	0	4
609	63.785000	64.010000	F5	64	82	0	3
610	63.785000	63.891250	F4	64	75	0	1
611	63.785000	63.906250	C#4	64	74	0	2
612	63.785000	63.910000	G#4	64	74	0	4
613	63.785000	64.166250	C#3	64	80	1	-2
614	63.785000	64.177500	C#2	64	79	1	-4
615	64.085000	64.242500	F5	64	83	0	3
616	64.085000	64.173750	F4	64	75	0	1
617	64.085000	64.181250	C#4	64	71	0	2
618	64.085000	64.185000	G#4	64	72	0	4
619	64.385000	64.587500	F5	64	86	0	3
620	64.385000	64.486250	F4	64	76	0	1
621	64.385000	64.510000	C#4	64	74	0	2
622	64.385000	64.512500	G#4	64	74	0	4
623	64.685000	64.903750	G#5	64	83	0	1
624	64.685000	64.781250	C#4	64	72	0	2
625	64.685000	64.781250	F4	64	76	0	1
626	64.685000	64.828750	G#4	64	74	0	4
627	64.685000	64.880000	C#2	64	69	1	-4
628	64.685000	64.906250	C#3	64	76	1	-2
629	64.985000	65.252500	F5	64	82	0	3
630	64.985000	65.225000	D#4	64	75	0	4
631	64.985000	65.237500	G4	64	79	0	3
632	64.985000	65.427500	D#3	64	80	1	-5
633	64.985000	65.478750	D#2	64	76	1	-2
634	65.285000	65.463750	D#5	64	83	0	1
635	65.285000	65.390000	D#4	64	71	0	4
636	65.285000	65.416250	G4	64	72	0	3
637	65.585000	65.825000	A#4	64	81	0	1
638	65.585000	65.740000	D#4	64	81	0	4
639	65.585000	65.746250	G4	64	84	0	3
640	65.885000	66.096250	D#5	64	84	0	1
641	65.885000	66.021250	D#4	64	70	0	4
642	65.885000	66.032500	G4	64	77	0	3
643	66.185000	68.285000	C5	64	76	0	3
644	66.185000	66.416250	D#4	64	72	0	4
645	66.185000	66.426250	G#4	64	74	0	4
646	66.185000	66.440000	C4	64	70	0	1
647	66.185000	66.582500	G#3	64	75	1	-5
648	66.185000	66.612500	G#2	64	75	1	-2
649	66.485000	66.568750	G#4	64	68	0	4
650	66.485000	66.581250	D#4	64	75	0	4
651	66.485000	66.595000	C4	64	67	0	1
652	66.785000	66.881250	D#4	64	70	0	4
653	66.785000	66.886250	C4	64	69	0	1
654	66.785000	66.905000	G#4	64	65	0	4
655	67.085000	67.166250	D#4	64	63	0	4
656	67.085000	67.185000	C4	64	65	0	1
657	67.085000	67.216250	G#4	64	69	0	4
658	67.085000	67.300000	A#2	64	73	1	-5
659	67.085000	67.332500	A#3	64	69	1	-3
660	67.385000	67.605000	C4	64	75	0	1
661	67.385000	67.608750	E4	64	78	0	5
662	67.385000	67.617500	G4	64	78	0	3
663	67.385000	67.905000	C3	64	82	1	-3
664	67.685000	67.780000	C4	64	63	0	1
665	67.685000	67.790000	E4	64	69	0	5
666	67.685000	67.801250	G4	64	68	0	3
667	67.985000	68.037500	C4	64	75	0	1
668	67.985000	68.108750	E4	64	73	0	5
669	67.985000	68.135000	G4	64	74	0	3
670	68.285000	68.403750	E4	64	76	0	5
671	68.285000	68.430000	C4	64	76	0	1
672	68.285000	68.442500	G4	64	75	0	3
673	68.585000	68.867500	C5	64	86	0	3
674	68.585000	68.841250	F4	64	65	0	1
675	68.585000	68.852500	C4	64	73	0	1
676	68.585000	68.853750	G#4	64	56	0	4
677	68.585000	69.161250	F3	64	71	1	-3
678	68.585000	69.175000	F2	64	80	1	-5
679	68.885000	69.096250	F5	64	82	0	3
680	68.885000	68.982500	F4	64	71	0	1
681	68.885000	68.986250	C4	64	65	0	1
682	68.885000	69.000000	G#4	64	70	0	4
683	69.185000	69.383750	F5	64	82	0	3
684	69.185000	69.356250	C4	64	73	0	1
685	69.185000	69.357500	F4	64	79	0	1
686	69.185000	69.373750	G#4	64	75	0	4
687	69.485000	69.735000	G#5	64	81	0	1
688	69.485000	69.592500	C4	64	71	0	1
689	69.485000	69.598750	F4	64	74	0	1
690	69.485000	69.612500	G#4	64	70	0	4
691	69.485000	69.686250	D#2	64	73	1	-2
692	69.485000	69.735000	D#3	64	75	1	-5
693	69.785000	70.538750	F5	64	83	0	3
694	69.785000	70.003750	F4	64	77	0	1
695	69.785000	70.016250	G#4	64	75	0	4
696	69.785000	70.020000	C#4	64	72	0	2
697	69.785000	70.340000	C#3	64	79	1	-2
698	69.785000	70.348750	C#2	64	74	1	-4
699	70.085000	70.186250	F4	64	74	0	1
700	70.085000	70.191250	C#4	64	67	0	2
701	70.085000	70.201250	G#4	64	69	0	4
702	70.385000	70.812500	F4	64	83	0	1
703	70.385000	70.835000	C#4	64	80	0	2
704	70.385000	70.868750	G#4	64	81	0	4
705	70.685000	70.956250	D#5	64	83	0	1
706	70.985000	71.188750	F5	64	81	0	3
707	70.985000	71.180000	D#4	64	76	0	4
708	70.985000	71.182500	G#4	64	73	0	4
709	70.985000	71.215000	C5	64	80	0	3
710	70.985000	71.527500	G#3	64	76	1	-5
711	70.985000	71.540000	G#2	64	81	1	-2
712	71.285000	71.488750	G#5	64	77	0	1
713	71.285000	71.380000	D#4	64	68	0	4
714	71.285000	71.400000	G#4	64	72	0	4
715	71.285000	71.421250	C5	64	72	0	3
716	71.585000	71.771250	A#5	64	80	0	3
717	71.585000	71.721250	D#4	64	80	0	4
718	71.585000	71.732500	G#4	64	80	0	4
719	71.585000	71.752500	C5	64	81	0	3
720	71.885000	72.071250	C6	64	81	0	5
721	71.885000	72.025000	G#4	64	75	0	4
722	71.885000	72.028750	C5	64	78	0	3
723	71.885000	72.037500	D#4	64	75	0	4
724	71.885000	72.100000	G#2	64	74	1	-2
725	71.885000	72.198750	G#3	64	75	1	-5
726	72.185000	73.112500	A#5	64	80	0	3
727	72.185000	72.321250	D#4	64	65	0	4
728	72.185000	72.331250	G4	64	68	0	3
729	72.185000	72.740000	D#3	64	72	1	-5
730	72.185000	72.748750	D#2	64	70	1	-2
731	72.485000	72.601250	G4	64	74	0	3
732	72.485000	72.606250	D#4	64	72	0	4
733	72.785000	73.297500	G4	64	85	0	3
734	72.785000	73.321250	D#4	64	80	0	4
735	73.385000	73.656250	C5	64	84	0	3
736	73.385000	73.526250	C4	64	75	0	1
737	73.385000	73.526250	G4	64	78	0	3
738	73.385000	73.527500	D#4	64	81	0	4
739	73.385000	74.075000	C3	64	77	1	-3
740	73.685000	73.852500	D#5	64	85	0	1
741	73.685000	73.768750	C4	64	58	0	1
742	73.685000	73.781250	D#4	64	67	0	4
743	73.685000	73.781250	G4	64	63	0	3
744	73.985000	74.170000	D#5	64	84	0	1
745	73.985000	74.052500	C4	64	65	0	1
746	73.985000	74.096250	G4	64	68	0	3
747	73.985000	74.101250	D#4	64	73	0	4
748	74.285000	74.473750	C6	64	84	0	5
749	74.285000	74.401250	C4	64	61	0	1
750	74.285000	74.403750	D#4	64	68	0	4
751	74.285000	74.418750	G4	64	66	0	3
752	74.285000	74.522500	A#2	64	76	1	-5
753	74.285000	74.545000	A#3	64	73	1	-3
754	74.585000	74.795000	A#5	64	81	0	3
755	74.585000	74.888750	C4	64	81	0	1
756	74.585000	74.913750	C3	64	84	1	-3
757	74.585000	75.478750	G4	64	82	0	3
758	74.885000	75.373750	G#5	64	80	0	1
759	75.485000	75.710000	D#5	64	84	0	1
760	75.785000	78.018750	F5	64	80	0	3
761	75.785000	76.272500	F4	64	81	0	1
762	75.785000	76.286250	C4	64	77	0	1
763	75.785000	76.322500	F3	64	81	1	-3
764	75.785000	76.348750	F2	64	79	1	-5
765	76.385000	76.496250	F4	64	78	0	1
766	76.385000	76.517500	G#4	64	74	0	4
767	76.685000	76.821250	G#4	64	67	0	4
768	76.685000	76.830000	F4	64	68	0	1
769	76.685000	76.840000	C4	64	64	0	1
770	76.685000	76.990000	D#2	64	75	1	-2
771	76.685000	77.005000	D#3	64	78	1	-5
772	76.985000	77.096250	F4	64	66	0	1
773	76.985000	77.101250	C4	64	66	0	1
774	76.985000	77.105000	G#4	64	66	0	4
775	76.985000	77.745000	F3	64	80	1	-3
776	76.985000	77.766250	F2	64	80	1	-5
777	77.285000	77.387500	F4	64	70	0	1
778	77.285000	77.390000	C4	64	66	0	1
779	77.285000	77.391250	G#4	64	69	0	4
780	77.585000	77.997500	F4	64	85	0	1
781	77.585000	77.997500	G#4	64	80	0	4
782	77.585000	78.038750	C4	64	80	0	1
783	78.185000	78.698750	F5	64	89	0	3
784	78.185000	78.371250	F4	64	75	0	1
785	78.185000	78.388750	C4	64	72	0	1
786	78.185000	78.390000	G#4	64	74	0	4
787	78.185000	78.605000	F3	64	81	1	-3
788	78.185000	78.726250	F2	64	76	1	-5
789	78.485000	78.581250	F4	64	72	0	1
790	78.485000	78.592500	G#4	64	71	0	4
791	78.485000	78.595000	C4	64	68	0	1
792	78.785000	79.060000	F5	64	84	0	3
793	78.785000	78.895000	C4	64	72	0	1
794	78.785000	78.895000	F4	64	76	0	1
795	78.785000	78.916250	G#4	64	74	0	4
796	79.085000	79.448750	D#5	64	82	0	1
797	79.085000	79.170000	F4	64	69	0	1
798	79.085000	79.171250	C4	64	80	0	1
799	79.085000	79.201250	G#4	64	72	0	4
800	79.085000	79.331250	C3	64	83	1	-3
801	79.385000	79.698750	F5	64	85	0	3
802	79.385000	79.557500	F4	64	77	0	1
803	79.385000	79.570000	C#4	64	81	0	2
804	79.385000	79.572500	G#4	64	76	0	4
805	79.385000	79.838750	C#3	64	82	1	-2
806	79.685000	80.041250	G#5	64	81	0	1
807	79.685000	79.815000	C#4	64	68	0	2
808	79.685000	79.815000	G#4	64	68	0	4
809	79.685000	79.816250	F4	64	74	0	1
810	79.985000	80.352500	A#5	64	81	0	3
811	79.985000	80.113750	F4	64	79	0	1
812	79.985000	80.116250	C#4	64	75	0	2
813	79.985000	80.117500	G#4	64	79	0	4
814	80.285000	80.646250	C6	64	84	0	5
815	80.285000	80.390000	F4	64	75	0	1
816	80.285000	80.402500	G#4	64	73	0	4
817	80.285000	80.416250	C#4	64	70	0	2
818	80.585000	81.017500	A#5	64	82	0	3
819	80.585000	80.810000	D#4	64	77	0	4
820	80.585000	80.812500	G4	64	80	0	3
821	80.585000	81.052500	D#3	64	82	1	-5
822	80.585000	81.075000	D#2	64	82	1	-2
823	80.885000	81.172500	G#5	64	81	0	1
824	80.885000	81.000000	G4	64	70	0	3
825	80.885000	81.006250	D#4	64	69	0	4
826	81.185000	81.521250	F5	64	81	0	3
827	81.185000	81.305000	D#4	64	75	0	4
828	81.185000	81.315000	G4	64	75	0	3
829	81.485000	81.781250	D#5	64	82	0	1
830	81.485000	81.637500	D#4	64	75	0	4
831	81.485000	81.641250	G4	64	75	0	3
832	81.485000	81.715000	D#2	64	81	1	-2
833	81.485000	81.741250	D#3	64	75	1	-5
834	81.785000	82.707500	C5	64	78	0	3
835	81.785000	81.926250	F4	64	76	0	1
836	81.785000	81.946250	C4	64	74	0	1
837	81.785000	81.948750	G#4	64	74	0	4
838	81.785000	82.441250	F3	64	80	1	-3
839	81.785000	82.466250	F2	64	81	1	-5
840	82.085000	82.196250	F4	64	69	0	1
841	82.085000	82.201250	G#4	64	69	0	4
842	82.085000	82.208750	C4	64	67	0	1
843	82.385000	82.531250	F4	64	83	0	1
844	82.385000	82.547500	C4	64	81	0	1
845	82.385000	82.556250	G#4	64	81	0	4
846	82.685000	82.831250	F4	64	81	0	1
847	82.685000	82.840000	C4	64	80	0	1
848	82.685000	82.866250	G#4	64	78	0	4
849	82.985000	83.210000	F5	64	82	0	3
850	82.985000	83.091250	F4	64	75	0	1
851	82.985000	83.106250	C#4	64	74	0	2
852	82.985000	83.110000	G#4	64	74	0	4
853	82.985000	83.366250	C#3	64	80	1	-2
854	82.985000	83.377500	C#2	64	79	1	-4
855	83.285000	83.442500	F5	64	83	0	3
856	83.285000	83.373750	F4	64	75	0	1
857	83.285000	83.381250	C#4	64	71	0	2
858	83.285000	83.385000	G#4	64	72	0	4
859	83.585000	83.787500	F5	64	86	0	3
860	83.585000	83.686250	F4	64	76	0	1
861	83.585000	83.710000	C#4	64	74	0	2
862	83.585000	83.712500	G#4	64	74	0	4
863	83.885000	84.103750	G#5	64	83	0	1
864	83.885000	83.981250	C#4	64	72	0	2
865	83.885000	83.981250	F4	64	76	0	1
866	83.885000	84.028750	G#4	64	74	0	4
867	83.885000	84.080000	C#2	64	69	1	-4
868	83.885000	84.106250	C#3	64	76	1	-2
869	84.185000	84.452500	F5	64	82	0	3
870	84.185000	84.425000	D#4	64	75	0	4
871	84.185000	84.437500	G4	64	79	0	3
872	84.185000	84.627500	D#3	64	80	1	-5
873	84.185000	84.678750	D#2	64	76	1	-2
874	84.485000	84.663750	D#5	64	83	0	1
875	84.485000	84.590000	D#4	64	71	0	4
876	84.485000	84.616250	G4	64	72	0	3
877	84.785000	85.025000	A#4	64	81	0	1
878	84.785000	84.940000	D#4	64	81	0	4
879	84.785000	84.946250	G4	64	84	0	3
880	85.085000	85.296250	D#5	64	84	0	1
881	85.085000	85.221250	D#4	64	70	0	4
882	85.085000	85.232500	G4	64	77	0	3
883	85.385000	87.485000	C5	64	76	0	3
884	85.385000	85.616250	D#4	64	72	0	4
885	85.385000	85.626250	G#4	64	74	0	4
886	85.385000	85.640000	C4	64	70	0	1
887	85.385000	85.782500	G#3	64	75	1	-5
888	85.385000	85.812500	G#2	64	75	1	-2
889	85.685000	85.768750	G#4	64	68	0	4
890	85.685000	85.781250	D#4	64	75	0	4
891	85.685000	85.795000	C4	64	67	0	1
892	85.985000	86.081250	D#4	64	70	0	4
893	85.985000	86.086250	C4	64	69	0	1
894	85.985000	86.105000	G#4	64	65	0	4
895	86.285000	86.366250	D#4	64	63	0	4
896	86.285000	86.385000	C4	64	65	0	1
897	86.285000	86.416250	G#4	64	69	0	4
898	86.285000	86.500000	A#2	64	73	1	-5
899	86.285000	86.532500	A#3	64	69	1	-3
900	86.585000	86.805000	C4	64	75	0	1
901	86.585000	86.808750	E4	64	78	0	5
902	86.585000	86.817500	G4	64	78	0	3
903	86.585000	87.105000	C3	64	82	1	-3
904	86.885000	86.980000	C4	64	63	0	1
905	86.885000	86.990000	E4	64	69	0	5
906	86.885000	87.001250	G4	64	68	0	3
907	87.185000	87.237500	C4	64	75	0	1
908	87.185000	87.308750	E4	64	73	0	5
909	87.185000	87.335000	G4	64	74	0	3
910	87.485000	87.603750	E4	64	76	0	5
911	87.485000	87.630000	C4	64	76	0	1
912	87.485000	87.642500	G4	64	75	0	3
913	87.785000	88.067500	C5	64	86	0	3
914	87.785000	88.041250	F4	64	65	0	1
915	87.785000	88.052500	C4	64	73	0	1
916	87.785000	88.053750	G#4	64	56	0	4
917	87.785000	88.361250	F3	64	71	1	-3
918	87.785000	88.375000	F2	64	80	1	-5
919	88.085000	88.296250	F5	64	82	0	3
920	88.085000	88.182500	F4	64	71	0	1
921	88.085000	88.186250	C4	64	65	0	1
922	88.085000	88.200000	G#4	64	70	0	4
923	88.385000	88.583750	F5	64	82	0	3
924	88.385000	88.556250	C4	64	73	0	1
925	88.385000	88.557500	F4	64	79	0	1
926	88.385000	88.573750	G#4	64	75	0	4
927	88.685000	88.935000	G#5	64	81	0	1
928	88.685000	88.792500	C4	64	71	0	1
929	88.685000	88.798750	F4	64	74	0	1
930	88.685000	88.812500	G#4	64	70	0	4
931	88.685000	88.886250	D#2	64	73	1	-2
932	88.685000	88.935000	D#3	64	75	1	-5
933	88.985000	89.738750	F5	64	83	0	3
934	88.985000	89.203750	F4	64	77	0	1
935	88.985000	89.216250	G#4	64	75	0	4
936	88.985000	89.220000	C#4	64	72	0	2
937	88.985000	89.540000	C#3	64	79	1	-2
938	88.985000	89.548750	C#2	64	74	1	-4
939	89.285000	89.386250	F4	64	74	0	1
940	89.285000	89.391250	C#4	64	67	0	2
941	89.285000	89.401250	G#4	64	69	0	4
942	89.585000	90.012500	F4	64	83	0	1
943	89.585000	90.035000	C#4	64	80	0	2
944	89.585000	90.068750	G#4	64	81	0	4
945	89.885000	90.156250	D#5	64	83	0	1
946	90.185000	90.388750	F5	64	81	0	3
947	90.185000	90.380000	D#4	64	76	0	4
948	90.185000	90.382500	G#4	64	73	0	4
949	90.185000	90.415000	C5	64	80	0	3
950	90.185000	90.727500	G#3	64	76	1	-5
951	90.185000	90.740000	G#2	64	81	1	-2
952	90.485000	90.688750	G#5	64	77	0	1
953	90.485000	90.580000	D#4	64	68	0	4
954	90.485000	90.600000	G#4	64	72	0	4
955	90.485000	90.621250	C5	64	72	0	3
956	90.785000	90.971250	A#5	64	80	0	3
957	90.785000	90.921250	D#4	64	80	0	4
958	90.785000	90.932500	G#4	64	80	0	4
959	90.785000	90.952500	C5	64	81	0	3
960	91.085000	91.271250	C6	64	81	0	5
961	91.085000	91.225000	G#4	64	75	0	4
962	91.085000	91.228750	C5	64	78	0	3
963	91.085000	91.237500	D#4	64	75	0	4
964	91.085000	91.300000	G#2	64	74	1	-2
965	91.085000	91.398750	G#3	64	75	1	-5
966	91.385000	92.312500	A#5	64	80	0	3
967	91.385000	91.521250	D#4	64	65	0	4
968	91.385000	91.531250	G4	64	68	0	3
969	91.385000	91.940000	D#3	64	72	1	-5
970	91.385000	91.948750	D#2	64	70	1	-2
971	91.685000	91.801250	G4	64	74	0	3
972	91.685000	91.806250	D#4	64	72	0	4
973	91.985000	92.497500	G4	64	85	0	3
974	91.985000	92.521250	D#4	64	80	0	4
975	92.585000	92.856250	C5	64	84	0	3
976	92.585000	92.726250	C4	64	75	0	1
977	92.585000	92.726250	G4	64	78	0	3
978	92.585000	92.727500	D#4	64	81	0	4
979	92.585000	93.275000	C3	64	77	1	-3
980	92.885000	93.052500	D#5	64	85	0	1
981	92.885000	92.968750	C4	64	58	0	1
982	92.885000	92.981250	D#4	64	67	0	4
983	92.885000	92.981250	G4	64	63	0	3
984	93.185000	93.370000	D#5	64	84	0	1
985	93.185000	93.252500	C4	64	65	0	1
986	93.185000	93.296250	G4	64	68	0	3
987	93.185000	93.301250	D#4	64	73	0	4
988	93.485000	93.673750	C6	64	84	0	5
989	93.485000	93.601250	C4	64	61	0	1
990	93.485000	93.603750	D#4	64	68	0	4
991	93.485000	93.618750	G4	64	66	0	3
992	93.485000	93.722500	A#2	64	76	1	-5
993	93.485000	93.745000	A#3	64	73	1	-3
994	93.785000	93.995000	A#5	64	81	0	3
995	93.785000	94.088750	C4	64	81	0	1
996	93.785000	94.113750	C3	64	84	1	-3
997	93.785000	94.678750	G4	64	82	0	3
998	94.085000	94.573750	G#5	64	80	0	1
999	94.685000	94.910000	D#5	64	84	0	1
1000	94.985000	97.218750	F5	64	80	0	3
1001	94.985000	95.472500	F4	64	81	0	1
1002	94.985000	95.486250	C4	64	77	0	1
1003	94.985000	95.522500	F3	64	81	1	-3
1004	94.985000	95.548750	F2	64	79	1	-5
1005	95.585000	95.696250	F4	64	78	0	1
1006	95.585000	95.717500	G#4	64	74	0	4
1007	95.885000	96.021250	G#4	64	67	0	4
1008	95.885000	96.030000	F4	64	68	0	1
1009	95.885000	96.040000	C4	64	64	0	1
1010	95.885000	96.190000	D#2	64	75	1	-2
1011	95.885000	96.205000	D#3	64	78	1	-5
1012	96.185000	96.296250	F4	64	66	0	1
1013	96.185000	96.301250	C4	64	66	0	1
1014	96.185000	96.305000	G#4	64	66	0	4
1015	96.185000	96.945000	F3	64	80	1	-3
1016	96.185000	96.966250	F2	64	80	1	-5
1017	96.485000	96.587500	F4	64	70	0	1
1018	96.485000	96.590000	C4	64	66	0	1
1019	96.485000	96.591250	G#4	64	69	0	4
1020	96.785000	97.197500	F4	64	85	0	1
1021	96.785000	97.197500	G#4	64	80	0	4
1022	96.785000	97.238750	C4	64	80	0	1
1023	97.385000	97.615000	C4	64	80	0	1
1024	97.385000	97.665000	G#4	64	76	0	4
1025	97.385000	99.627500	F2	64	81	1	-5
1026	97.685000	99.305000	C3	64	68	1	-3
1027	97.985000	98.091250	C4	64	81	0	1
1028	97.985000	98.146250	G#4	64	80	0	4
1029	98.285000	98.406250	C4	64	80	0	1
1030	98.585000	99.038750	F4	64	83	0	1
1031	98.585000	99.051250	C4	64	84	0	1
1032	99.185000	99.273750	C4	64	80	0	1
1033	99.185000	99.521250	G#4	64	81	0	4
1034	99.185000	99.548750	F4	64	83	0	1
1035	99.485000	99.641250	C4	64	70	0	1
1036	99.785000	100.013750	C4	64	74	0	1
1037	99.785000	100.091250	F4	64	77	0	1
1038	99.785000	101.117500	F2	64	81	1	-5
1039	100.085000	101.046250	C3	64	65	1	-3
1040	100.385000	100.475000	C4	64	76	0	1
1041	100.385000	100.552500	G#4	64	77	0	4
1042	100.685000	100.821250	C4	64	81	0	1
1043	100.985000	101.347500	F4	64	87	0	1
1044	100.985000	101.365000	C4	64	86	0	1
1045	100.985000	101.367500	G#4	64	82	0	4
1046	101.285000	101.365000	C3	64	73	1	-3
1047	101.285000	101.441250	F2	64	81	1	-5
1048	101.585000	101.687500	F4	64	83	0	1
1049	101.585000	101.691250	C4	64	81	0	1
1050	101.585000	101.755000	G#4	64	80	0	4
1051	102.185000	102.330000	C#4	64	72	0	2
1052	102.185000	102.533750	F4	64	79	0	1
1053	102.185000	103.182500	C#2	64	80	1	-4
1054	102.485000	102.601250	C#4	64	67	0	2
1055	102.785000	102.901250	C#4	64	76	0	2
1056	102.785000	102.931250	F4	64	81	0	1
1057	102.785000	103.032500	G#4	64	77	0	4
1058	103.385000	103.678750	D#4	64	76	0	4
1059	103.385000	103.726250	G4	64	72	0	3
1060	103.385000	104.040000	D#2	64	82	1	-2
1061	103.685000	104.001250	A#2	64	67	1	-5
1062	103.985000	104.088750	D#4	64	77	0	4
1063	103.985000	104.107500	G4	64	80	0	3
1064	104.585000	104.653750	G#4	64	70	0	4
1065	104.585000	104.701250	D#4	64	69	0	4
1066	104.585000	105.927500	G#2	64	80	1	-2
1067	104.885000	105.316250	D#3	64	62	1	-5
1068	105.185000	105.278750	G#3	64	80	1	-5
1069	105.185000	105.322500	D#4	64	81	0	4
1070	105.485000	105.626250	G#3	64	80	1	-5
1071	105.785000	106.128750	C4	64	82	0	1
1072	105.785000	106.147500	D#4	64	81	0	4
1073	105.785000	106.148750	G#3	64	81	1	-5
1074	106.085000	106.191250	D#3	64	79	1	-5
1075	106.385000	106.482500	C4	64	94	0	1
1076	106.385000	106.521250	G#3	64	89	1	-5
1077	106.385000	106.586250	D#4	64	86	0	4
1078	106.985000	108.486250	F2	64	87	1	-5
1079	107.285000	107.396250	C4	64	82	0	1
1080	107.585000	107.663750	C4	64	81	0	1
1081	107.585000	107.673750	F4	64	89	0	1
1082	107.585000	107.703750	G#4	64	83	0	4
1083	107.885000	107.983750	C4	64	73	0	1
1084	108.185000	108.283750	C4	64	75	0	1
1085	108.185000	108.310000	F4	64	82	0	1
1086	108.185000	108.352500	G#4	64	79	0	4
1087	108.785000	108.875000	C4	64	81	0	1
1088	108.785000	109.157500	F4	64	85	0	1
1089	108.785000	109.175000	G#4	64	81	0	4
1090	109.085000	109.305000	C4	64	75	0	1
1091	109.385000	109.711250	A#3	64	72	1	-3
1092	109.385000	109.711250	C#4	64	75	0	2
1093	109.385000	111.312500	A#2	64	80	1	-5
1094	109.685000	110.770000	F3	64	72	1	-3
1095	109.985000	110.088750	A#3	64	78	1	-3
1096	109.985000	110.132500	F4	64	81	0	1
1097	110.285000	110.407500	A#3	64	69	1	-3
1098	110.285000	110.463750	C#4	64	74	0	2
1099	110.585000	110.993750	A#3	64	77	1	-3
1100	110.585000	111.025000	C#4	64	82	0	2
1101	110.885000	111.341250	F3	64	80	1	-3
1102	111.185000	111.380000	A#3	64	81	1	-3
1103	111.185000	111.412500	C#4	64	84	0	2
1104	111.185000	111.478750	F4	64	86	0	1
1105	111.785000	112.188750	C4	64	80	0	1
1106	111.785000	112.222500	D#4	64	81	0	4
1107	111.785000	113.593750	C3	64	81	1	-3
1108	112.085000	113.360000	G3	64	64	1	-1
1109	112.385000	112.505000	C4	64	77	0	1
1110	112.385000	112.743750	G4	64	76	0	3
1111	112.385000	112.757500	D#4	64	80	0	4
1112	112.685000	112.895000	C4	64	72	0	1
1113	112.985000	113.452500	G4	64	72	0	3
1114	113.285000	113.525000	C4	64	76	0	1
1115	113.585000	113.683750	C4	64	75	0	1
1116	113.585000	113.790000	G4	64	76	0	3
1117	113.585000	113.801250	C5	64	81	0	3
1118	113.585000	113.810000	D#4	64	83	0	4
1119	114.185000	114.471250	F3	64	69	1	-3
1120	114.185000	114.512500	G#3	64	75	1	-5
1121	114.185000	115.220000	F2	64	82	1	-5
1122	114.485000	115.180000	C3	64	75	1	-3
1123	114.785000	114.893750	G3	64	80	1	-1
1124	115.085000	115.221250	G#3	64	81	1	-5
1125	115.385000	115.810000	G#3	64	82	1	-5
1126	115.385000	115.837500	C4	64	87	0	1
1127	115.385000	116.536250	F2	64	85	1	-5
1128	115.685000	116.522500	C3	64	68	1	-3
1129	115.985000	116.500000	G#3	64	78	1	-5
1130	115.985000	116.512500	C4	64	81	0	1
1131	115.985000	116.522500	F4	64	82	0	1
1132	116.585000	116.810000	F4	64	81	0	1
1133	116.585000	116.777500	C4	64	75	0	1
1134	116.585000	116.961250	F4	64	79	0	1
1135	116.585000	117.403750	F2	64	86	1	-5
1136	116.585000	117.403750	F3	64	86	1	-3
1137	116.885000	117.031250	C5	64	82	0	3
1138	116.885000	117.036250	C4	64	68	0	1
1139	117.185000	117.328750	C5	64	85	0	3
1140	117.185000	117.303750	C4	64	81	0	1
1141	117.185000	117.536250	F4	64	89	0	1
1142	117.185000	117.607500	G#4	64	82	0	4
1143	117.485000	117.670000	C5	64	81	0	3
1144	117.485000	117.601250	C4	64	75	0	1
1145	117.785000	118.222500	F5	64	82	0	3
1146	117.785000	118.041250	F4	64	78	0	1
1147	117.785000	118.053750	G#4	64	74	0	4
1148	117.785000	118.068750	C#4	64	71	0	2
1149	117.785000	118.583750	C#2	64	82	1	-4
1150	117.785000	118.583750	C#3	64	82	1	-2
1151	118.085000	118.572500	G#3	64	67	1	-5
1152	118.235000	118.365000	D#5	64	74	0	1
1153	118.385000	118.868750	C5	64	80	0	3
1154	118.385000	118.497500	C#4	64	82	0	2
1155	118.385000	118.501250	G#4	64	81	0	4
1156	118.985000	119.225000	A#4	64	74	0	1
1157	118.985000	119.205000	D#4	64	74	0	4
1158	118.985000	119.266250	G4	64	76	0	3
1159	118.985000	119.912500	D#2	64	81	1	-2
1160	118.985000	119.912500	D#3	64	81	1	-5
1161	119.285000	119.761250	C5	64	81	0	3
1162	119.285000	119.986250	A#3	64	65	1	-3
1163	119.585000	119.696250	D#4	64	71	0	4
1164	119.585000	119.785000	G4	64	82	0	3
1165	119.585000	120.045000	A#4	64	80	0	1
1166	119.885000	120.151250	G#4	64	75	0	4
1167	119.885000	120.026250	D#4	64	72	0	4
1168	120.185000	121.242500	F4	64	80	0	1
1169	120.185000	120.483750	G#4	64	70	0	4
1170	120.185000	120.496250	F4	64	76	0	1
1171	120.185000	120.863750	F2	64	82	1	-5
1172	120.185000	120.863750	F3	64	82	1	-3
1173	120.485000	120.853750	C4	64	66	0	1
1174	120.785000	120.886250	G#4	64	81	0	4
1175	120.785000	120.901250	F4	64	81	0	1
1176	120.785000	120.906250	C5	64	81	0	3
1177	121.385000	121.651250	F4	64	81	0	1
1178	121.385000	121.708750	F4	64	77	0	1
1179	121.385000	121.717500	C#4	64	69	0	2
1180	121.385000	122.372500	C#2	64	80	1	-4
1181	121.385000	122.372500	C#3	64	80	1	-2
1182	121.685000	121.885000	G#4	64	75	0	4
1183	121.685000	122.331250	G#3	64	68	1	-5
1184	121.985000	122.277500	G#4	64	80	0	4
1185	121.985000	122.325000	C#4	64	82	0	2
1186	122.285000	122.525000	F4	64	82	0	1
1187	122.285000	122.417500	F4	64	83	0	1
1188	122.585000	123.175000	F5	64	84	0	3
1189	122.585000	122.846250	G4	64	72	0	3
1190	122.585000	122.872500	D#4	64	72	0	4
1191	122.585000	123.466250	D#2	64	82	1	-2
1192	122.585000	123.466250	D#3	64	82	1	-5
1193	122.885000	123.432500	A#3	64	65	1	-3
1194	123.185000	123.463750	D#5	64	85	0	1
1195	123.185000	123.291250	D#4	64	73	0	4
1196	123.185000	123.382500	G4	64	76	0	3
1197	123.185000	123.426250	A#4	64	76	0	1
1198	123.485000	123.777500	A#4	64	81	0	1
1199	123.785000	126.018750	C5	64	79	0	3
1200	123.785000	124.187500	D#4	64	76	0	4
1201	123.785000	124.200000	G#4	64	77	0	4
1202	123.785000	124.367500	G#2	64	82	1	-2
1203	123.785000	124.367500	G#3	64	82	1	-5
1204	124.085000	124.385000	C4	64	66	0	1
1205	124.385000	124.632500	D#4	64	80	0	4
1206	124.385000	124.986250	G#4	64	80	0	4
1207	124.685000	124.815000	A#1	64	81	1	-2
1208	124.685000	124.815000	A#2	64	81	1	-5
1209	124.985000	125.630000	C2	64	85	1	-5
1210	124.985000	125.630000	C3	64	85	1	-3
1211	125.285000	125.475000	C4	64	81	0	1
1212	125.585000	125.731250	C4	64	80	0	1
1213	125.585000	125.892500	E4	64	82	0	5
1214	125.585000	125.967500	G4	64	81	0	3
1215	125.885000	126.062500	C4	64	83	0	1
1216	126.185000	126.488750	C5	64	84	0	3
1217	126.185000	126.335000	C4	64	80	0	1
1218	126.185000	126.548750	F4	64	82	0	1
1219	126.185000	126.915000	F2	64	85	1	-5
1220	126.185000	126.915000	F3	64	85	1	-3
1221	126.485000	126.946250	F5	64	80	0	3
1222	126.485000	126.600000	C4	64	72	0	1
1223	126.785000	127.123750	C4	64	81	0	1
1224	126.785000	127.310000	F4	64	82	0	1
1225	126.785000	127.342500	G#4	64	80	0	4
1226	127.085000	127.296250	G#5	64	81	0	1
1227	127.085000	127.245000	D#2	64	86	1	-2
1228	127.085000	127.245000	D#3	64	86	1	-5
1229	127.385000	128.183750	F5	64	87	0	3
1230	127.385000	127.703750	C#4	64	79	0	2
1231	127.385000	127.728750	F4	64	81	0	1
1232	127.385000	128.428750	C#2	64	85	1	-4
1233	127.385000	128.428750	C#3	64	85	1	-2
1234	127.685000	128.408750	G#3	64	74	1	-5
1235	127.985000	128.121250	C#4	64	81	0	2
1236	127.985000	128.531250	F4	64	89	0	1
1237	127.985000	128.545000	G#4	64	84	0	4
1238	128.285000	128.502500	D#5	64	82	0	1
1239	128.285000	128.563750	C#4	64	72	0	2
1240	128.585000	128.881250	F5	64	83	0	3
1241	128.585000	129.005000	D#4	64	82	0	4
1242	128.585000	129.022500	G#3	64	81	1	-5
1243	128.585000	129.377500	G#1	64	81	1	-4
1244	128.585000	129.377500	G#2	64	81	1	-2
1245	128.885000	129.406250	D#5	64	84	0	1
1246	128.885000	129.338750	D#2	64	76	1	-2
1247	128.885000	129.338750	D#3	64	76	1	-5
1248	129.185000	129.227500	G#3	64	68	1	-5
1249	129.185000	129.726250	C4	64	81	0	1
1250	129.185000	129.756250	D#4	64	80	0	4
1251	129.185000	129.766250	G#4	64	70	0	4
1252	129.485000	129.853750	G#4	64	80	0	4
1253	129.485000	129.741250	C#2	64	94	1	-4
1254	129.485000	129.741250	C#3	64	94	1	-2
1255	129.785000	130.761250	A#4	64	81	0	1
1256	129.785000	130.218750	D#4	64	81	0	4
1257	129.785000	130.252500	G4	64	80	0	3
1258	129.785000	130.806250	D#2	64	81	1	-2
1259	129.785000	130.806250	D#3	64	81	1	-5
1260	130.085000	130.511250	A#3	64	71	1	-3
1261	130.385000	130.578750	D#4	64	80	0	4
1262	130.685000	130.868750	A#3	64	80	1	-3
1263	130.985000	131.178750	A#4	64	82	0	1
1264	130.985000	131.330000	C4	64	76	0	1
1265	130.985000	131.336250	D#4	64	80	0	4
1266	130.985000	132.058750	C2	64	80	1	-5
1267	130.985000	132.058750	C3	64	80	1	-3
1268	131.285000	131.475000	C5	64	81	0	3
1269	131.285000	132.008750	G3	64	46	1	-1
1270	131.585000	131.762500	D#5	64	87	0	1
1271	131.585000	131.730000	C4	64	81	0	1
1272	131.585000	131.742500	D#4	64	87	0	4
1273	131.585000	131.845000	G4	64	85	0	3
1274	131.885000	132.031250	C5	64	83	0	3
1275	131.885000	131.995000	C4	64	67	0	1
1276	132.185000	132.398750	A#4	64	83	0	1
1277	132.185000	132.602500	D#4	64	74	0	4
1278	132.185000	132.606250	C4	64	75	0	1
1279	132.185000	133.106250	C2	64	80	1	-5
1280	132.185000	133.106250	C3	64	80	1	-3
1281	132.485000	132.965000	C5	64	81	0	3
1282	132.485000	132.935000	G3	64	59	1	-1
1283	132.785000	132.896250	C4	64	81	0	1
1284	132.785000	133.137500	D#4	64	91	0	4
1285	132.785000	133.150000	G4	64	86	0	3
1286	133.085000	133.686250	G#4	64	76	0	4
1287	133.085000	133.246250	C4	64	77	0	1
1288	133.385000	133.602500	C4	64	80	0	1
1289	133.385000	133.782500	F4	64	82	0	1
1290	133.385000	134.285000	F2	64	79	1	-5
1291	133.385000	134.285000	F3	64	79	1	-3
1292	133.685000	135.262500	F4	64	81	0	1
1293	133.985000	134.100000	C4	64	81	0	1
1294	133.985000	134.350000	G#4	64	82	0	4
1295	133.985000	134.425000	F4	64	87	0	1
1296	134.285000	134.525000	C4	64	74	0	1
1297	134.285000	134.585000	A#2	64	80	1	-5
1298	134.585000	135.185000	C3	64	79	1	-3
1299	134.885000	135.012500	C4	64	74	0	1
1300	135.185000	135.363750	C4	64	85	0	1
1301	135.185000	135.815000	G#4	64	83	0	4
1302	135.485000	135.752500	D#2	64	91	1	-2
1303	135.485000	135.752500	D#3	64	91	1	-5
1304	135.785000	136.010000	F4	64	81	0	1
1305	135.785000	135.787500	F4	64	79	0	1
1306	135.785000	135.977500	C4	64	75	0	1
1307	135.785000	136.603750	F2	64	86	1	-5
1308	135.785000	136.603750	F3	64	86	1	-3
1309	136.085000	136.231250	C5	64	82	0	3
1310	136.085000	136.236250	C4	64	68	0	1
1311	136.385000	136.528750	C5	64	85	0	3
1312	136.385000	136.503750	C4	64	81	0	1
1313	136.385000	136.736250	F4	64	89	0	1
1314	136.385000	136.807500	G#4	64	82	0	4
1315	136.685000	136.870000	C5	64	81	0	3
1316	136.685000	136.801250	C4	64	75	0	1
1317	136.985000	137.422500	F5	64	82	0	3
1318	136.985000	137.241250	F4	64	78	0	1
1319	136.985000	137.253750	G#4	64	74	0	4
1320	136.985000	137.268750	C#4	64	71	0	2
1321	136.985000	137.783750	C#2	64	82	1	-4
1322	136.985000	137.783750	C#3	64	82	1	-2
1323	137.285000	137.772500	G#3	64	67	1	-5
1324	137.435000	137.565000	D#5	64	74	0	1
1325	137.585000	138.068750	C5	64	80	0	3
1326	137.585000	137.697500	C#4	64	82	0	2
1327	137.585000	137.701250	G#4	64	81	0	4
1328	138.185000	138.425000	A#4	64	74	0	1
1329	138.185000	138.405000	D#4	64	74	0	4
1330	138.185000	138.466250	G4	64	76	0	3
1331	138.185000	139.112500	D#2	64	81	1	-2
1332	138.185000	139.112500	D#3	64	81	1	-5
1333	138.485000	138.961250	C5	64	81	0	3
1334	138.485000	139.186250	A#3	64	65	1	-3
1335	138.785000	138.896250	D#4	64	71	0	4
1336	138.785000	138.985000	G4	64	82	0	3
1337	138.785000	139.245000	A#4	64	80	0	1
1338	139.085000	139.351250	G#4	64	75	0	4
1339	139.085000	139.226250	D#4	64	72	0	4
1340	139.385000	140.442500	F4	64	80	0	1
1341	139.385000	139.683750	G#4	64	70	0	4
1342	139.385000	139.696250	F4	64	76	0	1
1343	139.385000	140.063750	F2	64	82	1	-5
1344	139.385000	140.063750	F3	64	82	1	-3
1345	139.685000	140.053750	C4	64	66	0	1
1346	139.985000	140.086250	G#4	64	81	0	4
1347	139.985000	140.101250	F4	64	81	0	1
1348	139.985000	140.106250	C5	64	81	0	3
1349	140.585000	140.851250	F4	64	81	0	1
1350	140.585000	140.908750	F4	64	77	0	1
1351	140.585000	140.917500	C#4	64	69	0	2
1352	140.585000	141.572500	C#2	64	80	1	-4
1353	140.585000	141.572500	C#3	64	80	1	-2
1354	140.885000	141.085000	G#4	64	75	0	4
1355	140.885000	141.531250	G#3	64	68	1	-5
1356	141.185000	141.477500	G#4	64	80	0	4
1357	141.185000	141.525000	C#4	64	82	0	2
1358	141.485000	141.725000	F4	64	82	0	1
1359	141.485000	141.617500	F4	64	83	0	1
1360	141.785000	142.375000	F5	64	84	0	3
1361	141.785000	142.046250	G4	64	72	0	3
1362	141.785000	142.072500	D#4	64	72	0	4
1363	141.785000	142.666250	D#2	64	82	1	-2
1364	141.785000	142.666250	D#3	64	82	1	-5
1365	142.085000	142.632500	A#3	64	65	1	-3
1366	142.385000	142.663750	D#5	64	85	0	1
1367	142.385000	142.491250	D#4	64	73	0	4
1368	142.385000	142.582500	G4	64	76	0	3
1369	142.385000	142.626250	A#4	64	76	0	1
1370	142.685000	142.977500	A#4	64	81	0	1
1371	142.985000	145.218750	C5	64	79	0	3
1372	142.985000	143.387500	D#4	64	76	0	4
1373	142.985000	143.400000	G#4	64	77	0	4
1374	142.985000	143.567500	G#2	64	82	1	-2
1375	142.985000	143.567500	G#3	64	82	1	-5
1376	143.285000	143.585000	C4	64	66	0	1
1377	143.585000	143.832500	D#4	64	80	0	4
1378	143.585000	144.186250	G#4	64	80	0	4
1379	143.885000	144.015000	A#1	64	81	1	-2
1380	143.885000	144.015000	A#2	64	81	1	-5
1381	144.185000	144.830000	C2	64	85	1	-5
1382	144.185000	144.830000	C3	64	85	1	-3
1383	144.485000	144.675000	C4	64	81	0	1
1384	144.785000	144.931250	C4	64	80	0	1
1385	144.785000	145.092500	E4	64	82	0	5
1386	144.785000	145.167500	G4	64	81	0	3
1387	145.085000	145.262500	C4	64	83	0	1
1388	145.385000	145.688750	C5	64	84	0	3
1389	145.385000	145.535000	C4	64	80	0	1
1390	145.385000	145.748750	F4	64	82	0	1
1391	145.385000	146.115000	F2	64	85	1	-5
1392	145.385000	146.115000	F3	64	85	1	-3
1393	145.685000	146.146250	F5	64	80	0	3
1394	145.685000	145.800000	C4	64	72	0	1
1395	145.985000	146.323750	C4	64	81	0	1
1396	145.985000	146.510000	F4	64	82	0	1
1397	145.985000	146.542500	G#4	64	80	0	4
1398	146.285000	146.496250	G#5	64	81	0	1
1399	146.285000	146.445000	D#2	64	86	1	-2
1400	146.285000	146.445000	D#3	64	86	1	-5
1401	146.585000	147.383750	F5	64	87	0	3
1402	146.585000	146.903750	C#4	64	79	0	2
1403	146.585000	146.928750	F4	64	81	0	1
1404	146.585000	147.628750	C#2	64	85	1	-4
1405	146.585000	147.628750	C#3	64	85	1	-2
1406	146.885000	147.608750	G#3	64	74	1	-5
1407	147.185000	147.321250	C#4	64	81	0	2
1408	147.185000	147.731250	F4	64	89	0	1
1409	147.185000	147.745000	G#4	64	84	0	4
1410	147.485000	147.702500	D#5	64	82	0	1
1411	147.485000	147.763750	C#4	64	72	0	2
1412	147.785000	148.081250	F5	64	83	0	3
1413	147.785000	148.205000	D#4	64	82	0	4
1414	147.785000	148.222500	G#3	64	81	1	-5
1415	147.785000	148.577500	G#1	64	81	1	-4
1416	147.785000	148.577500	G#2	64	81	1	-2
1417	148.085000	148.606250	D#5	64	84	0	1
1418	148.085000	148.538750	D#2	64	76	1	-2
1419	148.085000	148.538750	D#3	64	76	1	-5
1420	148.385000	148.427500	G#3	64	68	1	-5
1421	148.385000	148.926250	C4	64	81	0	1
1422	148.385000	148.956250	D#4	64	80	0	4
1423	148.385000	148.966250	G#4	64	70	0	4
1424	148.685000	149.053750	G#4	64	80	0	4
1425	148.685000	148.941250	C#2	64	94	1	-4
1426	148.685000	148.941250	C#3	64	94	1	-2
1427	148.985000	149.961250	A#4	64	81	0	1
1428	148.985000	149.418750	D#4	64	81	0	4
1429	148.985000	149.452500	G4	64	80	0	3
1430	148.985000	150.006250	D#2	64	81	1	-2
1431	148.985000	150.006250	D#3	64	81	1	-5
1432	149.285000	149.711250	A#3	64	71	1	-3
1433	149.585000	149.778750	D#4	64	80	0	4
1434	149.885000	150.068750	A#3	64	80	1	-3
1435	150.185000	150.378750	A#4	64	82	0	1
1436	150.185000	150.530000	C4	64	76	0	1
1437	150.185000	150.536250	D#4	64	80	0	4
1438	150.185000	151.258750	C2	64	80	1	-5
1439	150.185000	151.258750	C3	64	80	1	-3
1440	150.485000	150.675000	C5	64	81	0	3
1441	150.485000	151.208750	G3	64	46	1	-1
1442	150.785000	150.962500	D#5	64	87	0	1
1443	150.785000	150.930000	C4	64	81	0	1
1444	150.785000	150.942500	D#4	64	87	0	4
1445	150.785000	151.045000	G4	64	85	0	3
1446	151.085000	151.231250	C5	64	83	0	3
1447	151.085000	151.195000	C4	64	67	0	1
1448	151.385000	151.598750	A#4	64	83	0	1
1449	151.385000	151.802500	D#4	64	74	0	4
1450	151.385000	151.806250	C4	64	75	0	1
1451	151.385000	152.306250	C2	64	80	1	-5
1452	151.385000	152.306250	C3	64	80	1	-3
1453	151.685000	152.165000	C5	64	81	0	3
1454	151.685000	152.135000	G3	64	59	1	-1
1455	151.985000	152.096250	C4	64	81	0	1
1456	151.985000	152.337500	D#4	64	91	0	4
1457	151.985000	152.350000	G4	64	86	0	3
1458	152.285000	152.886250	G#4	64	76	0	4
1459	152.285000	152.446250	C4	64	77	0	1
1460	152.585000	152.802500	C4	64	80	0	1
1461	152.585000	152.982500	F4	64	82	0	1
1462	152.585000	153.485000	F2	64	79	1	-5
1463	152.585000	153.485000	F3	64	79	1	-3
1464	152.885000	154.462500	F4	64	81	0	1
1465	153.185000	153.300000	C4	64	81	0	1
1466	153.185000	153.550000	G#4	64	82	0	4
1467	153.185000	153.625000	F4	64	87	0	1
1468	153.485000	153.725000	C4	64	74	0	1
1469	153.485000	153.785000	A#2	64	80	1	-5
1470	153.785000	154.385000	C3	64	79	1	-3
1471	154.085000	154.212500	C4	64	74	0	1
1472	154.385000	154.563750	C4	64	85	0	1
1473	154.685000	154.952500	D#2	64	91	1	-2
1474	154.685000	154.952500	D#3	64	91	1	-5
1475	154.985000	155.498750	F5	64	89	0	3
1476	154.985000	154.987500	F4	64	75	0	1
1477	154.985000	155.015000	G#4	64	74	0	4
1478	154.985000	155.188750	C4	64	72	0	1
1479	154.985000	155.405000	F3	64	81	1	-3
1480	154.985000	155.526250	F2	64	76	1	-5
1481	155.285000	155.381250	F4	64	72	0	1
1482	155.285000	155.392500	G#4	64	71	0	4
1483	155.285000	155.395000	C4	64	68	0	1
1484	155.585000	155.860000	F5	64	84	0	3
1485	155.585000	155.695000	C4	64	72	0	1
1486	155.585000	155.695000	F4	64	76	0	1
1487	155.585000	155.716250	G#4	64	74	0	4
1488	155.885000	156.248750	D#5	64	82	0	1
1489	155.885000	155.970000	F4	64	69	0	1
1490	155.885000	155.971250	C4	64	80	0	1
1491	155.885000	156.001250	G#4	64	72	0	4
1492	155.885000	156.131250	C3	64	83	1	-3
1493	156.185000	156.498750	F5	64	85	0	3
1494	156.185000	156.357500	F4	64	77	0	1
1495	156.185000	156.370000	C#4	64	81	0	2
1496	156.185000	156.372500	G#4	64	76	0	4
1497	156.185000	156.638750	C#3	64	82	1	-2
1498	156.485000	156.841250	G#5	64	81	0	1
1499	156.485000	156.615000	C#4	64	68	0	2
1500	156.485000	156.615000	G#4	64	68	0	4
1501	156.485000	156.616250	F4	64	74	0	1
1502	156.785000	157.152500	A#5	64	81	0	3
1503	156.785000	156.913750	F4	64	79	0	1
1504	156.785000	156.916250	C#4	64	75	0	2
1505	156.785000	156.917500	G#4	64	79	0	4
1506	157.085000	157.446250	C6	64	84	0	5
1507	157.085000	157.190000	F4	64	75	0	1
1508	157.085000	157.202500	G#4	64	73	0	4
1509	157.085000	157.216250	C#4	64	70	0	2
1510	157.385000	157.817500	A#5	64	82	0	3
1511	157.385000	157.610000	D#4	64	77	0	4
1512	157.385000	157.612500	G4	64	80	0	3
1513	157.385000	157.852500	D#3	64	82	1	-5
1514	157.385000	157.875000	D#2	64	82	1	-2
1515	157.685000	157.972500	G#5	64	81	0	1
1516	157.685000	157.800000	G4	64	70	0	3
1517	157.685000	157.806250	D#4	64	69	0	4
1518	157.985000	158.321250	F5	64	81	0	3
1519	157.985000	158.105000	D#4	64	75	0	4
1520	157.985000	158.115000	G4	64	75	0	3
1521	158.285000	158.581250	D#5	64	82	0	1
1522	158.285000	158.437500	D#4	64	75	0	4
1523	158.285000	158.441250	G4	64	75	0	3
1524	158.285000	158.515000	D#2	64	81	1	-2
1525	158.285000	158.541250	D#3	64	75	1	-5
1526	158.585000	159.507500	C5	64	78	0	3
1527	158.585000	158.726250	F4	64	76	0	1
1528	158.585000	158.746250	C4	64	74	0	1
1529	158.585000	158.748750	G#4	64	74	0	4
1530	158.585000	159.241250	F3	64	80	1	-3
1531	158.585000	159.266250	F2	64	81	1	-5
1532	158.885000	158.996250	F4	64	69	0	1
1533	158.885000	159.001250	G#4	64	69	0	4
1534	158.885000	159.008750	C4	64	67	0	1
1535	159.185000	159.331250	F4	64	83	0	1
1536	159.185000	159.347500	C4	64	81	0	1
1537	159.185000	159.356250	G#4	64	81	0	4
1538	159.485000	159.631250	F4	64	81	0	1
1539	159.485000	159.640000	C4	64	80	0	1
1540	159.485000	159.666250	G#4	64	78	0	4
1541	159.785000	160.010000	F5	64	82	0	3
1542	159.785000	159.891250	F4	64	75	0	1
1543	159.785000	159.906250	C#4	64	74	0	2
1544	159.785000	159.910000	G#4	64	74	0	4
1545	159.785000	160.166250	C#3	64	80	1	-2
1546	159.785000	160.177500	C#2	64	79	1	-4
1547	160.085000	160.242500	F5	64	83	0	3
1548	160.085000	160.173750	F4	64	75	0	1
1549	160.085000	160.181250	C#4	64	71	0	2
1550	160.085000	160.185000	G#4	64	72	0	4
1551	160.385000	160.587500	F5	64	86	0	3
1552	160.385000	160.486250	F4	64	76	0	1
1553	160.385000	160.510000	C#4	64	74	0	2
1554	160.385000	160.512500	G#4	64	74	0	4
1555	160.685000	160.903750	G#5	64	83	0	1
1556	160.685000	160.781250	C#4	64	72	0	2
1557	160.685000	160.781250	F4	64	76	0	1
1558	160.685000	160.828750	G#4	64	74	0	4
1559	160.685000	160.880000	C#2	64	69	1	-4
1560	160.685000	160.906250	C#3	64	76	1	-2
1561	160.985000	161.252500	F5	64	82	0	3
1562	160.985000	161.225000	D#4	64	75	0	4
1563	160.985000	161.237500	G4	64	79	0	3
1564	160.985000	161.427500	D#3	64	80	1	-5
1565	160.985000	161.478750	D#2	64	76	1	-2
1566	161.285000	161.463750	D#5	64	83	0	1
1567	161.285000	161.390000	D#4	64	71	0	4
1568	161.285000	161.416250	G4	64	72	0	3
1569	161.585000	161.825000	A#4	64	81	0	1
1570	161.585000	161.740000	D#4	64	81	0	4
1571	161.585000	161.746250	G4	64	84	0	3
1572	161.885000	162.096250	D#5	64	84	0	1
1573	161.885000	162.021250	D#4	64	70	0	4
1574	161.885000	162.032500	G4	64	77	0	3
1575	162.185000	164.285000	C5	64	76	0	3
1576	162.185000	162.416250	D#4	64	72	0	4
1577	162.185000	162.426250	G#4	64	74	0	4
1578	162.185000	162.440000	C4	64	70	0	1
1579	162.185000	162.582500	G#3	64	75	1	-5
1580	162.185000	162.612500	G#2	64	75	1	-2
1581	162.485000	162.568750	G#4	64	68	0	4
1582	162.485000	162.581250	D#4	64	75	0	4
1583	162.485000	162.595000	C4	64	67	0	1
1584	162.785000	162.881250	D#4	64	70	0	4
1585	162.785000	162.886250	C4	64	69	0	1
1586	162.785000	162.905000	G#4	64	65	0	4
1587	163.085000	163.166250	D#4	64	63	0	4
1588	163.085000	163.185000	C4	64	65	0	1
1589	163.085000	163.216250	G#4	64	69	0	4
1590	163.085000	163.300000	A#2	64	73	1	-5
1591	163.085000	163.332500	A#3	64	69	1	-3
1592	163.385000	163.605000	C4	64	75	0	1
1593	163.385000	163.608750	E4	64	78	0	5
1594	163.385000	163.617500	G4	64	78	0	3
1595	163.385000	163.905000	C3	64	82	1	-3
1596	163.685000	163.780000	C4	64	63	0	1
1597	163.685000	163.790000	E4	64	69	0	5
1598	163.685000	163.801250	G4	64	68	0	3
1599	163.985000	164.037500	C4	64	75	0	1
1600	163.985000	164.108750	E4	64	73	0	5
1601	163.985000	164.135000	G4	64	74	0	3
1602	164.285000	164.403750	E4	64	76	0	5
1603	164.285000	164.430000	C4	64	76	0	1
1604	164.285000	164.442500	G4	64	75	0	3
1605	164.585000	164.867500	C5	64	86	0	3
1606	164.585000	164.841250	F4	64	65	0	1
1607	164.585000	164.852500	C4	64	73	0	1
1608	164.585000	164.853750	G#4	64	56	0	4
1609	164.585000	165.161250	F3	64	71	1	-3
1610	164.585000	165.175000	F2	64	80	1	-5
1611	164.885000	165.096250	F5	64	82	0	3
1612	164.885000	164.982500	F4	64	71	0	1
1613	164.885000	164.986250	C4	64	65	0	1
1614	164.885000	165.000000	G#4	64	70	0	4
1615	165.185000	165.383750	F5	64	82	0	3
1616	165.185000	165.356250	C4	64	73	0	1
1617	165.185000	165.357500	F4	64	79	0	1
1618	165.185000	165.373750	G#4	64	75	0	4
1619	165.485000	165.735000	G#5	64	81	0	1
1620	165.485000	165.592500	C4	64	71	0	1
1621	165.485000	165.598750	F4	64	74	0	1
1622	165.485000	165.612500	G#4	64	70	0	4
1623	165.485000	165.686250	D#2	64	73	1	-2
1624	165.485000	165.735000	D#3	64	75	1	-5
1625	165.785000	166.538750	F5	64	83	0	3
1626	165.785000	166.003750	F4	64	77	0	1
1627	165.785000	166.016250	G#4	64	75	0	4
1628	165.785000	166.020000	C#4	64	72	0	2
1629	165.785000	166.340000	C#3	64	79	1	-2
1630	165.785000	166.348750	C#2	64	74	1	-4
1631	166.085000	166.186250	F4	64	74	0	1
1632	166.085000	166.191250	C#4	64	67	0	2
1633	166.085000	166.201250	G#4	64	69	0	4
1634	166.385000	166.812500	F4	64	83	0	1
1635	166.385000	166.835000	C#4	64	80	0	2
1636	166.385000	166.868750	G#4	64	81	0	4
1637	166.685000	166.956250	D#5	64	83	0	1
1638	166.985000	167.188750	F5	64	81	0	3
1639	166.985000	167.180000	D#4	64	76	0	4
1640	166.985000	167.182500	G#4	64	73	0	4
1641	166.985000	167.215000	C5	64	80	0	3
1642	166.985000	167.527500	G#3	64	76	1	-5
1643	166.985000	167.540000	G#2	64	81	1	-2
1644	167.285000	167.488750	G#5	64	77	0	1
1645	167.285000	167.380000	D#4	64	68	0	4
1646	167.285000	167.400000	G#4	64	72	0	4
1647	167.285000	167.421250	C5	64	72	0	3
1648	167.585000	167.771250	A#5	64	80	0	3
1649	167.585000	167.721250	D#4	64	80	0	4
1650	167.585000	167.732500	G#4	64	80	0	4
1651	167.585000	167.752500	C5	64	81	0	3
1652	167.885000	168.071250	C6	64	81	0	5
1653	167.885000	168.025000	G#4	64	75	0	4
1654	167.885000	168.028750	C5	64	78	0	3
1655	167.885000	168.037500	D#4	64	75	0	4
1656	167.885000	168.100000	G#2	64	74	1	-2
1657	167.885000	168.198750	G#3	64	75	1	-5
1658	168.185000	169.112500	A#5	64	80	0	3
1659	168.185000	168.321250	D#4	64	65	0	4
1660	168.185000	168.331250	G4	64	68	0	3
1661	168.185000	168.740000	D#3	64	72	1	-5
1662	168.185000	168.748750	D#2	64	70	1	-2
1663	168.485000	168.601250	G4	64	74	0	3
1664	168.485000	168.606250	D#4	64	72	0	4
1665	168.785000	169.297500	G4	64	85	0	3
1666	168.785000	169.321250	D#4	64	80	0	4
1667	169.385000	169.656250	C5	64	84	0	3
1668	169.385000	169.526250	C4	64	75	0	1
1669	169.385000	169.526250	G4	64	78	0	3
1670	169.385000	169.527500	D#4	64	81	0	4
1671	169.385000	170.075000	C3	64	77	1	-3
1672	169.685000	169.852500	D#5	64	85	0	1
1673	169.685000	169.768750	C4	64	58	0	1
1674	169.685000	169.781250	D#4	64	67	0	4
1675	169.685000	169.781250	G4	64	63	0	3
1676	169.985000	170.170000	D#5	64	84	0	1
1677	169.985000	170.052500	C4	64	65	0	1
1678	169.985000	170.096250	G4	64	68	0	3
1679	169.985000	170.101250	D#4	64	73	0	4
1680	170.285000	170.473750	C6	64	84	0	5
1681	170.285000	170.401250	C4	64	61	0	1
1682	170.285000	170.403750	D#4	64	68	0	4
1683	170.285000	170.418750	G4	64	66	0	3
1684	170.285000	170.522500	A#2	64	76	1	-5
1685	170.285000	170.545000	A#3	64	73	1	-3
1686	170.585000	170.795000	A#5	64	81	0	3
1687	170.585000	170.888750	C4	64	81	0	1
1688	170.585000	170.913750	C3	64	84	1	-3
1689	170.585000	171.478750	G4	64	82	0	3
1690	170.885000	171.373750	G#5	64	80	0	1
1691	171.485000	171.710000	D#5	64	84	0	1
1692	171.785000	174.018750	F5	64	80	0	3
1693	171.785000	172.272500	F4	64	81	0	1
1694	171.785000	172.286250	C4	64	77	0	1
1695	171.785000	172.322500	F3	64	81	1	-3
1696	171.785000	172.348750	F2	64	79	1	-5
1697	172.385000	172.496250	F4	64	78	0	1
1698	172.385000	172.517500	G#4	64	74	0	4
1699	172.685000	172.821250	G#4	64	67	0	4
1700	172.685000	172.830000	F4	64	68	0	1
1701	172.685000	172.840000	C4	64	64	0	1
1702	172.685000	172.990000	D#2	64	75	1	-2
1703	172.685000	173.005000	D#3	64	78	1	-5
1704	172.985000	173.096250	F4	64	66	0	1
1705	172.985000	173.101250	C4	64	66	0	1
1706	172.985000	173.105000	G#4	64	66	0	4
1707	172.985000	173.745000	F3	64	80	1	-3
1708	172.985000	173.766250	F2	64	80	1	-5
1709	173.285000	173.387500	F4	64	70	0	1
1710	173.285000	173.390000	C4	64	66	0	1
1711	173.285000	173.391250	G#4	64	69	0	4
1712	173.585000	173.997500	F4	64	85	0	1
1713	173.585000	173.997500	G#4	64	80	0	4
1714	173.585000	174.038750	C4	64	80	0	1
1715	174.185000	174.698750	F5	64	89	0	3
1716	174.185000	174.371250	F4	64	75	0	1
1717	174.185000	174.388750	C4	64	72	0	1
1718	174.185000	174.390000	G#4	64	74	0	4
1719	174.185000	174.605000	F3	64	81	1	-3
1720	174.185000	174.726250	F2	64	76	1	-5
1721	174.485000	174.581250	F4	64	72	0	1
1722	174.485000	174.592500	G#4	64	71	0	4
1723	174.485000	174.595000	C4	64	68	0	1
1724	174.785000	175.060000	F5	64	84	0	3
1725	174.785000	174.895000	C4	64	72	0	1
1726	174.785000	174.895000	F4	64	76	0	1
1727	174.785000	174.916250	G#4	64	74	0	4
1728	175.085000	175.448750	D#5	64	82	0	1
1729	175.085000	175.170000	F4	64	69	0	1
1730	175.085000	175.171250	C4	64	80	0	1
1731	175.085000	175.201250	G#4	64	72	0	4
1732	175.085000	175.331250	C3	64	83	1	-3
1733	175.385000	175.698750	F5	64	85	0	3
1734	175.385000	175.557500	F4	64	77	0	1
1735	175.385000	175.570000	C#4	64	81	0	2
1736	175.385000	175.572500	G#4	64	76	0	4
1737	175.385000	175.838750	C#3	64	82	1	-2
1738	175.685000	176.041250	G#5	64	81	0	1
1739	175.685000	175.815000	C#4	64	68	0	2
1740	175.685000	175.815000	G#4	64	68	0	4
1741	175.685000	175.816250	F4	64	74	0	1
1742	175.985000	176.352500	A#5	64	81	0	3
1743	175.985000	176.113750	F4	64	79	0	1
1744	175.985000	176.116250	C#4	64	75	0	2
1745	175.985000	176.117500	G#4	64	79	0	4
1746	176.285000	176.646250	C6	64	84	0	5
1747	176.285000	176.390000	F4	64	75	0	1
1748	176.285000	176.402500	G#4	64	73	0	4
1749	176.285000	176.416250	C#4	64	70	0	2
1750	176.585000	177.017500	A#5	64	82	0	3
1751	176.585000	176.810000	D#4	64	77	0	4
1752	176.585000	176.812500	G4	64	80	0	3
1753	176.585000	177.052500	D#3	64	82	1	-5
1754	176.585000	177.075000	D#2	64	82	1	-2
1755	176.885000	177.172500	G#5	64	81	0	1
1756	176.885000	177.000000	G4	64	70	0	3
1757	176.885000	177.006250	D#4	64	69	0	4
1758	177.185000	177.521250	F5	64	81	0	3
1759	177.185000	177.305000	D#4	64	75	0	4
1760	177.185000	177.315000	G4	64	75	0	3
1761	177.485000	177.781250	D#5	64	82	0	1
1762	177.485000	177.637500	D#4	64	75	0	4
1763	177.485000	177.641250	G4	64	75	0	3
1764	177.485000	177.715000	D#2	64	81	1	-2
1765	177.485000	177.741250	D#3	64	75	1	-5
1766	177.785000	178.707500	C5	64	78	0	3
1767	177.785000	177.926250	F4	64	76	0	1
1768	177.785000	177.946250	C4	64	74	0	1
1769	177.785000	177.948750	G#4	64	74	0	4
1770	177.785000	178.441250	F3	64	80	1	-3
1771	177.785000	178.466250	F2	64	81	1	-5
1772	178.085000	178.196250	F4	64	69	0	1
1773	178.085000	178.201250	G#4	64	69	0	4
1774	178.085000	178.208750	C4	64	67	0	1
1775	178.385000	178.531250	F4	64	83	0	1
1776	178.385000	178.547500	C4	64	81	0	1
1777	178.385000	178.556250	G#4	64	81	0	4
1778	178.685000	178.831250	F4	64	81	0	1
1779	178.685000	178.840000	C4	64	80	0	1
1780	178.685000	178.866250	G#4	64	78	0	4
1781	178.985000	179.210000	F5	64	82	0	3
1782	178.985000	179.091250	F4	64	75	0	1
1783	178.985000	179.106250	C#4	64	74	0	2
1784	178.985000	179.110000	G#4	64	74	0	4
1785	178.985000	179.366250	C#3	64	80	1	-2
1786	178.985000	179.377500	C#2	64	79	1	-4
1787	179.285000	179.442500	F5	64	83	0	3
1788	179.285000	179.373750	F4	64	75	0	1
1789	179.285000	179.381250	C#4	64	71	0	2
1790	179.285000	179.385000	G#4	64	72	0	4
1791	179.585000	179.787500	F5	64	86	0	3
1792	179.585000	179.686250	F4	64	76	0	1
1793	179.585000	179.710000	C#4	64	74	0	2
1794	179.585000	179.712500	G#4	64	74	0	4
1795	179.885000	180.103750	G#5	64	83	0	1
1796	179.885000	179.981250	C#4	64	72	0	2
1797	179.885000	179.981250	F4	64	76	0	1
1798	179.885000	180.028750	G#4	64	74	0	4
1799	179.885000	180.080000	C#2	64	69	1	-4
1800	179.885000	180.106250	C#3	64	76	1	-2
1801	180.185000	180.452500	F5	64	82	0	3
1802	180.185000	180.425000	D#4	64	75	0	4
1803	180.185000	180.437500	G4	64	79	0	3
1804	180.185000	180.627500	D#3	64	80	1	-5
1805	180.185000	180.678750	D#2	64	76	1	-2
1806	180.485000	180.663750	D#5	64	83	0	1
1807	180.485000	180.590000	D#4	64	71	0	4
1808	180.485000	180.616250	G4	64	72	0	3
1809	180.785000	181.025000	A#4	64	81	0	1
1810	180.785000	180.940000	D#4	64	81	0	4
1811	180.785000	180.946250	G4	64	84	0	3
1812	181.085000	181.296250	D#5	64	84	0	1
1813	181.085000	181.221250	D#4	64	70	0	4
1814	181.085000	181.232500	G4	64	77	0	3
1815	181.385000	183.485000	C5	64	76	0	3
1816	181.385000	181.616250	D#4	64	72	0	4
1817	181.385000	181.626250	G#4	64	74	0	4
1818	181.385000	181.640000	C4	64	70	0	1
1819	181.385000	181.782500	G#3	64	75	1	-5
1820	181.385000	181.812500	G#2	64	75	1	-2
1821	181.685000	181.768750	G#4	64	68	0	4
1822	181.685000	181.781250	D#4	64	75	0	4
1823	181.685000	181.795000	C4	64	67	0	1
1824	181.985000	182.081250	D#4	64	70	0	4
1825	181.985000	182.086250	C4	64	69	0	1
1826	181.985000	182.105000	G#4	64	65	0	4
1827	182.285000	182.366250	D#4	64	63	0	4
1828	182.285000	182.385000	C4	64	65	0	1
1829	182.285000	182.416250	G#4	64	69	0	4
1830	182.285000	182.500000	A#2	64	73	1	-5
1831	182.285000	182.532500	A#3	64	69	1	-3
1832	182.585000	182.805000	C4	64	75	0	1
1833	182.585000	182.808750	E4	64	78	0	5
1834	182.585000	182.817500	G4	64	78	0	3
1835	182.585000	183.105000	C3	64	82	1	-3
1836	182.885000	182.980000	C4	64	63	0	1
1837	182.885000	182.990000	E4	64	69	0	5
1838	182.885000	183.001250	G4	64	68	0	3
1839	183.185000	183.237500	C4	64	75	0	1
1840	183.185000	183.308750	E4	64	73	0	5
1841	183.185000	183.335000	G4	64	74	0	3
1842	183.485000	183.603750	E4	64	76	0	5
1843	183.485000	183.630000	C4	64	76	0	1
1844	183.485000	183.642500	G4	64	75	0	3
1845	183.785000	184.067500	C5	64	86	0	3
1846	183.785000	184.041250	F4	64	65	0	1
1847	183.785000	184.052500	C4	64	73	0	1
1848	183.785000	184.053750	G#4	64	56	0	4
1849	183.785000	184.361250	F3	64	71	1	-3
1850	183.785000	184.375000	F2	64	80	1	-5
1851	184.085000	184.296250	F5	64	82	0	3
1852	184.085000	184.182500	F4	64	71	0	1
1853	184.085000	184.186250	C4	64	65	0	1
1854	184.085000	184.200000	G#4	64	70	0	4
1855	184.385000	184.583750	F5	64	82	0	3
1856	184.385000	184.556250	C4	64	73	0	1
1857	184.385000	184.557500	F4	64	79	0	1
1858	184.385000	184.573750	G#4	64	75	0	4
1859	184.685000	184.935000	G#5	64	81	0	1
1860	184.685000	184.792500	C4	64	71	0	1
1861	184.685000	184.798750	F4	64	74	0	1
1862	184.685000	184.812500	G#4	64	70	0	4
1863	184.685000	184.886250	D#2	64	73	1	-2
1864	184.685000	184.935000	D#3	64	75	1	-5
1865	184.985000	185.738750	F5	64	83	0	3
1866	184.985000	185.203750	F4	64	77	0	1
1867	184.985000	185.216250	G#4	64	75	0	4
1868	184.985000	185.220000	C#4	64	72	0	2
1869	184.985000	185.540000	C#3	64	79	1	-2
1870	184.985000	185.548750	C#2	64	74	1	-4
1871	185.285000	185.386250	F4	64	74	0	1
1872	185.285000	185.391250	C#4	64	67	0	2
1873	185.285000	185.401250	G#4	64	69	0	4
1874	185.585000	186.012500	F4	64	83	0	1
1875	185.585000	186.035000	C#4	64	80	0	2
1876	185.585000	186.068750	G#4	64	81	0	4
1877	185.885000	186.156250	D#5	64	83	0	1
1878	186.185000	186.388750	F5	64	81	0	3
1879	186.185000	186.380000	D#4	64	76	0	4
1880	186.185000	186.382500	G#4	64	73	0	4
1881	186.185000	186.415000	C5	64	80	0	3
1882	186.185000	186.727500	G#3	64	76	1	-5
1883	186.185000	186.740000	G#2	64	81	1	-2
1884	186.485000	186.688750	G#5	64	77	0	1
1885	186.485000	186.580000	D#4	64	68	0	4
1886	186.485000	186.600000	G#4	64	72	0	4
1887	186.485000	186.621250	C5	64	72	0	3
1888	186.785000	186.971250	A#5	64	80	0	3
1889	186.785000	186.921250	D#4	64	80	0	4
1890	186.785000	186.932500	G#4	64	80	0	4
1891	186.785000	186.952500	C5	64	81	0	3
1892	187.085000	187.271250	C6	64	81	0	5
1893	187.085000	187.225000	G#4	64	75	0	4
1894	187.085000	187.228750	C5	64	78	0	3
1895	187.085000	187.237500	D#4	64	75	0	4
1896	187.085000	187.300000	G#2	64	74	1	-2
1897	187.085000	187.398750	G#3	64	75	1	-5
1898	187.385000	188.312500	A#5	64	80	0	3
1899	187.385000	187.521250	D#4	64	65	0	4
1900	187.385000	187.531250	G4	64	68	0	3
1901	187.385000	187.940000	D#3	64	72	1	-5
1902	187.385000	187.948750	D#2	64	70	1	-2
1903	187.685000	187.801250	G4	64	74	0	3
1904	187.685000	187.806250	D#4	64	72	0	4
1905	187.985000	188.497500	G4	64	85	0	3
1906	187.985000	188.521250	D#4	64	80	0	4
1907	188.585000	188.856250	C5	64	84	0	3
1908	188.585000	188.726250	C4	64	75	0	1
1909	188.585000	188.726250	G4	64	78	0	3
1910	188.585000	188.727500	D#4	64	81	0	4
1911	188.585000	189.275000	C3	64	77	1	-3
1912	188.885000	189.052500	D#5	64	85	0	1
1913	188.885000	188.968750	C4	64	58	0	1
1914	188.885000	188.981250	D#4	64	67	0	4
1915	188.885000	188.981250	G4	64	63	0	3
1916	189.185000	189.370000	D#5	64	84	0	1
1917	189.185000	189.252500	C4	64	65	0	1
1918	189.185000	189.296250	G4	64	68	0	3
1919	189.185000	189.301250	D#4	64	73	0	4
1920	189.485000	189.673750	C6	64	84	0	5
1921	189.485000	189.601250	C4	64	61	0	1
1922	189.485000	189.603750	D#4	64	68	0	4
1923	189.485000	189.618750	G4	64	66	0	3
1924	189.485000	189.722500	A#2	64	76	1	-5
1925	189.485000	189.745000	A#3	64	73	1	-3
1926	189.785000	189.995000	A#5	64	81	0	3
1927	189.785000	190.088750	C4	64	81	0	1
1928	189.785000	190.113750	C3	64	84	1	-3
1929	189.785000	190.678750	G4	64	82	0	3
1930	190.085000	190.573750	G#5	64	80	0	1
1931	190.685000	190.910000	D#5	64	84	0	1
1932	190.985000	193.218750	F5	64	80	0	3
1933	190.985000	191.472500	F4	64	81	0	1
1934	190.985000	191.486250	C4	64	77	0	1
1935	190.985000	191.522500	F3	64	81	1	-3
1936	190.985000	191.548750	F2	64	79	1	-5
1937	191.585000	191.696250	F4	64	78	0	1
1938	191.585000	191.717500	G#4	64	74	0	4
1939	191.885000	192.021250	G#4	64	67	0	4
1940	191.885000	192.030000	F4	64	68	0	1
1941	191.885000	192.040000	C4	64	64	0	1
1942	191.885000	192.190000	D#2	64	75	1	-2
1943	191.885000	192.205000	D#3	64	78	1	-5
1944	192.185000	192.296250	F4	64	66	0	1
1945	192.185000	192.301250	C4	64	66	0	1
1946	192.185000	192.305000	G#4	64	66	0	4
1947	192.185000	192.945000	F3	64	80	1	-3
1948	192.185000	192.966250	F2	64	80	1	-5
1949	192.485000	192.587500	F4	64	70	0	1
1950	192.485000	192.590000	C4	64	66	0	1
1951	192.485000	192.591250	G#4	64	69	0	4
1952	192.785000	193.197500	F4	64	85	0	1
1953	192.785000	193.197500	G#4	64	80	0	4
1954	192.785000	193.238750	C4	64	80	0	1
1955	193.385000	193.898750	F5	64	89	0	3
1956	193.385000	193.577500	C4	64	75	0	1
1957	193.385000	193.761250	F4	64	79	0	1
1958	193.385000	194.203750	F2	64	86	1	-5
1959	193.385000	194.203750	F3	64	86	1	-3
1960	193.685000	193.836250	C4	64	68	0	1
1961	193.985000	194.260000	F5	64	84	0	3
1962	193.985000	194.103750	C4	64	81	0	1
1963	193.985000	194.336250	F4	64	89	0	1
1964	193.985000	194.407500	G#4	64	82	0	4
1965	194.285000	194.648750	D#5	64	82	0	1
1966	194.285000	194.401250	C4	64	75	0	1
1967	194.585000	194.898750	F5	64	85	0	3
1968	194.585000	194.841250	F4	64	78	0	1
1969	194.585000	194.853750	G#4	64	74	0	4
1970	194.585000	194.868750	C#4	64	71	0	2
1971	194.585000	195.383750	C#2	64	82	1	-4
1972	194.585000	195.383750	C#3	64	82	1	-2
1973	194.885000	195.241250	G#5	64	81	0	1
1974	194.885000	195.372500	G#3	64	67	1	-5
1975	195.185000	195.552500	A#5	64	81	0	3
1976	195.185000	195.297500	C#4	64	82	0	2
1977	195.185000	195.301250	G#4	64	81	0	4
1978	195.485000	195.846250	C6	64	84	0	5
1979	195.785000	196.217500	A#5	64	82	0	3
1980	195.785000	196.005000	D#4	64	74	0	4
1981	195.785000	196.066250	G4	64	76	0	3
1982	195.785000	196.712500	D#2	64	81	1	-2
1983	195.785000	196.712500	D#3	64	81	1	-5
1984	196.085000	196.372500	G#5	64	81	0	1
1985	196.085000	196.786250	A#3	64	65	1	-3
1986	196.385000	196.721250	F5	64	81	0	3
1987	196.385000	196.496250	D#4	64	71	0	4
1988	196.385000	196.585000	G4	64	82	0	3
1989	196.385000	196.845000	A#4	64	80	0	1
1990	196.685000	196.981250	D#5	64	82	0	1
1991	196.685000	196.826250	D#4	64	72	0	4
1992	196.985000	197.907500	C5	64	78	0	3
1993	196.985000	197.283750	G#4	64	70	0	4
1994	196.985000	197.296250	F4	64	76	0	1
1995	196.985000	197.663750	F2	64	82	1	-5
1996	196.985000	197.663750	F3	64	82	1	-3
1997	197.285000	197.653750	C4	64	66	0	1
1998	197.585000	197.686250	G#4	64	81	0	4
1999	197.585000	197.701250	F4	64	81	0	1
2000	197.585000	197.706250	C5	64	81	0	3
2001	198.185000	198.410000	F5	64	82	0	3
2002	198.185000	198.508750	F4	64	77	0	1
2003	198.185000	198.517500	C#4	64	69	0	2
2004	198.185000	199.172500	C#2	64	80	1	-4
2005	198.185000	199.172500	C#3	64	80	1	-2
2006	198.485000	198.642500	F5	64	83	0	3
2007	198.485000	199.131250	G#3	64	68	1	-5
2008	198.785000	198.987500	F5	64	86	0	3
2009	198.785000	199.125000	C#4	64	82	0	2
2010	199.085000	199.303750	G#5	64	83	0	1
2011	199.085000	199.217500	F4	64	83	0	1
2012	199.385000	199.652500	F5	64	82	0	3
2013	199.385000	199.646250	G4	64	72	0	3
2014	199.385000	199.672500	D#4	64	72	0	4
2015	199.385000	200.266250	D#2	64	82	1	-2
2016	199.385000	200.266250	D#3	64	82	1	-5
2017	199.685000	199.863750	D#5	64	83	0	1
2018	199.685000	200.232500	A#3	64	65	1	-3
2019	199.985000	200.225000	A#4	64	81	0	1
2020	199.985000	200.091250	D#4	64	73	0	4
2021	199.985000	200.182500	G4	64	76	0	3
2022	199.985000	200.226250	A#4	64	76	0	1
2023	200.285000	200.496250	D#5	64	84	0	1
2024	200.585000	202.685000	C5	64	76	0	3
2025	200.585000	200.987500	D#4	64	76	0	4
2026	200.585000	201.000000	G#4	64	77	0	4
2027	200.585000	201.167500	G#2	64	82	1	-2
2028	200.585000	201.167500	G#3	64	82	1	-5
2029	200.885000	201.185000	C4	64	66	0	1
2030	201.185000	201.432500	D#4	64	80	0	4
2031	201.185000	201.786250	G#4	64	80	0	4
2032	201.485000	201.615000	A#1	64	81	1	-2
2033	201.485000	201.615000	A#2	64	81	1	-5
2034	201.785000	202.430000	C2	64	85	1	-5
2035	201.785000	202.430000	C3	64	85	1	-3
2036	202.085000	202.275000	C4	64	81	0	1
2037	202.385000	202.531250	C4	64	80	0	1
2038	202.385000	202.692500	E4	64	82	0	5
2039	202.385000	202.767500	G4	64	81	0	3
2040	202.685000	202.862500	C4	64	83	0	1
2041	202.985000	203.267500	C5	64	86	0	3
2042	202.985000	203.135000	C4	64	80	0	1
2043	202.985000	203.348750	F4	64	82	0	1
2044	202.985000	203.715000	F2	64	85	1	-5
2045	202.985000	203.715000	F3	64	85	1	-3
2046	203.285000	203.496250	F5	64	82	0	3
2047	203.285000	203.400000	C4	64	72	0	1
2048	203.585000	203.783750	F5	64	82	0	3
2049	203.585000	203.923750	C4	64	81	0	1
2050	203.585000	204.110000	F4	64	82	0	1
2051	203.585000	204.142500	G#4	64	80	0	4
2052	203.885000	204.135000	G#5	64	81	0	1
2053	203.885000	204.045000	D#2	64	86	1	-2
2054	203.885000	204.045000	D#3	64	86	1	-5
2055	204.185000	204.938750	F5	64	83	0	3
2056	204.185000	204.503750	C#4	64	79	0	2
2057	204.185000	204.528750	F4	64	81	0	1
2058	204.185000	205.228750	C#2	64	85	1	-4
2059	204.185000	205.228750	C#3	64	85	1	-2
2060	204.485000	205.208750	G#3	64	74	1	-5
2061	204.785000	204.921250	C#4	64	81	0	2
2062	204.785000	205.331250	F4	64	89	0	1
2063	204.785000	205.345000	G#4	64	84	0	4
2064	205.085000	205.356250	D#5	64	83	0	1
2065	205.085000	205.363750	C#4	64	72	0	2
2066	205.385000	205.588750	F5	64	81	0	3
2067	205.385000	205.805000	D#4	64	82	0	4
2068	205.385000	205.822500	G#3	64	81	1	-5
2069	205.385000	206.177500	G#1	64	81	1	-4
2070	205.385000	206.177500	G#2	64	81	1	-2
2071	205.685000	205.888750	G#5	64	77	0	1
2072	205.685000	206.138750	D#2	64	76	1	-2
2073	205.685000	206.138750	D#3	64	76	1	-5
2074	205.985000	206.171250	A#5	64	80	0	3
2075	205.985000	206.027500	G#3	64	68	1	-5
2076	205.985000	206.526250	C4	64	81	0	1
2077	205.985000	206.556250	D#4	64	80	0	4
2078	205.985000	206.566250	G#4	64	70	0	4
2079	206.285000	206.471250	C6	64	81	0	5
2080	206.285000	206.541250	C#2	64	94	1	-4
2081	206.285000	206.541250	C#3	64	94	1	-2
2082	206.585000	207.512500	A#5	64	80	0	3
2083	206.585000	207.018750	D#4	64	81	0	4
2084	206.585000	207.052500	G4	64	80	0	3
2085	206.585000	207.606250	D#2	64	81	1	-2
2086	206.585000	207.606250	D#3	64	81	1	-5
2087	206.885000	207.311250	A#3	64	71	1	-3
2088	207.185000	207.378750	D#4	64	80	0	4
2089	207.485000	207.668750	A#3	64	80	1	-3
2090	207.785000	208.056250	C5	64	84	0	3
2091	207.785000	208.130000	C4	64	76	0	1
2092	207.785000	208.136250	D#4	64	80	0	4
2093	207.785000	208.858750	C2	64	80	1	-5
2094	207.785000	208.858750	C3	64	80	1	-3
2095	208.085000	208.252500	D#5	64	85	0	1
2096	208.085000	208.808750	G3	64	46	1	-1
2097	208.385000	208.570000	D#5	64	84	0	1
2098	208.385000	208.530000	C4	64	81	0	1
2099	208.385000	208.542500	D#4	64	87	0	4
2100	208.385000	208.645000	G4	64	85	0	3
2101	208.685000	208.873750	C6	64	84	0	5
2102	208.685000	208.795000	C4	64	67	0	1
2103	208.985000	209.195000	A#5	64	81	0	3
2104	208.985000	209.402500	D#4	64	74	0	4
2105	208.985000	209.406250	C4	64	75	0	1
2106	208.985000	209.906250	C2	64	80	1	-5
2107	208.985000	209.906250	C3	64	80	1	-3
2108	209.285000	209.773750	G#5	64	80	0	1
2109	209.285000	209.735000	G3	64	59	1	-1
2110	209.585000	209.696250	C4	64	81	0	1
2111	209.585000	209.937500	D#4	64	91	0	4
2112	209.585000	209.950000	G4	64	86	0	3
2113	209.885000	210.110000	D#5	64	84	0	1
2114	209.885000	210.046250	C4	64	77	0	1
2115	210.185000	212.418750	F5	64	80	0	3
2116	210.185000	210.402500	C4	64	80	0	1
2117	210.185000	210.582500	F4	64	82	0	1
2118	210.185000	211.085000	F2	64	79	1	-5
2119	210.185000	211.085000	F3	64	79	1	-3
2120	210.785000	210.900000	C4	64	81	0	1
2121	210.785000	211.150000	G#4	64	82	0	4
2122	210.785000	211.225000	F4	64	87	0	1
2123	211.085000	211.325000	C4	64	74	0	1
2124	211.085000	211.385000	A#2	64	80	1	-5
2125	211.385000	211.985000	C3	64	79	1	-3
2126	211.685000	211.812500	C4	64	74	0	1
2127	211.985000	212.163750	C4	64	85	0	1
2128	212.285000	212.552500	D#2	64	91	1	-2
2129	212.285000	212.552500	D#3	64	91	1	-5
2130	212.585000	213.098750	F5	64	89	0	3
2131	212.585000	212.587500	F4	64	75	0	1
2132	212.585000	212.615000	G#4	64	74	0	4
2133	212.585000	212.788750	C4	64	72	0	1
2134	212.585000	213.005000	F3	64	81	1	-3
2135	212.585000	213.126250	F2	64	76	1	-5
2136	212.885000	212.981250	F4	64	72	0	1
2137	212.885000	212.992500	G#4	64	71	0	4
2138	212.885000	212.995000	C4	64	68	0	1
2139	213.185000	213.460000	F5	64	84	0	3
2140	213.185000	213.295000	C4	64	72	0	1
2141	213.185000	213.295000	F4	64	76	0	1
2142	213.185000	213.316250	G#4	64	74	0	4
2143	213.485000	213.848750	D#5	64	82	0	1
2144	213.485000	213.570000	F4	64	69	0	1
2145	213.485000	213.571250	C4	64	80	0	1
2146	213.485000	213.601250	G#4	64	72	0	4
2147	213.485000	213.731250	C3	64	83	1	-3
2148	213.785000	214.098750	F5	64	85	0	3
2149	213.785000	213.957500	F4	64	77	0	1
2150	213.785000	213.970000	C#4	64	81	0	2
2151	213.785000	213.972500	G#4	64	76	0	4
2152	213.785000	214.238750	C#3	64	82	1	-2
2153	214.085000	214.441250	G#5	64	81	0	1
2154	214.085000	214.215000	C#4	64	68	0	2
2155	214.085000	214.215000	G#4	64	68	0	4
2156	214.085000	214.216250	F4	64	74	0	1
2157	214.385000	214.752500	A#5	64	81	0	3
2158	214.385000	214.513750	F4	64	79	0	1
2159	214.385000	214.516250	C#4	64	75	0	2
2160	214.385000	214.517500	G#4	64	79	0	4
2161	214.685000	215.046250	C6	64	84	0	5
2162	214.685000	214.790000	F4	64	75	0	1
2163	214.685000	214.802500	G#4	64	73	0	4
2164	214.685000	214.816250	C#4	64	70	0	2
2165	214.985000	215.417500	A#5	64	82	0	3
2166	214.985000	215.210000	D#4	64	77	0	4
2167	214.985000	215.212500	G4	64	80	0	3
2168	214.985000	215.452500	D#3	64	82	1	-5
2169	214.985000	215.475000	D#2	64	82	1	-2
2170	215.285000	215.572500	G#5	64	81	0	1
2171	215.285000	215.400000	G4	64	70	0	3
2172	215.285000	215.406250	D#4	64	69	0	4
2173	215.585000	215.921250	F5	64	81	0	3
2174	215.585000	215.705000	D#4	64	75	0	4
2175	215.585000	215.715000	G4	64	75	0	3
2176	215.885000	216.181250	D#5	64	82	0	1
2177	215.885000	216.037500	D#4	64	75	0	4
2178	215.885000	216.041250	G4	64	75	0	3
2179	215.885000	216.115000	D#2	64	81	1	-2
2180	215.885000	216.141250	D#3	64	75	1	-5
2181	216.185000	217.107500	C5	64	78	0	3
2182	216.185000	216.326250	F4	64	76	0	1
2183	216.185000	216.346250	C4	64	74	0	1
2184	216.185000	216.348750	G#4	64	74	0	4
2185	216.185000	216.841250	F3	64	80	1	-3
2186	216.185000	216.866250	F2	64	81	1	-5
2187	216.485000	216.596250	F4	64	69	0	1
2188	216.485000	216.601250	G#4	64	69	0	4
2189	216.485000	216.608750	C4	64	67	0	1
2190	216.785000	216.931250	F4	64	83	0	1
2191	216.785000	216.947500	C4	64	81	0	1
2192	216.785000	216.956250	G#4	64	81	0	4
2193	217.085000	217.231250	F4	64	81	0	1
2194	217.085000	217.240000	C4	64	80	0	1
2195	217.085000	217.266250	G#4	64	78	0	4
2196	217.385000	217.610000	F5	64	82	0	3
2197	217.385000	217.491250	F4	64	75	0	1
2198	217.385000	217.506250	C#4	64	74	0	2
2199	217.385000	217.510000	G#4	64	74	0	4
2200	217.385000	217.766250	C#3	64	80	1	-2
2201	217.385000	217.777500	C#2	64	79	1	-4
2202	217.685000	217.842500	F5	64	83	0	3
2203	217.685000	217.773750	F4	64	75	0	1
2204	217.685000	217.781250	C#4	64	71	0	2
2205	217.685000	217.785000	G#4	64	72	0	4
2206	217.985000	218.187500	F5	64	86	0	3
2207	217.985000	218.086250	F4	64	76	0	1
2208	217.985000	218.110000	C#4	64	74	0	2
2209	217.985000	218.112500	G#4	64	74	0	4
2210	218.285000	218.503750	G#5	64	83	0	1
2211	218.285000	218.381250	C#4	64	72	0	2
2212	218.285000	218.381250	F4	64	76	0	1
2213	218.285000	218.428750	G#4	64	74	0	4
2214	218.285000	218.480000	C#2	64	69	1	-4
2215	218.285000	218.506250	C#3	64	76	1	-2
2216	218.585000	218.852500	F5	64	82	0	3
2217	218.585000	218.825000	D#4	64	75	0	4
2218	218.585000	218.837500	G4	64	79	0	3
2219	218.585000	219.027500	D#3	64	80	1	-5
2220	218.585000	219.078750	D#2	64	76	1	-2
2221	218.885000	219.063750	D#5	64	83	0	1
2222	218.885000	218.990000	D#4	64	71	0	4
2223	218.885000	219.016250	G4	64	72	0	3
2224	219.185000	219.425000	A#4	64	81	0	1
2225	219.185000	219.340000	D#4	64	81	0	4
2226	219.185000	219.346250	G4	64	84	0	3
2227	219.485000	219.696250	D#5	64	84	0	1
2228	219.485000	219.621250	D#4	64	70	0	4
2229	219.485000	219.632500	G4	64	77	0	3
2230	219.785000	221.885000	C5	64	76	0	3
2231	219.785000	220.016250	D#4	64	72	0	4
2232	219.785000	220.026250	G#4	64	74	0	4
2233	219.785000	220.040000	C4	64	70	0	1
2234	219.785000	220.182500	G#3	64	75	1	-5
2235	219.785000	220.212500	G#2	64	75	1	-2
2236	220.085000	220.168750	G#4	64	68	0	4
2237	220.085000	220.181250	D#4	64	75	0	4
2238	220.085000	220.195000	C4	64	67	0	1
2239	220.385000	220.481250	D#4	64	70	0	4
2240	220.385000	220.486250	C4	64	69	0	1
2241	220.385000	220.505000	G#4	64	65	0	4
2242	220.685000	220.766250	D#4	64	63	0	4
2243	220.685000	220.785000	C4	64	65	0	1
2244	220.685000	220.816250	G#4	64	69	0	4
2245	220.685000	220.900000	A#2	64	73	1	-5
2246	220.685000	220.932500	A#3	64	69	1	-3
2247	220.985000	221.205000	C4	64	75	0	1
2248	220.985000	221.208750	E4	64	78	0	5
2249	220.985000	221.217500	G4	64	78	0	3
2250	220.985000	221.505000	C3	64	82	1	-3
2251	221.285000	221.380000	C4	64	63	0	1
2252	221.285000	221.390000	E4	64	69	0	5
2253	221.285000	221.401250	G4	64	68	0	3
2254	221.585000	221.637500	C4	64	75	0	1
2255	221.585000	221.708750	E4	64	73	0	5
2256	221.585000	221.735000	G4	64	74	0	3
2257	221.885000	222.003750	E4	64	76	0	5
2258	221.885000	222.030000	C4	64	76	0	1
2259	221.885000	222.042500	G4	64	75	0	3
2260	222.185000	222.467500	C5	64	86	0	3
2261	222.185000	222.441250	F4	64	65	0	1
2262	222.185000	222.452500	C4	64	73	0	1
2263	222.185000	222.453750	G#4	64	56	0	4
2264	222.185000	222.761250	F3	64	71	1	-3
2265	222.185000	222.775000	F2	64	80	1	-5
2266	222.485000	222.696250	F5	64	82	0	3
2267	222.485000	222.582500	F4	64	71	0	1
2268	222.485000	222.586250	C4	64	65	0	1
2269	222.485000	222.600000	G#4	64	70	0	4
2270	222.785000	222.983750	F5	64	82	0	3
2271	222.785000	222.956250	C4	64	73	0	1
2272	222.785000	222.957500	F4	64	79	0	1
2273	222.785000	222.973750	G#4	64	75	0	4
2274	223.085000	223.335000	G#5	64	81	0	1
2275	223.085000	223.192500	C4	64	71	0	1
2276	223.085000	223.198750	F4	64	74	0	1
2277	223.085000	223.212500	G#4	64	70	0	4
2278	223.085000	223.286250	D#2	64	73	1	-2
2279	223.085000	223.335000	D#3	64	75	1	-5
2280	223.385000	224.138750	F5	64	83	0	3
2281	223.385000	223.603750	F4	64	77	0	1
2282	223.385000	223.616250	G#4	64	75	0	4
2283	223.385000	223.620000	C#4	64	72	0	2
2284	223.385000	223.940000	C#3	64	79	1	-2
2285	223.385000	223.948750	C#2	64	74	1	-4
2286	223.685000	223.786250	F4	64	74	0	1
2287	223.685000	223.791250	C#4	64	67	0	2
2288	223.685000	223.801250	G#4	64	69	0	4
2289	223.985000	224.412500	F4	64	83	0	1
2290	223.985000	224.435000	C#4	64	80	0	2
2291	223.985000	224.468750	G#4	64	81	0	4
2292	224.285000	224.556250	D#5	64	83	0	1
2293	224.585000	224.788750	F5	64	81	0	3
2294	224.585000	224.780000	D#4	64	76	0	4
2295	224.585000	224.782500	G#4	64	73	0	4
2296	224.585000	224.815000	C5	64	80	0	3
2297	224.585000	225.127500	G#3	64	76	1	-5
2298	224.585000	225.140000	G#2	64	81	1	-2
2299	224.885000	225.088750	G#5	64	77	0	1
2300	224.885000	224.980000	D#4	64	68	0	4
2301	224.885000	225.000000	G#4	64	72	0	4
2302	224.885000	225.021250	C5	64	72	0	3
2303	225.185000	225.371250	A#5	64	80	0	3
2304	225.185000	225.321250	D#4	64	80	0	4
2305	225.185000	225.332500	G#4	64	80	0	4
2306	225.185000	225.352500	C5	64	81	0	3
2307	225.485000	225.671250	C6	64	81	0	5
2308	225.485000	225.625000	G#4	64	75	0	4
2309	225.485000	225.628750	C5	64	78	0	3
2310	225.485000	225.637500	D#4	64	75	0	4
2311	225.485000	225.700000	G#2	64	74	1	-2
2312	225.485000	225.798750	G#3	64	75	1	-5
2313	225.785000	226.712500	A#5	64	80	0	3
2314	225.785000	225.921250	D#4	64	65	0	4
2315	225.785000	225.931250	G4	64	68	0	3
2316	225.785000	226.340000	D#3	64	72	1	-5
2317	225.785000	226.348750	D#2	64	70	1	-2
2318	226.085000	226.201250	G4	64	74	0	3
2319	226.085000	226.206250	D#4	64	72	0	4
2320	226.385000	226.897500	G4	64	85	0	3
2321	226.385000	226.921250	D#4	64	80	0	4
2322	226.985000	227.256250	C5	64	84	0	3
2323	226.985000	227.126250	C4	64	75	0	1
2324	226.985000	227.126250	G4	64	78	0	3
2325	226.985000	227.127500	D#4	64	81	0	4
2326	226.985000	227.675000	C3	64	77	1	-3
2327	227.285000	227.452500	D#5	64	85	0	1
2328	227.285000	227.368750	C4	64	58	0	1
2329	227.285000	227.381250	D#4	64	67	0	4
2330	227.285000	227.381250	G4	64	63	0	3
2331	227.585000	227.770000	D#5	64	84	0	1
2332	227.585000	227.652500	C4	64	65	0	1
2333	227.585000	227.696250	G4	64	68	0	3
2334	227.585000	227.701250	D#4	64	73	0	4
2335	227.885000	228.073750	C6	64	84	0	5
2336	227.885000	228.001250	C4	64	61	0	1
2337	227.885000	228.003750	D#4	64	68	0	4
2338	227.885000	228.018750	G4	64	66	0	3
2339	227.885000	228.122500	A#2	64	76	1	-5
2340	227.885000	228.145000	A#3	64	73	1	-3
2341	228.185000	228.395000	A#5	64	81	0	3
2342	228.185000	228.488750	C4	64	81	0	1
2343	228.185000	228.513750	C3	64	84	1	-3
2344	228.185000	229.078750	G4	64	82	0	3
2345	228.485000	228.973750	G#5	64	80	0	1
2346	229.085000	229.310000	D#5	64	84	0	1
2347	229.385000	231.618750	F5	64	80	0	3
2348	229.385000	229.872500	F4	64	81	0	1
2349	229.385000	229.886250	C4	64	77	0	1
2350	229.385000	229.922500	F3	64	81	1	-3
2351	229.385000	229.948750	F2	64	79	1	-5
2352	229.985000	230.096250	F4	64	78	0	1
2353	229.985000	230.117500	G#4	64	74	0	4
2354	230.285000	230.421250	G#4	64	67	0	4
2355	230.285000	230.430000	F4	64	68	0	1
2356	230.285000	230.440000	C4	64	64	0	1
2357	230.285000	230.590000	D#2	64	75	1	-2
2358	230.285000	230.605000	D#3	64	78	1	-5
2359	230.585000	230.696250	F4	64	66	0	1
2360	230.585000	230.701250	C4	64	66	0	1
2361	230.585000	230.705000	G#4	64	66	0	4
2362	230.585000	231.345000	F3	64	80	1	-3
2363	230.585000	231.366250	F2	64	80	1	-5
2364	230.885000	230.987500	F4	64	70	0	1
2365	230.885000	230.990000	C4	64	66	0	1
2366	230.885000	230.991250	G#4	64	69	0	4
2367	231.185000	231.597500	F4	64	85	0	1
2368	231.185000	231.597500	G#4	64	80	0	4
2369	231.185000	231.638750	C4	64	80	0	1
2370	231.746250	232.808750	C3	64	82	1	-3
2371	231.751250	231.953750	G4	64	72	0	3
2372	231.752500	231.931250	D#4	64	78	0	4
2373	231.757500	231.926250	C4	64	75	0	1
2374	231.785000	232.056250	C5	64	84	0	3
2375	232.052500	232.132500	D#4	64	74	0	4
2376	232.057500	232.142500	G4	64	70	0	3
2377	232.062500	232.137500	C4	64	68	0	1
2378	232.085000	232.252500	D#5	64	85	0	1
2379	232.335000	232.608750	G4	64	86	0	3
2380	232.336250	232.478750	D#4	64	89	0	4
2381	232.343750	232.436250	C4	64	84	0	1
2382	232.385000	232.570000	D#5	64	84	0	1
2383	232.622500	232.798750	C4	64	77	0	1
2384	232.645000	232.713750	D#4	64	60	0	4
2385	232.685000	232.873750	C6	64	84	0	5
2386	232.928750	233.198750	G4	64	81	0	3
2387	232.933750	233.197500	D#4	64	82	0	4
2388	232.936250	233.165000	C4	64	81	0	1
2389	232.946250	233.093750	C3	64	83	1	-3
2390	232.985000	233.195000	A#5	64	81	0	3
2391	233.285000	233.585000	G#5	64	80	0	1
2392	233.551250	233.977500	D#2	64	86	1	-2
2393	233.558750	236.555000	A#3	64	75	1	-3
2394	233.561250	236.558750	D#4	64	78	0	4
2395	233.585000	235.385000	D#5	64	80	0	1
2396	235.985000	236.276250	D#5	64	89	0	1
2397	236.285000	236.607500	G#5	64	79	0	1
2398	236.585000	238.946250	F5	64	86	0	3
2399	236.585000	236.586250	G4	64	78	0	3
2400	236.585000	236.726250	C4	64	75	0	1
2401	236.585000	236.727500	D#4	64	81	0	4
2402	236.585000	237.275000	C3	64	77	1	-3
2403	236.885000	236.968750	C4	64	58	0	1
2404	236.885000	236.981250	D#4	64	67	0	4
2405	236.885000	236.981250	G4	64	63	0	3
2406	237.185000	237.252500	C4	64	65	0	1
2407	237.185000	237.296250	G4	64	68	0	3
2408	237.185000	237.301250	D#4	64	73	0	4
2409	237.485000	237.601250	C4	64	61	0	1
2410	237.485000	237.603750	D#4	64	68	0	4
2411	237.485000	237.618750	G4	64	66	0	3
2412	237.485000	237.722500	A#2	64	76	1	-5
2413	237.485000	237.745000	A#3	64	73	1	-3
2414	237.785000	238.088750	C4	64	81	0	1
2415	237.785000	238.113750	C3	64	84	1	-3
2416	237.785000	238.678750	G4	64	82	0	3
2417	238.985000	239.472500	F4	64	81	0	1
2418	238.985000	239.486250	C4	64	77	0	1
2419	238.985000	239.522500	F3	64	81	1	-3
2420	238.985000	239.548750	F2	64	79	1	-5
2421	239.585000	239.696250	F4	64	78	0	1
2422	239.585000	239.717500	G#4	64	74	0	4
2423	239.885000	240.021250	G#4	64	67	0	4
2424	239.885000	240.030000	F4	64	68	0	1
2425	239.885000	240.040000	C4	64	64	0	1
2426	239.885000	240.190000	D#2	64	75	1	-2
2427	239.885000	240.205000	D#3	64	78	1	-5
2428	240.185000	240.897500	F4	64	85	0	1
2429	240.185000	240.897500	G#4	64	80	0	4
2430	240.185000	240.938750	C4	64	80	0	1
2431	240.185000	240.945000	F3	64	80	1	-3
2432	240.185000	240.966250	F2	64	80	1	-5
