//Version: PianoFingering_v170101
0	0.244718	2.903168	G#2	64	80	1	-2
1	0.635563	1.021126	G#3	64	68	1	-5
2	0.936619	1.536971	D#4	64	69	0	4
3	1.292253	2.058098	G#3	64	66	1	-5
4	1.667253	2.491196	D#4	64	69	0	4
5	2.005281	2.903168	D#3	64	65	1	-5
6	2.360914	3.072182	G#3	64	71	1	-5
7	2.727111	3.242956	D#4	64	50	0	4
8	3.137322	5.748237	C3	64	81	1	-3
9	3.482393	4.096829	A#3	64	68	1	-3
10	3.815139	4.996476	D#4	64	78	0	4
11	4.098590	4.732392	G3	64	57	1	-1
12	4.448941	5.732392	G4	64	70	0	3
13	4.804575	5.580983	G3	64	63	1	-1
14	5.163730	6.220067	A#3	64	67	1	-3
15	5.637321	7.329222	D#4	64	51	0	4
16	6.246476	8.913728	F2	64	81	1	-5
17	6.566898	7.829221	C3	64	69	1	-3
18	6.938377	8.044010	G#3	64	73	1	-5
19	7.257039	7.781686	F3	64	74	1	-3
20	7.651405	9.190136	C4	64	76	0	1
21	7.991193	8.950700	C3	64	58	1	-3
22	8.397883	9.153164	G#3	64	71	1	-5
23	8.732390	9.107390	F3	64	69	1	-3
24	9.128517	12.183092	C3	64	83	1	-3
25	9.515840	10.086263	G3	64	66	1	-1
26	9.885558	10.721826	D#4	64	70	0	4
27	10.276403	12.142600	G3	64	61	1	-1
28	10.647882	12.253515	G4	64	73	0	3
29	10.661967	12.174290	C4	64	72	0	1
30	12.382036	12.473585	C#2	64	80	1	-4
31	12.382036	12.684853	G#3	64	75	1	-5
32	12.382036	12.771120	F4	64	80	0	1
33	12.804571	13.595064	C#3	64	74	1	-2
34	13.015839	13.568655	G#3	64	77	1	-5
35	13.438374	13.600345	C#4	64	80	0	2
36	14.072176	14.642598	D#4	64	71	0	4
37	14.072176	14.672528	C4	64	68	0	1
38	14.072176	15.086260	C3	64	81	1	-3
39	14.494711	14.994711	G3	64	65	1	-1
40	14.917246	15.033443	D#4	64	76	0	4
41	14.917246	15.040485	G4	64	72	0	3
42	14.917246	15.049288	C4	64	79	0	1
43	15.762316	16.207738	A#3	64	74	1	-3
44	15.762316	16.285203	C#4	64	75	0	2
45	15.762316	17.308090	A#2	64	80	1	-5
46	16.184851	17.272879	F3	64	72	1	-3
47	16.396119	16.848583	A#3	64	85	1	-3
48	16.818654	16.952456	C#4	64	76	0	2
49	16.818654	17.022879	F4	64	80	0	1
50	17.452456	17.859146	A#3	64	58	1	-3
51	17.452456	18.123230	C#4	64	73	0	2
52	17.452456	18.154920	F4	64	68	0	1
53	17.452456	18.517596	A#2	64	81	1	-5
54	18.297526	18.538723	A#3	64	70	1	-3
55	18.297526	18.549287	C#4	64	76	0	2
56	18.297526	18.577455	F4	64	80	0	1
57	19.142596	19.237666	D#2	64	82	1	-2
58	19.142596	19.454216	A#3	64	73	1	-3
59	19.142596	19.536962	D#4	64	79	0	4
60	19.565131	22.017595	D#3	64	79	1	-5
61	19.987666	21.061609	A#3	64	82	1	-3
62	20.198934	20.510553	D#4	64	81	0	4
63	20.410201	20.735905	G#4	64	71	0	4
64	20.832736	21.614426	D#4	64	70	0	4
65	20.832736	21.741186	G#4	64	76	0	4
66	21.255271	22.022876	A#3	64	73	1	-3
67	21.677806	22.051045	A#4	64	75	0	1
68	21.677806	22.077454	D#4	64	60	0	4
69	22.522876	23.244707	G4	64	64	0	3
70	22.522876	23.267594	D#4	64	68	0	4
71	22.522876	23.389073	D#5	64	80	0	1
72	22.522876	25.519353	D#2	64	81	1	-2
73	23.367946	23.938368	G4	64	60	0	3
74	23.367946	24.068650	A#4	64	52	0	1
75	24.213016	25.786959	G4	64	66	0	3
76	24.213016	25.827452	A#4	64	62	0	1
77	25.725339	26.552804	G#3	64	61	1	-5
78	25.794001	26.485902	C4	64	72	0	1
79	25.825691	26.839775	G#2	64	80	1	-2
80	25.852100	26.480621	D#4	64	68	0	4
81	25.917241	26.327452	G#4	64	69	0	4
82	26.286959	26.809846	D#3	64	50	1	-5
83	26.325691	26.651395	D#5	64	85	0	1
84	26.709494	26.830972	D#4	64	74	0	4
85	26.711254	26.778156	C4	64	73	0	1
86	26.748226	27.066888	D#5	64	96	0	1
87	27.170761	27.297522	D#5	64	87	0	1
88	27.382029	27.911958	E5	64	86	0	2
89	27.434845	28.021113	C4	64	68	0	1
90	27.503507	28.410197	E4	64	70	0	5
91	27.529916	28.556324	C3	64	73	1	-3
92	27.565127	28.426042	G4	64	68	0	3
93	27.947169	28.459493	G3	64	67	1	-1
94	28.015831	28.272873	C5	64	84	0	3
95	28.399634	28.561605	C4	64	76	0	1
96	28.438366	28.815126	A#4	64	84	0	1
97	28.860901	29.052802	C5	64	74	0	3
98	29.068647	29.579211	C4	64	41	0	1
99	29.072169	29.616182	A#4	64	76	0	1
100	29.225337	30.128506	F4	64	64	0	1
101	29.241183	30.202450	G#4	64	72	0	4
102	29.253507	30.205971	F2	64	71	1	-5
103	29.494704	30.656675	G#4	64	73	0	4
104	29.700689	30.133788	C3	64	56	1	-3
105	30.077450	30.170760	C4	64	68	0	1
106	30.793999	31.220055	D#4	64	50	0	4
107	30.874985	31.276393	F#4	64	74	0	2
108	30.901393	31.397872	A#4	64	73	0	1
109	30.917238	31.440125	D#2	64	82	1	-2
110	30.973576	31.290477	C#5	64	80	0	4
111	31.396111	31.668998	C5	64	82	0	3
112	31.746463	32.554561	D#4	64	58	0	4
113	31.779914	32.389068	G#2	64	81	1	-2
114	31.783435	32.575688	F#4	64	67	0	2
115	31.818646	32.205970	A#4	64	84	0	1
116	32.241181	32.593294	G#4	64	78	0	4
117	32.612660	33.172519	G#3	64	68	1	-5
118	32.621463	33.207730	C#4	64	73	0	2
119	32.637308	33.684842	C#2	64	76	1	-4
120	32.640829	33.473575	F4	64	81	0	1
121	32.663716	33.926039	F5	64	84	0	3
122	33.045758	33.628504	G#2	64	42	1	-2
123	33.478856	33.610899	G#3	64	65	1	-5
124	33.480617	33.654913	C#4	64	62	0	2
125	34.142589	34.304560	F5	64	80	0	3
126	34.302800	34.830968	D#4	64	68	0	4
127	34.353856	34.683081	D#5	64	84	0	1
128	34.359138	35.195405	G4	64	65	0	3
129	34.374983	35.227095	D#2	64	79	1	-2
130	34.767588	35.213011	A#2	64	55	1	-5
131	34.776391	34.950687	F5	64	80	0	3
132	34.987659	35.623222	D#5	64	80	0	1
133	35.190123	35.367940	D#4	64	68	0	4
134	35.621461	36.052799	A#4	64	73	0	1
135	35.781672	36.080968	D#4	64	47	0	4
136	35.908433	36.195404	G#4	64	52	0	4
137	35.991179	38.123220	G#2	64	71	1	-2
138	36.012306	36.311602	C5	64	60	0	3
139	36.043996	37.654911	C5	64	77	0	3
140	36.450686	37.804559	D#3	64	47	1	-5
141	36.843291	37.306319	A#3	64	68	1	-3
142	37.264066	37.519347	C4	64	74	0	1
143	37.665474	38.382023	C4	64	76	0	1
144	37.668995	38.374981	G#3	64	72	1	-5
145	37.672516	38.237657	D#4	64	77	0	4
146	38.528150	38.829206	G#3	64	76	1	-5
147	38.961248	39.049276	A#3	64	82	1	-3
148	39.403149	40.866177	E4	64	72	0	5
149	39.403149	42.073923	C3	64	80	1	-3
150	39.418994	40.730613	C4	64	76	0	1
151	39.424276	39.737656	C5	64	82	0	3
152	39.811600	40.401388	G3	64	57	1	-1
153	39.846811	40.135543	C5	64	74	0	3
154	40.244698	40.885543	G4	64	87	0	3
155	40.269346	40.580966	C5	64	75	0	3
156	40.646106	41.922514	G3	64	62	1	-1
157	40.691881	40.994698	C#5	64	81	0	4
158	40.911951	41.075684	C4	64	67	0	1
159	40.994698	41.079205	E4	64	68	0	5
160	41.010543	41.163712	G4	64	68	0	3
161	41.073923	41.304557	C5	64	80	0	3
162	41.114416	41.443641	C5	64	80	0	3
163	41.536951	41.684838	C#5	64	75	0	4
164	41.748219	42.403148	C5	64	81	0	3
165	41.896106	42.140824	A#4	64	76	0	1
166	41.901387	42.021106	E4	64	79	0	5
167	41.906669	42.028148	C4	64	80	0	1
168	42.744697	44.008781	F2	64	76	1	-5
169	42.755260	43.559837	G#4	64	69	0	4
170	42.760542	43.269345	F4	64	73	0	1
171	42.804556	43.165471	C5	64	83	0	3
172	43.168993	43.989415	C3	64	59	1	-3
173	43.227091	43.510542	C5	64	82	0	3
174	43.616175	44.170753	F4	64	87	0	1
175	43.649626	43.915471	C5	64	82	0	3
176	44.072161	44.374978	C5	64	85	0	3
177	44.426034	45.489414	G#4	64	69	0	4
178	44.433076	45.302794	F4	64	79	0	1
179	44.443640	45.213006	F3	64	83	1	-3
180	44.494696	44.813358	F5	64	82	0	3
181	44.917231	45.086245	C5	64	84	0	3
182	45.128499	45.524625	A#4	64	82	0	1
183	45.551034	46.172512	G#4	64	80	0	4
184	45.693639	45.846808	C4	64	78	0	1
185	46.110892	47.012300	A#3	64	71	1	-3
186	46.117935	48.836243	A#2	64	80	1	-5
187	46.126737	46.721808	C#4	64	68	0	2
188	46.528146	48.758778	F3	64	62	1	-3
189	46.607371	46.913709	C5	64	81	0	3
190	46.955962	47.109131	F4	64	81	0	1
191	46.957723	47.089765	C#4	64	74	0	2
192	47.029906	47.323920	D#5	64	89	0	1
193	47.452441	47.626737	G#4	64	80	0	4
194	47.663709	48.126736	A#4	64	76	0	1
195	47.822159	48.047511	A#4	64	73	0	1
196	47.823920	48.059835	A#3	64	78	1	-3
197	48.297511	48.623215	C5	64	80	0	3
198	48.679553	48.848567	A#3	64	74	1	-3
199	48.681314	48.885539	F4	64	81	0	1
200	48.683074	48.869694	C#4	64	74	0	2
201	48.720046	49.330961	D#5	64	82	0	1
202	49.124975	49.380257	A#3	64	80	1	-3
203	49.512299	49.848567	A#3	64	76	1	-3
204	49.514060	49.628496	D#2	64	80	1	-2
205	49.519341	50.195397	D#4	64	76	0	4
206	49.565116	49.883778	G#4	64	74	0	4
207	49.947158	51.049270	D#3	64	76	1	-5
208	49.987651	52.668988	A#4	64	80	0	1
209	50.399623	51.052791	A#3	64	80	1	-3
210	50.588003	50.755256	D#4	64	79	0	4
211	50.811594	50.985890	G#4	64	81	0	4
212	50.991172	51.100327	D#4	64	71	0	4
213	51.200679	52.198918	D#3	64	82	1	-5
214	51.216524	51.695397	G4	64	72	0	3
215	51.223566	51.725326	D#4	64	75	0	4
216	52.059833	52.528143	A#4	64	80	0	1
217	52.061594	52.352086	G4	64	81	0	3
218	52.068636	52.339763	D#5	64	81	0	1
219	52.945396	53.371452	D#4	64	75	0	4
220	52.945396	53.394340	G#3	64	73	1	-5
221	52.945396	54.012297	G#2	64	79	1	-2
222	53.367931	53.693635	D#5	64	85	0	1
223	53.367931	54.001734	D#3	64	63	1	-5
224	53.790466	54.109128	D#5	64	96	0	1
225	53.790466	53.927790	G#3	64	81	1	-5
226	53.790466	54.179550	C4	64	81	0	1
227	54.213001	54.339762	D#5	64	87	0	1
228	54.213001	54.297508	G#3	64	76	1	-5
229	54.424269	54.954198	E5	64	86	0	2
230	54.635536	55.119691	E4	64	73	0	5
231	54.635536	55.161944	C4	64	76	0	1
232	54.635536	55.739409	C3	64	79	1	-3
233	55.058071	55.315113	C5	64	84	0	3
234	55.058071	55.603845	G3	64	71	1	-1
235	55.480606	55.857366	A#4	64	84	0	1
236	55.480606	55.716521	E4	64	74	0	5
237	55.480606	55.781662	G4	64	73	0	3
238	55.480606	55.799268	C4	64	76	0	1
239	55.903141	56.095042	C5	64	74	0	3
240	56.114409	56.536944	A#4	64	76	0	1
241	56.325676	56.727084	F4	64	77	0	1
242	56.325676	56.760535	C4	64	71	0	1
243	56.325676	56.809831	G#4	64	74	0	4
244	56.325676	57.700675	F2	64	80	1	-5
245	56.536944	57.698915	G#4	64	73	0	4
246	56.748211	57.642577	C3	64	56	1	-3
247	57.170746	57.380253	C4	64	81	0	1
248	57.170746	57.660182	F4	64	82	0	1
249	57.593281	57.797506	C4	64	80	0	1
250	58.015816	58.332717	C#5	64	80	0	4
251	58.015816	58.297506	D#3	64	84	1	-5
252	58.015816	58.455957	C#4	64	81	0	2
253	58.015816	58.741168	F#4	64	80	0	2
254	58.438351	58.711238	C5	64	82	0	3
255	58.860886	59.248210	A#4	64	84	0	1
256	58.860886	59.283421	D#4	64	80	0	4
257	58.860886	59.369689	G#2	64	81	1	-2
258	58.860886	59.401379	G#4	64	77	0	4
259	59.283421	59.635534	G#4	64	78	0	4
260	59.283421	59.418984	D#3	64	74	1	-5
261	59.705956	60.968279	F5	64	84	0	3
262	59.705956	60.239407	F4	64	80	0	1
263	59.705956	60.272857	C#4	64	74	0	2
264	59.705956	60.973561	C#3	64	83	1	-2
265	60.128491	60.962998	G#3	64	67	1	-5
266	60.551026	60.730603	C#4	64	82	0	2
267	60.551026	60.885533	F4	64	87	0	1
268	60.551026	61.012293	G#4	64	80	0	4
269	60.973561	61.142575	C#4	64	66	0	2
270	61.184829	61.346800	F5	64	80	0	3
271	61.396096	61.725321	D#5	64	84	0	1
272	61.396096	61.801025	G4	64	75	0	3
273	61.396096	61.830955	D#4	64	69	0	4
274	61.396096	62.283420	D#3	64	84	1	-5
275	61.818631	61.992927	F5	64	80	0	3
276	61.818631	62.283420	A#3	64	61	1	-3
277	62.029899	62.665462	D#5	64	80	0	1
278	62.241166	62.725321	D#4	64	82	0	4
279	62.663701	63.095039	A#4	64	73	0	1
280	62.663701	62.952433	G4	64	82	0	3
281	63.086236	65.621446	C5	64	77	0	3
282	63.086236	63.579194	C4	64	75	0	1
283	63.086236	63.845039	G#4	64	73	0	4
284	63.086236	64.033419	F2	64	80	1	-5
285	63.508771	64.005250	C3	64	60	1	-3
286	63.931306	64.017574	F4	64	85	0	1
287	63.931306	64.047503	C4	64	82	0	1
288	64.776376	65.089756	D#4	64	74	0	4
289	64.776376	65.195390	F#4	64	79	0	2
290	64.776376	65.350319	D#3	64	81	1	-5
291	64.776376	65.431305	G#2	64	80	1	-2
292	65.621446	66.096798	F3	64	83	1	-3
293	65.621446	66.311587	C4	64	80	0	1
294	65.621446	66.355601	F4	64	82	0	1
295	66.043981	66.163699	C5	64	81	0	3
296	66.255249	66.401375	C#5	64	82	0	4
297	66.466516	66.806305	D#5	64	86	0	1
298	66.466516	67.126727	C#4	64	70	0	2
299	66.466516	67.147854	A#3	64	72	1	-3
300	66.466516	69.183064	A#2	64	81	1	-5
301	66.889051	67.008769	G#4	64	76	0	4
302	66.889051	68.241163	F3	64	69	1	-3
303	67.100319	67.649614	G#4	64	78	0	4
304	67.311586	68.455952	A#3	64	73	1	-3
305	67.734121	67.901375	A#4	64	74	0	1
306	67.734121	68.533416	C#4	64	78	0	2
307	67.945389	69.096796	G#4	64	73	0	4
308	68.579191	69.095036	F3	64	62	1	-3
309	69.001726	69.271092	A#3	64	84	1	-3
310	69.001726	69.278134	C#4	64	84	0	2
311	69.424261	69.549261	C5	64	85	0	3
312	69.424261	69.577430	A#2	64	83	1	-5
313	69.635529	69.765810	C#5	64	80	0	4
314	69.846796	70.211232	D#5	64	85	0	1
315	69.846796	70.454190	D#4	64	80	0	4
316	69.846796	70.455951	C4	64	80	0	1
317	69.846796	70.512289	G4	64	73	0	3
318	69.846796	71.337992	C3	64	82	1	-3
319	70.269331	70.406655	C5	64	84	0	3
320	70.269331	70.818627	G3	64	69	1	-1
321	70.480599	70.760528	D#5	64	89	0	1
322	70.691866	71.195387	C4	64	76	0	1
323	70.903134	71.246443	G5	64	85	0	5
324	71.114401	71.380246	G3	64	66	1	-1
325	71.325669	72.135527	D#5	64	87	0	1
326	71.536936	71.802781	C4	64	73	0	1
327	71.536936	72.123203	F4	64	78	0	1
328	71.536936	72.477076	F3	64	85	1	-3
329	71.959471	72.205950	C4	64	76	0	1
330	72.382006	72.505245	F5	64	83	0	3
331	72.382006	72.572147	F4	64	81	0	1
332	72.382006	72.612640	C4	64	81	0	1
333	72.382006	72.626724	G#4	64	76	0	4
334	72.593274	72.716513	D#5	64	81	0	1
335	72.804541	72.961231	C#5	64	81	0	4
336	73.015809	73.149611	C5	64	80	0	3
337	73.227076	73.529893	C#5	64	78	0	4
338	73.227076	73.332710	C#2	64	80	1	-4
339	73.227076	73.512287	G#3	64	78	1	-5
340	73.227076	73.593273	C#4	64	76	0	2
341	73.649611	73.786935	D#5	64	76	0	1
342	73.649611	74.767568	C#3	64	79	1	-2
343	73.860879	74.646089	F5	64	80	0	3
344	74.072146	74.705949	G#3	64	87	1	-5
345	74.283414	74.558061	C#4	64	91	0	2
346	74.494681	74.737639	F4	64	84	0	1
347	74.917216	75.216512	F5	64	87	0	3
348	74.917216	75.001723	D2	64	80	1	-3
349	74.917216	75.302779	D4	64	70	0	3
350	74.917216	75.304540	F4	64	82	0	1
351	74.917216	75.397850	G#4	64	77	0	4
352	75.339751	75.471793	G5	64	82	0	5
353	75.339751	75.806300	D3	64	63	1	-1
354	75.551019	76.130244	G#5	64	82	0	1
355	75.551019	75.866159	G#3	64	74	1	-5
356	75.762286	76.029892	D4	64	82	0	3
357	75.973554	76.110877	F4	64	80	0	1
358	76.184821	76.572145	F5	64	81	0	3
359	76.607356	78.735876	D#5	64	84	0	1
360	76.607356	77.133764	G4	64	76	0	3
361	76.607356	77.151370	D#4	64	78	0	4
362	76.607356	77.584468	D#3	64	85	1	-5
363	77.029891	77.535173	A#3	64	80	1	-3
364	77.452426	77.709468	G4	64	80	0	3
365	77.452426	77.952426	A#4	64	81	0	1
366	77.874961	78.552778	D#4	64	82	0	4
367	78.297496	78.376721	D#2	64	81	1	-2
368	78.297496	78.545735	D#5	64	81	0	1
369	78.297496	78.575665	G4	64	84	0	3
370	78.297496	78.602073	A#4	64	83	0	1
371	78.508764	78.582707	D#3	64	71	1	-5
372	78.720031	79.447143	A#3	64	85	1	-3
373	78.720031	79.580946	D#3	64	66	1	-5
374	78.931299	79.186580	D#4	64	87	0	4
375	79.142566	79.382003	F4	64	91	0	1
376	79.353834	79.487636	G4	64	96	0	3
377	79.565101	79.793974	G#4	64	81	0	4
378	79.795735	79.855594	A#4	64	55	0	1
379	79.987636	80.327425	G#5	64	82	0	1
380	79.987636	80.441861	D#4	64	80	0	4
381	79.987636	80.510523	G#3	64	81	1	-5
382	79.987636	81.906649	G#2	64	81	1	-2
383	80.410171	80.737636	G5	64	87	0	5
384	80.410171	81.779889	D#3	64	72	1	-5
385	80.832706	81.132002	G#5	64	82	0	1
386	80.832706	80.994678	G#3	64	82	1	-5
387	80.832706	81.001720	C4	64	82	0	1
388	81.255241	81.948903	D#5	64	84	0	1
389	81.255241	81.411931	G#3	64	58	1	-5
390	81.677776	81.989396	D#4	64	81	0	4
391	81.677776	82.436578	G#3	64	82	1	-5
392	82.100311	82.413691	C5	64	86	0	3
393	82.100311	82.866156	G#2	64	65	1	-2
394	82.100311	82.889043	D#3	64	75	1	-5
395	82.522846	82.832705	C5	64	89	0	3
396	82.522846	82.948902	C4	64	84	0	1
397	82.522846	82.998198	D#4	64	83	0	4
398	82.522846	83.028127	G#4	64	70	0	4
399	82.945381	83.232353	A#5	64	82	0	3
400	82.945381	83.035170	G#3	64	87	1	-5
401	83.367916	83.665451	A#5	64	82	0	3
402	83.367916	83.823902	D#4	64	81	0	4
403	83.367916	83.843268	G4	64	80	0	3
404	83.367916	83.853831	C4	64	82	0	1
405	83.367916	86.080943	C3	64	82	1	-3
406	83.790451	84.079183	G#5	64	82	0	1
407	83.790451	84.339747	G3	64	68	1	-1
408	84.212986	84.531648	A#5	64	82	0	3
409	84.212986	84.452423	D#4	64	77	0	4
410	84.212986	84.454183	C4	64	76	0	1
411	84.635521	85.288690	D#5	64	91	0	1
412	84.635521	85.072141	G3	64	46	1	-1
413	85.058056	85.390802	C4	64	81	0	1
414	85.058056	85.431295	D#4	64	81	0	4
415	85.058056	85.441859	G4	64	82	0	3
416	85.480591	85.772844	C5	64	86	0	3
417	85.480591	86.024605	G3	64	80	1	-1
418	85.903126	86.186577	C5	64	87	0	3
419	85.903126	86.123196	C4	64	81	0	1
420	85.903126	86.161929	D#4	64	81	0	4
421	86.325661	86.563337	C6	64	82	0	5
422	86.325661	86.447140	C3	64	81	1	-3
423	86.325661	86.572140	C4	64	58	0	1
424	86.748196	87.087985	C6	64	84	0	5
425	86.748196	86.874957	F2	64	82	1	-5
426	86.748196	87.121435	F4	64	81	0	1
427	86.748196	87.165449	G#4	64	77	0	4
428	87.170731	87.281646	A#5	64	80	0	3
429	87.170731	89.522843	F3	64	81	1	-3
430	87.381999	87.889041	A#5	64	84	0	3
431	87.593266	87.927773	F4	64	80	0	1
432	87.593266	87.940097	G#4	64	80	0	4
433	87.593266	87.955942	C5	64	80	0	3
434	88.015801	88.325660	G#5	64	81	0	1
435	88.015801	88.563336	C4	64	69	0	1
436	88.438336	88.783406	G#5	64	79	0	1
437	88.438336	89.059815	F4	64	82	0	1
438	88.438336	89.086223	G#4	64	81	0	4
439	88.860871	89.124955	A#5	64	79	0	3
440	88.860871	89.619674	C4	64	74	0	1
441	89.283406	89.624955	G#5	64	78	0	1
442	89.283406	89.677772	G#4	64	87	0	4
443	89.283406	89.684814	F4	64	96	0	1
444	89.705941	90.160166	C6	64	82	0	5
445	89.705941	89.855589	F3	64	86	1	-3
446	90.128476	90.422490	A#5	64	82	0	3
447	90.128476	90.751715	C#4	64	85	0	2
448	90.128476	90.774603	F#4	64	81	0	2
449	90.128476	91.126715	D#3	64	87	1	-5
450	90.551011	90.954180	A#5	64	82	0	3
451	90.551011	91.140799	A#3	64	80	1	-3
452	90.973546	91.288687	A#5	64	82	0	3
453	90.973546	91.246433	C#4	64	91	0	2
454	90.973546	91.329180	F#4	64	91	0	2
455	91.396081	91.999954	G#5	64	86	0	1
456	91.396081	91.517560	D#3	64	84	1	-5
457	91.818616	92.418968	D#4	64	82	0	4
458	91.818616	92.522841	F#4	64	83	0	2
459	91.818616	92.952418	G#2	64	87	1	-2
460	92.241151	92.764038	D#3	64	83	1	-5
461	92.663686	92.977066	G#5	64	89	0	1
462	92.663686	92.926010	D#4	64	94	0	4
463	92.663686	93.073897	G#4	64	89	0	4
464	92.874954	93.021080	D#3	64	85	1	-5
465	93.086221	93.262277	A#5	64	86	0	3
466	93.086221	93.337981	D#4	64	84	0	4
467	93.297489	93.503474	G#5	64	83	0	1
468	93.297489	93.813333	G#4	64	80	0	4
469	93.508756	93.873193	C6	64	85	0	5
470	93.508756	94.610868	C#3	64	87	1	-2
471	93.931291	94.235868	F5	64	84	0	3
472	93.931291	94.501713	G#3	64	82	1	-5
473	94.353826	94.656643	F5	64	81	0	3
474	94.353826	94.684812	C#4	64	81	0	2
475	94.353826	94.695375	F4	64	83	0	1
476	94.353826	94.742910	G#4	64	77	0	4
477	94.776361	95.802769	F5	64	91	0	3
478	94.776361	95.639037	G#3	64	76	1	-5
479	95.198896	95.535163	C#5	64	80	0	4
480	95.198896	95.674248	G#4	64	82	0	4
481	95.198896	95.681290	F4	64	89	0	1
482	95.621431	96.174248	C#3	64	79	1	-2
483	96.043966	96.383755	G#5	64	86	0	1
484	96.043966	96.170727	F4	64	85	0	1
485	96.043966	96.181290	C#4	64	81	0	2
486	96.043966	96.190093	G#4	64	80	0	4
487	96.466501	96.628473	A#5	64	83	0	3
488	96.677769	96.834459	G#5	64	82	0	1
489	96.889036	97.249951	C6	64	85	0	5
490	96.889036	97.811571	D#4	64	78	0	4
491	96.889036	97.839740	G4	64	72	0	3
492	96.889036	98.035162	C3	64	80	1	-3
493	97.311571	97.540444	D#5	64	74	0	1
494	97.311571	97.795726	G3	64	70	1	-1
495	97.734106	98.022838	D#5	64	89	0	1
496	97.734106	98.012275	C4	64	87	0	1
497	97.945374	98.082697	G3	64	84	1	-1
498	98.156641	98.579176	F5	64	84	0	3
499	98.156641	98.498190	D#4	64	81	0	4
500	98.367909	98.528120	C4	64	71	0	1
501	98.579176	99.424246	D#5	64	75	0	1
502	98.579176	99.142556	C4	64	72	0	1
503	98.579176	99.183049	F4	64	75	0	1
504	98.579176	99.551007	F2	64	83	1	-5
505	99.001711	99.536922	C3	64	69	1	-3
506	99.424246	99.617908	G#4	64	76	0	4
507	99.424246	99.623190	C4	64	81	0	1
508	99.424246	99.623190	F4	64	82	0	1
509	99.846781	99.978823	F5	64	86	0	3
510	100.058049	100.228823	G5	64	80	0	5
511	100.269316	100.582696	G#5	64	82	0	1
512	100.269316	100.924245	G#3	64	79	1	-5
513	100.269316	100.926006	C#4	64	79	0	2
514	100.269316	101.841498	A#2	64	81	1	-5
515	100.691851	101.024597	G#5	64	81	0	1
516	100.691851	101.223541	F3	64	72	1	-3
517	101.114386	101.434808	G#5	64	81	0	1
518	101.114386	101.470020	G#3	64	85	1	-5
519	101.114386	101.806287	C#4	64	83	0	2
520	101.536921	101.704174	G5	64	83	0	5
521	101.536921	101.903118	F3	64	78	1	-3
522	101.748189	102.883751	G#5	64	81	0	1
523	101.959456	102.494667	F4	64	82	0	1
524	101.959456	102.543963	C#4	64	82	0	2
525	101.959456	102.968258	A#2	64	82	1	-5
526	102.381991	102.933047	F3	64	73	1	-3
527	102.804526	102.998188	C#4	64	86	0	2
528	102.804526	103.029878	F4	64	89	0	1
529	103.227061	103.380230	F5	64	84	0	3
530	103.227061	103.353822	A#2	64	81	1	-5
531	103.438329	103.575652	G5	64	76	0	5
532	103.649596	103.961216	G#5	64	82	0	1
533	103.649596	104.227061	D#2	64	84	1	-2
534	103.649596	104.241145	D#4	64	79	0	4
535	103.649596	104.336215	G4	64	75	0	3
536	104.072131	104.410159	G#5	64	81	0	1
537	104.072131	104.994666	D#3	64	81	1	-5
538	104.283399	104.825652	A#3	64	75	1	-3
539	104.494666	104.823891	G#5	64	82	0	1
540	104.494666	104.734103	D#4	64	91	0	4
541	104.705934	105.126708	A#4	64	84	0	1
542	104.917201	105.237623	G5	64	86	0	5
543	104.917201	105.075652	A#3	64	84	1	-3
544	105.128469	105.297483	D#4	64	83	0	4
545	105.339736	106.110862	G#5	64	82	0	1
546	105.339736	105.760510	D#4	64	66	0	4
547	105.339736	105.764032	D#5	64	80	0	1
548	105.339736	105.820370	G4	64	81	0	3
549	105.339736	105.890792	A#4	64	82	0	1
550	105.339736	106.095017	D#3	64	86	1	-5
551	105.762271	106.098539	A#3	64	80	1	-3
552	105.973539	106.079172	D#4	64	80	0	4
553	106.184806	106.904876	A#5	64	82	0	3
554	106.184806	106.397834	D#3	64	87	1	-5
555	106.184806	106.457693	A#3	64	84	1	-3
556	106.184806	106.471778	D#5	64	86	0	1
557	106.184806	106.498186	G4	64	89	0	3
558	106.184806	106.526355	A#4	64	86	0	1
559	106.184806	106.542200	D#4	64	86	0	4
560	106.607341	106.691848	D#3	64	82	1	-5
561	107.029876	107.369665	G#5	64	82	0	1
562	107.029876	107.503467	G#3	64	79	1	-5
563	107.029876	107.519312	C4	64	75	0	1
564	107.029876	108.033397	G#2	64	82	1	-2
565	107.452411	107.779876	G5	64	87	0	5
566	107.452411	107.980580	D#3	64	74	1	-5
567	107.874946	108.174242	G#5	64	82	0	1
568	107.874946	108.045721	G#3	64	81	1	-5
569	107.874946	108.049242	C4	64	81	0	1
570	107.874946	108.049242	D#4	64	80	0	4
571	108.297481	108.991143	D#5	64	84	0	1
572	108.297481	108.876706	D#3	64	69	1	-5
573	108.720016	109.218255	C4	64	82	0	1
574	108.720016	109.399593	D#4	64	81	0	4
575	109.142551	109.455931	C5	64	86	0	3
576	109.142551	109.730579	G#2	64	78	1	-2
577	109.353819	109.492903	G#3	64	78	1	-5
578	109.565086	109.874945	C5	64	89	0	3
579	109.565086	109.772832	C4	64	89	0	1
580	109.565086	109.811565	D#4	64	85	0	4
581	109.565086	109.816846	G#4	64	81	0	4
582	109.776354	109.887269	D#3	64	86	1	-5
583	109.987621	110.274593	A#5	64	82	0	3
584	109.987621	110.114382	G#2	64	82	1	-2
585	110.410156	110.707691	A#5	64	82	0	3
586	110.410156	110.943607	C4	64	82	0	1
587	110.410156	110.943607	D#4	64	80	0	4
588	110.410156	111.808043	C3	64	80	1	-3
589	110.832691	111.121423	G#5	64	82	0	1
590	110.832691	111.378465	G3	64	75	1	-1
591	111.255226	111.573888	A#5	64	82	0	3
592	111.255226	111.653113	C4	64	81	0	1
593	111.255226	111.660155	D#4	64	82	0	4
594	111.255226	111.660155	G4	64	80	0	3
595	111.677761	112.330930	D#5	64	91	0	1
596	111.677761	112.234099	G3	64	63	1	-1
597	112.100296	112.542197	C4	64	81	0	1
598	112.100296	112.612620	D#4	64	81	0	4
599	112.100296	112.801000	G4	64	80	0	3
600	112.522831	112.815084	C5	64	86	0	3
601	112.734099	112.859099	C4	64	80	0	1
602	112.945366	113.228817	C5	64	87	0	3
603	112.945366	113.225296	C4	64	84	0	1
604	112.945366	113.256986	D#4	64	86	0	4
605	112.945366	113.466493	G4	64	83	0	3
606	113.156634	113.293957	G3	64	89	1	-1
607	113.367901	113.605577	C6	64	82	0	5
608	113.367901	113.642549	C4	64	87	0	1
609	113.790436	114.130225	C6	64	84	0	5
610	113.790436	114.225295	F4	64	80	0	1
611	113.790436	114.276351	C4	64	81	0	1
612	113.790436	115.225295	F2	64	84	1	-5
613	114.212971	114.323887	A#5	64	80	0	3
614	114.212971	115.065083	C3	64	64	1	-3
615	114.424239	114.931281	A#5	64	84	0	3
616	114.635506	114.845013	C4	64	81	0	1
617	114.635506	114.931281	G#4	64	80	0	4
618	114.635506	114.985858	F4	64	85	0	1
619	115.058041	115.367900	G#5	64	81	0	1
620	115.058041	115.341492	C4	64	75	0	1
621	115.480576	115.825646	G#5	64	79	0	1
622	115.480576	115.999942	G#4	64	79	0	4
623	115.480576	116.043956	F4	64	83	0	1
624	115.480576	116.045717	C4	64	82	0	1
625	115.480576	116.556280	F2	64	86	1	-5
626	115.903111	116.167195	A#5	64	79	0	3
627	115.903111	116.542195	C3	64	80	1	-3
628	116.325646	116.667195	G#5	64	78	0	1
629	116.325646	116.529871	C4	64	85	0	1
630	116.325646	116.549238	F4	64	86	0	1
631	116.325646	116.600294	G#4	64	81	0	4
632	116.748181	117.202406	C6	64	82	0	5
633	116.748181	117.038674	F2	64	82	1	-5
634	117.170716	117.464730	A#5	64	82	0	3
635	117.170716	117.809800	C#4	64	84	0	2
636	117.170716	117.813321	F#4	64	81	0	2
637	117.170716	118.221772	D#3	64	87	1	-5
638	117.593251	117.996420	A#5	64	82	0	3
639	117.593251	118.084448	A#3	64	80	1	-3
640	118.015786	118.330927	A#5	64	82	0	3
641	118.015786	118.244659	C#4	64	91	0	2
642	118.015786	118.283392	F#4	64	96	0	2
643	118.227054	118.348532	A#3	64	85	1	-3
644	118.438321	119.042194	G#5	64	86	0	1
645	118.438321	118.538673	D#3	64	86	1	-5
646	118.860856	119.336208	D#4	64	82	0	4
647	118.860856	119.422476	G#4	64	82	0	4
648	118.860856	120.033391	G#2	64	84	1	-2
649	119.283391	119.797475	D#3	64	85	1	-5
650	119.494659	119.582687	D#4	64	82	0	4
651	119.705926	120.019306	G#5	64	89	0	1
652	119.705926	119.910151	D#4	64	89	0	4
653	119.705926	119.910151	G#4	64	85	0	4
654	119.917194	120.050996	D#3	64	87	1	-5
655	120.128461	120.304517	A#5	64	86	0	3
656	120.128461	120.269306	D#4	64	77	0	4
657	120.128461	120.385503	F#4	64	74	0	2
658	120.339729	120.545714	G#5	64	83	0	1
659	120.550996	120.915432	C6	64	85	0	5
660	120.550996	120.896066	C#2	64	80	1	-4
661	120.550996	121.433038	C#4	64	81	0	2
662	120.550996	121.477052	F4	64	81	0	1
663	120.973531	121.278108	F5	64	84	0	3
664	120.973531	123.369657	C#3	64	80	1	-2
665	121.396066	121.698883	F5	64	81	0	3
666	121.396066	122.431277	G#3	64	84	1	-5
667	121.607334	121.874939	C#4	64	80	0	2
668	121.818601	122.845009	F5	64	91	0	3
669	121.818601	121.966488	F4	64	87	0	1
670	122.241136	122.769305	G#4	64	79	0	4
671	122.241136	122.799234	C#4	64	84	0	2
672	122.663671	123.170713	G#3	64	68	1	-5
673	123.086206	123.425995	G#5	64	86	0	1
674	123.086206	123.286910	F4	64	86	0	1
675	123.086206	123.302755	C#4	64	82	0	2
676	123.297474	123.434797	G#3	64	77	1	-5
677	123.508741	123.670713	A#5	64	83	0	3
678	123.508741	123.661910	C#3	64	83	1	-2
679	123.720009	123.876699	G#5	64	82	0	1
680	123.931276	124.292191	C6	64	85	0	5
681	123.931276	124.334445	C4	64	80	0	1
682	123.931276	124.397825	D#4	64	80	0	4
683	123.931276	124.441839	G4	64	73	0	3
684	123.931276	124.961205	C3	64	82	1	-3
685	124.353811	124.582684	D#5	64	74	0	1
686	124.353811	124.962966	G3	64	64	1	-1
687	124.776346	125.065078	D#5	64	89	0	1
688	124.776346	125.006980	A#3	64	82	1	-3
689	124.776346	125.022825	D#4	64	83	0	4
690	124.776346	125.079163	G4	64	81	0	3
691	125.198881	125.621416	F5	64	84	0	3
692	125.198881	125.316839	C3	64	82	1	-3
693	125.621416	126.466486	D#5	64	75	0	1
694	125.621416	126.119655	G#4	64	79	0	4
695	125.621416	126.137261	F4	64	80	0	1
696	125.621416	126.167190	C4	64	76	0	1
697	125.621416	126.612613	F2	64	81	1	-5
698	126.043951	126.579162	C3	64	71	1	-3
699	126.466486	126.614373	F4	64	85	0	1
700	126.466486	126.651345	C4	64	82	0	1
701	126.889021	127.302753	C5	64	87	0	3
702	127.311556	127.735852	C#5	64	81	0	4
703	127.311556	127.846767	G#3	64	79	1	-5
704	127.311556	127.850288	C#4	64	77	0	2
705	127.311556	129.978808	A#2	64	81	1	-5
706	127.734091	128.200640	C5	64	82	0	3
707	127.734091	128.378457	F3	64	68	1	-3
708	128.156626	128.637260	C#5	64	85	0	4
709	128.156626	128.554513	G#3	64	78	1	-5
710	128.156626	128.760499	C#4	64	79	0	2
711	128.579161	129.029865	D#5	64	82	0	1
712	128.579161	129.139020	F3	64	71	1	-3
713	129.001696	129.992893	F5	64	80	0	3
714	129.001696	129.424231	F4	64	80	0	1
715	129.001696	129.445358	C#4	64	71	0	2
716	129.424231	129.925991	F3	64	69	1	-3
717	129.846766	130.047470	F4	64	82	0	1
718	129.846766	130.058034	A#3	64	81	1	-3
719	129.846766	130.061555	C#4	64	86	0	2
720	130.269301	130.693597	C5	64	80	0	3
721	130.269301	130.417188	A#2	64	80	1	-5
722	130.691836	131.119653	C#5	64	83	0	4
723	130.691836	130.792188	D#2	64	80	1	-2
724	130.691836	131.015780	A#3	64	71	1	-3
725	130.691836	131.107329	D#4	64	77	0	4
726	130.691836	131.269301	G4	64	71	0	3
727	131.114371	131.605568	C5	64	80	0	3
728	131.114371	133.399581	D#3	64	80	1	-5
729	131.536906	131.934793	C#5	64	87	0	4
730	131.536906	132.580920	A#3	64	87	1	-3
731	131.959441	132.348525	D#5	64	86	0	1
732	131.959441	132.318596	D#4	64	86	0	4
733	132.381976	133.114370	F5	64	80	0	3
734	132.381976	132.829159	G4	64	73	0	3
735	132.381976	132.957680	A#4	64	77	0	1
736	132.804511	133.360849	A#3	64	67	1	-3
737	133.227046	133.961201	G5	64	84	0	5
738	133.227046	133.496412	D#5	64	81	0	1
739	133.227046	133.628454	G4	64	81	0	3
740	133.227046	133.640778	A#4	64	77	0	1
741	133.649581	133.781623	D#4	64	76	0	4
742	134.072116	137.343241	G#5	64	80	0	1
743	134.072116	134.952397	C#4	64	80	0	2
744	134.072116	135.100285	F4	64	80	0	1
745	134.072116	135.572115	C#3	64	86	1	-2
746	134.917186	135.631974	G#3	64	82	1	-5
747	135.128454	135.427749	C#4	64	80	0	2
748	135.339721	135.663665	F4	64	77	0	1
749	135.762256	136.035143	D#4	64	79	0	4
750	135.762256	136.223523	G4	64	82	0	3
751	135.762256	137.093241	D#3	64	85	1	-5
752	135.973524	136.727044	A#3	64	67	1	-3
753	136.184791	136.466481	D#4	64	74	0	4
754	136.396059	137.012255	G4	64	89	0	3
755	137.029861	137.124931	A#3	64	77	1	-3
756	137.452396	137.670706	F4	64	77	0	1
757	137.452396	137.820354	G#4	64	75	0	4
758	137.452396	138.975283	F2	64	84	1	-5
759	137.663664	138.855564	C3	64	76	1	-3
760	137.874931	138.001692	F4	64	80	0	1
761	138.086199	138.670705	G#4	64	80	0	4
762	138.086199	138.683029	F4	64	81	0	1
763	139.142536	139.390775	F4	64	82	0	1
764	139.142536	139.459437	C5	64	80	0	3
765	139.142536	140.184789	F2	64	85	1	-5
766	139.353804	140.139014	C3	64	73	1	-3
767	139.565071	139.661902	F4	64	76	0	1
768	139.776339	140.204155	F4	64	82	0	1
769	139.776339	140.246409	G#4	64	81	0	4
770	140.832676	141.082676	C#4	64	77	0	2
771	140.832676	141.151338	G#4	64	76	0	4
772	140.832676	142.278098	C#3	64	81	1	-2
773	141.043944	141.600281	G#3	64	82	1	-5
774	141.255211	141.373169	C#4	64	94	0	2
775	141.466479	142.167182	C#4	64	91	0	2
776	141.466479	142.204154	F4	64	91	0	1
777	142.522816	142.728802	D#4	64	81	0	4
778	142.522816	142.862605	G4	64	77	0	3
779	142.522816	143.594999	D#3	64	86	1	-5
780	142.734084	143.223520	A#3	64	76	1	-3
781	142.945351	143.056266	D#4	64	82	0	4
782	143.156619	143.660139	G4	64	85	0	3
783	143.156619	143.668942	D#4	64	85	0	4
784	144.212956	144.330914	G#4	64	74	0	4
785	144.212956	144.352040	F4	64	80	0	1
786	144.212956	145.765772	F2	64	82	1	-5
787	144.424224	145.572110	C3	64	71	1	-3
788	144.635491	144.776336	F3	64	81	1	-3
789	144.846759	144.894294	F3	64	65	1	-3
790	144.846759	145.131970	G#3	64	85	1	-5
791	145.269294	145.385491	F3	64	81	1	-3
792	145.269294	145.387251	C4	64	78	0	1
793	145.903096	146.376687	F4	64	82	0	1
794	145.903096	146.543941	F3	64	80	1	-3
795	145.903096	147.558025	F2	64	85	1	-5
796	146.748166	147.536898	G#3	64	81	1	-5
797	146.748166	147.559785	C4	64	79	0	1
798	147.170701	147.536898	F3	64	79	1	-3
799	147.593236	148.019292	D#4	64	75	0	4
800	147.593236	148.042180	G#3	64	73	1	-5
801	147.593236	148.660137	G#2	64	79	1	-2
802	148.015771	148.341475	D#5	64	85	0	1
803	148.015771	148.649574	D#3	64	63	1	-5
804	148.438306	148.756968	D#5	64	96	0	1
805	148.438306	148.575630	G#3	64	81	1	-5
806	148.438306	148.827390	C4	64	81	0	1
807	148.860841	148.987602	D#5	64	87	0	1
808	148.860841	148.945348	G#3	64	76	1	-5
809	149.072109	149.602038	E5	64	86	0	2
810	149.283376	149.767531	E4	64	73	0	5
811	149.283376	149.809784	C4	64	76	0	1
812	149.283376	150.387249	C3	64	79	1	-3
813	149.705911	149.962953	C5	64	84	0	3
814	149.705911	150.251685	G3	64	71	1	-1
815	150.128446	150.505206	A#4	64	84	0	1
816	150.128446	150.364361	E4	64	74	0	5
817	150.128446	150.429502	G4	64	73	0	3
818	150.128446	150.447108	C4	64	76	0	1
819	150.550981	150.742882	C5	64	74	0	3
820	150.762249	151.184784	A#4	64	76	0	1
821	150.973516	151.374924	F4	64	77	0	1
822	150.973516	151.408375	C4	64	71	0	1
823	150.973516	151.457671	G#4	64	74	0	4
824	150.973516	152.348515	F2	64	80	1	-5
825	151.184784	152.346755	G#4	64	73	0	4
826	151.396051	152.290417	C3	64	56	1	-3
827	151.818586	152.028093	C4	64	81	0	1
828	151.818586	152.308022	F4	64	82	0	1
829	152.241121	152.445346	C4	64	80	0	1
830	152.663656	152.980557	C#5	64	80	0	4
831	152.663656	152.945346	D#3	64	84	1	-5
832	152.663656	153.103797	C#4	64	81	0	2
833	152.663656	153.389008	F#4	64	80	0	2
834	153.086191	153.359078	C5	64	82	0	3
835	153.508726	153.896050	A#4	64	84	0	1
836	153.508726	153.931261	D#4	64	80	0	4
837	153.508726	154.017529	G#2	64	81	1	-2
838	153.508726	154.049219	G#4	64	77	0	4
839	153.931261	154.283374	G#4	64	78	0	4
840	153.931261	154.066824	D#3	64	74	1	-5
841	154.353796	155.616119	F5	64	84	0	3
842	154.353796	154.887247	F4	64	80	0	1
843	154.353796	154.920697	C#4	64	74	0	2
844	154.353796	155.621401	C#3	64	83	1	-2
845	154.776331	155.610838	G#3	64	67	1	-5
846	155.198866	155.378443	C#4	64	82	0	2
847	155.198866	155.533373	F4	64	87	0	1
848	155.198866	155.660133	G#4	64	80	0	4
849	155.621401	155.790415	C#4	64	66	0	2
850	155.832669	155.994640	F5	64	80	0	3
851	156.043936	156.373161	D#5	64	84	0	1
852	156.043936	156.448865	G4	64	75	0	3
853	156.043936	156.478795	D#4	64	69	0	4
854	156.043936	156.931260	D#3	64	84	1	-5
855	156.466471	156.640767	F5	64	80	0	3
856	156.466471	156.931260	A#3	64	61	1	-3
857	156.677739	157.313302	D#5	64	80	0	1
858	156.889006	157.373161	D#4	64	82	0	4
859	157.311541	157.742879	A#4	64	73	0	1
860	157.311541	157.600273	G4	64	82	0	3
861	157.734076	160.269286	C5	64	77	0	3
862	157.734076	158.227034	C4	64	75	0	1
863	157.734076	158.492878	G#4	64	73	0	4
864	157.734076	158.681259	F2	64	80	1	-5
865	158.156611	158.653090	C3	64	60	1	-3
866	158.579146	158.665414	F4	64	85	0	1
867	158.579146	158.695343	C4	64	82	0	1
868	159.424216	159.737596	D#4	64	74	0	4
869	159.424216	159.843230	F#4	64	79	0	2
870	159.424216	159.998159	D#3	64	81	1	-5
871	159.424216	160.079145	G#2	64	80	1	-2
872	160.269286	160.744638	F3	64	83	1	-3
873	160.269286	160.959427	C4	64	80	0	1
874	160.269286	161.003441	F4	64	82	0	1
875	160.691821	160.811539	C5	64	81	0	3
876	160.903089	161.049215	C#5	64	82	0	4
877	161.114356	161.454145	D#5	64	86	0	1
878	161.114356	161.774567	C#4	64	70	0	2
879	161.114356	161.795694	A#3	64	72	1	-3
880	161.114356	163.830904	A#2	64	81	1	-5
881	161.536891	161.656609	G#4	64	76	0	4
882	161.536891	162.889003	F3	64	69	1	-3
883	161.748159	162.297454	G#4	64	78	0	4
884	161.959426	163.103792	A#3	64	73	1	-3
885	162.381961	162.549215	A#4	64	74	0	1
886	162.381961	163.181256	C#4	64	78	0	2
887	162.593229	163.744636	G#4	64	73	0	4
888	163.227031	163.742876	F3	64	62	1	-3
889	163.649566	163.918932	A#3	64	84	1	-3
890	163.649566	163.925974	C#4	64	84	0	2
891	164.072101	164.197101	C5	64	85	0	3
892	164.072101	164.225270	A#2	64	83	1	-5
893	164.283369	164.413650	C#5	64	80	0	4
894	164.494636	164.859072	D#5	64	85	0	1
895	164.494636	165.102030	D#4	64	80	0	4
896	164.494636	165.103791	C4	64	80	0	1
897	164.494636	165.160129	G4	64	73	0	3
898	164.494636	165.985832	C3	64	82	1	-3
899	164.917171	165.054495	C5	64	84	0	3
900	164.917171	165.466467	G3	64	69	1	-1
901	165.128439	165.408368	D#5	64	89	0	1
902	165.339706	165.843227	C4	64	76	0	1
903	165.550974	165.894283	G5	64	85	0	5
904	165.762241	166.028086	G3	64	66	1	-1
905	165.973509	166.783367	D#5	64	87	0	1
906	166.184776	166.450621	C4	64	73	0	1
907	166.184776	166.771043	F4	64	78	0	1
908	166.184776	167.124916	F3	64	85	1	-3
909	166.607311	166.853790	C4	64	76	0	1
910	167.029846	167.153085	F5	64	83	0	3
911	167.029846	167.219987	F4	64	81	0	1
912	167.029846	167.260480	C4	64	81	0	1
913	167.029846	167.274564	G#4	64	76	0	4
914	167.241114	167.364353	D#5	64	81	0	1
915	167.452381	167.609071	C#5	64	81	0	4
916	167.663649	167.797451	C5	64	80	0	3
917	167.874916	168.177733	C#5	64	78	0	4
918	167.874916	167.980550	C#2	64	80	1	-4
919	167.874916	168.160127	G#3	64	78	1	-5
920	167.874916	168.241113	C#4	64	76	0	2
921	168.297451	168.434775	D#5	64	76	0	1
922	168.297451	169.415408	C#3	64	79	1	-2
923	168.508719	169.293929	F5	64	80	0	3
924	168.719986	169.353789	G#3	64	87	1	-5
925	168.931254	169.205901	C#4	64	91	0	2
926	169.142521	169.385479	F4	64	84	0	1
927	169.565056	169.864352	F5	64	87	0	3
928	169.565056	169.649563	D2	64	80	1	-3
929	169.565056	169.950619	D4	64	70	0	3
930	169.565056	169.952380	F4	64	82	0	1
931	169.565056	170.045690	G#4	64	77	0	4
932	169.987591	170.119633	G5	64	82	0	5
933	169.987591	170.454140	D3	64	63	1	-1
934	170.198859	170.778084	G#5	64	82	0	1
935	170.198859	170.513999	G#3	64	74	1	-5
936	170.410126	170.677732	D4	64	82	0	3
937	170.621394	170.758717	F4	64	80	0	1
938	170.832661	171.219985	F5	64	81	0	3
939	171.255196	173.383716	D#5	64	84	0	1
940	171.255196	171.781604	G4	64	76	0	3
941	171.255196	171.799210	D#4	64	78	0	4
942	171.255196	172.232308	D#3	64	85	1	-5
943	171.677731	172.183012	A#3	64	80	1	-3
944	172.100266	172.357308	G4	64	80	0	3
945	172.100266	172.600266	A#4	64	81	0	1
946	172.522801	173.200618	D#4	64	82	0	4
947	172.945336	173.024561	D#2	64	81	1	-2
948	172.945336	173.193575	D#5	64	81	0	1
949	172.945336	173.223505	G4	64	84	0	3
950	172.945336	173.249913	A#4	64	83	0	1
951	173.156604	173.230547	D#3	64	71	1	-5
952	173.367871	174.094983	A#3	64	85	1	-3
953	173.367871	174.228786	D#3	64	66	1	-5
954	173.579139	173.834420	D#4	64	87	0	4
955	173.790406	174.029843	F4	64	91	0	1
956	174.001674	174.135476	G4	64	96	0	3
957	174.212941	174.441814	G#4	64	81	0	4
958	174.443575	174.503434	A#4	64	55	0	1
959	174.635476	174.975265	G#5	64	82	0	1
960	174.635476	175.089701	D#4	64	80	0	4
961	174.635476	175.158363	G#3	64	81	1	-5
962	174.635476	176.554489	G#2	64	81	1	-2
963	175.058011	175.385476	G5	64	87	0	5
964	175.058011	176.427729	D#3	64	72	1	-5
965	175.480546	175.779842	G#5	64	82	0	1
966	175.480546	175.642518	G#3	64	82	1	-5
967	175.480546	175.649560	C4	64	82	0	1
968	175.903081	176.596743	D#5	64	84	0	1
969	175.903081	176.059771	G#3	64	58	1	-5
970	176.325616	176.637236	D#4	64	81	0	4
971	176.325616	177.084418	G#3	64	82	1	-5
972	176.748151	177.061531	C5	64	86	0	3
973	176.748151	177.513996	G#2	64	65	1	-2
974	176.748151	177.536883	D#3	64	75	1	-5
975	177.170686	177.480545	C5	64	89	0	3
976	177.170686	177.596742	C4	64	84	0	1
977	177.170686	177.646038	D#4	64	83	0	4
978	177.170686	177.675967	G#4	64	70	0	4
979	177.593221	177.880193	A#5	64	82	0	3
980	177.593221	177.683010	G#3	64	87	1	-5
981	178.015756	178.313291	A#5	64	82	0	3
982	178.015756	178.471742	D#4	64	81	0	4
983	178.015756	178.491108	G4	64	80	0	3
984	178.015756	178.501671	C4	64	82	0	1
985	178.015756	180.728783	C3	64	82	1	-3
986	178.438291	178.727023	G#5	64	82	0	1
987	178.438291	178.987587	G3	64	68	1	-1
988	178.860826	179.179488	A#5	64	82	0	3
989	178.860826	179.100263	D#4	64	77	0	4
990	178.860826	179.102023	C4	64	76	0	1
991	179.283361	179.936530	D#5	64	91	0	1
992	179.283361	179.719981	G3	64	46	1	-1
993	179.705896	180.038642	C4	64	81	0	1
994	179.705896	180.079135	D#4	64	81	0	4
995	179.705896	180.089699	G4	64	82	0	3
996	180.128431	180.420684	C5	64	86	0	3
997	180.128431	180.672445	G3	64	80	1	-1
998	180.550966	180.834417	C5	64	87	0	3
999	180.550966	180.771036	C4	64	81	0	1
1000	180.550966	180.809769	D#4	64	81	0	4
1001	180.973501	181.211177	C6	64	82	0	5
1002	180.973501	181.094980	C3	64	81	1	-3
1003	180.973501	181.219980	C4	64	58	0	1
1004	181.396036	181.735825	C6	64	84	0	5
1005	181.396036	181.522797	F2	64	82	1	-5
1006	181.396036	181.769275	F4	64	81	0	1
1007	181.396036	181.813289	G#4	64	77	0	4
1008	181.818571	181.929486	A#5	64	80	0	3
1009	181.818571	184.170683	F3	64	81	1	-3
1010	182.029839	182.536881	A#5	64	84	0	3
1011	182.241106	182.575613	F4	64	80	0	1
1012	182.241106	182.587937	G#4	64	80	0	4
1013	182.241106	182.603782	C5	64	80	0	3
1014	182.663641	182.973500	G#5	64	81	0	1
1015	182.663641	183.211176	C4	64	69	0	1
1016	183.086176	183.431246	G#5	64	79	0	1
1017	183.086176	183.707655	F4	64	82	0	1
1018	183.086176	183.734063	G#4	64	81	0	4
1019	183.508711	183.772795	A#5	64	79	0	3
1020	183.508711	184.267514	C4	64	74	0	1
1021	183.931246	184.272795	G#5	64	78	0	1
1022	183.931246	184.325612	G#4	64	87	0	4
1023	183.931246	184.332654	F4	64	96	0	1
1024	184.353781	184.808006	C6	64	82	0	5
1025	184.353781	184.503429	F3	64	86	1	-3
1026	184.776316	185.070330	A#5	64	82	0	3
1027	184.776316	185.399555	C#4	64	85	0	2
1028	184.776316	185.422442	F#4	64	81	0	2
1029	184.776316	185.774555	D#3	64	87	1	-5
1030	185.198851	185.602020	A#5	64	82	0	3
1031	185.198851	185.788639	A#3	64	80	1	-3
1032	185.621386	185.936527	A#5	64	82	0	3
1033	185.621386	185.894273	C#4	64	91	0	2
1034	185.621386	185.977020	F#4	64	91	0	2
1035	186.043921	186.647794	G#5	64	86	0	1
1036	186.043921	186.165400	D#3	64	84	1	-5
1037	186.466456	187.066808	D#4	64	82	0	4
1038	186.466456	187.170681	F#4	64	83	0	2
1039	186.466456	187.600258	G#2	64	87	1	-2
1040	186.888991	187.411878	D#3	64	83	1	-5
1041	187.311526	187.624906	G#5	64	89	0	1
1042	187.311526	187.573850	D#4	64	94	0	4
1043	187.311526	187.721737	G#4	64	89	0	4
1044	187.522794	187.668920	D#3	64	85	1	-5
1045	187.734061	187.910117	A#5	64	86	0	3
1046	187.734061	187.985821	D#4	64	84	0	4
1047	187.945329	188.151314	G#5	64	83	0	1
1048	187.945329	188.461173	G#4	64	80	0	4
1049	188.156596	188.521032	C6	64	85	0	5
1050	188.156596	189.258708	C#3	64	87	1	-2
1051	188.579131	188.883708	F5	64	84	0	3
1052	188.579131	189.149553	G#3	64	82	1	-5
1053	189.001666	189.304483	F5	64	81	0	3
1054	189.001666	189.332652	C#4	64	81	0	2
1055	189.001666	189.343215	F4	64	83	0	1
1056	189.001666	189.390750	G#4	64	77	0	4
1057	189.424201	190.450609	F5	64	91	0	3
1058	189.424201	190.286877	G#3	64	76	1	-5
1059	189.846736	190.183003	C#5	64	80	0	4
1060	189.846736	190.322088	G#4	64	82	0	4
1061	189.846736	190.329130	F4	64	89	0	1
1062	190.269271	190.822088	C#3	64	79	1	-2
1063	190.691806	191.031595	G#5	64	86	0	1
1064	190.691806	190.818567	F4	64	85	0	1
1065	190.691806	190.829130	C#4	64	81	0	2
1066	190.691806	190.837933	G#4	64	80	0	4
1067	191.114341	191.276313	A#5	64	83	0	3
1068	191.325609	191.482299	G#5	64	82	0	1
1069	191.536876	191.897791	C6	64	85	0	5
1070	191.536876	192.459411	D#4	64	78	0	4
1071	191.536876	192.487580	G4	64	72	0	3
1072	191.536876	192.683002	C3	64	80	1	-3
1073	191.959411	192.188284	D#5	64	74	0	1
1074	191.959411	192.443566	G3	64	70	1	-1
1075	192.381946	192.670678	D#5	64	89	0	1
1076	192.381946	192.660115	C4	64	87	0	1
1077	192.593214	192.730537	G3	64	84	1	-1
1078	192.804481	193.227016	F5	64	84	0	3
1079	192.804481	193.146030	D#4	64	81	0	4
1080	193.015749	193.175960	C4	64	71	0	1
1081	193.227016	194.072086	D#5	64	75	0	1
1082	193.227016	193.790396	C4	64	72	0	1
1083	193.227016	193.830889	F4	64	75	0	1
1084	193.227016	194.198847	F2	64	83	1	-5
1085	193.649551	194.184762	C3	64	69	1	-3
1086	194.072086	194.265748	G#4	64	76	0	4
1087	194.072086	194.271030	C4	64	81	0	1
1088	194.072086	194.271030	F4	64	82	0	1
1089	194.494621	194.626663	F5	64	86	0	3
1090	194.705889	194.876663	G5	64	80	0	5
1091	194.917156	195.230536	G#5	64	82	0	1
1092	194.917156	195.572085	G#3	64	79	1	-5
1093	194.917156	195.573846	C#4	64	79	0	2
1094	194.917156	196.489338	A#2	64	81	1	-5
1095	195.339691	195.672437	G#5	64	81	0	1
1096	195.339691	195.871381	F3	64	72	1	-3
1097	195.762226	196.082648	G#5	64	81	0	1
1098	195.762226	196.117860	G#3	64	85	1	-5
1099	195.762226	196.454127	C#4	64	83	0	2
1100	196.184761	196.352014	G5	64	83	0	5
1101	196.184761	196.550958	F3	64	78	1	-3
1102	196.396029	197.531591	G#5	64	81	0	1
1103	196.607296	197.142507	F4	64	82	0	1
1104	196.607296	197.191803	C#4	64	82	0	2
1105	196.607296	197.616098	A#2	64	82	1	-5
1106	197.029831	197.580887	F3	64	73	1	-3
1107	197.452366	197.646028	C#4	64	86	0	2
1108	197.452366	197.677718	F4	64	89	0	1
1109	197.874901	198.028070	F5	64	84	0	3
1110	197.874901	198.001662	A#2	64	81	1	-5
1111	198.086169	198.223492	G5	64	76	0	5
1112	198.297436	198.609056	G#5	64	82	0	1
1113	198.297436	198.874901	D#2	64	84	1	-2
1114	198.297436	198.888985	D#4	64	79	0	4
1115	198.297436	198.984055	G4	64	75	0	3
1116	198.719971	199.057999	G#5	64	81	0	1
1117	198.719971	199.642506	D#3	64	81	1	-5
1118	198.931239	199.473492	A#3	64	75	1	-3
1119	199.142506	199.471731	G#5	64	82	0	1
1120	199.142506	199.381943	D#4	64	91	0	4
1121	199.353774	199.774548	A#4	64	84	0	1
1122	199.565041	199.885463	G5	64	86	0	5
1123	199.565041	199.723492	A#3	64	84	1	-3
1124	199.776309	199.945323	D#4	64	83	0	4
1125	199.987576	200.758702	G#5	64	82	0	1
1126	199.987576	200.408350	D#4	64	66	0	4
1127	199.987576	200.411872	D#5	64	80	0	1
1128	199.987576	200.468210	G4	64	81	0	3
1129	199.987576	200.538632	A#4	64	82	0	1
1130	199.987576	200.742857	D#3	64	86	1	-5
1131	200.410111	200.746378	A#3	64	80	1	-3
1132	200.621379	200.727012	D#4	64	80	0	4
1133	200.832646	201.552716	A#5	64	82	0	3
1134	200.832646	201.045674	D#3	64	87	1	-5
1135	200.832646	201.105533	A#3	64	84	1	-3
1136	200.832646	201.119618	D#5	64	86	0	1
1137	200.832646	201.146026	G4	64	89	0	3
1138	200.832646	201.174195	A#4	64	86	0	1
1139	200.832646	201.190040	D#4	64	86	0	4
1140	201.255181	201.339688	D#3	64	82	1	-5
1141	201.677716	202.017505	G#5	64	82	0	1
1142	201.677716	202.151307	G#3	64	79	1	-5
1143	201.677716	202.167152	C4	64	75	0	1
1144	201.677716	202.681237	G#2	64	82	1	-2
1145	202.100251	202.427716	G5	64	87	0	5
1146	202.100251	202.628420	D#3	64	74	1	-5
1147	202.522786	202.822082	G#5	64	82	0	1
1148	202.522786	202.693561	G#3	64	81	1	-5
1149	202.522786	202.697082	C4	64	81	0	1
1150	202.522786	202.697082	D#4	64	80	0	4
1151	202.945321	203.638983	D#5	64	84	0	1
1152	202.945321	203.524546	D#3	64	69	1	-5
1153	203.367856	203.866095	C4	64	82	0	1
1154	203.367856	204.047433	D#4	64	81	0	4
1155	203.790391	204.103771	C5	64	86	0	3
1156	203.790391	204.378419	G#2	64	78	1	-2
1157	204.001659	204.140743	G#3	64	78	1	-5
1158	204.212926	204.522785	C5	64	89	0	3
1159	204.212926	204.420672	C4	64	89	0	1
1160	204.212926	204.459405	D#4	64	85	0	4
1161	204.212926	204.464686	G#4	64	81	0	4
1162	204.424194	204.535109	D#3	64	86	1	-5
1163	204.635461	204.922433	A#5	64	82	0	3
1164	204.635461	204.762222	G#2	64	82	1	-2
1165	205.057996	205.355531	A#5	64	82	0	3
1166	205.057996	205.591446	C4	64	82	0	1
1167	205.057996	205.591446	D#4	64	80	0	4
1168	205.057996	206.455883	C3	64	80	1	-3
1169	205.480531	205.769263	G#5	64	82	0	1
1170	205.480531	206.026305	G3	64	75	1	-1
1171	205.903066	206.221728	A#5	64	82	0	3
1172	205.903066	206.300953	C4	64	81	0	1
1173	205.903066	206.307995	D#4	64	82	0	4
1174	205.903066	206.307995	G4	64	80	0	3
1175	206.325601	206.978770	D#5	64	91	0	1
1176	206.325601	206.881939	G3	64	63	1	-1
1177	206.748136	207.190037	C4	64	81	0	1
1178	206.748136	207.260460	D#4	64	81	0	4
1179	206.748136	207.448840	G4	64	80	0	3
1180	207.170671	207.462924	C5	64	86	0	3
1181	207.381939	207.506938	C4	64	80	0	1
1182	207.593206	207.876657	C5	64	87	0	3
1183	207.593206	207.873135	C4	64	84	0	1
1184	207.593206	207.904826	D#4	64	86	0	4
1185	207.593206	208.114333	G4	64	83	0	3
1186	207.804474	207.941797	G3	64	89	1	-1
1187	208.015741	208.253417	C6	64	82	0	5
1188	208.015741	208.290389	C4	64	87	0	1
1189	208.438276	208.778065	C6	64	84	0	5
1190	208.438276	208.873135	F4	64	80	0	1
1191	208.438276	208.924191	C4	64	81	0	1
1192	208.438276	209.873134	F2	64	84	1	-5
1193	208.860811	208.971726	A#5	64	80	0	3
1194	208.860811	209.712923	C3	64	64	1	-3
1195	209.072079	209.579121	A#5	64	84	0	3
1196	209.283346	209.492853	C4	64	81	0	1
1197	209.283346	209.579121	G#4	64	80	0	4
1198	209.283346	209.633698	F4	64	85	0	1
1199	209.705881	210.015740	G#5	64	81	0	1
1200	209.705881	209.989332	C4	64	75	0	1
1201	210.128416	210.473486	G#5	64	79	0	1
1202	210.128416	210.647782	G#4	64	79	0	4
1203	210.128416	210.691796	F4	64	83	0	1
1204	210.128416	210.693557	C4	64	82	0	1
1205	210.128416	211.204120	F2	64	86	1	-5
1206	210.550951	210.815035	A#5	64	79	0	3
1207	210.550951	211.190035	C3	64	80	1	-3
1208	210.973486	211.315035	G#5	64	78	0	1
1209	210.973486	211.177711	C4	64	85	0	1
1210	210.973486	211.197078	F4	64	86	0	1
1211	210.973486	211.248134	G#4	64	81	0	4
1212	211.396021	211.850246	C6	64	82	0	5
1213	211.396021	211.686514	F2	64	82	1	-5
1214	211.818556	212.112570	A#5	64	82	0	3
1215	211.818556	212.457640	C#4	64	84	0	2
1216	211.818556	212.461161	F#4	64	81	0	2
1217	211.818556	212.869612	D#3	64	87	1	-5
1218	212.241091	212.644260	A#5	64	82	0	3
1219	212.241091	212.732288	A#3	64	80	1	-3
1220	212.663626	212.978767	A#5	64	82	0	3
1221	212.663626	212.892499	C#4	64	91	0	2
1222	212.663626	212.931232	F#4	64	96	0	2
1223	212.874894	212.996372	A#3	64	85	1	-3
1224	213.086161	213.690034	G#5	64	86	0	1
1225	213.086161	213.186513	D#3	64	86	1	-5
1226	213.508696	213.984048	D#4	64	82	0	4
1227	213.508696	214.070315	G#4	64	82	0	4
1228	213.508696	214.681231	G#2	64	84	1	-2
1229	213.931231	214.445315	D#3	64	85	1	-5
1230	214.142499	214.230527	D#4	64	82	0	4
1231	214.353766	214.667146	G#5	64	89	0	1
1232	214.353766	214.557991	D#4	64	89	0	4
1233	214.353766	214.557991	G#4	64	85	0	4
1234	214.565034	214.698836	D#3	64	87	1	-5
1235	214.776301	214.952357	A#5	64	86	0	3
1236	214.776301	214.917146	D#4	64	77	0	4
1237	214.776301	215.033343	F#4	64	74	0	2
1238	214.987569	215.193554	G#5	64	83	0	1
1239	215.198836	215.563273	C6	64	85	0	5
1240	215.198836	215.543906	C#2	64	80	1	-4
1241	215.198836	216.080878	C#4	64	81	0	2
1242	215.198836	216.124892	F4	64	81	0	1
1243	215.621371	215.925948	F5	64	84	0	3
1244	215.621371	218.017497	C#3	64	80	1	-2
1245	216.043906	216.346723	F5	64	81	0	3
1246	216.043906	217.079117	G#3	64	84	1	-5
1247	216.255174	216.522779	C#4	64	80	0	2
1248	216.466441	217.492849	F5	64	91	0	3
1249	216.466441	216.614328	F4	64	87	0	1
1250	216.888976	217.417145	G#4	64	79	0	4
1251	216.888976	217.447074	C#4	64	84	0	2
1252	217.311511	217.818553	G#3	64	68	1	-5
1253	217.734046	218.073835	G#5	64	86	0	1
1254	217.734046	217.934750	F4	64	86	0	1
1255	217.734046	217.950595	C#4	64	82	0	2
1256	217.945314	218.082637	G#3	64	77	1	-5
1257	218.156581	218.318553	A#5	64	83	0	3
1258	218.156581	218.309750	C#3	64	83	1	-2
1259	218.367849	218.524539	G#5	64	82	0	1
1260	218.579116	218.940031	C6	64	85	0	5
1261	218.579116	218.982285	C4	64	80	0	1
1262	218.579116	219.045665	D#4	64	80	0	4
1263	218.579116	219.089679	G4	64	73	0	3
1264	218.579116	219.609045	C3	64	82	1	-3
1265	219.001651	219.230524	D#5	64	74	0	1
1266	219.001651	219.610806	G3	64	64	1	-1
1267	219.424186	219.712918	D#5	64	89	0	1
1268	219.424186	219.654820	A#3	64	82	1	-3
1269	219.424186	219.670665	D#4	64	83	0	4
1270	219.424186	219.727003	G4	64	81	0	3
1271	219.846721	220.269256	F5	64	84	0	3
1272	219.846721	219.964679	C3	64	82	1	-3
1273	220.269256	221.114326	D#5	64	75	0	1
1274	220.269256	220.767495	G#4	64	79	0	4
1275	220.269256	220.785101	F4	64	80	0	1
1276	220.269256	220.815030	C4	64	76	0	1
1277	220.269256	221.260453	F2	64	81	1	-5
1278	220.691791	221.227002	C3	64	71	1	-3
1279	221.114326	221.262213	F4	64	85	0	1
1280	221.114326	221.299185	C4	64	82	0	1
1281	221.536861	221.950593	C5	64	87	0	3
1282	221.959396	222.383692	C#5	64	81	0	4
1283	221.959396	222.494607	G#3	64	79	1	-5
1284	221.959396	222.498128	C#4	64	77	0	2
1285	221.959396	224.626648	A#2	64	81	1	-5
1286	222.381931	222.848480	C5	64	82	0	3
1287	222.381931	223.026297	F3	64	68	1	-3
1288	222.804466	223.285100	C#5	64	85	0	4
1289	222.804466	223.202353	G#3	64	78	1	-5
1290	222.804466	223.408339	C#4	64	79	0	2
1291	223.227001	223.677705	D#5	64	82	0	1
1292	223.227001	223.786860	F3	64	71	1	-3
1293	223.649536	224.640733	F5	64	80	0	3
1294	223.649536	224.072071	F4	64	80	0	1
1295	223.649536	224.093198	C#4	64	71	0	2
1296	224.072071	224.573831	F3	64	69	1	-3
1297	224.494606	224.695310	F4	64	82	0	1
1298	224.494606	224.705874	A#3	64	81	1	-3
1299	224.494606	224.709395	C#4	64	86	0	2
1300	224.917141	225.341437	C5	64	80	0	3
1301	224.917141	225.065028	A#2	64	80	1	-5
1302	225.339676	225.767493	C#5	64	83	0	4
1303	225.339676	225.440028	D#2	64	80	1	-2
1304	225.339676	225.663620	A#3	64	71	1	-3
1305	225.339676	225.755169	D#4	64	77	0	4
1306	225.339676	225.917141	G4	64	71	0	3
1307	225.762211	226.253408	C5	64	80	0	3
1308	225.762211	228.047421	D#3	64	80	1	-5
1309	226.184746	226.582633	C#5	64	87	0	4
1310	226.184746	227.228760	A#3	64	87	1	-3
1311	226.607281	226.996365	D#5	64	86	0	1
1312	226.607281	226.966436	D#4	64	86	0	4
1313	227.029816	227.762210	F5	64	80	0	3
1314	227.029816	227.476999	G4	64	73	0	3
1315	227.029816	227.605520	A#4	64	77	0	1
1316	227.452351	228.008689	A#3	64	67	1	-3
1317	227.874886	228.609041	G5	64	84	0	5
1318	227.874886	228.144252	D#5	64	81	0	1
1319	227.874886	228.276294	G4	64	81	0	3
1320	227.874886	228.288618	A#4	64	77	0	1
1321	228.297421	228.429463	D#4	64	76	0	4
1322	228.719956	231.991081	G#5	64	80	0	1
1323	228.719956	230.063265	E2	64	85	1	-1
1324	228.931224	230.073829	B2	64	66	1	-4
1325	229.142491	229.612561	E3	64	75	1	-4
1326	229.353759	229.881927	G#3	64	74	1	-5
1327	229.565026	229.837913	B3	64	75	1	-2
1328	229.776294	230.101998	E4	64	84	0	5
1329	229.987561	230.248124	E3	64	87	1	-4
1330	230.198829	230.300941	E4	64	70	0	5
1331	230.198829	230.374885	G#3	64	80	1	-5
1332	230.410096	231.566786	F#2	64	82	1	-4
1333	230.621364	231.494603	C#3	64	70	1	-2
1334	230.832631	231.248124	F#3	64	83	1	-2
1335	231.043899	231.307983	A#3	64	80	1	-3
1336	231.255166	231.658335	F#4	64	91	0	2
1337	231.466434	231.744602	F#3	64	85	1	-2
1338	231.677701	231.991081	A#3	64	76	1	-3
1339	231.888969	232.110799	F#4	64	76	0	2
1340	232.100236	233.638968	D#2	64	81	1	-2
1341	232.311504	233.535094	A#2	64	62	1	-5
1342	232.522771	232.707630	D#3	64	77	1	-5
1343	232.734039	232.836151	G3	64	77	1	-1
1344	232.945306	233.137207	A#3	64	74	1	-3
1345	233.156574	233.392489	C#4	64	84	0	2
1346	233.367841	233.448827	D#4	64	82	0	4
1347	233.790376	234.631925	D#2	64	80	1	-2
1348	233.790376	235.186502	G4	64	74	0	3
1349	233.790376	235.198826	D#4	64	74	0	4
1350	235.480516	235.820305	G#5	64	82	0	1
1351	235.480516	235.964671	D#5	64	79	0	1
1352	235.480516	237.107276	G#2	64	77	1	-2
1353	235.691784	237.093191	D#3	64	65	1	-5
1354	235.903051	236.230516	G5	64	87	0	5
1355	235.903051	236.529811	G#4	64	73	0	4
1356	236.114319	236.612558	D#5	64	81	0	1
1357	236.325586	236.624882	G#5	64	82	0	1
1358	236.536854	236.936501	G#5	64	80	0	1
1359	236.748121	237.441783	D#5	64	84	0	1
1360	236.748121	237.165374	G#4	64	70	0	4
1361	236.959389	237.235797	D#5	64	76	0	1
1362	237.170656	237.816782	G#5	64	81	0	1
1363	237.170656	238.515726	G#2	64	81	1	-2
1364	237.381924	238.487557	D#3	64	65	1	-5
1365	237.593191	237.906571	C5	64	86	0	3
1366	237.593191	238.376641	G#4	64	74	0	4
1367	237.804459	238.487557	D#5	64	81	0	1
1368	238.015726	238.325585	C5	64	89	0	3
1369	238.438261	238.725233	A#5	64	82	0	3
1370	238.438261	238.570303	G#5	64	80	0	1
1371	238.860796	239.158331	A#5	64	82	0	3
1372	238.860796	239.475232	G5	64	77	0	5
1373	238.860796	240.351992	C3	64	80	1	-3
1374	239.072064	239.839669	G3	64	76	1	-1
1375	239.283331	239.572063	G#5	64	82	0	1
1376	239.283331	239.573824	C5	64	81	0	3
1377	239.494599	239.844951	D#5	64	82	0	1
1378	239.705866	240.024528	A#5	64	82	0	3
1379	239.917134	240.080866	G5	64	82	0	5
1380	240.128401	240.781570	D#5	64	91	0	1
1381	240.128401	240.260443	C5	64	78	0	3
1382	240.550936	241.021006	D#5	64	76	0	1
1383	240.550936	241.098471	C5	64	74	0	3
1384	240.550936	241.758682	C3	64	80	1	-3
1385	240.973471	241.265724	C5	64	86	0	3
1386	240.973471	241.471710	G3	64	48	1	-1
1387	241.396006	241.679457	C5	64	87	0	3
1388	241.396006	241.612555	C5	64	82	0	3
1389	241.396006	241.723471	G5	64	83	0	5
1390	241.607274	241.765724	G3	64	77	1	-1
1391	241.818541	242.056217	C6	64	82	0	5
1392	241.818541	242.226992	C5	64	80	0	3
1393	242.241076	242.580865	C6	64	84	0	5
1394	242.241076	242.647766	G#5	64	77	0	1
1395	242.241076	243.790371	F2	64	82	1	-5
1396	242.452344	243.742836	C3	64	73	1	-3
1397	242.663611	242.774527	A#5	64	80	0	3
1398	242.663611	242.922414	C5	64	80	0	3
1399	242.874879	243.381921	A#5	64	84	0	3
1400	242.874879	243.267484	G#5	64	85	0	1
1401	243.297414	243.503399	F5	64	79	0	3
1402	243.508681	243.818540	G#5	64	81	0	1
1403	243.508681	243.711146	C5	64	81	0	3
1404	243.719949	244.380159	G#5	64	86	0	1
1405	243.931216	244.276286	G#5	64	79	0	1
1406	243.931216	245.556215	F2	64	82	1	-5
1407	244.142484	244.855511	C3	64	71	1	-3
1408	244.353751	244.617835	A#5	64	79	0	3
1409	244.353751	244.533328	F5	64	81	0	3
1410	244.565019	244.665371	C5	64	84	0	3
1411	244.776286	245.117835	G#5	64	78	0	1
1412	244.776286	245.042131	C5	64	89	0	3
1413	244.776286	245.387201	G#5	64	87	0	1
1414	244.987554	245.554455	C3	64	96	1	-3
1415	245.198821	245.653046	C6	64	82	0	5
1416	245.198821	245.589666	C5	64	101	0	3
1417	245.410089	245.584384	F5	64	91	0	3
1418	245.621356	245.915370	A#5	64	82	0	3
1419	245.621356	246.260440	C#4	64	84	0	2
1420	245.621356	246.263961	F#4	64	81	0	2
1421	245.621356	246.672412	D#3	64	87	1	-5
1422	246.043891	246.447060	A#5	64	82	0	3
1423	246.043891	246.535088	A#3	64	80	1	-3
1424	246.466426	246.781567	A#5	64	82	0	3
1425	246.466426	246.695299	C#4	64	91	0	2
1426	246.466426	246.734032	F#4	64	96	0	2
1427	246.677694	246.799172	A#3	64	85	1	-3
1428	246.888961	247.492834	G#5	64	86	0	1
1429	246.888961	246.989313	D#3	64	86	1	-5
1430	247.311496	247.786848	D#4	64	82	0	4
1431	247.311496	247.873115	G#4	64	82	0	4
1432	247.311496	248.484031	G#2	64	84	1	-2
1433	247.734031	248.248115	D#3	64	85	1	-5
1434	247.945299	248.033327	D#4	64	82	0	4
1435	248.156566	248.469946	G#5	64	89	0	1
1436	248.156566	248.360791	D#4	64	89	0	4
1437	248.156566	248.360791	G#4	64	85	0	4
1438	248.367834	248.501636	D#3	64	87	1	-5
1439	248.579101	248.755157	A#5	64	86	0	3
1440	248.579101	248.719946	D#4	64	77	0	4
1441	248.579101	248.836143	F#4	64	74	0	2
1442	248.790369	248.996354	G#5	64	83	0	1
1443	249.001636	249.366073	C6	64	85	0	5
1444	249.001636	249.346706	C#2	64	80	1	-4
1445	249.001636	249.883678	C#4	64	81	0	2
1446	249.001636	249.927692	F4	64	81	0	1
1447	249.424171	249.728748	F5	64	84	0	3
1448	249.424171	251.820297	C#3	64	80	1	-2
1449	249.846706	250.149523	F5	64	81	0	3
1450	249.846706	250.881917	G#3	64	84	1	-5
1451	250.057974	250.325579	C#4	64	80	0	2
1452	250.269241	251.295649	F5	64	91	0	3
1453	250.269241	250.417128	F4	64	87	0	1
1454	250.691776	251.219945	G#4	64	79	0	4
1455	250.691776	251.249874	C#4	64	84	0	2
1456	251.114311	251.621353	G#3	64	68	1	-5
1457	251.536846	251.876635	G#5	64	86	0	1
1458	251.536846	251.737550	F4	64	86	0	1
1459	251.536846	251.753395	C#4	64	82	0	2
1460	251.748114	251.885437	G#3	64	77	1	-5
1461	251.959381	252.121353	A#5	64	83	0	3
1462	251.959381	252.112550	C#3	64	83	1	-2
1463	252.170649	252.327339	G#5	64	82	0	1
1464	252.381916	252.742831	C6	64	85	0	5
1465	252.381916	252.785085	C4	64	80	0	1
1466	252.381916	252.848465	D#4	64	80	0	4
1467	252.381916	252.892479	G4	64	73	0	3
1468	252.381916	253.411845	C3	64	82	1	-3
1469	252.804451	253.033324	D#5	64	74	0	1
1470	252.804451	253.413606	G3	64	64	1	-1
1471	253.226986	253.515718	D#5	64	89	0	1
1472	253.226986	253.457620	A#3	64	82	1	-3
1473	253.226986	253.473465	D#4	64	83	0	4
1474	253.226986	253.529803	G4	64	81	0	3
1475	253.649521	254.072056	F5	64	84	0	3
1476	253.649521	253.767479	C3	64	82	1	-3
1477	254.072056	254.917126	D#5	64	75	0	1
1478	254.072056	254.570295	G#4	64	79	0	4
1479	254.072056	254.587901	F4	64	80	0	1
1480	254.072056	254.617830	C4	64	76	0	1
1481	254.072056	255.063253	F2	64	81	1	-5
1482	254.494591	255.029802	C3	64	71	1	-3
1483	254.917126	255.065013	F4	64	85	0	1
1484	254.917126	255.101985	C4	64	82	0	1
1485	255.339661	255.753393	C5	64	87	0	3
1486	255.762196	256.186492	C#5	64	81	0	4
1487	255.762196	256.297407	G#3	64	79	1	-5
1488	255.762196	256.300928	C#4	64	77	0	2
1489	255.762196	258.429448	A#2	64	81	1	-5
1490	256.184731	256.651280	C5	64	82	0	3
1491	256.184731	256.829097	F3	64	68	1	-3
1492	256.607266	257.087900	C#5	64	85	0	4
1493	256.607266	257.005153	G#3	64	78	1	-5
1494	256.607266	257.211139	C#4	64	79	0	2
1495	257.029801	257.480505	D#5	64	82	0	1
1496	257.029801	257.589660	F3	64	71	1	-3
1497	257.452336	258.443533	F5	64	80	0	3
1498	257.452336	257.874871	F4	64	80	0	1
1499	257.452336	257.895998	C#4	64	71	0	2
1500	257.874871	258.376631	F3	64	69	1	-3
1501	258.297406	258.498110	F4	64	82	0	1
1502	258.297406	258.508674	A#3	64	81	1	-3
1503	258.297406	258.512195	C#4	64	86	0	2
1504	258.719941	259.144237	C5	64	80	0	3
1505	258.719941	258.867828	A#2	64	80	1	-5
1506	259.142476	259.570293	C#5	64	83	0	4
1507	259.142476	259.242828	D#2	64	80	1	-2
1508	259.142476	259.466420	A#3	64	71	1	-3
1509	259.142476	259.557969	D#4	64	77	0	4
1510	259.142476	259.719941	G4	64	71	0	3
1511	259.565011	260.056208	C5	64	80	0	3
1512	259.565011	261.850221	D#3	64	80	1	-5
1513	259.987546	260.385433	C#5	64	87	0	4
1514	259.987546	261.031560	A#3	64	87	1	-3
1515	260.410081	260.799165	D#5	64	86	0	1
1516	260.410081	260.769236	D#4	64	86	0	4
1517	260.832616	261.565010	F5	64	80	0	3
1518	260.832616	261.279799	G4	64	73	0	3
1519	260.832616	261.408320	A#4	64	77	0	1
1520	261.255151	261.811489	A#3	64	67	1	-3
1521	261.677686	262.411841	G5	64	84	0	5
1522	261.677686	261.947052	D#5	64	81	0	1
1523	261.677686	262.079094	G4	64	81	0	3
1524	261.677686	262.091418	A#4	64	77	0	1
1525	262.100221	262.232263	D#4	64	76	0	4
1526	262.522756	265.793881	G#5	64	80	0	1
1527	262.522756	262.795643	C#4	64	74	0	2
1528	262.522756	262.918883	G#4	64	71	0	4
1529	262.522756	263.880150	C#3	64	83	1	-2
1530	262.734024	263.938248	G#3	64	68	1	-5
1531	262.945291	263.568530	C#4	64	80	0	2
1532	263.156559	263.293882	F4	64	85	0	1
1533	263.579094	264.350220	C#5	64	87	0	4
1534	263.790361	263.969938	C#4	64	81	0	2
1535	264.212896	265.401276	D#3	64	83	1	-5
1536	264.424164	265.359022	A#3	64	71	1	-3
1537	264.635431	264.904797	D#4	64	79	0	4
1538	264.846699	265.230501	F4	64	91	0	1
1539	265.269234	265.427684	G4	64	82	0	3
1540	265.903036	266.138951	F4	64	74	0	1
1541	265.903036	266.262191	G#4	64	76	0	4
1542	265.903036	267.468176	F2	64	82	1	-5
1543	266.114304	267.343176	C3	64	66	1	-3
1544	266.325571	266.420641	F4	64	72	0	1
1545	266.536839	266.684726	F4	64	85	0	1
1546	266.536839	266.793881	C5	64	82	0	3
1547	266.959374	267.052683	G#4	64	76	0	4
1548	266.959374	267.061486	F4	64	80	0	1
1549	267.593176	268.124866	F2	64	81	1	-5
1550	267.593176	268.804443	F4	64	68	0	1
1551	267.593176	269.218175	G#4	64	66	0	4
1552	269.260429	269.350217	C#2	64	80	1	-4
1553	269.505147	270.522752	C#3	64	74	1	-2
1554	269.705851	270.501625	G#3	64	75	1	-5
1555	269.910076	270.179442	C#4	64	76	0	2
1556	270.126625	270.406555	D#4	64	77	0	4
1557	270.330851	270.565006	F4	64	81	0	1
1558	270.543879	270.763949	G#4	64	80	0	4
1559	271.040357	272.135427	D#3	64	75	1	-5
1560	271.047400	271.734019	G#4	64	71	0	4
1561	271.056202	271.686484	D#4	64	69	0	4
1562	271.540357	272.126624	A#3	64	67	1	-3
1563	272.077329	272.955849	G4	64	68	0	3
1564	274.565004	279.093170	D#3	64	73	1	-5
1565	274.565004	279.292114	G#2	64	78	1	-2
1566	274.776271	274.910074	G#3	64	64	1	-5
1567	274.987539	275.137186	A#3	64	75	1	-3
1568	275.198806	275.339651	C4	64	74	0	1
1569	275.198806	275.464651	D#4	64	69	0	4
1570	275.410074	275.862538	G#4	64	68	0	4
1571	275.621341	275.864299	C4	64	69	0	1
1572	275.832609	276.130144	D#4	64	70	0	4
1573	276.043876	276.200566	C4	64	69	0	1
1574	276.255144	276.403031	A#4	64	70	0	1
1575	276.677679	276.818524	C5	64	73	0	3
1576	276.888946	277.026270	D#5	64	68	0	1
1577	276.888946	277.045636	G#4	64	47	0	4
1578	277.311481	277.378382	G#4	64	48	0	4
1579	277.311481	277.469932	G#5	64	57	0	1
1580	277.945284	278.091410	D#6	64	58	0	3
1581	277.945284	278.103734	G#5	64	55	0	1
1582	278.579086	278.702325	G#6	64	78	0	3
