//Version: PianoFingering_v170101
0	1.614677	1.823392	B3	64	75	1	-2
1	1.614677	1.829126	F#3	64	76	1	-2
2	1.614677	2.055043	B1	64	84	1	-1
3	1.889906	2.166282	D#4	64	82	0	4
4	1.889906	2.167428	B3	64	81	1	-2
5	2.165135	2.373850	F#2	64	81	1	-4
6	2.440364	2.608942	B3	64	80	1	-2
7	2.440364	2.611235	D#4	64	82	0	4
8	2.440364	2.690363	G#2	64	82	1	-2
9	2.715593	2.928895	F#3	64	74	1	-2
10	2.715593	2.940363	B3	64	76	1	-2
11	2.715593	3.095179	B2	64	87	1	-4
12	2.990822	3.397931	D#4	64	81	0	4
13	2.990822	3.402519	B3	64	80	1	-2
14	3.266051	3.506876	F#2	64	82	1	-4
15	3.541280	3.733940	B3	64	80	1	-2
16	3.541280	3.737380	D#4	64	82	0	4
17	3.541280	3.816509	B2	64	83	1	-4
18	3.816509	4.024077	G#3	64	72	1	-5
19	3.816509	4.030958	B3	64	75	1	-2
20	3.816509	4.217884	G#2	64	81	1	-2
21	4.091738	4.331416	D#4	64	81	0	4
22	4.091738	4.334857	B3	64	79	1	-2
23	4.366967	4.550453	D#2	64	80	1	-2
24	4.642196	4.800452	D#4	64	81	0	4
25	4.642196	4.879581	F#2	64	81	1	-4
26	4.779810	4.813067	B3	64	75	1	-2
27	4.917425	5.145636	G#3	64	69	1	-5
28	4.917425	5.270635	G#2	64	81	1	-2
29	5.192654	5.583708	G#3	64	76	1	-5
30	5.192654	5.604351	D#4	64	81	0	4
31	5.192654	5.620406	B3	64	77	1	-2
32	5.467883	5.697240	D#2	64	84	1	-2
33	5.743112	5.899075	G#3	64	74	1	-5
34	5.743112	5.908249	B3	64	75	1	-2
35	5.743112	5.918570	D#4	64	80	0	4
36	5.743112	6.003433	F#2	64	81	1	-4
37	6.018341	6.227056	F#3	64	77	1	-2
38	6.018341	6.228203	B3	64	74	1	-2
39	6.018341	6.458707	B1	64	84	1	-1
40	6.293570	6.560771	F#3	64	67	1	-2
41	6.293570	6.584854	D#4	64	80	0	4
42	6.293570	6.610083	B3	64	81	1	-2
43	6.568799	6.777514	F#2	64	81	1	-4
44	6.844028	6.954119	D#4	64	80	0	4
45	6.844028	6.985083	B3	64	80	1	-2
46	6.844028	6.997697	F#3	64	77	1	-2
47	6.844028	7.094027	G#2	64	82	1	-2
48	7.119257	7.286688	F#3	64	73	1	-2
49	7.119257	7.297009	B3	64	75	1	-2
50	7.119257	7.498843	B2	64	87	1	-4
51	7.394486	7.767192	B3	64	80	1	-2
52	7.394486	7.771779	D#4	64	81	0	4
53	7.669715	7.910540	F#2	64	82	1	-4
54	7.944944	8.081412	D#4	64	81	0	4
55	7.944944	8.084852	B3	64	78	1	-2
56	7.944944	8.220173	B2	64	83	1	-4
57	8.220173	8.419714	B3	64	72	1	-2
58	8.220173	8.430035	G#3	64	70	1	-5
59	8.220173	8.621548	G#2	64	81	1	-2
60	8.495402	8.771778	D#4	64	81	0	4
61	8.495402	8.802741	B3	64	79	1	-2
62	8.770631	8.954117	D#2	64	80	1	-2
63	9.045860	9.182328	D#4	64	81	0	4
64	9.045860	9.186915	B3	64	77	1	-2
65	9.045860	9.283245	F#2	64	81	1	-4
66	9.321089	9.527511	B3	64	73	1	-2
67	9.321089	9.535538	G#3	64	69	1	-5
68	9.321089	9.674299	G#2	64	81	1	-2
69	9.596318	9.897923	G#3	64	75	1	-5
70	9.596318	9.941501	D#4	64	79	0	4
71	9.596318	9.958703	B3	64	77	1	-2
72	9.871547	10.100904	D#2	64	84	1	-2
73	10.146776	10.301592	G#3	64	80	1	-5
74	10.146776	10.314207	B3	64	81	1	-2
75	10.146776	10.319941	D#4	64	82	0	4
76	10.146776	10.407097	F#2	64	81	1	-4
77	10.422005	10.630720	B3	64	75	1	-2
78	10.422005	10.636454	F#3	64	76	1	-2
79	10.422005	10.862371	B1	64	84	1	-1
80	10.697234	10.973610	D#4	64	82	0	4
81	10.697234	10.974756	B3	64	81	1	-2
82	10.972463	11.181178	F#2	64	81	1	-4
83	11.247692	11.416270	B3	64	80	1	-2
84	11.247692	11.418563	D#4	64	82	0	4
85	11.247692	11.497691	G#2	64	82	1	-2
86	11.522921	11.736223	F#3	64	74	1	-2
87	11.522921	11.747691	B3	64	76	1	-2
88	11.522921	11.902507	B2	64	87	1	-4
89	11.798150	12.205259	D#4	64	81	0	4
90	11.798150	12.209847	B3	64	80	1	-2
91	12.073379	12.314204	F#2	64	82	1	-4
92	12.348608	12.541268	B3	64	80	1	-2
93	12.348608	12.544708	D#4	64	82	0	4
94	12.348608	12.623837	B2	64	83	1	-4
95	12.623837	12.831405	G#3	64	72	1	-5
96	12.623837	12.838286	B3	64	75	1	-2
97	12.623837	13.025212	G#2	64	81	1	-2
98	12.899066	13.138744	D#4	64	81	0	4
99	12.899066	13.142185	B3	64	79	1	-2
100	13.174295	13.357781	D#2	64	80	1	-2
101	13.449524	13.607780	D#4	64	81	0	4
102	13.449524	13.686909	F#2	64	81	1	-4
103	13.587138	13.620395	B3	64	75	1	-2
104	13.724753	13.952964	G#3	64	69	1	-5
105	13.724753	14.077963	G#2	64	81	1	-2
106	13.999982	14.391036	G#3	64	76	1	-5
107	13.999982	14.411679	D#4	64	81	0	4
108	13.999982	14.427734	B3	64	77	1	-2
109	14.275211	14.504568	D#2	64	84	1	-2
110	14.550440	14.706403	G#3	64	74	1	-5
111	14.550440	14.715577	B3	64	75	1	-2
112	14.550440	14.725898	D#4	64	80	0	4
113	14.550440	14.810761	F#2	64	81	1	-4
114	14.825669	15.034384	F#3	64	77	1	-2
115	14.825669	15.035531	B3	64	74	1	-2
116	14.825669	15.266035	B1	64	84	1	-1
117	15.100898	15.368099	F#3	64	67	1	-2
118	15.100898	15.392182	D#4	64	80	0	4
119	15.100898	15.417411	B3	64	81	1	-2
120	15.376127	15.584842	F#2	64	81	1	-4
121	15.651356	15.761447	D#4	64	80	0	4
122	15.651356	15.792411	B3	64	80	1	-2
123	15.651356	15.805025	F#3	64	77	1	-2
124	15.651356	15.901355	G#2	64	82	1	-2
125	15.926585	16.094016	F#3	64	73	1	-2
126	15.926585	16.104337	B3	64	75	1	-2
127	15.926585	16.306171	B2	64	87	1	-4
128	16.201814	16.574520	B3	64	80	1	-2
129	16.201814	16.579107	D#4	64	81	0	4
130	16.477043	16.717868	F#2	64	82	1	-4
131	16.752272	16.888740	D#4	64	81	0	4
132	16.752272	16.892180	B3	64	78	1	-2
133	16.752272	17.027501	B2	64	83	1	-4
134	17.027501	17.258005	C#4	64	75	0	2
135	17.027501	17.293556	F#4	64	78	0	2
136	17.027501	17.525207	F#2	64	84	1	-4
137	17.302730	17.446078	F#4	64	71	0	2
138	17.302730	17.463280	C#4	64	80	0	2
139	17.577959	17.782087	C#2	64	96	1	-4
140	17.853188	17.999977	A#3	64	72	1	-3
141	17.853188	18.017178	C#4	64	77	0	2
142	17.853188	18.020619	F#4	64	75	0	2
143	17.853188	18.041261	D#2	64	86	1	-2
144	18.128417	18.331398	A#3	64	70	1	-3
145	18.128417	18.341719	C#4	64	73	0	2
146	18.128417	18.649058	F#2	64	82	1	-4
147	18.403646	18.763737	C#4	64	80	0	2
148	18.403646	18.766031	A#3	64	76	1	-3
149	18.403646	18.766031	F#4	64	73	0	2
150	18.678875	18.913966	D#2	64	91	1	-2
151	18.954104	19.127269	A#3	64	77	1	-3
152	18.954104	19.127269	C#4	64	81	0	2
153	18.954104	19.127269	F#4	64	77	0	2
154	18.954104	19.183461	F#2	64	84	1	-4
155	19.229333	19.653644	B1	64	79	1	-1
156	19.504562	19.869240	F#4	64	83	0	2
157	19.504562	19.879561	D#4	64	91	0	4
158	19.504562	19.891029	B3	64	82	1	-2
159	19.779791	19.946075	F#2	64	80	1	-4
160	20.055020	20.184607	D#4	64	85	0	4
161	20.055020	20.190341	F#4	64	80	0	2
162	20.055020	20.197221	B3	64	81	1	-2
163	20.055020	20.251120	G#2	64	80	1	-2
164	20.330249	20.495386	E4	64	84	0	5
165	20.330249	20.502267	G#4	64	74	0	4
166	20.330249	20.508001	C#4	64	80	0	2
167	20.330249	20.850890	C#2	64	84	1	-4
168	20.605478	20.998826	C#4	64	81	0	2
169	20.605478	20.998826	E4	64	81	0	5
170	20.605478	21.010294	G#4	64	81	0	4
171	20.880707	21.044697	G#2	64	82	1	-2
172	21.155936	21.249972	E4	64	82	0	5
173	21.155936	21.287816	C#4	64	82	0	2
174	21.155936	21.300431	G#4	64	81	0	4
175	21.155936	21.337128	B2	64	82	1	-4
176	21.431165	21.579100	C#4	64	81	0	2
177	21.431165	21.582541	F#3	64	82	1	-2
178	21.431165	21.582541	A#3	64	81	1	-3
179	21.431165	21.824513	F#2	64	82	1	-4
180	21.706394	22.114650	F#3	64	78	1	-2
181	21.706394	22.121531	C#4	64	78	0	2
182	21.706394	22.123824	A#3	64	77	1	-3
183	21.981623	22.169696	C#2	64	84	1	-4
184	22.256852	22.372677	A#3	64	76	1	-3
185	22.256852	22.372677	C#4	64	74	0	2
186	22.256852	22.377264	F#2	64	84	1	-4
187	22.256852	22.380705	F#3	64	74	1	-2
188	22.532081	22.701805	D#4	64	80	0	4
189	22.532081	22.708686	B3	64	73	1	-2
190	22.532081	22.963273	B1	64	76	1	-1
191	22.807310	23.266025	D#4	64	84	0	4
192	22.807310	23.267172	B3	64	80	1	-2
193	23.082539	23.248823	F#2	64	81	1	-4
194	23.357768	23.549281	G#2	64	80	1	-2
195	23.357768	23.558456	F#3	64	81	1	-2
196	23.632997	23.732767	F#5	64	89	0	4
197	23.632997	24.061895	B2	64	84	1	-4
198	23.908226	24.018317	F#5	64	84	0	4
199	23.908226	24.222446	D#4	64	81	0	4
200	23.908226	24.235060	B3	64	81	1	-2
201	23.908226	24.241941	F#3	64	79	1	-2
202	24.183455	24.291253	F#5	64	86	0	4
203	24.183455	24.458684	F#2	64	74	1	-4
204	24.458684	24.560748	F#5	64	86	0	4
205	24.458684	24.594005	B3	64	80	1	-2
206	24.458684	24.595152	F#3	64	78	1	-2
207	24.458684	24.596298	D#4	64	81	0	4
208	24.458684	24.733913	G#2	64	74	1	-2
209	24.733913	24.848592	F#5	64	91	0	4
210	24.733913	25.139876	B2	64	69	1	-4
211	25.009142	25.131848	G#5	64	82	0	1
212	25.009142	25.136435	B3	64	80	1	-2
213	25.009142	25.138729	F#3	64	78	1	-2
214	25.009142	25.155931	D#4	64	82	0	4
215	25.146756	25.245380	F#5	64	84	0	4
216	25.284371	25.425426	D#5	64	87	0	1
217	25.284371	25.559600	F#2	64	73	1	-4
218	25.559600	25.678866	C#5	64	87	0	4
219	25.559600	25.728178	B3	64	80	1	-2
220	25.559600	25.736205	F#3	64	80	1	-2
221	25.559600	25.829095	D#4	64	83	0	4
222	25.559600	25.834829	B2	64	81	1	-4
223	25.834829	25.985058	B4	64	89	0	2
224	25.834829	26.279782	E2	64	73	1	-1
225	26.110058	26.217856	C#5	64	82	0	4
226	26.110058	26.530929	E3	64	76	1	-4
227	26.110058	26.538956	G#3	64	72	1	-5
228	26.110058	26.560745	B3	64	78	1	-2
229	26.247672	26.340562	B4	64	77	0	2
230	26.385287	26.591709	G#4	64	84	0	4
231	26.385287	26.660516	G#2	64	78	1	-2
232	26.660516	26.900194	B4	64	84	0	2
233	26.660516	26.807305	E3	64	81	1	-4
234	26.660516	26.813039	G#3	64	80	1	-5
235	26.660516	26.849736	B3	64	82	1	-2
236	26.660516	26.935745	B2	64	81	1	-4
237	26.935745	27.676570	F#4	64	85	0	2
238	26.935745	27.330240	F#2	64	77	1	-4
239	27.210974	27.596294	A#3	64	74	1	-3
240	27.210974	27.598588	F#3	64	79	1	-2
241	27.210974	27.610056	C#4	64	80	0	2
242	27.486203	27.761432	C#3	64	76	1	-2
243	27.761432	27.921982	A#3	64	81	1	-3
244	27.761432	27.938037	F#3	64	80	1	-2
245	27.761432	27.958679	C#4	64	82	0	2
246	27.761432	28.036661	F#2	64	81	1	-4
247	28.036661	28.431156	B4	64	87	0	2
248	28.036661	28.404780	B2	64	60	1	-4
249	28.311890	28.494229	F#3	64	80	1	-2
250	28.311890	28.495376	B3	64	81	1	-2
251	28.311890	28.520605	D#4	64	82	0	4
252	28.587119	28.801568	G#4	64	82	0	4
253	28.587119	28.923128	F#2	64	80	1	-4
254	28.862348	29.085971	F#4	64	81	0	2
255	28.862348	28.997669	F#3	64	78	1	-2
256	28.862348	28.999962	B3	64	80	1	-2
257	28.862348	29.004549	D#4	64	81	0	4
258	29.137577	29.483907	B4	64	82	0	2
259	29.137577	29.622668	B2	64	74	1	-4
260	29.412806	29.735053	D#4	64	82	0	4
261	29.412806	29.743081	F#3	64	80	1	-2
262	29.412806	29.759136	B3	64	81	1	-2
263	29.688035	29.926567	G#4	64	84	0	4
264	29.688035	30.040099	F#2	64	80	1	-4
265	29.963264	30.145603	F#4	64	82	0	2
266	29.963264	30.105465	F#3	64	79	1	-2
267	29.963264	30.127254	B3	64	80	1	-2
268	29.963264	30.136429	D#4	64	81	0	4
269	30.238493	30.388722	B4	64	91	0	2
270	30.238493	30.629547	G#2	64	76	1	-2
271	30.513722	30.654777	C#5	64	87	0	4
272	30.513722	30.950648	G#3	64	79	1	-5
273	30.513722	30.956382	B3	64	81	1	-2
274	30.513722	30.957529	D#4	64	82	0	4
275	30.788951	30.919685	D#5	64	85	0	1
276	30.788951	31.240785	D#3	64	79	1	-5
277	30.926565	31.072207	C#5	64	84	0	4
278	31.064180	31.214409	B4	64	91	0	2
279	31.064180	31.225877	G#3	64	80	1	-5
280	31.064180	31.228170	B3	64	81	1	-2
281	31.064180	31.254547	D#4	64	83	0	4
282	31.339409	32.161655	C#5	64	94	0	4
283	31.614638	31.987344	A#3	64	80	1	-3
284	31.614638	31.995371	F#3	64	80	1	-2
285	31.614638	31.999958	C#4	64	80	0	2
286	31.889867	31.900188	F#2	64	79	1	-4
287	32.165096	32.310738	A#3	64	83	1	-3
288	32.165096	32.325646	F#3	64	80	1	-2
289	32.165096	32.341701	C#4	64	81	0	2
290	32.165096	32.440325	G#2	64	81	1	-2
291	32.440325	32.571059	F#5	64	83	0	4
292	32.440325	32.919682	B2	64	81	1	-4
293	32.715554	32.876104	F#5	64	82	0	4
294	32.715554	33.113489	F#3	64	81	1	-2
295	32.715554	33.113489	D#4	64	83	0	4
296	32.715554	33.121517	B3	64	82	1	-2
297	32.990783	33.136425	F#5	64	85	0	4
298	32.990783	33.266012	B2	64	81	1	-4
299	33.266012	33.389865	F#5	64	84	0	4
300	33.266012	33.418535	F#3	64	79	1	-2
301	33.266012	33.446057	B3	64	81	1	-2
302	33.266012	33.454085	D#4	64	82	0	4
303	33.266012	33.541241	F#2	64	81	1	-4
304	33.541241	33.660507	F#5	64	89	0	4
305	33.541241	33.952938	D#2	64	80	1	-2
306	33.816470	33.915094	G#5	64	81	0	1
307	33.816470	34.238488	A#3	64	77	1	-3
308	33.816470	34.249955	D#4	64	80	0	4
309	33.816470	34.255689	F#4	64	78	0	2
310	33.954084	34.037800	F#5	64	87	0	4
311	34.091699	34.231607	D#5	64	85	0	1
312	34.091699	34.460964	A#2	64	80	1	-5
313	34.366928	34.497662	F#5	64	86	0	4
314	34.366928	34.514863	F#4	64	80	0	2
315	34.366928	34.558441	D#4	64	83	0	4
316	34.366928	34.560735	A#3	64	82	1	-3
317	34.642157	34.772891	G#5	64	82	0	1
318	34.642157	35.041239	G#2	64	77	1	-2
319	34.917386	35.069909	B5	64	87	0	4
320	34.917386	35.326789	D#4	64	81	0	4
321	34.917386	35.330229	G#3	64	75	1	-5
322	34.917386	35.332523	B3	64	75	1	-2
323	35.192615	35.358899	G#5	64	81	0	1
324	35.192615	35.467844	D#2	64	76	1	-2
325	35.467844	35.639862	F#5	64	82	0	4
326	35.467844	35.632981	B3	64	81	1	-2
327	35.467844	35.641009	G#3	64	81	1	-5
328	35.467844	35.642156	D#4	64	84	0	4
329	35.467844	35.743073	F#2	64	81	1	-4
330	35.743073	36.458668	G#5	64	84	0	1
331	35.743073	36.136421	G#2	64	79	1	-2
332	36.018302	36.392155	G#3	64	79	1	-5
333	36.018302	36.394448	D#4	64	82	0	4
334	36.018302	36.400182	B3	64	81	1	-2
335	36.293531	36.657062	D#3	64	76	1	-5
336	36.568760	36.743071	B3	64	82	1	-2
337	36.568760	36.744218	D#4	64	85	0	4
338	36.568760	36.761420	G#3	64	80	1	-5
339	36.843989	37.278621	C#5	64	87	0	4
340	36.843989	37.266007	C#3	64	77	1	-2
341	37.119218	37.418529	E4	64	80	0	5
342	37.119218	37.439172	G#3	64	80	1	-5
343	37.119218	37.441465	C#4	64	80	0	2
344	37.394447	37.632979	B4	64	81	0	2
345	37.394447	37.669676	G#2	64	80	1	-2
346	37.669676	37.871510	G#4	64	82	0	4
347	37.669676	37.815318	G#3	64	75	1	-5
348	37.669676	37.817611	C#4	64	80	0	2
349	37.669676	37.830226	E4	64	80	0	5
350	37.669676	37.944905	B2	64	81	1	-4
351	37.944905	38.349721	C#5	64	89	0	4
352	37.944905	38.474721	C#3	64	74	1	-2
353	38.220134	38.598574	E4	64	81	0	5
354	38.220134	38.612335	G#3	64	78	1	-5
355	38.220134	38.627243	C#4	64	80	0	2
356	38.495363	38.740775	B4	64	83	0	2
357	38.495363	38.770592	G#2	64	76	1	-2
358	38.770592	38.948344	G#4	64	81	0	4
359	38.770592	38.931142	C#4	64	80	0	2
360	38.770592	38.939170	G#3	64	80	1	-5
361	38.770592	38.967839	E4	64	80	0	5
362	38.770592	39.045821	F#2	64	81	1	-4
363	39.045821	39.244215	F#4	64	81	0	2
364	39.045821	39.529765	B2	64	78	1	-4
365	39.321050	39.497655	G#4	64	80	0	4
366	39.321050	39.697196	F#3	64	79	1	-2
367	39.321050	39.698343	B3	64	80	1	-2
368	39.321050	39.700636	D#4	64	81	0	4
369	39.596279	39.756829	B4	64	82	0	2
370	39.596279	39.871508	F#2	64	79	1	-4
371	39.871508	40.038939	C#5	64	82	0	4
372	39.871508	40.053847	D#4	64	81	0	4
373	39.871508	40.072196	B3	64	82	1	-2
374	39.871508	40.075636	F#3	64	81	1	-2
375	39.871508	40.146737	G#2	64	81	1	-2
376	40.146737	41.002240	B4	64	84	0	2
377	40.146737	40.574489	B2	64	75	1	-4
378	40.421966	40.712103	D#4	64	81	0	4
379	40.421966	40.730452	F#3	64	78	1	-2
380	40.421966	40.751094	B3	64	79	1	-2
381	40.697195	40.972424	F#2	64	75	1	-4
382	40.972424	41.168524	D#4	64	82	0	4
383	40.972424	41.176552	F#3	64	78	1	-2
384	40.972424	41.183433	B3	64	81	1	-2
385	40.972424	41.247653	G#2	64	81	1	-2
386	41.247653	41.448341	F#5	64	82	0	4
387	41.247653	41.615772	B2	64	80	1	-4
388	41.522882	41.694900	F#3	64	77	1	-2
389	41.522882	41.708661	D#4	64	84	0	4
390	41.522882	41.709808	B3	64	80	1	-2
391	41.660496	41.752239	F#5	64	81	0	4
392	41.798111	41.965542	F#5	64	85	0	4
393	41.798111	42.073340	F#2	64	76	1	-4
394	42.073340	42.224716	G#5	64	81	0	1
395	42.073340	42.241918	F#3	64	80	1	-2
396	42.073340	42.241918	B3	64	80	1	-2
397	42.073340	42.244211	D#4	64	82	0	4
398	42.073340	42.348569	G#2	64	81	1	-2
399	42.348569	42.795816	F#5	64	84	0	4
400	42.348569	42.710954	B2	64	76	1	-4
401	42.623798	42.786642	F#3	64	76	1	-2
402	42.623798	42.792376	B3	64	79	1	-2
403	42.623798	42.810724	D#4	64	82	0	4
404	42.899027	43.040082	B5	64	85	0	4
405	42.899027	43.241916	F#2	64	77	1	-4
406	43.174256	43.324485	G#5	64	81	0	1
407	43.174256	43.388705	F#3	64	76	1	-2
408	43.174256	43.404760	B3	64	75	1	-2
409	43.174256	43.404760	D#4	64	81	0	4
410	43.449485	43.765998	F#5	64	82	0	4
411	43.449485	43.887558	B2	64	72	1	-4
412	43.724714	44.022879	F#3	64	75	1	-2
413	43.724714	44.025172	B3	64	76	1	-2
414	43.724714	44.029759	D#4	64	76	0	4
415	43.862328	43.941457	F#5	64	80	0	4
416	43.999943	44.165080	F#5	64	81	0	4
417	43.999943	44.275172	F#2	64	77	1	-4
418	44.275172	44.426548	G#5	64	84	0	1
419	44.275172	44.451777	F#3	64	72	1	-2
420	44.275172	44.456364	B3	64	74	1	-2
421	44.275172	44.464392	D#4	64	75	0	4
422	44.275172	44.550401	G#2	64	81	1	-2
423	44.550401	45.213244	F#5	64	86	0	4
424	44.550401	45.018290	B2	64	73	1	-4
425	44.825630	45.216684	F#3	64	81	1	-2
426	44.825630	45.224712	D#4	64	82	0	4
427	44.825630	45.231593	B3	64	81	1	-2
428	45.100859	45.651317	F#2	64	81	1	-4
429	45.376088	45.576776	F#3	64	81	1	-2
430	45.376088	45.579069	B3	64	83	1	-2
431	45.376088	45.595124	D#4	64	83	0	4
432	45.651317	45.962096	F#5	64	86	0	4
433	45.651317	46.024023	B2	64	72	1	-4
434	45.926546	46.293518	F#3	64	80	1	-2
435	45.926546	46.296958	D#4	64	83	0	4
436	45.926546	46.304986	B3	64	80	1	-2
437	46.064160	46.142142	F#5	64	81	0	4
438	46.201775	46.390995	F#5	64	83	0	4
439	46.201775	46.477004	F#2	64	81	1	-4
440	46.477004	46.627233	G#5	64	82	0	1
441	46.477004	46.653609	F#3	64	81	1	-2
442	46.477004	46.685719	B3	64	82	1	-2
443	46.477004	46.749939	D#4	64	83	0	4
444	46.477004	46.752233	B2	64	81	1	-4
445	46.752233	47.169663	B5	64	87	0	4
446	46.752233	47.119205	G#2	64	81	1	-2
447	47.027462	47.465535	G#3	64	78	1	-5
448	47.027462	47.470122	B3	64	83	1	-2
449	47.027462	47.472415	D#4	64	85	0	4
450	47.302691	47.532048	G#5	64	81	0	1
451	47.302691	47.785488	D#2	64	78	1	-2
452	47.577920	47.767140	F#5	64	81	0	4
453	47.577920	47.761406	B3	64	83	1	-2
454	47.577920	47.792369	G#3	64	80	1	-5
455	47.577920	47.818745	D#4	64	84	0	4
456	47.853149	48.041222	D#5	64	84	0	1
457	47.853149	48.233882	F#2	64	73	1	-4
458	48.128378	48.268286	D#5	64	81	0	1
459	48.128378	48.265992	E4	64	73	0	5
460	48.128378	48.546955	F#3	64	77	1	-2
461	48.128378	48.546955	A#3	64	81	1	-3
462	48.128378	48.546955	D#4	64	80	0	4
463	48.403607	48.604295	C#5	64	84	0	4
464	48.403607	48.678836	C#2	64	75	1	-4
465	48.678836	48.839386	D#5	64	87	0	1
466	48.678836	48.839386	D#4	64	86	0	4
467	48.678836	48.842826	A#3	64	85	1	-3
468	48.678836	48.852001	F#3	64	81	1	-2
469	48.678836	48.954065	D#2	64	81	1	-2
470	48.954065	49.721266	F#5	64	81	0	4
471	48.954065	49.249936	F#2	64	78	1	-4
472	49.229294	49.635257	C#4	64	78	0	2
473	49.229294	49.636403	F#3	64	77	1	-2
474	49.229294	49.643284	A#3	64	78	1	-3
475	49.504523	49.779752	C#2	64	78	1	-4
476	49.779752	49.939155	F#3	64	81	1	-2
477	49.779752	49.939155	A#3	64	84	1	-3
478	49.779752	49.947183	C#4	64	81	0	2
479	49.779752	50.054981	F#2	64	81	1	-4
480	50.054981	50.362320	C#5	64	87	0	4
481	50.054981	50.217825	C#3	64	74	1	-2
482	50.054981	50.316448	E3	64	76	1	-4
483	50.054981	50.330210	C#2	64	81	1	-4
484	50.330210	50.729292	G#3	64	73	1	-5
485	50.330210	50.737319	C#4	64	76	0	2
486	50.330210	50.745347	E4	64	72	0	5
487	50.467824	50.545806	C#5	64	80	0	4
488	50.605439	50.756815	C#5	64	82	0	4
489	50.605439	50.896723	G#2	64	77	1	-2
490	50.880668	51.048099	D#5	64	84	0	1
491	50.880668	51.103145	C#4	64	83	0	2
492	50.880668	51.114612	E4	64	82	0	5
493	50.880668	51.115759	G#3	64	81	1	-5
494	50.880668	51.155897	B2	64	81	1	-4
495	51.155897	51.545805	C#5	64	85	0	4
496	51.155897	51.470117	C#3	64	69	1	-2
497	51.431126	51.765988	E4	64	80	0	5
498	51.431126	51.776309	C#4	64	80	0	2
499	51.431126	51.786630	G#3	64	80	1	-5
500	51.706355	51.877226	D#5	64	82	0	1
501	51.706355	52.256813	G#2	64	65	1	-2
502	51.981584	52.104290	C#5	64	85	0	4
503	51.981584	52.178831	C#4	64	77	0	2
504	51.981584	52.184565	G#3	64	77	1	-5
505	51.981584	52.221262	E4	64	81	0	5
506	52.256813	52.409336	B4	64	87	0	2
507	52.256813	52.612317	E2	64	78	1	-1
508	52.532042	52.646721	C#5	64	82	0	4
509	52.532042	52.892133	E3	64	76	1	-4
510	52.532042	52.897867	B3	64	80	1	-2
511	52.532042	52.915069	G#3	64	74	1	-5
512	52.669656	52.775161	B4	64	82	0	2
513	52.807271	52.983876	G#4	64	81	0	4
514	52.807271	53.082500	B1	64	80	1	-1
515	53.082500	53.300389	B4	64	81	0	2
516	53.082500	53.271720	E3	64	81	1	-4
517	53.082500	53.275160	G#3	64	80	1	-5
518	53.082500	53.310711	B3	64	80	1	-2
519	53.082500	53.357729	C#2	64	81	1	-4
520	53.357729	54.153599	F#4	64	82	0	2
521	53.357729	53.712086	F#2	64	81	1	-4
522	53.632958	54.043508	F#3	64	80	1	-2
523	53.632958	54.056122	C#4	64	81	0	2
524	53.632958	54.060710	A#3	64	80	1	-3
525	53.908187	54.304975	C#2	64	78	1	-4
526	54.183416	54.363461	F#3	64	80	1	-2
527	54.183416	54.387544	C#4	64	81	0	2
528	54.183416	54.394425	A#3	64	81	1	-3
529	54.458645	54.808415	B4	64	87	0	2
530	54.458645	55.009103	B2	64	76	1	-4
531	54.733874	55.161626	F#3	64	80	1	-2
532	54.733874	55.166213	D#4	64	83	0	4
533	54.733874	55.168506	B3	64	82	1	-2
534	54.871488	54.983873	C#5	64	84	0	4
535	55.009103	55.207497	D#5	64	84	0	1
536	55.009103	55.284332	F#2	64	77	1	-4
537	55.284332	55.467818	F#5	64	86	0	4
538	55.284332	55.449469	F#3	64	82	1	-2
539	55.284332	55.486166	B3	64	84	1	-2
540	55.284332	55.488460	D#4	64	85	0	4
541	55.284332	55.559561	B2	64	81	1	-4
542	55.559561	55.751074	G#5	64	81	0	1
543	55.559561	56.110019	G#2	64	81	1	-2
544	55.834790	56.006808	B5	64	86	0	4
545	55.834790	56.026303	G#3	64	74	1	-5
546	55.834790	56.049239	D#4	64	85	0	4
547	55.834790	56.080202	B3	64	80	1	-2
548	56.110019	56.285477	G#5	64	81	0	1
549	56.110019	56.385248	D#2	64	81	1	-2
550	56.110019	56.390982	D#3	64	81	1	-5
551	56.385248	56.537771	F#5	64	81	0	4
552	56.385248	56.588229	D#4	64	85	0	4
553	56.385248	56.596257	B3	64	85	1	-2
554	56.385248	56.621486	G#3	64	80	1	-5
555	56.385248	56.660477	G#2	64	81	1	-2
556	56.660477	58.311851	F#5	64	86	0	4
557	56.660477	57.210935	F#2	64	81	1	-4
558	56.935706	57.253366	A#3	64	81	1	-3
559	56.935706	57.254513	C#4	64	81	0	2
560	56.935706	57.283182	F#3	64	81	1	-2
561	57.210935	57.424237	C#3	64	75	1	-2
562	57.210935	57.486164	C#2	64	81	1	-4
563	57.486164	57.613457	A#3	64	81	1	-3
564	57.486164	57.628365	F#3	64	80	1	-2
565	57.486164	57.630659	C#4	64	80	0	2
566	57.486164	57.761393	D#2	64	81	1	-2
567	57.761393	57.904741	A#3	64	86	1	-3
568	57.761393	57.912769	F#3	64	82	1	-2
569	57.761393	57.919649	C#4	64	85	0	2
570	57.761393	58.036622	F#2	64	81	1	-4
571	58.036622	58.311851	F#2	64	81	1	-4
572	58.036622	58.458640	A#3	64	84	1	-3
573	58.036622	58.467814	F#3	64	82	1	-2
574	58.036622	58.475841	C#4	64	83	0	2
575	58.311851	58.837079	G#5	64	82	0	1
576	58.587080	58.790061	F#3	64	81	1	-2
577	58.587080	58.799235	A#3	64	82	1	-3
578	58.587080	58.802676	C#4	64	84	0	2
579	58.587080	58.862309	C#2	64	81	1	-4
580	58.862309	58.962079	F#5	64	89	0	4
581	58.862309	59.291207	B2	64	84	1	-4
582	59.137538	59.247629	F#5	64	84	0	4
583	59.137538	59.451758	D#4	64	81	0	4
584	59.137538	59.464372	B3	64	81	1	-2
585	59.137538	59.471253	F#3	64	79	1	-2
586	59.412767	59.520565	F#5	64	86	0	4
587	59.412767	59.687996	F#2	64	74	1	-4
588	59.687996	59.790060	F#5	64	86	0	4
589	59.687996	59.823317	B3	64	80	1	-2
590	59.687996	59.824464	F#3	64	78	1	-2
591	59.687996	59.825610	D#4	64	81	0	4
592	59.687996	59.963225	G#2	64	74	1	-2
593	59.963225	60.077904	F#5	64	91	0	4
594	59.963225	60.369188	B2	64	69	1	-4
595	60.238454	60.361160	G#5	64	82	0	1
596	60.238454	60.365747	B3	64	80	1	-2
597	60.238454	60.368041	F#3	64	78	1	-2
598	60.238454	60.385243	D#4	64	82	0	4
599	60.376068	60.474692	F#5	64	84	0	4
600	60.513683	60.654738	D#5	64	87	0	1
601	60.513683	60.788912	F#2	64	73	1	-4
602	60.788912	60.908178	C#5	64	87	0	4
603	60.788912	60.957490	B3	64	80	1	-2
604	60.788912	60.965517	F#3	64	80	1	-2
605	60.788912	61.058407	D#4	64	83	0	4
606	60.788912	61.064141	B2	64	81	1	-4
607	61.064141	61.214370	B4	64	89	0	2
608	61.064141	61.509094	E2	64	73	1	-1
609	61.339370	61.447168	C#5	64	82	0	4
610	61.339370	61.760241	E3	64	76	1	-4
611	61.339370	61.768268	G#3	64	72	1	-5
612	61.339370	61.790057	B3	64	78	1	-2
613	61.476984	61.569874	B4	64	77	0	2
614	61.614599	61.821021	G#4	64	84	0	4
615	61.614599	61.889828	G#2	64	78	1	-2
616	61.889828	62.129506	B4	64	84	0	2
617	61.889828	62.036617	E3	64	81	1	-4
618	61.889828	62.042351	G#3	64	80	1	-5
619	61.889828	62.079048	B3	64	82	1	-2
620	61.889828	62.165057	B2	64	81	1	-4
621	62.165057	62.905882	F#4	64	85	0	2
622	62.165057	62.559552	F#2	64	77	1	-4
623	62.440286	62.825606	A#3	64	74	1	-3
624	62.440286	62.827900	F#3	64	79	1	-2
625	62.440286	62.839368	C#4	64	80	0	2
626	62.715515	62.990744	C#3	64	76	1	-2
627	62.990744	63.151294	A#3	64	81	1	-3
628	62.990744	63.167349	F#3	64	80	1	-2
629	62.990744	63.187991	C#4	64	82	0	2
630	62.990744	63.265973	F#2	64	81	1	-4
631	63.265973	63.660468	B4	64	87	0	2
632	63.265973	63.634092	B2	64	60	1	-4
633	63.541202	63.723541	F#3	64	80	1	-2
634	63.541202	63.724688	B3	64	81	1	-2
635	63.541202	63.749917	D#4	64	82	0	4
636	63.816431	64.030880	G#4	64	82	0	4
637	63.816431	64.152440	F#2	64	80	1	-4
638	64.091660	64.315283	F#4	64	81	0	2
639	64.091660	64.226981	F#3	64	78	1	-2
640	64.091660	64.229274	B3	64	80	1	-2
641	64.091660	64.233861	D#4	64	81	0	4
642	64.366889	64.713219	B4	64	82	0	2
643	64.366889	64.851980	B2	64	74	1	-4
644	64.642118	64.964365	D#4	64	82	0	4
645	64.642118	64.972393	F#3	64	80	1	-2
646	64.642118	64.988448	B3	64	81	1	-2
647	64.917347	65.155879	G#4	64	84	0	4
648	64.917347	65.269411	F#2	64	80	1	-4
649	65.192576	65.374915	F#4	64	82	0	2
650	65.192576	65.334777	F#3	64	79	1	-2
651	65.192576	65.356566	B3	64	80	1	-2
652	65.192576	65.365741	D#4	64	81	0	4
653	65.467805	65.618034	B4	64	91	0	2
654	65.467805	65.858859	G#2	64	76	1	-2
655	65.743034	65.884089	C#5	64	87	0	4
656	65.743034	66.179960	G#3	64	79	1	-5
657	65.743034	66.185694	B3	64	81	1	-2
658	65.743034	66.186841	D#4	64	82	0	4
659	66.018263	66.148997	D#5	64	85	0	1
660	66.018263	66.470097	D#3	64	79	1	-5
661	66.155877	66.301519	C#5	64	84	0	4
662	66.293492	66.443721	B4	64	91	0	2
663	66.293492	66.455189	G#3	64	80	1	-5
664	66.293492	66.457482	B3	64	81	1	-2
665	66.293492	66.483859	D#4	64	83	0	4
666	66.568721	67.390967	C#5	64	94	0	4
667	66.843950	67.216656	A#3	64	80	1	-3
668	66.843950	67.224683	F#3	64	80	1	-2
669	66.843950	67.229270	C#4	64	80	0	2
670	67.119179	67.129500	F#2	64	79	1	-4
671	67.394408	67.540050	A#3	64	83	1	-3
672	67.394408	67.554958	F#3	64	80	1	-2
673	67.394408	67.571013	C#4	64	81	0	2
674	67.394408	67.669637	G#2	64	81	1	-2
675	67.669637	67.800371	F#5	64	83	0	4
676	67.669637	68.148994	B2	64	81	1	-4
677	67.944866	68.105416	F#5	64	82	0	4
678	67.944866	68.342801	F#3	64	81	1	-2
679	67.944866	68.342801	D#4	64	83	0	4
680	67.944866	68.350829	B3	64	82	1	-2
681	68.220095	68.365737	F#5	64	85	0	4
682	68.220095	68.495324	B2	64	81	1	-4
683	68.495324	68.619177	F#5	64	84	0	4
684	68.495324	68.647847	F#3	64	79	1	-2
685	68.495324	68.675369	B3	64	81	1	-2
686	68.495324	68.683397	D#4	64	82	0	4
687	68.495324	68.770553	F#2	64	81	1	-4
688	68.770553	68.889819	F#5	64	89	0	4
689	68.770553	69.182250	D#2	64	80	1	-2
690	69.045782	69.144406	G#5	64	81	0	1
691	69.045782	69.467800	A#3	64	77	1	-3
692	69.045782	69.479267	D#4	64	80	0	4
693	69.045782	69.485001	F#4	64	78	0	2
694	69.183396	69.267112	F#5	64	87	0	4
695	69.321011	69.460919	D#5	64	85	0	1
696	69.321011	69.690276	A#2	64	80	1	-5
697	69.596240	69.726974	F#5	64	86	0	4
698	69.596240	69.744175	F#4	64	80	0	2
699	69.596240	69.787753	D#4	64	83	0	4
700	69.596240	69.790047	A#3	64	82	1	-3
701	69.871469	70.146698	G#5	64	82	0	1
702	69.871469	70.270551	G#2	64	77	1	-2
703	70.146698	70.556101	D#4	64	81	0	4
704	70.146698	70.559541	G#3	64	75	1	-5
705	70.146698	70.561835	B3	64	75	1	-2
706	70.421927	70.849679	B5	64	82	0	4
707	70.421927	70.697156	D#2	64	76	1	-2
708	70.697156	70.862293	B3	64	81	1	-2
709	70.697156	70.870321	G#3	64	81	1	-5
710	70.697156	70.871467	D#4	64	84	0	4
711	70.697156	70.972385	F#2	64	81	1	-4
712	70.972385	71.192568	G#5	64	80	0	1
713	71.247614	71.447155	F#5	64	83	0	4
714	71.247614	71.368026	F#3	64	78	1	-2
715	71.247614	71.409311	A#3	64	79	1	-3
716	71.247614	71.466650	F#2	64	89	1	-4
717	71.522843	71.960916	G#5	64	82	0	1
718	71.522843	71.876053	G#2	64	85	1	-2
719	71.522843	71.939127	G#3	64	73	1	-5
720	71.522843	71.957475	B3	64	81	1	-2
721	71.955182	73.130639	C#3	64	71	1	-2
722	72.022842	73.124905	F#2	64	73	1	-4
723	72.073301	72.963208	A#3	64	75	1	-3
724	72.073301	73.131786	F#3	64	78	1	-2
725	72.348530	72.598529	F#5	64	83	0	4
726	72.623759	72.892107	B5	64	91	0	4
727	72.898988	73.018254	A#5	64	85	0	3
728	73.158162	74.153573	F#2	64	74	1	-4
729	73.174217	73.412749	D#5	64	82	0	1
730	73.174217	73.651280	A#3	64	76	1	-3
731	73.174217	73.662748	C#4	64	76	0	2
732	73.449446	73.600822	F#5	64	82	0	4
733	73.724675	73.937977	D#5	64	85	0	1
734	73.724675	74.130638	A#3	64	77	1	-3
735	73.724675	74.130638	F#4	64	72	0	2
736	73.724675	74.152427	C#4	64	73	0	2
737	73.999904	74.257931	C#5	64	86	0	4
738	74.275133	75.998754	B4	64	81	0	2
739	74.275133	74.686830	B2	64	80	1	-4
740	74.550362	74.815270	D#4	64	80	0	4
741	74.550362	74.815270	F#4	64	74	0	2
742	74.550362	74.818710	B3	64	76	1	-2
743	74.825591	75.033159	F#2	64	82	1	-4
744	75.100820	75.243021	D#4	64	78	0	4
745	75.100820	75.245315	F#4	64	74	0	2
746	75.100820	75.257930	G#2	64	85	1	-2
747	75.100820	75.271691	B3	64	74	1	-2
748	75.376049	75.853112	B2	64	74	1	-4
749	75.651278	76.021690	D#4	64	77	0	4
750	75.651278	76.021690	F#4	64	73	0	2
751	75.651278	76.044626	B3	64	75	1	-2
752	75.926507	76.130635	F#2	64	80	1	-4
753	76.201736	76.317561	D#4	64	78	0	4
754	76.201736	76.321002	F#4	64	73	0	2
755	76.201736	76.334763	B3	64	75	1	-2
756	76.201736	76.388662	G#2	64	81	1	-2
757	76.476965	76.685680	B3	64	75	1	-2
758	76.476965	76.691414	F#3	64	76	1	-2
759	76.476965	76.917331	B1	64	84	1	-1
760	76.752194	77.028570	D#4	64	82	0	4
761	76.752194	77.029716	B3	64	81	1	-2
762	77.027423	77.236138	F#2	64	81	1	-4
763	77.302652	77.471230	B3	64	80	1	-2
764	77.302652	77.473523	D#4	64	82	0	4
765	77.302652	77.552651	G#2	64	82	1	-2
766	77.577881	77.791183	F#3	64	74	1	-2
767	77.577881	77.802651	B3	64	76	1	-2
768	77.577881	77.957467	B2	64	87	1	-4
769	77.853110	78.260219	D#4	64	81	0	4
770	77.853110	78.264807	B3	64	80	1	-2
771	78.128339	78.369164	F#2	64	82	1	-4
772	78.403568	78.596228	B3	64	80	1	-2
773	78.403568	78.599668	D#4	64	82	0	4
774	78.403568	78.678797	B2	64	83	1	-4
775	78.678797	78.886365	G#3	64	72	1	-5
776	78.678797	78.893246	B3	64	75	1	-2
777	78.678797	79.080172	G#2	64	81	1	-2
778	78.954026	79.193704	D#4	64	81	0	4
779	78.954026	79.197145	B3	64	79	1	-2
780	79.229255	79.412741	D#2	64	80	1	-2
781	79.504484	79.662740	D#4	64	81	0	4
782	79.504484	79.741869	F#2	64	81	1	-4
783	79.642098	79.675355	B3	64	75	1	-2
784	79.779713	80.007924	G#3	64	69	1	-5
785	79.779713	80.132923	G#2	64	81	1	-2
786	80.054942	80.445996	G#3	64	76	1	-5
787	80.054942	80.466639	D#4	64	81	0	4
788	80.054942	80.482694	B3	64	77	1	-2
789	80.330171	80.559528	D#2	64	84	1	-2
790	80.605400	80.761363	G#3	64	74	1	-5
791	80.605400	80.770537	B3	64	75	1	-2
792	80.605400	80.780858	D#4	64	80	0	4
793	80.605400	80.865721	F#2	64	81	1	-4
794	80.880629	81.089344	F#3	64	77	1	-2
795	80.880629	81.090491	B3	64	74	1	-2
796	80.880629	81.320995	B1	64	84	1	-1
797	81.155858	81.423059	F#3	64	67	1	-2
798	81.155858	81.447142	D#4	64	80	0	4
799	81.155858	81.472371	B3	64	81	1	-2
800	81.431087	81.639802	F#2	64	81	1	-4
801	81.706316	81.816407	D#4	64	80	0	4
802	81.706316	81.847371	B3	64	80	1	-2
803	81.706316	81.859985	F#3	64	77	1	-2
804	81.706316	81.956315	G#2	64	82	1	-2
805	81.981545	82.148976	F#3	64	73	1	-2
806	81.981545	82.159297	B3	64	75	1	-2
807	81.981545	82.361131	B2	64	87	1	-4
808	82.256774	82.629480	B3	64	80	1	-2
809	82.256774	82.634067	D#4	64	81	0	4
810	82.532003	82.772828	F#2	64	82	1	-4
811	82.807232	82.943700	D#4	64	81	0	4
812	82.807232	82.947140	B3	64	78	1	-2
813	82.807232	83.082461	B2	64	83	1	-4
814	83.082461	83.312965	C#4	64	75	0	2
815	83.082461	83.348516	F#4	64	78	0	2
816	83.082461	83.580167	F#2	64	84	1	-4
817	83.357690	83.501038	F#4	64	71	0	2
818	83.357690	83.518240	C#4	64	80	0	2
819	83.632919	83.837047	C#2	64	96	1	-4
820	83.908148	84.054937	A#3	64	72	1	-3
821	83.908148	84.072138	C#4	64	77	0	2
822	83.908148	84.075579	F#4	64	75	0	2
823	83.908148	84.096221	D#2	64	86	1	-2
824	84.183377	84.386358	A#3	64	70	1	-3
825	84.183377	84.396679	C#4	64	73	0	2
826	84.183377	84.704018	F#2	64	82	1	-4
827	84.458606	84.818697	C#4	64	80	0	2
828	84.458606	84.820991	A#3	64	76	1	-3
829	84.458606	84.820991	F#4	64	73	0	2
830	84.733835	84.968926	D#2	64	91	1	-2
831	85.009064	85.182229	A#3	64	77	1	-3
832	85.009064	85.182229	C#4	64	81	0	2
833	85.009064	85.182229	F#4	64	77	0	2
834	85.009064	85.238421	F#2	64	84	1	-4
835	85.284293	85.708604	B1	64	79	1	-1
836	85.559522	85.924200	F#4	64	83	0	2
837	85.559522	85.934521	D#4	64	91	0	4
838	85.559522	85.945989	B3	64	82	1	-2
839	85.834751	86.001035	F#2	64	80	1	-4
840	86.109980	86.239567	D#4	64	85	0	4
841	86.109980	86.245301	F#4	64	80	0	2
842	86.109980	86.252181	B3	64	81	1	-2
843	86.109980	86.306080	G#2	64	80	1	-2
844	86.385209	86.550346	E4	64	84	0	5
845	86.385209	86.557227	G#4	64	74	0	4
846	86.385209	86.562961	C#4	64	80	0	2
847	86.385209	86.905850	C#2	64	84	1	-4
848	86.660438	87.053786	C#4	64	81	0	2
849	86.660438	87.053786	E4	64	81	0	5
850	86.660438	87.065254	G#4	64	81	0	4
851	86.935667	87.099657	G#2	64	82	1	-2
852	87.210896	87.304932	E4	64	82	0	5
853	87.210896	87.342776	C#4	64	82	0	2
854	87.210896	87.355391	G#4	64	81	0	4
855	87.210896	87.392088	B2	64	82	1	-4
856	87.486125	87.634060	C#4	64	81	0	2
857	87.486125	87.637501	F#3	64	82	1	-2
858	87.486125	87.637501	A#3	64	81	1	-3
859	87.486125	87.879473	F#2	64	82	1	-4
860	87.761354	88.169610	F#3	64	78	1	-2
861	87.761354	88.176491	C#4	64	78	0	2
862	87.761354	88.178784	A#3	64	77	1	-3
863	88.036583	88.224656	C#2	64	84	1	-4
864	88.311812	88.427637	A#3	64	76	1	-3
865	88.311812	88.427637	C#4	64	74	0	2
866	88.311812	88.432224	F#2	64	84	1	-4
867	88.311812	88.435665	F#3	64	74	1	-2
868	88.587041	88.756765	D#4	64	80	0	4
869	88.587041	88.763646	B3	64	73	1	-2
870	88.587041	89.018233	B1	64	76	1	-1
871	88.862270	89.320985	D#4	64	84	0	4
872	88.862270	89.322132	B3	64	80	1	-2
873	89.137499	89.303783	F#2	64	81	1	-4
874	89.412728	89.604241	G#2	64	80	1	-2
875	89.412728	89.613416	F#3	64	81	1	-2
876	89.687957	89.787727	F#5	64	89	0	4
877	89.687957	90.116855	B2	64	84	1	-4
878	89.963186	90.073277	F#5	64	84	0	4
879	89.963186	90.277406	D#4	64	81	0	4
880	89.963186	90.290020	B3	64	81	1	-2
881	89.963186	90.296901	F#3	64	79	1	-2
882	90.238415	90.346213	F#5	64	86	0	4
883	90.238415	90.513644	F#2	64	74	1	-4
884	90.513644	90.615708	F#5	64	86	0	4
885	90.513644	90.648965	B3	64	80	1	-2
886	90.513644	90.650112	F#3	64	78	1	-2
887	90.513644	90.651258	D#4	64	81	0	4
888	90.513644	90.788873	G#2	64	74	1	-2
889	90.788873	90.903552	F#5	64	91	0	4
890	90.788873	91.194836	B2	64	69	1	-4
891	91.064102	91.186808	G#5	64	82	0	1
892	91.064102	91.191395	B3	64	80	1	-2
893	91.064102	91.193689	F#3	64	78	1	-2
894	91.064102	91.210891	D#4	64	82	0	4
895	91.201716	91.300340	F#5	64	84	0	4
896	91.339331	91.480386	D#5	64	87	0	1
897	91.339331	91.614560	F#2	64	73	1	-4
898	91.614560	91.733826	C#5	64	87	0	4
899	91.614560	91.783138	B3	64	80	1	-2
900	91.614560	91.791165	F#3	64	80	1	-2
901	91.614560	91.884055	D#4	64	83	0	4
902	91.614560	91.889789	B2	64	81	1	-4
903	91.889789	92.040018	B4	64	89	0	2
904	91.889789	92.334742	E2	64	73	1	-1
905	92.165018	92.272816	C#5	64	82	0	4
906	92.165018	92.585889	E3	64	76	1	-4
907	92.165018	92.593916	G#3	64	72	1	-5
908	92.165018	92.615705	B3	64	78	1	-2
909	92.302632	92.395522	B4	64	77	0	2
910	92.440247	92.646669	G#4	64	84	0	4
911	92.440247	92.715476	G#2	64	78	1	-2
912	92.715476	92.955154	B4	64	84	0	2
913	92.715476	92.862265	E3	64	81	1	-4
914	92.715476	92.867999	G#3	64	80	1	-5
915	92.715476	92.904696	B3	64	82	1	-2
916	92.715476	92.990705	B2	64	81	1	-4
917	92.990705	93.731530	F#4	64	85	0	2
918	92.990705	93.385200	F#2	64	77	1	-4
919	93.265934	93.651254	A#3	64	74	1	-3
920	93.265934	93.653548	F#3	64	79	1	-2
921	93.265934	93.665016	C#4	64	80	0	2
922	93.541163	93.816392	C#3	64	76	1	-2
923	93.816392	93.976942	A#3	64	81	1	-3
924	93.816392	93.992997	F#3	64	80	1	-2
925	93.816392	94.013639	C#4	64	82	0	2
926	93.816392	94.091621	F#2	64	81	1	-4
927	94.091621	94.486116	B4	64	87	0	2
928	94.091621	94.459740	B2	64	60	1	-4
929	94.366850	94.549189	F#3	64	80	1	-2
930	94.366850	94.550336	B3	64	81	1	-2
931	94.366850	94.575565	D#4	64	82	0	4
932	94.642079	94.856528	G#4	64	82	0	4
933	94.642079	94.978088	F#2	64	80	1	-4
934	94.917308	95.140931	F#4	64	81	0	2
935	94.917308	95.052629	F#3	64	78	1	-2
936	94.917308	95.054922	B3	64	80	1	-2
937	94.917308	95.059509	D#4	64	81	0	4
938	95.192537	95.538867	B4	64	82	0	2
939	95.192537	95.677628	B2	64	74	1	-4
940	95.467766	95.790013	D#4	64	82	0	4
941	95.467766	95.798041	F#3	64	80	1	-2
942	95.467766	95.814096	B3	64	81	1	-2
943	95.742995	95.981527	G#4	64	84	0	4
944	95.742995	96.095059	F#2	64	80	1	-4
945	96.018224	96.200563	F#4	64	82	0	2
946	96.018224	96.160425	F#3	64	79	1	-2
947	96.018224	96.182214	B3	64	80	1	-2
948	96.018224	96.191389	D#4	64	81	0	4
949	96.293453	96.443682	B4	64	91	0	2
950	96.293453	96.684507	G#2	64	76	1	-2
951	96.568682	96.709737	C#5	64	87	0	4
952	96.568682	97.005608	G#3	64	79	1	-5
953	96.568682	97.011342	B3	64	81	1	-2
954	96.568682	97.012489	D#4	64	82	0	4
955	96.843911	96.974645	D#5	64	85	0	1
956	96.843911	97.295745	D#3	64	79	1	-5
957	96.981525	97.127167	C#5	64	84	0	4
958	97.119140	97.269369	B4	64	91	0	2
959	97.119140	97.280837	G#3	64	80	1	-5
960	97.119140	97.283130	B3	64	81	1	-2
961	97.119140	97.309507	D#4	64	83	0	4
962	97.394369	98.216615	C#5	64	94	0	4
963	97.669598	98.042304	A#3	64	80	1	-3
964	97.669598	98.050331	F#3	64	80	1	-2
965	97.669598	98.054918	C#4	64	80	0	2
966	97.944827	97.955148	F#2	64	79	1	-4
967	98.220056	98.365698	A#3	64	83	1	-3
968	98.220056	98.380606	F#3	64	80	1	-2
969	98.220056	98.396661	C#4	64	81	0	2
970	98.220056	98.495285	G#2	64	81	1	-2
971	98.495285	98.626019	F#5	64	83	0	4
972	98.495285	98.974642	B2	64	81	1	-4
973	98.770514	98.931064	F#5	64	82	0	4
974	98.770514	99.168449	F#3	64	81	1	-2
975	98.770514	99.168449	D#4	64	83	0	4
976	98.770514	99.176477	B3	64	82	1	-2
977	99.045743	99.191385	F#5	64	85	0	4
978	99.045743	99.320972	B2	64	81	1	-4
979	99.320972	99.444825	F#5	64	84	0	4
980	99.320972	99.473495	F#3	64	79	1	-2
981	99.320972	99.501017	B3	64	81	1	-2
982	99.320972	99.509045	D#4	64	82	0	4
983	99.320972	99.596201	F#2	64	81	1	-4
984	99.596201	99.715467	F#5	64	89	0	4
985	99.596201	100.007898	D#2	64	80	1	-2
986	99.871430	99.970054	G#5	64	81	0	1
987	99.871430	100.293448	A#3	64	77	1	-3
988	99.871430	100.304915	D#4	64	80	0	4
989	99.871430	100.310649	F#4	64	78	0	2
990	100.009044	100.092760	F#5	64	87	0	4
991	100.146659	100.286567	D#5	64	85	0	1
992	100.146659	100.515924	A#2	64	80	1	-5
993	100.421888	100.552622	F#5	64	86	0	4
994	100.421888	100.569823	F#4	64	80	0	2
995	100.421888	100.613401	D#4	64	83	0	4
996	100.421888	100.615695	A#3	64	82	1	-3
997	100.697117	100.827851	G#5	64	82	0	1
998	100.697117	101.096199	G#2	64	77	1	-2
999	100.972346	101.124869	B5	64	87	0	4
1000	100.972346	101.381749	D#4	64	81	0	4
1001	100.972346	101.385189	G#3	64	75	1	-5
1002	100.972346	101.387483	B3	64	75	1	-2
1003	101.247575	101.413859	G#5	64	81	0	1
1004	101.247575	101.522804	D#2	64	76	1	-2
1005	101.522804	101.694822	F#5	64	82	0	4
1006	101.522804	101.687941	B3	64	81	1	-2
1007	101.522804	101.695969	G#3	64	81	1	-5
1008	101.522804	101.697115	D#4	64	84	0	4
1009	101.522804	101.798033	F#2	64	81	1	-4
1010	101.798033	102.513628	G#5	64	84	0	1
1011	101.798033	102.191381	G#2	64	79	1	-2
1012	102.073262	102.447115	G#3	64	79	1	-5
1013	102.073262	102.449408	D#4	64	82	0	4
1014	102.073262	102.455142	B3	64	81	1	-2
1015	102.348491	102.712022	D#3	64	76	1	-5
1016	102.623720	102.798031	B3	64	82	1	-2
1017	102.623720	102.799178	D#4	64	85	0	4
1018	102.623720	102.816380	G#3	64	80	1	-5
1019	102.898949	103.333581	C#5	64	87	0	4
1020	102.898949	103.320967	C#3	64	77	1	-2
1021	103.174178	103.473489	E4	64	80	0	5
1022	103.174178	103.494132	G#3	64	80	1	-5
1023	103.174178	103.496425	C#4	64	80	0	2
1024	103.449407	103.687939	B4	64	81	0	2
1025	103.449407	103.724636	G#2	64	80	1	-2
1026	103.724636	103.926470	G#4	64	82	0	4
1027	103.724636	103.870278	G#3	64	75	1	-5
1028	103.724636	103.872571	C#4	64	80	0	2
1029	103.724636	103.885186	E4	64	80	0	5
1030	103.724636	103.999865	B2	64	81	1	-4
1031	103.999865	104.404681	C#5	64	89	0	4
1032	103.999865	104.529681	C#3	64	74	1	-2
1033	104.275094	104.653534	E4	64	81	0	5
1034	104.275094	104.667295	G#3	64	78	1	-5
1035	104.275094	104.682203	C#4	64	80	0	2
1036	104.550323	104.795735	B4	64	83	0	2
1037	104.550323	104.825552	G#2	64	76	1	-2
1038	104.825552	105.003304	G#4	64	81	0	4
1039	104.825552	104.986102	C#4	64	80	0	2
1040	104.825552	104.994130	G#3	64	80	1	-5
1041	104.825552	105.022799	E4	64	80	0	5
1042	104.825552	105.100781	F#2	64	81	1	-4
1043	105.100781	105.299175	F#4	64	81	0	2
1044	105.100781	105.584725	B2	64	78	1	-4
1045	105.376010	105.552615	G#4	64	80	0	4
1046	105.376010	105.752156	F#3	64	79	1	-2
1047	105.376010	105.753303	B3	64	80	1	-2
1048	105.376010	105.755596	D#4	64	81	0	4
1049	105.651239	105.811789	B4	64	82	0	2
1050	105.651239	105.926468	F#2	64	79	1	-4
1051	105.926468	106.093899	C#5	64	82	0	4
1052	105.926468	106.108807	D#4	64	81	0	4
1053	105.926468	106.127156	B3	64	82	1	-2
1054	105.926468	106.130596	F#3	64	81	1	-2
1055	105.926468	106.201697	G#2	64	81	1	-2
1056	106.201697	107.057200	B4	64	84	0	2
1057	106.201697	106.629449	B2	64	75	1	-4
1058	106.476926	106.767063	D#4	64	81	0	4
1059	106.476926	106.785412	F#3	64	78	1	-2
1060	106.476926	106.806054	B3	64	79	1	-2
1061	106.752155	107.027384	F#2	64	75	1	-4
1062	107.027384	107.223484	D#4	64	82	0	4
1063	107.027384	107.231512	F#3	64	78	1	-2
1064	107.027384	107.238393	B3	64	81	1	-2
1065	107.027384	107.302613	G#2	64	81	1	-2
1066	107.302613	107.503301	F#5	64	82	0	4
1067	107.302613	107.670732	B2	64	80	1	-4
1068	107.577842	107.749860	F#3	64	77	1	-2
1069	107.577842	107.763621	D#4	64	84	0	4
1070	107.577842	107.764768	B3	64	80	1	-2
1071	107.715456	107.807199	F#5	64	81	0	4
1072	107.853071	108.020502	F#5	64	85	0	4
1073	107.853071	108.128300	F#2	64	76	1	-4
1074	108.128300	108.279676	G#5	64	81	0	1
1075	108.128300	108.296878	F#3	64	80	1	-2
1076	108.128300	108.296878	B3	64	80	1	-2
1077	108.128300	108.299171	D#4	64	82	0	4
1078	108.128300	108.403529	G#2	64	81	1	-2
1079	108.403529	108.850776	F#5	64	84	0	4
1080	108.403529	108.765914	B2	64	76	1	-4
1081	108.678758	108.841602	F#3	64	76	1	-2
1082	108.678758	108.847336	B3	64	79	1	-2
1083	108.678758	108.865684	D#4	64	82	0	4
1084	108.953987	109.095042	B5	64	85	0	4
1085	108.953987	109.296876	F#2	64	77	1	-4
1086	109.229216	109.379445	G#5	64	81	0	1
1087	109.229216	109.443665	F#3	64	76	1	-2
1088	109.229216	109.459720	B3	64	75	1	-2
1089	109.229216	109.459720	D#4	64	81	0	4
1090	109.504445	109.820958	F#5	64	82	0	4
1091	109.504445	109.942518	B2	64	72	1	-4
1092	109.779674	110.077839	F#3	64	75	1	-2
1093	109.779674	110.080132	B3	64	76	1	-2
1094	109.779674	110.084719	D#4	64	76	0	4
1095	109.917288	109.996417	F#5	64	80	0	4
1096	110.054903	110.220040	F#5	64	81	0	4
1097	110.054903	110.330132	F#2	64	77	1	-4
1098	110.330132	110.481508	G#5	64	84	0	1
1099	110.330132	110.506737	F#3	64	72	1	-2
1100	110.330132	110.511324	B3	64	74	1	-2
1101	110.330132	110.519352	D#4	64	75	0	4
1102	110.330132	110.605361	G#2	64	81	1	-2
1103	110.605361	111.268204	F#5	64	86	0	4
1104	110.605361	111.073250	B2	64	73	1	-4
1105	110.880590	111.271644	F#3	64	81	1	-2
1106	110.880590	111.279672	D#4	64	82	0	4
1107	110.880590	111.286553	B3	64	81	1	-2
1108	111.155819	111.706277	F#2	64	81	1	-4
1109	111.431048	111.631736	F#3	64	81	1	-2
1110	111.431048	111.634029	B3	64	83	1	-2
1111	111.431048	111.650084	D#4	64	83	0	4
1112	111.706277	112.017056	F#5	64	86	0	4
1113	111.706277	112.078983	B2	64	72	1	-4
1114	111.981506	112.348478	F#3	64	80	1	-2
1115	111.981506	112.351918	D#4	64	83	0	4
1116	111.981506	112.359946	B3	64	80	1	-2
1117	112.119120	112.197102	F#5	64	81	0	4
1118	112.256735	112.445955	F#5	64	83	0	4
1119	112.256735	112.531964	F#2	64	81	1	-4
1120	112.531964	112.682193	G#5	64	82	0	1
1121	112.531964	112.708569	F#3	64	81	1	-2
1122	112.531964	112.740679	B3	64	82	1	-2
1123	112.531964	112.804899	D#4	64	83	0	4
1124	112.531964	112.807193	B2	64	81	1	-4
1125	112.807193	113.224623	B5	64	87	0	4
1126	112.807193	113.174165	G#2	64	81	1	-2
1127	113.082422	113.520495	G#3	64	78	1	-5
1128	113.082422	113.525082	B3	64	83	1	-2
1129	113.082422	113.527375	D#4	64	85	0	4
1130	113.357651	113.587008	G#5	64	81	0	1
1131	113.357651	113.840448	D#2	64	78	1	-2
1132	113.632880	113.822100	F#5	64	81	0	4
1133	113.632880	113.816366	B3	64	83	1	-2
1134	113.632880	113.847329	G#3	64	80	1	-5
1135	113.632880	113.873705	D#4	64	84	0	4
1136	113.908109	114.096182	D#5	64	84	0	1
1137	113.908109	114.288842	F#2	64	73	1	-4
1138	114.183338	114.323246	D#5	64	81	0	1
1139	114.183338	114.320952	E4	64	73	0	5
1140	114.183338	114.601915	F#3	64	77	1	-2
1141	114.183338	114.601915	A#3	64	81	1	-3
1142	114.183338	114.601915	D#4	64	80	0	4
1143	114.458567	114.659255	C#5	64	84	0	4
1144	114.458567	114.733796	C#2	64	75	1	-4
1145	114.733796	114.894346	D#5	64	87	0	1
1146	114.733796	114.894346	D#4	64	86	0	4
1147	114.733796	114.897786	A#3	64	85	1	-3
1148	114.733796	114.906961	F#3	64	81	1	-2
1149	114.733796	115.009025	D#2	64	81	1	-2
1150	115.009025	115.776226	F#5	64	81	0	4
1151	115.009025	115.304896	F#2	64	78	1	-4
1152	115.284254	115.690217	C#4	64	78	0	2
1153	115.284254	115.691363	F#3	64	77	1	-2
1154	115.284254	115.698244	A#3	64	78	1	-3
1155	115.559483	115.834712	C#2	64	78	1	-4
1156	115.834712	115.994115	F#3	64	81	1	-2
1157	115.834712	115.994115	A#3	64	84	1	-3
1158	115.834712	116.002143	C#4	64	81	0	2
1159	115.834712	116.109941	F#2	64	81	1	-4
1160	116.109941	116.417280	C#5	64	87	0	4
1161	116.109941	116.272785	C#3	64	74	1	-2
1162	116.109941	116.371408	E3	64	76	1	-4
1163	116.109941	116.385170	C#2	64	81	1	-4
1164	116.385170	116.784252	G#3	64	73	1	-5
1165	116.385170	116.792279	C#4	64	76	0	2
1166	116.385170	116.800307	E4	64	72	0	5
1167	116.522784	116.600766	C#5	64	80	0	4
1168	116.660399	116.811775	C#5	64	82	0	4
1169	116.660399	116.951683	G#2	64	77	1	-2
1170	116.935628	117.103059	D#5	64	84	0	1
1171	116.935628	117.158105	C#4	64	83	0	2
1172	116.935628	117.169572	E4	64	82	0	5
1173	116.935628	117.170719	G#3	64	81	1	-5
1174	116.935628	117.210857	B2	64	81	1	-4
1175	117.210857	117.600765	C#5	64	85	0	4
1176	117.210857	117.525077	C#3	64	69	1	-2
1177	117.486086	117.820948	E4	64	80	0	5
1178	117.486086	117.831269	C#4	64	80	0	2
1179	117.486086	117.841590	G#3	64	80	1	-5
1180	117.761315	117.932186	D#5	64	82	0	1
1181	117.761315	118.311773	G#2	64	65	1	-2
1182	118.036544	118.159250	C#5	64	85	0	4
1183	118.036544	118.233791	C#4	64	77	0	2
1184	118.036544	118.239525	G#3	64	77	1	-5
1185	118.036544	118.276222	E4	64	81	0	5
1186	118.311773	118.464296	B4	64	87	0	2
1187	118.311773	118.667277	E2	64	78	1	-1
1188	118.587002	118.701681	C#5	64	82	0	4
1189	118.587002	118.947093	E3	64	76	1	-4
1190	118.587002	118.952827	B3	64	80	1	-2
1191	118.587002	118.970029	G#3	64	74	1	-5
1192	118.724616	118.830121	B4	64	82	0	2
1193	118.862231	119.038836	G#4	64	81	0	4
1194	118.862231	119.137460	B1	64	80	1	-1
1195	119.137460	119.355349	B4	64	81	0	2
1196	119.137460	119.326680	E3	64	81	1	-4
1197	119.137460	119.330120	G#3	64	80	1	-5
1198	119.137460	119.365671	B3	64	80	1	-2
1199	119.137460	119.412689	C#2	64	81	1	-4
1200	119.412689	120.208559	F#4	64	82	0	2
1201	119.412689	119.767046	F#2	64	81	1	-4
1202	119.687918	120.098468	F#3	64	80	1	-2
1203	119.687918	120.111082	C#4	64	81	0	2
1204	119.687918	120.115670	A#3	64	80	1	-3
1205	119.963147	120.359935	C#2	64	78	1	-4
1206	120.238376	120.418421	F#3	64	80	1	-2
1207	120.238376	120.442504	C#4	64	81	0	2
1208	120.238376	120.449385	A#3	64	81	1	-3
1209	120.513605	120.863375	B4	64	87	0	2
1210	120.513605	121.064063	B2	64	76	1	-4
1211	120.788834	121.216586	F#3	64	80	1	-2
1212	120.788834	121.221173	D#4	64	83	0	4
1213	120.788834	121.223466	B3	64	82	1	-2
1214	120.926448	121.038833	C#5	64	84	0	4
1215	121.064063	121.262457	D#5	64	84	0	1
1216	121.064063	121.339292	F#2	64	77	1	-4
1217	121.339292	121.522778	F#5	64	86	0	4
1218	121.339292	121.504429	F#3	64	82	1	-2
1219	121.339292	121.541126	B3	64	84	1	-2
1220	121.339292	121.543420	D#4	64	85	0	4
1221	121.339292	121.614521	B2	64	81	1	-4
1222	121.614521	121.806034	G#5	64	81	0	1
1223	121.614521	122.164979	G#2	64	81	1	-2
1224	121.889750	122.061768	B5	64	86	0	4
1225	121.889750	122.081263	G#3	64	74	1	-5
1226	121.889750	122.104199	D#4	64	85	0	4
1227	121.889750	122.135162	B3	64	80	1	-2
1228	122.164979	122.340437	G#5	64	81	0	1
1229	122.164979	122.440208	D#2	64	81	1	-2
1230	122.164979	122.445942	D#3	64	81	1	-5
1231	122.440208	122.592731	F#5	64	81	0	4
1232	122.440208	122.643189	D#4	64	85	0	4
1233	122.440208	122.651217	B3	64	85	1	-2
1234	122.440208	122.676446	G#3	64	80	1	-5
1235	122.440208	122.715437	G#2	64	81	1	-2
1236	122.715437	124.366811	F#5	64	86	0	4
1237	122.715437	123.265895	F#2	64	81	1	-4
1238	122.990666	123.308326	A#3	64	81	1	-3
1239	122.990666	123.309473	C#4	64	81	0	2
1240	122.990666	123.338142	F#3	64	81	1	-2
1241	123.265895	123.479197	C#3	64	75	1	-2
1242	123.265895	123.541124	C#2	64	81	1	-4
1243	123.541124	123.668417	A#3	64	81	1	-3
1244	123.541124	123.683325	F#3	64	80	1	-2
1245	123.541124	123.685619	C#4	64	80	0	2
1246	123.541124	123.816353	D#2	64	81	1	-2
1247	123.816353	123.959701	A#3	64	86	1	-3
1248	123.816353	123.967729	F#3	64	82	1	-2
1249	123.816353	123.974609	C#4	64	85	0	2
1250	123.816353	124.091582	F#2	64	81	1	-4
1251	124.091582	124.366811	F#2	64	81	1	-4
1252	124.091582	124.513600	A#3	64	84	1	-3
1253	124.091582	124.522774	F#3	64	82	1	-2
1254	124.091582	124.530801	C#4	64	83	0	2
1255	124.366811	124.892039	G#5	64	82	0	1
1256	124.642040	124.845021	F#3	64	81	1	-2
1257	124.642040	124.854195	A#3	64	82	1	-3
1258	124.642040	124.857636	C#4	64	84	0	2
1259	124.642040	124.917269	C#2	64	81	1	-4
1260	124.917269	125.017039	F#5	64	89	0	4
1261	124.917269	125.346167	B2	64	84	1	-4
1262	125.192498	125.302589	F#5	64	84	0	4
1263	125.192498	125.506718	D#4	64	81	0	4
1264	125.192498	125.519332	B3	64	81	1	-2
1265	125.192498	125.526213	F#3	64	79	1	-2
1266	125.467727	125.575525	F#5	64	86	0	4
1267	125.467727	125.742956	F#2	64	74	1	-4
1268	125.742956	125.845020	F#5	64	86	0	4
1269	125.742956	125.878277	B3	64	80	1	-2
1270	125.742956	125.879424	F#3	64	78	1	-2
1271	125.742956	125.880570	D#4	64	81	0	4
1272	125.742956	126.018185	G#2	64	74	1	-2
1273	126.018185	126.132864	F#5	64	91	0	4
1274	126.018185	126.424148	B2	64	69	1	-4
1275	126.293414	126.416120	G#5	64	82	0	1
1276	126.293414	126.420707	B3	64	80	1	-2
1277	126.293414	126.423001	F#3	64	78	1	-2
1278	126.293414	126.440203	D#4	64	82	0	4
1279	126.431028	126.529652	F#5	64	84	0	4
1280	126.568643	126.709698	D#5	64	87	0	1
1281	126.568643	126.843872	F#2	64	73	1	-4
1282	126.843872	126.963138	C#5	64	87	0	4
1283	126.843872	127.012450	B3	64	80	1	-2
1284	126.843872	127.020477	F#3	64	80	1	-2
1285	126.843872	127.113367	D#4	64	83	0	4
1286	126.843872	127.119101	B2	64	81	1	-4
1287	127.119101	127.269330	B4	64	89	0	2
1288	127.119101	127.564054	E2	64	73	1	-1
1289	127.394330	127.502128	C#5	64	82	0	4
1290	127.394330	127.815201	E3	64	76	1	-4
1291	127.394330	127.823228	G#3	64	72	1	-5
1292	127.394330	127.845017	B3	64	78	1	-2
1293	127.531944	127.624834	B4	64	77	0	2
1294	127.669559	127.875981	G#4	64	84	0	4
1295	127.669559	127.944788	G#2	64	78	1	-2
1296	127.944788	128.184466	B4	64	84	0	2
1297	127.944788	128.091577	E3	64	81	1	-4
1298	127.944788	128.097311	G#3	64	80	1	-5
1299	127.944788	128.134008	B3	64	82	1	-2
1300	127.944788	128.220017	B2	64	81	1	-4
1301	128.220017	128.960842	F#4	64	85	0	2
1302	128.220017	128.614512	F#2	64	77	1	-4
1303	128.495246	128.880566	A#3	64	74	1	-3
1304	128.495246	128.882860	F#3	64	79	1	-2
1305	128.495246	128.894328	C#4	64	80	0	2
1306	128.770475	129.045704	C#3	64	76	1	-2
1307	129.045704	129.206254	A#3	64	81	1	-3
1308	129.045704	129.222309	F#3	64	80	1	-2
1309	129.045704	129.242951	C#4	64	82	0	2
1310	129.045704	129.320933	F#2	64	81	1	-4
1311	129.320933	129.715428	B4	64	87	0	2
1312	129.320933	129.689052	B2	64	60	1	-4
1313	129.596162	129.778501	F#3	64	80	1	-2
1314	129.596162	129.779648	B3	64	81	1	-2
1315	129.596162	129.804877	D#4	64	82	0	4
1316	129.871391	130.085840	G#4	64	82	0	4
1317	129.871391	130.207400	F#2	64	80	1	-4
1318	130.146620	130.370243	F#4	64	81	0	2
1319	130.146620	130.281941	F#3	64	78	1	-2
1320	130.146620	130.284234	B3	64	80	1	-2
1321	130.146620	130.288821	D#4	64	81	0	4
1322	130.421849	130.768179	B4	64	82	0	2
1323	130.421849	130.906940	B2	64	74	1	-4
1324	130.697078	131.019325	D#4	64	82	0	4
1325	130.697078	131.027353	F#3	64	80	1	-2
1326	130.697078	131.043408	B3	64	81	1	-2
1327	130.972307	131.210839	G#4	64	84	0	4
1328	130.972307	131.324371	F#2	64	80	1	-4
1329	131.247536	131.429875	F#4	64	82	0	2
1330	131.247536	131.389737	F#3	64	79	1	-2
1331	131.247536	131.411526	B3	64	80	1	-2
1332	131.247536	131.420701	D#4	64	81	0	4
1333	131.522765	131.672994	B4	64	91	0	2
1334	131.522765	131.913819	G#2	64	76	1	-2
1335	131.797994	131.939049	C#5	64	87	0	4
1336	131.797994	132.234920	G#3	64	79	1	-5
1337	131.797994	132.240654	B3	64	81	1	-2
1338	131.797994	132.241801	D#4	64	82	0	4
1339	132.073223	132.203957	D#5	64	85	0	1
1340	132.073223	132.525057	D#3	64	79	1	-5
1341	132.210837	132.356479	C#5	64	84	0	4
1342	132.348452	132.498681	B4	64	91	0	2
1343	132.348452	132.510149	G#3	64	80	1	-5
1344	132.348452	132.512442	B3	64	81	1	-2
1345	132.348452	132.538819	D#4	64	83	0	4
1346	132.623681	133.445927	C#5	64	94	0	4
1347	132.898910	133.271616	A#3	64	80	1	-3
1348	132.898910	133.279643	F#3	64	80	1	-2
1349	132.898910	133.284230	C#4	64	80	0	2
1350	133.174139	133.184460	F#2	64	79	1	-4
1351	133.449368	133.595010	A#3	64	83	1	-3
1352	133.449368	133.609918	F#3	64	80	1	-2
1353	133.449368	133.625973	C#4	64	81	0	2
1354	133.449368	133.724597	G#2	64	81	1	-2
1355	133.724597	133.855331	F#5	64	83	0	4
1356	133.724597	134.203954	B2	64	81	1	-4
1357	133.999826	134.160376	F#5	64	82	0	4
1358	133.999826	134.397761	F#3	64	81	1	-2
1359	133.999826	134.397761	D#4	64	83	0	4
1360	133.999826	134.405789	B3	64	82	1	-2
1361	134.275055	134.420697	F#5	64	85	0	4
1362	134.275055	134.550284	B2	64	81	1	-4
1363	134.550284	134.674137	F#5	64	84	0	4
1364	134.550284	134.702807	F#3	64	79	1	-2
1365	134.550284	134.730329	B3	64	81	1	-2
1366	134.550284	134.738357	D#4	64	82	0	4
1367	134.550284	134.825513	F#2	64	81	1	-4
1368	134.825513	134.944779	F#5	64	89	0	4
1369	134.825513	135.237210	D#2	64	80	1	-2
1370	135.100742	135.199366	G#5	64	81	0	1
1371	135.100742	135.522760	A#3	64	77	1	-3
1372	135.100742	135.534227	D#4	64	80	0	4
1373	135.100742	135.539961	F#4	64	78	0	2
1374	135.238356	135.322072	F#5	64	87	0	4
1375	135.375971	135.515879	D#5	64	85	0	1
1376	135.375971	135.745236	A#2	64	80	1	-5
1377	135.651200	135.781934	F#5	64	86	0	4
1378	135.651200	135.799135	F#4	64	80	0	2
1379	135.651200	135.842713	D#4	64	83	0	4
1380	135.651200	135.845007	A#3	64	82	1	-3
1381	135.926429	136.201658	G#5	64	82	0	1
1382	135.926429	136.325511	G#2	64	77	1	-2
1383	136.201658	136.611061	D#4	64	81	0	4
1384	136.201658	136.614501	G#3	64	75	1	-5
1385	136.201658	136.616795	B3	64	75	1	-2
1386	136.476887	136.904639	B5	64	82	0	4
1387	136.476887	136.752116	D#2	64	76	1	-2
1388	136.752116	136.917253	B3	64	81	1	-2
1389	136.752116	136.925281	G#3	64	81	1	-5
1390	136.752116	136.926427	D#4	64	84	0	4
1391	136.752116	137.027345	F#2	64	81	1	-4
1392	137.027345	137.247528	G#5	64	80	0	1
1393	137.302574	137.502115	F#5	64	83	0	4
1394	137.302574	137.422986	F#3	64	78	1	-2
1395	137.302574	137.464271	A#3	64	79	1	-3
1396	137.302574	137.521610	F#2	64	89	1	-4
1397	137.577803	138.015876	G#5	64	82	0	1
1398	137.577803	137.931013	G#2	64	85	1	-2
1399	137.577803	137.994087	G#3	64	73	1	-5
1400	137.577803	138.012435	B3	64	81	1	-2
1401	138.010142	139.185599	C#3	64	71	1	-2
1402	138.077802	139.179865	F#2	64	73	1	-4
1403	138.128261	139.018168	A#3	64	75	1	-3
1404	138.128261	139.186746	F#3	64	78	1	-2
1405	138.403490	138.653489	F#5	64	83	0	4
1406	138.678719	138.947067	B5	64	91	0	4
1407	138.953948	139.073214	A#5	64	85	0	3
1408	139.213122	140.208533	F#2	64	74	1	-4
1409	139.229177	139.467709	D#5	64	82	0	1
1410	139.229177	139.706240	A#3	64	76	1	-3
1411	139.229177	139.717708	C#4	64	76	0	2
1412	139.504406	139.655782	F#5	64	82	0	4
1413	139.779635	139.992937	D#5	64	85	0	1
1414	139.779635	140.185598	A#3	64	77	1	-3
1415	139.779635	140.185598	F#4	64	72	0	2
1416	139.779635	140.207387	C#4	64	73	0	2
1417	140.054864	140.312891	C#5	64	86	0	4
1418	140.330093	142.053714	B4	64	81	0	2
1419	140.330093	140.741790	B2	64	80	1	-4
1420	140.605322	140.870230	D#4	64	80	0	4
1421	140.605322	140.870230	F#4	64	74	0	2
1422	140.605322	140.873670	B3	64	76	1	-2
1423	140.880551	141.088119	F#2	64	82	1	-4
1424	141.155780	141.297981	D#4	64	78	0	4
1425	141.155780	141.300275	F#4	64	74	0	2
1426	141.155780	141.312890	G#2	64	85	1	-2
1427	141.155780	141.326651	B3	64	74	1	-2
1428	141.431009	141.908072	B2	64	74	1	-4
1429	141.706238	142.076650	D#4	64	77	0	4
1430	141.706238	142.076650	F#4	64	73	0	2
1431	141.706238	142.099586	B3	64	75	1	-2
1432	141.981467	142.185595	F#2	64	80	1	-4
1433	142.256696	142.372521	D#4	64	78	0	4
1434	142.256696	142.375962	F#4	64	73	0	2
1435	142.256696	142.389723	B3	64	75	1	-2
1436	142.256696	142.443622	G#2	64	81	1	-2
1437	142.531925	142.732613	F#5	64	82	0	4
1438	142.531925	142.900044	B2	64	80	1	-4
1439	142.807154	142.979172	F#3	64	77	1	-2
1440	142.807154	142.992933	D#4	64	84	0	4
1441	142.807154	142.994080	B3	64	80	1	-2
1442	142.944768	143.036511	F#5	64	81	0	4
1443	143.082383	143.249814	F#5	64	85	0	4
1444	143.082383	143.357612	F#2	64	76	1	-4
1445	143.357612	143.508988	G#5	64	81	0	1
1446	143.357612	143.526190	F#3	64	80	1	-2
1447	143.357612	143.526190	B3	64	80	1	-2
1448	143.357612	143.528483	D#4	64	82	0	4
1449	143.357612	143.632841	G#2	64	81	1	-2
1450	143.632841	144.080088	F#5	64	84	0	4
1451	143.632841	143.995226	B2	64	76	1	-4
1452	143.908070	144.070914	F#3	64	76	1	-2
1453	143.908070	144.076648	B3	64	79	1	-2
1454	143.908070	144.094996	D#4	64	82	0	4
1455	144.183299	144.324354	B5	64	85	0	4
1456	144.183299	144.526188	F#2	64	77	1	-4
1457	144.458528	144.608757	G#5	64	81	0	1
1458	144.458528	144.672977	F#3	64	76	1	-2
1459	144.458528	144.689032	B3	64	75	1	-2
1460	144.458528	144.689032	D#4	64	81	0	4
1461	144.733757	145.050270	F#5	64	82	0	4
1462	144.733757	145.171830	B2	64	72	1	-4
1463	145.008986	145.307151	F#3	64	75	1	-2
1464	145.008986	145.309444	B3	64	76	1	-2
1465	145.008986	145.314031	D#4	64	76	0	4
1466	145.146600	145.225729	F#5	64	80	0	4
1467	145.284215	145.449352	F#5	64	81	0	4
1468	145.284215	145.559444	F#2	64	77	1	-4
1469	145.559444	145.710820	G#5	64	84	0	1
1470	145.559444	145.736049	F#3	64	72	1	-2
1471	145.559444	145.740636	B3	64	74	1	-2
1472	145.559444	145.748664	D#4	64	75	0	4
1473	145.559444	145.834673	G#2	64	81	1	-2
1474	145.834673	146.497516	F#5	64	86	0	4
1475	145.834673	146.302562	B2	64	73	1	-4
1476	146.109902	146.500956	F#3	64	81	1	-2
1477	146.109902	146.508984	D#4	64	82	0	4
1478	146.109902	146.515865	B3	64	81	1	-2
1479	146.385131	146.935589	F#2	64	81	1	-4
1480	146.660360	146.861048	F#3	64	81	1	-2
1481	146.660360	146.863341	B3	64	83	1	-2
1482	146.660360	146.879396	D#4	64	83	0	4
1483	146.935589	147.246368	F#5	64	86	0	4
1484	146.935589	147.308295	B2	64	72	1	-4
1485	147.210818	147.577790	F#3	64	80	1	-2
1486	147.210818	147.581230	D#4	64	83	0	4
1487	147.210818	147.589258	B3	64	80	1	-2
1488	147.348432	147.426414	F#5	64	81	0	4
1489	147.486047	147.675267	F#5	64	83	0	4
1490	147.486047	147.761276	F#2	64	81	1	-4
1491	147.761276	147.911505	G#5	64	82	0	1
1492	147.761276	147.937881	F#3	64	81	1	-2
1493	147.761276	147.969991	B3	64	82	1	-2
1494	147.761276	148.034211	D#4	64	83	0	4
1495	147.761276	148.036505	B2	64	81	1	-4
1496	148.036505	148.453935	B5	64	87	0	4
1497	148.036505	148.403477	G#2	64	81	1	-2
1498	148.311734	148.749807	G#3	64	78	1	-5
1499	148.311734	148.754394	B3	64	83	1	-2
1500	148.311734	148.756687	D#4	64	85	0	4
1501	148.586963	148.816320	G#5	64	81	0	1
1502	148.586963	149.069760	D#2	64	78	1	-2
1503	148.862192	149.051412	F#5	64	81	0	4
1504	148.862192	149.045678	B3	64	83	1	-2
1505	148.862192	149.076641	G#3	64	80	1	-5
1506	148.862192	149.103017	D#4	64	84	0	4
1507	149.137421	149.325494	D#5	64	84	0	1
1508	149.137421	149.518154	F#2	64	73	1	-4
1509	149.412650	149.552558	D#5	64	81	0	1
1510	149.412650	149.550264	E4	64	73	0	5
1511	149.412650	149.831227	F#3	64	77	1	-2
1512	149.412650	149.831227	A#3	64	81	1	-3
1513	149.412650	149.831227	D#4	64	80	0	4
1514	149.687879	149.888567	C#5	64	84	0	4
1515	149.687879	149.963108	C#2	64	75	1	-4
1516	149.963108	150.123658	D#5	64	87	0	1
1517	149.963108	150.123658	D#4	64	86	0	4
1518	149.963108	150.127098	A#3	64	85	1	-3
1519	149.963108	150.136273	F#3	64	81	1	-2
1520	149.963108	150.238337	D#2	64	81	1	-2
1521	150.238337	151.005538	F#5	64	81	0	4
1522	150.238337	150.534208	F#2	64	78	1	-4
1523	150.513566	150.919529	C#4	64	78	0	2
1524	150.513566	150.920675	F#3	64	77	1	-2
1525	150.513566	150.927556	A#3	64	78	1	-3
1526	150.788795	151.064024	C#2	64	78	1	-4
1527	151.064024	151.223427	F#3	64	81	1	-2
1528	151.064024	151.223427	A#3	64	84	1	-3
1529	151.064024	151.231455	C#4	64	81	0	2
1530	151.064024	151.339253	F#2	64	81	1	-4
1531	151.339253	151.646592	C#5	64	87	0	4
1532	151.339253	151.502097	C#3	64	74	1	-2
1533	151.339253	151.600720	E3	64	76	1	-4
1534	151.339253	151.614482	C#2	64	81	1	-4
1535	151.614482	152.013564	G#3	64	73	1	-5
1536	151.614482	152.021591	C#4	64	76	0	2
1537	151.614482	152.029619	E4	64	72	0	5
1538	151.752096	151.830078	C#5	64	80	0	4
1539	151.889711	152.041087	C#5	64	82	0	4
1540	151.889711	152.180995	G#2	64	77	1	-2
1541	152.164940	152.332371	D#5	64	84	0	1
1542	152.164940	152.387417	C#4	64	83	0	2
1543	152.164940	152.398884	E4	64	82	0	5
1544	152.164940	152.400031	G#3	64	81	1	-5
1545	152.164940	152.440169	B2	64	81	1	-4
1546	152.440169	152.830077	C#5	64	85	0	4
1547	152.440169	152.754389	C#3	64	69	1	-2
1548	152.715398	153.050260	E4	64	80	0	5
1549	152.715398	153.060581	C#4	64	80	0	2
1550	152.715398	153.070902	G#3	64	80	1	-5
1551	152.990627	153.161498	D#5	64	82	0	1
1552	152.990627	153.541085	G#2	64	65	1	-2
1553	153.265856	153.388562	C#5	64	85	0	4
1554	153.265856	153.463103	C#4	64	77	0	2
1555	153.265856	153.468837	G#3	64	77	1	-5
1556	153.265856	153.505534	E4	64	81	0	5
1557	153.541085	153.693608	B4	64	87	0	2
1558	153.541085	153.896589	E2	64	78	1	-1
1559	153.816314	153.930993	C#5	64	82	0	4
1560	153.816314	154.176405	E3	64	76	1	-4
1561	153.816314	154.182139	B3	64	80	1	-2
1562	153.816314	154.199341	G#3	64	74	1	-5
1563	153.953928	154.059433	B4	64	82	0	2
1564	154.091543	154.268148	G#4	64	81	0	4
1565	154.091543	154.366772	B1	64	80	1	-1
1566	154.366772	154.584661	B4	64	81	0	2
1567	154.366772	154.555992	E3	64	81	1	-4
1568	154.366772	154.559432	G#3	64	80	1	-5
1569	154.366772	154.594983	B3	64	80	1	-2
1570	154.366772	154.642001	C#2	64	81	1	-4
1571	154.642001	155.437871	F#4	64	82	0	2
1572	154.642001	154.996358	F#2	64	81	1	-4
1573	154.917230	155.327780	F#3	64	80	1	-2
1574	154.917230	155.340394	C#4	64	81	0	2
1575	154.917230	155.344982	A#3	64	80	1	-3
1576	155.192459	155.589247	C#2	64	78	1	-4
1577	155.467688	155.647733	F#3	64	80	1	-2
1578	155.467688	155.671816	C#4	64	81	0	2
1579	155.467688	155.678697	A#3	64	81	1	-3
1580	155.742917	156.092687	B4	64	87	0	2
1581	155.742917	156.293375	B2	64	76	1	-4
1582	156.018146	156.445898	F#3	64	80	1	-2
1583	156.018146	156.450485	D#4	64	83	0	4
1584	156.018146	156.452778	B3	64	82	1	-2
1585	156.155760	156.268145	C#5	64	84	0	4
1586	156.293375	156.491769	D#5	64	84	0	1
1587	156.293375	156.568604	F#2	64	77	1	-4
1588	156.568604	156.752090	F#5	64	86	0	4
1589	156.568604	156.733741	F#3	64	82	1	-2
1590	156.568604	156.770438	B3	64	84	1	-2
1591	156.568604	156.772732	D#4	64	85	0	4
1592	156.568604	156.843833	B2	64	81	1	-4
1593	156.843833	157.035346	G#5	64	81	0	1
1594	156.843833	157.394291	G#2	64	81	1	-2
1595	157.119062	157.291080	B5	64	86	0	4
1596	157.119062	157.310575	G#3	64	74	1	-5
1597	157.119062	157.333511	D#4	64	85	0	4
1598	157.119062	157.364474	B3	64	80	1	-2
1599	157.394291	157.569749	G#5	64	81	0	1
1600	157.394291	157.669520	D#2	64	81	1	-2
1601	157.394291	157.675254	D#3	64	81	1	-5
1602	157.669520	157.822043	F#5	64	81	0	4
1603	157.669520	157.872501	D#4	64	85	0	4
1604	157.669520	157.880529	B3	64	85	1	-2
1605	157.669520	157.905758	G#3	64	80	1	-5
1606	157.669520	157.944749	G#2	64	81	1	-2
1607	157.944749	159.596123	F#5	64	86	0	4
1608	157.944749	158.495207	F#2	64	81	1	-4
1609	158.219978	158.537638	A#3	64	81	1	-3
1610	158.219978	158.538785	C#4	64	81	0	2
1611	158.219978	158.567454	F#3	64	81	1	-2
1612	158.495207	158.708509	C#3	64	75	1	-2
1613	158.495207	158.770436	C#2	64	81	1	-4
1614	158.770436	158.897729	A#3	64	81	1	-3
1615	158.770436	158.912637	F#3	64	80	1	-2
1616	158.770436	158.914931	C#4	64	80	0	2
1617	158.770436	159.045665	D#2	64	81	1	-2
1618	159.045665	159.189013	A#3	64	86	1	-3
1619	159.045665	159.197041	F#3	64	82	1	-2
1620	159.045665	159.203921	C#4	64	85	0	2
1621	159.045665	159.320894	F#2	64	81	1	-4
1622	159.320894	159.596123	F#2	64	81	1	-4
1623	159.320894	159.742912	A#3	64	84	1	-3
1624	159.320894	159.752086	F#3	64	82	1	-2
1625	159.320894	159.760113	C#4	64	83	0	2
1626	159.596123	160.121351	G#5	64	82	0	1
1627	159.871352	160.074333	F#3	64	81	1	-2
1628	159.871352	160.083507	A#3	64	82	1	-3
1629	159.871352	160.086948	C#4	64	84	0	2
1630	159.871352	160.146581	C#2	64	81	1	-4
1631	160.146581	160.246351	F#5	64	89	0	4
1632	160.146581	160.575479	B2	64	84	1	-4
1633	160.421810	160.531901	F#5	64	84	0	4
1634	160.421810	160.736030	D#4	64	81	0	4
1635	160.421810	160.748644	B3	64	81	1	-2
1636	160.421810	160.755525	F#3	64	79	1	-2
1637	160.697039	160.804837	F#5	64	86	0	4
1638	160.697039	160.972268	F#2	64	74	1	-4
1639	160.972268	161.074332	F#5	64	86	0	4
1640	160.972268	161.107589	B3	64	80	1	-2
1641	160.972268	161.108736	F#3	64	78	1	-2
1642	160.972268	161.109882	D#4	64	81	0	4
1643	160.972268	161.247497	G#2	64	74	1	-2
1644	161.247497	161.362176	F#5	64	91	0	4
1645	161.247497	161.653460	B2	64	69	1	-4
1646	161.522726	161.645432	G#5	64	82	0	1
1647	161.522726	161.650019	B3	64	80	1	-2
1648	161.522726	161.652313	F#3	64	78	1	-2
1649	161.522726	161.669515	D#4	64	82	0	4
1650	161.660340	161.758964	F#5	64	84	0	4
1651	161.797955	161.939010	D#5	64	87	0	1
1652	161.797955	162.073184	F#2	64	73	1	-4
1653	162.073184	162.192450	C#5	64	87	0	4
1654	162.073184	162.241762	B3	64	80	1	-2
1655	162.073184	162.249789	F#3	64	80	1	-2
1656	162.073184	162.342679	D#4	64	83	0	4
1657	162.073184	162.348413	B2	64	81	1	-4
1658	162.348413	162.498642	B4	64	89	0	2
1659	162.348413	162.793366	E2	64	73	1	-1
1660	162.623642	162.731440	C#5	64	82	0	4
1661	162.623642	163.044513	E3	64	76	1	-4
1662	162.623642	163.052540	G#3	64	72	1	-5
1663	162.623642	163.074329	B3	64	78	1	-2
1664	162.761256	162.854146	B4	64	77	0	2
1665	162.898871	163.105293	G#4	64	84	0	4
1666	162.898871	163.174100	G#2	64	78	1	-2
1667	163.174100	163.413778	B4	64	84	0	2
1668	163.174100	163.320889	E3	64	81	1	-4
1669	163.174100	163.326623	G#3	64	80	1	-5
1670	163.174100	163.363320	B3	64	82	1	-2
1671	163.174100	163.449329	B2	64	81	1	-4
1672	163.449329	164.190154	F#4	64	85	0	2
1673	163.449329	163.843824	F#2	64	77	1	-4
1674	163.724558	164.109878	A#3	64	74	1	-3
1675	163.724558	164.112172	F#3	64	79	1	-2
1676	163.724558	164.123640	C#4	64	80	0	2
1677	163.999787	164.275016	C#3	64	76	1	-2
1678	164.275016	164.435566	A#3	64	81	1	-3
1679	164.275016	164.451621	F#3	64	80	1	-2
1680	164.275016	164.472263	C#4	64	82	0	2
1681	164.275016	164.550245	F#2	64	81	1	-4
1682	164.550245	164.944740	B4	64	87	0	2
1683	164.550245	164.918364	B2	64	60	1	-4
1684	164.825474	165.007813	F#3	64	80	1	-2
1685	164.825474	165.008960	B3	64	81	1	-2
1686	164.825474	165.034189	D#4	64	82	0	4
1687	165.100703	165.315152	G#4	64	82	0	4
1688	165.100703	165.436712	F#2	64	80	1	-4
1689	165.375932	165.599555	F#4	64	81	0	2
1690	165.375932	165.511253	F#3	64	78	1	-2
1691	165.375932	165.513546	B3	64	80	1	-2
1692	165.375932	165.518133	D#4	64	81	0	4
1693	165.651161	165.997491	B4	64	82	0	2
1694	165.651161	166.136252	B2	64	74	1	-4
1695	165.926390	166.248637	D#4	64	82	0	4
1696	165.926390	166.256665	F#3	64	80	1	-2
1697	165.926390	166.272720	B3	64	81	1	-2
1698	166.201619	166.440151	G#4	64	84	0	4
1699	166.201619	166.553683	F#2	64	80	1	-4
1700	166.476848	166.659187	F#4	64	82	0	2
1701	166.476848	166.619049	F#3	64	79	1	-2
1702	166.476848	166.640838	B3	64	80	1	-2
1703	166.476848	166.650013	D#4	64	81	0	4
1704	166.752077	166.902306	B4	64	91	0	2
1705	166.752077	167.143131	G#2	64	76	1	-2
1706	167.027306	167.168361	C#5	64	87	0	4
1707	167.027306	167.464232	G#3	64	79	1	-5
1708	167.027306	167.469966	B3	64	81	1	-2
1709	167.027306	167.471113	D#4	64	82	0	4
1710	167.302535	167.433269	D#5	64	85	0	1
1711	167.302535	167.754369	D#3	64	79	1	-5
1712	167.440149	167.585791	C#5	64	84	0	4
1713	167.577764	167.727993	B4	64	91	0	2
1714	167.577764	167.739461	G#3	64	80	1	-5
1715	167.577764	167.741754	B3	64	81	1	-2
1716	167.577764	167.768131	D#4	64	83	0	4
1717	167.852993	168.675239	C#5	64	94	0	4
1718	168.128222	168.500928	A#3	64	80	1	-3
1719	168.128222	168.508955	F#3	64	80	1	-2
1720	168.128222	168.513542	C#4	64	80	0	2
1721	168.403451	168.413772	F#2	64	79	1	-4
1722	168.678680	168.824322	A#3	64	83	1	-3
1723	168.678680	168.839230	F#3	64	80	1	-2
1724	168.678680	168.855285	C#4	64	81	0	2
1725	168.678680	168.953909	G#2	64	81	1	-2
1726	168.953909	169.084643	F#5	64	83	0	4
1727	168.953909	169.433266	B2	64	81	1	-4
1728	169.229138	169.389688	F#5	64	82	0	4
1729	169.229138	169.627073	F#3	64	81	1	-2
1730	169.229138	169.627073	D#4	64	83	0	4
1731	169.229138	169.635101	B3	64	82	1	-2
1732	169.504367	169.650009	F#5	64	85	0	4
1733	169.504367	169.779596	B2	64	81	1	-4
1734	169.779596	169.903449	F#5	64	84	0	4
1735	169.779596	169.932119	F#3	64	79	1	-2
1736	169.779596	169.959641	B3	64	81	1	-2
1737	169.779596	169.967669	D#4	64	82	0	4
1738	169.779596	170.054825	F#2	64	81	1	-4
1739	170.054825	170.174091	F#5	64	89	0	4
1740	170.054825	170.466522	D#2	64	80	1	-2
1741	170.330054	170.428678	G#5	64	81	0	1
1742	170.330054	170.752072	A#3	64	77	1	-3
1743	170.330054	170.763539	D#4	64	80	0	4
1744	170.330054	170.769273	F#4	64	78	0	2
1745	170.467668	170.551384	F#5	64	87	0	4
1746	170.605283	170.745191	D#5	64	85	0	1
1747	170.605283	170.974548	A#2	64	80	1	-5
1748	170.880512	171.011246	F#5	64	86	0	4
1749	170.880512	171.028447	F#4	64	80	0	2
1750	170.880512	171.072025	D#4	64	83	0	4
1751	170.880512	171.074319	A#3	64	82	1	-3
1752	171.155741	171.430970	G#5	64	82	0	1
1753	171.155741	171.554823	G#2	64	77	1	-2
1754	171.430970	171.840373	D#4	64	81	0	4
1755	171.430970	171.843813	G#3	64	75	1	-5
1756	171.430970	171.846107	B3	64	75	1	-2
1757	171.706199	172.133951	B5	64	82	0	4
1758	171.706199	171.981428	D#2	64	76	1	-2
1759	171.981428	172.146565	B3	64	81	1	-2
1760	171.981428	172.154593	G#3	64	81	1	-5
1761	171.981428	172.155740	D#4	64	84	0	4
1762	171.981428	172.256657	F#2	64	81	1	-4
1763	172.256657	172.476840	G#5	64	80	0	1
1764	172.531886	172.731427	F#5	64	83	0	4
1765	172.531886	172.652298	F#3	64	78	1	-2
1766	172.531886	172.693583	A#3	64	79	1	-3
1767	172.531886	172.750922	F#2	64	89	1	-4
1768	172.807115	173.245188	G#5	64	82	0	1
1769	172.807115	173.160325	G#2	64	85	1	-2
1770	172.807115	173.223399	G#3	64	73	1	-5
1771	172.807115	173.241747	B3	64	81	1	-2
1772	173.239454	174.414911	C#3	64	71	1	-2
1773	173.307114	174.409177	F#2	64	73	1	-4
1774	173.357573	174.247480	A#3	64	75	1	-3
1775	173.357573	174.416058	F#3	64	78	1	-2
1776	173.632802	173.882801	F#5	64	83	0	4
1777	173.908031	174.176379	B5	64	91	0	4
1778	174.183260	174.302526	A#5	64	85	0	3
1779	174.442434	175.437845	F#2	64	74	1	-4
1780	174.458489	174.697021	D#5	64	82	0	1
1781	174.458489	174.935552	A#3	64	76	1	-3
1782	174.458489	174.947020	C#4	64	76	0	2
1783	174.733718	174.885094	F#5	64	82	0	4
1784	175.008947	175.222249	D#5	64	85	0	1
1785	175.008947	175.414910	A#3	64	77	1	-3
1786	175.008947	175.414910	F#4	64	72	0	2
1787	175.008947	175.436699	C#4	64	73	0	2
1788	175.284176	175.542203	C#5	64	86	0	4
1789	175.559405	177.283026	B4	64	81	0	2
1790	175.559405	175.971102	B2	64	80	1	-4
1791	175.834634	176.099542	D#4	64	80	0	4
1792	175.834634	176.099542	F#4	64	74	0	2
1793	175.834634	176.102982	B3	64	76	1	-2
1794	176.109863	176.317431	F#2	64	82	1	-4
1795	176.385092	176.527293	D#4	64	78	0	4
1796	176.385092	176.529587	F#4	64	74	0	2
1797	176.385092	176.542202	G#2	64	85	1	-2
1798	176.385092	176.555963	B3	64	74	1	-2
1799	176.660321	177.137384	B2	64	74	1	-4
1800	176.935550	177.305962	D#4	64	77	0	4
1801	176.935550	177.305962	F#4	64	73	0	2
1802	176.935550	177.328898	B3	64	75	1	-2
1803	177.210779	177.414907	F#2	64	80	1	-4
1804	177.486008	177.601833	D#4	64	78	0	4
1805	177.486008	177.605274	F#4	64	73	0	2
1806	177.486008	177.619035	B3	64	75	1	-2
1807	177.486008	177.672934	G#2	64	81	1	-2
1808	177.761237	178.097246	B2	64	85	1	-4
1809	178.036466	178.350686	D#4	64	81	0	4
1810	178.036466	178.381649	F#3	64	78	1	-2
1811	178.036466	178.385089	B3	64	80	1	-2
1812	178.311695	178.680960	F#2	64	80	1	-4
1813	178.586924	178.747474	F#3	64	81	1	-2
1814	178.586924	178.757795	B3	64	82	1	-2
1815	178.586924	178.793346	D#4	64	81	0	4
1816	178.862153	179.286464	G#2	64	81	1	-2
1817	179.137382	179.538757	G#3	64	81	1	-5
1818	179.137382	179.544491	B3	64	85	1	-2
1819	179.137382	179.551372	D#4	64	86	0	4
1820	179.412611	179.747473	D#3	64	79	1	-5
1821	179.687840	179.881647	D#4	64	91	0	4
1822	179.687840	179.890821	B3	64	91	1	-2
1823	179.687840	179.922931	G#3	64	82	1	-5
1824	179.963069	180.322013	C#2	64	86	1	-4
1825	180.238298	180.609857	C#3	64	75	1	-2
1826	180.238298	180.617884	E3	64	73	1	-4
1827	180.238298	180.630499	G#3	64	71	1	-5
1828	180.513527	180.857563	G#2	64	85	1	-2
1829	180.788756	180.996324	C#3	64	83	1	-2
1830	180.788756	181.019260	E3	64	85	1	-4
1831	180.788756	181.030728	G#3	64	82	1	-5
1832	181.063985	181.490590	F#2	64	82	1	-4
1833	181.339214	181.730268	F#3	64	81	1	-2
1834	181.339214	181.748617	A#3	64	82	1	-3
1835	181.339214	181.780727	C#4	64	80	0	2
1836	181.614443	182.051369	C#3	64	76	1	-2
1837	181.889672	182.149993	F#3	64	83	1	-2
1838	181.889672	182.151139	A#3	64	87	1	-3
1839	181.889672	182.169488	C#4	64	85	0	2
1840	182.440130	182.744028	E2	64	83	1	-1
1841	182.440130	182.770405	E4	64	83	0	5
1842	182.440130	182.773845	B3	64	82	1	-2
1843	182.440130	182.777285	G#4	64	81	0	4
1844	182.852973	183.046780	B3	64	81	1	-2
1845	182.852973	183.084624	E4	64	80	0	5
1846	182.852973	183.108707	G#4	64	81	0	4
1847	182.852973	183.148844	E2	64	82	1	-1
1848	183.265817	183.573156	B1	64	70	1	-1
1849	183.265817	183.576596	B2	64	74	1	-4
1850	183.265817	183.598385	D#4	64	80	0	4
1851	183.265817	183.605266	F#4	64	76	0	2
1852	183.265817	183.608706	B4	64	80	0	2
