//Version: PianoFingering_v170101
0	0.827247	1.014044	F#3	64	76	1	-2
1	0.827247	1.355336	B3	64	78	1	-2
2	0.827247	3.308987	B2	64	84	1	-4
3	1.164325	1.540730	F#3	64	79	1	-2
4	1.501404	1.778089	C#4	64	84	0	2
5	1.838482	2.014044	F#3	64	81	1	-2
6	2.175561	2.328651	F#3	64	83	1	-2
7	2.175561	2.672752	D#4	64	83	0	4
8	2.512639	2.706459	F#3	64	76	1	-2
9	2.849718	3.133426	F#3	64	81	1	-2
10	2.849718	3.202246	D#4	64	82	0	4
11	3.186796	3.491571	B3	64	75	1	-2
12	3.523875	4.011234	G#3	64	75	1	-5
13	3.523875	5.831458	G#2	64	81	1	-2
14	3.860953	4.337077	D#3	64	69	1	-5
15	4.198032	4.619380	G#3	64	78	1	-5
16	4.198032	4.629211	D#4	64	82	0	4
17	4.535110	4.990166	D#3	64	74	1	-5
18	4.872189	5.306177	D#4	64	82	0	4
19	4.872189	5.327245	B3	64	82	1	-2
20	5.209267	5.780896	D#3	64	80	1	-5
21	5.546346	5.703649	B3	64	77	1	-2
22	5.546346	5.806177	D#4	64	85	0	4
23	5.883424	6.244379	B3	64	82	1	-2
24	6.220503	6.846907	C#4	64	76	0	2
25	6.220503	8.412918	C#2	64	83	1	-4
26	6.557581	7.574435	G#2	64	72	1	-2
27	6.894660	7.341289	G#3	64	82	1	-5
28	7.231738	7.408705	C#4	64	77	0	2
29	7.568817	7.751401	G#3	64	81	1	-5
30	7.568817	7.883423	E4	64	79	0	5
31	7.905895	8.363760	G#2	64	67	1	-2
32	8.242974	8.384828	G#3	64	77	1	-5
33	8.242974	8.566007	C#4	64	81	0	2
34	8.580052	8.674153	G#3	64	69	1	-5
35	8.917131	9.367973	F#3	64	80	1	-2
36	8.917131	9.570220	C#4	64	76	0	2
37	8.917131	11.080051	F#2	64	81	1	-4
38	9.254209	10.439602	C#3	64	78	1	-2
39	9.591288	10.039321	F#3	64	81	1	-2
40	9.928366	10.095501	C#4	64	82	0	2
41	10.265445	10.532299	F#3	64	81	1	-2
42	10.265445	10.612355	F#4	64	79	0	2
43	10.265445	10.617973	C#4	64	84	0	2
44	10.602523	11.068815	C#3	64	81	1	-2
45	10.939602	11.112355	F#3	64	81	1	-2
46	10.939602	11.158703	C#4	64	78	0	2
47	11.613759	12.039320	A#3	64	78	1	-3
48	11.613759	12.308983	D#4	64	81	0	4
49	11.613759	13.089882	D#2	64	83	1	-2
50	11.950837	13.058983	A#2	64	72	1	-5
51	12.287916	12.778084	A#3	64	82	1	-3
52	12.624994	12.801961	D#4	64	81	0	4
53	12.962073	13.421342	A#3	64	82	1	-3
54	12.962073	13.484544	F#4	64	80	0	2
55	13.299151	13.901679	A#2	64	75	1	-5
56	13.636230	14.014039	D#4	64	86	0	4
57	13.973308	14.109544	A#3	64	81	1	-3
58	14.310387	14.779488	G#3	64	75	1	-5
59	14.310387	15.029488	B3	64	67	1	-2
60	14.310387	15.814600	G#2	64	82	1	-2
61	14.647465	15.106735	D#3	64	81	1	-5
62	14.984544	15.400274	G#3	64	81	1	-5
63	15.321622	15.726117	D#3	64	73	1	-5
64	15.658701	16.127802	G#3	64	81	1	-5
65	15.658701	16.182577	D#4	64	81	0	4
66	15.995779	16.293532	G#2	64	46	1	-2
67	15.995779	16.335667	D#3	64	77	1	-5
68	16.332858	16.685386	C#4	64	84	0	2
69	16.669936	16.949431	B3	64	86	1	-2
70	17.007015	17.108138	C#2	64	82	1	-4
71	17.007015	18.028082	C#4	64	81	0	2
72	17.344093	18.009823	G#2	64	76	1	-2
73	17.681172	18.002801	E3	64	82	1	-4
74	18.018250	18.401677	G#3	64	81	1	-5
75	18.355329	19.039317	C#4	64	78	0	2
76	18.355329	19.549149	F#2	64	81	1	-4
77	18.692407	19.530890	C#3	64	71	1	-2
78	19.029486	19.429767	F#3	64	84	1	-2
79	19.366564	19.622182	C#4	64	81	0	2
80	19.703643	20.372182	B3	64	81	1	-2
81	19.703643	20.865159	B2	64	84	1	-4
82	20.040721	20.855328	D#3	64	79	1	-5
83	20.377800	20.813193	C#4	64	77	0	2
84	20.714878	20.964878	F#3	64	77	1	-2
85	21.051957	21.245777	F#3	64	81	1	-2
86	21.051957	21.786507	D#4	64	82	0	4
87	21.051957	22.293529	B2	64	78	1	-4
88	21.389035	21.790721	F#3	64	74	1	-2
89	21.726114	22.275271	B3	64	73	1	-2
90	22.063192	22.356732	F#3	64	77	1	-2
91	22.400271	22.629203	F#4	64	86	0	2
92	22.400271	24.647461	B2	64	85	1	-4
93	22.737349	23.313192	F#4	64	85	0	2
94	22.737349	23.196619	F#3	64	76	1	-2
95	23.074428	23.523866	B3	64	83	1	-2
96	23.411506	23.647461	G#4	64	86	0	4
97	23.411506	23.882012	F#3	64	73	1	-2
98	23.748585	23.963472	B4	64	84	0	2
99	23.748585	24.212068	B3	64	79	1	-2
100	23.748585	24.283697	F#4	64	76	0	2
101	24.085663	24.325832	A#4	64	80	0	1
102	24.085663	24.560382	F#3	64	67	1	-2
103	24.422742	24.706450	G#4	64	85	0	4
104	24.422742	24.573023	D#4	64	84	0	4
105	24.759820	25.036506	F#4	64	76	0	2
106	24.759820	24.943809	C#4	64	76	0	2
107	25.096899	27.175550	G#4	64	81	0	4
108	25.096899	25.841281	D#4	64	78	0	4
109	25.096899	27.358134	G#2	64	81	1	-2
110	25.433977	25.821618	D#3	64	73	1	-5
111	25.771056	26.167123	G#3	64	71	1	-5
112	26.108134	26.553359	D#3	64	68	1	-5
113	26.445213	26.866561	B3	64	77	1	-2
114	26.445213	27.007010	D#4	64	82	0	4
115	26.782291	27.351111	D#3	64	70	1	-5
116	27.119370	27.491561	G#3	64	76	1	-5
117	27.119370	27.501392	C#4	64	76	0	2
118	27.456448	27.671336	B3	64	78	1	-2
119	27.793527	28.037909	F#4	64	77	0	2
120	27.793527	27.990156	F#3	64	76	1	-2
121	27.793527	28.470493	D#4	64	81	0	4
122	27.793527	29.341279	B2	64	70	1	-4
123	28.130605	28.665717	F#4	64	81	0	2
124	28.130605	28.537909	F#3	64	80	1	-2
125	28.467684	28.751392	B3	64	81	1	-2
126	28.804762	29.033695	G#4	64	79	0	4
127	28.804762	28.983133	F#3	64	70	1	-2
128	29.141841	29.391841	B4	64	80	0	2
129	29.141841	29.558975	D#4	64	82	0	4
130	29.141841	29.643245	F#3	64	83	1	-2
131	29.478919	29.721897	A#4	64	81	0	1
132	29.478919	30.220492	B2	64	77	1	-4
133	29.815998	30.057571	G#4	64	81	0	4
134	29.815998	30.015436	F#3	64	77	1	-2
135	29.815998	30.504200	B3	64	78	1	-2
136	30.153076	30.450829	F#4	64	80	0	2
137	30.153076	30.455042	F#3	64	74	1	-2
138	30.490155	32.540716	D#4	64	81	0	4
139	30.490155	30.952233	A#3	64	77	1	-3
140	30.490155	31.160098	F#4	64	77	0	2
141	30.490155	31.606727	D#2	64	83	1	-2
142	30.827233	31.459256	A#2	64	68	1	-5
143	31.164312	31.529480	D#4	64	90	0	4
144	31.838469	31.990154	A#3	64	81	1	-3
145	31.838469	32.293525	F#4	64	78	0	2
146	31.838469	32.296334	D#4	64	84	0	4
147	32.175547	32.373581	A#3	64	76	1	-3
148	32.512626	32.650266	A#3	64	77	1	-3
149	32.512626	32.657289	D#2	64	82	1	-2
150	32.512626	32.898862	D#4	64	81	0	4
151	32.849704	33.009817	A#3	64	78	1	-3
152	33.186783	33.404479	C#4	64	78	0	2
153	33.186783	33.845490	G#3	64	74	1	-5
154	33.186783	33.894648	C#4	64	76	0	2
155	33.186783	34.380603	C#2	64	83	1	-4
156	33.523861	34.109535	C#4	64	82	0	2
157	33.523861	34.379198	G#2	64	69	1	-2
158	33.860940	34.261221	E4	64	84	0	5
159	34.198018	34.446614	D#4	64	82	0	4
160	34.198018	34.365153	G#3	64	81	1	-5
161	34.535097	35.110939	F#4	64	78	0	2
162	34.535097	35.007007	A#3	64	80	1	-3
163	34.535097	35.012625	D#4	64	82	0	4
164	34.535097	35.744366	D#2	64	83	1	-2
165	34.872175	35.688186	A#2	64	73	1	-5
166	35.209254	35.459254	D#4	64	77	0	4
167	35.209254	35.345490	A#3	64	79	1	-3
168	35.209254	35.653074	F#4	64	77	0	2
169	35.209254	35.783692	D#4	64	83	0	4
170	35.546332	35.776669	F#4	64	79	0	2
171	35.546332	35.835658	A#3	64	81	1	-3
172	35.883411	36.373579	G#4	64	81	0	4
173	35.883411	36.342680	G#3	64	78	1	-5
174	35.883411	36.432568	B3	64	80	1	-2
175	35.883411	37.058972	G#2	64	82	1	-2
176	36.220489	37.054759	D#3	64	81	1	-5
177	36.557568	36.813186	D#4	64	81	0	4
178	36.557568	36.981725	G#3	64	86	1	-5
179	36.894646	37.171332	C#4	64	77	0	2
180	36.894646	37.061781	B3	64	90	1	-2
181	37.231725	38.332848	B3	64	82	1	-2
182	37.231725	37.605320	B3	64	77	1	-2
183	37.231725	37.662904	D#4	64	79	0	4
184	37.231725	37.712062	G#3	64	72	1	-5
185	37.231725	38.126387	G#2	64	80	1	-2
186	37.568803	38.075826	D#3	64	80	1	-5
187	37.905882	38.063185	G#3	64	81	1	-5
188	37.905882	38.272455	B3	64	83	1	-2
189	38.242960	38.567398	G#3	64	83	1	-5
190	38.580039	38.803353	G#4	64	82	0	4
191	38.580039	39.205039	C#4	64	76	0	2
192	38.580039	39.790712	C#2	64	82	1	-4
193	38.917117	39.522454	G#4	64	81	0	4
194	38.917117	39.769645	G#2	64	71	1	-2
195	39.254196	39.747173	G#3	64	85	1	-5
196	39.591274	39.821611	F#4	64	81	0	2
197	39.591274	39.837061	C#4	64	81	0	2
198	39.928353	40.183971	G#4	64	85	0	4
199	39.928353	40.167117	G#3	64	74	1	-5
200	39.928353	40.762622	C#2	64	83	1	-4
201	39.928353	40.973296	E4	64	81	0	5
202	40.265431	40.526667	F#4	64	81	0	2
203	40.265431	40.737341	G#2	64	70	1	-2
204	40.602510	40.869364	D#4	64	82	0	4
205	40.602510	40.998577	G#3	64	82	1	-5
206	40.939588	41.185375	G#4	64	79	0	4
207	40.939588	41.137622	C#4	64	81	0	2
208	41.276667	43.175542	F#4	64	81	0	2
209	41.276667	41.698015	C#4	64	80	0	2
210	41.276667	41.990150	F#3	64	77	1	-2
211	41.276667	42.450824	F#2	64	82	1	-4
212	41.613745	42.439588	C#3	64	78	1	-2
213	41.950824	42.462060	C#4	64	82	0	2
214	42.287902	42.474700	F#3	64	24	1	-2
215	42.624981	42.752790	C#4	64	84	0	2
216	42.624981	42.758408	F#3	64	84	1	-2
217	42.624981	42.832846	F#4	64	81	0	2
218	42.624981	43.796329	F#2	64	81	1	-4
219	42.962059	43.103913	G#4	64	82	0	4
220	43.299138	43.530879	B4	64	81	0	2
221	43.636216	43.813183	C#5	64	90	0	4
222	43.973295	44.202227	F#4	64	86	0	2
223	43.973295	46.220485	B2	64	85	1	-4
224	44.310373	44.886216	F#4	64	85	0	2
225	44.310373	44.769643	F#3	64	76	1	-2
226	44.647452	45.096890	B3	64	83	1	-2
227	44.984530	45.220485	G#4	64	86	0	4
228	44.984530	45.455036	F#3	64	73	1	-2
229	45.321609	45.536496	B4	64	84	0	2
230	45.321609	45.785092	B3	64	79	1	-2
231	45.321609	45.856721	F#4	64	76	0	2
232	45.658687	45.898856	A#4	64	80	0	1
233	45.658687	46.133406	F#3	64	67	1	-2
234	45.995766	46.279474	G#4	64	85	0	4
235	45.995766	46.146047	D#4	64	84	0	4
236	46.332844	46.609530	F#4	64	76	0	2
237	46.332844	46.516833	C#4	64	76	0	2
238	46.669923	48.748574	G#4	64	81	0	4
239	46.669923	47.414305	D#4	64	78	0	4
240	46.669923	48.931158	G#2	64	81	1	-2
241	47.007001	47.394642	D#3	64	73	1	-5
242	47.344080	47.740147	G#3	64	71	1	-5
243	47.681158	48.126383	D#3	64	68	1	-5
244	48.018237	48.439585	B3	64	77	1	-2
245	48.018237	48.580034	D#4	64	82	0	4
246	48.355315	48.924135	D#3	64	70	1	-5
247	48.692394	49.064585	G#3	64	76	1	-5
248	48.692394	49.074416	C#4	64	76	0	2
249	49.029472	49.244360	B3	64	78	1	-2
250	49.366551	49.610933	F#4	64	77	0	2
251	49.366551	49.563180	F#3	64	76	1	-2
252	49.366551	50.043517	D#4	64	81	0	4
253	49.366551	50.914303	B2	64	70	1	-4
254	49.703629	50.238741	F#4	64	81	0	2
255	49.703629	50.110933	F#3	64	80	1	-2
256	50.040708	50.324416	B3	64	81	1	-2
257	50.377786	50.606719	G#4	64	79	0	4
258	50.377786	50.556157	F#3	64	70	1	-2
259	50.714865	50.964865	B4	64	80	0	2
260	50.714865	51.131999	D#4	64	82	0	4
261	50.714865	51.216269	F#3	64	83	1	-2
262	51.051943	51.294921	A#4	64	81	0	1
263	51.051943	51.793516	B2	64	77	1	-4
264	51.389022	51.630595	G#4	64	81	0	4
265	51.389022	51.588460	F#3	64	77	1	-2
266	51.389022	52.077224	B3	64	78	1	-2
267	51.726100	52.023853	F#4	64	80	0	2
268	51.726100	52.028066	F#3	64	74	1	-2
269	52.063179	54.113740	D#4	64	81	0	4
270	52.063179	52.525257	A#3	64	77	1	-3
271	52.063179	52.733122	F#4	64	77	0	2
272	52.063179	53.179751	D#2	64	83	1	-2
273	52.400257	53.032280	A#2	64	68	1	-5
274	52.737336	53.102504	D#4	64	90	0	4
275	53.074414	53.255594	A#3	64	88	1	-3
276	53.411493	53.563178	A#3	64	81	1	-3
277	53.411493	53.866549	F#4	64	78	0	2
278	53.411493	53.869358	D#4	64	84	0	4
279	53.748571	53.946605	A#3	64	76	1	-3
280	54.085650	54.223290	A#3	64	77	1	-3
281	54.085650	54.230313	D#2	64	82	1	-2
282	54.085650	54.471886	D#4	64	81	0	4
283	54.422728	54.582841	A#3	64	78	1	-3
284	54.759807	54.977503	C#4	64	78	0	2
285	54.759807	55.418514	G#3	64	74	1	-5
286	54.759807	55.467672	C#4	64	76	0	2
287	54.759807	55.953627	C#2	64	83	1	-4
288	55.096885	55.682559	C#4	64	82	0	2
289	55.096885	55.952222	G#2	64	69	1	-2
290	55.433964	55.834245	E4	64	84	0	5
291	55.771042	56.019638	D#4	64	82	0	4
292	55.771042	55.938177	G#3	64	81	1	-5
293	56.108121	56.683963	F#4	64	78	0	2
294	56.108121	56.580031	A#3	64	80	1	-3
295	56.108121	56.585649	D#4	64	82	0	4
296	56.108121	57.317390	D#2	64	83	1	-2
297	56.445199	57.261210	A#2	64	73	1	-5
298	56.782278	57.032278	D#4	64	77	0	4
299	56.782278	56.918514	A#3	64	79	1	-3
300	56.782278	57.226098	F#4	64	77	0	2
301	56.782278	57.356716	D#4	64	83	0	4
302	57.119356	57.349693	F#4	64	79	0	2
303	57.119356	57.408682	A#3	64	81	1	-3
304	57.456435	57.946603	G#4	64	81	0	4
305	57.456435	57.915704	G#3	64	78	1	-5
306	57.456435	58.005592	B3	64	80	1	-2
307	57.456435	58.631996	G#2	64	82	1	-2
308	57.793513	58.627783	D#3	64	81	1	-5
309	58.130592	58.386210	D#4	64	81	0	4
310	58.130592	58.554749	G#3	64	86	1	-5
311	58.467670	58.744356	C#4	64	77	0	2
312	58.467670	58.634805	B3	64	90	1	-2
313	58.804749	59.905872	B3	64	82	1	-2
314	58.804749	59.178344	B3	64	77	1	-2
315	58.804749	59.235928	D#4	64	79	0	4
316	58.804749	59.285086	G#3	64	72	1	-5
317	58.804749	59.699411	G#2	64	80	1	-2
318	59.141827	59.648850	D#3	64	80	1	-5
319	59.478906	59.636209	G#3	64	81	1	-5
320	59.478906	59.845479	B3	64	83	1	-2
321	59.815984	60.140422	G#3	64	83	1	-5
322	60.153063	60.376377	G#4	64	82	0	4
323	60.153063	60.351096	G#3	64	74	1	-5
324	60.153063	60.825815	E4	64	77	0	5
325	60.153063	60.873568	C#3	64	81	1	-2
326	60.490141	60.827220	G#4	64	81	0	4
327	60.490141	60.969074	G#3	64	82	1	-5
328	60.827220	61.164298	G#4	64	81	0	4
329	60.827220	61.179748	C#4	64	87	0	2
330	61.164298	61.394635	F#4	64	81	0	2
331	61.164298	61.275253	E4	64	86	0	5
332	61.501377	61.756995	G#4	64	85	0	4
333	61.501377	61.957837	F#3	64	74	1	-2
334	61.501377	62.119354	C#4	64	81	0	2
335	61.501377	62.707837	F#2	64	75	1	-4
336	61.838455	62.099691	F#4	64	81	0	2
337	61.838455	62.634803	C#3	64	77	1	-2
338	62.175534	62.442388	C#4	64	82	0	2
339	62.175534	62.574410	F#3	64	73	1	-2
340	62.512612	62.758399	D#4	64	79	0	4
341	62.512612	62.799129	C#4	64	81	0	2
342	62.849691	64.748566	B3	64	81	1	-2
343	62.849691	63.249972	F#3	64	72	1	-2
344	62.849691	63.567387	B3	64	77	1	-2
345	63.186769	65.634802	D#3	64	71	1	-5
346	63.523848	63.952218	F#3	64	82	1	-2
347	63.860926	64.089859	B3	64	84	1	-2
348	64.198005	64.589859	C#4	64	83	0	2
349	64.198005	64.630589	F#3	64	82	1	-2
350	64.535083	64.702218	B3	64	86	1	-2
351	64.872162	65.117948	B4	64	77	0	2
352	65.209240	65.433959	C#5	64	84	0	4
353	65.209240	65.585645	B3	64	70	1	-2
354	65.546319	65.755588	D#5	64	83	0	1
355	65.546319	65.615139	F#3	64	82	1	-2
356	65.546319	65.631993	B2	64	87	1	-4
357	65.546319	65.633397	D#4	64	82	0	4
358	65.883397	66.504184	D#5	64	84	0	1
359	65.883397	66.098285	F#3	64	78	1	-2
360	66.220476	66.403060	B3	64	86	1	-2
361	66.557554	66.865138	C#5	64	86	0	4
362	66.557554	66.730307	F#3	64	84	1	-2
363	66.894633	67.226093	B4	64	81	0	2
364	66.894633	67.015419	F#3	64	77	1	-2
365	66.894633	67.296318	D#4	64	82	0	4
366	66.894633	67.299127	B3	64	81	1	-2
367	66.894633	67.445194	B2	64	86	1	-4
368	67.231711	67.588453	D#5	64	70	0	1
369	67.231711	67.473284	F#3	64	80	1	-2
370	67.568790	67.938172	C#5	64	83	0	4
371	67.568790	67.610925	F#3	64	70	1	-2
372	67.568790	67.886205	A#2	64	84	1	-5
373	67.568790	68.023846	A#3	64	82	1	-3
374	67.905868	68.286486	B4	64	81	0	2
375	67.905868	68.056149	F#3	64	77	1	-2
376	68.242947	70.049126	G#4	64	79	0	4
377	68.242947	68.556149	B3	64	81	1	-2
378	68.242947	68.599688	G#3	64	76	1	-5
379	68.242947	69.247160	G#2	64	82	1	-2
380	68.580025	69.021036	D#3	64	77	1	-5
381	68.917104	69.160081	D#4	64	85	0	4
382	68.917104	69.183958	B3	64	81	1	-2
383	69.254182	69.827216	D#3	64	77	1	-5
384	69.591261	69.992946	D#4	64	83	0	4
385	69.591261	70.081429	G#3	64	82	1	-5
386	69.928339	70.610923	G#2	64	70	1	-2
387	70.265418	70.553339	G#4	64	83	0	4
388	70.265418	70.407272	G#3	64	80	1	-5
389	70.265418	70.445193	B3	64	80	1	-2
390	70.265418	70.596878	D#4	64	83	0	4
391	70.602496	70.858114	B4	64	82	0	2
392	70.602496	70.844069	B3	64	81	1	-2
393	70.939575	71.185361	C#5	64	82	0	4
394	70.939575	71.116541	G#3	64	76	1	-5
395	70.939575	71.313170	C#4	64	77	0	2
396	70.939575	71.692383	C#3	64	81	1	-2
397	71.276653	71.901653	C#5	64	86	0	4
398	71.276653	71.459238	G#3	64	82	1	-5
399	71.613732	71.782271	G#3	64	79	1	-5
400	71.613732	72.192383	E4	64	81	0	5
401	71.950810	72.217664	B4	64	82	0	2
402	71.950810	72.238732	G#3	64	79	1	-5
403	72.287889	72.637608	G#4	64	81	0	4
404	72.287889	72.658675	C#4	64	84	0	2
405	72.624967	72.933956	C#5	64	83	0	4
406	72.624967	72.817383	G#3	64	73	1	-5
407	72.962046	73.297720	B4	64	82	0	2
408	72.962046	73.065978	G#3	64	76	1	-5
409	72.962046	73.077214	C#3	64	82	1	-2
410	72.962046	73.330023	C#4	64	81	0	2
411	73.299124	73.658675	G#4	64	81	0	4
412	73.299124	73.421315	G#3	64	81	1	-5
413	73.636203	75.411483	F#4	64	80	0	2
414	73.636203	74.051933	C#4	64	76	0	2
415	73.636203	74.054742	F#3	64	79	1	-2
416	73.636203	74.653056	F#2	64	82	1	-4
417	73.973281	74.497157	C#3	64	80	1	-2
418	74.310360	74.484517	F#3	64	80	1	-2
419	74.310360	74.539292	A#3	64	82	1	-3
420	74.647438	74.808955	F#3	64	80	1	-2
421	74.984517	75.224685	C#4	64	76	0	2
422	74.984517	75.429741	F#3	64	83	1	-2
423	75.321595	75.803337	C#3	64	78	1	-2
424	75.658674	75.938168	C#4	64	82	0	2
425	75.658674	75.780865	F#3	64	81	1	-2
426	75.658674	76.004179	F#4	64	77	0	2
427	75.658674	76.028056	A#3	64	86	1	-3
428	75.658674	76.043505	C#4	64	82	0	2
429	75.995752	76.331426	D#4	64	82	0	4
430	75.995752	76.158674	F#3	64	84	1	-2
431	76.332831	76.575808	F#4	64	76	0	2
432	76.332831	76.741539	F#3	64	81	1	-2
433	76.332831	76.794909	D#3	64	82	1	-5
434	76.332831	77.498561	D#2	64	84	1	-2
435	76.669909	77.282269	F#4	64	81	0	2
436	76.669909	77.469066	A#2	64	77	1	-5
437	77.006988	77.518224	A#3	64	83	1	-3
438	77.344066	77.740134	D#4	64	84	0	4
439	77.344066	77.526651	F#3	64	81	1	-2
440	77.681145	77.931145	F#4	64	81	0	2
441	77.681145	77.985920	F#3	64	77	1	-2
442	77.681145	78.095470	D#4	64	87	0	4
443	77.681145	78.530864	D#2	64	82	1	-2
444	78.018223	78.337043	F#4	64	80	0	2
445	78.018223	78.411482	A#2	64	78	1	-5
446	78.355302	78.547717	F#3	64	81	1	-2
447	78.355302	78.564571	A#3	64	83	1	-3
448	78.692380	79.029459	G#4	64	79	0	4
449	78.692380	78.796313	A#2	64	82	1	-5
450	79.029459	80.126368	B4	64	82	0	2
451	79.029459	79.445189	B3	64	76	1	-2
452	79.029459	79.455020	G#3	64	74	1	-5
453	79.029459	80.110919	G#2	64	82	1	-2
454	79.366537	79.852492	D#3	64	73	1	-5
455	79.703616	79.959234	B3	64	81	1	-2
456	79.703616	79.967661	D#4	64	83	0	4
457	79.703616	80.008391	G#3	64	76	1	-5
458	80.040694	80.367941	A#4	64	76	0	1
459	80.040694	80.251368	D#3	64	83	1	-5
460	80.377773	80.957829	G#4	64	85	0	4
461	80.377773	80.561762	G#3	64	81	1	-5
462	80.377773	80.745750	G#4	64	81	0	4
463	80.377773	80.877773	G#2	64	82	1	-2
464	80.714851	80.818784	F#4	64	88	0	2
465	81.051930	81.365132	G#4	64	84	0	4
466	81.051930	81.217660	D#3	64	77	1	-5
467	81.051930	81.231705	B3	64	72	1	-2
468	81.051930	81.252772	D#4	64	85	0	4
469	81.051930	81.280862	G#2	64	82	1	-2
470	81.389008	81.744345	D#5	64	83	0	1
471	81.389008	81.629177	B3	64	82	1	-2
472	81.726087	82.082828	C#5	64	87	0	4
473	81.726087	81.929738	G#3	64	79	1	-5
474	81.726087	82.137603	E4	64	81	0	5
475	81.726087	82.289289	C#3	64	87	1	-2
476	82.063165	82.418502	D#5	64	83	0	1
477	82.063165	82.345469	G#3	64	82	1	-5
478	82.400244	82.755581	C#5	64	87	0	4
479	82.400244	82.686761	C#4	64	87	0	2
480	82.737322	83.089850	B4	64	82	0	2
481	82.737322	82.858109	G#3	64	82	1	-5
482	83.074401	83.737322	G#4	64	78	0	4
483	83.074401	83.530861	F#3	64	77	1	-2
484	83.074401	83.547715	C#4	64	68	0	2
485	83.074401	83.924120	F#2	64	82	1	-4
486	83.411479	83.918502	C#3	64	79	1	-2
487	83.748558	84.098277	F#4	64	77	0	2
488	83.748558	83.939569	F#3	64	82	1	-2
489	83.748558	83.984513	A#3	64	82	1	-3
490	84.085636	84.428333	G#4	64	80	0	4
491	84.085636	84.308951	F#2	64	82	1	-4
492	84.422715	87.014006	B4	64	79	0	2
493	84.422715	84.585636	F#3	64	81	1	-2
494	84.422715	84.838445	B3	64	80	1	-2
495	84.422715	85.624961	B2	64	82	1	-4
496	84.759793	84.936760	F#3	64	81	1	-2
497	85.096872	85.169905	F#3	64	83	1	-2
498	85.096872	85.497153	C#4	64	81	0	2
499	85.433950	85.626366	F#3	64	84	1	-2
500	85.771029	85.938164	F#3	64	84	1	-2
501	85.771029	86.289287	D#4	64	85	0	4
502	85.771029	87.117938	B2	64	87	1	-4
503	86.108107	86.301927	F#3	64	82	1	-2
504	86.445186	87.103893	C#4	64	82	0	2
505	86.782264	87.091253	F#3	64	77	1	-2
506	87.119343	87.306140	F#3	64	76	1	-2
507	87.119343	87.647432	B3	64	78	1	-2
508	87.119343	89.601083	B2	64	84	1	-4
509	87.456421	87.832826	F#3	64	79	1	-2
510	87.793500	88.070185	C#4	64	84	0	2
511	88.130578	88.306140	F#3	64	81	1	-2
512	88.467657	88.620747	F#3	64	83	1	-2
513	88.467657	88.964848	D#4	64	83	0	4
514	88.804735	88.998555	F#3	64	76	1	-2
515	89.141814	89.425522	F#3	64	81	1	-2
516	89.141814	89.494342	D#4	64	82	0	4
517	89.478892	89.783667	B3	64	75	1	-2
518	89.815971	90.303330	G#3	64	75	1	-5
519	89.815971	92.123554	G#2	64	81	1	-2
520	90.153049	90.629173	D#3	64	69	1	-5
521	90.490128	90.911476	G#3	64	78	1	-5
522	90.490128	90.921307	D#4	64	82	0	4
523	90.827206	91.282262	D#3	64	74	1	-5
524	91.164285	91.598273	D#4	64	82	0	4
525	91.164285	91.619341	B3	64	82	1	-2
526	91.501363	92.072992	D#3	64	80	1	-5
527	91.838442	91.995745	B3	64	77	1	-2
528	91.838442	92.098273	D#4	64	85	0	4
529	92.175520	92.536475	B3	64	82	1	-2
530	92.512599	93.139003	C#4	64	76	0	2
531	92.512599	94.705014	C#2	64	83	1	-4
532	92.849677	93.866531	G#2	64	72	1	-2
533	93.186756	93.633385	G#3	64	82	1	-5
534	93.523834	93.700801	C#4	64	77	0	2
535	93.860913	94.043497	G#3	64	81	1	-5
536	93.860913	94.175519	E4	64	79	0	5
537	94.197991	94.655856	G#2	64	67	1	-2
538	94.535070	94.676924	G#3	64	77	1	-5
539	94.535070	94.858103	C#4	64	81	0	2
540	94.872148	94.966249	G#3	64	69	1	-5
541	95.209227	95.660069	F#3	64	80	1	-2
542	95.209227	95.862316	C#4	64	76	0	2
543	95.209227	97.372147	F#2	64	81	1	-4
544	95.546305	96.731698	C#3	64	78	1	-2
545	95.883384	96.331417	F#3	64	81	1	-2
546	96.220462	96.387597	C#4	64	82	0	2
547	96.557541	96.824395	F#3	64	81	1	-2
548	96.557541	96.904451	F#4	64	79	0	2
549	96.557541	96.910069	C#4	64	84	0	2
550	96.894619	97.360911	C#3	64	81	1	-2
551	97.231698	97.404451	F#3	64	81	1	-2
552	97.231698	97.450799	C#4	64	78	0	2
553	97.905855	98.331416	A#3	64	78	1	-3
554	97.905855	98.601079	D#4	64	81	0	4
555	97.905855	99.381978	D#2	64	83	1	-2
556	98.242933	99.351079	A#2	64	72	1	-5
557	98.580012	99.070180	A#3	64	82	1	-3
558	98.917090	99.094057	D#4	64	81	0	4
559	99.254169	99.713438	A#3	64	82	1	-3
560	99.254169	99.776640	F#4	64	80	0	2
561	99.591247	100.193775	A#2	64	75	1	-5
562	99.928326	100.306135	D#4	64	86	0	4
563	100.265404	100.401640	A#3	64	81	1	-3
564	100.602483	101.071584	G#3	64	75	1	-5
565	100.602483	101.321584	B3	64	67	1	-2
566	100.602483	102.106696	G#2	64	82	1	-2
567	100.939561	101.398831	D#3	64	81	1	-5
568	101.276640	101.692370	G#3	64	81	1	-5
569	101.613718	102.018213	D#3	64	73	1	-5
570	101.950797	102.419898	G#3	64	81	1	-5
571	101.950797	102.474673	D#4	64	81	0	4
572	102.287875	102.585628	G#2	64	46	1	-2
573	102.287875	102.627763	D#3	64	77	1	-5
574	102.624954	102.977482	C#4	64	84	0	2
575	102.962032	103.241527	B3	64	86	1	-2
576	103.299111	103.400234	C#2	64	82	1	-4
577	103.299111	104.320178	C#4	64	81	0	2
578	103.636189	104.301919	G#2	64	76	1	-2
579	103.973268	104.294897	E3	64	82	1	-4
580	104.310346	104.693773	G#3	64	81	1	-5
581	104.647425	105.331413	C#4	64	78	0	2
582	104.647425	105.841245	F#2	64	81	1	-4
583	104.984503	105.822986	C#3	64	71	1	-2
584	105.321582	105.721863	F#3	64	84	1	-2
585	105.658660	105.914278	C#4	64	81	0	2
586	105.995739	106.664278	B3	64	81	1	-2
587	105.995739	107.157255	B2	64	84	1	-4
588	106.332817	107.147424	D#3	64	79	1	-5
589	106.669896	107.105289	C#4	64	77	0	2
590	107.006974	107.256974	F#3	64	77	1	-2
591	107.344053	107.537873	F#3	64	81	1	-2
592	107.344053	108.078603	D#4	64	82	0	4
593	107.344053	108.585625	B2	64	78	1	-4
594	107.681131	108.082817	F#3	64	74	1	-2
595	108.018210	108.567367	B3	64	73	1	-2
596	108.355288	108.648828	F#3	64	77	1	-2
597	108.692367	108.921299	F#4	64	86	0	2
598	108.692367	110.939557	B2	64	85	1	-4
599	109.029445	109.605288	F#4	64	85	0	2
600	109.029445	109.488715	F#3	64	76	1	-2
601	109.366524	109.815962	B3	64	83	1	-2
602	109.703602	109.939557	G#4	64	86	0	4
603	109.703602	110.174108	F#3	64	73	1	-2
604	110.040681	110.255568	B4	64	84	0	2
605	110.040681	110.504164	B3	64	79	1	-2
606	110.040681	110.575793	F#4	64	76	0	2
607	110.377759	110.617928	A#4	64	80	0	1
608	110.377759	110.852478	F#3	64	67	1	-2
609	110.714838	110.998546	G#4	64	85	0	4
610	110.714838	110.865119	D#4	64	84	0	4
611	111.051916	111.328602	F#4	64	76	0	2
612	111.051916	111.235905	C#4	64	76	0	2
613	111.388995	113.467646	G#4	64	81	0	4
614	111.388995	112.133377	D#4	64	78	0	4
615	111.388995	113.650230	G#2	64	81	1	-2
616	111.726073	112.113714	D#3	64	73	1	-5
617	112.063152	112.459219	G#3	64	71	1	-5
618	112.400230	112.845455	D#3	64	68	1	-5
619	112.737309	113.158657	B3	64	77	1	-2
620	112.737309	113.299106	D#4	64	82	0	4
621	113.074387	113.643207	D#3	64	70	1	-5
622	113.411466	113.783657	G#3	64	76	1	-5
623	113.411466	113.793488	C#4	64	76	0	2
624	113.748544	113.963432	B3	64	78	1	-2
625	114.085623	114.330005	F#4	64	77	0	2
626	114.085623	114.282252	F#3	64	76	1	-2
627	114.085623	114.762589	D#4	64	81	0	4
628	114.085623	115.633375	B2	64	70	1	-4
629	114.422701	114.957813	F#4	64	81	0	2
630	114.422701	114.830005	F#3	64	80	1	-2
631	114.759780	115.043488	B3	64	81	1	-2
632	115.096858	115.325791	G#4	64	79	0	4
633	115.096858	115.275229	F#3	64	70	1	-2
634	115.433937	115.683937	B4	64	80	0	2
635	115.433937	115.851071	D#4	64	82	0	4
636	115.433937	115.935341	F#3	64	83	1	-2
637	115.771015	116.013993	A#4	64	81	0	1
638	115.771015	116.512588	B2	64	77	1	-4
639	116.108094	116.349667	G#4	64	81	0	4
640	116.108094	116.307532	F#3	64	77	1	-2
641	116.108094	116.796296	B3	64	78	1	-2
642	116.445172	116.742925	F#4	64	80	0	2
643	116.445172	116.747138	F#3	64	74	1	-2
644	116.782251	118.832812	D#4	64	81	0	4
645	116.782251	117.244329	A#3	64	77	1	-3
646	116.782251	117.452194	F#4	64	77	0	2
647	116.782251	117.898823	D#2	64	83	1	-2
648	117.119329	117.751352	A#2	64	68	1	-5
649	117.456408	117.821576	D#4	64	90	0	4
650	117.793486	117.974666	A#3	64	88	1	-3
651	118.130565	118.282250	A#3	64	81	1	-3
652	118.130565	118.585621	F#4	64	78	0	2
653	118.130565	118.588430	D#4	64	84	0	4
654	118.467643	118.665677	A#3	64	76	1	-3
655	118.804722	118.942362	A#3	64	77	1	-3
656	118.804722	118.949385	D#2	64	82	1	-2
657	118.804722	119.190958	D#4	64	81	0	4
658	119.141800	119.301913	A#3	64	78	1	-3
659	119.478879	119.696575	C#4	64	78	0	2
660	119.478879	120.137586	G#3	64	74	1	-5
661	119.478879	120.186744	C#4	64	76	0	2
662	119.478879	120.672699	C#2	64	83	1	-4
663	119.815957	120.401631	C#4	64	82	0	2
664	119.815957	120.671294	G#2	64	69	1	-2
665	120.153036	120.553317	E4	64	84	0	5
666	120.490114	120.738710	D#4	64	82	0	4
667	120.490114	120.657249	G#3	64	81	1	-5
668	120.827193	121.403035	F#4	64	78	0	2
669	120.827193	121.299103	A#3	64	80	1	-3
670	120.827193	121.304721	D#4	64	82	0	4
671	120.827193	122.036462	D#2	64	83	1	-2
672	121.164271	121.980282	A#2	64	73	1	-5
673	121.501350	121.751350	D#4	64	77	0	4
674	121.501350	121.637586	A#3	64	79	1	-3
675	121.501350	121.945170	F#4	64	77	0	2
676	121.501350	122.075788	D#4	64	83	0	4
677	121.838428	122.068765	F#4	64	79	0	2
678	121.838428	122.127754	A#3	64	81	1	-3
679	122.175507	122.665675	G#4	64	81	0	4
680	122.175507	122.634776	G#3	64	78	1	-5
681	122.175507	122.724664	B3	64	80	1	-2
682	122.175507	123.351068	G#2	64	82	1	-2
683	122.512585	123.346855	D#3	64	81	1	-5
684	122.849664	123.105282	D#4	64	81	0	4
685	122.849664	123.273821	G#3	64	86	1	-5
686	123.186742	123.463428	C#4	64	77	0	2
687	123.186742	123.353877	B3	64	90	1	-2
688	123.523821	124.624944	B3	64	82	1	-2
689	123.523821	123.897416	B3	64	77	1	-2
690	123.523821	123.955000	D#4	64	79	0	4
691	123.523821	124.004158	G#3	64	72	1	-5
692	123.523821	124.418483	G#2	64	80	1	-2
693	123.860899	124.367922	D#3	64	80	1	-5
694	124.197978	124.355281	G#3	64	81	1	-5
695	124.197978	124.564551	B3	64	83	1	-2
696	124.535056	124.859494	G#3	64	83	1	-5
697	124.872135	125.095449	G#4	64	82	0	4
698	124.872135	125.070168	G#3	64	74	1	-5
699	124.872135	125.544887	E4	64	77	0	5
700	124.872135	125.592640	C#3	64	81	1	-2
701	125.209213	125.546292	G#4	64	81	0	4
702	125.209213	125.688146	G#3	64	82	1	-5
703	125.546292	125.883370	G#4	64	81	0	4
704	125.546292	125.898820	C#4	64	87	0	2
705	125.883370	126.113707	F#4	64	81	0	2
706	125.883370	125.994325	E4	64	86	0	5
707	126.220449	126.476067	G#4	64	85	0	4
708	126.220449	126.676909	F#3	64	74	1	-2
709	126.220449	126.838426	C#4	64	81	0	2
710	126.220449	127.426909	F#2	64	75	1	-4
711	126.557527	126.818763	F#4	64	81	0	2
712	126.557527	127.353875	C#3	64	77	1	-2
713	126.894606	127.161460	C#4	64	82	0	2
714	126.894606	127.293482	F#3	64	73	1	-2
715	127.231684	127.477471	D#4	64	79	0	4
716	127.231684	127.518201	C#4	64	81	0	2
717	127.568763	129.467638	B3	64	81	1	-2
718	127.568763	127.969044	F#3	64	72	1	-2
719	127.568763	128.286459	B3	64	77	1	-2
720	127.905841	130.353874	D#3	64	71	1	-5
721	128.242920	128.671290	F#3	64	82	1	-2
722	128.579998	128.808931	B3	64	84	1	-2
723	128.917077	129.308931	C#4	64	83	0	2
724	128.917077	129.349661	F#3	64	82	1	-2
725	129.254155	129.421290	B3	64	86	1	-2
726	129.591234	129.837020	B4	64	77	0	2
727	129.928312	130.153031	C#5	64	84	0	4
728	129.928312	130.304717	B3	64	70	1	-2
729	130.265391	130.474660	D#5	64	83	0	1
730	130.265391	130.334211	F#3	64	82	1	-2
731	130.265391	130.351065	B2	64	87	1	-4
732	130.265391	130.352469	D#4	64	82	0	4
733	130.602469	131.223256	D#5	64	84	0	1
734	130.602469	130.817357	F#3	64	78	1	-2
735	130.939548	131.122132	B3	64	86	1	-2
736	131.276626	131.584210	C#5	64	86	0	4
737	131.276626	131.449379	F#3	64	84	1	-2
738	131.613705	131.945165	B4	64	81	0	2
739	131.613705	131.734491	F#3	64	77	1	-2
740	131.613705	132.015390	D#4	64	82	0	4
741	131.613705	132.018199	B3	64	81	1	-2
742	131.613705	132.164266	B2	64	86	1	-4
743	131.950783	132.307525	D#5	64	70	0	1
744	131.950783	132.192356	F#3	64	80	1	-2
745	132.287862	132.657244	C#5	64	83	0	4
746	132.287862	132.329997	F#3	64	70	1	-2
747	132.287862	132.605277	A#2	64	84	1	-5
748	132.287862	132.742918	A#3	64	82	1	-3
749	132.624940	133.005558	B4	64	81	0	2
750	132.624940	132.775221	F#3	64	77	1	-2
751	132.962019	134.768198	G#4	64	79	0	4
752	132.962019	133.275221	B3	64	81	1	-2
753	132.962019	133.318760	G#3	64	76	1	-5
754	132.962019	133.966232	G#2	64	82	1	-2
755	133.299097	133.740108	D#3	64	77	1	-5
756	133.636176	133.879153	D#4	64	85	0	4
757	133.636176	133.903030	B3	64	81	1	-2
758	133.973254	134.546288	D#3	64	77	1	-5
759	134.310333	134.712018	D#4	64	83	0	4
760	134.310333	134.800501	G#3	64	82	1	-5
761	134.647411	135.329995	G#2	64	70	1	-2
762	134.984490	135.272411	G#4	64	83	0	4
763	134.984490	135.126344	G#3	64	80	1	-5
764	134.984490	135.164265	B3	64	80	1	-2
765	134.984490	135.315950	D#4	64	83	0	4
766	135.321568	135.577186	B4	64	82	0	2
767	135.321568	135.563141	B3	64	81	1	-2
768	135.658647	135.904433	C#5	64	82	0	4
769	135.658647	135.835613	G#3	64	76	1	-5
770	135.658647	136.032242	C#4	64	77	0	2
771	135.658647	136.411455	C#3	64	81	1	-2
772	135.995725	136.620725	C#5	64	86	0	4
773	135.995725	136.178310	G#3	64	82	1	-5
774	136.332804	136.501343	G#3	64	79	1	-5
775	136.332804	136.911455	E4	64	81	0	5
776	136.669882	136.936736	B4	64	82	0	2
777	136.669882	136.957804	G#3	64	79	1	-5
778	137.006961	137.356680	G#4	64	81	0	4
779	137.006961	137.377747	C#4	64	84	0	2
780	137.344039	137.653028	C#5	64	83	0	4
781	137.344039	137.536455	G#3	64	73	1	-5
782	137.681118	138.016792	B4	64	82	0	2
783	137.681118	137.785050	G#3	64	76	1	-5
784	137.681118	137.796286	C#3	64	82	1	-2
785	137.681118	138.049095	C#4	64	81	0	2
786	138.018196	138.377747	G#4	64	81	0	4
787	138.018196	138.140387	G#3	64	81	1	-5
788	138.355275	140.130555	F#4	64	80	0	2
789	138.355275	138.771005	C#4	64	76	0	2
790	138.355275	138.773814	F#3	64	79	1	-2
791	138.355275	139.372128	F#2	64	82	1	-4
792	138.692353	139.216229	C#3	64	80	1	-2
793	139.029432	139.203589	F#3	64	80	1	-2
794	139.029432	139.258364	A#3	64	82	1	-3
795	139.366510	139.528027	F#3	64	80	1	-2
796	139.703589	139.943757	C#4	64	76	0	2
797	139.703589	140.148813	F#3	64	83	1	-2
798	140.040667	140.522409	C#3	64	78	1	-2
799	140.377746	140.657240	C#4	64	82	0	2
800	140.377746	140.499937	F#3	64	81	1	-2
801	140.377746	140.723251	F#4	64	77	0	2
802	140.377746	140.747128	A#3	64	86	1	-3
803	140.377746	140.762577	C#4	64	82	0	2
804	140.714824	141.050498	D#4	64	82	0	4
805	140.714824	140.877746	F#3	64	84	1	-2
806	141.051903	141.294880	F#4	64	76	0	2
807	141.051903	141.460611	F#3	64	81	1	-2
808	141.051903	141.513981	D#3	64	82	1	-5
809	141.051903	142.217633	D#2	64	84	1	-2
810	141.388981	142.001341	F#4	64	81	0	2
811	141.388981	142.188138	A#2	64	77	1	-5
812	141.726060	142.237296	A#3	64	83	1	-3
813	142.063138	142.459206	D#4	64	84	0	4
814	142.063138	142.245723	F#3	64	81	1	-2
815	142.400217	142.650217	F#4	64	81	0	2
816	142.400217	142.704992	F#3	64	77	1	-2
817	142.400217	142.814542	D#4	64	87	0	4
818	142.400217	143.249936	D#2	64	82	1	-2
819	142.737295	143.056115	F#4	64	80	0	2
820	142.737295	143.130554	A#2	64	78	1	-5
821	143.074374	143.266789	F#3	64	81	1	-2
822	143.074374	143.283643	A#3	64	83	1	-3
823	143.411452	143.748531	G#4	64	79	0	4
824	143.411452	143.515385	A#2	64	82	1	-5
825	143.748531	144.845440	B4	64	82	0	2
826	143.748531	144.164261	B3	64	76	1	-2
827	143.748531	144.174092	G#3	64	74	1	-5
828	143.748531	144.829991	G#2	64	82	1	-2
829	144.085609	144.571564	D#3	64	73	1	-5
830	144.422688	144.678306	B3	64	81	1	-2
831	144.422688	144.686733	D#4	64	83	0	4
832	144.422688	144.727463	G#3	64	76	1	-5
833	144.759766	145.087013	A#4	64	76	0	1
834	144.759766	144.970440	D#3	64	83	1	-5
835	145.096845	145.676901	G#4	64	85	0	4
836	145.096845	145.280833	G#3	64	81	1	-5
837	145.096845	145.464822	G#4	64	81	0	4
838	145.096845	145.596845	G#2	64	82	1	-2
839	145.433923	145.537856	F#4	64	88	0	2
840	145.771002	146.084204	G#4	64	84	0	4
841	145.771002	145.936732	D#3	64	77	1	-5
842	145.771002	145.950777	B3	64	72	1	-2
843	145.771002	145.971844	D#4	64	85	0	4
844	145.771002	145.999934	G#2	64	82	1	-2
845	146.108080	146.463417	D#5	64	83	0	1
846	146.108080	146.348249	B3	64	82	1	-2
847	146.445159	146.801900	C#5	64	87	0	4
848	146.445159	146.648810	G#3	64	79	1	-5
849	146.445159	146.856675	E4	64	81	0	5
850	146.445159	147.008361	C#3	64	87	1	-2
851	146.782237	147.137574	D#5	64	83	0	1
852	146.782237	147.064541	G#3	64	82	1	-5
853	147.119316	147.474653	C#5	64	87	0	4
854	147.119316	147.405833	C#4	64	87	0	2
855	147.456394	147.808922	B4	64	82	0	2
856	147.456394	147.577181	G#3	64	82	1	-5
857	147.793473	148.456394	G#4	64	78	0	4
858	147.793473	148.249933	F#3	64	77	1	-2
859	147.793473	148.266787	C#4	64	68	0	2
860	147.793473	148.643192	F#2	64	82	1	-4
861	148.130551	148.637574	C#3	64	79	1	-2
862	148.467630	148.817349	F#4	64	77	0	2
863	148.467630	148.658641	F#3	64	82	1	-2
864	148.467630	148.703585	A#3	64	82	1	-3
865	148.804708	149.147405	G#4	64	80	0	4
866	148.804708	149.028023	F#2	64	82	1	-4
867	149.141787	151.164258	B4	64	79	0	2
868	149.141787	149.304708	F#3	64	81	1	-2
869	149.141787	149.557517	B3	64	80	1	-2
870	149.141787	150.344033	B2	64	82	1	-4
871	149.478865	149.655832	F#3	64	81	1	-2
872	149.815944	149.888977	F#3	64	83	1	-2
873	149.815944	150.216225	C#4	64	81	0	2
874	150.153022	150.345438	F#3	64	84	1	-2
875	150.490101	150.657236	F#3	64	84	1	-2
876	150.490101	151.008359	D#4	64	85	0	4
877	150.490101	151.837010	B2	64	87	1	-4
878	150.827179	151.020999	F#3	64	82	1	-2
879	151.164258	151.410044	B4	64	77	0	2
880	151.164258	151.822965	C#4	64	82	0	2
881	151.501336	151.726055	C#5	64	84	0	4
882	151.501336	151.810325	F#3	64	77	1	-2
883	151.838415	152.047684	D#5	64	83	0	1
884	151.838415	152.025212	F#3	64	76	1	-2
885	151.838415	152.366504	B3	64	78	1	-2
886	151.838415	154.320155	B2	64	84	1	-4
887	152.175493	152.796280	D#5	64	84	0	1
888	152.175493	152.551898	F#3	64	79	1	-2
889	152.512572	152.789257	C#4	64	84	0	2
890	152.849650	153.157234	C#5	64	86	0	4
891	152.849650	153.025212	F#3	64	81	1	-2
892	153.186729	153.518189	B4	64	81	0	2
893	153.186729	153.339819	F#3	64	83	1	-2
894	153.186729	153.683920	D#4	64	83	0	4
895	153.523807	153.880549	D#5	64	70	0	1
896	153.523807	153.717627	F#3	64	76	1	-2
897	153.860886	154.230268	C#5	64	83	0	4
898	153.860886	154.144594	F#3	64	81	1	-2
899	153.860886	154.213414	D#4	64	82	0	4
900	154.197964	154.578582	B4	64	81	0	2
901	154.197964	154.502739	B3	64	75	1	-2
902	154.535043	156.341222	G#4	64	79	0	4
903	154.535043	155.022402	G#3	64	75	1	-5
904	154.535043	156.842626	G#2	64	81	1	-2
905	154.872121	155.348245	D#3	64	69	1	-5
906	155.209200	155.630548	G#3	64	78	1	-5
907	155.209200	155.640379	D#4	64	82	0	4
908	155.546278	156.001334	D#3	64	74	1	-5
909	155.883357	156.317345	D#4	64	82	0	4
910	155.883357	156.338413	B3	64	82	1	-2
911	156.220435	156.792064	D#3	64	80	1	-5
912	156.557514	156.845435	G#4	64	83	0	4
913	156.557514	156.714817	B3	64	77	1	-2
914	156.557514	156.817345	D#4	64	85	0	4
915	156.894592	157.150210	B4	64	82	0	2
916	156.894592	157.255547	B3	64	82	1	-2
917	157.231671	157.477457	C#5	64	82	0	4
918	157.231671	157.858075	C#4	64	76	0	2
919	157.231671	159.424086	C#2	64	83	1	-4
920	157.568749	158.193749	C#5	64	86	0	4
921	157.568749	158.585603	G#2	64	72	1	-2
922	157.905828	158.352457	G#3	64	82	1	-5
923	158.242906	158.509760	B4	64	82	0	2
924	158.242906	158.419873	C#4	64	77	0	2
925	158.579985	158.929704	G#4	64	81	0	4
926	158.579985	158.762569	G#3	64	81	1	-5
927	158.579985	158.894591	E4	64	79	0	5
928	158.917063	159.226052	C#5	64	83	0	4
929	158.917063	159.374928	G#2	64	67	1	-2
930	159.254142	159.589816	B4	64	82	0	2
931	159.254142	159.395996	G#3	64	77	1	-5
932	159.254142	159.577175	C#4	64	81	0	2
933	159.591220	159.950771	G#4	64	81	0	4
934	159.591220	159.685321	G#3	64	69	1	-5
935	159.928299	161.703579	F#4	64	80	0	2
936	159.928299	160.379141	F#3	64	80	1	-2
937	159.928299	160.581388	C#4	64	76	0	2
938	159.928299	162.091219	F#2	64	81	1	-4
939	160.265377	161.450770	C#3	64	78	1	-2
940	160.602456	161.050489	F#3	64	81	1	-2
941	160.939534	161.106669	C#4	64	82	0	2
942	161.276613	161.543467	F#3	64	81	1	-2
943	161.276613	161.623523	F#4	64	79	0	2
944	161.276613	161.629141	C#4	64	84	0	2
945	161.613691	162.079983	C#3	64	81	1	-2
946	161.950770	162.230264	C#4	64	82	0	2
947	161.950770	162.123523	F#3	64	81	1	-2
948	161.950770	162.169871	C#4	64	78	0	2
949	162.287848	162.623522	D#4	64	82	0	4
950	162.624927	162.867904	F#4	64	76	0	2
951	162.624927	163.050488	A#3	64	78	1	-3
952	162.624927	163.320151	D#4	64	81	0	4
953	162.624927	164.101050	D#2	64	83	1	-2
954	162.962005	163.574365	F#4	64	81	0	2
955	162.962005	164.070151	A#2	64	72	1	-5
956	163.299084	163.789252	A#3	64	82	1	-3
957	163.636162	164.032230	D#4	64	84	0	4
958	163.636162	163.813129	D#4	64	81	0	4
959	163.973241	164.223241	F#4	64	81	0	2
960	163.973241	164.432510	A#3	64	82	1	-3
961	163.973241	164.495712	F#4	64	80	0	2
962	164.310319	164.629139	F#4	64	80	0	2
963	164.310319	164.912847	A#2	64	75	1	-5
964	164.647398	165.025207	D#4	64	86	0	4
965	164.984476	165.321555	G#4	64	79	0	4
966	164.984476	165.120712	A#3	64	81	1	-3
967	165.321555	166.418464	B4	64	82	0	2
968	165.321555	165.790656	G#3	64	75	1	-5
969	165.321555	166.040656	B3	64	67	1	-2
970	165.321555	166.825768	G#2	64	82	1	-2
971	165.658633	166.117903	D#3	64	81	1	-5
972	165.995712	166.411442	G#3	64	81	1	-5
973	166.332790	166.660037	A#4	64	76	0	1
974	166.332790	166.737285	D#3	64	73	1	-5
975	166.669869	167.249925	G#4	64	85	0	4
976	166.669869	167.138970	G#3	64	81	1	-5
977	166.669869	167.193745	D#4	64	81	0	4
978	167.006947	167.304700	G#2	64	46	1	-2
979	167.006947	167.346835	D#3	64	77	1	-5
980	167.344026	167.657228	G#4	64	84	0	4
981	167.344026	167.696554	C#4	64	84	0	2
982	167.681104	168.036441	D#5	64	83	0	1
983	167.681104	167.960599	B3	64	86	1	-2
984	168.018183	168.374924	C#5	64	87	0	4
985	168.018183	168.119306	C#2	64	82	1	-4
986	168.018183	169.039250	C#4	64	81	0	2
987	168.355261	168.710598	D#5	64	83	0	1
988	168.355261	169.020991	G#2	64	76	1	-2
989	168.692340	169.047677	C#5	64	87	0	4
990	168.692340	169.013969	E3	64	82	1	-4
991	169.029418	169.381946	B4	64	82	0	2
992	169.029418	169.412845	G#3	64	81	1	-5
993	169.366497	170.029418	G#4	64	78	0	4
994	169.366497	170.050485	C#4	64	78	0	2
995	169.366497	170.560317	F#2	64	81	1	-4
996	169.703575	170.542058	C#3	64	71	1	-2
997	170.040654	170.390373	F#4	64	77	0	2
998	170.040654	170.440935	F#3	64	84	1	-2
999	170.377732	170.720429	G#4	64	80	0	4
1000	170.377732	170.633350	C#4	64	81	0	2
1001	170.714811	173.306102	B4	64	79	0	2
1002	170.714811	171.383350	B3	64	81	1	-2
1003	170.714811	171.876327	B2	64	84	1	-4
1004	171.051889	171.866496	D#3	64	79	1	-5
1005	171.388968	171.824361	C#4	64	77	0	2
1006	171.726046	171.976046	F#3	64	77	1	-2
1007	172.063125	172.256945	F#3	64	81	1	-2
1008	172.063125	172.797675	D#4	64	82	0	4
1009	172.063125	173.304697	B2	64	78	1	-4
1010	172.400203	172.801889	F#3	64	74	1	-2
1011	172.737282	173.286439	B3	64	73	1	-2
1012	173.074360	173.367900	F#3	64	77	1	-2
1013	173.411439	173.963405	D#5	64	86	0	1
1014	173.411439	173.671270	A#3	64	81	1	-3
1015	173.411439	173.867899	F#4	64	77	0	2
1016	173.411439	174.610876	D#2	64	83	1	-2
1017	173.748517	174.088405	A#3	64	77	1	-3
1018	173.748517	174.601045	A#2	64	76	1	-5
1019	174.085596	174.637562	D#5	64	85	0	1
1020	174.085596	174.290652	D#4	64	83	0	4
1021	174.422674	174.610876	A#3	64	81	1	-3
1022	174.759753	175.279416	D#5	64	83	0	1
1023	174.759753	174.905820	A#3	64	82	1	-3
1024	174.759753	175.167056	D#4	64	85	0	4
1025	174.759753	175.181101	F#4	64	80	0	2
1026	174.759753	175.890370	D#2	64	83	1	-2
1027	175.096831	175.286438	A#3	64	77	1	-3
1028	175.433910	175.745707	D#5	64	85	0	1
1029	175.433910	175.570146	A#3	64	82	1	-3
1030	175.433910	175.855258	D#4	64	82	0	4
1031	175.770988	175.890370	C#5	64	86	0	4
1032	175.770988	175.983067	A#3	64	83	1	-3
1033	175.939528	176.049078	B4	64	76	0	2
1034	176.108067	178.497111	C#5	64	88	0	4
1035	176.108067	176.349640	G#3	64	85	1	-5
1036	176.108067	176.502730	C#4	64	81	0	2
1037	176.108067	177.307504	C#2	64	83	1	-4
1038	176.445145	176.681100	G#3	64	80	1	-5
1039	176.782224	176.924078	G#3	64	85	1	-5
1040	176.782224	177.016774	E4	64	79	0	5
1041	177.119302	177.556100	G#3	64	75	1	-5
1042	177.456381	177.912841	G#4	64	83	0	4
1043	177.456381	178.539245	C#2	64	85	1	-4
1044	177.793459	178.006942	G#3	64	80	1	-5
1045	178.130538	178.289246	G#3	64	73	1	-5
1046	178.130538	178.518178	C#4	64	75	0	2
1047	178.130538	178.532223	G#2	64	76	1	-2
1048	178.467616	178.881942	G#3	64	81	1	-5
1049	178.804695	179.311717	C#5	64	88	0	4
1050	178.804695	179.171268	E4	64	82	0	5
1051	178.804695	179.797672	C#2	64	84	1	-4
1052	179.141773	179.542054	G#3	64	81	1	-5
1053	179.478852	180.060312	C#5	64	84	0	4
1054	179.478852	179.881942	C#4	64	81	0	2
1055	179.815930	180.237278	G#3	64	87	1	-5
1056	180.153009	180.665649	C#5	64	90	0	4
1057	180.153009	180.494301	G#4	64	81	0	4
1058	180.153009	180.544863	C#4	64	78	0	2
1059	180.153009	180.849638	C#2	64	83	1	-4
1060	180.490087	180.662840	G#3	64	79	1	-5
1061	180.827166	181.082784	C#5	64	88	0	4
1062	180.827166	180.957784	G#3	64	82	1	-5
1063	180.827166	181.185312	C#4	64	82	0	2
1064	181.164244	181.308907	B4	64	82	0	2
1065	181.164244	181.283626	G#3	64	80	1	-5
1066	181.332784	181.474637	G#4	64	76	0	4
1067	181.501323	183.942333	F#4	64	73	0	2
1068	181.501323	181.851042	B3	64	76	1	-2
1069	181.501323	181.912839	F#3	64	77	1	-2
1070	181.501323	182.578570	F#2	64	80	1	-4
1071	181.838401	182.331379	C#3	64	75	1	-2
1072	182.175480	182.515367	B3	64	85	1	-2
1073	182.175480	182.542053	F#3	64	82	1	-2
1074	182.512558	182.741491	C#3	64	84	1	-2
1075	182.849637	183.224637	A#3	64	80	1	-3
1076	182.849637	183.278007	F#3	64	81	1	-2
1077	182.849637	183.654412	F#2	64	82	1	-4
1078	183.186715	183.620704	C#3	64	81	1	-2
1079	183.523794	183.801884	F#3	64	81	1	-2
1080	183.523794	184.008344	C#4	64	81	0	2
1081	183.860872	184.124917	F#2	64	83	1	-4
1082	184.197951	184.699355	D#5	64	85	0	1
1083	184.197951	184.676883	D#4	64	81	0	4
1084	184.197951	184.695142	A#4	64	81	0	1
1085	184.197951	185.247108	D#2	64	83	1	-2
1086	184.535029	185.001321	A#2	64	81	1	-5
1087	184.872108	185.412838	D#5	64	84	0	1
1088	184.872108	185.129130	D#4	64	87	0	4
1089	184.872108	185.190928	F#4	64	84	0	2
1090	185.209186	185.445141	A#2	64	80	1	-5
1091	185.546265	186.044860	D#5	64	82	0	1
1092	185.546265	185.838400	D#4	64	82	0	4
1093	185.546265	186.050478	A#4	64	81	0	1
1094	185.546265	186.654410	D#2	64	83	1	-2
1095	185.883343	186.303287	A#2	64	70	1	-5
1096	186.220422	186.404410	C#5	64	84	0	4
1097	186.220422	186.586995	D#4	64	82	0	4
1098	186.220422	186.782219	F#4	64	82	0	2
1099	186.388961	186.547669	D#5	64	78	0	1
1100	186.557500	186.709186	C#5	64	83	0	4
1101	186.557500	186.734467	A#2	64	81	1	-5
1102	186.726040	186.872107	B4	64	76	0	2
1103	186.894579	189.290645	C#5	64	81	0	4
1104	186.894579	187.016770	C#2	64	83	1	-4
1105	186.894579	187.532219	C#4	64	81	0	2
1106	186.894579	187.543455	E4	64	78	0	5
1107	187.231657	187.418455	G#2	64	72	1	-2
1108	187.568736	187.814522	C#4	64	82	0	2
1109	187.568736	187.910028	E3	64	73	1	-4
1110	187.568736	187.947949	E4	64	84	0	5
1111	187.905814	188.429690	C#3	64	81	1	-2
1112	188.242893	188.460589	C#4	64	79	0	2
1113	188.242893	188.502724	E4	64	83	0	5
1114	188.242893	188.516769	G#4	64	82	0	4
1115	188.579971	189.154409	E3	64	59	1	-4
1116	188.917050	189.068735	C#4	64	82	0	2
1117	188.917050	189.422668	E4	64	84	0	5
1118	189.254128	189.487274	C#4	64	76	0	2
1119	189.591207	190.119296	C#5	64	87	0	4
1120	189.591207	190.063117	C#4	64	81	0	2
1121	189.591207	190.091207	F#4	64	80	0	2
1122	189.591207	190.657218	F#2	64	82	1	-4
1123	189.928285	190.404409	C#3	64	72	1	-2
1124	190.265364	190.824352	C#5	64	88	0	4
1125	190.265364	190.668454	C#4	64	82	0	2
1126	190.265364	190.693734	F#4	64	82	0	2
1127	190.602442	190.855251	C#3	64	77	1	-2
1128	190.939521	191.476037	C#5	64	88	0	4
1129	190.939521	191.388959	C#4	64	79	0	2
1130	190.939521	191.439521	F#4	64	77	0	2
1131	190.939521	191.862273	F#2	64	82	1	-4
1132	191.276599	191.759745	C#3	64	70	1	-2
1133	191.613678	191.775195	B4	64	82	0	2
1134	191.613678	191.807498	C#4	64	81	0	2
1135	191.613678	191.859464	F#4	64	85	0	2
1136	191.782217	191.945138	C#5	64	81	0	4
1137	191.950756	192.099633	B4	64	82	0	2
1138	191.950756	192.120700	C#4	64	78	0	2
1139	191.950756	192.189520	E4	64	82	0	5
1140	192.119296	192.261149	G#4	64	81	0	4
1141	192.287835	194.914238	B4	64	83	0	2
1142	192.287835	192.372104	B1	64	78	1	-1
1143	192.287835	192.827160	B3	64	81	1	-2
1144	192.287835	192.858059	D#4	64	82	0	4
1145	192.624913	193.793452	B2	64	81	1	-4
1146	192.961992	193.449351	B3	64	81	1	-2
1147	192.961992	193.449351	D#4	64	82	0	4
1148	193.299070	193.836991	F#3	64	70	1	-2
1149	193.636149	194.168452	B3	64	81	1	-2
1150	193.636149	194.171261	D#4	64	82	0	4
1151	193.973227	194.544856	B2	64	81	1	-4
1152	194.310306	194.457778	B3	64	83	1	-2
1153	194.310306	194.947946	D#4	64	86	0	4
1154	194.647384	195.060305	B3	64	81	1	-2
1155	194.835586	195.387553	F#3	64	73	1	-2
1156	194.939519	196.140361	F#2	64	81	1	-4
1157	194.967609	196.015361	F#4	64	81	0	2
1158	195.289238	196.092608	C#3	64	78	1	-2
1159	195.634743	196.071541	F#3	64	82	1	-2
1160	195.973226	196.134743	C#4	64	81	0	2
1161	196.334181	196.844013	E3	64	74	1	-4
1162	196.359462	197.303282	E2	64	79	1	-1
1163	196.481653	196.880529	G#3	64	78	1	-5
1164	196.543451	197.143170	B3	64	73	1	-2
1165	196.763956	197.308900	B2	64	74	1	-4
1166	197.043451	197.278001	E3	64	80	1	-4
1167	197.344012	199.075753	F#2	64	82	1	-4
1168	197.345417	198.914236	F#3	64	75	1	-2
1169	197.351035	198.898787	A#3	64	75	1	-3
1170	197.363675	199.151596	C#4	64	71	0	2
1171	199.054686	201.006932	B2	64	86	1	-4
1172	199.217607	199.952157	F#3	64	81	1	-2
1173	199.292045	201.273786	B3	64	73	1	-2
1174	199.383337	201.300471	D#4	64	82	0	4
1175	200.258337	201.238673	F#3	64	26	1	-2
