//Version: PianoFingering_v170101
0	3.394092	6.067699	D2	64	89	1	-3
1	3.810758	6.022560	A2	64	60	1	-1
2	4.227424	5.442700	A3	64	69	1	-4
3	4.227424	5.520824	D4	64	74	0	3
4	4.644090	5.291658	D3	64	62	1	-1
5	5.060756	7.126725	F#4	64	93	0	2
6	5.477422	5.815963	D3	64	70	1	-1
7	5.894088	7.032975	D4	64	99	0	3
8	6.310754	6.907975	A3	64	55	1	-4
9	6.519087	6.682281	F#2	64	33	1	-4
10	6.727420	9.309013	B1	64	88	1	-1
11	7.144086	9.211791	F#2	64	47	1	-4
12	7.560752	8.428806	D4	64	81	0	3
13	7.560752	8.645819	B3	64	73	1	-2
14	7.977418	8.630195	B2	64	55	1	-4
15	8.394084	9.760401	F#4	64	90	0	2
16	8.810750	9.236096	B2	64	66	1	-4
17	9.227416	9.819429	D4	64	72	0	3
18	9.644082	10.166650	B3	64	71	1	-2
19	10.060748	12.534702	A1	64	74	1	-3
20	10.477414	12.541647	E2	64	44	1	-1
21	10.894080	13.480881	E4	64	85	0	5
22	11.310746	11.944425	A2	64	66	1	-1
23	11.727412	12.741299	C#4	64	85	0	2
24	12.144078	12.928799	A2	64	59	1	-1
25	12.560744	14.163172	A3	64	83	1	-4
26	12.977410	13.499978	C#4	64	56	0	2
27	13.394076	16.293377	D2	64	88	1	-3
28	13.810742	16.746501	A2	64	46	1	-1
29	14.227408	14.338519	A3	64	30	1	-4
30	14.227408	14.987823	D4	64	71	0	3
31	14.644074	15.248239	D3	64	67	1	-1
32	15.060740	15.585045	D4	64	67	0	3
33	15.060740	17.171848	F#4	64	99	0	2
34	15.477406	15.902752	D3	64	62	1	-1
35	15.894072	16.288168	A3	64	97	1	-4
36	15.894072	16.734348	C#4	64	63	0	2
37	16.310738	16.685737	B3	64	85	1	-2
38	16.310738	17.305528	A3	64	49	1	-4
39	16.727404	17.703097	F#4	64	96	0	2
40	16.727404	18.144068	D2	64	82	1	-3
41	17.144070	18.223929	A2	64	48	1	-1
42	17.560736	18.616290	D4	64	72	0	3
43	17.977402	18.276012	E4	64	100	0	5
44	17.977402	18.140596	D3	64	58	1	-1
45	18.394068	18.829831	E4	64	86	0	5
46	18.394068	19.513858	B1	64	73	1	-1
47	18.810734	19.088511	D4	64	90	0	3
48	18.810734	19.468719	F#2	64	55	1	-4
49	19.227400	19.590246	D4	64	88	0	3
50	19.227400	20.131912	D4	64	70	0	3
51	19.227400	20.137121	F#4	64	79	0	2
52	19.644066	20.048579	B3	64	75	1	-2
53	19.644066	20.204829	B3	64	61	1	-2
54	20.060732	22.213506	D4	64	77	0	3
55	20.060732	23.053783	A1	64	77	1	-3
56	20.477398	23.213505	E2	64	59	1	-1
57	20.894064	21.624965	E4	64	55	0	5
58	20.894064	21.626702	C#4	64	58	0	2
59	20.894064	22.614547	A3	64	58	1	-4
60	21.310730	21.966979	A2	64	59	1	-1
61	21.727396	22.312464	C#4	64	48	0	2
62	21.727396	23.418365	E4	64	63	0	5
63	22.144062	23.079824	A2	64	56	1	-1
64	22.560728	22.937463	F#4	64	96	0	2
65	22.560728	23.374963	C#4	64	65	0	2
66	22.560728	23.383643	B3	64	71	1	-2
67	22.977394	23.347185	A4	64	93	0	5
68	22.977394	23.479129	A3	64	69	1	-4
69	23.394060	24.421836	B4	64	99	0	2
70	23.394060	25.963500	B1	64	74	1	-1
71	23.810726	26.029472	F#2	64	59	1	-4
72	24.227392	24.593711	D4	64	76	0	3
73	24.227392	24.999960	B3	64	69	1	-2
74	24.644058	25.090238	A4	64	96	0	5
75	24.644058	25.249960	B2	64	73	1	-4
76	25.060724	25.501695	B4	64	96	0	2
77	25.060724	26.024264	B3	64	54	1	-2
78	25.060724	26.815929	D4	64	67	0	3
79	25.060724	26.826346	F#4	64	71	0	2
80	25.477390	25.708292	A4	64	89	0	5
81	25.477390	26.085028	B2	64	66	1	-4
82	25.894056	26.187458	F#4	64	77	0	2
83	25.894056	26.775999	A4	64	60	0	5
84	26.310722	26.692666	F#4	64	78	0	2
85	26.310722	26.848915	B3	64	55	1	-2
86	26.727388	28.822871	A4	64	85	0	5
87	26.727388	29.380161	A2	64	74	1	-1
88	27.144054	27.748219	E3	64	56	1	-4
89	27.560720	28.071136	C#4	64	62	0	2
90	27.560720	28.525996	A3	64	68	1	-4
91	27.560720	29.894049	E4	64	65	0	5
92	27.977386	28.520788	E3	64	78	1	-4
93	28.394052	29.041620	B3	64	70	1	-2
94	28.810718	29.236064	E3	64	53	1	-4
95	29.227384	29.630161	A4	64	90	0	5
96	29.227384	29.720439	C#4	64	79	0	2
97	29.644050	30.003424	B4	64	77	0	2
98	29.644050	32.275990	A3	64	61	1	-4
99	30.060716	31.057242	D5	64	88	0	5
100	30.060716	32.746475	D2	64	82	1	-3
101	30.477382	32.760364	A2	64	50	1	-1
102	30.894048	31.371478	D4	64	83	0	3
103	31.310714	31.677033	B4	64	86	0	2
104	31.310714	31.900991	D3	64	67	1	-1
105	31.519047	31.578074	F#4	64	16	0	2
106	31.727380	32.012102	B4	64	93	0	2
107	31.727380	32.413143	D4	64	76	0	3
108	31.727380	35.130152	F#4	64	74	0	2
109	32.144046	32.425295	A4	64	95	0	5
110	32.144046	32.895781	D3	64	71	1	-1
111	32.560712	32.808975	F#4	64	93	0	2
112	32.560712	33.414877	D4	64	88	0	3
113	32.977378	33.282933	E4	64	89	0	5
114	32.977378	33.650988	A3	64	69	1	-4
115	33.394044	33.786404	F#4	64	93	0	2
116	33.394044	34.489528	F#2	64	66	1	-4
117	33.810710	34.062445	F#4	64	92	0	2
118	33.810710	34.442653	C#3	64	34	1	-2
119	34.227376	34.519042	F#4	64	107	0	2
120	34.227376	34.546820	F#3	64	53	1	-2
121	34.227376	35.001680	C#4	64	90	0	2
122	34.644042	34.970430	E4	64	90	0	5
123	34.644042	35.144041	A3	64	71	1	-4
124	35.060708	35.742998	D4	64	93	0	3
125	35.060708	36.034665	B2	64	69	1	-4
126	35.477374	35.932234	F#3	64	55	1	-2
127	35.894040	36.267303	B3	64	89	1	-2
128	35.894040	36.343692	D4	64	72	0	3
129	35.894040	36.362789	F#4	64	83	0	2
130	36.310706	36.626678	F#4	64	90	0	2
131	36.310706	36.852372	B3	64	66	1	-2
132	36.727372	37.090218	E4	64	88	0	5
133	36.727372	37.913134	E2	64	72	1	-1
134	37.144038	37.694384	F#4	64	97	0	2
135	37.144038	37.874939	B2	64	54	1	-4
136	37.560704	38.352369	G3	64	50	1	-1
137	37.560704	38.392300	B3	64	67	1	-2
138	37.977370	38.166606	E4	64	85	0	5
139	37.977370	39.017299	E3	64	59	1	-4
140	38.185703	38.439175	F#4	64	86	0	2
141	38.394036	38.635355	E4	64	72	0	5
142	38.394036	39.376673	A1	64	72	1	-3
143	38.810702	39.079799	E4	64	83	0	5
144	38.810702	39.428756	E2	64	44	1	-1
145	39.227368	39.515562	E4	64	76	0	5
146	39.227368	40.060700	C#4	64	97	0	2
147	39.644034	40.019033	D4	64	78	0	3
148	39.644034	40.060700	A3	64	70	1	-4
149	40.060700	41.755142	E4	64	77	0	5
150	40.060700	42.940904	A1	64	83	1	-3
151	40.477366	42.920070	E2	64	61	1	-1
152	40.894032	42.512085	A3	64	93	1	-4
153	41.310698	41.925280	A2	64	71	1	-1
154	41.727364	42.310696	C#4	64	100	0	2
155	42.144030	43.319375	A2	64	77	1	-1
156	42.560696	42.977362	A3	64	90	1	-4
157	42.560696	43.477361	C#4	64	96	0	2
158	42.977362	43.385347	B3	64	73	1	-2
159	42.977362	43.479097	A3	64	83	1	-4
160	43.394028	44.446109	F#4	64	78	0	2
161	43.394028	44.992984	D2	64	77	1	-3
162	43.810694	44.973886	A2	64	52	1	-1
163	44.227360	44.489512	A3	64	29	1	-4
164	44.227360	45.350622	F#4	64	95	0	2
165	44.644026	44.951317	E4	64	79	0	5
166	44.644026	44.947845	D3	64	78	1	-1
167	45.060692	45.414858	E4	64	82	0	5
168	45.060692	46.291593	B1	64	69	1	-1
169	45.477358	45.777705	D4	64	90	0	3
170	45.477358	46.289856	F#2	64	67	1	-4
171	45.894024	46.144023	B3	64	96	1	-2
172	45.894024	46.242982	B2	64	45	1	-4
173	45.894024	46.312426	D4	64	60	0	3
174	46.310690	46.593675	B3	64	92	1	-2
175	46.310690	46.732564	B3	64	70	1	-2
176	46.727356	48.281173	D4	64	83	0	3
177	46.727356	49.362768	A1	64	66	1	-3
178	47.144022	49.572837	E2	64	50	1	-1
179	47.560688	48.461728	A3	64	69	1	-4
180	47.977354	48.657908	A2	64	66	1	-1
181	48.394020	50.064156	C#4	64	93	0	2
182	48.810686	49.173532	A2	64	63	1	-1
183	49.227352	49.588462	F#4	64	99	0	2
184	49.227352	50.053739	A3	64	82	1	-4
185	49.644018	49.954781	A4	64	93	0	5
186	49.644018	50.057212	E3	64	62	1	-4
187	50.060684	50.963460	B4	64	107	0	2
188	50.060684	51.588459	B1	64	72	1	-1
189	50.477350	51.730820	F#2	64	56	1	-4
190	50.894016	51.440890	D4	64	69	0	3
191	50.894016	52.650957	F#4	64	78	0	2
192	51.310682	51.572834	A4	64	96	0	5
193	51.310682	52.341930	B3	64	72	1	-2
194	51.727348	52.100611	B4	64	97	0	2
195	51.727348	52.916582	B1	64	67	1	-1
196	52.144014	52.449569	A4	64	88	0	5
197	52.144014	52.895749	F#2	64	41	1	-4
198	52.560680	52.857554	F#4	64	79	0	2
199	52.560680	53.032901	B2	64	43	1	-4
200	52.560680	53.444359	D4	64	77	0	3
201	52.977346	53.328040	F#4	64	95	0	2
202	52.977346	53.527692	B3	64	60	1	-2
203	53.394012	55.140537	A4	64	92	0	5
204	53.394012	56.027688	A2	64	72	1	-1
205	53.810678	54.446093	E3	64	47	1	-4
206	54.227344	56.807201	A3	64	83	1	-4
207	54.644010	55.343661	E3	64	59	1	-4
208	55.060676	55.720397	C#4	64	89	0	2
209	55.477342	55.980813	E3	64	68	1	-4
210	55.894008	56.279424	A4	64	95	0	5
211	55.894008	56.775951	E4	64	97	0	5
212	56.310674	56.746437	B4	64	95	0	2
213	56.310674	56.788104	C#4	64	100	0	2
214	56.727340	57.506852	D5	64	95	0	5
215	56.727340	59.574557	D2	64	86	1	-3
216	57.144006	57.779421	A2	64	78	1	-1
217	57.560672	58.347129	F#3	64	97	1	-2
218	57.977338	58.300254	B4	64	100	0	2
219	57.977338	58.683934	A2	64	63	1	-1
220	58.394004	58.812406	B4	64	93	0	2
221	58.394004	60.064140	A3	64	88	1	-4
222	58.810670	59.156155	A4	64	96	0	5
223	58.810670	59.572821	A2	64	51	1	-1
224	59.227336	59.578030	F#4	64	97	0	2
225	59.227336	60.057196	F#3	64	92	1	-2
226	59.644002	60.076293	E4	64	86	0	5
227	59.644002	60.010321	D3	64	67	1	-1
228	60.060668	60.350598	F#4	64	82	0	2
229	60.060668	60.918305	F#2	64	82	1	-4
230	60.477334	60.741222	F#4	64	100	0	2
231	60.477334	61.020736	F#3	64	71	1	-2
232	60.894000	61.234277	F#4	64	99	0	2
233	60.894000	61.631846	C#4	64	88	0	2
234	61.310666	61.633582	E4	64	86	0	5
235	61.310666	61.676985	F#3	64	66	1	-2
236	61.727332	62.251637	D4	64	82	0	3
237	61.727332	62.847122	B1	64	74	1	-1
238	62.143998	62.725594	F#2	64	50	1	-4
239	62.560664	62.951288	B3	64	90	1	-2
240	62.560664	63.418301	F#3	64	82	1	-2
241	62.977330	63.406149	F#4	64	97	0	2
242	62.977330	63.390524	D3	64	67	1	-1
243	63.393996	64.301980	E4	64	86	0	5
244	63.393996	66.560657	E2	64	72	1	-1
245	63.810662	65.128368	B2	64	59	1	-4
246	64.227328	66.772463	B3	64	90	1	-2
247	64.643994	64.807188	E4	64	92	0	5
248	64.643994	65.527673	G3	64	64	1	-1
249	64.852327	65.104062	F#4	64	96	0	2
250	65.060660	65.343645	E4	64	89	0	5
251	65.060660	66.689129	E3	64	77	1	-4
252	65.477326	65.791561	E4	64	90	0	5
253	65.477326	66.463435	B2	64	69	1	-4
254	65.893992	66.241213	E4	64	85	0	5
255	65.893992	66.755102	G3	64	78	1	-1
256	66.310658	66.694338	D4	64	96	0	3
257	66.310658	66.755102	F#3	64	55	1	-2
258	66.727324	68.972112	A4	64	112	0	5
259	66.727324	69.251625	A1	64	78	1	-3
260	67.143990	69.281139	E2	64	39	1	-1
261	67.560656	68.355793	A3	64	76	1	-4
262	67.977322	68.607529	A2	64	81	1	-1
263	68.393988	68.491210	E3	64	26	1	-4
264	68.393988	69.914819	C#4	64	117	0	2
265	68.810654	69.517250	A2	64	102	1	-1
266	69.227320	69.590166	A4	64	96	0	5
267	69.227320	70.060652	A3	64	100	1	-4
268	69.643986	69.961694	B4	64	96	0	2
269	69.643986	70.008569	E3	64	93	1	-4
270	70.060652	70.926970	D5	64	99	0	5
271	70.060652	71.666552	D2	64	88	1	-3
272	70.268985	71.883566	A2	64	69	1	-1
273	70.477318	70.951275	D3	64	53	1	-1
274	70.685651	70.963428	F#3	64	69	1	-2
275	70.893984	71.350580	A3	64	55	1	-4
276	71.102317	71.406136	D3	64	76	1	-1
277	71.310650	71.550233	E5	64	107	0	2
278	71.310650	71.920024	F#3	64	73	1	-2
279	71.518983	72.003357	A3	64	68	1	-4
280	71.727316	72.048496	E5	64	97	0	2
281	71.727316	72.083218	C4	64	69	0	1
282	71.935649	73.036341	D2	64	58	1	-3
283	72.143982	72.381829	D5	64	97	0	5
284	72.143982	72.704745	F#3	64	62	1	-2
285	72.352315	72.709953	A2	64	60	1	-1
286	72.560648	72.815856	B4	64	96	0	2
287	72.560648	72.656134	A3	64	20	1	-4
288	72.560648	73.334952	C4	64	70	0	1
289	72.768981	72.972105	A2	64	63	1	-1
290	72.977314	73.083216	B4	64	93	0	2
291	72.977314	73.397452	F#3	64	65	1	-2
292	73.185647	73.324535	B4	64	92	0	2
293	73.185647	73.421758	A3	64	69	1	-4
294	73.393980	74.645714	D5	64	102	0	5
295	73.393980	74.935644	B1	64	65	1	-1
296	73.602313	75.112727	F#2	64	47	1	-4
297	73.810646	74.265506	B2	64	70	1	-4
298	74.018979	74.366200	D3	64	65	1	-1
299	74.227312	75.605782	B3	64	90	1	-2
300	74.435645	75.189116	B2	64	86	1	-4
301	74.643978	75.560643	F#3	64	79	1	-2
302	74.852311	75.538074	D3	64	96	1	-1
303	75.060644	76.267239	B1	64	73	1	-1
304	75.268977	76.298489	F#2	64	74	1	-4
305	75.477310	75.972101	B2	64	86	1	-4
306	75.685643	76.223836	D3	64	74	1	-1
307	75.893976	76.216892	A4	64	96	0	5
308	75.893976	76.654391	B3	64	96	1	-2
309	76.102309	76.683905	B2	64	88	1	-4
310	76.310642	76.626614	B4	64	96	0	2
311	76.310642	76.595364	F#3	64	93	1	-2
312	76.518975	76.734252	D3	64	76	1	-1
313	76.727308	77.538070	D5	64	99	0	5
314	76.727308	78.189111	D2	64	67	1	-3
315	76.935641	77.635292	A2	64	72	1	-1
316	77.143974	77.418279	D3	64	83	1	-1
317	77.352307	77.619667	F#3	64	68	1	-2
318	77.560640	78.348833	A3	64	82	1	-4
319	77.768973	78.343625	A2	64	66	1	-1
320	77.977306	78.321055	E5	64	96	0	2
321	77.977306	78.326264	F#3	64	69	1	-2
322	78.185639	78.348833	D3	64	81	1	-1
323	78.393972	78.699527	E5	64	96	0	2
324	78.393972	79.758553	D2	64	81	1	-3
325	78.602305	79.704734	A2	64	71	1	-1
326	78.810638	79.081471	D5	64	96	0	5
327	78.810638	79.324526	D3	64	75	1	-1
328	79.018971	79.400915	F3	64	81	1	-3
329	79.227304	79.569317	B4	64	90	0	2
330	79.227304	80.060636	C4	64	89	0	1
331	79.435637	79.598831	D3	64	73	1	-1
332	79.643970	80.058900	A4	64	96	0	5
333	79.643970	80.031122	A3	64	70	1	-4
334	79.852303	80.060636	F3	64	72	1	-3
335	80.060636	81.598828	B1	64	78	1	-1
336	80.067580	81.381814	B4	64	99	0	2
337	80.268969	81.756814	F#2	64	86	1	-4
338	80.477302	80.907857	B2	64	75	1	-4
339	80.685635	81.001607	D3	64	65	1	-1
340	80.893968	82.447785	B3	64	83	1	-2
341	81.102301	81.860980	B2	64	77	1	-4
342	81.310634	82.432160	F#3	64	63	1	-2
343	81.518967	82.235980	D3	64	57	1	-1
344	81.727300	82.904381	B1	64	61	1	-1
345	81.935633	82.923478	F#2	64	63	1	-4
346	82.143966	82.645701	B2	64	73	1	-4
347	82.352299	82.824520	D3	64	58	1	-1
348	82.560632	82.932159	A4	64	96	0	5
349	82.560632	83.345353	B3	64	86	1	-2
350	82.768965	83.279381	B2	64	81	1	-4
351	82.977298	83.274172	F#3	64	88	1	-2
352	82.992923	83.383547	B4	64	100	0	2
353	83.185631	83.333200	D3	64	72	1	-1
354	83.393964	84.923475	D2	64	66	1	-3
355	83.395700	83.668269	B4	64	100	0	2
356	83.602297	85.086669	A2	64	69	1	-1
357	83.661324	84.482504	D5	64	100	0	5
358	83.810630	84.260282	D3	64	79	1	-1
359	84.018963	84.364448	F#3	64	52	1	-2
360	84.227296	84.994656	D4	64	71	0	3
361	84.435629	84.656115	D3	64	81	1	-1
362	84.643962	84.935628	E5	64	122	0	2
363	84.643962	85.150905	F#3	64	72	1	-2
364	84.852295	85.124864	A3	64	47	1	-4
365	85.060628	85.444308	E5	64	100	0	2
366	85.060628	86.444306	D2	64	70	1	-3
367	85.268961	86.683889	A2	64	53	1	-1
368	85.477294	85.765488	D5	64	96	0	5
369	85.477294	86.003335	D3	64	67	1	-1
370	85.685627	86.025904	F#3	64	47	1	-2
371	85.893960	86.209932	B4	64	92	0	2
372	85.893960	85.935626	A3	64	25	1	-4
373	85.893960	86.579723	C4	64	68	0	1
374	86.102293	86.270695	D3	64	72	1	-1
375	86.310626	86.664792	A4	64	96	0	5
376	86.310626	86.694306	F#3	64	67	1	-2
377	86.518959	86.737708	A3	64	71	1	-4
378	86.727292	87.017222	B4	64	95	0	2
379	86.727292	87.935623	E2	64	68	1	-1
380	86.935625	87.654374	B2	64	69	1	-4
381	87.143958	87.239444	B4	64	99	0	2
382	87.143958	87.637013	E3	64	63	1	-4
383	87.352291	87.444305	B4	64	93	0	2
384	87.352291	87.538054	G#3	64	63	1	-5
385	87.560624	87.933887	B4	64	99	0	2
386	87.560624	88.284581	B3	64	92	1	-2
387	87.768957	87.899165	B2	64	70	1	-4
388	87.977290	88.413053	A4	64	95	0	5
389	87.977290	88.340136	G#3	64	93	1	-5
390	88.185623	88.397428	E3	64	72	1	-4
391	88.393956	89.025899	F#4	64	99	0	2
392	88.393956	89.678676	B1	64	61	1	-1
393	88.602289	89.340135	F#2	64	50	1	-4
394	88.810622	89.229024	B2	64	70	1	-4
395	89.018955	89.294996	D#3	64	71	1	-5
396	89.227288	89.538051	F#4	64	99	0	2
397	89.227288	90.024162	F#3	64	82	1	-2
398	89.435621	89.595343	F#2	64	74	1	-4
399	89.643954	90.058884	B4	64	93	0	2
400	89.643954	89.966870	D#3	64	59	1	-5
401	89.852287	90.012009	B2	64	74	1	-4
402	90.060620	90.893952	A4	64	90	0	5
403	90.060620	91.557145	A1	64	68	1	-3
404	90.268953	91.690826	E2	64	53	1	-1
405	90.477286	90.966868	A2	64	46	1	-1
406	90.685619	91.055410	C#3	64	53	1	-2
407	90.893952	91.696034	A3	64	55	1	-4
408	91.102285	91.709923	A2	64	67	1	-1
409	91.310618	91.522423	A4	64	96	0	5
410	91.310618	91.749853	C#3	64	55	1	-2
411	91.518951	91.715131	B4	64	77	0	2
412	91.518951	91.704714	E3	64	60	1	-4
413	91.727284	92.183880	F#4	64	86	0	2
414	91.727284	93.034573	B1	64	59	1	-1
415	91.935617	92.671727	F#2	64	66	1	-4
416	92.143950	92.411310	E4	64	100	0	5
417	92.143950	92.715129	B2	64	57	1	-4
418	92.352283	92.595338	D#3	64	51	1	-5
419	92.560616	92.819296	E4	64	77	0	5
420	92.560616	93.326240	F#3	64	107	1	-2
421	92.768949	92.919990	F#2	64	61	1	-4
422	92.977282	93.168254	E4	64	95	0	5
423	92.977282	93.387003	D#3	64	92	1	-5
424	93.185615	93.378323	D4	64	76	0	3
425	93.185615	93.380059	B2	64	70	1	-4
426	93.393948	93.607489	F#4	64	102	0	2
427	93.393948	94.965126	A1	64	69	1	-3
428	93.602281	95.105751	A4	64	85	0	5
429	93.602281	95.041515	E2	64	52	1	-1
430	93.810614	94.218599	A2	64	66	1	-1
431	94.018947	94.381793	C#3	64	62	1	-2
432	94.227280	95.289778	A3	64	59	1	-4
433	94.435613	95.091862	A2	64	66	1	-1
434	94.643946	95.234223	C#3	64	63	1	-2
435	94.852279	95.192556	E3	64	54	1	-4
436	95.060612	96.532832	A1	64	63	1	-3
437	95.268945	96.522415	E2	64	45	1	-1
438	95.477278	96.022416	A2	64	73	1	-1
439	95.685611	96.065819	C#3	64	56	1	-2
440	95.893944	96.256790	A4	64	96	0	5
441	95.893944	96.697762	A3	64	63	1	-4
442	96.102277	96.499846	A2	64	67	1	-1
443	96.310610	96.628318	B4	64	96	0	2
444	96.310610	96.692554	C#3	64	66	1	-2
445	96.518943	96.694290	E3	64	63	1	-4
446	96.727276	97.593594	D5	64	99	0	5
447	96.727276	98.333176	D2	64	88	1	-3
448	96.935609	98.550190	A2	64	69	1	-1
449	97.143942	97.617899	D3	64	53	1	-1
450	97.352275	97.630052	F#3	64	69	1	-2
451	97.560608	98.017204	A3	64	55	1	-4
452	97.768941	98.072760	D3	64	76	1	-1
453	97.977274	98.216857	E5	64	107	0	2
454	97.977274	98.586648	F#3	64	73	1	-2
455	98.185607	98.669981	A3	64	68	1	-4
456	98.393940	98.715120	E5	64	97	0	2
457	98.393940	98.749842	C4	64	69	0	1
458	98.602273	99.702965	D2	64	58	1	-3
459	98.810606	99.048453	D5	64	97	0	5
460	98.810606	99.371369	F#3	64	62	1	-2
461	99.018939	99.376577	A2	64	60	1	-1
462	99.227272	99.482480	B4	64	96	0	2
463	99.227272	99.322758	A3	64	20	1	-4
464	99.227272	100.001576	C4	64	70	0	1
465	99.435605	99.638729	A2	64	63	1	-1
466	99.643938	99.749840	B4	64	93	0	2
467	99.643938	100.064076	F#3	64	65	1	-2
468	99.852271	99.991159	B4	64	92	0	2
469	99.852271	100.088382	A3	64	69	1	-4
470	100.060604	101.312338	D5	64	102	0	5
471	100.060604	101.602268	B1	64	65	1	-1
472	100.268937	101.779351	F#2	64	47	1	-4
473	100.477270	100.932130	B2	64	70	1	-4
474	100.685603	101.032824	D3	64	65	1	-1
475	100.893936	102.272406	B3	64	90	1	-2
476	101.102269	101.855740	B2	64	86	1	-4
477	101.310602	102.227267	F#3	64	79	1	-2
478	101.518935	102.204698	D3	64	96	1	-1
479	101.727268	102.933863	B1	64	73	1	-1
480	101.935601	102.965113	F#2	64	74	1	-4
481	102.143934	102.638725	B2	64	86	1	-4
482	102.352267	102.890460	D3	64	74	1	-1
483	102.560600	102.883516	A4	64	96	0	5
484	102.560600	103.321015	B3	64	96	1	-2
485	102.768933	103.350529	B2	64	88	1	-4
486	102.977266	103.293238	B4	64	96	0	2
487	102.977266	103.261988	F#3	64	93	1	-2
488	103.185599	103.400876	D3	64	76	1	-1
489	103.393932	104.204694	D5	64	99	0	5
490	103.393932	104.855735	D2	64	67	1	-3
491	103.602265	104.301916	A2	64	72	1	-1
492	103.810598	104.084903	D3	64	83	1	-1
493	104.018931	104.286291	F#3	64	68	1	-2
494	104.227264	105.015457	A3	64	82	1	-4
495	104.435597	105.010249	A2	64	66	1	-1
496	104.643930	104.987679	E5	64	96	0	2
497	104.643930	104.992888	F#3	64	69	1	-2
498	104.852263	105.015457	D3	64	81	1	-1
499	105.060596	105.366151	E5	64	96	0	2
500	105.060596	106.425177	D2	64	81	1	-3
501	105.268929	106.371358	A2	64	71	1	-1
502	105.477262	105.748095	D5	64	96	0	5
503	105.477262	105.991150	D3	64	75	1	-1
504	105.685595	106.067539	F3	64	81	1	-3
505	105.893928	106.235941	B4	64	90	0	2
506	105.893928	106.727260	C4	64	89	0	1
507	106.102261	106.265455	D3	64	73	1	-1
508	106.310594	106.725524	A4	64	96	0	5
509	106.310594	106.697746	A3	64	70	1	-4
510	106.518927	106.727260	F3	64	72	1	-3
511	106.727260	108.041494	B4	64	99	0	2
512	106.727260	108.265452	B1	64	78	1	-1
513	106.935593	108.423438	F#2	64	86	1	-4
514	107.143926	107.574481	B2	64	75	1	-4
515	107.352259	107.668231	D3	64	65	1	-1
516	107.560592	109.114409	B3	64	83	1	-2
517	107.768925	108.527604	B2	64	77	1	-4
518	107.977258	109.098784	F#3	64	63	1	-2
519	108.185591	108.902604	D3	64	57	1	-1
520	108.393924	109.571005	B1	64	61	1	-1
521	108.602257	109.590102	F#2	64	63	1	-4
522	108.810590	109.312325	B2	64	73	1	-4
523	109.018923	109.491144	D3	64	58	1	-1
524	109.227256	109.598783	A4	64	96	0	5
525	109.227256	110.011977	B3	64	86	1	-2
526	109.435589	109.946005	B2	64	81	1	-4
527	109.643922	110.034546	B4	64	100	0	2
528	109.643922	109.940796	F#3	64	88	1	-2
529	109.852255	109.999824	D3	64	72	1	-1
530	110.060588	111.140447	D5	64	100	0	5
531	110.060588	111.590099	D2	64	66	1	-3
532	110.268921	111.753293	A2	64	69	1	-1
533	110.477254	110.926906	D3	64	79	1	-1
534	110.685587	111.031072	F#3	64	52	1	-2
535	110.893920	111.661280	D4	64	71	0	3
536	111.102253	111.322739	D3	64	81	1	-1
537	111.310586	111.602252	E5	64	122	0	2
538	111.310586	111.817529	F#3	64	72	1	-2
539	111.518919	111.791488	A3	64	47	1	-4
540	111.727252	112.110932	E5	64	100	0	2
541	111.727252	113.110930	D2	64	70	1	-3
542	111.935585	113.350513	A2	64	53	1	-1
543	112.143918	112.432112	D5	64	96	0	5
544	112.143918	112.669959	D3	64	67	1	-1
545	112.352251	112.692528	F#3	64	47	1	-2
546	112.560584	112.876556	B4	64	92	0	2
547	112.560584	112.602250	A3	64	25	1	-4
548	112.560584	113.246347	C4	64	68	0	1
549	112.768917	112.937319	D3	64	72	1	-1
550	112.977250	113.331416	A4	64	96	0	5
551	112.977250	113.360930	F#3	64	67	1	-2
552	113.185583	113.404332	A3	64	71	1	-4
553	113.393916	113.683846	B4	64	95	0	2
554	113.393916	114.602247	E2	64	68	1	-1
555	113.602249	114.320998	B2	64	69	1	-4
556	113.810582	113.906068	B4	64	99	0	2
557	113.810582	114.303637	E3	64	63	1	-4
558	114.018915	114.110929	B4	64	93	0	2
559	114.018915	114.204678	G#3	64	63	1	-5
560	114.227248	114.600511	B4	64	99	0	2
561	114.227248	114.951205	B3	64	92	1	-2
562	114.435581	114.565789	B2	64	70	1	-4
563	114.643914	115.079677	A4	64	95	0	5
564	114.643914	115.006760	G#3	64	93	1	-5
565	114.852247	115.064052	E3	64	72	1	-4
566	115.060580	115.692523	F#4	64	99	0	2
567	115.060580	116.345300	B1	64	61	1	-1
568	115.268913	116.006759	F#2	64	50	1	-4
569	115.477246	115.895648	B2	64	70	1	-4
570	115.685579	115.961620	D#3	64	71	1	-5
571	115.893912	116.204675	F#4	64	99	0	2
572	115.893912	116.690786	F#3	64	82	1	-2
573	116.102245	116.261967	F#2	64	74	1	-4
574	116.310578	116.725508	B4	64	93	0	2
575	116.310578	116.633494	D#3	64	59	1	-5
576	116.518911	116.678633	B2	64	74	1	-4
577	116.727244	117.560576	A4	64	90	0	5
578	116.727244	118.282797	A1	64	82	1	-3
579	116.935577	118.440783	E2	64	53	1	-1
580	117.143910	117.633492	A2	64	76	1	-1
581	117.352243	117.718562	C#3	64	70	1	-2
582	117.560576	118.723768	A3	64	58	1	-4
583	117.768909	118.472033	A2	64	72	1	-1
584	117.977242	118.189047	A4	64	96	0	5
585	117.977242	118.878282	C#3	64	59	1	-2
586	118.185575	118.381755	B4	64	77	0	2
587	118.185575	119.274115	E3	64	55	1	-4
588	118.393908	118.850504	F#4	64	86	0	2
589	118.393908	119.635225	A1	64	65	1	-3
590	118.602241	119.645642	E2	64	50	1	-1
591	118.810574	119.077934	E4	64	100	0	5
592	118.810574	119.319254	A2	64	66	1	-1
593	119.018907	119.390434	C#3	64	59	1	-2
594	119.227240	119.485920	E4	64	77	0	5
595	119.227240	119.989391	A3	64	67	1	-4
596	119.435573	120.022377	A2	64	65	1	-1
597	119.643906	119.916475	D4	64	96	0	3
598	119.643906	120.032794	C#3	64	73	1	-2
599	119.852239	120.031058	E3	64	72	1	-4
600	120.060572	122.610915	D4	64	96	0	3
601	120.060572	121.623069	D2	64	66	1	-3
602	120.268905	120.984181	A2	64	68	1	-1
603	120.477238	120.840084	D3	64	86	1	-1
604	120.685571	120.958140	F#3	64	69	1	-2
605	120.893904	121.826194	A3	64	90	1	-4
606	121.102237	121.727236	A2	64	54	1	-1
607	121.310570	121.810569	F#3	64	72	1	-2
608	121.518903	121.753277	D3	64	73	1	-1
609	121.727236	122.966817	D2	64	53	1	-3
610	121.935569	122.694248	A2	64	65	1	-1
611	122.143902	122.465082	D3	64	68	1	-1
612	122.352235	122.546679	F#3	64	48	1	-2
613	122.560568	123.338344	A3	64	85	1	-4
614	122.768901	122.900845	A2	64	49	1	-1
615	122.977234	123.360914	F#3	64	82	1	-2
616	123.185567	123.406053	D3	64	62	1	-1
617	123.393900	124.933828	A1	64	69	1	-3
618	123.602233	125.086605	E2	64	42	1	-1
619	123.810566	124.256746	A2	64	82	1	-1
620	124.018899	124.400843	C#3	64	61	1	-2
621	124.227232	124.916467	A3	64	59	1	-4
622	124.435565	124.782786	A2	64	78	1	-1
623	124.643898	125.598757	C#3	64	62	1	-2
624	124.852231	125.921674	E3	64	68	1	-4
625	125.060564	126.260215	A1	64	62	1	-3
626	125.268897	126.258479	E2	64	44	1	-1
627	125.477230	125.902576	A2	64	61	1	-1
628	125.685563	126.072715	C#3	64	60	1	-2
629	125.893896	126.598756	A3	64	69	1	-4
630	126.102229	126.256742	A2	64	73	1	-1
631	126.310562	126.645631	C#3	64	99	1	-2
632	126.518895	126.690770	E3	64	66	1	-4
633	126.727228	127.873059	G1	64	81	1	-5
634	126.935561	127.906045	D2	64	73	1	-3
635	127.143894	127.597018	G2	64	73	1	-3
636	127.352227	127.885212	D3	64	55	1	-1
637	127.560560	128.376531	B3	64	92	1	-2
638	127.768893	128.336600	G2	64	77	1	-3
639	127.977226	128.347017	G3	64	69	1	-1
640	128.185559	128.393892	D3	64	73	1	-1
641	128.393892	129.765417	B1	64	78	1	-1
642	128.602225	129.373057	F#2	64	68	1	-4
643	128.810558	129.162988	B2	64	81	1	-4
644	129.018891	129.286251	D#3	64	82	1	-5
645	129.227224	129.987639	F#3	64	99	1	-2
646	129.435557	129.650834	F#2	64	69	1	-4
647	129.643890	129.975486	D#3	64	69	1	-5
648	129.852223	130.025834	B2	64	82	1	-4
649	130.060556	132.926871	F1	64	92	1	-2
650	130.268889	132.893885	C2	64	69	1	-5
651	130.477222	130.937290	F2	64	48	1	-5
652	130.685555	131.034513	F3	64	78	1	-3
653	130.893888	132.171664	C4	64	102	0	1
654	131.102221	131.498053	F2	64	59	1	-5
655	131.310554	132.001525	A3	64	59	1	-4
656	131.518887	131.840067	F3	64	82	1	-3
657	131.727220	132.685552	F2	64	78	1	-5
658	131.935553	132.407774	F3	64	63	1	-3
659	132.143886	132.612635	A3	64	51	1	-4
660	132.560552	133.371314	C4	64	99	0	1
661	132.768885	132.999787	F2	64	82	1	-5
662	132.977218	133.359162	A3	64	85	1	-4
663	133.185551	133.364370	F3	64	85	1	-3
664	133.393884	134.906034	E2	64	81	1	-1
665	133.602217	135.154298	B2	64	58	1	-4
666	133.810550	134.287980	E3	64	66	1	-4
667	134.018883	134.376521	G#3	64	66	1	-5
668	134.227216	135.515408	E4	64	67	0	5
669	134.435549	134.678604	E3	64	82	1	-4
670	134.643882	135.550130	G#3	64	69	1	-5
671	134.852215	135.551866	B3	64	55	1	-2
672	135.060548	136.671656	E2	64	70	1	-1
673	135.268881	136.591795	B2	64	50	1	-4
674	135.477214	135.958116	E3	64	76	1	-4
675	135.685547	136.029296	G#3	64	75	1	-5
676	135.893880	136.744573	E4	64	79	0	5
677	136.102213	136.371310	E3	64	74	1	-4
678	136.310546	136.668184	G#3	64	97	1	-5
679	136.518879	136.704642	B3	64	73	1	-2
680	136.727212	139.400819	D2	64	89	1	-3
681	137.143878	139.355680	A2	64	60	1	-1
682	137.560544	138.775820	A3	64	69	1	-4
683	137.560544	138.853944	D4	64	74	0	3
684	137.977210	138.624778	D3	64	62	1	-1
685	138.393876	140.459845	F#4	64	93	0	2
686	138.810542	139.149083	D3	64	70	1	-1
687	139.227208	140.366095	D4	64	99	0	3
688	139.643874	140.241095	A3	64	55	1	-4
689	139.852207	140.015401	F#2	64	33	1	-4
690	140.060540	142.642133	B1	64	88	1	-1
691	140.477206	142.544911	F#2	64	47	1	-4
692	140.893872	141.761926	D4	64	81	0	3
693	140.893872	141.978939	B3	64	73	1	-2
694	141.310538	141.963315	B2	64	55	1	-4
695	141.727204	143.093521	F#4	64	90	0	2
696	142.143870	142.569216	B2	64	66	1	-4
697	142.560536	143.152549	D4	64	72	0	3
698	142.977202	143.499770	B3	64	71	1	-2
699	143.393868	145.867822	A1	64	74	1	-3
700	143.810534	145.874767	E2	64	44	1	-1
701	144.227200	146.814001	E4	64	85	0	5
702	144.643866	145.277545	A2	64	66	1	-1
703	145.060532	146.074419	C#4	64	85	0	2
704	145.477198	146.261919	A2	64	59	1	-1
705	145.893864	147.496292	A3	64	83	1	-4
706	146.310530	146.833098	C#4	64	56	0	2
707	146.727196	149.626497	D2	64	88	1	-3
708	147.143862	150.079621	A2	64	46	1	-1
709	147.560528	147.671639	A3	64	30	1	-4
710	147.560528	148.320943	D4	64	71	0	3
711	147.977194	148.581359	D3	64	67	1	-1
712	148.393860	148.918165	D4	64	67	0	3
713	148.393860	150.504968	F#4	64	99	0	2
714	148.810526	149.235872	D3	64	62	1	-1
715	149.227192	149.621288	A3	64	97	1	-4
716	149.227192	150.067468	C#4	64	63	0	2
717	149.643858	150.018857	B3	64	85	1	-2
718	149.643858	150.638648	A3	64	49	1	-4
719	150.060524	151.036217	F#4	64	96	0	2
720	150.060524	151.477188	D2	64	82	1	-3
721	150.477190	151.557049	A2	64	48	1	-1
722	150.893856	151.949410	D4	64	72	0	3
723	151.310522	151.609132	E4	64	100	0	5
724	151.310522	151.473716	D3	64	58	1	-1
725	151.727188	152.162951	E4	64	86	0	5
726	151.727188	152.846978	B1	64	73	1	-1
727	152.143854	152.421631	D4	64	90	0	3
728	152.143854	152.801839	F#2	64	55	1	-4
729	152.560520	152.923366	D4	64	88	0	3
730	152.560520	153.465032	D4	64	70	0	3
731	152.560520	153.470241	F#4	64	79	0	2
732	152.977186	153.381699	B3	64	75	1	-2
733	152.977186	153.537949	B3	64	61	1	-2
734	153.393852	155.546626	D4	64	77	0	3
735	153.393852	156.386903	A1	64	77	1	-3
736	153.810518	156.546625	E2	64	59	1	-1
737	154.227184	154.958085	E4	64	55	0	5
738	154.227184	154.959822	C#4	64	58	0	2
739	154.227184	155.947667	A3	64	58	1	-4
740	154.643850	155.300099	A2	64	59	1	-1
741	155.060516	155.645584	C#4	64	48	0	2
742	155.060516	156.751485	E4	64	63	0	5
743	155.477182	156.412944	A2	64	56	1	-1
744	155.893848	156.270583	F#4	64	96	0	2
745	155.893848	156.708083	C#4	64	65	0	2
746	155.893848	156.716763	B3	64	71	1	-2
747	156.310514	156.680305	A4	64	93	0	5
748	156.310514	156.812249	A3	64	69	1	-4
749	156.727180	157.754956	B4	64	99	0	2
750	156.727180	159.296620	B1	64	74	1	-1
751	157.143846	159.362592	F#2	64	59	1	-4
752	157.560512	157.926831	D4	64	76	0	3
753	157.560512	158.333080	B3	64	69	1	-2
754	157.977178	158.423358	A4	64	96	0	5
755	157.977178	158.583080	B2	64	73	1	-4
756	158.393844	158.834815	B4	64	96	0	2
757	158.393844	159.357384	B3	64	54	1	-2
758	158.393844	160.149049	D4	64	67	0	3
759	158.393844	160.159466	F#4	64	71	0	2
760	158.810510	159.041412	A4	64	89	0	5
761	158.810510	159.418148	B2	64	66	1	-4
762	159.227176	159.520578	F#4	64	77	0	2
763	159.227176	160.109119	A4	64	60	0	5
764	159.643842	160.025786	F#4	64	78	0	2
765	159.643842	160.182035	B3	64	55	1	-2
766	160.060508	162.155991	A4	64	85	0	5
767	160.060508	162.713281	A2	64	74	1	-1
768	160.477174	161.081339	E3	64	56	1	-4
769	160.893840	161.404256	C#4	64	62	0	2
770	160.893840	161.859116	A3	64	68	1	-4
771	160.893840	163.227169	E4	64	65	0	5
772	161.310506	161.853908	E3	64	78	1	-4
773	161.727172	162.374740	B3	64	70	1	-2
774	162.143838	162.569184	E3	64	53	1	-4
775	162.560504	162.963281	A4	64	90	0	5
776	162.560504	163.053559	C#4	64	79	0	2
777	162.977170	163.336544	B4	64	77	0	2
778	162.977170	165.609110	A3	64	61	1	-4
779	163.393836	164.390362	D5	64	88	0	5
780	163.393836	166.079595	D2	64	82	1	-3
781	163.810502	166.093484	A2	64	50	1	-1
782	164.227168	164.704598	D4	64	83	0	3
783	164.643834	165.010153	B4	64	86	0	2
784	164.643834	165.234111	D3	64	67	1	-1
785	164.852167	164.911194	F#4	64	16	0	2
786	165.060500	165.345222	B4	64	93	0	2
787	165.060500	165.746263	D4	64	76	0	3
788	165.060500	168.463272	F#4	64	74	0	2
789	165.477166	165.758415	A4	64	95	0	5
790	165.477166	166.228901	D3	64	71	1	-1
791	165.893832	166.142095	F#4	64	93	0	2
792	165.893832	166.747997	D4	64	88	0	3
793	166.310498	166.616053	E4	64	89	0	5
794	166.310498	166.984108	A3	64	69	1	-4
795	166.727164	167.119524	F#4	64	93	0	2
796	166.727164	167.822648	F#2	64	66	1	-4
797	167.143830	167.395566	F#4	64	92	0	2
798	167.143830	167.775773	C#3	64	34	1	-2
799	167.560496	167.852162	F#4	64	107	0	2
800	167.560496	167.879940	F#3	64	53	1	-2
801	167.560496	168.334800	C#4	64	90	0	2
802	167.977162	168.303550	E4	64	90	0	5
803	167.977162	168.477161	A3	64	71	1	-4
804	168.393828	169.076118	D4	64	93	0	3
805	168.393828	169.367785	B2	64	69	1	-4
806	168.810494	169.265354	F#3	64	55	1	-2
807	169.227160	169.600423	B3	64	89	1	-2
808	169.227160	169.676812	D4	64	72	0	3
809	169.227160	169.695909	F#4	64	83	0	2
810	169.643826	169.959798	F#4	64	90	0	2
811	169.643826	170.185492	B3	64	66	1	-2
812	170.060492	170.423338	E4	64	88	0	5
813	170.060492	171.246254	E2	64	72	1	-1
814	170.477158	171.027504	F#4	64	97	0	2
815	170.477158	171.208059	B2	64	54	1	-4
816	170.893824	171.685489	G3	64	50	1	-1
817	170.893824	171.725420	B3	64	67	1	-2
818	171.310490	171.499726	E4	64	85	0	5
819	171.310490	172.350419	E3	64	59	1	-4
820	171.518823	171.772295	F#4	64	86	0	2
821	171.727156	171.968475	E4	64	72	0	5
822	171.727156	172.709793	A1	64	72	1	-3
823	172.143822	172.412919	E4	64	83	0	5
824	172.143822	172.761876	E2	64	44	1	-1
825	172.560488	172.848682	E4	64	76	0	5
826	172.560488	173.393820	C#4	64	97	0	2
827	172.977154	173.352153	D4	64	78	0	3
828	172.977154	173.393820	A3	64	70	1	-4
829	173.393820	175.088262	E4	64	77	0	5
830	173.393820	176.274024	A1	64	83	1	-3
831	173.810486	176.253190	E2	64	61	1	-1
832	174.227152	175.845205	A3	64	93	1	-4
833	174.643818	175.258400	A2	64	71	1	-1
834	175.060484	175.643816	C#4	64	100	0	2
835	175.477150	176.652495	A2	64	77	1	-1
836	175.893816	176.310482	A3	64	90	1	-4
837	175.893816	176.810481	C#4	64	96	0	2
838	176.310482	176.718467	B3	64	73	1	-2
839	176.310482	176.812217	A3	64	83	1	-4
840	176.727148	177.779229	F#4	64	78	0	2
841	176.727148	178.326104	D2	64	77	1	-3
842	177.143814	178.307006	A2	64	52	1	-1
843	177.560480	177.822632	A3	64	29	1	-4
844	177.560480	178.683742	F#4	64	95	0	2
845	177.977146	178.284437	E4	64	79	0	5
846	177.977146	178.280965	D3	64	78	1	-1
847	178.393812	178.747978	E4	64	82	0	5
848	178.393812	179.624713	B1	64	69	1	-1
849	178.810478	179.110825	D4	64	90	0	3
850	178.810478	179.622976	F#2	64	67	1	-4
851	179.227144	179.477143	B3	64	96	1	-2
852	179.227144	179.576102	B2	64	45	1	-4
853	179.227144	179.645546	D4	64	60	0	3
854	179.643810	179.926795	B3	64	92	1	-2
855	179.643810	180.065684	B3	64	70	1	-2
856	180.060476	181.614293	D4	64	83	0	3
857	180.060476	182.695888	A1	64	66	1	-3
858	180.477142	182.905957	E2	64	50	1	-1
859	180.893808	181.794848	A3	64	69	1	-4
860	181.310474	181.991028	A2	64	66	1	-1
861	181.727140	183.397276	C#4	64	93	0	2
862	182.143806	182.506652	A2	64	63	1	-1
863	182.560472	182.921582	F#4	64	99	0	2
864	182.560472	183.386859	A3	64	82	1	-4
865	182.977138	183.287901	A4	64	93	0	5
866	182.977138	183.390332	E3	64	62	1	-4
867	183.393804	184.296580	B4	64	107	0	2
868	183.393804	184.921579	B1	64	72	1	-1
869	183.810470	185.063940	F#2	64	56	1	-4
870	184.227136	184.774010	D4	64	69	0	3
871	184.227136	185.984077	F#4	64	78	0	2
872	184.643802	184.905954	A4	64	96	0	5
873	184.643802	185.675050	B3	64	72	1	-2
874	185.060468	185.433731	B4	64	97	0	2
875	185.060468	186.249702	B1	64	67	1	-1
876	185.477134	185.782689	A4	64	88	0	5
877	185.477134	186.228869	F#2	64	41	1	-4
878	185.893800	186.190674	F#4	64	79	0	2
879	185.893800	186.366021	B2	64	43	1	-4
880	185.893800	186.777479	D4	64	77	0	3
881	186.310466	186.661160	F#4	64	95	0	2
882	186.310466	186.860812	B3	64	60	1	-2
883	186.727132	188.473657	A4	64	92	0	5
884	186.727132	189.360808	A2	64	72	1	-1
885	187.143798	187.779213	E3	64	47	1	-4
886	187.560464	190.140321	A3	64	83	1	-4
887	187.977130	188.676781	E3	64	59	1	-4
888	188.393796	189.053517	C#4	64	89	0	2
889	188.810462	189.313933	E3	64	68	1	-4
890	189.227128	189.612544	A4	64	95	0	5
891	189.227128	190.109071	E4	64	97	0	5
892	189.643794	190.079557	B4	64	95	0	2
893	189.643794	190.121224	C#4	64	100	0	2
894	190.060460	190.839972	D5	64	95	0	5
895	190.060460	192.907677	D2	64	86	1	-3
896	190.477126	191.112541	A2	64	78	1	-1
897	190.893792	191.680249	F#3	64	97	1	-2
898	191.310458	191.633374	B4	64	100	0	2
899	191.310458	192.017054	A2	64	63	1	-1
900	191.727124	192.145526	B4	64	93	0	2
901	191.727124	193.397260	A3	64	88	1	-4
902	192.143790	192.489275	A4	64	96	0	5
903	192.143790	192.905941	A2	64	51	1	-1
904	192.560456	192.911150	F#4	64	97	0	2
905	192.560456	193.390316	F#3	64	92	1	-2
906	192.977122	193.409413	E4	64	86	0	5
907	192.977122	193.343441	D3	64	67	1	-1
908	193.393788	193.683718	F#4	64	82	0	2
909	193.393788	194.251425	F#2	64	82	1	-4
910	193.810454	194.074342	F#4	64	100	0	2
911	193.810454	194.353856	F#3	64	71	1	-2
912	194.227120	194.567397	F#4	64	99	0	2
913	194.227120	194.964966	C#4	64	88	0	2
914	194.643786	194.966702	E4	64	86	0	5
915	194.643786	195.010105	F#3	64	66	1	-2
916	195.060452	195.584757	D4	64	82	0	3
917	195.060452	196.180242	B1	64	74	1	-1
918	195.477118	196.058714	F#2	64	50	1	-4
919	195.893784	196.284408	B3	64	90	1	-2
920	195.893784	196.751421	F#3	64	82	1	-2
921	196.310450	196.739269	F#4	64	97	0	2
922	196.310450	196.723644	D3	64	67	1	-1
923	196.727116	197.635100	E4	64	86	0	5
924	196.727116	199.893777	E2	64	72	1	-1
925	197.143782	198.461488	B2	64	59	1	-4
926	197.560448	200.105583	B3	64	90	1	-2
927	197.977114	198.140308	E4	64	92	0	5
928	197.977114	198.860793	G3	64	64	1	-1
929	198.185447	198.437182	F#4	64	96	0	2
930	198.393780	198.676765	E4	64	89	0	5
931	198.393780	200.022249	E3	64	77	1	-4
932	198.810446	199.124681	E4	64	90	0	5
933	198.810446	199.796555	B2	64	69	1	-4
934	199.227112	199.574333	E4	64	85	0	5
935	199.227112	200.088222	G3	64	78	1	-1
936	199.643778	200.027458	D4	64	96	0	3
937	199.643778	200.088222	F#3	64	55	1	-2
938	200.060444	202.305232	A4	64	112	0	5
939	200.060444	202.584745	A1	64	78	1	-3
940	200.477110	202.614259	E2	64	39	1	-1
941	200.893776	201.688913	A3	64	76	1	-4
942	201.310442	201.940649	A2	64	81	1	-1
943	201.727108	201.824330	E3	64	26	1	-4
944	201.727108	203.247939	C#4	64	117	0	2
945	202.143774	202.850370	A2	64	102	1	-1
946	202.560440	202.923286	A4	64	96	0	5
947	202.560440	203.393772	A3	64	100	1	-4
948	202.977106	203.294814	B4	64	96	0	2
949	202.977106	203.341689	E3	64	93	1	-4
950	203.393772	204.260090	D5	64	99	0	5
951	203.393772	204.999672	D2	64	88	1	-3
952	203.602105	205.216686	A2	64	69	1	-1
953	203.810438	204.284395	D3	64	53	1	-1
954	204.018771	204.296548	F#3	64	69	1	-2
955	204.227104	204.683700	A3	64	55	1	-4
956	204.435437	204.739256	D3	64	76	1	-1
957	204.643770	204.883353	E5	64	107	0	2
958	204.643770	205.253144	F#3	64	73	1	-2
959	204.852103	205.336477	A3	64	68	1	-4
960	205.060436	205.381616	E5	64	97	0	2
961	205.060436	205.416338	C4	64	69	0	1
962	205.268769	206.369461	D2	64	58	1	-3
963	205.477102	205.714949	D5	64	97	0	5
964	205.477102	206.037865	F#3	64	62	1	-2
965	205.685435	206.043073	A2	64	60	1	-1
966	205.893768	206.148976	B4	64	96	0	2
967	205.893768	205.989254	A3	64	20	1	-4
968	205.893768	206.668072	C4	64	70	0	1
969	206.102101	206.305225	A2	64	63	1	-1
970	206.310434	206.416336	B4	64	93	0	2
971	206.310434	206.730572	F#3	64	65	1	-2
972	206.518767	206.657655	B4	64	92	0	2
973	206.518767	206.754878	A3	64	69	1	-4
974	206.727100	207.978834	D5	64	102	0	5
975	206.727100	208.268764	B1	64	65	1	-1
976	206.935433	208.445847	F#2	64	47	1	-4
977	207.143766	207.598626	B2	64	70	1	-4
978	207.352099	207.699320	D3	64	65	1	-1
979	207.560432	208.938902	B3	64	90	1	-2
980	207.768765	208.522236	B2	64	86	1	-4
981	207.977098	208.893763	F#3	64	79	1	-2
982	208.185431	208.871194	D3	64	96	1	-1
983	208.393764	209.600359	B1	64	73	1	-1
984	208.602097	209.631609	F#2	64	74	1	-4
985	208.810430	209.305221	B2	64	86	1	-4
986	209.018763	209.556956	D3	64	74	1	-1
987	209.227096	209.550012	A4	64	96	0	5
988	209.227096	209.987511	B3	64	96	1	-2
989	209.435429	210.017025	B2	64	88	1	-4
990	209.643762	209.959734	B4	64	96	0	2
991	209.643762	209.928484	F#3	64	93	1	-2
992	209.852095	210.067372	D3	64	76	1	-1
993	210.060428	210.871190	D5	64	99	0	5
994	210.060428	211.522231	D2	64	67	1	-3
995	210.268761	210.968412	A2	64	72	1	-1
996	210.477094	210.751399	D3	64	83	1	-1
997	210.685427	210.952787	F#3	64	68	1	-2
998	210.893760	211.681953	A3	64	82	1	-4
999	211.102093	211.676745	A2	64	66	1	-1
1000	211.310426	211.654175	E5	64	96	0	2
1001	211.310426	211.659384	F#3	64	69	1	-2
1002	211.518759	211.681953	D3	64	81	1	-1
1003	211.727092	212.032647	E5	64	96	0	2
1004	211.727092	213.091673	D2	64	81	1	-3
1005	211.935425	213.037854	A2	64	71	1	-1
1006	212.143758	212.414591	D5	64	96	0	5
1007	212.143758	212.657646	D3	64	75	1	-1
1008	212.352091	212.734035	F3	64	81	1	-3
1009	212.560424	212.902437	B4	64	90	0	2
1010	212.560424	213.393756	C4	64	89	0	1
1011	212.768757	212.931951	D3	64	73	1	-1
1012	212.977090	213.392020	A4	64	96	0	5
1013	212.977090	213.364242	A3	64	70	1	-4
1014	213.185423	213.393756	F3	64	72	1	-3
1015	213.393756	214.707990	B4	64	99	0	2
1016	213.393756	214.931948	B1	64	78	1	-1
1017	213.602089	215.089934	F#2	64	86	1	-4
1018	213.810422	214.240977	B2	64	75	1	-4
1019	214.018755	214.334727	D3	64	65	1	-1
1020	214.227088	215.780905	B3	64	83	1	-2
1021	214.435421	215.194100	B2	64	77	1	-4
1022	214.643754	215.765280	F#3	64	63	1	-2
1023	214.852087	215.569100	D3	64	57	1	-1
1024	215.060420	216.237501	B1	64	61	1	-1
1025	215.268753	216.256598	F#2	64	63	1	-4
1026	215.477086	215.978821	B2	64	73	1	-4
1027	215.685419	216.157640	D3	64	58	1	-1
1028	215.893752	216.265279	A4	64	96	0	5
1029	215.893752	216.678473	B3	64	86	1	-2
1030	216.102085	216.612501	B2	64	81	1	-4
1031	216.310418	216.701042	B4	64	100	0	2
1032	216.310418	216.607292	F#3	64	88	1	-2
1033	216.518751	216.666320	D3	64	72	1	-1
1034	216.727084	217.806943	D5	64	100	0	5
1035	216.727084	218.256595	D2	64	66	1	-3
1036	216.935417	218.419789	A2	64	69	1	-1
1037	217.143750	217.593402	D3	64	79	1	-1
1038	217.352083	217.697568	F#3	64	52	1	-2
1039	217.560416	218.327776	D4	64	71	0	3
1040	217.768749	217.989235	D3	64	81	1	-1
1041	217.977082	218.268748	E5	64	122	0	2
1042	217.977082	218.484025	F#3	64	72	1	-2
1043	218.185415	218.457984	A3	64	47	1	-4
1044	218.393748	218.777428	E5	64	100	0	2
1045	218.393748	219.777426	D2	64	70	1	-3
1046	218.602081	220.017009	A2	64	53	1	-1
1047	218.810414	219.098608	D5	64	96	0	5
1048	218.810414	219.336455	D3	64	67	1	-1
1049	219.018747	219.359024	F#3	64	47	1	-2
1050	219.227080	219.543052	B4	64	92	0	2
1051	219.227080	219.268746	A3	64	25	1	-4
1052	219.227080	219.912843	C4	64	68	0	1
1053	219.435413	219.603815	D3	64	72	1	-1
1054	219.643746	219.997912	A4	64	96	0	5
1055	219.643746	220.027426	F#3	64	67	1	-2
1056	219.852079	220.070828	A3	64	71	1	-4
1057	220.060412	220.350342	B4	64	95	0	2
1058	220.060412	221.268743	E2	64	68	1	-1
1059	220.268745	220.987494	B2	64	69	1	-4
1060	220.477078	220.572564	B4	64	99	0	2
1061	220.477078	220.970133	E3	64	63	1	-4
1062	220.685411	220.777425	B4	64	93	0	2
1063	220.685411	220.871174	G#3	64	63	1	-5
1064	220.893744	221.267007	B4	64	99	0	2
1065	220.893744	221.617701	B3	64	92	1	-2
1066	221.102077	221.232285	B2	64	70	1	-4
1067	221.310410	221.746173	A4	64	95	0	5
1068	221.310410	221.673256	G#3	64	93	1	-5
1069	221.518743	221.730548	E3	64	72	1	-4
1070	221.727076	222.359019	F#4	64	99	0	2
1071	221.727076	223.011796	B1	64	61	1	-1
1072	221.935409	222.673255	F#2	64	50	1	-4
1073	222.143742	222.562144	B2	64	70	1	-4
1074	222.352075	222.628116	D#3	64	71	1	-5
1075	222.560408	222.871171	F#4	64	99	0	2
1076	222.560408	223.357282	F#3	64	82	1	-2
1077	222.768741	222.928463	F#2	64	74	1	-4
1078	222.977074	223.392004	B4	64	93	0	2
1079	222.977074	223.299990	D#3	64	59	1	-5
1080	223.185407	223.345129	B2	64	74	1	-4
1081	223.393740	224.227072	A4	64	90	0	5
1082	223.393740	224.890265	A1	64	68	1	-3
1083	223.602073	225.023946	E2	64	53	1	-1
1084	223.810406	224.299988	A2	64	46	1	-1
1085	224.018739	224.388530	C#3	64	53	1	-2
1086	224.227072	225.029154	A3	64	55	1	-4
1087	224.435405	225.043043	A2	64	67	1	-1
1088	224.643738	224.855543	A4	64	96	0	5
1089	224.643738	225.082973	C#3	64	55	1	-2
1090	224.852071	225.048251	B4	64	77	0	2
1091	224.852071	225.037834	E3	64	60	1	-4
1092	225.060404	225.517000	F#4	64	86	0	2
1093	225.060404	226.367693	B1	64	59	1	-1
1094	225.268737	226.004847	F#2	64	66	1	-4
1095	225.477070	225.744430	E4	64	100	0	5
1096	225.477070	226.048249	B2	64	57	1	-4
1097	225.685403	225.928458	D#3	64	51	1	-5
1098	225.893736	226.152416	E4	64	77	0	5
1099	225.893736	226.659360	F#3	64	107	1	-2
1100	226.102069	226.253110	F#2	64	61	1	-4
1101	226.310402	226.501374	E4	64	95	0	5
1102	226.310402	226.720123	D#3	64	92	1	-5
1103	226.518735	226.711443	D4	64	76	0	3
1104	226.518735	226.713179	B2	64	70	1	-4
1105	226.727068	226.940609	F#4	64	102	0	2
1106	226.727068	228.298246	A1	64	69	1	-3
1107	226.935401	228.438871	A4	64	85	0	5
1108	226.935401	228.374635	E2	64	52	1	-1
1109	227.143734	227.551719	A2	64	66	1	-1
1110	227.352067	227.714913	C#3	64	62	1	-2
1111	227.560400	228.622898	A3	64	59	1	-4
1112	227.768733	228.424982	A2	64	66	1	-1
1113	227.977066	228.567343	C#3	64	63	1	-2
1114	228.185399	228.525676	E3	64	54	1	-4
1115	228.393732	229.865952	A1	64	63	1	-3
1116	228.602065	229.855535	E2	64	45	1	-1
1117	228.810398	229.355536	A2	64	73	1	-1
1118	229.018731	229.398939	C#3	64	56	1	-2
1119	229.227064	229.589910	A4	64	96	0	5
1120	229.227064	230.030882	A3	64	63	1	-4
1121	229.435397	229.832966	A2	64	67	1	-1
1122	229.643730	229.961438	B4	64	96	0	2
1123	229.643730	230.025674	C#3	64	66	1	-2
1124	229.852063	230.027410	E3	64	63	1	-4
1125	230.060396	230.926714	D5	64	99	0	5
1126	230.060396	231.666296	D2	64	88	1	-3
1127	230.268729	231.883310	A2	64	69	1	-1
1128	230.477062	230.951019	D3	64	53	1	-1
1129	230.685395	230.963172	F#3	64	69	1	-2
1130	230.893728	231.350324	A3	64	55	1	-4
1131	231.102061	231.405880	D3	64	76	1	-1
1132	231.310394	231.549977	E5	64	107	0	2
1133	231.310394	231.919768	F#3	64	73	1	-2
1134	231.518727	232.003101	A3	64	68	1	-4
1135	231.727060	232.048240	E5	64	97	0	2
1136	231.727060	232.082962	C4	64	69	0	1
1137	231.935393	233.036085	D2	64	58	1	-3
1138	232.143726	232.381573	D5	64	97	0	5
1139	232.143726	232.704489	F#3	64	62	1	-2
1140	232.352059	232.709697	A2	64	60	1	-1
1141	232.560392	232.815600	B4	64	96	0	2
1142	232.560392	232.655878	A3	64	20	1	-4
1143	232.560392	233.334696	C4	64	70	0	1
1144	232.768725	232.971849	A2	64	63	1	-1
1145	232.977058	233.082960	B4	64	93	0	2
1146	232.977058	233.397196	F#3	64	65	1	-2
1147	233.185391	233.324279	B4	64	92	0	2
1148	233.185391	233.421502	A3	64	69	1	-4
1149	233.393724	234.645458	D5	64	102	0	5
1150	233.393724	234.935388	B1	64	65	1	-1
1151	233.602057	235.112471	F#2	64	47	1	-4
1152	233.810390	234.265250	B2	64	70	1	-4
1153	234.018723	234.365944	D3	64	65	1	-1
1154	234.227056	235.605526	B3	64	90	1	-2
1155	234.435389	235.188860	B2	64	86	1	-4
1156	234.643722	235.560387	F#3	64	79	1	-2
1157	234.852055	235.537818	D3	64	96	1	-1
1158	235.060388	236.266983	B1	64	73	1	-1
1159	235.268721	236.298233	F#2	64	74	1	-4
1160	235.477054	235.971845	B2	64	86	1	-4
1161	235.685387	236.223580	D3	64	74	1	-1
1162	235.893720	236.216636	A4	64	96	0	5
1163	235.893720	236.654135	B3	64	96	1	-2
1164	236.102053	236.683649	B2	64	88	1	-4
1165	236.310386	236.626358	B4	64	96	0	2
1166	236.310386	236.595108	F#3	64	93	1	-2
1167	236.518719	236.733996	D3	64	76	1	-1
1168	236.727052	237.537814	D5	64	99	0	5
1169	236.727052	238.188855	D2	64	67	1	-3
1170	236.935385	237.635036	A2	64	72	1	-1
1171	237.143718	237.418023	D3	64	83	1	-1
1172	237.352051	237.619411	F#3	64	68	1	-2
1173	237.560384	238.348577	A3	64	82	1	-4
1174	237.768717	238.343369	A2	64	66	1	-1
1175	237.977050	238.320799	E5	64	96	0	2
1176	237.977050	238.326008	F#3	64	69	1	-2
1177	238.185383	238.348577	D3	64	81	1	-1
1178	238.393716	238.699271	E5	64	96	0	2
1179	238.393716	239.758297	D2	64	81	1	-3
1180	238.602049	239.704478	A2	64	71	1	-1
1181	238.810382	239.081215	D5	64	96	0	5
1182	238.810382	239.324270	D3	64	75	1	-1
1183	239.018715	239.400659	F3	64	81	1	-3
1184	239.227048	239.569061	B4	64	90	0	2
1185	239.227048	240.060380	C4	64	89	0	1
1186	239.435381	239.598575	D3	64	73	1	-1
1187	239.643714	240.058644	A4	64	96	0	5
1188	239.643714	240.030866	A3	64	70	1	-4
1189	239.852047	240.060380	F3	64	72	1	-3
1190	240.060380	241.374614	B4	64	99	0	2
1191	240.060380	241.598572	B1	64	78	1	-1
1192	240.268713	241.756558	F#2	64	86	1	-4
1193	240.477046	240.907601	B2	64	75	1	-4
1194	240.685379	241.001351	D3	64	65	1	-1
1195	240.893712	242.447529	B3	64	83	1	-2
1196	241.102045	241.860724	B2	64	77	1	-4
1197	241.310378	242.431904	F#3	64	63	1	-2
1198	241.518711	242.235724	D3	64	57	1	-1
1199	241.727044	242.904125	B1	64	61	1	-1
1200	241.935377	242.923222	F#2	64	63	1	-4
1201	242.143710	242.645445	B2	64	73	1	-4
1202	242.352043	242.824264	D3	64	58	1	-1
1203	242.560376	242.931903	A4	64	96	0	5
1204	242.560376	243.345097	B3	64	86	1	-2
1205	242.768709	243.279125	B2	64	81	1	-4
1206	242.977042	243.367666	B4	64	100	0	2
1207	242.977042	243.273916	F#3	64	88	1	-2
1208	243.185375	243.332944	D3	64	72	1	-1
1209	243.393708	244.473567	D5	64	100	0	5
1210	243.393708	244.923219	D2	64	66	1	-3
1211	243.602041	245.086413	A2	64	69	1	-1
1212	243.810374	244.260026	D3	64	79	1	-1
1213	244.018707	244.364192	F#3	64	52	1	-2
1214	244.227040	244.994400	D4	64	71	0	3
1215	244.435373	244.655859	D3	64	81	1	-1
1216	244.643706	244.935372	E5	64	122	0	2
1217	244.643706	245.150649	F#3	64	72	1	-2
1218	244.852039	245.124608	A3	64	47	1	-4
1219	245.060372	245.444052	E5	64	100	0	2
1220	245.060372	246.444050	D2	64	70	1	-3
1221	245.268705	246.683633	A2	64	53	1	-1
1222	245.477038	245.765232	D5	64	96	0	5
1223	245.477038	246.003079	D3	64	67	1	-1
1224	245.685371	246.025648	F#3	64	47	1	-2
1225	245.893704	246.209676	B4	64	92	0	2
1226	245.893704	245.935370	A3	64	25	1	-4
1227	245.893704	246.579467	C4	64	68	0	1
1228	246.102037	246.270439	D3	64	72	1	-1
1229	246.310370	246.664536	A4	64	96	0	5
1230	246.310370	246.694050	F#3	64	67	1	-2
1231	246.518703	246.737452	A3	64	71	1	-4
1232	246.727036	247.016966	B4	64	95	0	2
1233	246.727036	247.935367	E2	64	68	1	-1
1234	246.935369	247.654118	B2	64	69	1	-4
1235	247.143702	247.239188	B4	64	99	0	2
1236	247.143702	247.636757	E3	64	63	1	-4
1237	247.352035	247.444049	B4	64	93	0	2
1238	247.352035	247.537798	G#3	64	63	1	-5
1239	247.560368	247.933631	B4	64	99	0	2
1240	247.560368	248.284325	B3	64	92	1	-2
1241	247.768701	247.898909	B2	64	70	1	-4
1242	247.977034	248.412797	A4	64	95	0	5
1243	247.977034	248.339880	G#3	64	93	1	-5
1244	248.185367	248.397172	E3	64	72	1	-4
1245	248.393700	249.025643	F#4	64	99	0	2
1246	248.393700	249.678420	B1	64	61	1	-1
1247	248.602033	249.339879	F#2	64	50	1	-4
1248	248.810366	249.228768	B2	64	70	1	-4
1249	249.018699	249.294740	D#3	64	71	1	-5
1250	249.227032	249.537795	F#4	64	99	0	2
1251	249.227032	250.023906	F#3	64	82	1	-2
1252	249.435365	249.595087	F#2	64	74	1	-4
1253	249.643698	250.058628	B4	64	93	0	2
1254	249.643698	249.966614	D#3	64	59	1	-5
1255	249.852031	250.011753	B2	64	74	1	-4
1256	250.060364	250.893696	A4	64	90	0	5
1257	250.060364	251.676681	A1	64	78	1	-3
1258	250.268697	251.721819	E2	64	48	1	-1
1259	250.477030	250.940571	A2	64	86	1	-1
1260	250.685363	251.072515	E3	64	72	1	-4
1261	250.893696	251.334667	C#4	64	100	0	2
1262	251.102029	251.707931	A2	64	68	1	-1
1263	251.310362	251.522167	A4	64	96	0	5
1264	251.310362	251.633278	A3	64	63	1	-4
1265	251.518695	251.714875	B4	64	77	0	2
1266	251.518695	251.661056	E3	64	42	1	-4
1267	251.727028	252.183624	F#4	64	86	0	2
1268	251.727028	251.933625	E3	64	59	1	-4
1269	251.727028	252.187096	C4	64	76	0	1
1270	251.727028	252.779109	A3	64	73	1	-4
1271	251.727028	252.885012	A1	64	64	1	-3
1272	251.935361	252.904109	E2	64	57	1	-1
1273	252.143694	252.411054	E4	64	100	0	5
1274	252.143694	252.659318	A2	64	61	1	-1
1275	252.560360	252.819040	E4	64	77	0	5
1276	252.560360	253.348553	E4	64	72	0	5
1277	252.768693	253.263484	A2	64	62	1	-1
1278	252.977026	253.249595	D4	64	96	0	3
1279	252.977026	253.412789	A3	64	77	1	-4
1280	253.393692	255.628063	D4	64	96	0	3
1281	253.393692	254.977023	D2	64	72	1	-3
1282	253.602025	255.107231	A2	64	70	1	-1
1283	253.810358	254.303413	D3	64	81	1	-1
1284	254.018691	254.534315	A3	64	64	1	-4
1285	254.227024	255.635008	F#4	64	107	0	2
1286	254.435357	254.725287	D3	64	76	1	-1
1287	254.643690	255.319036	E4	64	72	0	5
1288	254.852023	255.577716	A3	64	30	1	-4
1289	254.852023	255.589869	D4	64	58	0	3
1290	255.060356	256.536048	D2	64	67	1	-3
1291	255.268689	256.494381	A2	64	55	1	-1
1292	255.477022	255.952715	D3	64	75	1	-1
1293	255.685355	256.541256	A3	64	68	1	-4
1294	255.893688	256.256534	A4	64	96	0	5
1295	255.893688	256.655839	F#4	64	100	0	2
1296	256.102021	256.470076	D3	64	82	1	-1
1297	256.310354	256.628062	B4	64	96	0	2
1298	256.310354	256.688825	E4	64	81	0	5
1299	256.518687	256.713131	D4	64	73	0	3
1300	256.727020	257.593338	D5	64	99	0	5
1301	256.727020	258.332920	D2	64	88	1	-3
1302	256.935353	258.549934	A2	64	69	1	-1
1303	257.143686	257.617643	D3	64	53	1	-1
1304	257.352019	257.629796	F#3	64	69	1	-2
1305	257.560352	258.016948	A3	64	55	1	-4
1306	257.768685	258.072504	D3	64	76	1	-1
1307	257.977018	258.216601	E5	64	107	0	2
1308	257.977018	258.586392	F#3	64	73	1	-2
1309	258.185351	258.669725	A3	64	68	1	-4
1310	258.393684	258.714864	E5	64	97	0	2
1311	258.393684	258.749586	C4	64	69	0	1
1312	258.602017	259.702709	D2	64	58	1	-3
1313	258.810350	259.048197	D5	64	97	0	5
1314	258.810350	259.371113	F#3	64	62	1	-2
1315	259.018683	259.376321	A2	64	60	1	-1
1316	259.227016	259.482224	B4	64	96	0	2
1317	259.227016	259.322502	A3	64	20	1	-4
1318	259.227016	260.001320	C4	64	70	0	1
1319	259.435349	259.638473	A2	64	63	1	-1
1320	259.643682	259.749584	B4	64	93	0	2
1321	259.643682	260.063820	F#3	64	65	1	-2
1322	259.852015	259.990903	B4	64	92	0	2
1323	259.852015	260.088126	A3	64	69	1	-4
1324	260.060348	261.312082	D5	64	102	0	5
1325	260.060348	261.602012	B1	64	65	1	-1
1326	260.268681	261.779095	F#2	64	47	1	-4
1327	260.477014	260.931874	B2	64	70	1	-4
1328	260.685347	261.032568	D3	64	65	1	-1
1329	260.893680	262.272150	B3	64	90	1	-2
1330	261.102013	261.855484	B2	64	86	1	-4
1331	261.310346	262.227011	F#3	64	79	1	-2
1332	261.518679	262.204442	D3	64	96	1	-1
1333	261.727012	262.933607	B1	64	73	1	-1
1334	261.935345	262.964857	F#2	64	74	1	-4
1335	262.143678	262.638469	B2	64	86	1	-4
1336	262.352011	262.890204	D3	64	74	1	-1
1337	262.560344	262.883260	A4	64	96	0	5
1338	262.560344	263.320759	B3	64	96	1	-2
1339	262.768677	263.350273	B2	64	88	1	-4
1340	262.977010	263.292982	B4	64	96	0	2
1341	262.977010	263.261732	F#3	64	93	1	-2
1342	263.185343	263.400620	D3	64	76	1	-1
1343	263.393676	264.204438	D5	64	99	0	5
1344	263.393676	264.855479	D2	64	67	1	-3
1345	263.602009	264.301660	A2	64	72	1	-1
1346	263.810342	264.084647	D3	64	83	1	-1
1347	264.018675	264.286035	F#3	64	68	1	-2
1348	264.227008	265.015201	A3	64	82	1	-4
1349	264.435341	265.009993	A2	64	66	1	-1
1350	264.643674	264.987423	E5	64	96	0	2
1351	264.643674	264.992632	F#3	64	69	1	-2
1352	264.852007	265.015201	D3	64	81	1	-1
1353	265.060340	265.365895	E5	64	96	0	2
1354	265.060340	266.424921	D2	64	81	1	-3
1355	265.268673	266.371102	A2	64	71	1	-1
1356	265.477006	265.747839	D5	64	96	0	5
1357	265.477006	265.990894	D3	64	75	1	-1
1358	265.685339	266.067283	F3	64	81	1	-3
1359	265.893672	266.235685	B4	64	90	0	2
1360	265.893672	266.727004	C4	64	89	0	1
1361	266.102005	266.265199	D3	64	73	1	-1
1362	266.310338	266.725268	A4	64	96	0	5
1363	266.310338	266.697490	A3	64	70	1	-4
1364	266.518671	266.727004	F3	64	72	1	-3
1365	266.727004	268.041238	B4	64	99	0	2
1366	266.727004	268.265196	B1	64	78	1	-1
1367	266.935337	268.423182	F#2	64	86	1	-4
1368	267.143670	267.574225	B2	64	75	1	-4
1369	267.352003	267.667975	D3	64	65	1	-1
1370	267.560336	269.114153	B3	64	83	1	-2
1371	267.768669	268.527348	B2	64	77	1	-4
1372	267.977002	269.098528	F#3	64	63	1	-2
1373	268.185335	268.902348	D3	64	57	1	-1
1374	268.393668	269.570749	B1	64	61	1	-1
1375	268.602001	269.589846	F#2	64	63	1	-4
1376	268.810334	269.312069	B2	64	73	1	-4
1377	269.018667	269.490888	D3	64	58	1	-1
1378	269.227000	269.598527	A4	64	96	0	5
1379	269.227000	270.011721	B3	64	86	1	-2
1380	269.435333	269.945749	B2	64	81	1	-4
1381	269.643666	270.034290	B4	64	100	0	2
1382	269.643666	269.940540	F#3	64	88	1	-2
1383	269.851999	269.999568	D3	64	72	1	-1
1384	270.060332	271.140191	D5	64	100	0	5
1385	270.060332	271.589843	D2	64	66	1	-3
1386	270.268665	271.753037	A2	64	69	1	-1
1387	270.476998	270.926650	D3	64	79	1	-1
1388	270.685331	271.030816	F#3	64	52	1	-2
1389	270.893664	271.661024	D4	64	71	0	3
1390	271.101997	271.322483	D3	64	81	1	-1
1391	271.310330	271.601996	E5	64	122	0	2
1392	271.310330	271.817273	F#3	64	72	1	-2
1393	271.518663	271.791232	A3	64	47	1	-4
1394	271.726996	272.110676	E5	64	100	0	2
1395	271.726996	273.110674	D2	64	70	1	-3
1396	271.935329	273.350257	A2	64	53	1	-1
1397	272.143662	272.431856	D5	64	96	0	5
1398	272.143662	272.669703	D3	64	67	1	-1
1399	272.351995	272.692272	F#3	64	47	1	-2
1400	272.560328	272.876300	B4	64	92	0	2
1401	272.560328	272.601994	A3	64	25	1	-4
1402	272.560328	273.246091	C4	64	68	0	1
1403	272.768661	272.937063	D3	64	72	1	-1
1404	272.976994	273.331160	A4	64	96	0	5
1405	272.976994	273.360674	F#3	64	67	1	-2
1406	273.185327	273.404076	A3	64	71	1	-4
1407	273.393660	273.683590	B4	64	95	0	2
1408	273.393660	274.601991	E2	64	68	1	-1
1409	273.601993	274.320742	B2	64	69	1	-4
1410	273.810326	273.905812	B4	64	99	0	2
1411	273.810326	274.303381	E3	64	63	1	-4
1412	274.018659	274.110673	B4	64	93	0	2
1413	274.018659	274.204422	G#3	64	63	1	-5
1414	274.226992	274.600255	B4	64	99	0	2
1415	274.226992	274.950949	B3	64	92	1	-2
1416	274.435325	274.565533	B2	64	70	1	-4
1417	274.643658	275.079421	A4	64	95	0	5
1418	274.643658	275.006504	G#3	64	93	1	-5
1419	274.851991	275.063796	E3	64	72	1	-4
1420	275.060324	275.692267	F#4	64	99	0	2
1421	275.060324	276.345044	B1	64	61	1	-1
1422	275.268657	276.006503	F#2	64	50	1	-4
1423	275.476990	275.895392	B2	64	70	1	-4
1424	275.685323	275.961364	D#3	64	71	1	-5
1425	275.893656	276.204419	F#4	64	99	0	2
1426	275.893656	276.690530	F#3	64	82	1	-2
1427	276.101989	276.261711	F#2	64	74	1	-4
1428	276.310322	276.725252	B4	64	93	0	2
1429	276.310322	276.633238	D#3	64	59	1	-5
1430	276.518655	276.678377	B2	64	74	1	-4
1431	276.726988	277.560320	A4	64	90	0	5
1432	276.726988	278.223513	A1	64	68	1	-3
1433	276.935321	278.357194	E2	64	53	1	-1
1434	277.143654	277.633236	A2	64	46	1	-1
1435	277.351987	277.721778	C#3	64	53	1	-2
1436	277.560320	278.362402	A3	64	55	1	-4
1437	277.768653	278.376291	A2	64	67	1	-1
1438	277.976986	278.188791	A4	64	96	0	5
1439	277.976986	278.416221	C#3	64	55	1	-2
1440	278.185319	278.381499	B4	64	77	0	2
1441	278.185319	278.371082	E3	64	60	1	-4
1442	278.393652	278.850248	F#4	64	86	0	2
1443	278.393652	279.700941	B1	64	59	1	-1
1444	278.601985	279.338095	F#2	64	66	1	-4
1445	278.810318	279.077678	E4	64	100	0	5
1446	278.810318	279.381497	B2	64	57	1	-4
1447	279.018651	279.261706	D#3	64	51	1	-5
1448	279.226984	279.485664	E4	64	77	0	5
1449	279.226984	279.992608	F#3	64	107	1	-2
1450	279.435317	279.586358	F#2	64	61	1	-4
1451	279.643650	279.834622	E4	64	95	0	5
1452	279.643650	280.053371	D#3	64	92	1	-5
1453	279.851983	280.044691	D4	64	76	0	3
1454	279.851983	280.046427	B2	64	70	1	-4
1455	280.060316	280.273857	F#4	64	102	0	2
1456	280.060316	281.631494	A1	64	69	1	-3
1457	280.268649	281.772119	A4	64	85	0	5
1458	280.268649	281.707883	E2	64	52	1	-1
1459	280.476982	280.884967	A2	64	66	1	-1
1460	280.685315	281.048161	C#3	64	62	1	-2
1461	280.893648	281.956146	A3	64	59	1	-4
1462	281.101981	281.758230	A2	64	66	1	-1
1463	281.310314	281.900591	C#3	64	63	1	-2
1464	281.518647	281.858924	E3	64	54	1	-4
1465	281.726980	283.199200	A1	64	63	1	-3
1466	281.935313	283.188783	E2	64	45	1	-1
1467	282.143646	282.688784	A2	64	73	1	-1
1468	282.351979	282.732187	C#3	64	56	1	-2
1469	282.560312	282.923158	A4	64	96	0	5
1470	282.560312	283.364130	A3	64	63	1	-4
1471	282.768645	283.166214	A2	64	67	1	-1
1472	282.976978	283.294686	B4	64	96	0	2
1473	282.976978	283.358922	C#3	64	66	1	-2
1474	283.185311	283.360658	E3	64	63	1	-4
1475	283.393644	284.259962	D5	64	99	0	5
1476	283.393644	284.999544	D2	64	88	1	-3
1477	283.601977	285.216558	A2	64	69	1	-1
1478	283.810310	284.284267	D3	64	53	1	-1
1479	284.018643	284.296420	F#3	64	69	1	-2
1480	284.226976	284.683572	A3	64	55	1	-4
1481	284.435309	284.739128	D3	64	76	1	-1
1482	284.643642	284.883225	E5	64	107	0	2
1483	284.643642	285.253016	F#3	64	73	1	-2
1484	284.851975	285.336349	A3	64	68	1	-4
1485	285.060308	285.381488	E5	64	97	0	2
1486	285.060308	285.416210	C4	64	69	0	1
1487	285.268641	286.369333	D2	64	58	1	-3
1488	285.476974	285.714821	D5	64	97	0	5
1489	285.476974	286.037737	F#3	64	62	1	-2
1490	285.685307	286.042945	A2	64	60	1	-1
1491	285.893640	286.148848	B4	64	96	0	2
1492	285.893640	285.989126	A3	64	20	1	-4
1493	285.893640	286.667944	C4	64	70	0	1
1494	286.101973	286.305097	A2	64	63	1	-1
1495	286.310306	286.416208	B4	64	93	0	2
1496	286.310306	286.730444	F#3	64	65	1	-2
1497	286.518639	286.657527	B4	64	92	0	2
1498	286.518639	286.754750	A3	64	69	1	-4
1499	286.726972	287.978706	D5	64	102	0	5
1500	286.726972	288.268636	B1	64	65	1	-1
1501	286.935305	288.445719	F#2	64	47	1	-4
1502	287.143638	287.598498	B2	64	70	1	-4
1503	287.351971	287.699192	D3	64	65	1	-1
1504	287.560304	288.938774	B3	64	90	1	-2
1505	287.768637	288.522108	B2	64	86	1	-4
1506	287.976970	288.893635	F#3	64	79	1	-2
1507	288.185303	288.871066	D3	64	96	1	-1
1508	288.393636	289.600231	B1	64	73	1	-1
1509	288.601969	289.631481	F#2	64	74	1	-4
1510	288.810302	289.305093	B2	64	86	1	-4
1511	289.018635	289.556828	D3	64	74	1	-1
1512	289.226968	289.549884	A4	64	96	0	5
1513	289.226968	289.987383	B3	64	96	1	-2
1514	289.435301	290.016897	B2	64	88	1	-4
1515	289.643634	289.959606	B4	64	96	0	2
1516	289.643634	289.928356	F#3	64	93	1	-2
1517	289.851967	290.067244	D3	64	76	1	-1
1518	290.060300	290.871062	D5	64	99	0	5
1519	290.060300	291.522103	D2	64	67	1	-3
1520	290.268633	290.968284	A2	64	72	1	-1
1521	290.476966	290.751271	D3	64	83	1	-1
1522	290.685299	290.952659	F#3	64	68	1	-2
1523	290.893632	291.681825	A3	64	82	1	-4
1524	291.101965	291.676617	A2	64	66	1	-1
1525	291.310298	291.654047	E5	64	96	0	2
1526	291.310298	291.659256	F#3	64	69	1	-2
1527	291.518631	291.681825	D3	64	81	1	-1
1528	291.726964	292.032519	E5	64	96	0	2
1529	291.726964	293.091545	D2	64	81	1	-3
1530	291.935297	293.037726	A2	64	71	1	-1
1531	292.143630	292.414463	D5	64	96	0	5
1532	292.143630	292.657518	D3	64	75	1	-1
1533	292.351963	292.733907	F3	64	81	1	-3
1534	292.560296	292.902309	B4	64	90	0	2
1535	292.560296	293.393628	C4	64	89	0	1
1536	292.768629	292.931823	D3	64	73	1	-1
1537	292.976962	293.391892	A4	64	96	0	5
1538	292.976962	293.364114	A3	64	70	1	-4
1539	293.185295	293.393628	F3	64	72	1	-3
1540	293.393628	294.707862	B4	64	99	0	2
1541	293.393628	294.931820	B1	64	78	1	-1
1542	293.601961	295.089806	F#2	64	86	1	-4
1543	293.810294	294.240849	B2	64	75	1	-4
1544	294.018627	294.334599	D3	64	65	1	-1
1545	294.226960	295.780777	B3	64	83	1	-2
1546	294.435293	295.193972	B2	64	77	1	-4
1547	294.643626	295.765152	F#3	64	63	1	-2
1548	294.851959	295.568972	D3	64	57	1	-1
1549	295.060292	296.237373	B1	64	61	1	-1
1550	295.268625	296.256470	F#2	64	63	1	-4
1551	295.476958	295.978693	B2	64	73	1	-4
1552	295.685291	296.157512	D3	64	58	1	-1
1553	295.893624	296.265151	A4	64	96	0	5
1554	295.893624	296.678345	B3	64	86	1	-2
1555	296.101957	296.612373	B2	64	81	1	-4
1556	296.310290	296.700914	B4	64	100	0	2
1557	296.310290	296.607164	F#3	64	88	1	-2
1558	296.518623	296.666192	D3	64	72	1	-1
1559	296.726956	297.806815	D5	64	100	0	5
1560	296.726956	298.256467	D2	64	66	1	-3
1561	296.935289	298.419661	A2	64	69	1	-1
1562	297.143622	297.593274	D3	64	79	1	-1
1563	297.351955	297.697440	F#3	64	52	1	-2
1564	297.560288	298.327648	D4	64	71	0	3
1565	297.768621	297.989107	D3	64	81	1	-1
1566	297.976954	298.268620	E5	64	122	0	2
1567	297.976954	298.483897	F#3	64	72	1	-2
1568	298.185287	298.457856	A3	64	47	1	-4
1569	298.393620	298.777300	E5	64	100	0	2
1570	298.393620	299.777298	D2	64	70	1	-3
1571	298.601953	300.016881	A2	64	53	1	-1
1572	298.810286	299.098480	D5	64	96	0	5
1573	298.810286	299.336327	D3	64	67	1	-1
1574	299.018619	299.358896	F#3	64	47	1	-2
1575	299.226952	299.542924	B4	64	92	0	2
1576	299.226952	299.268618	A3	64	25	1	-4
1577	299.226952	299.912715	C4	64	68	0	1
1578	299.435285	299.603687	D3	64	72	1	-1
1579	299.643618	299.997784	A4	64	96	0	5
1580	299.643618	300.027298	F#3	64	67	1	-2
1581	299.851951	300.070700	A3	64	71	1	-4
1582	300.060284	300.350214	B4	64	95	0	2
1583	300.060284	301.268615	E2	64	68	1	-1
1584	300.268617	300.987366	B2	64	69	1	-4
1585	300.476950	300.572436	B4	64	99	0	2
1586	300.476950	300.970005	E3	64	63	1	-4
1587	300.685283	300.777297	B4	64	93	0	2
1588	300.685283	300.871046	G#3	64	63	1	-5
1589	300.893616	301.266879	B4	64	99	0	2
1590	300.893616	301.617573	B3	64	92	1	-2
1591	301.101949	301.232157	B2	64	70	1	-4
1592	301.310282	301.746045	A4	64	95	0	5
1593	301.310282	301.673128	G#3	64	93	1	-5
1594	301.518615	301.730420	E3	64	72	1	-4
1595	301.726948	302.358891	F#4	64	99	0	2
1596	301.726948	303.011668	B1	64	61	1	-1
1597	301.935281	302.673127	F#2	64	50	1	-4
1598	302.143614	302.562016	B2	64	70	1	-4
1599	302.351947	302.627988	D#3	64	71	1	-5
1600	302.560280	302.871043	F#4	64	99	0	2
1601	302.560280	303.357154	F#3	64	82	1	-2
1602	302.768613	302.928335	F#2	64	74	1	-4
1603	302.976946	303.391876	B4	64	93	0	2
1604	302.976946	303.299862	D#3	64	59	1	-5
1605	303.185279	303.345001	B2	64	74	1	-4
1606	303.393612	304.226944	A4	64	90	0	5
1607	303.393612	304.937012	A1	64	85	1	-3
1608	303.601945	305.084581	E2	64	56	1	-1
1609	303.810278	304.310277	A2	64	83	1	-1
1610	304.018611	304.449166	C#3	64	62	1	-2
1611	304.226944	305.443956	A3	64	58	1	-4
1612	304.435277	304.711318	A2	64	78	1	-1
1613	304.643610	304.855415	A4	64	96	0	5
1614	304.643610	305.235623	C#3	64	78	1	-2
1615	304.851943	305.048123	B4	64	77	0	2
1616	304.851943	305.268609	E3	64	66	1	-4
1617	305.060276	305.516872	F#4	64	86	0	2
1618	305.060276	306.218260	A1	64	64	1	-3
1619	305.268609	306.252982	E2	64	61	1	-1
1620	305.476942	305.744302	E4	64	100	0	5
1621	305.476942	305.956108	A2	64	85	1	-1
1622	305.685275	306.124510	C#3	64	64	1	-2
1623	305.893608	306.152288	E4	64	77	0	5
1624	305.893608	306.706106	A3	64	72	1	-4
1625	306.101941	306.624509	A2	64	86	1	-1
1626	306.310274	306.582843	D4	64	96	0	3
1627	306.310274	306.643607	C#3	64	88	1	-2
1628	306.518607	306.702634	E3	64	66	1	-4
1629	306.726940	308.961311	D4	64	96	0	3
1630	306.726940	308.282493	D2	64	72	1	-3
1631	306.935273	308.405757	A2	64	75	1	-1
1632	307.143606	307.568952	D3	64	85	1	-1
1633	307.351939	307.829369	A3	64	72	1	-4
1634	307.560272	309.065478	F#4	64	107	0	2
1635	307.768605	308.107146	D3	64	77	1	-1
1636	307.976938	308.954367	D4	64	67	0	3
1637	308.185271	308.881450	A3	64	62	1	-4
1638	308.393604	309.874504	D2	64	67	1	-3
1639	308.601937	309.905754	A2	64	59	1	-1
1640	308.810270	309.273811	D3	64	69	1	-1
1641	309.018603	309.443949	A3	64	61	1	-4
1642	309.226936	310.046379	F#4	64	102	0	2
1643	309.435269	309.916171	D3	64	71	1	-1
1644	309.643602	310.049851	D4	64	67	0	3
1645	309.851935	310.067212	A3	64	76	1	-4
1646	310.060268	311.185266	A1	64	82	1	-3
1647	310.268601	311.183530	E2	64	59	1	-1
1648	310.476934	310.985614	A2	64	64	1	-1
1649	310.685267	311.077627	E3	64	56	1	-4
1650	310.893600	311.400543	C#4	64	96	0	2
1651	311.101933	311.320682	A2	64	57	1	-1
1652	311.310266	311.407488	A3	64	58	1	-4
1653	311.726932	315.735606	D3	64	67	1	-1
1654	311.726932	315.739078	A2	64	57	1	-1
1655	311.726932	315.754703	A3	64	69	1	-4
1656	311.726932	315.758175	D2	64	54	1	-3
1657	311.726932	315.758175	D4	64	69	0	3
1658	311.726932	315.770328	F#4	64	69	0	2
