//Version: PianoFingering_v170101
0	1.701172	3.437500	F3	64	71	1	-3
1	1.701172	3.457031	A#3	64	74	1	-3
2	1.701172	3.478516	A#2	64	79	1	-5
3	3.576172	5.207031	D#3	64	69	1	-5
4	3.576172	5.281250	D#2	64	74	1	-2
5	3.576172	5.287109	A#3	64	70	1	-3
6	5.451172	7.128906	F3	64	64	1	-3
7	5.451172	7.185547	A#3	64	71	1	-3
8	5.451172	7.189453	A#2	64	75	1	-5
9	7.326172	7.462891	A#3	64	53	1	-3
10	7.326172	9.080078	D#2	64	73	1	-2
11	7.326172	9.082031	D#3	64	75	1	-5
12	9.201172	10.937500	F3	64	71	1	-3
13	9.201172	10.957031	A#3	64	74	1	-3
14	9.201172	10.978516	A#2	64	79	1	-5
15	11.076172	12.707031	D#3	64	69	1	-5
16	11.076172	12.781250	D#2	64	74	1	-2
17	11.076172	12.787109	A#3	64	70	1	-3
18	12.951172	14.628906	F3	64	64	1	-3
19	12.951172	14.685547	A#3	64	71	1	-3
20	12.951172	14.689453	A#2	64	75	1	-5
21	14.826172	14.962891	A#3	64	53	1	-3
22	14.826172	16.580078	D#2	64	73	1	-2
23	14.826172	16.582031	D#3	64	75	1	-5
24	16.701172	17.337891	D4	64	80	0	3
25	16.701172	17.382812	A#3	64	71	1	-3
26	16.701172	18.144531	A#2	64	76	1	-5
27	17.169922	17.515625	F4	64	87	0	1
28	17.638672	17.968750	F4	64	83	0	1
29	17.638672	17.970703	A#3	64	74	1	-3
30	17.638672	17.992188	D4	64	82	0	3
31	17.638672	18.093750	F4	64	80	0	1
32	18.107422	18.255859	F4	64	81	0	1
33	18.341797	18.908203	F4	64	89	0	1
34	18.576172	19.779297	D#2	64	89	1	-2
35	19.044922	19.382812	D#4	64	93	0	4
36	19.044922	19.458984	D#3	64	81	1	-5
37	19.513672	19.863281	A#3	64	87	1	-3
38	19.513672	19.781250	F#3	64	79	1	-2
39	19.513672	19.806641	D#3	64	78	1	-5
40	19.513672	19.992188	D#4	64	80	0	4
41	19.982422	20.126953	C4	64	88	0	1
42	20.216797	20.748047	D4	64	83	0	3
43	20.451172	21.605469	A#2	64	78	1	-5
44	20.919922	22.529297	D4	64	85	0	3
45	20.919922	21.580078	F3	64	75	1	-3
46	21.388672	21.566406	A#3	64	76	1	-3
47	21.388672	21.914062	D4	64	84	0	3
48	21.857422	22.029297	A#3	64	74	1	-3
49	22.326172	23.351562	D#2	64	81	1	-2
50	22.794922	23.296875	A#2	64	66	1	-5
51	23.263672	23.384766	D#3	64	79	1	-5
52	23.263672	23.412109	D#4	64	81	0	4
53	24.201172	24.703125	D4	64	81	0	3
54	24.201172	24.720703	A#3	64	72	1	-3
55	24.201172	25.802734	A#2	64	83	1	-5
56	24.669922	25.015625	F4	64	87	0	1
57	24.669922	25.611328	F3	64	56	1	-3
58	25.138672	25.468750	F4	64	83	0	1
59	25.138672	25.347656	A#3	64	72	1	-3
60	25.138672	25.767578	D4	64	80	0	3
61	25.138672	26.066406	F4	64	76	0	1
62	25.607422	25.755859	F4	64	81	0	1
63	25.607422	26.046875	A#3	64	72	1	-3
64	25.841797	26.408203	F4	64	89	0	1
65	26.076172	27.156250	D#2	64	76	1	-2
66	26.544922	26.882812	D#4	64	93	0	4
67	26.544922	27.148438	A#2	64	66	1	-5
68	27.013672	27.363281	A#3	64	87	1	-3
69	27.013672	27.302734	D#3	64	79	1	-5
70	27.013672	27.554688	F#3	64	88	1	-2
71	27.013672	27.964844	D#4	64	81	0	4
72	27.482422	27.626953	C4	64	88	0	1
73	27.482422	27.818359	D#3	64	81	1	-5
74	27.716797	28.248047	D4	64	83	0	3
75	27.951172	28.445312	D4	64	80	0	3
76	27.951172	28.498047	G3	64	80	1	-1
77	27.951172	29.560547	G2	64	87	1	-3
78	28.419922	30.029297	D4	64	85	0	3
79	28.419922	29.306641	D3	64	76	1	-1
80	28.888672	29.458984	A#3	64	74	1	-3
81	28.888672	30.083984	D4	64	84	0	3
82	29.357422	29.816406	G3	64	87	1	-1
83	29.826172	30.757812	F2	64	86	1	-5
84	30.294922	30.650391	F3	64	84	1	-3
85	30.763672	31.099609	A#3	64	91	1	-3
86	30.763672	30.978516	F3	64	84	1	-3
87	30.763672	31.183594	A#3	64	76	1	-3
88	30.763672	31.208984	A#2	64	85	1	-5
89	30.763672	31.287109	D4	64	86	0	3
90	31.232422	31.566406	A#4	64	87	0	1
91	31.232422	31.324219	F3	64	79	1	-3
92	31.701172	32.542969	A4	64	85	0	5
93	31.701172	31.945312	A#3	64	83	1	-3
94	31.701172	31.972656	G3	64	87	1	-1
95	31.701172	32.154297	D#3	64	78	1	-5
96	31.701172	32.871094	D#2	64	87	1	-2
97	32.169922	32.855469	A#2	64	74	1	-5
98	32.638672	33.041016	A#4	64	88	0	1
99	32.638672	32.937500	D#3	64	87	1	-5
100	32.638672	33.007812	D#4	64	87	0	4
101	33.107422	34.199219	F4	64	84	0	1
102	33.576172	34.109375	A3	64	79	1	-4
103	33.576172	34.310547	F3	64	75	1	-3
104	33.576172	34.783203	F2	64	83	1	-5
105	34.044922	34.759766	C3	64	72	1	-3
106	34.513672	34.943359	A#3	64	80	1	-3
107	34.513672	34.695312	F3	64	80	1	-3
108	34.513672	34.705078	A3	64	78	1	-4
109	34.513672	34.777344	C4	64	83	0	1
110	34.982422	35.359375	G4	64	87	0	3
111	35.451172	36.253906	F4	64	84	0	1
112	35.451172	35.712891	A3	64	75	1	-4
113	35.451172	36.082031	D4	64	79	0	3
114	35.451172	36.542969	D3	64	83	1	-1
115	35.919922	36.314453	A3	64	71	1	-4
116	36.388672	36.740234	A4	64	87	0	5
117	36.388672	36.750000	D4	64	83	0	3
118	36.388672	36.964844	F4	64	83	0	1
119	36.857422	38.025391	A#4	64	89	0	1
120	36.857422	37.031250	A3	64	71	1	-4
121	37.326172	37.884766	A#3	64	76	1	-3
122	37.326172	37.916016	G3	64	75	1	-1
123	37.326172	38.636719	G2	64	83	1	-3
124	37.794922	38.455078	D3	64	73	1	-1
125	38.263672	38.648438	A#3	64	87	1	-3
126	38.263672	38.458984	G3	64	72	1	-1
127	38.263672	38.505859	A#3	64	72	1	-3
128	38.263672	38.517578	D4	64	80	0	3
129	38.732422	39.541016	F4	64	90	0	1
130	39.201172	39.316406	C2	64	79	1	-5
131	39.201172	39.455078	G3	64	76	1	-1
132	39.201172	39.486328	C4	64	72	0	1
133	39.201172	39.585938	D#4	64	72	0	4
134	39.669922	39.990234	D#4	64	87	0	4
135	39.669922	42.056641	C3	64	75	1	-3
136	40.138672	40.521484	D4	64	87	0	3
137	40.138672	40.375000	D#4	64	80	0	4
138	40.138672	40.386719	C4	64	75	0	1
139	40.607422	41.265625	A#3	64	89	1	-3
140	40.607422	41.207031	G3	64	51	1	-1
141	41.076172	41.417969	C4	64	77	0	1
142	41.076172	41.427734	G4	64	79	0	3
143	41.076172	41.429688	D#4	64	87	0	4
144	41.544922	42.003906	G3	64	67	1	-1
145	42.013672	42.421875	G3	64	87	1	-1
146	42.013672	42.146484	C4	64	83	0	1
147	42.013672	42.154297	D#4	64	89	0	4
148	42.013672	42.263672	G4	64	84	0	3
149	42.482422	44.570312	C4	64	87	0	1
150	42.951172	43.281250	A3	64	62	1	-4
151	42.951172	43.533203	F4	64	67	0	1
152	42.951172	43.613281	C4	64	80	0	1
153	42.951172	46.046875	F2	64	82	1	-5
154	43.419922	43.687500	A3	64	73	1	-4
155	43.888672	44.111328	A3	64	77	1	-4
156	43.888672	44.468750	C4	64	82	0	1
157	44.357422	44.503906	A3	64	66	1	-4
158	44.826172	45.005859	A3	64	74	1	-4
159	44.826172	45.078125	C4	64	78	0	1
160	44.826172	45.349609	F4	64	82	0	1
161	45.294922	45.939453	C3	64	70	1	-3
162	45.763672	46.681641	A3	64	82	1	-4
163	45.763672	46.701172	C4	64	88	0	1
164	45.763672	46.720703	F4	64	87	0	1
165	46.232422	46.701172	F2	64	88	1	-5
166	46.701172	47.337891	D4	64	80	0	3
167	46.701172	47.382812	A#3	64	71	1	-3
168	46.701172	48.144531	A#2	64	76	1	-5
169	47.169922	47.515625	F4	64	87	0	1
170	47.638672	47.968750	F4	64	83	0	1
171	47.638672	47.970703	A#3	64	74	1	-3
172	47.638672	47.992188	D4	64	82	0	3
173	47.638672	48.093750	F4	64	80	0	1
174	48.107422	48.255859	F4	64	81	0	1
175	48.341797	48.908203	F4	64	89	0	1
176	48.576172	49.779297	D#2	64	89	1	-2
177	49.044922	49.382812	D#4	64	93	0	4
178	49.044922	49.458984	D#3	64	81	1	-5
179	49.513672	49.863281	A#3	64	87	1	-3
180	49.513672	49.781250	F#3	64	79	1	-2
181	49.513672	49.806641	D#3	64	78	1	-5
182	49.513672	49.992188	D#4	64	80	0	4
183	49.982422	50.126953	C4	64	88	0	1
184	50.216797	50.748047	D4	64	83	0	3
185	50.451172	51.605469	A#2	64	78	1	-5
186	50.919922	52.529297	D4	64	85	0	3
187	50.919922	51.580078	F3	64	75	1	-3
188	51.388672	51.566406	A#3	64	76	1	-3
189	51.388672	51.914062	D4	64	84	0	3
190	51.857422	52.029297	A#3	64	74	1	-3
191	52.326172	53.351562	D#2	64	81	1	-2
192	52.794922	53.296875	A#2	64	66	1	-5
193	53.263672	53.384766	D#3	64	79	1	-5
194	53.263672	53.412109	D#4	64	81	0	4
195	54.201172	54.703125	D4	64	81	0	3
196	54.201172	54.720703	A#3	64	72	1	-3
197	54.201172	55.802734	A#2	64	83	1	-5
198	54.669922	55.015625	F4	64	87	0	1
199	54.669922	55.611328	F3	64	56	1	-3
200	55.138672	55.468750	F4	64	83	0	1
201	55.138672	55.347656	A#3	64	72	1	-3
202	55.138672	55.767578	D4	64	80	0	3
203	55.138672	56.066406	F4	64	76	0	1
204	55.607422	55.755859	F4	64	81	0	1
205	55.607422	56.046875	A#3	64	72	1	-3
206	55.841797	56.408203	F4	64	89	0	1
207	56.076172	57.156250	D#2	64	76	1	-2
208	56.544922	56.882812	A#4	64	93	0	1
209	56.544922	57.148438	A#2	64	66	1	-5
210	57.013672	57.363281	A#4	64	87	0	1
211	57.013672	57.302734	D#3	64	79	1	-5
212	57.013672	57.554688	F#3	64	88	1	-2
213	57.013672	57.964844	D#4	64	81	0	4
214	57.482422	57.716797	C4	64	88	0	1
215	57.482422	57.818359	D#3	64	81	1	-5
216	57.716797	58.248047	D#4	64	83	0	4
217	57.951172	58.445312	D4	64	80	0	3
218	57.951172	58.498047	G3	64	80	1	-1
219	57.951172	59.560547	G2	64	87	1	-3
220	58.419922	60.029297	D4	64	85	0	3
221	58.419922	59.306641	D3	64	76	1	-1
222	58.888672	59.458984	A#3	64	74	1	-3
223	58.888672	60.083984	D4	64	84	0	3
224	59.357422	59.816406	G3	64	87	1	-1
225	59.826172	60.757812	F2	64	86	1	-5
226	60.294922	60.650391	F3	64	84	1	-3
227	60.763672	61.099609	A#3	64	91	1	-3
228	60.763672	60.978516	F3	64	84	1	-3
229	60.763672	61.183594	A#3	64	76	1	-3
230	60.763672	61.208984	A#2	64	85	1	-5
231	60.763672	61.287109	D4	64	86	0	3
232	61.232422	61.566406	A#4	64	87	0	1
233	61.232422	61.324219	F3	64	79	1	-3
234	61.701172	62.542969	A4	64	85	0	5
235	61.701172	61.945312	A#3	64	83	1	-3
236	61.701172	61.972656	G3	64	87	1	-1
237	61.701172	62.154297	D#3	64	78	1	-5
238	61.701172	62.871094	D#2	64	87	1	-2
239	62.169922	62.855469	A#2	64	74	1	-5
240	62.638672	63.041016	A#4	64	88	0	1
241	62.638672	62.937500	D#3	64	87	1	-5
242	62.638672	63.007812	D#4	64	87	0	4
243	63.107422	64.199219	F4	64	84	0	1
244	63.576172	64.109375	A3	64	79	1	-4
245	63.576172	64.310547	F3	64	75	1	-3
246	63.576172	64.783203	F2	64	83	1	-5
247	64.044922	64.759766	C3	64	72	1	-3
248	64.513672	64.943359	A#3	64	80	1	-3
249	64.513672	64.695312	F3	64	80	1	-3
250	64.513672	64.705078	A3	64	78	1	-4
251	64.513672	64.777344	C4	64	83	0	1
252	64.982422	65.359375	G4	64	87	0	3
253	65.451172	65.919922	G4	64	84	0	3
254	65.451172	65.712891	A3	64	75	1	-4
255	65.451172	66.082031	D4	64	79	0	3
256	65.451172	66.542969	D3	64	83	1	-1
257	65.919922	66.388672	F4	64	84	0	1
258	65.919922	66.314453	A3	64	71	1	-4
259	66.388672	66.740234	F4	64	87	0	1
260	66.388672	66.750000	D4	64	83	0	3
261	66.388672	66.964844	F4	64	83	0	1
262	66.857422	67.326172	C5	64	89	0	3
263	66.857422	67.031250	A3	64	71	1	-4
264	67.326172	68.029297	D5	64	89	0	5
265	67.326172	67.884766	A#3	64	76	1	-3
266	67.326172	67.916016	G3	64	75	1	-1
267	67.326172	68.636719	G2	64	83	1	-3
268	67.794922	68.455078	D3	64	73	1	-1
269	68.263672	68.675781	C5	64	88	0	3
270	68.263672	68.458984	G3	64	72	1	-1
271	68.263672	68.505859	A#3	64	72	1	-3
272	68.263672	68.517578	D4	64	80	0	3
273	68.732422	69.080078	D5	64	91	0	5
274	69.201172	69.589844	G4	64	87	0	3
275	69.201172	69.478516	G3	64	80	1	-1
276	69.201172	69.507812	C4	64	84	0	1
277	69.201172	69.552734	D#4	64	80	0	4
278	69.201172	70.261719	C3	64	89	1	-3
279	69.669922	70.009766	D5	64	91	0	5
280	70.138672	70.468750	D5	64	94	0	5
281	70.138672	70.314453	C4	64	88	0	1
282	70.138672	70.363281	D#4	64	98	0	4
283	70.138672	70.427734	G4	64	89	0	3
284	70.373047	70.484375	C3	64	83	1	-3
285	70.607422	70.962891	D#5	64	89	0	1
286	70.607422	70.847656	C4	64	88	0	1
287	71.076172	71.910156	D5	64	94	0	5
288	71.076172	71.833984	F2	64	87	1	-5
289	71.544922	71.853516	A3	64	88	1	-4
290	72.013672	72.482422	C5	64	83	0	3
291	72.013672	72.195312	A3	64	87	1	-4
292	72.013672	72.267578	C4	64	89	0	1
293	72.013672	72.320312	C3	64	88	1	-3
294	72.013672	72.347656	F2	64	88	1	-5
295	72.013672	72.376953	F4	64	88	0	1
296	72.482422	73.888672	A#4	64	83	0	1
297	72.951172	73.130859	F3	64	82	1	-3
298	72.951172	73.326172	D4	64	86	0	3
299	72.951172	73.582031	A#3	64	79	1	-3
300	72.951172	74.169922	A#2	64	91	1	-5
301	73.419922	73.628906	F3	64	72	1	-3
302	73.888672	74.068359	F3	64	87	1	-3
303	73.888672	74.224609	A#3	64	89	1	-3
304	73.888672	74.314453	D4	64	89	0	3
305	74.357422	74.500000	F3	64	89	1	-3
306	74.826172	75.183594	F5	64	91	0	3
307	74.826172	75.097656	F3	64	86	1	-3
308	74.826172	75.144531	G#3	64	86	1	-5
309	74.826172	75.701172	F2	64	89	1	-5
310	75.060547	75.562500	C3	64	87	1	-3
311	75.294922	75.667969	D#5	64	89	0	1
312	75.294922	75.613281	F3	64	90	1	-3
313	75.529297	75.650391	G#3	64	91	1	-5
314	75.763672	76.072266	D5	64	89	0	5
315	75.763672	76.005859	F3	64	86	1	-3
316	75.763672	76.048828	A#3	64	83	1	-3
317	75.763672	76.244141	A#2	64	92	1	-5
318	75.998047	76.251953	D3	64	87	1	-1
319	76.232422	76.935547	F5	64	88	0	3
320	76.232422	76.447266	F3	64	88	1	-3
321	76.232422	76.699219	A#3	64	79	1	-3
322	76.232422	76.724609	D4	64	88	0	3
323	76.701172	77.244141	G3	64	82	1	-1
324	76.701172	77.257812	A#3	64	75	1	-3
325	76.701172	77.746094	D#2	64	84	1	-2
326	77.169922	78.341797	G4	64	88	0	3
327	77.169922	77.691406	A#2	64	64	1	-5
328	77.638672	77.923828	G3	64	88	1	-1
329	77.638672	78.076172	D#4	64	87	0	4
330	77.638672	78.136719	A#3	64	90	1	-3
331	77.873047	77.980469	A#2	64	88	1	-5
332	78.107422	78.470703	G3	64	88	1	-1
333	78.341797	78.443359	A#3	64	76	1	-3
334	78.576172	78.910156	F5	64	87	0	3
335	78.576172	79.173828	A3	64	83	1	-4
336	78.576172	79.343750	F3	64	86	1	-3
337	78.576172	79.761719	F2	64	86	1	-5
338	79.044922	79.435547	D#5	64	93	0	1
339	79.044922	79.689453	C3	64	75	1	-3
340	79.513672	79.859375	D5	64	96	0	5
341	79.513672	79.718750	F3	64	83	1	-3
342	79.513672	79.720703	A3	64	87	1	-4
343	79.513672	79.777344	C4	64	87	0	1
344	79.982422	80.490234	F5	64	87	0	3
345	79.982422	80.312500	F2	64	88	1	-5
346	80.451172	81.812500	F4	64	90	0	1
347	80.451172	80.693359	D2	64	89	1	-3
348	80.451172	80.845703	A3	64	82	1	-4
349	80.451172	80.916016	D4	64	83	0	3
350	80.451172	81.037109	F4	64	87	0	1
351	80.919922	81.693359	D3	64	81	1	-1
352	81.388672	81.671875	D4	64	88	0	3
353	81.388672	81.775391	F4	64	92	0	1
354	81.623047	81.806641	A3	64	88	1	-4
355	81.857422	81.996094	D3	64	87	1	-1
356	82.091797	82.244141	D4	64	87	0	3
357	82.326172	82.753906	F5	64	88	0	3
358	82.326172	82.685547	D4	64	87	0	3
359	82.326172	82.718750	G4	64	87	0	3
360	82.326172	83.542969	G2	64	79	1	-3
361	82.794922	83.193359	D#5	64	88	0	1
362	82.794922	83.449219	D3	64	89	1	-1
363	83.263672	83.630859	D5	64	88	0	5
364	83.263672	83.574219	A#3	64	92	1	-3
365	83.263672	83.601562	G3	64	86	1	-1
366	83.263672	83.636719	D4	64	89	0	3
367	83.732422	84.398438	F5	64	88	0	3
368	83.732422	84.115234	G2	64	87	1	-3
369	84.201172	84.490234	G3	64	83	1	-1
370	84.201172	84.785156	D#4	64	79	0	4
371	84.201172	84.791016	C4	64	83	0	1
372	84.201172	85.244141	C3	64	89	1	-3
373	84.669922	85.062500	G4	64	83	0	3
374	84.669922	84.894531	G3	64	72	1	-1
375	85.138672	85.519531	A4	64	87	0	5
376	85.138672	85.398438	G3	64	88	1	-1
377	85.138672	85.500000	C4	64	91	0	1
378	85.138672	85.845703	D#4	64	88	0	4
379	85.373047	85.527344	C3	64	87	1	-3
380	85.607422	85.943359	A#4	64	83	0	1
381	85.607422	85.906250	G3	64	85	1	-1
382	85.841797	85.955078	C4	64	75	0	1
383	86.076172	86.449219	A#4	64	87	0	1
384	86.076172	86.615234	A3	64	79	1	-4
385	86.076172	86.662109	C4	64	88	0	1
386	86.076172	87.304688	F2	64	87	1	-5
387	86.544922	86.716797	A#4	64	76	0	1
388	86.544922	87.076172	C3	64	80	1	-3
389	86.779297	87.375000	C5	64	84	0	3
390	87.013672	87.208984	A3	64	82	1	-4
391	87.013672	87.236328	C4	64	89	0	1
392	87.013672	87.392578	F4	64	80	0	1
393	87.482422	87.910156	A#4	64	83	0	1
394	87.482422	87.640625	F2	64	89	1	-5
395	87.951172	88.554688	C5	64	89	0	3
396	87.951172	88.289062	A#3	64	77	1	-3
397	87.951172	88.316406	D4	64	87	0	3
398	87.951172	89.164062	A#2	64	86	1	-5
399	88.419922	88.992188	F3	64	71	1	-3
400	88.654297	89.191406	D5	64	94	0	5
401	88.654297	88.701172	D4	64	55	0	3
402	88.888672	89.087891	A#3	64	90	1	-3
403	88.888672	89.105469	D4	64	91	0	3
404	88.888672	89.142578	F4	64	87	0	1
405	89.123047	89.244141	F3	64	72	1	-3
406	89.357422	89.826172	D5	64	91	0	5
407	89.357422	89.449219	A#2	64	63	1	-5
408	89.591797	89.693359	D4	64	74	0	3
409	89.591797	89.693359	F4	64	76	0	1
410	89.826172	90.183594	F5	64	91	0	3
411	89.826172	90.218750	F4	64	88	0	1
412	89.826172	90.222656	D4	64	88	0	3
413	89.826172	90.589844	F3	64	83	1	-3
414	89.826172	90.597656	A#2	64	82	1	-5
415	90.294922	90.667969	D#5	64	89	0	1
416	90.294922	90.515625	D4	64	83	0	3
417	90.294922	90.519531	F4	64	84	0	1
418	90.294922	90.539062	A#4	64	88	0	1
419	90.763672	91.072266	D5	64	89	0	5
420	90.763672	91.068359	A#4	64	96	0	1
421	90.763672	91.080078	F4	64	91	0	1
422	90.763672	91.082031	D4	64	89	0	3
423	90.763672	91.246094	F3	64	87	1	-3
424	90.763672	91.314453	A#2	64	85	1	-5
425	91.232422	91.935547	F5	64	88	0	3
426	91.232422	91.660156	A4	64	89	0	5
427	91.701172	92.244141	G3	64	82	1	-1
428	91.701172	92.257812	A#3	64	75	1	-3
429	91.701172	92.746094	D#2	64	84	1	-2
430	92.169922	93.341797	G4	64	88	0	3
431	92.169922	92.691406	A#2	64	64	1	-5
432	92.638672	92.923828	G3	64	88	1	-1
433	92.638672	93.076172	D#4	64	87	0	4
434	92.638672	93.136719	A#3	64	90	1	-3
435	92.873047	92.980469	A#2	64	88	1	-5
436	93.107422	93.470703	G3	64	88	1	-1
437	93.341797	93.443359	A#3	64	76	1	-3
438	93.576172	93.910156	F5	64	87	0	3
439	93.576172	94.173828	A3	64	83	1	-4
440	93.576172	94.343750	F3	64	86	1	-3
441	93.576172	94.761719	F2	64	86	1	-5
442	94.044922	94.435547	D#5	64	93	0	1
443	94.044922	94.689453	C3	64	75	1	-3
444	94.513672	94.859375	D5	64	96	0	5
445	94.513672	94.718750	F3	64	83	1	-3
446	94.513672	94.720703	A3	64	87	1	-4
447	94.513672	94.777344	C4	64	87	0	1
448	94.982422	95.490234	F5	64	87	0	3
449	94.982422	95.312500	F2	64	88	1	-5
450	95.451172	95.919922	A5	64	90	0	2
451	95.451172	95.693359	D2	64	89	1	-3
452	95.451172	95.845703	A3	64	82	1	-4
453	95.451172	95.916016	D4	64	83	0	3
454	95.451172	96.037109	F4	64	87	0	1
455	95.919922	96.693359	D3	64	81	1	-1
456	96.154297	96.388672	F5	64	88	0	3
457	96.388672	96.787109	F5	64	88	0	3
458	96.388672	96.671875	D4	64	88	0	3
459	96.388672	96.775391	F4	64	92	0	1
460	96.623047	96.806641	A3	64	88	1	-4
461	96.857422	97.224609	C5	64	88	0	3
462	96.857422	96.996094	D3	64	87	1	-1
463	97.091797	97.244141	D4	64	87	0	3
464	97.326172	97.992188	A#4	64	88	0	1
465	97.326172	97.685547	D4	64	87	0	3
466	97.326172	97.718750	G4	64	87	0	3
467	97.326172	98.542969	G2	64	79	1	-3
468	97.794922	98.449219	D3	64	89	1	-1
469	98.263672	98.640625	D5	64	103	0	5
470	98.263672	98.574219	A#3	64	92	1	-3
471	98.263672	98.601562	G3	64	86	1	-1
472	98.263672	98.636719	D4	64	89	0	3
473	98.732422	99.082031	D#5	64	91	0	1
474	98.732422	99.115234	G2	64	87	1	-3
475	99.201172	99.541016	F5	64	88	0	3
476	99.201172	99.490234	G3	64	83	1	-1
477	99.201172	99.785156	D#4	64	79	0	4
478	99.201172	99.791016	C4	64	83	0	1
479	99.201172	100.244141	C3	64	89	1	-3
480	99.669922	100.093750	D#5	64	88	0	1
481	99.669922	99.894531	G3	64	72	1	-1
482	100.138672	100.505859	D5	64	92	0	5
483	100.138672	100.398438	G3	64	88	1	-1
484	100.138672	100.500000	C4	64	91	0	1
485	100.138672	100.845703	D#4	64	88	0	4
486	100.373047	100.527344	C3	64	87	1	-3
487	100.607422	100.957031	C5	64	88	0	3
488	100.607422	100.906250	G3	64	85	1	-1
489	100.841797	100.955078	C4	64	75	0	1
490	101.076172	102.013672	A#4	64	87	0	1
491	101.076172	101.615234	A3	64	79	1	-4
492	101.076172	101.662109	C4	64	88	0	1
493	101.076172	102.304688	F2	64	87	1	-5
494	101.544922	102.076172	C3	64	80	1	-3
495	102.013672	102.482422	A4	64	89	0	5
496	102.013672	102.208984	A3	64	82	1	-4
497	102.013672	102.236328	C4	64	89	0	1
498	102.013672	102.392578	F4	64	80	0	1
499	102.482422	104.103516	A#4	64	88	0	1
500	102.482422	102.640625	F2	64	89	1	-5
501	102.951172	103.173828	F3	64	81	1	-3
502	102.951172	103.451172	A#3	64	78	1	-3
503	102.951172	103.539062	A#2	64	88	1	-5
504	103.419922	103.634766	F3	64	88	1	-3
505	103.888672	104.203125	G3	64	81	1	-1
506	103.888672	104.435547	A#3	64	79	1	-3
507	103.888672	104.439453	D#2	64	88	1	-2
508	104.357422	104.515625	G3	64	82	1	-1
509	104.826172	105.144531	F3	64	76	1	-3
510	104.826172	105.371094	D4	64	87	0	3
511	104.826172	105.474609	A#3	64	76	1	-3
512	104.826172	106.517578	A#2	64	79	1	-5
513	105.294922	105.416016	F3	64	57	1	-3
514	105.763672	106.593750	F3	64	81	1	-3
515	105.763672	106.652344	D4	64	87	0	3
516	106.701172	106.978516	G#3	64	80	1	-5
517	106.701172	107.015625	D#4	64	80	0	4
518	106.701172	107.802734	G#2	64	94	1	-2
519	106.935547	107.714844	D#3	64	82	1	-5
520	107.169922	107.468750	G#3	64	89	1	-5
521	107.404297	107.500000	C4	64	79	0	1
522	107.638672	107.921875	G#3	64	83	1	-5
523	107.638672	107.951172	C4	64	83	0	1
524	107.638672	107.994141	D#4	64	84	0	4
525	107.638672	108.091797	G#4	64	84	0	4
526	107.873047	108.011719	D#3	64	83	1	-5
527	108.107422	108.402344	G#3	64	94	1	-5
528	108.341797	108.621094	G#4	64	88	0	4
529	108.576172	109.681641	D#2	64	101	1	-2
530	108.810547	109.619141	A#2	64	85	1	-5
531	109.044922	109.408203	D#3	64	79	1	-5
532	109.279297	109.406250	G3	64	76	1	-1
533	109.513672	109.808594	D#3	64	88	1	-5
534	109.513672	109.853516	G3	64	89	1	-1
535	109.513672	110.511719	D#4	64	88	0	4
536	109.748047	109.904297	A#2	64	78	1	-5
537	109.982422	110.093750	D#2	64	92	1	-2
538	110.216797	110.419922	D#3	64	98	1	-5
539	110.451172	110.728516	F#3	64	75	1	-2
540	110.451172	110.904297	C#4	64	83	0	2
541	110.451172	110.949219	A#3	64	79	1	-3
542	110.451172	111.556641	F#2	64	92	1	-4
543	110.685547	111.478516	C#3	64	74	1	-2
544	110.919922	111.228516	F#3	64	85	1	-2
545	111.154297	111.316406	A#3	64	76	1	-3
546	111.388672	111.705078	F#3	64	83	1	-2
547	111.388672	111.781250	A#3	64	87	1	-3
548	111.388672	111.910156	F#4	64	87	0	2
549	111.623047	111.775391	C#3	64	90	1	-2
550	111.857422	112.212891	F#3	64	94	1	-2
551	112.091797	112.390625	F#4	64	82	0	2
552	112.326172	113.447266	C#2	64	85	1	-4
553	112.560547	113.427734	G#2	64	87	1	-2
554	112.794922	113.146484	C#3	64	88	1	-2
555	113.029297	113.181641	G#3	64	83	1	-5
556	113.263672	113.517578	C#3	64	93	1	-2
557	113.263672	113.582031	G#3	64	83	1	-5
558	113.263672	113.628906	C#4	64	87	0	2
559	113.498047	114.177734	G#2	64	87	1	-2
560	113.732422	114.000000	C#4	64	63	0	2
561	113.732422	114.128906	C#3	64	94	1	-2
562	113.966797	114.187500	G#3	64	84	1	-5
563	114.201172	114.478516	G#3	64	80	1	-5
564	114.201172	114.515625	D#4	64	80	0	4
565	114.201172	115.302734	G#2	64	94	1	-2
566	114.435547	115.214844	D#3	64	82	1	-5
567	114.669922	114.968750	G#3	64	89	1	-5
568	114.904297	115.000000	C4	64	79	0	1
569	115.138672	115.421875	G#3	64	83	1	-5
570	115.138672	115.451172	C4	64	83	0	1
571	115.138672	115.494141	D#4	64	84	0	4
572	115.138672	115.591797	G#4	64	84	0	4
573	115.373047	115.511719	D#3	64	83	1	-5
574	115.607422	115.902344	G#3	64	94	1	-5
575	115.841797	116.121094	G#4	64	88	0	4
576	116.076172	117.181641	D#2	64	101	1	-2
577	116.310547	117.119141	A#2	64	85	1	-5
578	116.544922	116.908203	D#3	64	79	1	-5
579	116.779297	116.906250	G3	64	76	1	-1
580	117.013672	117.308594	D#3	64	88	1	-5
581	117.013672	117.353516	G3	64	89	1	-1
582	117.013672	118.011719	D#4	64	88	0	4
583	117.248047	117.404297	A#2	64	78	1	-5
584	117.482422	117.593750	D#2	64	92	1	-2
585	117.716797	117.919922	D#3	64	98	1	-5
586	117.951172	118.228516	F#3	64	75	1	-2
587	117.951172	118.404297	C#4	64	83	0	2
588	117.951172	118.449219	A#3	64	79	1	-3
589	117.951172	119.056641	F#2	64	92	1	-4
590	118.185547	118.978516	C#3	64	74	1	-2
591	118.419922	118.728516	F#3	64	85	1	-2
592	118.654297	118.816406	A#3	64	76	1	-3
593	118.888672	119.205078	F#3	64	83	1	-2
594	118.888672	119.281250	A#3	64	87	1	-3
595	118.888672	119.410156	F#4	64	87	0	2
596	119.123047	119.275391	C#3	64	90	1	-2
597	119.357422	119.712891	F#3	64	94	1	-2
598	119.591797	119.890625	F#4	64	82	0	2
599	119.826172	120.048828	G#3	64	90	1	-5
600	119.826172	120.119141	G#2	64	101	1	-2
601	119.826172	120.287109	G#4	64	82	0	4
602	120.060547	120.193359	D#3	64	87	1	-5
603	120.294922	120.542969	G#3	64	93	1	-5
604	120.529297	120.617188	G#4	64	79	0	4
605	120.763672	121.121094	F3	64	73	1	-3
606	120.763672	121.361328	A3	64	84	1	-4
607	120.763672	121.609375	F2	64	88	1	-5
608	120.998047	121.662109	C3	64	89	1	-3
609	121.232422	121.623047	F3	64	83	1	-3
610	121.701172	122.337891	D4	64	80	0	3
611	121.701172	122.382812	A#3	64	71	1	-3
612	121.701172	123.144531	A#2	64	76	1	-5
613	122.169922	122.515625	F4	64	87	0	1
614	122.638672	122.968750	F4	64	83	0	1
615	122.638672	122.970703	A#3	64	74	1	-3
616	122.638672	122.992188	D4	64	82	0	3
617	122.638672	123.093750	F4	64	80	0	1
618	123.107422	123.255859	F4	64	81	0	1
619	123.341797	123.908203	F4	64	89	0	1
620	123.576172	124.779297	D#2	64	89	1	-2
621	124.044922	124.382812	D#4	64	93	0	4
622	124.044922	124.458984	D#3	64	81	1	-5
623	124.513672	124.863281	A#3	64	87	1	-3
624	124.513672	124.781250	F#3	64	79	1	-2
625	124.513672	124.806641	D#3	64	78	1	-5
626	124.513672	124.992188	D#4	64	80	0	4
627	124.982422	125.126953	C4	64	88	0	1
628	125.216797	125.748047	D4	64	83	0	3
629	125.451172	126.605469	A#2	64	78	1	-5
630	125.919922	127.529297	D4	64	85	0	3
631	125.919922	126.580078	F3	64	75	1	-3
632	126.388672	126.566406	A#3	64	76	1	-3
633	126.388672	126.914062	D4	64	84	0	3
634	126.857422	127.029297	A#3	64	74	1	-3
635	127.326172	128.351562	D#2	64	81	1	-2
636	127.794922	128.296875	A#2	64	66	1	-5
637	128.263672	128.384766	D#3	64	79	1	-5
638	128.263672	128.412109	D#4	64	81	0	4
639	129.201172	129.703125	D4	64	81	0	3
640	129.201172	129.720703	A#3	64	72	1	-3
641	129.201172	130.802734	A#2	64	83	1	-5
642	129.669922	130.015625	F4	64	87	0	1
643	129.669922	130.611328	F3	64	56	1	-3
644	130.138672	130.468750	F4	64	83	0	1
645	130.138672	130.347656	A#3	64	72	1	-3
646	130.138672	130.767578	D4	64	80	0	3
647	130.138672	131.066406	F4	64	76	0	1
648	130.607422	130.755859	F4	64	81	0	1
649	130.607422	131.046875	A#3	64	72	1	-3
650	130.841797	131.408203	F4	64	89	0	1
651	131.076172	132.156250	D#2	64	76	1	-2
652	131.544922	131.882812	A#4	64	93	0	1
653	131.544922	132.148438	A#2	64	66	1	-5
654	132.013672	132.363281	A#4	64	87	0	1
655	132.013672	132.302734	D#3	64	79	1	-5
656	132.013672	132.554688	F#3	64	88	1	-2
657	132.013672	132.964844	D#4	64	81	0	4
658	132.482422	132.716797	C4	64	88	0	1
659	132.482422	132.818359	D#3	64	81	1	-5
660	132.716797	133.248047	D#4	64	83	0	4
661	132.951172	133.445312	D4	64	80	0	3
662	132.951172	133.498047	G3	64	80	1	-1
663	132.951172	134.560547	G2	64	87	1	-3
664	133.419922	135.029297	D4	64	85	0	3
665	133.419922	134.306641	D3	64	76	1	-1
666	133.888672	134.458984	A#3	64	74	1	-3
667	133.888672	135.083984	D4	64	84	0	3
668	134.357422	134.816406	G3	64	87	1	-1
669	134.826172	135.757812	F2	64	86	1	-5
670	135.294922	135.650391	F3	64	84	1	-3
671	135.763672	136.099609	A#3	64	91	1	-3
672	135.763672	135.978516	F3	64	84	1	-3
673	135.763672	136.183594	A#3	64	76	1	-3
674	135.763672	136.208984	A#2	64	85	1	-5
675	135.763672	136.287109	D4	64	86	0	3
676	136.232422	136.566406	A#4	64	87	0	1
677	136.232422	136.324219	F3	64	79	1	-3
678	136.701172	137.542969	A4	64	85	0	5
679	136.701172	136.945312	A#3	64	83	1	-3
680	136.701172	136.972656	G3	64	87	1	-1
681	136.701172	137.154297	D#3	64	78	1	-5
682	136.701172	137.871094	D#2	64	87	1	-2
683	137.169922	137.855469	A#2	64	74	1	-5
684	137.638672	138.041016	A#4	64	88	0	1
685	137.638672	137.937500	D#3	64	87	1	-5
686	137.638672	138.007812	D#4	64	87	0	4
687	138.107422	139.199219	F4	64	84	0	1
688	138.576172	139.109375	A3	64	79	1	-4
689	138.576172	139.310547	F3	64	75	1	-3
690	138.576172	139.783203	F2	64	83	1	-5
691	139.044922	139.759766	C3	64	72	1	-3
692	139.513672	139.943359	A#3	64	80	1	-3
693	139.513672	139.695312	F3	64	80	1	-3
694	139.513672	139.705078	A3	64	78	1	-4
695	139.513672	139.777344	C4	64	83	0	1
696	139.982422	140.359375	G4	64	87	0	3
697	140.451172	140.919922	G4	64	84	0	3
698	140.451172	140.712891	A3	64	75	1	-4
699	140.451172	141.082031	D4	64	79	0	3
700	140.451172	141.542969	D3	64	83	1	-1
701	140.919922	141.388672	F4	64	84	0	1
702	140.919922	141.314453	A3	64	71	1	-4
703	141.388672	141.740234	F4	64	87	0	1
704	141.388672	141.750000	D4	64	83	0	3
705	141.388672	141.964844	F4	64	83	0	1
706	141.857422	142.326172	C5	64	89	0	3
707	141.857422	142.031250	A3	64	71	1	-4
708	142.326172	143.029297	D5	64	89	0	5
709	142.326172	142.884766	A#3	64	76	1	-3
710	142.326172	142.916016	G3	64	75	1	-1
711	142.326172	143.636719	G2	64	83	1	-3
712	142.794922	143.455078	D3	64	73	1	-1
713	143.263672	143.675781	C5	64	88	0	3
714	143.263672	143.458984	G3	64	72	1	-1
715	143.263672	143.505859	A#3	64	72	1	-3
716	143.263672	143.517578	D4	64	80	0	3
717	143.732422	144.080078	D5	64	91	0	5
718	144.201172	144.589844	G4	64	87	0	3
719	144.201172	144.478516	G3	64	80	1	-1
720	144.201172	144.507812	C4	64	84	0	1
721	144.201172	144.552734	D#4	64	80	0	4
722	144.201172	145.261719	C3	64	89	1	-3
723	144.669922	145.009766	D5	64	91	0	5
724	145.138672	145.468750	D5	64	94	0	5
725	145.138672	145.314453	C4	64	88	0	1
726	145.138672	145.363281	D#4	64	98	0	4
727	145.138672	145.427734	G4	64	89	0	3
728	145.373047	145.484375	C3	64	83	1	-3
729	145.607422	145.962891	D#5	64	89	0	1
730	145.607422	145.847656	C4	64	88	0	1
731	146.076172	146.910156	D5	64	94	0	5
732	146.076172	146.833984	F2	64	87	1	-5
733	146.544922	146.853516	A3	64	88	1	-4
734	147.013672	147.482422	C5	64	83	0	3
735	147.013672	147.195312	A3	64	87	1	-4
736	147.013672	147.267578	C4	64	89	0	1
737	147.013672	147.320312	C3	64	88	1	-3
738	147.013672	147.347656	F2	64	88	1	-5
739	147.013672	147.376953	F4	64	88	0	1
740	147.482422	148.888672	A#4	64	83	0	1
741	147.951172	148.130859	F3	64	82	1	-3
742	147.951172	148.326172	D4	64	86	0	3
743	147.951172	148.582031	A#3	64	79	1	-3
744	147.951172	149.169922	A#2	64	91	1	-5
745	148.419922	148.628906	F3	64	72	1	-3
746	148.888672	149.068359	F3	64	87	1	-3
747	148.888672	149.224609	A#3	64	89	1	-3
748	148.888672	149.314453	D4	64	89	0	3
749	149.357422	149.500000	F3	64	89	1	-3
750	149.826172	150.183594	F5	64	91	0	3
751	149.826172	150.097656	F3	64	86	1	-3
752	149.826172	150.144531	G#3	64	86	1	-5
753	149.826172	150.701172	F2	64	89	1	-5
754	150.060547	150.562500	C3	64	87	1	-3
755	150.294922	150.667969	D#5	64	89	0	1
756	150.294922	150.613281	F3	64	90	1	-3
757	150.529297	150.650391	G#3	64	91	1	-5
758	150.763672	151.072266	D5	64	89	0	5
759	150.763672	151.005859	F3	64	86	1	-3
760	150.763672	151.048828	A#3	64	83	1	-3
761	150.763672	151.244141	A#2	64	92	1	-5
762	150.998047	151.251953	D3	64	87	1	-1
763	151.232422	151.935547	F5	64	88	0	3
764	151.232422	151.447266	F3	64	88	1	-3
765	151.232422	151.699219	A#3	64	79	1	-3
766	151.232422	151.724609	D4	64	88	0	3
767	151.701172	152.244141	G3	64	82	1	-1
768	151.701172	152.257812	A#3	64	75	1	-3
769	151.701172	152.746094	D#2	64	84	1	-2
770	152.169922	153.341797	G4	64	88	0	3
771	152.169922	152.691406	A#2	64	64	1	-5
772	152.638672	152.923828	G3	64	88	1	-1
773	152.638672	153.076172	D#4	64	87	0	4
774	152.638672	153.136719	A#3	64	90	1	-3
775	152.873047	152.980469	A#2	64	88	1	-5
776	153.107422	153.470703	G3	64	88	1	-1
777	153.341797	153.443359	A#3	64	76	1	-3
778	153.576172	153.910156	F5	64	87	0	3
779	153.576172	154.173828	A3	64	83	1	-4
780	153.576172	154.343750	F3	64	86	1	-3
781	153.576172	154.761719	F2	64	86	1	-5
782	154.044922	154.435547	D#5	64	93	0	1
783	154.044922	154.689453	C3	64	75	1	-3
784	154.513672	154.859375	D5	64	96	0	5
785	154.513672	154.718750	F3	64	83	1	-3
786	154.513672	154.720703	A3	64	87	1	-4
787	154.513672	154.777344	C4	64	87	0	1
788	154.982422	155.490234	F5	64	87	0	3
789	154.982422	155.312500	F2	64	88	1	-5
790	155.451172	156.812500	F4	64	90	0	1
791	155.451172	155.693359	D2	64	89	1	-3
792	155.451172	155.845703	A3	64	82	1	-4
793	155.451172	155.916016	D4	64	83	0	3
794	155.451172	156.037109	F4	64	87	0	1
795	155.919922	156.693359	D3	64	81	1	-1
796	156.388672	156.671875	D4	64	88	0	3
797	156.388672	156.775391	F4	64	92	0	1
798	156.623047	156.806641	A3	64	88	1	-4
799	156.857422	156.996094	D3	64	87	1	-1
800	157.091797	157.244141	D4	64	87	0	3
801	157.326172	157.753906	F5	64	88	0	3
802	157.326172	157.685547	D4	64	87	0	3
803	157.326172	157.718750	G4	64	87	0	3
804	157.326172	158.542969	G2	64	79	1	-3
805	157.794922	158.193359	D#5	64	88	0	1
806	157.794922	158.449219	D3	64	89	1	-1
807	158.263672	158.630859	D5	64	88	0	5
808	158.263672	158.574219	A#3	64	92	1	-3
809	158.263672	158.601562	G3	64	86	1	-1
810	158.263672	158.636719	D4	64	89	0	3
811	158.732422	159.398438	F5	64	88	0	3
812	158.732422	159.115234	G2	64	87	1	-3
813	159.201172	159.490234	G3	64	83	1	-1
814	159.201172	159.785156	D#4	64	79	0	4
815	159.201172	159.791016	C4	64	83	0	1
816	159.201172	160.244141	C3	64	89	1	-3
817	159.669922	160.062500	G4	64	83	0	3
818	159.669922	159.894531	G3	64	72	1	-1
819	160.138672	160.519531	A4	64	87	0	5
820	160.138672	160.398438	G3	64	88	1	-1
821	160.138672	160.500000	C4	64	91	0	1
822	160.138672	160.845703	D#4	64	88	0	4
823	160.373047	160.527344	C3	64	87	1	-3
824	160.607422	160.943359	A#4	64	83	0	1
825	160.607422	160.906250	G3	64	85	1	-1
826	160.841797	160.955078	C4	64	75	0	1
827	161.076172	161.449219	A#4	64	87	0	1
828	161.076172	161.615234	A3	64	79	1	-4
829	161.076172	161.662109	C4	64	88	0	1
830	161.076172	162.304688	F2	64	87	1	-5
831	161.544922	161.716797	A#4	64	76	0	1
832	161.544922	162.076172	C3	64	80	1	-3
833	161.779297	162.375000	C5	64	84	0	3
834	162.013672	162.208984	A3	64	82	1	-4
835	162.013672	162.236328	C4	64	89	0	1
836	162.013672	162.392578	F4	64	80	0	1
837	162.482422	162.910156	A#4	64	83	0	1
838	162.482422	162.640625	F2	64	89	1	-5
839	162.951172	163.554688	C5	64	89	0	3
840	162.951172	163.289062	A#3	64	77	1	-3
841	162.951172	163.316406	D4	64	87	0	3
842	162.951172	164.164062	A#2	64	86	1	-5
843	163.419922	163.992188	F3	64	71	1	-3
844	163.654297	164.191406	D5	64	94	0	5
845	163.654297	163.701172	D4	64	55	0	3
846	163.888672	164.087891	A#3	64	90	1	-3
847	163.888672	164.105469	D4	64	91	0	3
848	163.888672	164.142578	F4	64	87	0	1
849	164.123047	164.244141	F3	64	72	1	-3
850	164.357422	164.826172	D5	64	91	0	5
851	164.357422	164.449219	A#2	64	63	1	-5
852	164.591797	164.693359	D4	64	74	0	3
853	164.591797	164.693359	F4	64	76	0	1
854	164.826172	165.183594	F5	64	91	0	3
855	164.826172	165.218750	F4	64	88	0	1
856	164.826172	165.222656	D4	64	88	0	3
857	164.826172	165.589844	F3	64	83	1	-3
858	164.826172	165.597656	A#2	64	82	1	-5
859	165.294922	165.667969	D#5	64	89	0	1
860	165.294922	165.515625	D4	64	83	0	3
861	165.294922	165.519531	F4	64	84	0	1
862	165.294922	165.539062	A#4	64	88	0	1
863	165.763672	166.072266	D5	64	89	0	5
864	165.763672	166.068359	A#4	64	96	0	1
865	165.763672	166.080078	F4	64	91	0	1
866	165.763672	166.082031	D4	64	89	0	3
867	165.763672	166.246094	F3	64	87	1	-3
868	165.763672	166.314453	A#2	64	85	1	-5
869	166.232422	166.935547	F5	64	88	0	3
870	166.232422	166.660156	A4	64	89	0	5
871	166.701172	167.244141	G3	64	82	1	-1
872	166.701172	167.257812	A#3	64	75	1	-3
873	166.701172	167.746094	D#2	64	84	1	-2
874	167.169922	168.341797	G4	64	88	0	3
875	167.169922	167.691406	A#2	64	64	1	-5
876	167.638672	167.923828	G3	64	88	1	-1
877	167.638672	168.076172	D#4	64	87	0	4
878	167.638672	168.136719	A#3	64	90	1	-3
879	167.873047	167.980469	A#2	64	88	1	-5
880	168.107422	168.470703	G3	64	88	1	-1
881	168.341797	168.443359	A#3	64	76	1	-3
882	168.576172	168.910156	F5	64	87	0	3
883	168.576172	169.173828	A3	64	83	1	-4
884	168.576172	169.343750	F3	64	86	1	-3
885	168.576172	169.761719	F2	64	86	1	-5
886	169.044922	169.435547	D#5	64	93	0	1
887	169.044922	169.689453	C3	64	75	1	-3
888	169.513672	169.859375	D5	64	96	0	5
889	169.513672	169.718750	F3	64	83	1	-3
890	169.513672	169.720703	A3	64	87	1	-4
891	169.513672	169.777344	C4	64	87	0	1
892	169.982422	170.490234	F5	64	87	0	3
893	169.982422	170.312500	F2	64	88	1	-5
894	170.451172	170.919922	A5	64	90	0	2
895	170.451172	170.693359	D2	64	89	1	-3
896	170.451172	170.845703	A3	64	82	1	-4
897	170.451172	170.916016	D4	64	83	0	3
898	170.451172	171.037109	F4	64	87	0	1
899	170.919922	171.693359	D3	64	81	1	-1
900	171.154297	171.388672	F5	64	88	0	3
901	171.388672	171.787109	F5	64	88	0	3
902	171.388672	171.671875	D4	64	88	0	3
903	171.388672	171.775391	F4	64	92	0	1
904	171.623047	171.806641	A3	64	88	1	-4
905	171.857422	172.224609	C5	64	88	0	3
906	171.857422	171.996094	D3	64	87	1	-1
907	172.091797	172.244141	D4	64	87	0	3
908	172.326172	172.992188	A#4	64	88	0	1
909	172.326172	172.685547	D4	64	87	0	3
910	172.326172	172.718750	G4	64	87	0	3
911	172.326172	173.542969	G2	64	79	1	-3
912	172.794922	173.449219	D3	64	89	1	-1
913	173.263672	173.640625	D5	64	103	0	5
914	173.263672	173.574219	A#3	64	92	1	-3
915	173.263672	173.601562	G3	64	86	1	-1
916	173.263672	173.636719	D4	64	89	0	3
917	173.732422	174.082031	D#5	64	91	0	1
918	173.732422	174.115234	G2	64	87	1	-3
919	174.201172	174.541016	F5	64	88	0	3
920	174.201172	174.490234	G3	64	83	1	-1
921	174.201172	174.785156	D#4	64	79	0	4
922	174.201172	174.791016	C4	64	83	0	1
923	174.201172	175.244141	C3	64	89	1	-3
924	174.669922	175.093750	D#5	64	88	0	1
925	174.669922	174.894531	G3	64	72	1	-1
926	175.138672	175.505859	D5	64	92	0	5
927	175.138672	175.398438	G3	64	88	1	-1
928	175.138672	175.500000	C4	64	91	0	1
929	175.138672	175.845703	D#4	64	88	0	4
930	175.373047	175.527344	C3	64	87	1	-3
931	175.607422	175.957031	C5	64	88	0	3
932	175.607422	175.906250	G3	64	85	1	-1
933	175.841797	175.955078	C4	64	75	0	1
934	176.076172	177.013672	A#4	64	87	0	1
935	176.076172	176.615234	A3	64	79	1	-4
936	176.076172	176.662109	C4	64	88	0	1
937	176.076172	177.304688	F2	64	87	1	-5
938	176.544922	177.076172	C3	64	80	1	-3
939	177.013672	177.482422	A4	64	89	0	5
940	177.013672	177.208984	A3	64	82	1	-4
941	177.013672	177.236328	C4	64	89	0	1
942	177.013672	177.392578	F4	64	80	0	1
943	177.482422	179.103516	A#4	64	88	0	1
944	177.482422	177.640625	F2	64	89	1	-5
945	177.951172	178.277344	F3	64	83	1	-3
946	177.951172	178.617188	D4	64	83	0	3
947	177.951172	179.341797	A#2	64	83	1	-5
948	178.419922	178.935547	F3	64	81	1	-3
949	178.888672	179.382812	A#3	64	92	1	-3
950	179.357422	179.708984	F3	64	75	1	-3
951	179.826172	180.183594	F5	64	91	0	3
952	179.826172	180.160156	A#3	64	85	1	-3
953	179.826172	180.189453	D4	64	86	0	3
954	179.826172	180.976562	A#2	64	86	1	-5
955	180.294922	180.667969	D#5	64	89	0	1
956	180.763672	181.072266	D5	64	89	0	5
957	180.763672	180.910156	F3	64	81	1	-3
958	180.763672	180.933594	A#3	64	81	1	-3
959	181.232422	181.935547	F5	64	88	0	3
960	181.701172	182.371094	G3	64	70	1	-1
961	181.701172	182.378906	A#3	64	78	1	-3
962	181.701172	183.150391	D#2	64	75	1	-2
963	182.169922	183.341797	G4	64	88	0	3
964	182.169922	183.123047	A#2	64	56	1	-5
965	182.638672	183.130859	A#3	64	88	1	-3
966	182.638672	183.162109	D#4	64	87	0	4
967	183.107422	183.326172	G3	64	67	1	-1
968	183.576172	183.910156	F5	64	87	0	3
969	183.576172	184.160156	A3	64	76	1	-4
970	183.576172	184.183594	F3	64	78	1	-3
971	183.576172	184.658203	F2	64	73	1	-5
972	184.044922	184.435547	D#5	64	93	0	1
973	184.044922	184.695312	C3	64	73	1	-3
974	184.513672	184.859375	D5	64	96	0	5
975	184.513672	184.644531	F3	64	77	1	-3
976	184.513672	184.673828	A3	64	75	1	-4
977	184.513672	184.689453	C4	64	81	0	1
978	184.982422	185.490234	F5	64	87	0	3
979	185.451172	186.812500	F4	64	90	0	1
980	185.451172	186.042969	F4	64	83	0	1
981	185.451172	186.552734	D3	64	82	1	-1
982	185.919922	186.462891	A3	64	75	1	-4
983	186.388672	186.798828	D4	64	88	0	3
984	186.857422	187.046875	A3	64	82	1	-4
985	187.326172	187.753906	F5	64	88	0	3
986	187.326172	187.882812	D4	64	81	0	3
987	187.326172	187.970703	G3	64	78	1	-1
988	187.326172	188.925781	G2	64	82	1	-3
989	187.794922	188.193359	D#5	64	88	0	1
990	187.794922	188.738281	D3	64	72	1	-1
991	188.263672	188.630859	D5	64	88	0	5
992	188.263672	188.714844	A#3	64	87	1	-3
993	188.732422	189.398438	F5	64	88	0	3
994	188.732422	189.289062	G3	64	86	1	-1
995	189.201172	189.757812	D#4	64	83	0	4
996	189.201172	190.224609	C3	64	78	1	-3
997	189.669922	190.062500	G4	64	83	0	3
998	189.669922	190.234375	G3	64	87	1	-1
999	190.138672	190.519531	A4	64	87	0	5
1000	190.138672	190.689453	D4	64	88	0	3
1001	190.607422	190.943359	A#4	64	83	0	1
1002	190.607422	191.130859	G3	64	76	1	-1
1003	191.076172	191.449219	A#4	64	87	0	1
1004	191.076172	191.224609	F4	64	80	0	1
1005	191.076172	191.812500	C4	64	78	0	1
1006	191.076172	192.236328	F2	64	85	1	-5
1007	191.544922	191.716797	A#4	64	76	0	1
1008	191.544922	192.224609	C3	64	83	1	-3
1009	191.779297	192.375000	C5	64	84	0	3
1010	192.013672	192.259766	F3	64	81	1	-3
1011	192.013672	192.291016	A3	64	79	1	-4
1012	192.482422	192.910156	A#4	64	83	0	1
1013	192.482422	193.025391	F3	64	87	1	-3
1014	192.951172	193.554688	C5	64	89	0	3
1015	192.951172	193.472656	D4	64	87	0	3
1016	192.951172	194.607422	A#2	64	85	1	-5
1017	193.419922	193.728516	F3	64	85	1	-3
1018	193.654297	194.191406	D5	64	94	0	5
1019	193.888672	194.417969	A#3	64	92	1	-3
1020	194.357422	194.826172	D5	64	91	0	5
1021	194.357422	194.658203	F3	64	89	1	-3
1022	194.826172	195.183594	F5	64	91	0	3
1023	194.826172	195.070312	F3	64	88	1	-3
1024	194.826172	195.369141	C4	64	88	0	1
1025	194.826172	195.892578	A#2	64	89	1	-5
1026	195.294922	195.667969	D#5	64	89	0	1
1027	195.294922	195.541016	F3	64	88	1	-3
1028	195.763672	196.072266	D5	64	89	0	5
1029	195.763672	196.052734	A#3	64	94	1	-3
1030	195.763672	196.076172	F3	64	91	1	-3
1031	195.998047	196.457031	A#2	64	82	1	-5
1032	196.232422	196.935547	F5	64	88	0	3
1033	196.232422	196.517578	A3	64	87	1	-4
1034	196.701172	196.714844	A#3	64	75	1	-3
1035	196.701172	197.244141	G3	64	82	1	-1
1036	196.701172	197.746094	D#2	64	84	1	-2
1037	197.169922	198.341797	G4	64	88	0	3
1038	197.169922	197.691406	A#2	64	64	1	-5
1039	197.638672	197.923828	G3	64	88	1	-1
1040	197.638672	198.076172	D#4	64	87	0	4
1041	197.638672	198.136719	A#3	64	90	1	-3
1042	197.873047	197.980469	A#2	64	88	1	-5
1043	198.107422	198.470703	G3	64	88	1	-1
1044	198.341797	198.443359	A#3	64	76	1	-3
1045	198.576172	198.910156	F5	64	87	0	3
1046	198.576172	199.173828	A3	64	83	1	-4
1047	198.576172	199.343750	F3	64	86	1	-3
1048	198.576172	199.761719	F2	64	86	1	-5
1049	199.044922	199.435547	D#5	64	93	0	1
1050	199.044922	199.689453	C3	64	75	1	-3
1051	199.513672	199.859375	D5	64	96	0	5
1052	199.513672	199.718750	F3	64	83	1	-3
1053	199.513672	199.720703	A3	64	87	1	-4
1054	199.513672	199.777344	C4	64	87	0	1
1055	199.982422	200.490234	F5	64	87	0	3
1056	199.982422	200.312500	F2	64	88	1	-5
1057	200.451172	200.919922	A5	64	90	0	2
1058	200.451172	200.693359	D2	64	89	1	-3
1059	200.451172	200.845703	A3	64	82	1	-4
1060	200.451172	200.916016	D4	64	83	0	3
1061	200.451172	201.037109	F4	64	87	0	1
1062	200.919922	201.693359	D3	64	81	1	-1
1063	201.154297	201.388672	F5	64	88	0	3
1064	201.388672	201.787109	F5	64	88	0	3
1065	201.388672	201.671875	D4	64	88	0	3
1066	201.388672	201.775391	F4	64	92	0	1
1067	201.623047	201.806641	A3	64	88	1	-4
1068	201.857422	202.224609	C5	64	88	0	3
1069	201.857422	201.996094	D3	64	87	1	-1
1070	202.091797	202.244141	D4	64	87	0	3
1071	202.326172	202.992188	A#4	64	88	0	1
1072	202.326172	202.685547	D4	64	87	0	3
1073	202.326172	202.718750	G4	64	87	0	3
1074	202.326172	203.542969	G2	64	79	1	-3
1075	202.794922	203.449219	D3	64	89	1	-1
1076	203.263672	203.640625	D5	64	103	0	5
1077	203.263672	203.574219	A#3	64	92	1	-3
1078	203.263672	203.601562	G3	64	86	1	-1
1079	203.263672	203.636719	D4	64	89	0	3
1080	203.732422	204.082031	D#5	64	91	0	1
1081	203.732422	204.115234	G2	64	87	1	-3
1082	204.201172	204.541016	F5	64	88	0	3
1083	204.201172	204.490234	G3	64	83	1	-1
1084	204.201172	204.785156	D#4	64	79	0	4
1085	204.201172	204.791016	C4	64	83	0	1
1086	204.201172	205.244141	C3	64	89	1	-3
1087	204.669922	205.093750	D#5	64	88	0	1
1088	204.669922	204.894531	G3	64	72	1	-1
1089	205.138672	205.505859	D5	64	92	0	5
1090	205.138672	205.398438	G3	64	88	1	-1
1091	205.138672	205.500000	C4	64	91	0	1
1092	205.138672	205.845703	D#4	64	88	0	4
1093	205.373047	205.527344	C3	64	87	1	-3
1094	205.607422	205.957031	C5	64	88	0	3
1095	205.607422	205.906250	G3	64	85	1	-1
1096	205.841797	205.955078	C4	64	75	0	1
1097	206.076172	207.013672	A#4	64	87	0	1
1098	206.076172	206.615234	A3	64	79	1	-4
1099	206.076172	206.662109	C4	64	88	0	1
1100	206.076172	207.304688	F2	64	87	1	-5
1101	206.544922	207.076172	C3	64	80	1	-3
1102	207.013672	207.482422	A4	64	89	0	5
1103	207.013672	207.208984	A3	64	82	1	-4
1104	207.013672	207.236328	C4	64	89	0	1
1105	207.013672	207.392578	F4	64	80	0	1
1106	207.482422	209.103516	A#4	64	88	0	1
1107	207.482422	207.640625	F2	64	89	1	-5
1108	207.951172	208.173828	F3	64	81	1	-3
1109	207.951172	208.451172	A#3	64	78	1	-3
1110	207.951172	208.539062	A#2	64	88	1	-5
1111	208.419922	208.634766	F3	64	88	1	-3
1112	208.888672	209.203125	G3	64	81	1	-1
1113	208.888672	209.435547	A#3	64	79	1	-3
1114	208.888672	209.439453	D#2	64	88	1	-2
1115	209.357422	209.515625	G3	64	82	1	-1
1116	209.826172	210.183594	F5	64	91	0	3
1117	209.826172	210.144531	F3	64	76	1	-3
1118	209.826172	210.371094	D4	64	87	0	3
1119	209.826172	210.474609	A#3	64	76	1	-3
1120	209.826172	211.517578	A#2	64	79	1	-5
1121	210.294922	210.667969	D#5	64	89	0	1
1122	210.294922	210.416016	F3	64	57	1	-3
1123	210.763672	211.072266	D5	64	89	0	5
1124	210.763672	211.593750	F3	64	81	1	-3
1125	210.763672	211.652344	D4	64	87	0	3
1126	211.232422	211.935547	F5	64	88	0	3
1127	211.701172	212.244141	G3	64	82	1	-1
1128	211.701172	212.257812	A#3	64	75	1	-3
1129	211.701172	212.746094	D#2	64	84	1	-2
1130	212.169922	213.341797	G4	64	88	0	3
1131	212.169922	212.691406	A#2	64	64	1	-5
1132	212.638672	212.923828	G3	64	88	1	-1
1133	212.638672	213.076172	D#4	64	87	0	4
1134	212.638672	213.136719	A#3	64	90	1	-3
1135	212.873047	212.980469	A#2	64	88	1	-5
1136	213.107422	213.470703	G3	64	88	1	-1
1137	213.341797	213.443359	A#3	64	76	1	-3
1138	213.576172	213.910156	F5	64	87	0	3
1139	213.576172	214.173828	A3	64	83	1	-4
1140	213.576172	214.343750	F3	64	86	1	-3
1141	213.576172	214.761719	F2	64	86	1	-5
1142	214.044922	214.435547	D#5	64	93	0	1
1143	214.044922	214.689453	C3	64	75	1	-3
1144	214.513672	214.859375	D5	64	96	0	5
1145	214.513672	214.718750	F3	64	83	1	-3
1146	214.513672	214.720703	A3	64	87	1	-4
1147	214.513672	214.777344	C4	64	87	0	1
1148	214.982422	215.490234	F5	64	87	0	3
1149	214.982422	215.312500	F2	64	88	1	-5
1150	215.451172	216.812500	F4	64	90	0	1
1151	215.451172	215.693359	D2	64	89	1	-3
1152	215.451172	215.845703	A3	64	82	1	-4
1153	215.451172	215.916016	D4	64	83	0	3
1154	215.451172	216.037109	F4	64	87	0	1
1155	215.919922	216.693359	D3	64	81	1	-1
1156	216.388672	216.671875	D4	64	88	0	3
1157	216.388672	216.775391	F4	64	92	0	1
1158	216.623047	216.806641	A3	64	88	1	-4
1159	216.857422	216.996094	D3	64	87	1	-1
1160	217.091797	217.244141	D4	64	87	0	3
1161	217.326172	217.753906	F5	64	88	0	3
1162	217.326172	217.685547	D4	64	87	0	3
1163	217.326172	217.718750	G4	64	87	0	3
1164	217.326172	218.542969	G2	64	79	1	-3
1165	217.794922	218.193359	D#5	64	88	0	1
1166	217.794922	218.449219	D3	64	89	1	-1
1167	218.263672	218.630859	D5	64	88	0	5
1168	218.263672	218.574219	A#3	64	92	1	-3
1169	218.263672	218.601562	G3	64	86	1	-1
1170	218.263672	218.636719	D4	64	89	0	3
1171	218.732422	219.398438	F5	64	88	0	3
1172	218.732422	219.115234	G2	64	87	1	-3
1173	219.201172	219.490234	G3	64	83	1	-1
1174	219.201172	219.785156	D#4	64	79	0	4
1175	219.201172	219.791016	C4	64	83	0	1
1176	219.201172	220.244141	C3	64	89	1	-3
1177	219.669922	220.062500	G4	64	83	0	3
1178	219.669922	219.894531	G3	64	72	1	-1
1179	220.138672	220.519531	A4	64	87	0	5
1180	220.138672	220.398438	G3	64	88	1	-1
1181	220.138672	220.500000	C4	64	91	0	1
1182	220.138672	220.845703	D#4	64	88	0	4
1183	220.373047	220.527344	C3	64	87	1	-3
1184	220.607422	220.943359	A#4	64	83	0	1
1185	220.607422	220.906250	G3	64	85	1	-1
1186	220.841797	220.955078	C4	64	75	0	1
1187	221.029297	221.347656	C3	64	86	1	-3
1188	221.031250	221.369141	F4	64	85	0	1
1189	221.033203	221.378906	F2	64	89	1	-5
1190	221.058594	221.300781	C5	64	91	0	3
1191	221.363281	221.759766	C4	64	91	0	1
1192	221.378906	221.636719	A#4	64	92	0	1
1193	221.636719	221.828125	C3	64	79	1	-3
1194	221.642578	221.832031	F2	64	72	1	-5
1195	221.675781	221.894531	F4	64	98	0	1
1196	221.703125	221.908203	C5	64	91	0	3
1197	222.009766	222.666016	F2	64	87	1	-5
1198	222.011719	222.261719	C5	64	89	0	3
1199	222.011719	222.646484	C3	64	88	1	-3
1200	222.027344	222.394531	F4	64	88	0	1
1201	222.033203	222.205078	C4	64	89	0	1
1202	222.335938	222.585938	A#4	64	89	0	1
1203	222.337891	222.693359	C4	64	88	0	1
1204	222.640625	222.837891	F4	64	88	0	1
1205	222.664062	222.859375	C5	64	91	0	3
1206	222.923828	223.068359	A#2	64	94	1	-5
1207	222.929688	223.130859	F3	64	86	1	-3
1208	222.931641	223.132812	A#3	64	84	1	-3
1209	222.933594	223.195312	D4	64	88	0	3
1210	222.970703	223.402344	D5	64	92	0	5
1211	223.595703	223.904297	C3	64	101	1	-3
1212	223.595703	223.914062	C4	64	88	0	1
1213	223.597656	223.884766	G3	64	88	1	-1
1214	223.601562	224.152344	G5	64	81	0	5
1215	224.269531	224.628906	D3	64	90	1	-1
1216	224.271484	224.794922	F5	64	88	0	3
1217	224.271484	224.763672	A3	64	85	1	-4
1218	224.273438	224.695312	D4	64	87	0	3
1219	224.826172	225.183594	F5	64	91	0	3
1220	225.226562	225.597656	D#3	64	87	1	-5
1221	225.232422	225.654297	D#4	64	91	0	4
1222	225.294922	225.667969	D#5	64	89	0	1
1223	225.695312	225.785156	F3	64	92	1	-3
1224	225.707031	226.121094	F4	64	88	0	1
1225	225.763672	226.072266	D5	64	89	0	5
1226	226.232422	226.935547	F5	64	88	0	3
1227	226.701172	227.244141	G3	64	82	1	-1
1228	226.701172	227.257812	A#3	64	75	1	-3
1229	226.701172	227.746094	D#2	64	84	1	-2
1230	227.169922	228.341797	G4	64	88	0	3
1231	227.169922	227.691406	A#2	64	64	1	-5
1232	227.638672	227.923828	G3	64	88	1	-1
1233	227.638672	228.076172	D#4	64	87	0	4
1234	227.638672	228.136719	A#3	64	90	1	-3
1235	227.873047	227.980469	A#2	64	88	1	-5
1236	228.107422	228.470703	G3	64	88	1	-1
1237	228.341797	228.443359	A#3	64	76	1	-3
1238	228.576172	228.910156	F5	64	87	0	3
1239	228.576172	229.173828	A3	64	83	1	-4
1240	228.576172	229.343750	F3	64	86	1	-3
1241	228.576172	229.761719	F2	64	86	1	-5
1242	229.044922	229.435547	D#5	64	93	0	1
1243	229.044922	229.689453	C3	64	75	1	-3
1244	229.513672	229.859375	D5	64	96	0	5
1245	229.513672	229.718750	F3	64	83	1	-3
1246	229.513672	229.720703	A3	64	87	1	-4
1247	229.513672	229.777344	C4	64	87	0	1
1248	229.982422	230.490234	F5	64	87	0	3
1249	229.982422	230.312500	F2	64	88	1	-5
1250	230.451172	230.919922	A5	64	90	0	2
1251	230.451172	230.693359	D2	64	89	1	-3
1252	230.451172	230.845703	A3	64	82	1	-4
1253	230.451172	230.916016	D4	64	83	0	3
1254	230.451172	231.037109	F4	64	87	0	1
1255	230.919922	231.693359	D3	64	81	1	-1
1256	231.154297	231.388672	F5	64	88	0	3
1257	231.388672	231.787109	F5	64	88	0	3
1258	231.388672	231.671875	D4	64	88	0	3
1259	231.388672	231.775391	F4	64	92	0	1
1260	231.623047	231.806641	A3	64	88	1	-4
1261	231.857422	232.224609	C6	64	88	0	5
1262	231.857422	231.996094	D3	64	87	1	-1
1263	232.091797	232.244141	D4	64	87	0	3
1264	232.261719	234.791016	G2	64	85	1	-3
1265	232.326172	235.841797	A#5	64	88	0	3
1266	232.496094	234.740234	D3	64	78	1	-1
1267	232.736328	233.058594	G3	64	83	1	-1
1268	232.980469	233.222656	A3	64	87	1	-4
1269	233.199219	233.332031	A#3	64	88	1	-3
1270	233.466797	233.617188	D4	64	75	0	3
1271	233.716797	234.000000	G4	64	58	0	3
1272	233.955078	234.111328	A4	64	91	0	5
1273	234.181641	234.855469	A#4	64	88	0	1
1274	236.076172	236.613281	D5	64	89	0	5
1275	236.578125	236.960938	D#5	64	80	0	1
1276	237.003906	237.201172	G3	64	76	1	-1
1277	237.048828	237.494141	F5	64	85	0	3
1278	237.078125	237.296875	C2	64	70	1	-5
1279	237.099609	237.273438	C4	64	79	0	1
1280	237.179688	238.554688	D#4	64	75	0	4
1281	237.576172	237.994141	D#5	64	94	0	1
1282	238.115234	238.576172	D5	64	91	0	5
1283	238.613281	239.011719	C5	64	84	0	3
1284	239.134766	240.777344	F2	64	80	1	-5
1285	239.250000	241.634766	A#4	64	76	0	1
1286	239.339844	240.736328	C3	64	68	1	-3
1287	239.361328	241.402344	F3	64	61	1	-3
1288	239.462891	241.875000	A3	64	78	1	-4
1289	239.552734	241.908203	C4	64	69	0	1
1290	239.630859	241.943359	F4	64	78	0	1
1291	243.164062	243.810547	A4	64	84	0	5
1292	243.576172	245.312500	F3	64	71	1	-3
1293	243.576172	245.332031	A#3	64	74	1	-3
1294	243.576172	245.353516	A#2	64	79	1	-5
1295	243.726562	247.074219	A#4	64	82	0	1
1296	245.451172	247.082031	D#3	64	69	1	-5
1297	245.451172	247.156250	D#2	64	74	1	-2
1298	245.451172	247.162109	A#3	64	70	1	-3
1299	247.326172	249.003906	F3	64	64	1	-3
1300	247.326172	249.060547	A#3	64	71	1	-3
1301	247.326172	249.064453	A#2	64	75	1	-5
1302	249.201172	249.337891	A#3	64	53	1	-3
1303	249.201172	250.955078	D#2	64	73	1	-2
1304	249.201172	250.957031	D#3	64	75	1	-5
1305	251.076172	252.812500	F3	64	71	1	-3
1306	251.076172	252.832031	A#3	64	74	1	-3
1307	251.076172	252.853516	A#2	64	79	1	-5
1308	252.951172	254.582031	D#3	64	69	1	-5
1309	252.951172	254.656250	D#2	64	74	1	-2
1310	252.951172	254.662109	A#3	64	70	1	-3
1311	254.826172	256.503906	F3	64	64	1	-3
1312	254.826172	256.560547	A#3	64	71	1	-3
1313	254.826172	256.564453	A#2	64	75	1	-5
1314	256.701172	256.837891	A#3	64	53	1	-3
1315	256.701172	258.455078	D#2	64	73	1	-2
1316	256.701172	258.457031	D#3	64	75	1	-5
