//Version: PianoFingering_v170101
0	2.647056	5.738964	G#2	64	80	1	-2
1	3.088232	4.658083	D#3	64	56	1	-5
2	3.529408	4.014702	A#3	64	75	1	-3
3	3.970584	4.514701	C4	64	87	0	1
4	4.411760	4.748157	D#4	64	83	0	4
5	4.411760	4.830877	G#3	64	73	1	-5
6	4.852936	5.768376	D#3	64	48	1	-5
7	6.176464	6.871316	C4	64	75	0	1
8	6.176464	6.994478	G4	64	76	0	3
9	6.176464	8.974255	C3	64	82	1	-3
10	6.617640	7.273889	G3	64	74	1	-1
11	7.058816	7.786756	D#4	64	80	0	4
12	7.499992	8.766535	G3	64	60	1	-1
13	7.941168	8.735285	A#3	64	67	1	-3
14	7.941168	8.773888	D#4	64	69	0	4
15	9.705872	10.821680	G#4	64	76	0	4
16	9.705872	10.898885	F2	64	82	1	-5
17	10.147048	10.737121	C3	64	67	1	-3
18	10.588224	10.985282	F4	64	86	0	1
19	11.029400	11.352929	C4	64	83	0	1
20	11.470576	12.343737	G4	64	76	0	3
21	11.470576	12.485281	D#2	64	85	1	-2
22	11.911752	12.404399	A#2	64	69	1	-5
23	12.352928	12.560648	A#3	64	75	1	-3
24	12.352928	12.569840	D#4	64	84	0	4
25	13.235280	13.891529	C#4	64	72	0	2
26	13.235280	13.919103	F4	64	80	0	1
27	13.235280	15.966895	C#3	64	81	1	-2
28	13.676456	15.878660	G#3	64	77	1	-5
29	14.117632	14.545940	D#4	64	77	0	4
30	14.558808	14.832705	F4	64	81	0	1
31	16.764688	17.257335	F4	64	85	0	1
32	16.764688	17.270202	C#4	64	75	0	2
33	16.764688	17.305129	A#3	64	74	1	-3
34	16.764688	18.191157	A#2	64	85	1	-5
35	17.205864	18.060643	F3	64	75	1	-3
36	17.647040	17.954025	A#3	64	83	1	-3
37	17.647040	17.974246	C#4	64	83	0	2
38	18.529392	19.099244	G4	64	76	0	3
39	18.529392	19.117627	D#4	64	84	0	4
40	18.529392	19.810641	D#3	64	86	1	-5
41	18.970568	19.130494	A#3	64	59	1	-3
42	19.411744	19.553288	D#4	64	77	0	4
43	19.411744	19.615788	G4	64	76	0	3
44	19.852920	20.130493	C#3	64	84	1	-2
45	19.852920	20.272037	C#4	64	81	0	2
46	20.294096	20.579022	D#4	64	81	0	4
47	20.294096	20.694831	C4	64	79	0	1
48	20.294096	21.483433	C3	64	87	1	-3
49	20.735272	21.297771	G3	64	71	1	-1
50	21.176448	21.406227	C4	64	82	0	1
51	21.176448	21.470565	D#4	64	81	0	4
52	21.176448	21.522036	G4	64	78	0	3
53	22.058800	22.270197	C4	64	77	0	1
54	22.058800	22.297770	F4	64	85	0	1
55	22.058800	23.139681	F2	64	86	1	-5
56	22.499976	23.079020	C3	64	76	1	-3
57	22.941152	23.108431	F4	64	83	0	1
58	22.941152	23.189314	A4	64	76	0	5
59	23.823504	24.136004	F4	64	76	0	1
60	23.823504	24.200342	A#4	64	77	0	1
61	23.823504	25.463208	A#2	64	84	1	-5
62	24.264680	25.395194	F3	64	70	1	-3
63	24.705856	24.917253	A#3	64	73	1	-3
64	24.705856	24.920929	C#4	64	76	0	2
65	25.147032	25.351076	F4	64	80	0	1
66	25.588208	25.746296	A#3	64	71	1	-3
67	25.588208	26.113943	D#4	64	80	0	4
68	25.588208	26.963207	D#3	64	85	1	-5
69	26.029384	26.661736	A#3	64	75	1	-3
70	26.470560	26.577178	D#4	64	81	0	4
71	26.470560	26.608428	G4	64	89	0	3
72	26.911736	27.395191	C#4	64	73	0	2
73	27.352912	27.972397	G#3	64	71	1	-5
74	27.352912	28.011000	C4	64	78	0	1
75	27.352912	30.389673	G#2	64	79	1	-2
76	27.794088	28.373132	D#3	64	60	1	-5
77	28.235264	28.720558	C4	64	78	0	1
78	28.235264	29.176439	G#3	64	70	1	-5
79	28.676440	30.198497	D#3	64	56	1	-5
80	29.117616	29.534895	G#4	64	80	0	4
81	29.558792	30.067983	G#3	64	70	1	-5
82	29.573498	29.944821	C5	64	85	0	3
83	29.999968	30.141512	D#4	64	72	0	4
84	30.001806	30.415409	A#4	64	84	0	1
85	30.450335	30.849232	G#4	64	83	0	4
86	30.882320	31.334525	C4	64	78	0	1
87	30.882320	31.367614	G#3	64	73	1	-5
88	30.882320	33.753640	G#2	64	85	1	-2
89	30.885996	31.955848	C5	64	85	0	3
90	31.323496	32.821656	D#3	64	65	1	-5
91	31.764672	31.885995	C4	64	73	0	1
92	31.764672	31.902540	D#4	64	78	0	4
93	32.161730	32.547759	C5	64	86	0	3
94	32.626803	32.987097	A#4	64	87	0	1
95	32.647024	32.805112	G#3	64	66	1	-5
96	32.647024	32.862097	C4	64	73	0	1
97	33.064303	33.404376	G#4	64	85	0	4
98	33.088200	33.700332	D#3	64	58	1	-5
99	33.529376	33.722391	G#3	64	75	1	-5
100	33.529376	33.795920	C4	64	80	0	1
101	33.529376	33.871287	D#4	64	80	0	4
102	33.536729	33.893346	G4	64	86	0	3
103	33.992611	34.727904	G#4	64	83	0	4
104	34.411728	35.005477	C4	64	78	0	1
105	34.411728	35.009154	D#4	64	80	0	4
106	34.411728	37.268343	C3	64	80	1	-3
107	34.845551	36.095550	D#5	64	89	0	1
108	35.294080	35.498124	G4	64	71	0	3
109	35.294080	35.505477	D#4	64	76	0	4
110	35.735256	36.317976	G3	64	41	1	-1
111	36.176432	36.795917	D#4	64	78	0	4
112	36.617608	36.942975	D#5	64	89	0	1
113	36.617608	37.034887	G3	64	53	1	-1
114	37.058784	37.409887	D#5	64	88	0	1
115	37.058784	37.205843	C4	64	84	0	1
116	37.058784	37.450328	D#4	64	85	0	4
117	37.058784	37.490769	G4	64	80	0	3
118	37.499960	37.829004	G4	64	81	0	3
119	37.499960	38.218709	C4	64	81	0	1
120	37.941136	38.303268	A#4	64	81	0	1
121	37.941136	38.505474	F4	64	81	0	1
122	37.941136	39.422752	F2	64	87	1	-5
123	38.382312	38.994444	G#4	64	85	0	4
124	38.382312	38.670915	C4	64	76	0	1
125	38.823488	38.957679	F4	64	83	0	1
126	38.823488	38.961356	G#4	64	79	0	4
127	39.264664	39.621281	A#4	64	86	0	1
128	39.264664	39.518340	C4	64	80	0	1
129	39.705840	40.025693	C5	64	85	0	3
130	39.705840	39.906207	C4	64	69	0	1
131	39.705840	40.213192	F4	64	77	0	1
132	39.705840	40.981574	F2	64	70	1	-5
133	40.147016	40.485251	C5	64	86	0	3
134	40.147016	40.349222	C4	64	71	0	1
135	40.588192	40.941133	A#4	64	83	0	1
136	40.588192	40.705839	C4	64	81	0	1
137	40.588192	40.884148	F4	64	85	0	1
138	40.588192	40.898853	G#4	64	80	0	4
139	41.029368	41.676426	G#4	64	85	0	4
140	41.470544	41.595544	D#2	64	81	1	-2
141	41.470544	41.882308	D#4	64	79	0	4
142	41.470544	42.121279	G4	64	81	0	3
143	41.911720	43.330836	G4	64	85	0	3
144	41.911720	43.906203	D#3	64	84	1	-5
145	42.352896	44.345541	A#3	64	86	1	-3
146	42.794072	43.121278	F4	64	85	0	1
147	43.235248	43.819806	G4	64	77	0	3
148	43.235248	43.832674	D#4	64	72	0	4
149	43.676424	44.040394	G#4	64	82	0	4
150	44.117600	44.525688	D#5	64	91	0	1
151	44.117600	44.566129	G3	64	83	1	-1
152	44.558776	44.897011	C5	64	84	0	3
153	44.558776	44.742599	D#4	64	85	0	4
154	44.999952	46.124951	C#5	64	80	0	4
155	44.999952	45.251790	G#3	64	74	1	-5
156	44.999952	45.654363	C#4	64	75	0	2
157	44.999952	47.854728	C#3	64	87	1	-2
158	45.441128	45.645172	G#3	64	68	1	-5
159	45.882304	45.920907	G#3	64	60	1	-5
160	45.882304	46.060613	C#4	64	81	0	2
161	45.882304	46.077157	F4	64	85	0	1
162	46.323480	46.696641	C#5	64	85	0	4
163	46.764656	47.108406	D#5	64	87	0	1
164	46.764656	46.931935	C#4	64	68	0	2
165	46.764656	47.078994	F4	64	80	0	1
166	47.205832	47.606567	C#5	64	82	0	4
167	47.647008	48.031199	C5	64	85	0	3
168	47.647008	47.772008	G#3	64	79	1	-5
169	47.647008	47.878625	C#4	64	82	0	2
170	47.647008	48.209507	F4	64	86	0	1
171	48.088184	48.485242	A#4	64	85	0	1
172	48.088184	48.681933	G#3	64	77	1	-5
173	48.529360	49.553256	C#5	64	82	0	4
174	48.529360	48.650683	C#2	64	74	1	-4
175	48.529360	48.869433	E4	64	74	0	5
176	48.529360	48.898845	C#4	64	74	0	2
177	49.411712	49.476050	G#3	64	63	1	-5
178	49.411712	49.647006	E4	64	76	0	5
179	49.411712	49.680094	C#4	64	76	0	2
180	49.852888	50.203991	C#5	64	85	0	4
181	49.852888	51.362078	C#3	64	72	1	-2
182	50.294064	50.634137	D#5	64	85	0	1
183	50.294064	50.518328	E4	64	76	0	5
184	50.294064	50.610240	G#4	64	73	0	4
185	50.294064	50.623108	C#4	64	76	0	2
186	50.735240	51.099210	C#5	64	85	0	4
187	50.735240	50.935607	G#3	64	64	1	-5
188	51.176416	51.562445	C5	64	86	0	3
189	51.176416	51.360239	C#4	64	86	0	2
190	51.176416	51.417225	G#3	64	83	1	-5
191	51.176416	51.420901	E4	64	86	0	5
192	51.617592	51.974209	A#4	64	85	0	1
193	51.617592	51.869430	C4	64	86	0	1
194	51.838180	52.044062	C#4	64	86	0	2
195	52.058768	53.007296	C#5	64	85	0	4
196	52.058768	52.595532	A#3	64	79	1	-3
197	52.058768	55.016485	A#2	64	85	1	-5
198	52.499944	54.898839	F3	64	67	1	-3
199	52.941120	53.093693	C#4	64	76	0	2
200	52.941120	53.106561	F4	64	85	0	1
201	52.941120	53.108399	A#3	64	77	1	-3
202	53.823472	54.167222	D#5	64	89	0	1
203	53.823472	54.012810	C#4	64	69	0	2
204	53.823472	54.192957	F4	64	79	0	1
205	54.264648	54.630456	C#5	64	81	0	4
206	54.705824	55.227882	C5	64	85	0	3
207	54.705824	54.900677	A#3	64	85	1	-3
208	54.705824	54.935603	C#4	64	86	0	2
209	54.705824	55.086338	F4	64	87	0	1
210	55.147000	55.433764	A#3	64	71	1	-3
211	55.588176	55.953984	G#4	64	85	0	4
212	55.588176	55.692955	D#2	64	86	1	-2
213	55.588176	55.827146	A#3	64	78	1	-3
214	55.588176	55.854720	D#4	64	81	0	4
215	55.588176	55.983396	G4	64	78	0	3
216	56.029352	57.389645	A#4	64	79	0	1
217	56.029352	57.180086	D#3	64	79	1	-5
218	56.470528	57.159866	A#3	64	89	1	-3
219	56.911704	57.218689	D#4	64	82	0	4
220	57.352880	57.571630	D#4	64	79	0	4
221	57.352880	57.790380	D#5	64	86	0	1
222	57.352880	57.856556	G4	64	85	0	3
223	57.352880	57.865747	A#4	64	85	0	1
224	57.352880	59.071628	A#3	64	80	1	-3
225	57.352880	59.090011	D#3	64	87	1	-5
226	57.808762	58.180085	C5	64	85	0	3
227	58.235232	59.069790	D#4	64	83	0	4
228	58.235232	59.069790	G4	64	80	0	3
229	58.237070	58.650673	A#4	64	84	0	1
230	58.676408	59.053246	G3	64	84	1	-1
231	58.685599	59.084496	G#4	64	83	0	4
232	59.117584	59.753613	D#4	64	82	0	4
233	59.117584	59.768319	G#3	64	78	1	-5
234	59.117584	61.968684	G#2	64	85	1	-2
235	59.121260	60.191112	C5	64	85	0	3
236	59.558760	60.172730	D#3	64	69	1	-5
237	59.999936	60.768318	C4	64	82	0	1
238	59.999936	60.996258	G#3	64	85	1	-5
239	60.396994	60.783023	C5	64	86	0	3
240	60.441112	61.158023	D#3	64	70	1	-5
241	60.862067	61.222361	A#4	64	87	0	1
242	60.882288	61.612067	C4	64	79	0	1
243	60.882288	61.624934	D#4	64	78	0	4
244	61.299567	61.639640	G#4	64	85	0	4
245	61.323464	61.889640	D#3	64	72	1	-5
246	61.764640	62.132287	C4	64	86	0	1
247	61.764640	62.158022	D#4	64	86	0	4
248	61.771993	62.128610	G4	64	86	0	3
249	62.205816	62.347360	G#2	64	85	1	-2
250	62.227875	62.963168	G#4	64	83	0	4
251	62.646992	63.246256	C4	64	79	0	1
252	62.646992	63.453976	D#4	64	82	0	4
253	62.646992	65.621254	C3	64	83	1	-3
254	63.080815	64.330814	D#5	64	89	0	1
255	63.088168	63.749932	G3	64	63	1	-1
256	63.529344	63.619417	D#4	64	50	0	4
257	63.529344	64.220520	G4	64	89	0	3
258	63.970520	64.510961	G3	64	68	1	-1
259	64.411696	64.781181	G4	64	73	0	3
260	64.411696	64.911695	D#4	64	82	0	4
261	64.411696	64.930078	C4	64	76	0	1
262	64.852872	65.178239	D#5	64	89	0	1
263	64.852872	65.472357	G3	64	70	1	-1
264	65.294048	65.645151	D#5	64	88	0	1
265	65.294048	65.560592	C4	64	86	0	1
266	65.294048	65.786695	D#4	64	86	0	4
267	65.735224	66.064268	G4	64	81	0	3
268	65.735224	65.950297	C3	64	86	1	-3
269	66.176400	66.538532	A#4	64	81	0	1
270	66.176400	66.373091	C4	64	79	0	1
271	66.176400	66.786693	F4	64	83	0	1
272	66.176400	66.909855	F2	64	86	1	-5
273	66.617576	67.229708	G#4	64	85	0	4
274	66.617576	67.113899	C4	64	73	0	1
275	67.058752	67.215002	F4	64	85	0	1
276	67.058752	67.260958	G#4	64	82	0	4
277	67.499928	67.856545	A#4	64	86	0	1
278	67.499928	68.045883	C4	64	73	0	1
279	67.941104	68.260957	C5	64	85	0	3
280	67.941104	68.569780	G#4	64	75	0	4
281	67.941104	68.584486	F4	64	78	0	1
282	67.941104	69.238897	F3	64	81	1	-3
283	68.382280	68.720515	C5	64	86	0	3
284	68.382280	68.601030	C4	64	72	0	1
285	68.823456	69.176397	A#4	64	83	0	1
286	68.823456	68.977868	C4	64	85	0	1
287	68.823456	69.257279	F4	64	86	0	1
288	68.823456	69.306911	G#4	64	79	0	4
289	69.264632	69.911690	G#4	64	85	0	4
290	69.264632	69.490735	C4	64	78	0	1
291	69.705808	70.209484	D#4	64	78	0	4
292	69.705808	70.213160	C4	64	79	0	1
293	69.705808	70.240734	G4	64	78	0	3
294	69.705808	72.792202	C3	64	85	1	-3
295	70.146984	71.566100	G4	64	85	0	3
296	70.146984	70.731542	G3	64	71	1	-1
297	70.588160	71.244409	C4	64	84	0	1
298	70.588160	71.259115	G4	64	82	0	3
299	71.029336	71.602865	G3	64	65	1	-1
300	71.470512	71.893306	D#4	64	84	0	4
301	71.470512	71.919041	C4	64	81	0	1
302	71.911688	72.275658	G#4	64	82	0	4
303	71.911688	72.446614	G3	64	50	1	-1
304	72.352864	72.760952	D#5	64	91	0	1
305	72.352864	72.591834	C4	64	86	0	1
306	72.352864	72.794040	G4	64	85	0	3
307	72.352864	72.830805	D#4	64	85	0	4
308	72.794040	73.132275	C5	64	84	0	3
309	72.794040	73.244407	C4	64	88	0	1
310	73.235216	74.360215	C#5	64	80	0	4
311	73.235216	73.476025	G#3	64	77	1	-5
312	73.235216	73.924554	F4	64	79	0	1
313	73.235216	76.101022	C#3	64	87	1	-2
314	73.676392	73.913524	G#3	64	77	1	-5
315	74.117568	74.284847	G#3	64	84	1	-5
316	74.117568	74.562420	C#4	64	81	0	2
317	74.558744	74.931905	C#5	64	85	0	4
318	74.999920	75.343670	D#5	64	87	0	1
319	74.999920	75.203964	G#3	64	81	1	-5
320	74.999920	75.654331	F4	64	85	0	1
321	75.441096	75.841831	C#5	64	82	0	4
322	75.441096	75.645140	G#3	64	65	1	-5
323	75.882272	76.266463	C5	64	85	0	3
324	75.882272	76.036684	G#3	64	83	1	-5
325	75.882272	76.145139	C#4	64	85	0	2
326	75.882272	76.294036	F4	64	86	0	1
327	76.323448	76.720506	A#4	64	85	0	1
328	76.323448	76.413521	C#4	64	60	0	2
329	76.323448	76.496242	G#3	64	86	1	-5
330	76.764624	77.788520	C#5	64	82	0	4
331	76.764624	77.211315	C#4	64	84	0	2
332	76.764624	77.229697	A#3	64	84	1	-3
333	76.764624	78.415358	A#2	64	85	1	-5
334	77.205800	77.729697	F3	64	73	1	-3
335	77.646976	77.851020	C#4	64	86	0	2
336	77.646976	77.884108	A#3	64	83	1	-3
337	77.867564	78.382269	F3	64	80	1	-3
338	78.088152	78.439255	C#5	64	85	0	4
339	78.088152	78.378593	C4	64	84	0	1
340	78.308740	78.481534	C#4	64	80	0	2
341	78.529328	78.869401	D#5	64	85	0	1
342	78.529328	78.924548	A#3	64	72	1	-3
343	78.529328	78.957636	F4	64	80	0	1
344	78.529328	79.619400	A#2	64	78	1	-5
345	78.970504	79.334474	C#5	64	85	0	4
346	78.970504	79.490724	F3	64	74	1	-3
347	79.411680	79.797709	C5	64	86	0	3
348	79.411680	79.588150	A#3	64	80	1	-3
349	79.411680	79.661680	C#4	64	85	0	2
350	79.411680	79.691091	F4	64	86	0	1
351	79.852856	80.209473	A#4	64	85	0	1
352	79.852856	80.128591	A#3	64	73	1	-3
353	80.294032	81.242560	C#5	64	85	0	4
354	80.294032	80.887781	C#4	64	78	0	2
355	80.294032	80.941090	A#3	64	78	1	-3
356	80.294032	81.909839	A#2	64	86	1	-5
357	80.735208	81.376751	F3	64	72	1	-3
358	81.176384	81.551384	C#4	64	84	0	2
359	81.176384	81.558737	F4	64	85	0	1
360	81.176384	81.578957	A#3	64	79	1	-3
361	81.617560	81.990721	C#5	64	87	0	4
362	81.617560	81.985207	F3	64	73	1	-3
363	82.058736	82.398809	D#5	64	86	0	1
364	82.058736	82.608368	C#4	64	78	0	2
365	82.058736	82.621235	F4	64	84	0	1
366	82.058736	82.635941	A#3	64	74	1	-3
367	82.058736	83.174544	A#2	64	85	1	-5
368	82.499912	82.876750	C#5	64	86	0	4
369	82.499912	83.141455	F3	64	74	1	-3
370	82.941088	83.259102	C5	64	86	0	3
371	82.941088	83.163514	A#3	64	80	1	-3
372	82.941088	83.203955	C#4	64	86	0	2
373	82.941088	83.242558	F4	64	88	0	1
374	82.941088	83.323441	A#4	64	84	0	1
375	83.382264	84.112043	C#5	64	87	0	4
376	83.382264	83.705793	A#3	64	87	1	-3
377	83.823440	83.942925	D#2	64	86	1	-2
378	83.823440	84.150646	A#3	64	81	1	-3
379	83.823440	84.273807	D#4	64	85	0	4
380	84.264616	85.676379	D#5	64	81	0	1
381	84.264616	85.406159	D#3	64	84	1	-5
382	84.705792	85.396968	A#3	64	86	1	-3
383	85.146968	85.459468	D#4	64	91	0	4
384	85.588144	86.101011	A#3	64	80	1	-3
385	85.588144	86.157996	D#4	64	84	0	4
386	85.588144	86.282996	A#4	64	85	0	1
387	85.588144	86.290349	G4	64	86	0	3
388	85.588144	87.299539	D#3	64	89	1	-5
389	86.029320	86.393290	D#5	64	96	0	1
390	86.249908	86.555055	A#3	64	77	1	-3
391	86.470496	86.795863	F5	64	87	0	3
392	86.470496	86.742555	D#4	64	85	0	4
393	86.470496	86.801378	G4	64	80	0	3
394	86.470496	86.985201	A#4	64	82	0	1
395	86.470496	87.268289	D#5	64	89	0	1
396	86.691084	87.303216	A#3	64	85	1	-3
397	86.911672	87.220495	G5	64	85	0	5
398	86.911672	87.292186	D#4	64	81	0	4
399	87.352848	87.729686	G#5	64	85	0	1
400	87.352848	87.828950	G#4	64	85	0	4
401	87.352848	88.990714	G#2	64	85	1	-2
402	87.573436	87.909833	G#3	64	82	1	-5
403	87.794024	87.919024	D#5	64	87	0	1
404	87.794024	88.080788	D#4	64	81	0	4
405	87.794024	88.229685	D#3	64	31	1	-5
406	88.014612	89.264611	D#5	64	86	0	1
407	88.014612	88.680052	G#4	64	85	0	4
408	88.235200	88.977846	D#3	64	76	1	-5
409	88.455788	88.896964	G#3	64	81	1	-5
410	88.676376	89.014611	D#4	64	82	0	4
411	88.896964	89.078949	G#4	64	80	0	4
412	89.117552	89.602846	G#3	64	85	1	-5
413	89.117552	89.825272	D#4	64	86	0	4
414	89.117552	89.858360	G#4	64	79	0	4
415	89.117552	90.279315	G#2	64	85	1	-2
416	89.558728	89.941081	C6	64	86	0	5
417	89.558728	90.086301	D#3	64	76	1	-5
418	89.779316	89.931889	G#3	64	75	1	-5
419	89.999904	90.317918	A#5	64	85	0	3
420	89.999904	90.226007	G#3	64	78	1	-5
421	89.999904	90.295860	C4	64	86	0	1
422	89.999904	90.336301	D#4	64	87	0	4
423	89.999904	90.573433	G#4	64	85	0	4
424	90.220492	90.319757	D#3	64	84	1	-5
425	90.441080	90.764609	G#5	64	85	0	1
426	90.441080	90.555050	G#3	64	85	1	-5
427	90.882256	91.608358	A#5	64	84	0	3
428	90.882256	91.134094	C4	64	81	0	1
429	90.882256	91.441079	G4	64	84	0	3
430	90.882256	92.514607	C3	64	85	1	-3
431	91.102844	91.566079	G3	64	68	1	-1
432	91.323432	91.801373	C4	64	80	0	1
433	91.544020	92.005417	D#4	64	85	0	4
434	91.764608	92.727842	D#5	64	86	0	1
435	91.764608	92.501740	G3	64	71	1	-1
436	91.985196	92.514607	G4	64	85	0	3
437	92.205784	92.939239	C4	64	83	0	1
438	92.426372	93.080783	D#4	64	80	0	4
439	92.646960	93.928209	C3	64	86	1	-3
440	92.867548	93.417180	G3	64	77	1	-1
441	93.088136	93.468650	C5	64	87	0	3
442	93.088136	93.545856	C4	64	78	0	1
443	93.308724	93.599165	D#4	64	82	0	4
444	93.529312	93.895120	A#5	64	86	0	3
445	93.529312	93.821591	G3	64	77	1	-1
446	93.749900	93.860194	C4	64	80	0	1
447	93.749900	94.009091	D#4	64	84	0	4
448	93.749900	94.159826	G4	64	79	0	3
449	93.970488	94.282988	G5	64	85	0	5
450	93.970488	94.433723	C4	64	78	0	1
451	94.191076	94.452105	D#4	64	78	0	4
452	94.411664	94.766443	G#5	64	84	0	1
453	94.411664	95.145119	G#4	64	82	0	4
454	94.411664	96.031148	F2	64	84	1	-5
455	94.852840	94.999899	G5	64	86	0	5
456	94.852840	95.959456	C3	64	80	1	-3
457	95.073428	95.659824	G#5	64	90	0	1
458	95.073428	95.516442	C4	64	85	0	1
459	95.294016	95.564236	F4	64	86	0	1
460	95.514604	96.099162	G#4	64	85	0	4
461	95.735192	96.112030	C6	64	86	0	5
462	95.735192	96.069750	C4	64	85	0	1
463	95.955780	96.099162	F4	64	80	0	1
464	96.176368	96.488868	G5	64	85	0	5
465	96.176368	96.680044	D#4	64	81	0	4
466	96.176368	97.382249	D#2	64	87	1	-2
467	96.617544	96.777470	F5	64	85	0	3
468	96.617544	97.167176	A#3	64	78	1	-3
469	96.838132	97.656146	G5	64	87	0	5
470	96.838132	97.317911	D#4	64	82	0	4
471	97.058720	97.428205	A#2	64	80	1	-5
472	97.279308	97.667175	G4	64	89	0	3
473	97.499896	97.790337	D#4	64	80	0	4
474	97.720484	97.977837	D#5	64	87	0	1
475	97.720484	97.805043	A#3	64	72	1	-3
476	97.941072	99.694747	F5	64	86	0	3
477	97.941072	98.415336	C#4	64	78	0	2
478	97.941072	98.435557	F4	64	85	0	1
479	97.941072	99.321585	C#3	64	88	1	-2
480	98.382248	98.646954	G#3	64	72	1	-5
481	98.602836	99.178203	G#4	64	86	0	4
482	98.823424	99.555041	G#3	64	72	1	-5
483	99.044012	99.534820	C#4	64	84	0	2
484	99.264600	99.518276	F4	64	81	0	1
485	99.485188	99.599158	G#4	64	72	0	4
486	99.705776	100.321584	C#4	64	81	0	2
487	99.705776	100.345481	G#4	64	79	0	4
488	99.705776	100.898789	C#3	64	87	1	-2
489	100.146952	100.464966	D#5	64	86	0	1
490	100.146952	100.685554	G#3	64	76	1	-5
491	100.588128	100.922686	C#5	64	84	0	4
492	100.588128	100.816069	F4	64	87	0	1
493	100.588128	100.885922	C#4	64	86	0	2
494	100.808716	100.928201	G#3	64	81	1	-5
495	101.029304	101.387760	C5	64	87	0	3
496	101.029304	101.305039	C4	64	68	0	1
497	101.470480	102.194744	C#5	64	87	0	4
498	101.470480	101.692906	A#3	64	78	1	-3
499	101.470480	101.770112	C#4	64	80	0	2
500	101.470480	102.718640	A#2	64	88	1	-5
501	101.691068	102.654302	F3	64	81	1	-3
502	101.911656	102.189229	A#3	64	82	1	-3
503	102.132244	102.387758	C#4	64	89	0	2
504	102.352832	102.939228	C6	64	87	0	5
505	102.573420	102.766435	F4	64	91	0	1
506	102.794008	103.075258	C#4	64	87	0	2
507	103.014596	103.659816	A#5	64	87	0	3
508	103.014596	103.172684	A#3	64	83	1	-3
509	103.235184	103.332610	D#2	64	88	1	-2
510	103.235184	103.553198	A#3	64	81	1	-3
511	103.235184	103.626728	D#4	64	85	0	4
512	103.676360	104.053198	A#5	64	87	0	3
513	103.676360	104.253565	D#3	64	84	1	-5
514	103.896948	104.259080	G3	64	85	1	-1
515	104.117536	104.430036	C6	64	86	0	5
516	104.117536	104.339962	A#3	64	86	1	-3
517	104.338124	104.600991	D#4	64	89	0	4
518	104.558712	104.904300	C#6	64	86	0	1
519	104.558712	104.812388	G4	64	87	0	3
520	104.779300	104.880403	D#4	64	80	0	4
521	104.999888	106.345475	D#6	64	86	0	3
522	104.999888	105.260917	C4	64	85	0	1
523	104.999888	105.299520	D#4	64	80	0	4
524	104.999888	105.492535	G4	64	79	0	3
525	104.999888	106.262754	C3	64	86	1	-3
526	105.220476	105.749887	G3	64	86	1	-1
527	105.441064	105.564226	C4	64	85	0	1
528	105.661652	105.948416	C4	64	87	0	1
529	105.661652	106.029299	D#4	64	87	0	4
530	105.661652	106.220475	G4	64	85	0	3
531	105.882240	106.132240	G3	64	85	1	-1
532	106.102828	106.389592	C4	64	86	0	1
533	106.323416	106.790327	C#6	64	86	0	1
534	106.323416	106.648783	D#4	64	86	0	4
535	106.544004	106.845474	C4	64	79	0	1
536	106.764592	107.755400	C6	64	85	0	5
537	106.764592	106.878562	F2	64	88	1	-5
538	106.764592	107.316062	F4	64	87	0	1
539	107.205768	107.974150	F3	64	76	1	-3
540	107.426356	107.724150	A3	64	86	1	-4
541	107.646944	107.933708	C4	64	86	0	1
542	107.867532	108.150620	F4	64	99	0	1
543	108.088120	108.218635	A#5	64	89	0	3
544	108.088120	108.334443	A4	64	85	0	5
545	108.308708	108.461281	G#5	64	86	0	1
546	108.308708	108.450252	F4	64	81	0	1
547	108.529296	108.935546	C#6	64	89	0	1
548	108.529296	109.088119	F4	64	83	0	1
549	108.529296	109.172678	A#4	64	81	0	1
550	108.529296	110.143265	A#2	64	82	1	-5
551	108.970472	109.354663	C6	64	86	0	5
552	108.970472	110.165324	F3	64	75	1	-3
553	109.411648	109.828927	A#5	64	87	0	3
554	109.411648	109.608339	F4	64	87	0	1
555	109.411648	109.942897	C#5	64	87	0	4
556	109.411648	110.152456	A#4	64	87	0	1
557	109.852824	110.150618	G#5	64	86	0	1
558	109.852824	110.146941	F4	64	79	0	1
559	110.294000	110.746205	G#5	64	85	0	1
560	110.294000	110.874882	D4	64	82	0	3
561	110.294000	110.944735	A#4	64	81	0	1
562	110.294000	111.577087	A#2	64	83	1	-5
563	110.735176	111.134073	F5	64	86	0	3
564	110.735176	111.453925	F3	64	85	1	-3
565	111.176352	111.540322	G5	64	82	0	5
566	111.176352	111.371205	F4	64	88	0	1
567	111.176352	111.597307	D5	64	86	0	5
568	111.176352	111.612013	A#4	64	86	0	1
569	111.617528	111.882234	G#5	64	85	0	1
570	111.617528	111.740690	F4	64	77	0	1
571	112.058704	113.922673	A#5	64	86	0	3
572	112.058704	112.198410	D#2	64	86	1	-2
573	112.058704	112.336277	D#4	64	78	0	4
574	112.058704	112.365689	G4	64	85	0	3
575	112.058704	112.376718	A#4	64	87	0	1
576	112.499880	112.808703	G4	64	74	0	3
577	112.499880	112.816056	A#4	64	81	0	1
578	112.499880	112.821571	D#4	64	80	0	4
579	112.499880	113.453923	D#3	64	86	1	-5
580	112.941056	113.270100	A#4	64	89	0	1
581	112.941056	113.281129	D#4	64	87	0	4
582	112.941056	113.286644	G4	64	88	0	3
583	113.382232	113.483335	A#3	64	78	1	-3
584	113.602820	113.709438	D#4	64	85	0	4
585	113.823408	113.953923	D#2	64	88	1	-2
586	113.823408	114.150614	D#4	64	80	0	4
587	113.823408	114.159805	D#5	64	89	0	1
588	113.823408	114.170834	G4	64	81	0	3
589	114.264584	114.628554	D#5	64	96	0	1
590	114.264584	114.577084	D#4	64	87	0	4
591	114.264584	114.593628	G4	64	84	0	3
592	114.264584	114.612010	D#5	64	88	0	1
593	114.264584	115.555024	D#3	64	86	1	-5
594	114.705760	115.031127	F5	64	87	0	3
595	114.705760	114.850980	F4	64	87	0	1
596	114.705760	114.862010	F5	64	88	0	3
597	114.705760	115.505392	A#3	64	77	1	-3
598	115.146936	115.455759	G5	64	85	0	5
599	115.146936	115.312377	G4	64	85	0	3
600	115.588112	115.964950	G#5	64	85	0	1
601	115.588112	116.064214	G#4	64	85	0	4
602	115.588112	117.225978	G#2	64	85	1	-2
603	115.808700	116.145097	G#3	64	82	1	-5
604	116.029288	116.154288	D#5	64	87	0	1
605	116.029288	116.316052	D#4	64	81	0	4
606	116.029288	116.464949	D#3	64	31	1	-5
607	116.249876	117.499875	D#5	64	86	0	1
608	116.249876	116.915316	G#4	64	85	0	4
609	116.470464	117.213110	D#3	64	76	1	-5
610	116.691052	117.132228	G#3	64	81	1	-5
611	116.911640	117.249875	D#4	64	82	0	4
612	117.132228	117.314213	G#4	64	80	0	4
613	117.352816	117.838110	G#3	64	85	1	-5
614	117.352816	118.060536	D#4	64	86	0	4
615	117.352816	118.093624	G#4	64	79	0	4
616	117.352816	118.514579	G#2	64	85	1	-2
617	117.793992	118.176345	C6	64	86	0	5
618	117.793992	118.321565	D#3	64	76	1	-5
619	118.014580	118.167153	G#3	64	75	1	-5
620	118.235168	118.553182	A#5	64	85	0	3
621	118.235168	118.461271	G#3	64	78	1	-5
622	118.235168	118.531124	C4	64	86	0	1
623	118.235168	118.571565	D#4	64	87	0	4
624	118.235168	118.808697	G#4	64	85	0	4
625	118.455756	118.555021	D#3	64	84	1	-5
626	118.676344	118.999873	G#5	64	85	0	1
627	118.676344	118.790314	G#3	64	85	1	-5
628	119.117520	119.843622	A#5	64	84	0	3
629	119.117520	119.369358	C4	64	81	0	1
630	119.117520	119.676343	G4	64	84	0	3
631	119.117520	120.749871	C3	64	85	1	-3
632	119.338108	119.801343	G3	64	68	1	-1
633	119.558696	120.036637	C4	64	80	0	1
634	119.779284	120.240681	D#4	64	85	0	4
635	119.999872	120.963106	D#5	64	86	0	1
636	119.999872	120.737004	G3	64	71	1	-1
637	120.220460	120.749871	G4	64	85	0	3
638	120.441048	121.174503	C4	64	83	0	1
639	120.661636	121.316047	D#4	64	80	0	4
640	120.882224	122.163473	C3	64	86	1	-3
641	121.102812	121.652444	G3	64	77	1	-1
642	121.323400	121.703914	C5	64	87	0	3
643	121.323400	121.781120	C4	64	78	0	1
644	121.543988	121.834429	D#4	64	82	0	4
645	121.764576	122.130384	A#5	64	86	0	3
646	121.764576	122.056855	G3	64	77	1	-1
647	121.985164	122.095458	C4	64	80	0	1
648	121.985164	122.244355	D#4	64	84	0	4
649	121.985164	122.395090	G4	64	79	0	3
650	122.205752	122.518252	G5	64	85	0	5
651	122.205752	122.668987	C4	64	78	0	1
652	122.426340	122.687369	D#4	64	78	0	4
653	122.646928	123.001707	G#5	64	84	0	1
654	122.646928	123.380383	G#4	64	82	0	4
655	122.646928	124.266412	F2	64	84	1	-5
656	123.088104	123.235163	G5	64	86	0	5
657	123.088104	124.194720	C3	64	80	1	-3
658	123.308692	123.895088	G#5	64	90	0	1
659	123.308692	123.751706	C4	64	85	0	1
660	123.529280	123.799500	F4	64	86	0	1
661	123.749868	124.334426	G#4	64	85	0	4
662	123.970456	124.347294	C6	64	86	0	5
663	123.970456	124.305014	C4	64	85	0	1
664	124.191044	124.334426	F4	64	80	0	1
665	124.411632	124.724132	G5	64	85	0	5
666	124.411632	124.915308	D#4	64	81	0	4
667	124.411632	125.617513	D#2	64	87	1	-2
668	124.852808	125.012734	F5	64	85	0	3
669	124.852808	125.402440	A#3	64	78	1	-3
670	125.073396	125.891410	G5	64	87	0	5
671	125.073396	125.553175	D#4	64	82	0	4
672	125.293984	125.663469	A#2	64	80	1	-5
673	125.514572	125.902439	G4	64	89	0	3
674	125.735160	126.025601	D#4	64	80	0	4
675	125.955748	126.213101	D#5	64	87	0	1
676	125.955748	126.040307	A#3	64	72	1	-3
677	126.176336	127.930011	F5	64	86	0	3
678	126.176336	126.650600	C#4	64	78	0	2
679	126.176336	126.670821	F4	64	85	0	1
680	126.176336	127.556849	C#3	64	88	1	-2
681	126.617512	126.882218	G#3	64	72	1	-5
682	126.838100	127.413467	G#4	64	86	0	4
683	127.058688	127.790305	G#3	64	72	1	-5
684	127.279276	127.770084	C#4	64	84	0	2
685	127.499864	127.753540	F4	64	81	0	1
686	127.720452	127.834422	G#4	64	72	0	4
687	127.941040	128.556848	C#4	64	81	0	2
688	127.941040	128.580745	G#4	64	79	0	4
689	127.941040	129.134053	C#3	64	87	1	-2
690	128.382216	128.700230	D#5	64	86	0	1
691	128.382216	128.920818	G#3	64	76	1	-5
692	128.823392	129.157950	C#5	64	84	0	4
693	128.823392	129.051333	F4	64	87	0	1
694	128.823392	129.121186	C#4	64	86	0	2
695	129.043980	129.163465	G#3	64	81	1	-5
696	129.264568	129.623024	C5	64	87	0	3
697	129.264568	129.540303	C4	64	68	0	1
698	129.705744	130.430008	C#5	64	87	0	4
699	129.705744	129.928170	A#3	64	78	1	-3
700	129.705744	130.005376	C#4	64	80	0	2
701	129.705744	130.953904	A#2	64	88	1	-5
702	129.926332	130.889566	F3	64	81	1	-3
703	130.146920	130.424493	A#3	64	82	1	-3
704	130.367508	130.623022	C#4	64	89	0	2
705	130.588096	131.174492	C6	64	87	0	5
706	130.808684	131.001699	F4	64	91	0	1
707	131.029272	131.310522	C#4	64	87	0	2
708	131.249860	131.895080	A#5	64	87	0	3
709	131.249860	131.407948	A#3	64	83	1	-3
710	131.470448	131.567874	D#2	64	88	1	-2
711	131.470448	131.788462	A#3	64	81	1	-3
712	131.470448	131.861992	D#4	64	85	0	4
713	131.911624	132.288462	A#5	64	87	0	3
714	131.911624	132.488829	D#3	64	84	1	-5
715	132.132212	132.494344	G3	64	85	1	-1
716	132.352800	132.665300	C6	64	86	0	5
717	132.352800	132.575226	A#3	64	86	1	-3
718	132.573388	132.836255	D#4	64	89	0	4
719	132.793976	133.139564	C#6	64	86	0	1
720	132.793976	133.047652	G4	64	87	0	3
721	133.014564	133.115667	D#4	64	80	0	4
722	133.235152	134.580739	D#6	64	86	0	3
723	133.235152	133.496181	C4	64	85	0	1
724	133.235152	133.534784	D#4	64	80	0	4
725	133.235152	133.727799	G4	64	79	0	3
726	133.235152	134.498018	C3	64	86	1	-3
727	133.455740	133.985151	G3	64	86	1	-1
728	133.676328	133.799490	C4	64	85	0	1
729	133.896916	134.183680	C4	64	87	0	1
730	133.896916	134.264563	D#4	64	87	0	4
731	133.896916	134.455739	G4	64	85	0	3
732	134.117504	134.367504	G3	64	85	1	-1
733	134.338092	134.624856	C4	64	86	0	1
734	134.558680	135.025591	C#6	64	86	0	1
735	134.558680	134.884047	D#4	64	86	0	4
736	134.779268	135.080738	C4	64	79	0	1
737	134.999856	135.990664	C6	64	85	0	5
738	134.999856	135.113826	F2	64	88	1	-5
739	134.999856	135.551326	F4	64	87	0	1
740	135.441032	136.209414	F3	64	76	1	-3
741	135.661620	135.959414	A3	64	86	1	-4
742	135.882208	136.168972	C4	64	86	0	1
743	136.102796	136.385884	F4	64	99	0	1
744	136.323384	136.453899	A#5	64	89	0	3
745	136.323384	136.569707	A4	64	85	0	5
746	136.543972	136.696545	G#5	64	86	0	1
747	136.543972	136.685516	F4	64	81	0	1
748	136.764560	137.170810	C#6	64	89	0	1
749	136.764560	137.779265	A#3	64	77	1	-3
750	136.764560	137.801324	C#4	64	81	0	2
751	136.764560	137.924485	A#2	64	86	1	-5
752	137.205736	137.589927	C6	64	86	0	5
753	137.205736	137.751691	F4	64	85	0	1
754	137.646912	137.867500	A#5	64	87	0	3
755	137.646912	138.687352	A#4	64	87	0	1
756	137.867500	138.308676	G#5	64	86	0	1
757	138.088088	138.749852	A#3	64	79	1	-3
758	138.529264	139.132205	D#4	64	80	0	4
759	138.529264	139.545807	D#2	64	86	1	-2
760	138.749852	139.121175	C6	64	86	0	5
761	138.970440	139.628528	A#3	64	72	1	-3
762	139.191028	139.575219	A#5	64	85	0	3
763	139.411616	140.656100	D#4	64	78	0	4
764	139.411616	140.676321	G4	64	75	0	3
765	139.632204	140.793967	G#5	64	82	0	1
766	140.735144	141.165291	G5	64	87	0	5
767	141.176320	143.744332	G#5	64	86	0	1
768	142.058672	143.733303	F2	64	86	1	-5
769	142.279260	143.696538	C3	64	72	1	-3
770	142.499848	143.262715	F3	64	78	1	-3
771	142.720436	143.205730	G#3	64	80	1	-5
772	143.823376	144.950213	F2	64	81	1	-5
773	144.043964	144.920801	C3	64	76	1	-3
774	144.264552	144.904257	F3	64	85	1	-3
775	144.485140	144.999845	C4	64	86	0	1
776	144.926316	145.781095	F4	64	88	0	1
777	145.146904	145.339919	F3	64	85	1	-3
778	145.588080	147.262711	G#2	64	85	1	-2
779	145.808668	147.242490	D#3	64	77	1	-5
780	146.029256	146.714917	G#3	64	80	1	-5
781	146.249844	146.755358	D#4	64	78	0	4
782	147.132196	147.475946	G#4	64	74	0	4
783	147.352784	148.474106	G#2	64	80	1	-2
784	147.573372	148.352783	D#3	64	80	1	-5
785	147.793960	148.297636	G#3	64	89	1	-5
786	148.014548	148.369327	D#4	64	85	0	4
787	149.117488	149.229620	C#2	64	81	1	-4
788	149.117488	149.854620	C#4	64	78	0	2
789	149.558664	150.663442	C#3	64	71	1	-2
790	149.779252	150.262707	G#3	64	79	1	-5
791	150.220428	150.560501	D#4	64	84	0	4
792	150.441016	150.678148	C#4	64	75	0	2
793	150.661604	150.724104	G#3	64	54	1	-5
794	150.882192	151.542118	G#3	64	79	1	-5
795	150.882192	151.810500	F4	64	84	0	1
796	150.882192	151.983294	C#3	64	82	1	-2
797	151.764544	152.021897	C#4	64	80	0	2
798	151.985132	152.299470	G#3	64	76	1	-5
799	152.205720	152.284764	C#4	64	78	0	2
800	152.646896	152.983293	F3	64	81	1	-3
801	152.646896	153.134028	G#3	64	79	1	-5
802	152.646896	153.354616	F2	64	87	1	-5
803	153.088072	153.328881	C3	64	74	1	-3
804	153.308660	153.396895	F3	64	75	1	-3
805	153.529248	153.889542	D#3	64	83	1	-5
806	153.529248	154.299468	G3	64	80	1	-1
807	153.529248	154.306821	D#2	64	87	1	-2
808	153.970424	154.275571	A#2	64	73	1	-5
809	154.191012	154.338071	D#3	64	87	1	-5
810	154.411600	155.023732	G#3	64	84	1	-5
811	154.411600	155.448364	G#2	64	85	1	-2
812	154.852776	155.374834	D#3	64	74	1	-5
813	155.293952	155.481452	G#3	64	83	1	-5
814	155.293952	155.803143	C4	64	87	0	1
815	155.735128	155.777407	D#3	64	65	1	-5
816	156.176304	157.367479	E2	64	86	1	-1
817	156.396892	157.336229	B2	64	71	1	-4
818	156.617480	157.319685	E3	64	74	1	-4
819	156.838068	157.545788	G#3	64	76	1	-5
820	157.279244	157.959390	E4	64	82	0	5
821	157.499832	157.922626	E3	64	78	1	-4
822	157.941008	160.597255	D#2	64	87	1	-2
823	158.161596	160.569682	A#2	64	70	1	-5
824	158.382184	158.681816	D#3	64	78	1	-5
825	158.602772	158.782919	A#3	64	81	1	-3
826	159.043948	159.185492	D#4	64	81	0	4
827	159.705712	160.306814	D#4	64	70	0	4
828	159.705712	160.317844	D#5	64	86	0	1
829	160.161594	160.532917	C5	64	85	0	3
830	160.589902	161.003505	A#4	64	84	0	1
831	161.038431	161.437328	G#4	64	83	0	4
832	161.470416	161.922621	C4	64	78	0	1
833	161.470416	161.955710	G#3	64	73	1	-5
834	161.470416	164.341736	G#2	64	85	1	-2
835	161.474092	162.543944	C5	64	85	0	3
836	161.911592	163.409752	D#3	64	65	1	-5
837	162.352768	162.474091	C4	64	73	0	1
838	162.352768	162.490636	D#4	64	78	0	4
839	162.749826	163.135855	C5	64	86	0	3
840	163.214899	163.575193	A#4	64	87	0	1
841	163.235120	163.393208	G#3	64	66	1	-5
842	163.235120	163.450193	C4	64	73	0	1
843	163.652399	163.992472	G#4	64	85	0	4
844	163.676296	164.288428	D#3	64	58	1	-5
845	164.117472	164.310487	G#3	64	75	1	-5
846	164.117472	164.384016	C4	64	80	0	1
847	164.117472	164.459383	D#4	64	80	0	4
848	164.124825	164.481442	G4	64	86	0	3
849	164.580707	165.316000	G#4	64	83	0	4
850	164.999824	165.593573	C4	64	78	0	1
851	164.999824	165.597250	D#4	64	80	0	4
852	164.999824	167.856439	C3	64	80	1	-3
853	165.433647	166.683646	D#5	64	89	0	1
854	165.882176	166.086220	G4	64	71	0	3
855	165.882176	166.093573	D#4	64	76	0	4
856	166.323352	166.906072	G3	64	41	1	-1
857	166.764528	167.384013	D#4	64	78	0	4
858	167.205704	167.531071	D#5	64	89	0	1
859	167.205704	167.622983	G3	64	53	1	-1
860	167.646880	167.997983	D#5	64	88	0	1
861	167.646880	167.793939	C4	64	84	0	1
862	167.646880	168.038424	D#4	64	85	0	4
863	167.646880	168.078865	G4	64	80	0	3
864	168.088056	168.417100	G4	64	81	0	3
865	168.088056	168.806805	C4	64	81	0	1
866	168.529232	168.891364	A#4	64	81	0	1
867	168.529232	169.093570	F4	64	81	0	1
868	168.529232	170.010848	F2	64	87	1	-5
869	168.970408	169.582540	G#4	64	85	0	4
870	168.970408	169.259011	C4	64	76	0	1
871	169.411584	169.545775	F4	64	83	0	1
872	169.411584	169.549452	G#4	64	79	0	4
873	169.852760	170.209377	A#4	64	86	0	1
874	169.852760	170.106436	C4	64	80	0	1
875	170.293936	170.613789	C5	64	85	0	3
876	170.293936	170.494303	C4	64	69	0	1
877	170.293936	170.801288	F4	64	77	0	1
878	170.293936	171.569670	F2	64	70	1	-5
879	170.735112	171.073347	C5	64	86	0	3
880	170.735112	170.937318	C4	64	71	0	1
881	171.176288	171.529229	A#4	64	83	0	1
882	171.176288	171.293935	C4	64	81	0	1
883	171.176288	171.472244	F4	64	85	0	1
884	171.176288	171.486949	G#4	64	80	0	4
885	171.617464	172.264522	G#4	64	85	0	4
886	172.058640	172.183640	D#2	64	81	1	-2
887	172.058640	172.470404	D#4	64	79	0	4
888	172.058640	172.709375	G4	64	81	0	3
889	172.499816	173.918932	G4	64	85	0	3
890	172.499816	174.494299	D#3	64	84	1	-5
891	172.940992	174.933637	A#3	64	86	1	-3
892	173.382168	173.709374	F4	64	85	0	1
893	173.823344	174.407902	G4	64	77	0	3
894	173.823344	174.420770	D#4	64	72	0	4
895	174.264520	174.628490	G#4	64	82	0	4
896	174.705696	175.113784	D#5	64	91	0	1
897	174.705696	175.154225	G3	64	83	1	-1
898	175.146872	175.485107	C5	64	84	0	3
899	175.146872	175.330695	D#4	64	85	0	4
900	175.588048	176.713047	C#5	64	80	0	4
901	175.588048	175.839886	G#3	64	74	1	-5
902	175.588048	176.242459	C#4	64	75	0	2
903	175.588048	178.442824	C#3	64	87	1	-2
904	176.029224	176.233268	G#3	64	68	1	-5
905	176.470400	176.509003	G#3	64	60	1	-5
906	176.470400	176.648709	C#4	64	81	0	2
907	176.470400	176.665253	F4	64	85	0	1
908	176.911576	177.284737	C#5	64	85	0	4
909	177.352752	177.696502	D#5	64	87	0	1
910	177.352752	177.520031	C#4	64	68	0	2
911	177.352752	177.667090	F4	64	80	0	1
912	177.793928	178.194663	C#5	64	82	0	4
913	178.235104	178.619295	C5	64	85	0	3
914	178.235104	178.360104	G#3	64	79	1	-5
915	178.235104	178.466721	C#4	64	82	0	2
916	178.235104	178.797603	F4	64	86	0	1
917	178.676280	179.073338	A#4	64	85	0	1
918	178.676280	179.270029	G#3	64	77	1	-5
919	179.117456	180.141352	C#5	64	82	0	4
920	179.117456	179.238779	C#2	64	74	1	-4
921	179.117456	179.457529	E4	64	74	0	5
922	179.117456	179.486941	C#4	64	74	0	2
923	179.999808	180.064146	G#3	64	63	1	-5
924	179.999808	180.235102	E4	64	76	0	5
925	179.999808	180.268190	C#4	64	76	0	2
926	180.440984	180.792087	C#5	64	85	0	4
927	180.440984	181.950174	C#3	64	72	1	-2
928	180.882160	181.222233	D#5	64	85	0	1
929	180.882160	181.106424	E4	64	76	0	5
930	180.882160	181.198336	G#4	64	73	0	4
931	180.882160	181.211204	C#4	64	76	0	2
932	181.323336	181.687306	C#5	64	85	0	4
933	181.323336	181.523703	G#3	64	64	1	-5
934	181.764512	182.150541	C5	64	86	0	3
935	181.764512	181.948335	C#4	64	86	0	2
936	181.764512	182.005321	G#3	64	83	1	-5
937	181.764512	182.008997	E4	64	86	0	5
938	182.205688	182.562305	A#4	64	85	0	1
939	182.205688	182.457526	C4	64	86	0	1
940	182.426276	182.632158	C#4	64	86	0	2
941	182.646864	183.595392	C#5	64	85	0	4
942	182.646864	183.183628	A#3	64	79	1	-3
943	182.646864	185.604581	A#2	64	85	1	-5
944	183.088040	185.486935	F3	64	67	1	-3
945	183.529216	183.681789	C#4	64	76	0	2
946	183.529216	183.694657	F4	64	85	0	1
947	183.529216	183.696495	A#3	64	77	1	-3
948	184.411568	184.755318	D#5	64	89	0	1
949	184.411568	184.600906	C#4	64	69	0	2
950	184.411568	184.781053	F4	64	79	0	1
951	184.852744	185.218552	C#5	64	81	0	4
952	185.293920	185.815978	C5	64	85	0	3
953	185.293920	185.488773	A#3	64	85	1	-3
954	185.293920	185.523699	C#4	64	86	0	2
955	185.293920	185.674434	F4	64	87	0	1
956	185.735096	186.021860	A#3	64	71	1	-3
957	186.176272	186.542080	G#4	64	85	0	4
958	186.176272	186.281051	D#2	64	86	1	-2
959	186.176272	186.415242	A#3	64	78	1	-3
960	186.176272	186.442816	D#4	64	81	0	4
961	186.176272	186.571492	G4	64	78	0	3
962	186.617448	187.977741	A#4	64	79	0	1
963	186.617448	187.768182	D#3	64	79	1	-5
964	187.058624	187.747962	A#3	64	89	1	-3
965	187.499800	187.806785	D#4	64	82	0	4
966	187.940976	188.159726	D#4	64	79	0	4
967	187.940976	188.378476	D#5	64	86	0	1
968	187.940976	188.444652	G4	64	85	0	3
969	187.940976	188.453843	A#4	64	85	0	1
970	187.940976	189.659724	A#3	64	80	1	-3
971	187.940976	189.678107	D#3	64	87	1	-5
972	188.396858	188.768181	C5	64	85	0	3
973	188.823328	189.657886	D#4	64	83	0	4
974	188.823328	189.657886	G4	64	80	0	3
975	188.825166	189.238769	A#4	64	84	0	1
976	189.264504	189.641342	G3	64	84	1	-1
977	189.273695	189.672592	G#4	64	83	0	4
978	189.705680	190.341709	D#4	64	82	0	4
979	189.705680	190.356415	G#3	64	78	1	-5
980	189.705680	192.556780	G#2	64	85	1	-2
981	189.709356	190.779208	C5	64	85	0	3
982	190.146856	190.760826	D#3	64	69	1	-5
983	190.588032	191.356414	C4	64	82	0	1
984	190.588032	191.584354	G#3	64	85	1	-5
985	190.985090	191.371119	C5	64	86	0	3
986	191.029208	191.746119	D#3	64	70	1	-5
987	191.450163	191.810457	A#4	64	87	0	1
988	191.470384	192.200163	C4	64	79	0	1
989	191.470384	192.213030	D#4	64	78	0	4
990	191.887663	192.227736	G#4	64	85	0	4
991	191.911560	192.477736	D#3	64	72	1	-5
992	192.352736	192.720383	C4	64	86	0	1
993	192.352736	192.746118	D#4	64	86	0	4
994	192.360089	192.716706	G4	64	86	0	3
995	192.793912	192.935456	G#2	64	85	1	-2
996	192.815971	193.551264	G#4	64	83	0	4
997	193.235088	193.834352	C4	64	79	0	1
998	193.235088	194.042072	D#4	64	82	0	4
999	193.235088	196.209350	C3	64	83	1	-3
1000	193.668911	194.918910	D#5	64	89	0	1
1001	193.676264	194.338028	G3	64	63	1	-1
1002	194.117440	194.207513	D#4	64	50	0	4
1003	194.117440	194.808616	G4	64	89	0	3
1004	194.558616	195.099057	G3	64	68	1	-1
1005	194.999792	195.369277	G4	64	73	0	3
1006	194.999792	195.499791	D#4	64	82	0	4
1007	194.999792	195.518174	C4	64	76	0	1
1008	195.440968	195.766335	D#5	64	89	0	1
1009	195.440968	196.060453	G3	64	70	1	-1
1010	195.882144	196.233247	D#5	64	88	0	1
1011	195.882144	196.148688	C4	64	86	0	1
1012	195.882144	196.374791	D#4	64	86	0	4
1013	196.323320	196.652364	G4	64	81	0	3
1014	196.323320	196.538393	C3	64	86	1	-3
1015	196.764496	197.126628	A#4	64	81	0	1
1016	196.764496	196.961187	C4	64	79	0	1
1017	196.764496	197.374789	F4	64	83	0	1
1018	196.764496	197.497951	F2	64	86	1	-5
1019	197.205672	197.817804	G#4	64	85	0	4
1020	197.205672	197.701995	C4	64	73	0	1
1021	197.646848	197.803098	F4	64	85	0	1
1022	197.646848	197.849054	G#4	64	82	0	4
1023	198.088024	198.444641	A#4	64	86	0	1
1024	198.088024	198.633979	C4	64	73	0	1
1025	198.529200	198.849053	C5	64	85	0	3
1026	198.529200	199.157876	G#4	64	75	0	4
1027	198.529200	199.172582	F4	64	78	0	1
1028	198.529200	199.826993	F3	64	81	1	-3
1029	198.970376	199.308611	C5	64	86	0	3
1030	198.970376	199.189126	C4	64	72	0	1
1031	199.411552	199.764493	A#4	64	83	0	1
1032	199.411552	199.565964	C4	64	85	0	1
1033	199.411552	199.845375	F4	64	86	0	1
1034	199.411552	199.895007	G#4	64	79	0	4
1035	199.852728	200.499786	G#4	64	85	0	4
1036	199.852728	200.078831	C4	64	78	0	1
1037	200.293904	200.797580	D#4	64	78	0	4
1038	200.293904	200.801256	C4	64	79	0	1
1039	200.293904	200.828830	G4	64	78	0	3
1040	200.293904	203.380298	C3	64	85	1	-3
1041	200.735080	202.154196	G4	64	85	0	3
1042	200.735080	201.319638	G3	64	71	1	-1
1043	201.176256	201.832505	C4	64	84	0	1
1044	201.176256	201.847211	G4	64	82	0	3
1045	201.617432	202.190961	G3	64	65	1	-1
1046	202.058608	202.481402	D#4	64	84	0	4
1047	202.058608	202.507137	C4	64	81	0	1
1048	202.499784	202.863754	G#4	64	82	0	4
1049	202.499784	203.034710	G3	64	50	1	-1
1050	202.940960	203.349048	D#5	64	91	0	1
1051	202.940960	203.179930	C4	64	86	0	1
1052	202.940960	203.382136	G4	64	85	0	3
1053	202.940960	203.418901	D#4	64	85	0	4
1054	203.382136	203.720371	C5	64	84	0	3
1055	203.382136	203.832503	C4	64	88	0	1
1056	203.823312	204.948311	C#5	64	80	0	4
1057	203.823312	204.064121	G#3	64	77	1	-5
1058	203.823312	204.512650	F4	64	79	0	1
1059	203.823312	206.689118	C#3	64	87	1	-2
1060	204.264488	204.501620	G#3	64	77	1	-5
1061	204.705664	204.872943	G#3	64	84	1	-5
1062	204.705664	205.150516	C#4	64	81	0	2
1063	205.146840	205.520001	C#5	64	85	0	4
1064	205.588016	205.931766	D#5	64	87	0	1
1065	205.588016	205.792060	G#3	64	81	1	-5
1066	205.588016	206.242427	F4	64	85	0	1
1067	206.029192	206.429927	C#5	64	82	0	4
1068	206.029192	206.233236	G#3	64	65	1	-5
1069	206.470368	206.854559	C5	64	85	0	3
1070	206.470368	206.624780	G#3	64	83	1	-5
1071	206.470368	206.733235	C#4	64	85	0	2
1072	206.470368	206.882132	F4	64	86	0	1
1073	206.911544	207.308602	A#4	64	85	0	1
1074	206.911544	207.001617	C#4	64	60	0	2
1075	206.911544	207.084338	G#3	64	86	1	-5
1076	207.352720	208.376616	C#5	64	82	0	4
1077	207.352720	207.799411	C#4	64	84	0	2
1078	207.352720	207.817793	A#3	64	84	1	-3
1079	207.352720	209.003454	A#2	64	85	1	-5
1080	207.793896	208.317793	F3	64	73	1	-3
1081	208.235072	208.439116	C#4	64	86	0	2
1082	208.235072	208.472204	A#3	64	83	1	-3
1083	208.455660	208.970365	F3	64	80	1	-3
1084	208.676248	209.027351	C#5	64	85	0	4
1085	208.676248	208.966689	C4	64	84	0	1
1086	208.896836	209.069630	C#4	64	80	0	2
1087	209.117424	209.457497	D#5	64	85	0	1
1088	209.117424	209.512644	A#3	64	72	1	-3
1089	209.117424	209.545732	F4	64	80	0	1
1090	209.117424	210.207496	A#2	64	78	1	-5
1091	209.558600	209.922570	C#5	64	85	0	4
1092	209.558600	210.078820	F3	64	74	1	-3
1093	209.999776	210.385805	C5	64	86	0	3
1094	209.999776	210.176246	A#3	64	80	1	-3
1095	209.999776	210.249776	C#4	64	85	0	2
1096	209.999776	210.279187	F4	64	86	0	1
1097	210.440952	210.797569	A#4	64	85	0	1
1098	210.440952	210.716687	A#3	64	73	1	-3
1099	210.882128	211.830656	C#5	64	85	0	4
1100	210.882128	211.475877	C#4	64	78	0	2
1101	210.882128	211.529186	A#3	64	78	1	-3
1102	210.882128	212.497935	A#2	64	86	1	-5
1103	211.323304	211.964847	F3	64	72	1	-3
1104	211.764480	212.139480	C#4	64	84	0	2
1105	211.764480	212.146833	F4	64	85	0	1
1106	211.764480	212.167053	A#3	64	79	1	-3
1107	212.205656	212.578817	C#5	64	87	0	4
1108	212.205656	212.573303	F3	64	73	1	-3
1109	212.646832	212.986905	D#5	64	86	0	1
1110	212.646832	213.196464	C#4	64	78	0	2
1111	212.646832	213.209331	F4	64	84	0	1
1112	212.646832	213.224037	A#3	64	74	1	-3
1113	212.646832	213.762640	A#2	64	85	1	-5
1114	213.088008	213.464846	C#5	64	86	0	4
1115	213.088008	213.729551	F3	64	74	1	-3
1116	213.529184	213.847198	C5	64	86	0	3
1117	213.529184	213.751610	A#3	64	80	1	-3
1118	213.529184	213.792051	C#4	64	86	0	2
1119	213.529184	213.830654	F4	64	88	0	1
1120	213.529184	213.911537	A#4	64	84	0	1
1121	213.970360	214.700139	C#5	64	87	0	4
1122	213.970360	214.293889	A#3	64	87	1	-3
1123	214.411536	214.531021	D#2	64	86	1	-2
1124	214.411536	214.738742	A#3	64	81	1	-3
1125	214.411536	214.861903	D#4	64	85	0	4
1126	214.852712	216.264475	D#5	64	81	0	1
1127	214.852712	215.994255	D#3	64	84	1	-5
1128	215.293888	215.985064	A#3	64	86	1	-3
1129	215.735064	216.047564	D#4	64	91	0	4
1130	216.176240	216.689107	A#3	64	80	1	-3
1131	216.176240	216.746092	D#4	64	84	0	4
1132	216.176240	216.871092	A#4	64	85	0	1
1133	216.176240	216.878445	G4	64	86	0	3
1134	216.176240	217.887635	D#3	64	89	1	-5
1135	216.617416	216.981386	D#5	64	96	0	1
1136	216.838004	217.143151	A#3	64	77	1	-3
1137	217.058592	217.383959	F5	64	87	0	3
1138	217.058592	217.330651	D#4	64	85	0	4
1139	217.058592	217.389474	G4	64	80	0	3
1140	217.058592	217.573297	A#4	64	82	0	1
1141	217.058592	217.856385	D#5	64	89	0	1
1142	217.279180	217.891312	A#3	64	85	1	-3
1143	217.499768	217.808591	G5	64	85	0	5
1144	217.499768	217.880282	D#4	64	81	0	4
1145	217.940944	218.317782	G#5	64	85	0	1
1146	217.940944	218.417046	G#4	64	85	0	4
1147	217.940944	219.578810	G#2	64	85	1	-2
1148	218.161532	218.497929	G#3	64	82	1	-5
1149	218.382120	218.507120	D#5	64	87	0	1
1150	218.382120	218.668884	D#4	64	81	0	4
1151	218.382120	218.817781	D#3	64	31	1	-5
1152	218.602708	219.852707	D#5	64	86	0	1
1153	218.602708	219.268148	G#4	64	85	0	4
1154	218.823296	219.565942	D#3	64	76	1	-5
1155	219.043884	219.485060	G#3	64	81	1	-5
1156	219.264472	219.602707	D#4	64	82	0	4
1157	219.485060	219.667045	G#4	64	80	0	4
1158	219.705648	220.190942	G#3	64	85	1	-5
1159	219.705648	220.413368	D#4	64	86	0	4
1160	219.705648	220.446456	G#4	64	79	0	4
1161	219.705648	220.867411	G#2	64	85	1	-2
1162	220.146824	220.529177	C6	64	86	0	5
1163	220.146824	220.674397	D#3	64	76	1	-5
1164	220.367412	220.519985	G#3	64	75	1	-5
1165	220.588000	220.906014	A#5	64	85	0	3
1166	220.588000	220.814103	G#3	64	78	1	-5
1167	220.588000	220.883956	C4	64	86	0	1
1168	220.588000	220.924397	D#4	64	87	0	4
1169	220.588000	221.161529	G#4	64	85	0	4
1170	220.808588	220.907853	D#3	64	84	1	-5
1171	221.029176	221.352705	G#5	64	85	0	1
1172	221.029176	221.143146	G#3	64	85	1	-5
1173	221.470352	222.196454	A#5	64	84	0	3
1174	221.470352	221.722190	C4	64	81	0	1
1175	221.470352	222.029175	G4	64	84	0	3
1176	221.470352	223.102703	C3	64	85	1	-3
1177	221.690940	222.154175	G3	64	68	1	-1
1178	221.911528	222.389469	C4	64	80	0	1
1179	222.132116	222.593513	D#4	64	85	0	4
1180	222.352704	223.315938	D#5	64	86	0	1
1181	222.352704	223.089836	G3	64	71	1	-1
1182	222.573292	223.102703	G4	64	85	0	3
1183	222.793880	223.527335	C4	64	83	0	1
1184	223.014468	223.668879	D#4	64	80	0	4
1185	223.235056	224.516305	C3	64	86	1	-3
1186	223.455644	224.005276	G3	64	77	1	-1
1187	223.676232	224.056746	C5	64	87	0	3
1188	223.676232	224.133952	C4	64	78	0	1
1189	223.896820	224.187261	D#4	64	82	0	4
1190	224.117408	224.483216	A#5	64	86	0	3
1191	224.117408	224.409687	G3	64	77	1	-1
1192	224.337996	224.448290	C4	64	80	0	1
1193	224.337996	224.597187	D#4	64	84	0	4
1194	224.337996	224.747922	G4	64	79	0	3
1195	224.558584	224.871084	G5	64	85	0	5
1196	224.558584	225.021819	C4	64	78	0	1
1197	224.779172	225.040201	D#4	64	78	0	4
1198	224.999760	225.354539	G#5	64	84	0	1
1199	224.999760	225.733215	G#4	64	82	0	4
1200	224.999760	226.619244	F2	64	84	1	-5
1201	225.440936	225.587995	G5	64	86	0	5
1202	225.440936	226.547552	C3	64	80	1	-3
1203	225.661524	226.247920	G#5	64	90	0	1
1204	225.661524	226.104538	C4	64	85	0	1
1205	225.882112	226.152332	F4	64	86	0	1
1206	226.102700	226.687258	G#4	64	85	0	4
1207	226.323288	226.700126	C6	64	86	0	5
1208	226.323288	226.657846	C4	64	85	0	1
1209	226.543876	226.687258	F4	64	80	0	1
1210	226.764464	227.076964	G5	64	85	0	5
1211	226.764464	227.268140	D#4	64	81	0	4
1212	226.764464	227.970345	D#2	64	87	1	-2
1213	227.205640	227.365566	F5	64	85	0	3
1214	227.205640	227.755272	A#3	64	78	1	-3
1215	227.426228	228.244242	G5	64	87	0	5
1216	227.426228	227.906007	D#4	64	82	0	4
1217	227.646816	228.016301	A#2	64	80	1	-5
1218	227.867404	228.255271	G4	64	89	0	3
1219	228.087992	228.378433	D#4	64	80	0	4
1220	228.308580	228.565933	D#5	64	87	0	1
1221	228.308580	228.393139	A#3	64	72	1	-3
1222	228.529168	230.282843	F5	64	86	0	3
1223	228.529168	229.003432	C#4	64	78	0	2
1224	228.529168	229.023653	F4	64	85	0	1
1225	228.529168	229.909681	C#3	64	88	1	-2
1226	228.970344	229.235050	G#3	64	72	1	-5
1227	229.190932	229.766299	G#4	64	86	0	4
1228	229.411520	230.143137	G#3	64	72	1	-5
1229	229.632108	230.122916	C#4	64	84	0	2
1230	229.852696	230.106372	F4	64	81	0	1
1231	230.073284	230.187254	G#4	64	72	0	4
1232	230.293872	230.909680	C#4	64	81	0	2
1233	230.293872	230.933577	G#4	64	79	0	4
1234	230.293872	231.486885	C#3	64	87	1	-2
1235	230.735048	231.053062	D#5	64	86	0	1
1236	230.735048	231.273650	G#3	64	76	1	-5
1237	231.176224	231.510782	C#5	64	84	0	4
1238	231.176224	231.404165	F4	64	87	0	1
1239	231.176224	231.474018	C#4	64	86	0	2
1240	231.396812	231.516297	G#3	64	81	1	-5
1241	231.617400	231.975856	C5	64	87	0	3
1242	231.617400	231.893135	C4	64	68	0	1
1243	232.058576	232.782840	C#5	64	87	0	4
1244	232.058576	232.281002	A#3	64	78	1	-3
1245	232.058576	232.358208	C#4	64	80	0	2
1246	232.058576	233.306736	A#2	64	88	1	-5
1247	232.279164	233.242398	F3	64	81	1	-3
1248	232.499752	232.777325	A#3	64	82	1	-3
1249	232.720340	232.975854	C#4	64	89	0	2
1250	232.940928	233.527324	C6	64	87	0	5
1251	233.161516	233.354531	F4	64	91	0	1
1252	233.382104	233.663354	C#4	64	87	0	2
1253	233.602692	234.247912	A#5	64	87	0	3
1254	233.602692	233.760780	A#3	64	83	1	-3
1255	233.823280	233.920706	D#2	64	88	1	-2
1256	233.823280	234.141294	A#3	64	81	1	-3
1257	233.823280	234.214824	D#4	64	85	0	4
1258	234.264456	234.641294	A#5	64	87	0	3
1259	234.264456	234.841661	D#3	64	84	1	-5
1260	234.485044	234.847176	G3	64	85	1	-1
1261	234.705632	235.018132	C6	64	86	0	5
1262	234.705632	234.928058	A#3	64	86	1	-3
1263	234.926220	235.189087	D#4	64	89	0	4
1264	235.146808	235.492396	C#6	64	86	0	1
1265	235.146808	235.400484	G4	64	87	0	3
1266	235.367396	235.468499	D#4	64	80	0	4
1267	235.587984	236.933571	D#6	64	86	0	3
1268	235.587984	235.849013	C4	64	85	0	1
1269	235.587984	235.887616	D#4	64	80	0	4
1270	235.587984	236.080631	G4	64	79	0	3
1271	235.587984	236.850850	C3	64	86	1	-3
1272	235.808572	236.337983	G3	64	86	1	-1
1273	236.029160	236.152322	C4	64	85	0	1
1274	236.249748	236.536512	C4	64	87	0	1
1275	236.249748	236.617395	D#4	64	87	0	4
1276	236.249748	236.808571	G4	64	85	0	3
1277	236.470336	236.720336	G3	64	85	1	-1
1278	236.690924	236.977688	C4	64	86	0	1
1279	236.911512	237.378423	C#6	64	86	0	1
1280	236.911512	237.236879	D#4	64	86	0	4
1281	237.132100	237.433570	C4	64	79	0	1
1282	237.352688	238.343496	C6	64	85	0	5
1283	237.352688	237.466658	F2	64	88	1	-5
1284	237.352688	237.904158	F4	64	87	0	1
1285	237.793864	238.562246	F3	64	76	1	-3
1286	238.014452	238.312246	A3	64	86	1	-4
1287	238.235040	238.521804	C4	64	86	0	1
1288	238.455628	238.738716	F4	64	99	0	1
1289	238.676216	238.806731	A#5	64	89	0	3
1290	238.676216	238.922539	A4	64	85	0	5
1291	238.896804	239.049377	G#5	64	86	0	1
1292	238.896804	239.038348	F4	64	81	0	1
1293	239.117392	239.523642	C#6	64	89	0	1
1294	239.117392	239.676215	F4	64	83	0	1
1295	239.117392	239.760774	A#4	64	81	0	1
1296	239.117392	240.731361	A#2	64	82	1	-5
1297	239.558568	239.942759	C6	64	86	0	5
1298	239.558568	240.753420	F3	64	75	1	-3
1299	239.999744	240.417023	A#5	64	87	0	3
1300	239.999744	240.196435	F4	64	87	0	1
1301	239.999744	240.530993	C#5	64	87	0	4
1302	239.999744	240.740552	A#4	64	87	0	1
1303	240.440920	240.738714	G#5	64	86	0	1
1304	240.440920	240.735037	F4	64	79	0	1
1305	240.882096	241.334301	G#5	64	85	0	1
1306	240.882096	241.462978	D4	64	82	0	3
1307	240.882096	241.532831	A#4	64	81	0	1
1308	240.882096	242.165183	A#2	64	83	1	-5
1309	241.323272	241.722169	F5	64	86	0	3
1310	241.323272	242.042021	F3	64	85	1	-3
1311	241.764448	242.128418	G5	64	82	0	5
1312	241.764448	241.959301	F4	64	88	0	1
1313	241.764448	242.185403	D5	64	86	0	5
1314	241.764448	242.200109	A#4	64	86	0	1
1315	242.205624	242.470330	G#5	64	85	0	1
1316	242.205624	242.328786	F4	64	77	0	1
1317	242.646800	244.510769	A#5	64	86	0	3
1318	242.646800	242.786506	D#2	64	86	1	-2
1319	242.646800	242.924373	D#4	64	78	0	4
1320	242.646800	242.953785	G4	64	85	0	3
1321	242.646800	242.964814	A#4	64	87	0	1
1322	243.087976	243.396799	G4	64	74	0	3
1323	243.087976	243.404152	A#4	64	81	0	1
1324	243.087976	243.409667	D#4	64	80	0	4
1325	243.087976	244.042019	D#3	64	86	1	-5
1326	243.529152	243.858196	A#4	64	89	0	1
1327	243.529152	243.869225	D#4	64	87	0	4
1328	243.529152	243.874740	G4	64	88	0	3
1329	243.970328	244.071431	A#3	64	78	1	-3
1330	244.190916	244.297534	D#4	64	85	0	4
1331	244.411504	244.542019	D#2	64	88	1	-2
1332	244.411504	244.738710	D#4	64	80	0	4
1333	244.411504	244.747901	D#5	64	89	0	1
1334	244.411504	244.758930	G4	64	81	0	3
1335	244.852680	245.216650	D#5	64	96	0	1
1336	244.852680	245.165180	D#4	64	87	0	4
1337	244.852680	245.181724	G4	64	84	0	3
1338	244.852680	245.200106	D#5	64	88	0	1
1339	244.852680	246.143120	D#3	64	86	1	-5
1340	245.293856	245.619223	F5	64	87	0	3
1341	245.293856	245.439076	F4	64	87	0	1
1342	245.293856	245.450106	F5	64	88	0	3
1343	245.293856	246.093488	A#3	64	77	1	-3
1344	245.735032	246.043855	G5	64	85	0	5
1345	245.735032	245.900473	G4	64	85	0	3
1346	246.176208	246.553046	G#5	64	85	0	1
1347	246.176208	246.652310	G#4	64	85	0	4
1348	246.176208	247.814074	G#2	64	85	1	-2
1349	246.396796	246.733193	G#3	64	82	1	-5
1350	246.617384	246.742384	D#5	64	87	0	1
1351	246.617384	246.904148	D#4	64	81	0	4
1352	246.617384	247.053045	D#3	64	31	1	-5
1353	246.837972	248.087971	D#5	64	86	0	1
1354	246.837972	247.503412	G#4	64	85	0	4
1355	247.058560	247.801206	D#3	64	76	1	-5
1356	247.279148	247.720324	G#3	64	81	1	-5
1357	247.499736	247.837971	D#4	64	82	0	4
1358	247.720324	247.902309	G#4	64	80	0	4
1359	247.940912	248.426206	G#3	64	85	1	-5
1360	247.940912	248.648632	D#4	64	86	0	4
1361	247.940912	248.681720	G#4	64	79	0	4
1362	247.940912	249.102675	G#2	64	85	1	-2
1363	248.382088	248.764441	C6	64	86	0	5
1364	248.382088	248.909661	D#3	64	76	1	-5
1365	248.602676	248.755249	G#3	64	75	1	-5
1366	248.823264	249.141278	A#5	64	85	0	3
1367	248.823264	249.049367	G#3	64	78	1	-5
1368	248.823264	249.119220	C4	64	86	0	1
1369	248.823264	249.159661	D#4	64	87	0	4
1370	248.823264	249.396793	G#4	64	85	0	4
1371	249.043852	249.143117	D#3	64	84	1	-5
1372	249.264440	249.587969	G#5	64	85	0	1
1373	249.264440	249.378410	G#3	64	85	1	-5
1374	249.705616	250.431718	A#5	64	84	0	3
1375	249.705616	249.957454	C4	64	81	0	1
1376	249.705616	250.264439	G4	64	84	0	3
1377	249.705616	251.337967	C3	64	85	1	-3
1378	249.926204	250.389439	G3	64	68	1	-1
1379	250.146792	250.624733	C4	64	80	0	1
1380	250.367380	250.828777	D#4	64	85	0	4
1381	250.587968	251.551202	D#5	64	86	0	1
1382	250.587968	251.325100	G3	64	71	1	-1
1383	250.808556	251.337967	G4	64	85	0	3
1384	251.029144	251.762599	C4	64	83	0	1
1385	251.249732	251.904143	D#4	64	80	0	4
1386	251.470320	252.751569	C3	64	86	1	-3
1387	251.690908	252.240540	G3	64	77	1	-1
1388	251.911496	252.292010	C5	64	87	0	3
1389	251.911496	252.369216	C4	64	78	0	1
1390	252.132084	252.422525	D#4	64	82	0	4
1391	252.352672	252.718480	A#5	64	86	0	3
1392	252.352672	252.644951	G3	64	77	1	-1
1393	252.573260	252.683554	C4	64	80	0	1
1394	252.573260	252.832451	D#4	64	84	0	4
1395	252.573260	252.983186	G4	64	79	0	3
1396	252.793848	253.106348	G5	64	85	0	5
1397	252.793848	253.257083	C4	64	78	0	1
1398	253.014436	253.275465	D#4	64	78	0	4
1399	253.235024	253.589803	G#5	64	84	0	1
1400	253.235024	253.968479	G#4	64	82	0	4
1401	253.235024	254.854508	F2	64	84	1	-5
1402	253.676200	253.823259	G5	64	86	0	5
1403	253.676200	254.782816	C3	64	80	1	-3
1404	253.896788	254.483184	G#5	64	90	0	1
1405	253.896788	254.339802	C4	64	85	0	1
1406	254.117376	254.387596	F4	64	86	0	1
1407	254.337964	254.922522	G#4	64	85	0	4
1408	254.558552	254.935390	C6	64	86	0	5
1409	254.558552	254.893110	C4	64	85	0	1
1410	254.779140	254.922522	F4	64	80	0	1
1411	254.999728	255.312228	G5	64	85	0	5
1412	254.999728	255.503404	D#4	64	81	0	4
1413	254.999728	256.205609	D#2	64	87	1	-2
1414	255.440904	255.600830	F5	64	85	0	3
1415	255.440904	255.990536	A#3	64	78	1	-3
1416	255.661492	256.479506	G5	64	87	0	5
1417	255.661492	256.141271	D#4	64	82	0	4
1418	255.882080	256.251565	A#2	64	80	1	-5
1419	256.102668	256.490535	G4	64	89	0	3
1420	256.323256	256.613697	D#4	64	80	0	4
1421	256.543844	256.801197	D#5	64	87	0	1
1422	256.543844	256.628403	A#3	64	72	1	-3
1423	256.764432	258.518107	F5	64	86	0	3
1424	256.764432	257.238696	C#4	64	78	0	2
1425	256.764432	257.258917	F4	64	85	0	1
1426	256.764432	258.144945	C#3	64	88	1	-2
1427	257.205608	257.470314	G#3	64	72	1	-5
1428	257.426196	258.001563	G#4	64	86	0	4
1429	257.646784	258.378401	G#3	64	72	1	-5
1430	257.867372	258.358180	C#4	64	84	0	2
1431	258.087960	258.341636	F4	64	81	0	1
1432	258.308548	258.422518	G#4	64	72	0	4
1433	258.529136	259.144944	C#4	64	81	0	2
1434	258.529136	259.168841	G#4	64	79	0	4
1435	258.529136	259.722149	C#3	64	87	1	-2
1436	258.970312	259.288326	D#5	64	86	0	1
1437	258.970312	259.508914	G#3	64	76	1	-5
1438	259.411488	259.746046	C#5	64	84	0	4
1439	259.411488	259.639429	F4	64	87	0	1
1440	259.411488	259.709282	C#4	64	86	0	2
1441	259.632076	259.751561	G#3	64	81	1	-5
1442	259.852664	260.211119	C5	64	87	0	3
1443	259.852664	260.128399	C4	64	68	0	1
1444	260.293840	261.018104	C#5	64	87	0	4
1445	260.293840	260.516266	A#3	64	78	1	-3
1446	260.293840	260.593472	C#4	64	80	0	2
1447	260.293840	261.542000	A#2	64	88	1	-5
1448	260.514428	261.477662	F3	64	81	1	-3
1449	260.735016	261.012589	A#3	64	82	1	-3
1450	260.955604	261.211118	C#4	64	89	0	2
1451	261.176192	261.762588	C6	64	87	0	5
1452	261.396780	261.589795	F4	64	91	0	1
1453	261.617368	261.898618	C#4	64	87	0	2
1454	261.837956	262.483176	A#5	64	87	0	3
1455	261.837956	261.996044	A#3	64	83	1	-3
1456	262.058544	262.155970	D#2	64	88	1	-2
1457	262.058544	262.376558	A#3	64	81	1	-3
1458	262.058544	262.450088	D#4	64	85	0	4
1459	262.499720	262.876558	A#5	64	87	0	3
1460	262.499720	263.076925	D#3	64	84	1	-5
1461	262.720308	263.082440	G3	64	85	1	-1
1462	262.940896	263.253396	C6	64	86	0	5
1463	262.940896	263.163322	A#3	64	86	1	-3
1464	263.161484	263.424351	D#4	64	89	0	4
1465	263.382072	263.727660	C#6	64	86	0	1
1466	263.382072	263.635748	G4	64	87	0	3
1467	263.602660	263.703763	D#4	64	80	0	4
1468	263.823248	265.168835	D#6	64	86	0	3
1469	263.823248	264.084277	C4	64	85	0	1
1470	263.823248	264.122880	D#4	64	80	0	4
1471	263.823248	264.315895	G4	64	79	0	3
1472	263.823248	265.086114	C3	64	86	1	-3
1473	264.043836	264.573247	G3	64	86	1	-1
1474	264.264424	264.387586	C4	64	85	0	1
1475	264.485012	264.771776	C4	64	87	0	1
1476	264.485012	264.852659	D#4	64	87	0	4
1477	264.485012	265.043835	G4	64	85	0	3
1478	264.705600	264.955600	G3	64	85	1	-1
1479	264.926188	265.212952	C4	64	86	0	1
1480	265.146776	265.613687	C#6	64	86	0	1
1481	265.146776	265.472143	D#4	64	86	0	4
1482	265.367364	265.668834	C4	64	79	0	1
1483	265.587952	266.578760	C6	64	85	0	5
1484	265.587952	265.701922	F2	64	88	1	-5
1485	265.587952	266.139422	F4	64	87	0	1
1486	266.029128	266.797510	F3	64	76	1	-3
1487	266.249716	266.547510	A3	64	86	1	-4
1488	266.470304	266.757068	C4	64	86	0	1
1489	266.690892	266.973980	F4	64	99	0	1
1490	266.911480	267.041995	A#5	64	89	0	3
1491	266.911480	267.157803	A4	64	85	0	5
1492	267.132068	267.284641	G#5	64	86	0	1
1493	267.132068	267.273612	F4	64	81	0	1
1494	267.352656	267.758906	C#6	64	89	0	1
1495	267.352656	267.911479	F4	64	83	0	1
1496	267.352656	267.996038	A#4	64	81	0	1
1497	267.352656	268.966625	A#2	64	82	1	-5
1498	267.793832	268.178023	C6	64	86	0	5
1499	267.793832	268.988684	F3	64	75	1	-3
1500	268.235008	268.455596	A#5	64	87	0	3
1501	268.235008	268.431699	F4	64	87	0	1
1502	268.235008	268.766257	C#5	64	87	0	4
1503	268.235008	268.975816	A#4	64	87	0	1
1504	268.455596	268.896772	G#5	64	86	0	1
1505	268.676184	268.970301	F4	64	79	0	1
1506	269.117360	269.439051	D#2	64	89	1	-2
1507	269.117360	269.569565	A#3	64	85	1	-3
1508	269.117360	269.700080	G4	64	80	0	3
1509	269.152286	269.523610	C6	64	86	0	5
1510	269.538315	269.924344	A#5	64	85	0	3
1511	269.979491	270.527285	G#5	64	82	0	1
1512	269.999712	270.323241	D#3	64	88	1	-5
1513	270.220300	270.356329	A#3	64	87	1	-3
1514	270.440888	270.775446	D#4	64	88	0	4
1515	270.483167	270.913314	G5	64	87	0	5
1516	270.661476	270.782799	G4	64	62	0	3
1517	270.882064	271.108167	G#4	64	84	0	4
1518	270.882064	271.135740	D#4	64	85	0	4
1519	270.882064	272.477651	G#2	64	86	1	-2
1520	270.909638	274.332428	G#5	64	86	0	1
1521	271.323240	271.610004	D#3	64	81	1	-5
1522	271.543828	271.817725	C4	64	87	0	1
1523	271.543828	271.821401	G#3	64	86	1	-5
1524	271.543828	271.839784	D#4	64	86	0	4
1525	271.764416	272.106327	D#3	64	81	1	-5
1526	271.985004	272.277283	G#3	64	85	1	-5
1527	271.985004	272.321401	D#4	64	87	0	4
1528	272.426180	272.507062	G#3	64	69	1	-5
1529	272.646768	272.683533	G#3	64	86	1	-5
1530	272.646768	273.170665	C4	64	90	0	1
1531	272.646768	273.203753	G#4	64	82	0	4
1532	272.646768	273.229488	D#4	64	86	0	4
1533	272.646768	274.400443	G#2	64	86	1	-2
1534	273.087944	273.630223	D#3	64	82	1	-5
1535	273.308532	273.415150	G#3	64	75	1	-5
1536	273.529120	273.828752	G#3	64	81	1	-5
1537	273.529120	274.019928	C4	64	85	0	1
1538	273.529120	274.084266	D#4	64	85	0	4
1539	273.529120	274.235002	G#4	64	82	0	4
1540	273.749708	274.396766	D#3	64	84	1	-5
1541	273.970296	274.358163	G#3	64	86	1	-5
1542	274.190884	274.247869	D#4	64	70	0	4
1543	274.190884	274.348972	C4	64	92	0	1
1544	274.411472	274.567722	C#2	64	86	1	-4
1545	274.411472	274.797501	G#3	64	87	1	-5
1546	274.411472	274.847133	C#4	64	86	0	2
1547	274.852648	275.023604	G#5	64	87	0	1
1548	275.073236	275.233162	G5	64	87	0	5
1549	275.293824	275.576912	G#5	64	87	0	1
1550	275.293824	275.611838	G#4	64	81	0	4
1551	275.293824	275.670662	C#4	64	85	0	2
1552	275.293824	275.996029	C#3	64	86	1	-2
1553	275.293824	276.012573	G#3	64	84	1	-5
1554	275.735000	275.883897	G#5	64	87	0	1
1555	275.955588	276.108161	G5	64	88	0	5
1556	275.955588	276.253382	C#4	64	78	0	2
1557	275.955588	276.253382	G#4	64	79	0	4
1558	276.176176	276.450073	G#5	64	87	0	1
1559	276.176176	276.497867	C#3	64	85	1	-2
1560	276.396764	276.650440	C#4	64	86	0	2
1561	276.396764	276.698234	G#4	64	84	0	4
1562	276.396764	276.753381	C#5	64	82	0	4
1563	276.617352	276.747867	G#5	64	86	0	1
1564	276.617352	276.957425	G#3	64	79	1	-5
1565	276.617352	276.994190	C#3	64	68	1	-2
1566	276.837940	277.152278	G#5	64	86	0	1
1567	276.837940	276.922499	G#4	64	43	0	4
1568	276.837940	276.942719	C#4	64	81	0	2
1569	277.058528	277.260734	C#3	64	86	1	-2
1570	277.058528	277.277278	C#5	64	85	0	4
1571	277.058528	277.279116	G#4	64	81	0	4
1572	277.058528	277.282792	G#3	64	86	1	-5
1573	277.058528	277.295660	C#4	64	87	0	2
1574	277.279116	277.619189	A#5	64	85	0	3
1575	277.499704	277.689042	C#3	64	88	1	-2
1576	277.720292	278.181689	G#5	64	88	0	1
1577	277.940880	278.347130	G4	64	79	0	3
1578	277.940880	278.358159	D#4	64	83	0	4
1579	277.940880	278.374703	C4	64	85	0	1
1580	277.940880	279.097129	C3	64	87	1	-3
1581	278.382056	278.569556	G#5	64	86	0	1
1582	278.602644	278.764409	G5	64	83	0	5
1583	278.823232	279.374702	G#5	64	89	0	1
1584	278.823232	279.170658	G4	64	87	0	3
1585	278.823232	279.189040	C4	64	86	0	1
1586	278.823232	279.205585	D#4	64	86	0	4
1587	279.264408	279.508893	G3	64	60	1	-1
1588	279.484996	279.626540	G5	64	86	0	5
1589	279.484996	279.782790	D#4	64	85	0	4
1590	279.484996	279.793819	G4	64	80	0	3
1591	279.484996	279.793819	C5	64	81	0	3
1592	279.484996	279.808525	C4	64	81	0	1
1593	279.705584	280.205583	G#5	64	86	0	1
1594	279.705584	280.714774	C3	64	85	1	-3
1595	279.926172	280.179848	C4	64	86	0	1
1596	279.926172	280.277275	D#4	64	88	0	4
1597	279.926172	280.433524	G4	64	82	0	3
1598	280.146760	280.582421	G3	64	63	1	-1
1599	280.367348	280.733156	G#5	64	85	0	1
1600	280.367348	280.492348	C4	64	86	0	1
1601	280.587936	280.850803	C4	64	89	0	1
1602	280.587936	280.874700	D#4	64	87	0	4
1603	280.808524	281.189038	F5	64	88	0	3
1604	280.808524	280.970289	G3	64	84	1	-1
1605	281.029112	281.190877	C4	64	87	0	1
1606	281.249700	281.676170	D#5	64	87	0	1
1607	281.470288	281.538303	C#2	64	90	1	-4
1608	281.470288	281.872861	G#3	64	82	1	-5
1609	281.470288	281.942714	F4	64	86	0	1
1610	281.470288	281.955582	C#4	64	82	0	2
1611	281.690876	281.803008	G#5	64	81	0	1
1612	281.911464	282.025434	G#5	64	83	0	1
1613	281.911464	282.464772	C#3	64	78	1	-2
1614	282.132052	282.273596	G#5	64	85	0	1
1615	282.132052	282.251537	G#3	64	81	1	-5
1616	282.352640	282.672493	G#5	64	86	0	1
1617	282.352640	282.405949	F4	64	88	0	1
1618	282.352640	282.602640	G#3	64	86	1	-5
1619	282.352640	282.650434	C#4	64	89	0	2
1620	282.573228	282.929845	C#3	64	86	1	-2
1621	282.793816	282.916978	G#5	64	81	0	1
1622	282.793816	282.946389	G#3	64	80	1	-5
1623	283.014404	283.635727	G#5	64	87	0	1
1624	283.014404	283.249698	G#3	64	77	1	-5
1625	283.014404	283.260727	C#4	64	86	0	2
1626	283.014404	283.303007	G#4	64	85	0	4
1627	283.234992	283.492345	C#3	64	88	1	-2
1628	283.455580	283.707418	F4	64	89	0	1
1629	283.455580	283.725800	G#3	64	86	1	-5
1630	283.676168	284.007050	F5	64	87	0	3
1631	283.676168	284.227638	C#3	64	87	1	-2
1632	283.896756	284.021756	G#3	64	81	1	-5
1633	284.117344	284.453741	G5	64	86	0	5
1634	284.117344	284.358153	G#3	64	87	1	-5
1635	284.117344	284.378373	C#4	64	92	0	2
1636	284.337932	284.420653	C#3	64	81	1	-2
1637	284.558520	284.913299	G#5	64	87	0	1
1638	284.558520	284.694549	C#3	64	88	1	-2
1639	284.999696	286.014401	C6	64	87	0	5
1640	284.999696	285.293813	A#2	64	87	1	-5
1641	284.999696	285.297490	C#4	64	84	0	2
1642	284.999696	285.301166	A#3	64	80	1	-3
1643	285.440872	285.518078	A#2	64	51	1	-5
1644	285.440872	285.571387	A#3	64	73	1	-3
1645	285.440872	285.576901	C#4	64	78	0	2
1646	285.882048	286.089768	A#2	64	85	1	-5
1647	285.882048	286.122857	F3	64	85	1	-3
1648	285.882048	286.301165	A#3	64	86	1	-3
1649	285.882048	286.319548	C#4	64	88	0	2
1650	285.882048	286.326900	F4	64	90	0	1
1651	286.102636	286.260724	D#6	64	87	0	3
1652	286.323224	286.540136	C6	64	89	0	5
1653	286.323224	286.435356	A#2	64	77	1	-5
1654	286.543812	287.878369	A#5	64	86	0	3
1655	286.543812	286.650430	A#3	64	83	1	-3
1656	286.764400	286.852635	D#2	64	86	1	-2
1657	286.764400	287.040135	A#3	64	85	1	-3
1658	286.764400	287.132047	D#4	64	85	0	4
1659	287.205576	288.119178	D#3	64	85	1	-5
1660	287.426164	288.012560	A#3	64	90	1	-3
1661	287.646752	288.165134	D#4	64	91	0	4
1662	287.867340	288.034619	G#5	64	85	0	1
1663	287.867340	288.144913	G4	64	89	0	3
1664	288.087928	288.240501	A#5	64	87	0	3
1665	288.087928	288.356310	A#4	64	85	0	1
1666	288.308516	290.422484	B5	64	91	0	4
1667	288.308516	288.486825	D#5	64	92	0	1
1668	288.529104	288.799324	E2	64	86	1	-1
1669	288.970280	289.174324	E2	64	86	1	-1
1670	288.970280	289.207412	B2	64	85	1	-4
1671	288.970280	289.275427	E3	64	70	1	-4
1672	288.970280	289.275427	E4	64	80	0	5
1673	289.411456	289.643073	E2	64	90	1	-1
1674	289.411456	289.689029	E4	64	84	0	5
1675	289.411456	289.742338	B2	64	87	1	-4
1676	289.411456	289.742338	E3	64	86	1	-4
1677	289.852632	290.029102	E2	64	86	1	-1
1678	289.852632	290.100794	B2	64	84	1	-4
1679	289.852632	290.154102	G#3	64	86	1	-5
1680	289.852632	290.166970	E3	64	80	1	-4
1681	289.852632	290.183514	E4	64	82	0	5
1682	290.293808	291.644910	E2	64	89	1	-1
1683	290.293808	291.674321	B2	64	89	1	-4
1684	290.293808	291.902262	E3	64	87	1	-4
1685	290.293808	291.905939	G#3	64	87	1	-5
1686	290.293808	291.966600	E4	64	84	0	5
1687	290.734984	291.098954	E5	64	96	0	2
1688	291.176160	291.501527	F#5	64	87	0	4
1689	291.617336	291.926159	G#5	64	85	0	1
1690	292.058512	292.435350	A5	64	85	0	2
1691	292.058512	292.534614	A4	64	85	0	5
1692	292.058512	293.696378	A2	64	85	1	-1
1693	292.279100	292.615497	A3	64	82	1	-4
1694	292.499688	292.624688	E5	64	87	0	2
1695	292.499688	292.786452	E4	64	81	0	5
1696	292.499688	292.935349	E3	64	31	1	-4
1697	292.720276	293.970275	E5	64	86	0	2
1698	292.720276	293.385716	A4	64	85	0	5
1699	292.940864	293.683510	E3	64	76	1	-4
1700	293.161452	293.602628	A3	64	81	1	-4
1701	293.382040	293.720275	E4	64	82	0	5
1702	293.602628	293.784613	A4	64	80	0	5
1703	293.823216	294.308510	A3	64	85	1	-4
1704	293.823216	294.530936	E4	64	86	0	5
1705	293.823216	294.564024	A4	64	79	0	5
1706	293.823216	294.984979	A2	64	85	1	-1
1707	294.264392	294.646745	C#6	64	86	0	1
1708	294.264392	294.791965	E3	64	76	1	-4
1709	294.484980	294.637553	A3	64	75	1	-4
1710	294.705568	295.023582	B5	64	85	0	4
1711	294.705568	294.931671	A3	64	78	1	-4
1712	294.705568	295.001524	C#4	64	86	0	2
1713	294.705568	295.041965	E4	64	87	0	5
1714	294.705568	295.279097	A4	64	85	0	5
1715	294.926156	295.025421	E3	64	84	1	-4
1716	295.146744	295.470273	A5	64	85	0	2
1717	295.146744	295.260714	A3	64	85	1	-4
1718	295.587920	296.314022	B5	64	84	0	4
1719	295.587920	295.839758	C#4	64	81	0	2
1720	295.587920	296.146743	G#4	64	84	0	4
1721	295.587920	297.220271	C#3	64	85	1	-2
1722	295.808508	296.271743	G#3	64	68	1	-5
1723	296.029096	296.507037	C#4	64	80	0	2
1724	296.249684	296.711081	E4	64	85	0	5
1725	296.470272	297.433506	E5	64	86	0	2
1726	296.470272	297.207404	G#3	64	71	1	-5
1727	296.690860	297.220271	G#4	64	85	0	4
1728	296.911448	297.644903	C#4	64	83	0	2
1729	297.132036	297.786447	E4	64	80	0	5
1730	297.352624	298.633873	C#3	64	86	1	-2
1731	297.573212	298.122844	G#3	64	77	1	-5
1732	297.793800	298.174314	C#5	64	87	0	4
1733	297.793800	298.251520	C#4	64	78	0	2
1734	298.014388	298.304829	E4	64	82	0	5
1735	298.234976	298.600784	B5	64	86	0	4
1736	298.234976	298.527255	G#3	64	77	1	-5
1737	298.455564	298.565858	C#4	64	80	0	2
1738	298.455564	298.714755	E4	64	84	0	5
1739	298.455564	298.865490	G#4	64	79	0	4
1740	298.676152	298.988652	G#5	64	85	0	1
1741	298.676152	299.139387	C#4	64	78	0	2
1742	298.896740	299.157769	E4	64	78	0	5
1743	299.117328	299.472107	A5	64	84	0	2
1744	299.117328	299.850783	A4	64	82	0	5
1745	299.117328	300.736812	F#2	64	84	1	-4
1746	299.558504	299.705563	G#5	64	86	0	1
1747	299.558504	300.665120	C#3	64	80	1	-2
1748	299.779092	300.365488	A5	64	90	0	2
1749	299.779092	300.222106	C#4	64	85	0	2
1750	299.999680	300.269900	F#4	64	86	0	2
1751	300.220268	300.804826	A4	64	85	0	5
1752	300.440856	300.817694	C#6	64	86	0	1
1753	300.440856	300.775414	C#4	64	85	0	2
1754	300.661444	300.804826	F#4	64	80	0	2
1755	300.882032	301.194532	G#5	64	85	0	1
1756	300.882032	301.385708	E4	64	81	0	5
1757	300.882032	302.087913	E2	64	87	1	-1
1758	301.323208	301.483134	F#5	64	85	0	4
1759	301.323208	301.872840	B3	64	78	1	-2
1760	301.543796	302.361810	G#5	64	87	0	1
1761	301.543796	302.023575	E4	64	82	0	5
1762	301.764384	302.133869	B2	64	80	1	-4
1763	301.984972	302.372839	G#4	64	89	0	4
1764	302.205560	302.496001	E4	64	80	0	5
1765	302.426148	302.683501	E5	64	87	0	2
1766	302.426148	302.510707	B3	64	72	1	-2
1767	302.646736	304.400411	F#5	64	86	0	4
1768	302.646736	303.121000	D4	64	78	0	3
1769	302.646736	303.141221	F#4	64	85	0	2
1770	302.646736	304.027249	D3	64	88	1	-1
1771	303.087912	303.352618	A3	64	72	1	-4
1772	303.308500	303.883867	A4	64	86	0	5
1773	303.529088	304.260705	A3	64	72	1	-4
1774	303.749676	304.240484	D4	64	84	0	3
1775	303.970264	304.223940	F#4	64	81	0	2
1776	304.190852	304.304822	A4	64	72	0	5
1777	304.411440	305.027248	D4	64	81	0	3
1778	304.411440	305.051145	A4	64	79	0	5
1779	304.411440	305.604453	D3	64	87	1	-1
1780	304.852616	305.170630	E5	64	86	0	2
1781	304.852616	305.391218	A3	64	76	1	-4
1782	305.293792	305.628350	D5	64	84	0	5
1783	305.293792	305.521733	F#4	64	87	0	2
1784	305.293792	305.591586	D4	64	86	0	3
1785	305.514380	305.633865	A3	64	81	1	-4
1786	305.734968	306.093424	C#5	64	87	0	4
1787	305.734968	306.010703	C#4	64	68	0	2
1788	306.176144	306.900408	D5	64	87	0	5
1789	306.176144	306.398570	B3	64	78	1	-2
1790	306.176144	306.475776	D4	64	80	0	3
1791	306.176144	307.424304	B2	64	88	1	-4
1792	306.396732	307.359966	F#3	64	81	1	-2
1793	306.617320	306.894893	B3	64	82	1	-2
1794	306.837908	307.093422	D4	64	89	0	3
1795	307.058496	307.644892	C#6	64	87	0	1
1796	307.279084	307.472099	F#4	64	91	0	2
1797	307.499672	307.780922	D4	64	87	0	3
1798	307.720260	308.365480	B5	64	87	0	4
1799	307.720260	307.878348	B3	64	83	1	-2
1800	307.940848	308.038274	E2	64	88	1	-1
1801	307.940848	308.258862	B3	64	81	1	-2
1802	307.940848	308.332392	E4	64	85	0	5
1803	308.382024	308.758862	B5	64	87	0	4
1804	308.382024	308.959229	E3	64	84	1	-4
1805	308.602612	308.964744	G#3	64	85	1	-5
1806	308.823200	309.135700	C#6	64	86	0	1
1807	308.823200	309.045626	B3	64	86	1	-2
1808	309.043788	309.306655	E4	64	89	0	5
1809	309.264376	309.609964	D6	64	86	0	2
1810	309.264376	309.518052	G#4	64	87	0	4
1811	309.484964	309.586067	E4	64	80	0	5
1812	309.705552	311.051139	E6	64	86	0	4
1813	309.705552	309.966581	C#4	64	85	0	2
1814	309.705552	310.005184	E4	64	80	0	5
1815	309.705552	310.198199	G#4	64	79	0	4
1816	309.705552	310.968418	C#3	64	86	1	-2
1817	309.926140	310.455551	G#3	64	86	1	-5
1818	310.146728	310.269890	C#4	64	85	0	2
1819	310.367316	310.654080	C#4	64	87	0	2
1820	310.367316	310.734963	E4	64	87	0	5
1821	310.367316	310.926139	G#4	64	85	0	4
1822	310.587904	310.837904	G#3	64	85	1	-5
1823	310.808492	311.095256	C#4	64	86	0	2
1824	311.029080	311.495991	D6	64	86	0	2
1825	311.029080	311.354447	E4	64	86	0	5
1826	311.249668	311.551138	C#4	64	79	0	2
1827	311.470256	312.461064	C#6	64	85	0	1
1828	311.470256	311.584226	F#2	64	88	1	-4
1829	311.470256	312.021726	F#4	64	87	0	2
1830	311.911432	312.679814	F#3	64	76	1	-2
1831	312.132020	312.429814	A#3	64	86	1	-3
1832	312.352608	312.639372	C#4	64	86	0	2
1833	312.573196	312.856284	F#4	64	99	0	2
1834	312.793784	312.924299	B5	64	89	0	4
1835	312.793784	313.040107	A#4	64	85	0	1
1836	313.014372	313.166945	A5	64	86	0	2
1837	313.014372	313.155916	F#4	64	81	0	2
1838	313.234960	313.641210	D6	64	89	0	2
1839	313.234960	313.793783	F#4	64	83	0	2
1840	313.234960	313.878342	B4	64	81	0	2
1841	313.234960	314.848929	B2	64	82	1	-4
1842	313.676136	314.060327	C#6	64	86	0	1
1843	313.676136	314.870988	F#3	64	75	1	-2
1844	314.117312	314.337900	B5	64	87	0	4
1845	314.117312	314.314003	F#4	64	87	0	2
1846	314.117312	314.648561	D5	64	87	0	5
1847	314.117312	314.858120	B4	64	87	0	2
1848	314.337900	314.779076	A5	64	86	0	2
1849	314.558488	314.852605	F#4	64	79	0	2
1850	314.966576	315.433487	E2	64	90	1	-1
1851	314.973929	315.694516	B3	64	79	1	-2
1852	314.973929	315.700031	G#4	64	80	0	4
1853	315.034590	315.405914	C#6	64	86	0	1
1854	315.420619	315.806648	B5	64	85	0	4
1855	315.858119	316.010692	E3	64	87	1	-4
1856	315.861795	316.409589	A5	64	82	0	2
1857	315.863634	316.312163	E4	64	84	0	5
1858	315.865472	316.095251	B3	64	80	1	-2
1859	316.365471	316.795618	G#5	64	87	0	1
1860	316.749662	319.802968	A2	64	86	1	-1
1861	316.751500	317.679808	A3	64	80	1	-4
1862	316.791942	319.418777	A5	64	86	0	2
1863	317.174294	318.641204	E3	64	85	1	-4
1864	317.628338	318.069514	B3	64	86	1	-2
1865	318.065837	318.358116	C#4	64	80	0	2
1866	318.508851	318.733116	E4	64	83	0	5
1867	318.514366	318.764366	A3	64	78	1	-4
1868	318.946351	319.563997	E3	64	64	1	-4
1869	319.411424	320.005173	E4	64	72	0	5
1870	319.416939	320.016203	A4	64	73	0	5
1871	319.418777	319.830541	C#4	64	73	0	2
1872	319.426130	319.552968	A3	64	62	1	-4
1873	319.845247	320.122820	B4	64	75	0	2
1874	320.036423	320.405908	A4	64	72	0	5
1875	320.358114	320.869143	D5	64	82	0	5
1876	320.380173	321.632010	B2	64	85	1	-4
1877	320.385688	321.453701	B3	64	66	1	-2
1878	320.389364	321.440834	D4	64	75	0	3
1879	320.837893	321.451863	C#5	64	79	0	4
1880	320.854437	321.488628	F#3	64	70	1	-2
1881	321.369143	321.876495	B4	64	72	0	2
1882	321.374657	322.084215	F#4	64	82	0	2
1883	321.729436	322.446347	A4	64	74	0	5
1884	322.010686	322.236789	B4	64	78	0	2
1885	322.540097	323.115464	C#5	64	79	0	4
1886	322.672450	325.837888	E2	64	89	1	-1
1887	322.859950	325.764358	B2	64	79	1	-4
1888	322.999655	323.223920	E3	64	72	1	-4
1889	323.084214	323.630170	B4	64	79	0	2
1890	323.109949	323.279067	G#3	64	69	1	-5
1891	323.231273	323.372817	B3	64	68	1	-2
1892	323.378332	323.470243	E4	64	78	0	5
1893	323.655905	323.968404	E4	64	78	0	5
1894	323.677964	325.152227	A4	64	73	0	5
1895	323.880169	324.152228	G#4	64	71	0	4
1896	324.113625	324.302963	B4	64	77	0	2
1897	324.365463	324.495977	E5	64	89	0	2
1898	324.709212	324.909580	G#5	64	73	0	1
1899	325.087889	325.407741	B5	64	77	0	4
1900	325.497815	325.608109	E6	64	81	0	4
1901	326.157740	328.196341	G#4	64	72	0	4
1902	328.165091	334.819496	A4	64	80	0	5
1903	328.190826	328.826855	E4	64	79	0	5
1904	328.192665	329.817663	A2	64	85	1	-1
1905	328.194503	328.795605	A4	64	76	0	5
1906	328.637517	329.194502	C#4	64	75	0	2
1907	328.674282	329.791928	E3	64	61	1	-4
1908	329.109943	329.630163	E4	64	86	0	5
1909	329.111781	329.635678	A4	64	81	0	5
1910	329.536413	330.078692	C#4	64	80	0	2
1911	329.964722	331.589720	A2	64	84	1	-1
1912	329.966560	330.490456	E4	64	77	0	5
1913	329.972075	330.470236	G4	64	81	0	3
1914	330.433471	330.606265	C#4	64	66	0	2
1915	330.885676	331.547440	G4	64	82	0	3
1916	330.887515	331.413249	E4	64	85	0	5
1917	330.893029	331.036412	C#4	64	84	0	2
1918	331.317661	331.549279	C#4	64	74	0	2
1919	331.751484	332.470234	D4	64	72	0	3
1920	331.760676	332.786410	D2	64	87	1	-3
1921	331.766190	332.479425	F#4	64	73	0	2
1922	332.187146	333.212880	D3	64	87	1	-1
1923	332.646704	332.852586	D4	64	83	0	3
1924	332.648542	333.098909	F#4	64	88	0	2
1925	332.650380	333.223909	A4	64	83	0	5
1926	333.093395	333.312144	D4	64	79	0	3
1927	333.514350	334.714717	D3	64	86	1	-1
1928	333.516188	333.962879	F4	64	79	0	1
1929	333.518027	333.867291	D4	64	78	0	3
1930	333.957364	334.597070	A3	64	54	1	-4
1931	334.431629	335.690818	F4	64	86	0	1
1932	334.433467	334.681628	D4	64	82	0	3
1933	334.438982	336.038245	A4	64	84	0	5
1934	334.984937	336.052950	D4	64	74	0	3
1935	336.501479	339.418756	A2	64	83	1	-1
1936	336.768023	339.313976	E3	64	74	1	-4
1937	336.953685	337.172434	A3	64	78	1	-4
1938	337.130155	337.317655	B3	64	85	1	-2
1939	337.337875	337.558463	C#4	64	81	0	2
1940	337.516184	337.810301	E4	64	85	0	5
1941	337.725743	337.957360	A4	64	80	0	5
1942	337.955522	338.098904	B4	64	79	0	2
1943	338.234933	338.538242	C#5	64	82	0	4
1944	338.481257	338.670595	E5	64	82	0	2
1945	338.764345	338.905889	A5	64	67	0	2
1946	339.058462	339.236771	B5	64	67	0	4
1947	339.464711	339.558461	C#6	64	79	0	1
