//Version: PianoFingering_v170101
0	0.125000	1.129031	G#3	64	72	1	-5
1	0.125000	3.401206	E2	64	84	1	-1
2	0.608870	3.203626	B2	64	75	1	-4
3	1.092741	2.139111	B3	64	80	1	-2
4	1.576611	2.167337	E3	64	72	1	-4
5	2.060482	2.421369	G#3	64	58	1	-5
6	3.995964	5.006044	E3	64	76	1	-4
7	3.995964	7.100800	C#2	64	76	1	-4
8	4.479834	7.038300	G#2	64	55	1	-2
9	4.963705	5.437495	G#3	64	79	1	-5
10	5.447575	5.657253	E3	64	80	1	-4
11	5.931446	6.062494	C#4	64	83	0	2
12	7.866928	9.129023	A2	64	80	1	-1
13	8.350798	8.919346	E3	64	84	1	-4
14	8.834669	9.596765	A3	64	73	1	-4
15	9.802410	10.816522	B3	64	76	1	-2
16	9.802410	10.971764	G#2	64	85	1	-2
17	10.286280	10.953618	D#3	64	77	1	-5
18	10.770151	10.999989	G#3	64	80	1	-5
19	11.737892	11.949585	E3	64	75	1	-4
20	11.737892	12.304424	A3	64	71	1	-4
21	11.737892	13.114907	A2	64	78	1	-1
22	12.221762	12.796359	E3	64	64	1	-4
23	12.705633	13.330632	C#4	64	80	0	2
24	13.673374	14.592728	G#3	64	65	1	-5
25	13.673374	14.659260	B3	64	71	1	-2
26	13.673374	15.389098	G#2	64	79	1	-2
27	14.157244	15.397163	D#3	64	78	1	-5
28	14.641115	15.274179	D#4	64	85	0	4
29	15.608856	15.661275	G#3	64	71	1	-5
30	15.608856	16.590710	C#4	64	79	0	2
31	15.608856	17.395144	C#2	64	85	1	-4
32	16.576597	17.145145	E4	64	80	0	5
33	16.818532	17.372967	G#2	64	71	1	-2
34	17.060467	17.292322	G#3	64	69	1	-5
35	17.544338	18.145144	C#4	64	71	0	2
36	17.544338	18.189499	G#3	64	68	1	-5
37	17.544338	18.510063	C#2	64	68	1	-4
38	18.512079	18.691514	G#3	64	70	1	-5
39	18.512079	18.727804	C#4	64	74	0	2
40	18.512079	18.754014	E4	64	74	0	5
41	19.479820	19.723771	G#3	64	78	1	-5
42	19.479820	20.026190	E4	64	80	0	5
43	19.479820	21.203609	C#3	64	79	1	-2
44	20.447561	20.673367	G#3	64	80	1	-5
45	20.447561	21.122963	E4	64	81	0	5
46	20.931431	21.173367	G#3	64	65	1	-5
47	21.415302	21.713689	G#3	64	77	1	-5
48	21.415302	22.006027	E4	64	77	0	5
49	21.415302	23.316510	C#3	64	78	1	-2
50	21.899172	22.181430	D#4	64	75	0	4
51	22.141108	23.258042	C#4	64	77	0	2
52	22.866913	23.044333	G#4	64	86	0	4
53	23.108849	23.256026	B4	64	85	0	2
54	23.350784	23.483848	C#5	64	87	0	4
55	23.350784	23.600784	G#3	64	75	1	-5
56	23.350784	24.082638	C#4	64	80	0	2
57	23.350784	25.012073	C#3	64	84	1	-2
58	23.592719	23.743929	E5	64	82	0	2
59	23.834654	23.951590	E5	64	84	0	2
60	23.834654	24.383041	G#3	64	72	1	-5
61	24.076590	24.203606	E5	64	84	0	2
62	24.318525	24.653202	E5	64	85	0	2
63	24.318525	24.381025	C#4	64	46	0	2
64	24.318525	24.933444	E4	64	81	0	5
65	24.802395	24.933444	E5	64	83	0	2
66	24.802395	25.360863	G#3	64	79	1	-5
67	25.044331	25.286266	E5	64	85	0	2
68	25.286266	26.012072	E5	64	85	0	2
69	25.286266	25.828604	C#4	64	78	0	2
70	25.286266	26.705619	C#3	64	82	1	-2
71	26.012072	26.149168	E5	64	85	0	2
72	26.254007	26.447555	F#5	64	78	0	4
73	26.254007	26.461668	G#3	64	73	1	-5
74	26.254007	26.768119	E4	64	80	0	5
75	26.254007	26.770135	C#4	64	79	0	2
76	26.495942	26.709652	E5	64	80	0	2
77	26.737877	26.905216	D#5	64	86	0	1
78	26.737877	26.858845	G#3	64	59	1	-5
79	26.979813	27.126990	C#5	64	84	0	4
80	27.221748	27.409248	B4	64	85	0	2
81	27.221748	27.731828	G#3	64	73	1	-5
82	27.221748	27.745941	B3	64	76	1	-2
83	27.221748	29.056424	G#2	64	84	1	-2
84	27.463683	27.626989	C#5	64	85	0	4
85	27.705618	28.673359	B4	64	85	0	2
86	27.705618	28.326586	D#3	64	66	1	-5
87	28.189489	28.981827	G#3	64	84	1	-5
88	28.189489	29.020133	D#4	64	85	0	4
89	28.673359	29.064488	D#3	64	61	1	-5
90	28.915295	29.036262	G#4	64	84	0	4
91	29.157230	30.298358	G#4	64	85	0	4
92	29.157230	29.856826	G#3	64	71	1	-5
93	29.157230	29.868923	B3	64	71	1	-2
94	29.157230	30.907228	G#2	64	75	1	-2
95	29.641100	30.189487	D#3	64	59	1	-5
96	30.124971	30.451583	G#3	64	82	1	-5
97	30.124971	30.469729	B3	64	84	1	-2
98	30.366906	30.856825	D#3	64	79	1	-5
99	30.608841	30.774164	G#4	64	79	0	4
100	30.608841	30.931422	D#4	64	85	0	4
101	30.850777	30.993922	B4	64	80	0	2
102	30.850777	31.187470	G#3	64	73	1	-5
103	31.092712	31.243921	C#5	64	83	0	4
104	31.092712	32.100775	C#4	64	82	0	2
105	31.092712	32.542307	C#3	64	84	1	-2
106	31.334647	31.463679	E5	64	85	0	2
107	31.576582	31.681421	E5	64	83	0	2
108	31.576582	32.161259	G#3	64	69	1	-5
109	31.818518	31.943518	E5	64	84	0	2
110	32.060453	32.368920	E5	64	85	0	2
111	32.060453	33.040291	E4	64	79	0	5
112	32.544323	32.741904	F#5	64	85	0	4
113	32.544323	33.120936	G#3	64	68	1	-5
114	32.786259	32.955613	E5	64	79	0	2
115	33.028194	33.683435	G#5	64	84	0	1
116	33.028194	33.735854	C#4	64	76	0	2
117	33.028194	34.503999	C#3	64	79	1	-2
118	33.512064	33.931419	G#3	64	69	1	-5
119	33.754000	33.879000	G#5	64	77	0	1
120	33.995935	34.153193	G#5	64	85	0	1
121	33.995935	34.520128	E4	64	82	0	5
122	33.995935	35.010047	C#4	64	79	0	2
123	34.237870	34.405209	F#5	64	84	0	4
124	34.479805	34.669321	E5	64	84	0	2
125	34.479805	35.014079	G#3	64	73	1	-5
126	34.721741	34.852789	D#5	64	84	0	1
127	34.963676	35.157224	D#5	64	84	0	1
128	34.963676	35.516095	B3	64	72	1	-2
129	34.963676	36.675368	G#2	64	77	1	-2
130	35.205611	35.362869	E5	64	73	0	2
131	35.447546	36.719723	D#5	64	84	0	1
132	35.447546	36.713674	D#3	64	58	1	-5
133	35.931417	36.118917	B3	64	81	1	-2
134	35.931417	36.131013	G#3	64	76	1	-5
135	35.931417	36.133030	D#4	64	84	0	4
136	36.415287	36.709642	D#4	64	77	0	4
137	36.657223	36.812464	C#5	64	85	0	4
138	36.657223	36.937464	E4	64	79	0	5
139	36.899158	37.858834	B4	64	82	0	2
140	36.899158	37.897141	D#4	64	83	0	4
141	36.899158	38.272140	G#2	64	81	1	-2
142	37.383028	37.997947	D#3	64	75	1	-5
143	37.866899	38.139076	G#3	64	79	1	-5
144	37.866899	38.374963	B3	64	84	1	-2
145	38.108834	38.348753	D#3	64	77	1	-5
146	38.350769	38.459640	B4	64	84	0	2
147	38.350769	38.566495	G#3	64	81	1	-5
148	38.592705	38.808430	B4	64	85	0	2
149	38.834640	39.294317	C#5	64	90	0	4
150	38.834640	39.758026	A3	64	72	1	-4
151	38.834640	39.834639	C#4	64	76	0	2
152	38.834640	40.274155	A2	64	85	1	-1
153	39.318510	39.491897	E5	64	79	0	2
154	39.318510	39.965687	E3	64	66	1	-4
155	39.560446	39.711655	E5	64	79	0	2
156	39.802381	40.175364	E5	64	84	0	2
157	39.802381	41.276170	E4	64	84	0	5
158	40.286251	40.647138	F#5	64	85	0	4
159	40.286251	40.707622	E3	64	78	1	-4
160	40.528187	41.459637	A3	64	72	1	-4
161	40.770122	41.459637	E5	64	80	0	2
162	40.770122	41.935443	A2	64	79	1	-1
163	41.253992	42.006008	E3	64	67	1	-4
164	41.495928	41.610847	E5	64	85	0	2
165	41.737863	41.917298	E5	64	85	0	2
166	41.737863	42.054395	A3	64	84	1	-4
167	41.737863	42.118911	E4	64	81	0	5
168	41.737863	42.128992	C#4	64	84	0	2
169	41.979798	42.193508	D#5	64	86	0	1
170	42.221733	42.417298	C#5	64	85	0	4
171	42.221733	42.556410	A2	64	75	1	-1
172	42.463669	42.594717	B4	64	84	0	2
173	42.705604	42.878991	B4	64	84	0	2
174	42.705604	43.239878	G#3	64	73	1	-5
175	42.705604	43.247942	B3	64	77	1	-2
176	42.705604	44.501973	G#2	64	84	1	-2
177	42.947539	43.094716	C#5	64	86	0	4
178	43.189474	43.927377	B4	64	84	0	2
179	43.189474	43.756006	D#3	64	70	1	-5
180	43.673345	43.973748	G#3	64	79	1	-5
181	43.673345	44.076570	D#4	64	86	0	4
182	43.915280	44.542296	D#3	64	73	1	-5
183	44.157215	44.518102	F#4	64	80	0	2
184	44.157215	44.481812	C#4	64	78	0	2
185	44.399151	44.705602	D#4	64	80	0	4
186	44.641086	45.282214	G#4	64	78	0	4
187	44.641086	45.221730	G#3	64	70	1	-5
188	44.641086	45.253989	B3	64	70	1	-2
189	44.641086	45.935439	G#2	64	72	1	-2
190	45.124956	45.885036	D#3	64	65	1	-5
191	45.608827	45.828585	B3	64	85	1	-2
192	45.608827	45.864875	G#3	64	80	1	-5
193	46.092697	46.256004	F#5	64	85	0	4
194	46.334633	46.481810	G#5	64	84	0	1
195	46.576568	46.774148	F#5	64	84	0	4
196	46.576568	47.239874	C#4	64	78	0	2
197	46.576568	47.548341	F#3	64	79	1	-2
198	46.576568	48.314469	F#2	64	84	1	-4
199	46.818503	46.961648	E5	64	82	0	2
200	47.060438	47.237858	F#5	64	85	0	4
201	47.060438	48.298340	C#3	64	74	1	-2
202	47.302374	47.447535	E5	64	80	0	2
203	47.544309	47.891083	F#5	64	84	0	4
204	47.544309	47.810438	A3	64	85	1	-4
205	47.786244	48.612856	F#3	64	81	1	-2
206	48.028179	48.193502	F#5	64	85	0	4
207	48.028179	48.963662	C#4	64	80	0	2
208	48.270115	48.407211	E5	64	84	0	2
209	48.270115	48.814469	A3	64	75	1	-4
210	48.512050	49.042291	F#5	64	86	0	4
211	48.512050	48.963662	F#4	64	79	0	2
212	48.512050	49.782210	F#2	64	80	1	-4
213	48.995920	49.653178	C#3	64	57	1	-2
214	49.237856	49.374952	C#5	64	88	0	4
215	49.479791	49.610839	C#5	64	86	0	4
216	49.479791	49.782210	F#3	64	84	1	-2
217	49.479791	49.812452	C#4	64	82	0	2
218	49.721726	49.850758	C#5	64	88	0	4
219	49.963661	50.082613	C#5	64	89	0	4
220	50.205597	50.376967	C#5	64	88	0	4
221	50.447532	51.066483	G#5	64	84	0	1
222	50.447532	50.681403	F#3	64	77	1	-2
223	50.447532	51.304386	D#4	64	84	0	4
224	50.447532	51.397128	B2	64	78	1	-4
225	50.931402	51.201563	F#3	64	80	1	-2
226	51.173338	53.350755	F#5	64	80	0	4
227	51.415273	51.626966	F#3	64	83	1	-2
228	51.415273	52.449546	C#4	64	81	0	2
229	51.899143	52.473740	F#3	64	75	1	-2
230	52.383014	52.901159	B3	64	79	1	-2
231	52.383014	54.350754	B2	64	84	1	-4
232	53.350755	53.558416	F#3	64	80	1	-2
233	53.350755	53.818496	B3	64	85	1	-2
234	53.834625	54.012045	G#4	64	86	0	4
235	53.834625	54.282206	G#3	64	78	1	-5
236	54.076561	54.223738	B4	64	85	0	2
237	54.318496	54.451560	C#5	64	87	0	4
238	54.318496	54.568496	G#3	64	75	1	-5
239	54.318496	55.050350	C#4	64	80	0	2
240	54.318496	55.979785	C#3	64	84	1	-2
241	54.560431	54.711641	E5	64	82	0	2
242	54.802366	54.919302	E5	64	84	0	2
243	54.802366	55.350753	G#3	64	72	1	-5
244	55.044302	55.171318	E5	64	84	0	2
245	55.286237	55.620914	E5	64	85	0	2
246	55.286237	55.348737	C#4	64	46	0	2
247	55.286237	55.901156	E4	64	81	0	5
248	55.770107	55.901156	E5	64	83	0	2
249	55.770107	56.328575	G#3	64	79	1	-5
250	56.012043	56.253978	E5	64	85	0	2
251	56.253978	56.979784	E5	64	85	0	2
252	56.253978	56.796316	C#4	64	78	0	2
253	56.253978	57.673331	C#3	64	82	1	-2
254	56.979784	57.116880	E5	64	85	0	2
255	57.221719	57.415267	F#5	64	78	0	4
256	57.221719	57.429380	G#3	64	73	1	-5
257	57.221719	57.735831	E4	64	80	0	5
258	57.221719	57.737847	C#4	64	79	0	2
259	57.463654	57.677364	E5	64	80	0	2
260	57.705589	57.872928	D#5	64	86	0	1
261	57.705589	57.826557	G#3	64	59	1	-5
262	57.947525	58.094702	C#5	64	84	0	4
263	58.189460	58.376960	B4	64	85	0	2
264	58.189460	58.699540	G#3	64	73	1	-5
265	58.189460	58.713653	B3	64	76	1	-2
266	58.189460	60.024136	G#2	64	84	1	-2
267	58.431395	58.594701	C#5	64	85	0	4
268	58.673330	59.641071	B4	64	85	0	2
269	58.673330	59.294298	D#3	64	66	1	-5
270	59.157201	59.949539	G#3	64	84	1	-5
271	59.157201	59.987845	D#4	64	85	0	4
272	59.641071	60.032200	D#3	64	61	1	-5
273	59.883007	60.003974	G#4	64	84	0	4
274	60.124942	61.266070	G#4	64	85	0	4
275	60.124942	60.824538	G#3	64	71	1	-5
276	60.124942	60.836635	B3	64	71	1	-2
277	60.124942	61.874940	G#2	64	75	1	-2
278	60.608812	61.157199	D#3	64	59	1	-5
279	61.092683	61.419295	G#3	64	82	1	-5
280	61.092683	61.437441	B3	64	84	1	-2
281	61.334618	61.824537	D#3	64	79	1	-5
282	61.576553	61.741876	G#4	64	79	0	4
283	61.576553	61.899134	D#4	64	85	0	4
284	61.818489	61.961634	B4	64	80	0	2
285	61.818489	62.155182	G#3	64	73	1	-5
286	62.060424	62.211633	C#5	64	83	0	4
287	62.060424	63.068487	C#4	64	82	0	2
288	62.060424	63.510019	C#3	64	84	1	-2
289	62.302359	62.431391	E5	64	85	0	2
290	62.544294	62.649133	E5	64	83	0	2
291	62.544294	63.128971	G#3	64	69	1	-5
292	62.786230	62.911230	E5	64	84	0	2
293	63.028165	63.336632	E5	64	85	0	2
294	63.028165	64.008003	E4	64	79	0	5
295	63.512035	63.709616	F#5	64	85	0	4
296	63.512035	64.088648	G#3	64	68	1	-5
297	63.753971	63.923325	E5	64	79	0	2
298	63.995906	64.651147	G#5	64	84	0	1
299	63.995906	64.703566	C#4	64	76	0	2
300	63.995906	65.471711	C#3	64	79	1	-2
301	64.479776	64.899131	G#3	64	69	1	-5
302	64.721712	64.846712	G#5	64	77	0	1
303	64.963647	65.120905	G#5	64	85	0	1
304	64.963647	65.487840	E4	64	82	0	5
305	64.963647	65.977759	C#4	64	79	0	2
306	65.205582	65.372921	F#5	64	84	0	4
307	65.447517	65.637033	E5	64	84	0	2
308	65.447517	65.981791	G#3	64	73	1	-5
309	65.689453	65.820501	D#5	64	84	0	1
310	65.931388	66.124936	D#5	64	84	0	1
311	65.931388	66.483807	B3	64	72	1	-2
312	65.931388	67.643080	G#2	64	77	1	-2
313	66.173323	66.330581	E5	64	73	0	2
314	66.415258	67.687435	D#5	64	84	0	1
315	66.415258	67.681386	D#3	64	58	1	-5
316	66.899129	67.086629	B3	64	81	1	-2
317	66.899129	67.098725	G#3	64	76	1	-5
318	66.899129	67.100742	D#4	64	84	0	4
319	67.382999	67.677354	D#4	64	77	0	4
320	67.624935	67.780176	C#5	64	85	0	4
321	67.624935	67.905176	E4	64	79	0	5
322	67.866870	68.826546	B4	64	82	0	2
323	67.866870	68.864853	D#4	64	83	0	4
324	67.866870	69.239852	G#2	64	81	1	-2
325	68.350740	68.965659	D#3	64	75	1	-5
326	68.834611	69.106788	G#3	64	79	1	-5
327	68.834611	69.342675	B3	64	84	1	-2
328	69.076546	69.316465	D#3	64	77	1	-5
329	69.318481	69.427352	B4	64	84	0	2
330	69.318481	69.534207	G#3	64	81	1	-5
331	69.560417	69.776142	B4	64	85	0	2
332	69.802352	70.262029	C#5	64	90	0	4
333	69.802352	70.725738	A3	64	72	1	-4
334	69.802352	70.802351	C#4	64	76	0	2
335	69.802352	71.241867	A2	64	85	1	-1
336	70.286222	70.459609	E5	64	79	0	2
337	70.286222	70.933399	E3	64	66	1	-4
338	70.528158	70.679367	E5	64	79	0	2
339	70.770093	71.143076	E5	64	84	0	2
340	70.770093	72.243882	E4	64	84	0	5
341	71.253963	71.614850	F#5	64	85	0	4
342	71.253963	71.675334	E3	64	78	1	-4
343	71.495899	72.427349	A3	64	72	1	-4
344	71.737834	72.427349	E5	64	80	0	2
345	71.737834	72.903155	A2	64	79	1	-1
346	72.221704	72.973720	E3	64	67	1	-4
347	72.463640	72.578559	E5	64	85	0	2
348	72.705575	72.885010	E5	64	85	0	2
349	72.705575	73.022107	A3	64	84	1	-4
350	72.705575	73.086623	E4	64	81	0	5
351	72.705575	73.096704	C#4	64	84	0	2
352	72.947510	73.161220	D#5	64	86	0	1
353	73.189445	73.385010	C#5	64	85	0	4
354	73.189445	73.524122	A2	64	75	1	-1
355	73.431381	73.562429	B4	64	84	0	2
356	73.673316	73.846703	B4	64	84	0	2
357	73.673316	74.399122	D#4	64	82	0	4
358	73.673316	74.425331	G#3	64	76	1	-5
359	73.673316	75.266056	G#2	64	84	1	-2
360	73.915251	74.062428	C#5	64	86	0	4
361	74.157186	74.895089	B4	64	84	0	2
362	74.157186	74.737831	D#3	64	75	1	-5
363	74.641057	75.094685	B3	64	90	1	-2
364	74.882992	75.274121	D#3	64	78	1	-5
365	75.124927	75.689443	G#3	64	84	1	-5
366	75.366863	75.608798	G#5	64	80	0	1
367	75.608798	76.249926	G#5	64	78	0	1
368	75.608798	76.401136	C#4	64	83	0	2
369	75.608798	76.985813	C#3	64	85	1	-2
370	76.092668	76.973716	E3	64	69	1	-4
371	76.334604	76.669281	G#3	64	79	1	-5
372	76.576539	77.132990	E4	64	85	0	5
373	76.818474	77.076538	G#3	64	84	1	-5
374	77.060409	77.223716	F#5	64	85	0	4
375	77.060409	77.580570	D#4	64	85	0	4
376	77.302345	77.449522	G#5	64	84	0	1
377	77.302345	77.616860	G#3	64	70	1	-5
378	77.544280	77.741860	F#5	64	84	0	4
379	77.544280	78.054360	C#4	64	82	0	2
380	77.544280	79.010004	F#2	64	83	1	-4
381	77.786215	77.929360	E5	64	82	0	2
382	78.028150	78.205570	F#5	64	85	0	4
383	78.028150	78.703553	C#3	64	64	1	-2
384	78.270086	78.415247	E5	64	80	0	2
385	78.512021	78.858795	F#5	64	84	0	4
386	78.512021	78.747908	F#3	64	76	1	-2
387	78.512021	78.786214	A3	64	79	1	-4
388	78.512021	78.891053	C#4	64	83	0	2
389	78.995891	79.161214	F#5	64	85	0	4
390	78.995891	79.262020	F#3	64	55	1	-2
391	79.237827	79.374923	E5	64	84	0	2
392	79.479762	80.010003	F#5	64	86	0	4
393	79.479762	80.098713	F#3	64	75	1	-2
394	79.479762	80.132987	C#4	64	78	0	2
395	79.479762	80.943470	F#2	64	81	1	-4
396	79.963632	80.514035	C#3	64	67	1	-2
397	80.205568	80.342664	C#5	64	88	0	4
398	80.447503	80.578551	C#5	64	86	0	4
399	80.447503	80.709599	F#3	64	85	1	-2
400	80.447503	80.766051	A3	64	85	1	-4
401	80.447503	80.885002	C#4	64	85	0	2
402	80.689438	81.173309	G#5	64	88	0	1
403	80.689438	81.036212	C#3	64	77	1	-2
404	80.931373	81.247905	F#3	64	85	1	-2
405	81.173309	81.314438	A3	64	79	1	-4
406	81.415244	84.318467	F#5	64	84	0	4
407	81.415244	81.534195	B1	64	85	1	-1
408	81.415244	82.187421	B3	64	84	1	-2
409	81.415244	82.205566	F#3	64	85	1	-2
410	82.382985	82.592662	F#3	64	87	1	-2
411	82.382985	82.705565	B3	64	90	1	-2
412	82.382985	82.766049	D#4	64	88	0	4
413	82.624920	83.114839	D#3	64	78	1	-5
414	82.866855	82.937420	D#4	64	55	0	4
415	82.866855	83.141049	F#3	64	86	1	-2
416	83.108791	83.219678	B3	64	85	1	-2
417	83.350726	83.739838	D#3	64	80	1	-5
418	83.350726	83.760000	B2	64	83	1	-4
419	83.350726	83.973709	C#4	64	86	0	2
420	83.350726	84.020080	C#5	64	87	0	4
421	84.318467	84.514031	B2	64	87	1	-4
422	84.318467	84.540241	D#3	64	85	1	-5
423	84.802337	85.100724	F#2	64	68	1	-4
424	85.044273	85.134998	F#3	64	79	1	-2
425	85.286208	85.455563	D#5	64	93	0	1
426	85.286208	85.495885	D#4	64	87	0	4
427	85.286208	85.505966	D#3	64	84	1	-5
428	85.286208	85.507982	B2	64	85	1	-4
429	85.770078	86.048304	F#2	64	69	1	-4
430	86.012014	86.334594	F#3	64	87	1	-2
431	86.012014	86.334594	B3	64	87	1	-2
432	86.253949	86.526126	D#3	64	75	1	-5
433	86.253949	86.550320	B2	64	77	1	-4
434	86.495884	86.695481	F#3	64	80	1	-2
435	86.495884	86.731771	D#4	64	91	0	4
436	86.495884	86.745884	B3	64	85	1	-2
437	86.979755	87.096690	F#3	64	64	1	-2
438	87.221690	87.495883	F#3	64	84	1	-2
439	87.221690	87.499915	B2	64	86	1	-4
440	87.221690	87.499915	D#3	64	85	1	-5
441	87.221690	87.524109	B3	64	86	1	-2
442	87.221690	87.663222	F#4	64	84	0	2
443	87.705560	87.907173	D#3	64	76	1	-5
444	87.705560	87.909189	B2	64	79	1	-4
445	88.189431	88.304350	C#4	64	91	0	2
446	88.189431	88.308382	C#5	64	98	0	4
447	88.189431	88.717656	D#3	64	85	1	-5
448	88.189431	88.739834	B2	64	78	1	-4
449	88.673301	88.919269	B4	64	86	0	2
450	88.673301	88.772092	D#4	64	95	0	4
451	88.673301	88.790237	D#5	64	91	0	1
452	88.915237	89.034188	C#5	64	93	0	4
453	89.157172	89.362817	C#6	64	86	0	1
454	89.157172	89.372897	G#3	64	78	1	-5
455	89.157172	89.705558	E4	64	83	0	5
456	89.157172	90.927331	E2	64	83	1	-1
457	89.399107	89.534188	B5	64	79	0	4
458	89.641042	89.778139	B5	64	87	0	4
459	89.641042	89.935397	G#3	64	78	1	-5
460	89.882978	90.030155	B5	64	84	0	4
461	90.124913	90.253945	B5	64	90	0	4
462	90.124913	90.282171	G#3	64	84	1	-5
463	90.124913	90.346687	B3	64	86	1	-2
464	90.124913	90.356767	E4	64	85	0	5
465	90.366848	90.507977	G#5	64	76	0	1
466	90.366848	90.778138	B2	64	80	1	-4
467	90.608783	90.721686	G#5	64	79	0	1
468	90.608783	90.939428	G#3	64	77	1	-5
469	90.850719	90.959589	G#5	64	79	0	1
470	90.850719	91.030154	B3	64	81	1	-2
471	91.092654	91.286202	G#5	64	85	0	1
472	91.092654	91.598702	G#3	64	77	1	-5
473	91.092654	91.639024	B3	64	84	1	-2
474	91.092654	91.649105	E4	64	82	0	5
475	91.092654	92.374911	E2	64	84	1	-1
476	91.334589	91.467654	F#5	64	73	0	4
477	91.576524	91.701524	F#5	64	75	0	4
478	91.576524	92.116846	B2	64	64	1	-4
479	91.818460	91.945476	F#5	64	79	0	4
480	92.060395	92.253943	F#5	64	86	0	4
481	92.060395	92.298298	G#3	64	83	1	-5
482	92.060395	92.324508	B3	64	90	1	-2
483	92.060395	92.405153	E4	64	84	0	5
484	92.302330	92.429346	E5	64	79	0	2
485	92.302330	92.401120	B2	64	84	1	-4
486	92.544265	92.687410	E5	64	75	0	2
487	92.544265	92.889023	G#3	64	84	1	-5
488	92.786201	92.917249	E5	64	77	0	2
489	93.028136	93.753942	C#5	64	84	0	4
490	93.028136	93.334587	G#3	64	70	1	-5
491	93.028136	93.441442	D#4	64	85	0	4
492	93.028136	94.693457	G#2	64	85	1	-2
493	93.512006	94.026119	D#3	64	71	1	-5
494	93.753942	95.102731	B4	64	85	0	2
495	93.995877	94.187409	B3	64	85	1	-2
496	93.995877	94.215635	G#3	64	83	1	-5
497	93.995877	94.253941	D#4	64	90	0	4
498	94.237812	94.647086	D#3	64	79	1	-5
499	94.479747	94.768054	C#4	64	76	0	2
500	94.721683	94.971682	D#4	64	78	0	4
501	94.963618	95.435392	G#3	64	75	1	-5
502	94.963618	95.465634	B3	64	74	1	-2
503	94.963618	96.606761	G#2	64	84	1	-2
504	95.447488	96.022085	D#3	64	74	1	-5
505	95.931359	96.173294	G#3	64	85	1	-5
506	95.931359	96.251923	D#4	64	87	0	4
507	96.173294	96.520068	D#3	64	79	1	-5
508	96.415229	96.717648	B4	64	86	0	2
509	96.415229	96.483778	G#3	64	72	1	-5
510	96.415229	96.653132	B3	64	84	1	-2
511	96.657165	96.772084	C#5	64	91	0	4
512	96.657165	96.808374	G#3	64	75	1	-5
513	96.899100	97.108777	C#6	64	84	0	1
514	96.899100	97.471680	E4	64	85	0	5
515	96.899100	97.951518	C#3	64	85	1	-2
516	97.141035	97.262003	B5	64	84	0	4
517	97.382970	97.520067	B5	64	85	0	4
518	97.382970	97.693454	G#3	64	79	1	-5
519	97.624906	97.768051	B5	64	86	0	4
520	97.866841	98.048292	B5	64	88	0	4
521	97.866841	98.120873	G#3	64	84	1	-5
522	97.866841	98.171276	C#4	64	84	0	2
523	97.866841	98.183373	E4	64	85	0	5
524	98.108776	98.247889	G#5	64	82	0	1
525	98.108776	98.213615	C#3	64	76	1	-2
526	98.350711	98.475711	G#5	64	80	0	1
527	98.350711	98.709582	G#3	64	84	1	-5
528	98.592647	98.723695	G#5	64	78	0	1
529	98.592647	98.747888	C#4	64	76	0	2
530	98.834582	99.050307	G#5	64	85	0	1
531	98.834582	99.102727	G#3	64	80	1	-5
532	98.834582	99.233775	E4	64	80	0	5
533	98.834582	99.407162	C#4	64	84	0	2
534	98.834582	99.653129	C#2	64	85	1	-4
535	99.076517	99.207565	F#5	64	79	0	4
536	99.318452	99.447485	F#5	64	77	0	4
537	99.318452	99.509984	G#3	64	75	1	-5
538	99.560388	99.693452	F#5	64	77	0	4
539	99.802323	99.959581	F#5	64	80	0	4
540	99.802323	100.003936	G#3	64	85	1	-5
541	99.802323	100.179339	E4	64	85	0	5
542	99.802323	100.181355	C#4	64	86	0	2
543	100.044258	100.171274	E5	64	69	0	2
544	100.286193	100.427322	E5	64	76	0	2
545	100.286193	100.501919	C#2	64	87	1	-4
546	100.286193	100.584580	G#3	64	78	1	-5
547	100.286193	100.659177	C#4	64	80	0	2
548	100.528129	101.495870	G#5	64	78	0	1
549	100.770064	100.969660	F#3	64	79	1	-2
550	100.770064	101.086596	B3	64	78	1	-2
551	100.770064	101.495870	B2	64	86	1	-4
552	101.253934	101.338612	B3	64	65	1	-2
553	101.253934	101.459579	F#3	64	79	1	-2
554	101.495870	102.987804	F#5	64	84	0	4
555	101.737805	101.961595	F#3	64	85	1	-2
556	101.737805	102.062401	B3	64	86	1	-2
557	101.737805	102.264014	D#4	64	88	0	4
558	102.221675	102.554336	F#3	64	88	1	-2
559	102.705546	102.921271	F#3	64	84	1	-2
560	102.705546	103.241836	B3	64	80	1	-2
561	102.705546	103.953529	B2	64	95	1	-4
562	103.189416	103.465626	F#3	64	78	1	-2
563	103.673287	103.931351	F#3	64	85	1	-2
564	103.673287	103.997883	B3	64	86	1	-2
565	103.673287	104.034174	D#4	64	89	0	4
566	103.915222	104.141028	F#5	64	85	0	4
567	104.157157	104.384980	G#5	64	86	0	1
568	104.157157	104.290222	B3	64	79	1	-2
569	104.157157	104.306351	B2	64	90	1	-4
570	104.157157	104.336593	F#3	64	83	1	-2
571	104.399093	104.544254	F#5	64	86	0	4
572	104.641028	104.850705	F#5	64	85	0	4
573	104.641028	104.872882	E3	64	80	1	-4
574	104.641028	104.997882	A3	64	79	1	-4
575	104.641028	105.003931	C#4	64	83	0	2
576	104.641028	106.118849	A2	64	87	1	-1
577	104.882963	105.020060	E5	64	79	0	2
578	105.124898	105.266027	E5	64	79	0	2
579	105.124898	105.558366	E3	64	79	1	-4
580	105.366834	105.505946	E5	64	79	0	2
581	105.608769	106.060381	E5	64	84	0	2
582	105.608769	105.697478	A3	64	72	1	-4
583	105.608769	106.139010	E4	64	85	0	5
584	105.850704	106.108768	E3	64	85	1	-4
585	106.092639	106.328526	C#5	64	88	0	4
586	106.092639	106.380946	A3	64	81	1	-4
587	106.334575	107.272074	E5	64	82	0	2
588	106.334575	106.649090	E3	64	83	1	-4
589	106.576510	106.634978	A3	64	57	1	-4
590	106.576510	106.959574	C#4	64	82	0	2
591	106.576510	107.419251	A2	64	85	1	-1
592	106.818445	107.128929	E3	64	73	1	-4
593	107.060380	107.274090	A3	64	69	1	-4
594	107.544251	107.989815	C#5	64	95	0	4
595	107.544251	107.749896	E3	64	76	1	-4
596	107.544251	107.856751	A2	64	87	1	-1
597	107.544251	107.882960	A3	64	72	1	-4
598	107.544251	108.423282	E4	64	82	0	5
599	108.028121	108.378927	C#6	64	88	0	1
600	108.028121	108.130944	A2	64	87	1	-1
601	108.028121	108.130944	E3	64	84	1	-4
602	108.511992	108.723685	C#6	64	86	0	1
603	108.511992	108.897072	G#3	64	79	1	-5
604	108.511992	108.915217	B3	64	79	1	-2
605	108.511992	110.245861	G#2	64	85	1	-2
606	108.753927	109.098685	B5	64	85	0	4
607	108.995862	109.596668	D#3	64	74	1	-5
608	109.237798	109.368846	B5	64	84	0	4
609	109.479733	109.636991	G#5	64	77	0	1
610	109.479733	109.643039	G#3	64	85	1	-5
611	109.479733	109.657152	D#4	64	87	0	4
612	109.721668	109.826507	G#5	64	84	0	1
613	109.721668	110.070458	D#3	64	77	1	-5
614	109.963603	110.080539	G#5	64	80	0	1
615	109.963603	110.173281	B3	64	84	1	-2
616	110.205539	111.429328	G#5	64	85	0	1
617	110.205539	110.354732	G#3	64	71	1	-5
618	110.447474	110.862796	G#3	64	74	1	-5
619	110.447474	110.870861	B3	64	76	1	-2
620	110.447474	111.886989	G#2	64	79	1	-2
621	110.931344	111.395054	D#3	64	60	1	-5
622	111.173280	111.288199	G#3	64	81	1	-5
623	111.415215	111.707553	G#3	64	81	1	-5
624	111.415215	111.745860	B3	64	85	1	-2
625	111.415215	111.749892	D#4	64	86	0	4
626	111.657150	111.866827	D#3	64	86	1	-5
627	111.899085	112.024085	G#5	64	85	0	1
628	111.899085	112.020053	G#3	64	83	1	-5
629	112.141021	112.264004	G#5	64	85	0	1
630	112.382956	112.580536	G#5	64	83	0	1
631	112.382956	112.693439	F#3	64	80	1	-2
632	112.382956	112.739810	A3	64	84	1	-4
633	112.382956	112.818439	C#4	64	80	0	2
634	112.382956	113.118842	F#2	64	85	1	-4
635	112.624891	112.772068	F#5	64	80	0	4
636	112.866826	112.989810	F#5	64	80	0	4
637	112.866826	112.935375	F#3	64	85	1	-2
638	112.866826	113.112794	C#3	64	72	1	-2
639	113.108762	113.225697	F#5	64	80	0	4
640	113.350697	113.534164	F#5	64	85	0	4
641	113.350697	113.965616	F#2	64	86	1	-4
642	113.350697	114.134970	C#3	64	85	1	-2
643	113.592632	113.721664	E5	64	79	0	2
644	113.834567	113.955535	E5	64	80	0	2
645	114.076503	114.207551	E5	64	82	0	2
646	114.318438	114.751905	E5	64	82	0	2
647	114.318438	114.727712	C#4	64	90	0	2
648	114.318438	114.768034	F#3	64	85	1	-2
649	114.318438	115.586582	F#2	64	85	1	-4
650	114.802308	115.397066	C#3	64	80	1	-2
651	115.044244	115.191421	E5	64	80	0	2
652	115.044244	115.143034	F#3	64	73	1	-2
653	115.286179	115.675291	E5	64	85	0	2
654	115.286179	115.548275	F#3	64	85	1	-2
655	115.286179	115.580533	A3	64	87	1	-4
656	115.286179	115.634969	C#4	64	86	0	2
657	115.528114	115.673275	C#3	64	80	1	-2
658	115.770049	115.923275	C#5	64	90	0	4
659	115.770049	115.949485	F#3	64	81	1	-2
660	115.770049	116.116823	F#2	64	84	1	-4
661	116.011985	116.171259	E5	64	84	0	2
662	116.253920	116.872871	G#5	64	84	0	1
663	116.253920	116.489807	F#3	64	79	1	-2
664	116.253920	116.550291	B3	64	83	1	-2
665	116.253920	117.560370	B2	64	86	1	-4
666	116.737790	117.028113	B3	64	82	1	-2
667	116.979726	118.431337	F#5	64	80	0	4
668	117.221661	117.459564	F#3	64	86	1	-2
669	117.221661	117.616822	C#4	64	88	0	2
670	117.705531	118.030128	F#3	64	87	1	-2
671	118.189402	118.401095	F#3	64	84	1	-2
672	118.189402	118.513998	B3	64	84	1	-2
673	118.189402	118.747869	D#4	64	86	0	4
674	118.189402	119.280127	B2	64	86	1	-4
675	118.673272	118.778111	F#3	64	72	1	-2
676	118.915208	119.026095	B3	64	79	1	-2
677	118.915208	119.038191	D#4	64	85	0	4
678	118.915208	119.044240	F#3	64	79	1	-2
679	119.157143	119.425288	B3	64	89	1	-2
680	119.157143	119.427304	F#3	64	85	1	-2
681	119.157143	119.501901	D#4	64	89	0	4
682	119.399078	120.082545	B2	64	85	1	-4
683	119.641013	119.886981	B4	64	86	0	2
684	119.641013	119.937384	C#4	64	85	0	2
685	119.641013	119.945449	F#3	64	79	1	-2
686	119.882949	120.001900	C#5	64	93	0	4
687	119.882949	120.108755	B3	64	85	1	-2
688	120.124884	120.330529	C#6	64	86	0	1
689	120.124884	120.340609	G#3	64	78	1	-5
690	120.124884	120.673270	E4	64	83	0	5
691	120.124884	121.895043	E2	64	83	1	-1
692	120.366819	120.501900	B5	64	79	0	4
693	120.608754	120.745851	B5	64	87	0	4
694	120.608754	120.903109	G#3	64	78	1	-5
695	120.850690	120.997867	B5	64	84	0	4
696	121.092625	121.221657	B5	64	90	0	4
697	121.092625	121.249883	G#3	64	84	1	-5
698	121.092625	121.314399	B3	64	86	1	-2
699	121.092625	121.324479	E4	64	85	0	5
700	121.334560	121.475689	G#5	64	76	0	1
701	121.334560	121.745850	B2	64	80	1	-4
702	121.576495	121.689398	G#5	64	79	0	1
703	121.576495	121.907140	G#3	64	77	1	-5
704	121.818431	121.927301	G#5	64	79	0	1
705	121.818431	121.997866	B3	64	81	1	-2
706	122.060366	122.253914	G#5	64	85	0	1
707	122.060366	122.566414	G#3	64	77	1	-5
708	122.060366	122.606736	B3	64	84	1	-2
709	122.060366	122.616817	E4	64	82	0	5
710	122.060366	123.342623	E2	64	84	1	-1
711	122.302301	122.435366	F#5	64	73	0	4
712	122.544236	122.669236	F#5	64	75	0	4
713	122.544236	123.084558	B2	64	64	1	-4
714	122.786172	122.913188	F#5	64	79	0	4
715	123.028107	123.221655	F#5	64	86	0	4
716	123.028107	123.266010	G#3	64	83	1	-5
717	123.028107	123.292220	B3	64	90	1	-2
718	123.028107	123.372865	E4	64	84	0	5
719	123.270042	123.397058	E5	64	79	0	2
720	123.270042	123.368832	B2	64	84	1	-4
721	123.511977	123.655122	E5	64	75	0	2
722	123.511977	123.856735	G#3	64	84	1	-5
723	123.753913	123.884961	E5	64	77	0	2
724	123.995848	124.721654	C#5	64	84	0	4
725	123.995848	124.302299	G#3	64	70	1	-5
726	123.995848	124.409154	D#4	64	85	0	4
727	123.995848	125.661169	G#2	64	85	1	-2
728	124.479718	124.993831	D#3	64	71	1	-5
729	124.721654	126.070443	B4	64	85	0	2
730	124.963589	125.155121	B3	64	85	1	-2
731	124.963589	125.183347	G#3	64	83	1	-5
732	124.963589	125.221653	D#4	64	90	0	4
733	125.205524	125.614798	D#3	64	79	1	-5
734	125.447459	125.735766	C#4	64	76	0	2
735	125.689395	125.939394	D#4	64	78	0	4
736	125.931330	126.403104	G#3	64	75	1	-5
737	125.931330	126.433346	B3	64	74	1	-2
738	125.931330	127.574473	G#2	64	84	1	-2
739	126.415200	126.989797	D#3	64	74	1	-5
740	126.899071	127.141006	G#3	64	85	1	-5
741	126.899071	127.219635	D#4	64	87	0	4
742	127.141006	127.487780	D#3	64	79	1	-5
743	127.382941	127.685360	B4	64	86	0	2
744	127.382941	127.451490	G#3	64	72	1	-5
745	127.382941	127.620844	B3	64	84	1	-2
746	127.624877	127.739796	C#5	64	91	0	4
747	127.624877	127.776086	G#3	64	75	1	-5
748	127.866812	128.076489	C#6	64	84	0	1
749	127.866812	128.439392	E4	64	85	0	5
750	127.866812	128.919230	C#3	64	85	1	-2
751	128.108747	128.229715	B5	64	84	0	4
752	128.350682	128.487779	B5	64	85	0	4
753	128.350682	128.661166	G#3	64	79	1	-5
754	128.592618	128.735763	B5	64	86	0	4
755	128.834553	129.016004	B5	64	88	0	4
756	128.834553	129.088585	G#3	64	84	1	-5
757	128.834553	129.138988	C#4	64	84	0	2
758	128.834553	129.151085	E4	64	85	0	5
759	129.076488	129.215601	G#5	64	82	0	1
760	129.076488	129.181327	C#3	64	76	1	-2
761	129.318423	129.443423	G#5	64	80	0	1
762	129.318423	129.677294	G#3	64	84	1	-5
763	129.560359	129.691407	G#5	64	78	0	1
764	129.560359	129.715600	C#4	64	76	0	2
765	129.802294	130.018019	G#5	64	85	0	1
766	129.802294	130.070439	G#3	64	80	1	-5
767	129.802294	130.201487	E4	64	80	0	5
768	129.802294	130.374874	C#4	64	84	0	2
769	129.802294	130.620841	C#2	64	85	1	-4
770	130.044229	130.175277	F#5	64	79	0	4
771	130.286164	130.415197	F#5	64	77	0	4
772	130.286164	130.477696	G#3	64	75	1	-5
773	130.528100	130.661164	F#5	64	77	0	4
774	130.770035	130.927293	F#5	64	80	0	4
775	130.770035	130.971648	G#3	64	85	1	-5
776	130.770035	131.147051	E4	64	85	0	5
777	130.770035	131.149067	C#4	64	86	0	2
778	131.011970	131.138986	E5	64	69	0	2
779	131.253905	131.395034	E5	64	76	0	2
780	131.253905	131.469631	C#2	64	87	1	-4
781	131.253905	131.552292	G#3	64	78	1	-5
782	131.253905	131.626889	C#4	64	80	0	2
783	131.495841	132.463582	G#5	64	78	0	1
784	131.737776	131.937372	F#3	64	79	1	-2
785	131.737776	132.054308	B3	64	78	1	-2
786	131.737776	132.463582	B2	64	86	1	-4
787	132.221646	132.306324	B3	64	65	1	-2
788	132.221646	132.427291	F#3	64	79	1	-2
789	132.463582	133.955516	F#5	64	84	0	4
790	132.705517	132.929307	F#3	64	85	1	-2
791	132.705517	133.030113	B3	64	86	1	-2
792	132.705517	133.231726	D#4	64	88	0	4
793	133.189387	133.522048	F#3	64	88	1	-2
794	133.673258	133.888983	F#3	64	84	1	-2
795	133.673258	134.209548	B3	64	80	1	-2
796	133.673258	134.921241	B2	64	95	1	-4
797	134.157128	134.433338	F#3	64	78	1	-2
798	134.640999	134.899063	F#3	64	85	1	-2
799	134.640999	134.965595	B3	64	86	1	-2
800	134.640999	135.001886	D#4	64	89	0	4
801	134.882934	135.108740	F#5	64	85	0	4
802	135.124869	135.352692	G#5	64	86	0	1
803	135.124869	135.257934	B3	64	79	1	-2
804	135.124869	135.274063	B2	64	90	1	-4
805	135.124869	135.304305	F#3	64	83	1	-2
806	135.366805	135.511966	F#5	64	86	0	4
807	135.608740	135.818417	F#5	64	85	0	4
808	135.608740	135.840594	E3	64	80	1	-4
809	135.608740	135.965594	A3	64	79	1	-4
810	135.608740	135.971643	C#4	64	83	0	2
811	135.608740	137.086561	A2	64	87	1	-1
812	135.850675	135.987772	E5	64	79	0	2
813	136.092610	136.233739	E5	64	79	0	2
814	136.092610	136.526078	E3	64	79	1	-4
815	136.334546	136.473658	E5	64	79	0	2
816	136.576481	137.028093	E5	64	84	0	2
817	136.576481	136.665190	A3	64	72	1	-4
818	136.576481	137.106722	E4	64	85	0	5
819	136.818416	137.076480	E3	64	85	1	-4
820	137.060351	137.296238	C#5	64	88	0	4
821	137.060351	137.348658	A3	64	81	1	-4
822	137.302287	138.239786	E5	64	82	0	2
823	137.302287	137.616802	E3	64	83	1	-4
824	137.544222	137.602690	A3	64	57	1	-4
825	137.544222	137.927286	C#4	64	82	0	2
826	137.544222	138.386963	A2	64	85	1	-1
827	137.786157	138.096641	E3	64	73	1	-4
828	138.028092	138.241802	A3	64	69	1	-4
829	138.511963	138.957527	C#5	64	95	0	4
830	138.511963	138.717608	E3	64	76	1	-4
831	138.511963	138.824463	A2	64	87	1	-1
832	138.511963	138.850672	A3	64	72	1	-4
833	138.511963	139.390994	E4	64	82	0	5
834	138.995833	139.346639	C#6	64	88	0	1
835	138.995833	139.098656	A2	64	87	1	-1
836	138.995833	139.098656	E3	64	84	1	-4
837	139.479704	139.691397	C#6	64	86	0	1
838	139.479704	139.864784	G#3	64	79	1	-5
839	139.479704	139.882929	B3	64	79	1	-2
840	139.479704	141.213573	G#2	64	85	1	-2
841	139.721639	140.066397	B5	64	85	0	4
842	139.963574	140.564380	D#3	64	74	1	-5
843	140.205510	140.336558	B5	64	84	0	4
844	140.447445	140.604703	G#5	64	77	0	1
845	140.447445	140.610751	G#3	64	85	1	-5
846	140.447445	140.624864	D#4	64	87	0	4
847	140.689380	140.794219	G#5	64	84	0	1
848	140.689380	141.038170	D#3	64	77	1	-5
849	140.931315	141.048251	G#5	64	80	0	1
850	140.931315	141.140993	B3	64	84	1	-2
851	141.173251	142.397040	G#5	64	85	0	1
852	141.173251	141.322444	G#3	64	71	1	-5
853	141.415186	141.830508	G#3	64	74	1	-5
854	141.415186	141.838573	B3	64	76	1	-2
855	141.415186	142.854701	G#2	64	79	1	-2
856	141.899056	142.362766	D#3	64	60	1	-5
857	142.140992	142.255911	G#3	64	81	1	-5
858	142.382927	142.675265	G#3	64	81	1	-5
859	142.382927	142.713572	B3	64	85	1	-2
860	142.382927	142.717604	D#4	64	86	0	4
861	142.624862	142.834539	D#3	64	86	1	-5
862	142.866797	143.352684	B4	64	85	0	2
863	142.866797	142.987765	G#3	64	83	1	-5
864	143.108733	143.592603	G#5	64	85	0	1
865	143.350668	143.844619	F#3	64	79	1	-2
866	143.350668	143.856716	A3	64	73	1	-4
867	143.350668	143.862764	C#4	64	83	0	2
868	143.350668	145.102682	F#2	64	85	1	-4
869	143.834538	144.318409	F#5	64	80	0	4
870	143.834538	144.380909	C#3	64	74	1	-2
871	144.318409	144.568409	F#3	64	84	1	-2
872	144.318409	144.655102	A3	64	87	1	-4
873	144.318409	144.695425	C#4	64	87	0	2
874	144.560344	145.082521	C#3	64	79	1	-2
875	144.802279	145.034134	E5	64	80	0	2
876	144.802279	145.118811	F#3	64	83	1	-2
877	145.044215	145.286150	C#5	64	82	0	4
878	145.044215	145.165182	A3	64	84	1	-4
879	145.286150	145.719617	G#5	64	82	0	1
880	145.286150	145.554295	F#3	64	79	1	-2
881	145.286150	145.989778	B3	64	83	1	-2
882	145.286150	146.695423	B2	64	84	1	-4
883	145.770020	146.403084	F#5	64	85	0	4
884	145.770020	146.028085	F#3	64	76	1	-2
885	146.253891	146.463568	F#3	64	85	1	-2
886	146.253891	146.616794	B3	64	84	1	-2
887	146.253891	146.733729	D#4	64	85	0	4
888	146.495826	146.687358	E5	64	79	0	2
889	146.737761	146.953487	E5	64	86	0	2
890	146.737761	146.838568	F#3	64	72	1	-2
891	146.979697	147.199454	C#5	64	84	0	4
892	147.221632	147.935341	F#5	64	84	0	4
893	147.221632	147.636954	G#3	64	72	1	-5
894	147.221632	147.673244	E3	64	71	1	-4
895	147.221632	148.451469	E2	64	85	1	-1
896	147.705502	148.290179	B2	64	67	1	-4
897	147.947438	151.040177	E5	64	84	0	2
898	148.189373	148.372840	B3	64	83	1	-2
899	148.189373	148.421227	E3	64	80	1	-4
900	148.915179	149.032114	G#3	64	65	1	-5
901	148.915179	149.056308	B3	64	72	1	-2
902	149.157114	149.554291	E4	64	84	0	5
903	149.157114	149.594613	G#3	64	79	1	-5
904	149.157114	149.614775	B3	64	84	1	-2
905	149.157114	150.782112	E2	64	85	1	-1
906	149.640984	150.211548	B2	64	71	1	-4
907	150.124855	150.374855	E3	64	83	1	-4
908	150.124855	150.461548	G#3	64	86	1	-5
909	150.124855	150.747838	B3	64	85	1	-2
910	150.124855	151.050257	E4	64	82	0	5
911	150.366790	150.798241	B2	64	78	1	-4
912	150.608725	150.689370	G#3	64	68	1	-5
913	150.608725	150.997838	E3	64	86	1	-4
914	150.850661	150.929290	B3	64	49	1	-2
915	150.850661	151.020015	G#3	64	80	1	-5
916	151.092596	151.513966	E4	64	78	0	5
917	151.092596	152.899046	E2	64	84	1	-1
918	151.334531	151.655095	G#3	64	70	1	-5
919	151.576466	151.854692	B3	64	70	1	-2
920	151.818402	152.399046	E4	64	83	0	5
921	152.060337	152.903078	B2	64	75	1	-4
922	152.302272	152.630901	G#3	64	79	1	-5
923	152.544207	152.884933	B3	64	76	1	-2
924	152.786143	152.953481	E4	64	78	0	5
925	153.028078	153.302271	G#3	64	77	1	-5
926	153.028078	153.407110	B3	64	80	1	-2
927	153.028078	153.419207	E4	64	84	0	5
928	153.028078	154.326464	E2	64	84	1	-1
929	153.270013	154.122835	B2	64	76	1	-4
930	153.511948	153.776061	G#3	64	70	1	-5
931	153.995819	154.225657	G#3	64	85	1	-5
932	153.995819	154.300254	B3	64	88	1	-2
933	153.995819	154.358722	E4	64	85	0	5
934	154.237754	154.342593	B2	64	79	1	-4
935	154.479689	154.834528	G#3	64	73	1	-5
936	154.721625	154.810334	B3	64	77	1	-2
937	154.963560	155.219608	G#3	64	78	1	-5
938	154.963560	155.471624	B3	64	84	1	-2
939	154.963560	156.729687	G#2	64	84	1	-2
940	155.205495	156.715574	D#3	64	82	1	-5
941	155.447430	155.723640	G#3	64	74	1	-5
942	155.689366	155.993801	B3	64	77	1	-2
943	155.931301	156.247833	D#4	64	91	0	4
944	156.173236	156.483720	B3	64	77	1	-2
945	156.415171	157.080493	G#3	64	84	1	-5
946	156.657107	157.481703	D#4	64	85	0	4
947	156.899042	158.054283	G#2	64	85	1	-2
948	157.140977	157.814364	D#3	64	73	1	-5
949	157.382912	157.921218	G#3	64	75	1	-5
950	157.624848	158.132912	B3	64	80	1	-2
951	157.866783	158.614766	D#3	64	85	1	-5
952	158.108718	158.534121	G#3	64	79	1	-5
953	158.350653	158.653072	B3	64	86	1	-2
954	158.592589	158.886943	D#4	64	83	0	4
955	158.834524	159.392991	C#4	64	80	0	2
956	158.834524	160.346619	A2	64	85	1	-1
957	159.076459	160.159119	E3	64	67	1	-4
958	159.318394	159.905087	A3	64	77	1	-4
959	159.560330	160.562345	E4	64	85	0	5
960	160.044200	160.669200	C#4	64	83	0	2
961	160.286135	160.649038	E3	64	80	1	-4
962	160.528071	160.681296	A3	64	82	1	-4
963	160.770006	161.286134	B3	64	77	1	-2
964	160.770006	162.435327	G#2	64	86	1	-2
965	161.011941	161.576457	D#3	64	81	1	-5
966	161.253876	161.548231	G#3	64	78	1	-5
967	161.495812	161.999843	D#4	64	90	0	4
968	161.737747	162.499843	D#3	64	78	1	-5
969	161.979682	162.261940	B3	64	85	1	-2
970	162.221617	162.576456	G#3	64	79	1	-5
971	162.705488	162.755891	B3	64	81	1	-2
972	162.705488	164.505889	E2	64	80	1	-1
973	162.947423	164.445406	B2	64	73	1	-4
974	163.189358	163.580487	E3	64	78	1	-4
975	163.431294	163.921213	E4	64	84	0	5
976	163.915164	164.193390	B3	64	85	1	-2
977	164.157099	164.445406	G#3	64	72	1	-5
978	164.399035	165.221614	B3	64	84	1	-2
979	164.640970	166.017985	E2	64	84	1	-1
980	164.882905	165.497824	B2	64	77	1	-4
981	165.124840	165.824436	E3	64	80	1	-4
982	165.366776	166.155081	E4	64	84	0	5
983	165.608711	166.011936	B2	64	77	1	-4
984	165.850646	166.151049	B3	64	84	1	-2
985	166.092581	166.193388	E3	64	85	1	-4
986	166.576452	166.753871	G#3	64	72	1	-5
987	166.576452	166.880887	C#4	64	76	0	2
988	166.576452	168.388950	C#3	64	79	1	-2
989	166.818387	167.380887	G#3	64	73	1	-5
990	167.060322	167.322419	C#4	64	74	0	2
991	167.302258	167.772015	E4	64	85	0	5
992	167.544193	168.076450	G#3	64	75	1	-5
993	167.786128	168.110725	C#4	64	75	0	2
994	168.028063	168.540160	E4	64	79	0	5
995	168.269999	168.570402	G#3	64	80	1	-5
996	168.511934	168.806288	C#4	64	84	0	2
997	168.511934	169.417175	C#3	64	88	1	-2
998	168.753869	169.191369	G#3	64	80	1	-5
999	168.995804	169.300240	C#4	64	83	0	2
1000	169.237740	169.693384	E4	64	87	0	5
1001	169.479675	169.939352	G#3	64	86	1	-5
1002	169.721610	170.094594	C#4	64	85	0	2
1003	169.963545	170.213545	E4	64	86	0	5
1004	170.205481	170.336529	G#3	64	80	1	-5
1005	170.447416	170.725641	F#3	64	80	1	-2
1006	170.447416	170.894996	C#4	64	83	0	2
1007	170.447416	172.201446	F#2	64	84	1	-4
1008	170.689351	172.124834	C#3	64	70	1	-2
1009	170.931286	171.522012	F#3	64	85	1	-2
1010	171.173222	171.528060	A3	64	75	1	-4
1011	171.415157	171.765963	F#4	64	84	0	2
1012	171.657092	171.989753	C#4	64	85	0	2
1013	171.899027	172.128866	A3	64	86	1	-4
1014	172.140963	172.280075	F#3	64	85	1	-2
1015	172.382898	172.526043	F#3	64	84	1	-2
1016	172.382898	172.689349	B3	64	84	1	-2
1017	172.382898	173.892977	B2	64	88	1	-4
1018	172.624833	173.001849	F#3	64	83	1	-2
1019	172.866768	173.163139	B3	64	80	1	-2
1020	173.108704	173.306284	C#4	64	84	0	2
1021	173.350639	173.632897	D#4	64	77	0	4
1022	173.592574	173.894993	C#4	64	78	0	2
1023	173.834509	174.030074	B3	64	76	1	-2
1024	174.183299	175.197411	G#3	64	74	1	-5
1025	174.241767	175.136927	C#4	64	76	0	2
1026	174.267977	175.967572	C#2	64	88	1	-4
1027	174.316364	175.169186	E4	64	84	0	5
1028	175.274024	175.874830	C#4	64	78	0	2
1029	175.743782	175.941362	G#3	64	60	1	-5
1030	176.217572	177.005877	E4	64	78	0	5
1031	176.219588	176.991764	C#4	64	75	0	2
1032	176.221604	177.044184	G#3	64	75	1	-5
1033	177.205474	177.578457	E4	64	80	0	5
1034	177.207490	177.574425	C#4	64	80	0	2
1035	178.189344	178.461521	G#3	64	73	1	-5
1036	178.189344	178.769988	C#4	64	77	0	2
1037	178.189344	182.104663	C#2	64	80	1	-4
1038	178.673214	178.991762	G#3	64	66	1	-5
1039	179.157085	179.806278	E4	64	80	0	5
1040	179.640955	179.882891	G#3	64	83	1	-5
1041	180.124826	180.328455	G#3	64	73	1	-5
1042	180.124826	180.735712	C#4	64	78	0	2
1043	180.608696	180.886922	G#3	64	53	1	-5
1044	181.092567	181.191357	C#4	64	72	0	2
1045	181.092567	181.344583	E4	64	78	0	5
1046	181.092567	181.354663	G#3	64	81	1	-5
1047	181.576437	181.753857	G#4	64	86	0	4
1048	181.576437	181.876840	B3	64	80	1	-2
1049	181.818373	181.965550	B4	64	85	0	2
1050	181.818373	182.028050	C#4	64	79	0	2
1051	182.060308	182.193372	C#5	64	87	0	4
1052	182.060308	182.310308	G#3	64	75	1	-5
1053	182.060308	182.792162	C#4	64	80	0	2
1054	182.060308	183.721597	C#3	64	84	1	-2
1055	182.302243	182.453453	E5	64	82	0	2
1056	182.544178	182.661114	E5	64	84	0	2
1057	182.544178	183.092565	G#3	64	72	1	-5
1058	182.786114	182.913130	E5	64	84	0	2
1059	183.028049	183.362726	E5	64	85	0	2
1060	183.028049	183.090549	C#4	64	46	0	2
1061	183.028049	183.642968	E4	64	81	0	5
1062	183.511919	183.642968	E5	64	83	0	2
1063	183.511919	184.070387	G#3	64	79	1	-5
1064	183.753855	183.995790	E5	64	85	0	2
1065	183.995790	184.721596	E5	64	85	0	2
1066	183.995790	184.538128	C#4	64	78	0	2
1067	183.995790	185.415143	C#3	64	82	1	-2
1068	184.721596	184.858692	E5	64	85	0	2
1069	184.963531	185.157079	F#5	64	78	0	4
1070	184.963531	185.171192	G#3	64	73	1	-5
1071	184.963531	185.477643	E4	64	80	0	5
1072	184.963531	185.479659	C#4	64	79	0	2
1073	185.205466	185.419176	E5	64	80	0	2
1074	185.447401	185.614740	D#5	64	86	0	1
1075	185.447401	185.568369	G#3	64	59	1	-5
1076	185.689337	185.836514	C#5	64	84	0	4
1077	185.931272	186.118772	B4	64	85	0	2
1078	185.931272	186.441352	G#3	64	73	1	-5
1079	185.931272	186.455465	B3	64	76	1	-2
1080	185.931272	187.765948	G#2	64	84	1	-2
1081	186.173207	186.336513	C#5	64	85	0	4
1082	186.415142	187.382883	B4	64	85	0	2
1083	186.415142	187.036110	D#3	64	66	1	-5
1084	186.899013	187.691351	G#3	64	84	1	-5
1085	186.899013	187.729657	D#4	64	85	0	4
1086	187.382883	187.774012	D#3	64	61	1	-5
1087	187.624819	187.745786	G#4	64	84	0	4
1088	187.866754	189.007882	G#4	64	85	0	4
1089	187.866754	188.566350	G#3	64	71	1	-5
1090	187.866754	188.578447	B3	64	71	1	-2
1091	187.866754	189.616752	G#2	64	75	1	-2
1092	188.350624	188.899011	D#3	64	59	1	-5
1093	188.834495	189.161107	G#3	64	82	1	-5
1094	188.834495	189.179253	B3	64	84	1	-2
1095	189.076430	189.566349	D#3	64	79	1	-5
1096	189.318365	189.483688	G#4	64	79	0	4
1097	189.318365	189.640946	D#4	64	85	0	4
1098	189.560301	189.703446	B4	64	80	0	2
1099	189.560301	189.896994	G#3	64	73	1	-5
1100	189.802236	189.953445	C#5	64	83	0	4
1101	189.802236	190.810299	C#4	64	82	0	2
1102	189.802236	191.251831	C#3	64	84	1	-2
1103	190.044171	190.173203	E5	64	85	0	2
1104	190.286106	190.390945	E5	64	83	0	2
1105	190.286106	190.870783	G#3	64	69	1	-5
1106	190.528042	190.653042	E5	64	84	0	2
1107	190.769977	191.078444	E5	64	85	0	2
1108	190.769977	191.749815	E4	64	79	0	5
1109	191.253847	191.451428	F#5	64	85	0	4
1110	191.253847	191.830460	G#3	64	68	1	-5
1111	191.495783	191.665137	E5	64	79	0	2
1112	191.737718	192.392959	G#5	64	84	0	1
1113	191.737718	192.445378	C#4	64	76	0	2
1114	191.737718	193.213523	C#3	64	79	1	-2
1115	192.221588	192.640943	G#3	64	69	1	-5
1116	192.463524	192.588524	G#5	64	77	0	1
1117	192.705459	192.862717	G#5	64	85	0	1
1118	192.705459	193.229652	E4	64	82	0	5
1119	192.705459	193.719571	C#4	64	79	0	2
1120	192.947394	193.114733	F#5	64	84	0	4
1121	193.189329	193.378845	E5	64	84	0	2
1122	193.189329	193.723603	G#3	64	73	1	-5
1123	193.431265	193.562313	D#5	64	84	0	1
1124	193.673200	193.866748	D#5	64	84	0	1
1125	193.673200	194.225619	B3	64	72	1	-2
1126	193.673200	195.384892	G#2	64	77	1	-2
1127	193.915135	194.072393	E5	64	73	0	2
1128	194.157070	195.429247	D#5	64	84	0	1
1129	194.157070	195.423198	D#3	64	58	1	-5
1130	194.640941	194.828441	B3	64	81	1	-2
1131	194.640941	194.840537	G#3	64	76	1	-5
1132	194.640941	194.842554	D#4	64	84	0	4
1133	195.124811	195.419166	D#4	64	77	0	4
1134	195.366747	195.521988	C#5	64	85	0	4
1135	195.366747	195.646988	E4	64	79	0	5
1136	195.608682	196.568358	B4	64	82	0	2
1137	195.608682	196.606665	D#4	64	83	0	4
1138	195.608682	196.981664	G#2	64	81	1	-2
1139	196.092552	196.707471	D#3	64	75	1	-5
1140	196.576423	196.848600	G#3	64	79	1	-5
1141	196.576423	197.084487	B3	64	84	1	-2
1142	196.818358	197.058277	D#3	64	77	1	-5
1143	197.060293	197.169164	B4	64	84	0	2
1144	197.060293	197.276019	G#3	64	81	1	-5
1145	197.302229	197.517954	B4	64	85	0	2
1146	197.544164	198.003841	C#5	64	90	0	4
1147	197.544164	198.467550	A3	64	72	1	-4
1148	197.544164	198.544163	C#4	64	76	0	2
1149	197.544164	198.983679	A2	64	85	1	-1
1150	198.028034	198.201421	E5	64	79	0	2
1151	198.028034	198.675211	E3	64	66	1	-4
1152	198.269970	198.421179	E5	64	79	0	2
1153	198.511905	198.884888	E5	64	84	0	2
1154	198.511905	199.985694	E4	64	84	0	5
1155	198.995775	199.356662	F#5	64	85	0	4
1156	198.995775	199.417146	E3	64	78	1	-4
1157	199.237711	200.169161	A3	64	72	1	-4
1158	199.479646	200.169161	E5	64	80	0	2
1159	199.479646	200.644967	A2	64	79	1	-1
1160	199.963516	200.715532	E3	64	67	1	-4
1161	200.205452	200.320371	E5	64	85	0	2
1162	200.447387	200.626822	E5	64	85	0	2
1163	200.447387	200.763919	A3	64	84	1	-4
1164	200.447387	200.828435	E4	64	81	0	5
1165	200.447387	200.838516	C#4	64	84	0	2
1166	200.689322	200.903032	D#5	64	86	0	1
1167	200.931257	201.126822	C#5	64	85	0	4
1168	200.931257	201.265934	A2	64	75	1	-1
1169	201.173193	201.304241	B4	64	84	0	2
1170	201.415128	201.588515	B4	64	84	0	2
1171	201.415128	202.140934	D#4	64	82	0	4
1172	201.415128	202.167143	G#3	64	76	1	-5
1173	201.415128	203.007868	G#2	64	84	1	-2
1174	201.657063	201.804240	C#5	64	86	0	4
1175	201.898998	202.636901	B4	64	84	0	2
1176	201.898998	202.479643	D#3	64	75	1	-5
1177	202.382869	202.836497	B3	64	90	1	-2
1178	202.624804	203.015933	D#3	64	78	1	-5
1179	202.866739	203.431255	G#3	64	84	1	-5
1180	203.108675	203.350610	G#5	64	80	0	1
1181	203.350610	203.991738	G#5	64	78	0	1
1182	203.350610	204.142948	C#4	64	83	0	2
1183	203.350610	204.727625	C#3	64	85	1	-2
1184	203.834480	204.715528	E3	64	69	1	-4
1185	204.076416	204.411093	G#3	64	79	1	-5
1186	204.318351	204.874802	E4	64	85	0	5
1187	204.560286	204.818350	G#3	64	84	1	-5
1188	204.802221	204.965528	F#5	64	85	0	4
1189	204.802221	205.322382	D#4	64	85	0	4
1190	205.044157	205.191334	G#5	64	84	0	1
1191	205.044157	205.358672	G#3	64	70	1	-5
1192	205.286092	205.483672	F#5	64	84	0	4
1193	205.286092	205.796172	C#4	64	82	0	2
1194	205.286092	206.751816	F#2	64	83	1	-4
1195	205.528027	205.671172	E5	64	82	0	2
1196	205.769962	205.947382	F#5	64	85	0	4
1197	205.769962	206.445365	C#3	64	64	1	-2
1198	206.011898	206.157059	E5	64	80	0	2
1199	206.253833	206.600607	F#5	64	84	0	4
1200	206.253833	206.489720	F#3	64	76	1	-2
1201	206.253833	206.528026	A3	64	79	1	-4
1202	206.253833	206.632865	C#4	64	83	0	2
1203	206.737703	206.903026	F#5	64	85	0	4
1204	206.737703	207.003832	F#3	64	55	1	-2
1205	206.979639	207.116735	E5	64	84	0	2
1206	207.221574	207.751815	F#5	64	86	0	4
1207	207.221574	207.840525	F#3	64	75	1	-2
1208	207.221574	207.874799	C#4	64	78	0	2
1209	207.221574	208.685282	F#2	64	81	1	-4
1210	207.705444	208.255847	C#3	64	67	1	-2
1211	207.947380	208.084476	C#5	64	88	0	4
1212	208.189315	208.320363	C#5	64	86	0	4
1213	208.189315	208.451411	F#3	64	85	1	-2
1214	208.189315	208.507863	A3	64	85	1	-4
1215	208.189315	208.626814	C#4	64	85	0	2
1216	208.431250	208.915121	G#5	64	88	0	1
1217	208.431250	208.778024	C#3	64	77	1	-2
1218	208.673185	208.989717	F#3	64	85	1	-2
1219	208.915121	209.056250	A3	64	79	1	-4
1220	209.157056	212.060279	F#5	64	84	0	4
1221	209.157056	209.276007	B1	64	85	1	-1
1222	209.157056	209.929233	B3	64	84	1	-2
1223	209.157056	209.947378	F#3	64	85	1	-2
1224	210.124797	210.334474	F#3	64	87	1	-2
1225	210.124797	210.447377	B3	64	90	1	-2
1226	210.124797	210.507861	D#4	64	88	0	4
1227	210.366732	210.856651	D#3	64	78	1	-5
1228	210.608667	210.679232	D#4	64	55	0	4
1229	210.608667	210.882861	F#3	64	86	1	-2
1230	210.850603	210.961490	B3	64	85	1	-2
1231	211.092538	211.481650	D#3	64	80	1	-5
1232	211.092538	211.501812	B2	64	83	1	-4
1233	211.092538	211.715521	C#4	64	86	0	2
1234	211.092538	211.761892	C#5	64	87	0	4
1235	212.060279	212.255843	B2	64	87	1	-4
1236	212.060279	212.282053	D#3	64	85	1	-5
1237	212.544149	212.842536	F#2	64	68	1	-4
1238	212.786085	212.876810	F#3	64	79	1	-2
1239	213.028020	213.197375	D#5	64	93	0	1
1240	213.028020	213.237697	D#4	64	87	0	4
1241	213.028020	213.247778	D#3	64	84	1	-5
1242	213.028020	213.249794	B2	64	85	1	-4
1243	213.511890	213.790116	F#2	64	69	1	-4
1244	213.753826	214.076406	F#3	64	87	1	-2
1245	213.753826	214.076406	B3	64	87	1	-2
1246	213.995761	214.267938	D#3	64	75	1	-5
1247	213.995761	214.292132	B2	64	77	1	-4
1248	214.237696	214.437293	F#3	64	80	1	-2
1249	214.237696	214.473583	D#4	64	91	0	4
1250	214.237696	214.487696	B3	64	85	1	-2
1251	214.721567	214.838502	F#3	64	64	1	-2
1252	214.963502	215.237695	F#3	64	84	1	-2
1253	214.963502	215.241727	B2	64	86	1	-4
1254	214.963502	215.241727	D#3	64	85	1	-5
1255	214.963502	215.265921	B3	64	86	1	-2
1256	214.963502	215.405034	F#4	64	84	0	2
1257	215.447372	215.648985	D#3	64	76	1	-5
1258	215.447372	215.651001	B2	64	79	1	-4
1259	215.931243	216.046162	C#4	64	91	0	2
1260	215.931243	216.050194	C#5	64	98	0	4
1261	215.931243	216.459468	D#3	64	85	1	-5
1262	215.931243	216.481646	B2	64	78	1	-4
1263	216.415113	216.661081	B4	64	86	0	2
1264	216.415113	216.513904	D#4	64	95	0	4
1265	216.415113	216.532049	D#5	64	91	0	1
1266	216.657049	216.776000	C#5	64	93	0	4
1267	216.898984	217.104629	C#6	64	86	0	1
1268	216.898984	217.114709	G#3	64	78	1	-5
1269	216.898984	217.447370	E4	64	83	0	5
1270	216.898984	218.669143	E2	64	83	1	-1
1271	217.140919	217.276000	B5	64	79	0	4
1272	217.382854	217.519951	B5	64	87	0	4
1273	217.382854	217.677209	G#3	64	78	1	-5
1274	217.624790	217.771967	B5	64	84	0	4
1275	217.866725	217.995757	B5	64	90	0	4
1276	217.866725	218.023983	G#3	64	84	1	-5
1277	217.866725	218.088499	B3	64	86	1	-2
1278	217.866725	218.098579	E4	64	85	0	5
1279	218.108660	218.249789	G#5	64	76	0	1
1280	218.108660	218.519950	B2	64	80	1	-4
1281	218.350595	218.463498	G#5	64	79	0	1
1282	218.350595	218.681240	G#3	64	77	1	-5
1283	218.592531	218.701401	G#5	64	79	0	1
1284	218.592531	218.771966	B3	64	81	1	-2
1285	218.834466	219.028014	G#5	64	85	0	1
1286	218.834466	219.340514	G#3	64	77	1	-5
1287	218.834466	219.380836	B3	64	84	1	-2
1288	218.834466	219.390917	E4	64	82	0	5
1289	218.834466	220.116723	E2	64	84	1	-1
1290	219.076401	219.209466	F#5	64	73	0	4
1291	219.318336	219.443336	F#5	64	75	0	4
1292	219.318336	219.858658	B2	64	64	1	-4
1293	219.560272	219.687288	F#5	64	79	0	4
1294	219.802207	219.995755	F#5	64	86	0	4
1295	219.802207	220.040110	G#3	64	83	1	-5
1296	219.802207	220.066320	B3	64	90	1	-2
1297	219.802207	220.146965	E4	64	84	0	5
1298	220.044142	220.171158	E5	64	79	0	2
1299	220.044142	220.142932	B2	64	84	1	-4
1300	220.286077	220.429222	E5	64	75	0	2
1301	220.286077	220.630835	G#3	64	84	1	-5
1302	220.528013	220.659061	E5	64	77	0	2
1303	220.769948	221.495754	C#5	64	84	0	4
1304	220.769948	221.076399	G#3	64	70	1	-5
1305	220.769948	221.183254	D#4	64	85	0	4
1306	220.769948	222.435269	G#2	64	85	1	-2
1307	221.253818	221.767931	D#3	64	71	1	-5
1308	221.495754	222.844543	B4	64	85	0	2
1309	221.737689	221.929221	B3	64	85	1	-2
1310	221.737689	221.957447	G#3	64	83	1	-5
1311	221.737689	221.995753	D#4	64	90	0	4
1312	221.979624	222.388898	D#3	64	79	1	-5
1313	222.221559	222.509866	C#4	64	76	0	2
1314	222.463495	222.713494	D#4	64	78	0	4
1315	222.705430	223.177204	G#3	64	75	1	-5
1316	222.705430	223.207446	B3	64	74	1	-2
1317	222.705430	224.348573	G#2	64	84	1	-2
1318	223.189300	223.763897	D#3	64	74	1	-5
1319	223.673171	223.915106	G#3	64	85	1	-5
1320	223.673171	223.993735	D#4	64	87	0	4
1321	223.915106	224.261880	D#3	64	79	1	-5
1322	224.157041	224.459460	B4	64	86	0	2
1323	224.157041	224.225590	G#3	64	72	1	-5
1324	224.157041	224.394944	B3	64	84	1	-2
1325	224.398977	224.513896	C#5	64	91	0	4
1326	224.398977	224.550186	G#3	64	75	1	-5
1327	224.640912	224.850589	C#6	64	84	0	1
1328	224.640912	225.213492	E4	64	85	0	5
1329	224.640912	225.693330	C#3	64	85	1	-2
1330	224.882847	225.003815	B5	64	84	0	4
1331	225.124782	225.261879	B5	64	85	0	4
1332	225.124782	225.435266	G#3	64	79	1	-5
1333	225.366718	225.509863	B5	64	86	0	4
1334	225.608653	225.790104	B5	64	88	0	4
1335	225.608653	225.862685	G#3	64	84	1	-5
1336	225.608653	225.913088	C#4	64	84	0	2
1337	225.608653	225.925185	E4	64	85	0	5
1338	225.850588	225.989701	G#5	64	82	0	1
1339	225.850588	225.955427	C#3	64	76	1	-2
1340	226.092523	226.217523	G#5	64	80	0	1
1341	226.092523	226.451394	G#3	64	84	1	-5
1342	226.334459	226.465507	G#5	64	78	0	1
1343	226.334459	226.489700	C#4	64	76	0	2
1344	226.576394	226.792119	G#5	64	85	0	1
1345	226.576394	226.844539	G#3	64	80	1	-5
1346	226.576394	226.975587	E4	64	80	0	5
1347	226.576394	227.148974	C#4	64	84	0	2
1348	226.576394	227.394941	C#2	64	85	1	-4
1349	226.818329	226.949377	F#5	64	79	0	4
1350	227.060264	227.189297	F#5	64	77	0	4
1351	227.060264	227.251796	G#3	64	75	1	-5
1352	227.302200	227.435264	F#5	64	77	0	4
1353	227.544135	227.701393	F#5	64	80	0	4
1354	227.544135	227.745748	G#3	64	85	1	-5
1355	227.544135	227.921151	E4	64	85	0	5
1356	227.544135	227.923167	C#4	64	86	0	2
1357	227.786070	227.913086	E5	64	69	0	2
1358	228.028005	228.169134	E5	64	76	0	2
1359	228.028005	228.243731	C#2	64	87	1	-4
1360	228.028005	228.326392	G#3	64	78	1	-5
1361	228.028005	228.400989	C#4	64	80	0	2
1362	228.269941	229.237682	G#5	64	78	0	1
1363	228.511876	228.711472	F#3	64	79	1	-2
1364	228.511876	228.828408	B3	64	78	1	-2
1365	228.511876	229.237682	B2	64	86	1	-4
1366	228.995746	229.080424	B3	64	65	1	-2
1367	228.995746	229.201391	F#3	64	79	1	-2
1368	229.237682	230.729616	F#5	64	84	0	4
1369	229.479617	229.703407	F#3	64	85	1	-2
1370	229.479617	229.804213	B3	64	86	1	-2
1371	229.479617	230.005826	D#4	64	88	0	4
1372	229.963487	230.296148	F#3	64	88	1	-2
1373	230.447358	230.663083	F#3	64	84	1	-2
1374	230.447358	230.983648	B3	64	80	1	-2
1375	230.447358	231.695341	B2	64	95	1	-4
1376	230.931228	231.207438	F#3	64	78	1	-2
1377	231.415099	231.673163	F#3	64	85	1	-2
1378	231.415099	231.739695	B3	64	86	1	-2
1379	231.415099	231.775986	D#4	64	89	0	4
1380	231.657034	231.882840	F#5	64	85	0	4
1381	231.898969	232.126792	G#5	64	86	0	1
1382	231.898969	232.032034	B3	64	79	1	-2
1383	231.898969	232.048163	B2	64	90	1	-4
1384	231.898969	232.078405	F#3	64	83	1	-2
1385	232.140905	232.286066	F#5	64	86	0	4
1386	232.382840	232.592517	F#5	64	85	0	4
1387	232.382840	232.614694	E3	64	80	1	-4
1388	232.382840	232.739694	A3	64	79	1	-4
1389	232.382840	232.745743	C#4	64	83	0	2
1390	232.382840	233.860661	A2	64	87	1	-1
1391	232.624775	232.761872	E5	64	79	0	2
1392	232.866710	233.007839	E5	64	79	0	2
1393	232.866710	233.300178	E3	64	79	1	-4
1394	233.108646	233.247758	E5	64	79	0	2
1395	233.350581	233.802193	E5	64	84	0	2
1396	233.350581	233.439290	A3	64	72	1	-4
1397	233.350581	233.880822	E4	64	85	0	5
1398	233.592516	233.850580	E3	64	85	1	-4
1399	233.834451	234.070338	C#5	64	88	0	4
1400	233.834451	234.122758	A3	64	81	1	-4
1401	234.076387	235.013886	E5	64	82	0	2
1402	234.076387	234.390902	E3	64	83	1	-4
1403	234.318322	234.376790	A3	64	57	1	-4
1404	234.318322	234.701386	C#4	64	82	0	2
1405	234.318322	235.161063	A2	64	85	1	-1
1406	234.560257	234.870741	E3	64	73	1	-4
1407	234.802192	235.015902	A3	64	69	1	-4
1408	235.286063	235.731627	C#5	64	95	0	4
1409	235.286063	235.491708	E3	64	76	1	-4
1410	235.286063	235.598563	A2	64	87	1	-1
1411	235.286063	235.624772	A3	64	72	1	-4
1412	235.286063	236.165094	E4	64	82	0	5
1413	235.769933	236.120739	C#6	64	88	0	1
1414	235.769933	235.872756	A2	64	87	1	-1
1415	235.769933	235.872756	E3	64	84	1	-4
1416	236.253804	236.465497	C#6	64	86	0	1
1417	236.253804	236.638884	G#3	64	79	1	-5
1418	236.253804	236.657029	B3	64	79	1	-2
1419	236.253804	237.987673	G#2	64	85	1	-2
1420	236.495739	236.840497	B5	64	85	0	4
1421	236.737674	237.338480	D#3	64	74	1	-5
1422	236.979610	237.110658	B5	64	84	0	4
1423	237.221545	237.378803	G#5	64	77	0	1
1424	237.221545	237.384851	G#3	64	85	1	-5
1425	237.221545	237.398964	D#4	64	87	0	4
1426	237.463480	237.568319	G#5	64	84	0	1
1427	237.463480	237.812270	D#3	64	77	1	-5
1428	237.705415	237.822351	G#5	64	80	0	1
1429	237.705415	237.915093	B3	64	84	1	-2
1430	237.947351	239.171140	G#5	64	85	0	1
1431	237.947351	238.096544	G#3	64	71	1	-5
1432	238.189286	238.604608	G#3	64	74	1	-5
1433	238.189286	238.612673	B3	64	76	1	-2
1434	238.189286	239.628801	G#2	64	79	1	-2
1435	238.673156	239.136866	D#3	64	60	1	-5
1436	238.915092	239.030011	G#3	64	81	1	-5
1437	239.157027	239.449365	G#3	64	81	1	-5
1438	239.157027	239.487672	B3	64	85	1	-2
1439	239.157027	239.491704	D#4	64	86	0	4
1440	239.398962	239.608639	D#3	64	86	1	-5
1441	239.640897	239.765897	G#5	64	85	0	1
1442	239.640897	239.761865	G#3	64	83	1	-5
1443	239.882833	240.005816	G#5	64	85	0	1
1444	240.124768	240.322348	G#5	64	83	0	1
1445	240.124768	240.435251	F#3	64	80	1	-2
1446	240.124768	240.481622	A3	64	84	1	-4
1447	240.124768	240.560251	C#4	64	80	0	2
1448	240.124768	240.860654	F#2	64	85	1	-4
1449	240.366703	240.513880	F#5	64	80	0	4
1450	240.608638	240.731622	F#5	64	80	0	4
1451	240.608638	240.677187	F#3	64	85	1	-2
1452	240.608638	240.854606	C#3	64	72	1	-2
1453	240.850574	240.967509	F#5	64	80	0	4
1454	241.092509	241.275976	F#5	64	85	0	4
1455	241.092509	241.707428	F#2	64	86	1	-4
1456	241.092509	241.876782	C#3	64	85	1	-2
1457	241.334444	241.463476	E5	64	79	0	2
1458	241.576379	241.697347	E5	64	80	0	2
1459	241.818315	241.949363	E5	64	82	0	2
1460	242.060250	242.493717	E5	64	82	0	2
1461	242.060250	242.469524	C#4	64	90	0	2
1462	242.060250	242.509846	F#3	64	85	1	-2
1463	242.060250	243.328394	F#2	64	85	1	-4
1464	242.544120	243.138878	C#3	64	80	1	-2
1465	242.786056	242.933233	E5	64	80	0	2
1466	242.786056	242.884846	F#3	64	73	1	-2
1467	243.027991	243.417103	E5	64	85	0	2
1468	243.027991	243.290087	F#3	64	85	1	-2
1469	243.027991	243.322345	A3	64	87	1	-4
1470	243.027991	243.376781	C#4	64	86	0	2
1471	243.269926	243.415087	C#3	64	80	1	-2
1472	243.511861	243.665087	C#5	64	90	0	4
1473	243.511861	243.691297	F#3	64	81	1	-2
1474	243.511861	243.858635	F#2	64	84	1	-4
1475	243.753797	243.913071	E5	64	84	0	2
1476	243.995732	244.614683	G#5	64	84	0	1
1477	243.995732	244.231619	F#3	64	79	1	-2
1478	243.995732	244.292103	B3	64	83	1	-2
1479	243.995732	245.302182	B2	64	86	1	-4
1480	244.479602	244.769925	B3	64	82	1	-2
1481	244.721538	246.173149	F#5	64	80	0	4
1482	244.963473	245.201376	F#3	64	86	1	-2
1483	244.963473	245.358634	C#4	64	88	0	2
1484	245.447343	245.771940	F#3	64	87	1	-2
1485	245.931214	246.142907	F#3	64	84	1	-2
1486	245.931214	246.255810	B3	64	84	1	-2
1487	245.931214	246.489681	D#4	64	86	0	4
1488	245.931214	247.021939	B2	64	86	1	-4
1489	246.415084	246.519923	F#3	64	72	1	-2
1490	246.657020	246.767907	B3	64	79	1	-2
1491	246.657020	246.780003	D#4	64	85	0	4
1492	246.657020	246.786052	F#3	64	79	1	-2
1493	246.898955	247.167100	B3	64	89	1	-2
1494	246.898955	247.169116	F#3	64	85	1	-2
1495	246.898955	247.243713	D#4	64	89	0	4
1496	247.140890	247.824357	B2	64	85	1	-4
1497	247.382825	247.628793	B4	64	86	0	2
1498	247.382825	247.679196	C#4	64	85	0	2
1499	247.382825	247.687261	F#3	64	79	1	-2
1500	247.624761	247.743712	C#5	64	93	0	4
1501	247.624761	247.850567	B3	64	85	1	-2
1502	247.866696	248.072341	C#6	64	86	0	1
1503	247.866696	248.082421	G#3	64	78	1	-5
1504	247.866696	248.415082	E4	64	83	0	5
1505	247.866696	249.636855	E2	64	83	1	-1
1506	248.108631	248.243712	B5	64	79	0	4
1507	248.350566	248.487663	B5	64	87	0	4
1508	248.350566	248.644921	G#3	64	78	1	-5
1509	248.592502	248.739679	B5	64	84	0	4
1510	248.834437	248.963469	B5	64	90	0	4
1511	248.834437	248.991695	G#3	64	84	1	-5
1512	248.834437	249.056211	B3	64	86	1	-2
1513	248.834437	249.066291	E4	64	85	0	5
1514	249.076372	249.217501	G#5	64	76	0	1
1515	249.076372	249.487662	B2	64	80	1	-4
1516	249.318307	249.431210	G#5	64	79	0	1
1517	249.318307	249.648952	G#3	64	77	1	-5
1518	249.560243	249.669113	G#5	64	79	0	1
1519	249.560243	249.739678	B3	64	81	1	-2
1520	249.802178	249.995726	G#5	64	85	0	1
1521	249.802178	250.308226	G#3	64	77	1	-5
1522	249.802178	250.348548	B3	64	84	1	-2
1523	249.802178	250.358629	E4	64	82	0	5
1524	249.802178	251.084435	E2	64	84	1	-1
1525	250.044113	250.177178	F#5	64	73	0	4
1526	250.286048	250.411048	F#5	64	75	0	4
1527	250.286048	250.826370	B2	64	64	1	-4
1528	250.527984	250.655000	F#5	64	79	0	4
1529	250.769919	250.963467	F#5	64	86	0	4
1530	250.769919	251.007822	G#3	64	83	1	-5
1531	250.769919	251.034032	B3	64	90	1	-2
1532	250.769919	251.114677	E4	64	84	0	5
1533	251.011854	251.138870	E5	64	79	0	2
1534	251.011854	251.110644	B2	64	84	1	-4
1535	251.253789	251.396934	E5	64	75	0	2
1536	251.253789	251.598547	G#3	64	84	1	-5
1537	251.495725	251.626773	E5	64	77	0	2
1538	251.737660	252.463466	C#5	64	84	0	4
1539	251.737660	252.044111	G#3	64	70	1	-5
1540	251.737660	252.150966	D#4	64	85	0	4
1541	251.737660	253.402981	G#2	64	85	1	-2
1542	252.221530	252.735643	D#3	64	71	1	-5
1543	252.463466	253.812255	B4	64	85	0	2
1544	252.705401	252.896933	B3	64	85	1	-2
1545	252.705401	252.925159	G#3	64	83	1	-5
1546	252.705401	252.963465	D#4	64	90	0	4
1547	252.947336	253.356610	D#3	64	79	1	-5
1548	253.189271	253.477578	C#4	64	76	0	2
1549	253.431207	253.681206	D#4	64	78	0	4
1550	253.673142	254.144916	G#3	64	75	1	-5
1551	253.673142	254.175158	B3	64	74	1	-2
1552	253.673142	255.316285	G#2	64	84	1	-2
1553	254.157012	254.731609	D#3	64	74	1	-5
1554	254.640883	254.882818	G#3	64	85	1	-5
1555	254.640883	254.961447	D#4	64	87	0	4
1556	254.882818	255.229592	D#3	64	79	1	-5
1557	255.124753	255.427172	B4	64	86	0	2
1558	255.124753	255.193302	G#3	64	72	1	-5
1559	255.124753	255.362656	B3	64	84	1	-2
1560	255.366689	255.481608	C#5	64	91	0	4
1561	255.366689	255.517898	G#3	64	75	1	-5
1562	255.608624	255.818301	C#6	64	84	0	1
1563	255.608624	256.181204	E4	64	85	0	5
1564	255.608624	256.661042	C#3	64	85	1	-2
1565	255.850559	255.971527	B5	64	84	0	4
1566	256.092494	256.229591	B5	64	85	0	4
1567	256.092494	256.402978	G#3	64	79	1	-5
1568	256.334430	256.477575	B5	64	86	0	4
1569	256.576365	256.757816	B5	64	88	0	4
1570	256.576365	256.830397	G#3	64	84	1	-5
1571	256.576365	256.880800	C#4	64	84	0	2
1572	256.576365	256.892897	E4	64	85	0	5
1573	256.818300	256.957413	G#5	64	82	0	1
1574	256.818300	256.923139	C#3	64	76	1	-2
1575	257.060235	257.185235	G#5	64	80	0	1
1576	257.060235	257.419106	G#3	64	84	1	-5
1577	257.302171	257.433219	G#5	64	78	0	1
1578	257.302171	257.457412	C#4	64	76	0	2
1579	257.544106	257.759831	G#5	64	85	0	1
1580	257.544106	257.812251	G#3	64	80	1	-5
1581	257.544106	257.943299	E4	64	80	0	5
1582	257.544106	258.116686	C#4	64	84	0	2
1583	257.544106	258.362653	C#2	64	85	1	-4
1584	257.786041	257.917089	F#5	64	79	0	4
1585	258.027976	258.157009	F#5	64	77	0	4
1586	258.027976	258.219508	G#3	64	75	1	-5
1587	258.269912	258.402976	F#5	64	77	0	4
1588	258.511847	258.669105	F#5	64	80	0	4
1589	258.511847	258.713460	G#3	64	85	1	-5
1590	258.511847	258.888863	E4	64	85	0	5
1591	258.511847	258.890879	C#4	64	86	0	2
1592	258.753782	258.880798	E5	64	69	0	2
1593	258.995717	259.136846	E5	64	76	0	2
1594	258.995717	259.211443	C#2	64	87	1	-4
1595	258.995717	259.294104	G#3	64	78	1	-5
1596	258.995717	259.368701	C#4	64	80	0	2
1597	259.237653	260.205394	G#5	64	78	0	1
1598	259.479588	259.679184	F#3	64	79	1	-2
1599	259.479588	259.796120	B3	64	78	1	-2
1600	259.479588	260.205394	B2	64	86	1	-4
1601	259.963458	260.048136	B3	64	65	1	-2
1602	259.963458	260.169103	F#3	64	79	1	-2
1603	260.205394	261.697328	F#5	64	84	0	4
1604	260.447329	260.671119	F#3	64	85	1	-2
1605	260.447329	260.771925	B3	64	86	1	-2
1606	260.447329	260.973538	D#4	64	88	0	4
1607	260.931199	261.263860	F#3	64	88	1	-2
1608	261.415070	261.630795	F#3	64	84	1	-2
1609	261.415070	261.951360	B3	64	80	1	-2
1610	261.415070	262.663053	B2	64	95	1	-4
1611	261.898940	262.175150	F#3	64	78	1	-2
1612	262.382811	262.640875	F#3	64	85	1	-2
1613	262.382811	262.707407	B3	64	86	1	-2
1614	262.382811	262.743698	D#4	64	89	0	4
1615	262.624746	262.850552	F#5	64	85	0	4
1616	262.866681	263.094504	G#5	64	86	0	1
1617	262.866681	262.999746	B3	64	79	1	-2
1618	262.866681	263.015875	B2	64	90	1	-4
1619	262.866681	263.046117	F#3	64	83	1	-2
1620	263.108617	263.253778	F#5	64	86	0	4
1621	263.350552	263.560229	F#5	64	85	0	4
1622	263.350552	263.582406	E3	64	80	1	-4
1623	263.350552	263.707406	A3	64	79	1	-4
1624	263.350552	263.713455	C#4	64	83	0	2
1625	263.350552	264.828373	A2	64	87	1	-1
1626	263.592487	263.729584	E5	64	79	0	2
1627	263.834422	263.975551	E5	64	79	0	2
1628	263.834422	264.267890	E3	64	79	1	-4
1629	264.076358	264.215470	E5	64	79	0	2
1630	264.318293	264.769905	E5	64	84	0	2
1631	264.318293	264.407002	A3	64	72	1	-4
1632	264.318293	264.848534	E4	64	85	0	5
1633	264.560228	264.818292	E3	64	85	1	-4
1634	264.802163	265.038050	C#5	64	88	0	4
1635	264.802163	265.090470	A3	64	81	1	-4
1636	265.044099	265.981598	E5	64	82	0	2
1637	265.044099	265.358614	E3	64	83	1	-4
1638	265.286034	265.344502	A3	64	57	1	-4
1639	265.286034	265.669098	C#4	64	82	0	2
1640	265.286034	266.128775	A2	64	85	1	-1
1641	265.527969	265.838453	E3	64	73	1	-4
1642	265.769904	265.983614	A3	64	69	1	-4
1643	266.253775	266.699339	C#5	64	95	0	4
1644	266.253775	266.459420	E3	64	76	1	-4
1645	266.253775	266.566275	A2	64	87	1	-1
1646	266.253775	266.592484	A3	64	72	1	-4
1647	266.253775	267.132806	E4	64	82	0	5
1648	266.737645	267.088451	C#6	64	88	0	1
1649	266.737645	266.840468	A2	64	87	1	-1
1650	266.737645	266.840468	E3	64	84	1	-4
1651	267.221516	267.433209	C#6	64	86	0	1
1652	267.221516	267.606596	G#3	64	79	1	-5
1653	267.221516	267.624741	B3	64	79	1	-2
1654	267.221516	268.955385	G#2	64	85	1	-2
1655	267.463451	267.808209	B5	64	85	0	4
1656	267.705386	268.306192	D#3	64	74	1	-5
1657	267.947322	268.078370	B5	64	84	0	4
1658	268.189257	268.346515	G#5	64	77	0	1
1659	268.189257	268.352563	G#3	64	85	1	-5
1660	268.189257	268.366676	D#4	64	87	0	4
1661	268.431192	268.536031	G#5	64	84	0	1
1662	268.431192	268.779982	D#3	64	77	1	-5
1663	268.673127	268.790063	G#5	64	80	0	1
1664	268.673127	268.882805	B3	64	84	1	-2
1665	268.915063	270.138852	G#5	64	85	0	1
1666	268.915063	269.064256	G#3	64	71	1	-5
1667	269.156998	269.572320	G#3	64	74	1	-5
1668	269.156998	269.580385	B3	64	76	1	-2
1669	269.156998	270.596513	G#2	64	79	1	-2
1670	269.640868	270.104578	D#3	64	60	1	-5
1671	269.882804	269.997723	G#3	64	81	1	-5
1672	270.124739	270.417077	G#3	64	81	1	-5
1673	270.124739	270.455384	B3	64	85	1	-2
1674	270.124739	270.459416	D#4	64	86	0	4
1675	270.366674	270.576351	D#3	64	86	1	-5
1676	270.608609	271.094496	B4	64	85	0	2
1677	270.608609	270.729577	G#3	64	83	1	-5
1678	270.850545	271.334415	G#5	64	85	0	1
1679	271.092480	271.586431	F#3	64	79	1	-2
1680	271.092480	271.598528	A3	64	73	1	-4
1681	271.092480	271.604576	C#4	64	83	0	2
1682	271.092480	272.844494	F#2	64	85	1	-4
1683	271.576350	272.060221	F#5	64	80	0	4
1684	271.576350	272.122721	C#3	64	74	1	-2
1685	272.060221	272.310221	F#3	64	84	1	-2
1686	272.060221	272.396914	A3	64	87	1	-4
1687	272.060221	272.437237	C#4	64	87	0	2
1688	272.302156	272.824333	C#3	64	79	1	-2
1689	272.544091	272.775946	E5	64	80	0	2
1690	272.544091	272.860623	F#3	64	83	1	-2
1691	272.786027	273.027962	C#5	64	82	0	4
1692	272.786027	272.906994	A3	64	84	1	-4
1693	273.027962	273.461429	G#5	64	82	0	1
1694	273.027962	273.296107	F#3	64	79	1	-2
1695	273.027962	273.731590	B3	64	83	1	-2
1696	273.027962	274.437235	B2	64	84	1	-4
1697	273.511832	274.144896	F#5	64	85	0	4
1698	273.511832	273.769897	F#3	64	76	1	-2
1699	273.995703	274.205380	F#3	64	85	1	-2
1700	273.995703	274.358606	B3	64	84	1	-2
1701	273.995703	274.475541	D#4	64	85	0	4
1702	274.237638	274.429170	E5	64	79	0	2
1703	274.479573	274.695299	E5	64	86	0	2
1704	274.479573	274.580380	F#3	64	72	1	-2
1705	274.721509	274.941266	C#5	64	84	0	4
1706	274.963444	275.677153	F#5	64	84	0	4
1707	274.963444	275.749733	B3	64	83	1	-2
1708	274.963444	276.701345	E2	64	84	1	-1
1709	275.447314	276.665055	B2	64	73	1	-4
1710	275.689250	278.781989	E5	64	84	0	2
1711	275.931185	276.677152	E4	64	80	0	5
1712	276.415055	277.566264	E3	64	81	1	-4
1713	276.898926	277.467474	G#3	64	73	1	-5
1714	276.898926	277.552151	B3	64	72	1	-2
1715	276.898926	278.312231	E2	64	76	1	-1
1716	277.382796	278.243683	B2	64	63	1	-4
1717	277.866667	278.509811	E3	64	70	1	-4
1718	277.866667	278.536021	G#3	64	69	1	-5
1719	278.834408	280.326342	C#2	64	88	1	-4
1720	279.318278	279.917068	G#3	64	78	1	-5
1721	279.802149	280.255777	C#4	64	80	0	2
1722	279.802149	280.409003	E4	64	83	0	5
1723	280.769890	281.156986	G#3	64	70	1	-5
1724	280.769890	281.352551	C#4	64	74	0	2
1725	280.769890	281.913034	C#2	64	79	1	-4
1726	281.737631	281.983598	E4	64	81	0	5
1727	281.737631	281.985615	C#4	64	80	0	2
1728	282.705372	283.656984	G#3	64	75	1	-5
1729	282.705372	283.733597	E3	64	73	1	-4
1730	282.705372	284.644886	E2	64	81	1	-1
1731	283.189242	284.636822	B2	64	74	1	-4
1732	283.673113	284.231580	B3	64	79	1	-2
1733	284.156983	284.822305	E3	64	69	1	-4
1734	284.640854	284.989644	G#3	64	72	1	-5
1735	284.640854	285.013837	E4	64	73	0	5
1736	284.640854	285.025934	B3	64	73	1	-2
1737	286.544078	287.574319	G#3	64	75	1	-5
1738	286.546094	287.550125	E3	64	76	1	-4
1739	286.552142	288.316254	C#2	64	86	1	-4
1740	287.013835	288.233592	G#2	64	70	1	-2
1741	287.525932	287.705367	C#4	64	80	0	2
1742	288.023915	288.836414	G#3	64	85	1	-5
1743	288.515850	289.699317	C#2	64	84	1	-4
1744	288.521899	289.725526	E4	64	76	0	5
1745	289.003753	289.656978	G#2	64	58	1	-2
1746	289.562220	289.826333	C#4	64	78	0	2
1747	290.538026	294.269877	E2	64	76	1	-1
1748	290.751735	294.247699	B2	64	72	1	-4
1749	290.763832	294.292054	E3	64	71	1	-4
1750	290.858590	294.300119	G#3	64	72	1	-5
1751	290.927138	294.316248	B3	64	73	1	-2
1752	290.995686	294.346490	E4	64	71	0	5
