//Version: PianoFingering_v170101
0	1.944306	2.200494	G5	64	88	0	5
1	2.241335	2.414602	F5	64	81	0	3
2	2.538365	2.717820	G5	64	83	0	5
3	2.835394	2.997523	A#5	64	95	0	3
4	3.132424	3.279701	A#5	64	95	0	3
5	3.429453	3.528463	G5	64	81	0	5
6	3.577968	3.660889	F5	64	81	0	3
7	3.726483	4.154700	D5	64	90	0	5
8	4.320542	4.670789	D5	64	90	0	5
9	4.766086	4.871284	F5	64	79	0	3
10	4.914601	5.066828	G5	64	80	0	5
11	5.211630	5.320541	F5	64	90	0	3
12	5.508660	5.730194	F5	64	78	0	3
13	5.805689	5.995045	D5	64	93	0	5
14	6.102719	6.530936	C5	64	83	0	3
15	6.993807	7.205441	D5	64	90	0	5
16	7.290837	7.491332	F5	64	80	0	3
17	7.587866	7.787123	C5	64	83	0	3
18	7.884896	8.058163	F5	64	86	0	3
19	8.181925	8.283410	G5	64	80	0	5
20	8.330440	8.448014	F5	64	80	0	3
21	8.478955	8.674499	D5	64	96	0	5
22	8.775984	8.940588	C5	64	83	0	3
23	9.073014	11.202963	A#4	64	84	0	1
24	13.720288	14.835386	G2	64	75	1	-3
25	13.908406	14.686871	D3	64	74	1	-1
26	13.957911	15.037118	G3	64	68	1	-1
27	14.061872	15.079198	A#3	64	66	1	-3
28	14.164594	15.068059	D4	64	65	0	3
29	14.216574	15.058158	G4	64	57	0	3
30	15.028455	16.226474	D3	64	59	1	-1
31	15.248752	15.573009	G3	64	68	1	-1
32	15.513603	16.876226	D4	64	71	0	3
33	15.749989	16.360137	G3	64	49	1	-1
34	16.124989	18.053205	G4	64	56	0	3
35	16.980186	18.066819	D4	64	56	0	3
36	17.024741	17.100236	G3	64	63	1	-1
37	17.346523	18.092809	G3	64	79	1	-1
38	18.299492	21.147263	G2	64	75	1	-3
39	18.462859	21.043302	D3	64	67	1	-1
40	18.488849	18.777215	G3	64	65	1	-1
41	18.678205	18.876225	C4	64	72	0	1
42	18.998749	19.205432	C4	64	68	0	1
43	19.345284	19.642313	C4	64	65	0	1
44	19.413353	19.607660	G3	64	49	1	-1
45	19.767313	20.049491	D4	64	62	0	3
46	19.792066	20.044541	G3	64	54	1	-1
47	20.268551	20.586620	D4	64	66	0	3
48	20.282164	20.632412	G3	64	59	1	-1
49	20.929441	21.860134	D4	64	70	0	3
50	21.379936	23.855182	F2	64	80	1	-5
51	21.669540	23.721518	C3	64	80	1	-3
52	21.868797	22.445529	F3	64	74	1	-3
53	22.054440	22.528450	C4	64	75	0	1
54	22.246272	22.543301	A3	64	72	1	-4
55	22.478945	24.377459	F4	64	70	0	1
56	22.691816	22.944291	F3	64	70	1	-3
57	22.884885	23.478944	C4	64	70	0	1
58	23.131172	23.499984	A3	64	66	1	-4
59	23.409637	23.835380	F3	64	65	1	-3
60	23.759885	24.180677	A3	64	68	1	-4
61	24.159637	24.284637	C4	64	64	0	1
62	24.589092	27.992555	F2	64	68	1	-5
63	24.935627	27.954189	C3	64	52	1	-3
64	25.217805	25.978943	C4	64	62	0	1
65	25.451715	25.722755	F3	64	66	1	-3
66	25.719042	26.350230	F4	64	65	0	1
67	25.914586	26.231418	F3	64	66	1	-3
68	26.165824	26.871269	C4	64	68	0	1
69	26.452952	26.870031	F3	64	66	1	-3
70	26.756170	28.023496	F4	64	76	0	1
71	27.122506	27.991318	F3	64	72	1	-3
72	27.507407	28.001218	C4	64	72	0	1
73	28.082902	28.319288	A#3	64	77	1	-3
74	28.082902	28.358892	D4	64	77	0	3
75	28.082902	28.470278	A#2	64	79	1	-5
76	28.528446	28.615079	A#3	64	80	1	-3
77	28.528446	28.623743	D4	64	77	0	3
78	28.528446	28.660872	F4	64	76	0	1
79	28.676961	28.771020	F3	64	66	1	-3
80	28.973990	29.068049	D4	64	80	0	3
81	28.973990	29.075475	A#3	64	81	1	-3
82	29.271020	29.486366	A#3	64	73	1	-3
83	29.271020	29.517307	G3	64	74	1	-1
84	29.271020	30.305672	G2	64	80	1	-3
85	29.568049	29.719039	D3	64	64	1	-1
86	29.716564	29.831663	A#3	64	75	1	-3
87	29.716564	29.876217	D4	64	76	0	3
88	29.865079	29.999980	G3	64	74	1	-1
89	29.865079	30.233890	D3	64	65	1	-1
90	30.162108	30.243791	A#3	64	73	1	-3
91	30.162108	30.263593	G3	64	74	1	-1
92	30.162108	30.277207	D4	64	79	0	3
93	30.459138	30.745028	A3	64	80	1	-4
94	30.459138	30.757405	D4	64	82	0	3
95	30.459138	30.929434	D3	64	84	1	-1
96	30.904682	31.017306	A3	64	81	1	-4
97	30.904682	31.060622	F4	64	80	0	1
98	31.201711	31.345276	D3	64	60	1	-1
99	31.350226	31.428196	D4	64	82	0	3
100	31.350226	31.460375	A3	64	80	1	-4
101	31.647256	31.867552	A#3	64	79	1	-3
102	31.647256	31.882404	G3	64	75	1	-1
103	31.647256	32.660869	G2	64	81	1	-3
104	31.944285	32.142305	D3	64	71	1	-1
105	32.241315	32.315572	G3	64	75	1	-1
106	32.241315	32.356414	A#3	64	80	1	-3
107	32.241315	32.378691	D4	64	80	0	3
108	32.241315	32.587849	D3	64	67	1	-1
109	32.538344	32.693047	G3	64	79	1	-1
110	32.538344	32.695522	G4	64	78	0	3
111	32.538344	32.730176	A#3	64	81	1	-3
112	32.686859	32.805671	D4	64	81	0	3
113	32.835374	33.116314	A#3	64	75	1	-3
114	32.835374	33.126215	G3	64	73	1	-1
115	32.835374	33.195522	D#2	64	83	1	-2
116	33.280918	33.435621	A#3	64	82	1	-3
117	33.280918	33.450472	D#4	64	79	0	4
118	33.429433	33.575472	G3	64	80	1	-1
119	33.726462	33.835373	A#3	64	77	1	-3
120	33.726462	33.852700	G3	64	79	1	-1
121	33.726462	33.882403	D#4	64	72	0	4
122	34.023492	34.326709	D4	64	77	0	3
123	34.023492	34.332897	A3	64	79	1	-4
124	34.023492	34.602699	D2	64	80	1	-3
125	34.320521	34.509877	A2	64	58	1	-1
126	34.617551	34.757402	A3	64	81	1	-4
127	34.617551	34.773491	D4	64	83	0	3
128	34.617551	34.775966	F4	64	81	0	1
129	34.914580	34.995026	F4	64	79	0	1
130	35.063095	35.127451	D4	64	79	0	3
131	35.063095	35.185620	A3	64	80	1	-4
132	35.193045	35.912104	G2	64	80	1	-3
133	35.194283	35.499976	A#3	64	71	1	-3
134	35.196758	35.504926	G3	64	73	1	-1
135	35.477699	35.646015	D3	64	66	1	-1
136	35.622500	35.886114	A#3	64	81	1	-3
137	35.628689	35.900966	D4	64	80	0	3
138	35.631164	35.816807	G3	64	80	1	-1
139	36.072995	36.334134	G3	64	76	1	-1
140	36.072995	36.334134	A#3	64	73	1	-3
141	36.100223	36.314332	G2	64	80	1	-3
142	36.105173	36.327945	D3	64	79	1	-1
143	36.389827	36.829183	G2	64	81	1	-3
144	36.402203	36.792054	A#3	64	74	1	-3
145	36.408391	36.730173	G3	64	79	1	-1
146	36.972747	37.129925	A#3	64	75	1	-3
147	36.975222	37.120024	G3	64	80	1	-1
148	36.976460	37.115074	D3	64	80	1	-1
149	36.978935	37.126212	G2	64	81	1	-3
150	37.259876	37.487598	G2	64	78	1	-3
151	37.300717	37.410866	G3	64	77	1	-1
152	37.587846	37.844034	G5	64	90	0	5
153	37.587846	37.756162	G3	64	76	1	-1
154	37.587846	37.756162	A#3	64	73	1	-3
155	37.587846	38.259875	G2	64	79	1	-3
156	37.884875	38.191806	F5	64	81	0	3
157	38.181905	38.658389	G5	64	85	0	5
158	38.181905	38.262350	A#3	64	81	1	-3
159	38.181905	38.266063	G3	64	79	1	-1
160	38.181905	38.278439	D4	64	81	0	3
161	38.627449	38.773488	G3	64	71	1	-1
162	38.627449	38.773488	A#3	64	75	1	-3
163	38.775964	38.988835	A#5	64	86	0	3
164	38.775964	39.779676	G2	64	79	1	-3
165	39.072993	39.272250	C6	64	90	0	5
166	39.072993	39.168290	G3	64	73	1	-1
167	39.072993	39.173241	A#3	64	80	1	-3
168	39.370023	39.629923	G5	64	79	0	5
169	39.370023	39.508636	D4	64	81	0	3
170	39.370023	39.516062	G3	64	75	1	-1
171	39.667052	39.824230	F5	64	81	0	3
172	39.964082	40.311854	D5	64	93	0	5
173	39.964082	40.142299	G3	64	75	1	-1
174	39.964082	40.168289	A#3	64	75	1	-3
175	39.964082	40.612596	G2	64	71	1	-3
176	40.409626	40.544527	A#5	64	82	0	3
177	40.558141	40.818041	G5	64	80	0	5
178	40.558141	40.622497	D4	64	77	0	3
179	40.558141	40.628685	A#3	64	79	1	-3
180	40.558141	40.643537	G3	64	74	1	-1
181	40.855170	41.116309	F5	64	80	0	3
182	41.003685	41.085368	G3	64	72	1	-1
183	41.003685	41.086606	A#3	64	75	1	-3
184	41.003685	41.089081	D4	64	73	0	3
185	41.152200	41.597744	G5	64	83	0	5
186	41.152200	41.261110	G2	64	77	1	-3
187	41.300714	41.368784	G3	64	75	1	-1
188	41.300714	41.368784	A#3	64	81	1	-3
189	41.300714	41.370021	D4	64	78	0	3
190	41.449229	41.579180	G2	64	70	1	-3
191	41.597744	41.753684	A#5	64	83	0	3
192	41.746259	42.037100	G5	64	90	0	5
193	41.746259	41.897249	A#3	64	79	1	-3
194	41.746259	41.913338	D4	64	80	0	3
195	41.746259	41.919526	G3	64	78	1	-1
196	42.043288	42.199229	F5	64	80	0	3
197	42.340318	42.688090	D5	64	93	0	5
198	42.340318	42.738832	A3	64	75	1	-4
199	42.340318	42.746258	D4	64	80	0	3
200	42.340318	42.971505	D3	64	75	1	-1
201	42.637347	42.855169	C5	64	81	0	3
202	42.934377	43.110119	D5	64	93	0	5
203	42.934377	43.051951	D4	64	80	0	3
204	42.934377	43.059377	A3	64	79	1	-4
205	42.934377	43.092792	F4	64	78	0	1
206	43.231406	43.345267	F5	64	83	0	3
207	43.379921	43.428188	D4	64	67	0	3
208	43.379921	43.429426	F4	64	67	0	1
209	43.379921	43.485119	A3	64	73	1	-4
210	43.528436	43.679426	A#5	64	88	0	3
211	43.528436	43.938089	G2	64	79	1	-3
212	43.825465	43.970267	A#5	64	82	0	3
213	43.825465	43.976455	G3	64	70	1	-1
214	43.825465	43.983881	A#3	64	67	1	-3
215	43.825465	43.988831	D4	64	76	0	3
216	43.973980	44.068039	C6	64	81	0	5
217	44.122495	44.419524	G5	64	80	0	5
218	44.122495	44.268534	D3	64	72	1	-1
219	44.122495	44.271009	G3	64	75	1	-1
220	44.122495	44.273485	A#3	64	75	1	-3
221	44.122495	44.273485	D4	64	75	0	3
222	44.419524	44.554425	F5	64	82	0	3
223	44.419524	44.545762	G3	64	69	1	-1
224	44.716554	45.013583	A#4	64	80	0	1
225	44.716554	44.925712	F3	64	79	1	-3
226	44.716554	44.991306	A#3	64	67	1	-3
227	44.716554	45.043286	A#2	64	79	1	-5
228	45.013583	45.310613	C5	64	80	0	3
229	45.310613	45.607642	F5	64	80	0	3
230	45.310613	45.476454	F3	64	78	1	-3
231	45.310613	45.524721	D4	64	79	0	3
232	45.310613	45.538335	A#3	64	80	1	-3
233	45.607642	45.904672	D5	64	80	0	5
234	45.904672	47.092790	C5	64	80	0	3
235	45.904672	46.058137	C3	64	73	1	-3
236	45.904672	46.097741	G3	64	73	1	-1
237	45.904672	46.231404	C4	64	76	0	1
238	46.350216	46.465315	C4	64	79	0	1
239	46.350216	46.485117	G3	64	80	1	-1
240	46.498731	46.634869	C3	64	77	1	-3
241	46.795760	46.884869	C4	64	76	0	1
242	46.795760	46.899720	G3	64	75	1	-1
243	47.092790	47.481403	F5	64	81	0	3
244	47.092790	47.227691	A#2	64	75	1	-5
245	47.092790	47.303185	F3	64	78	1	-3
246	47.092790	47.318037	A#3	64	69	1	-3
247	47.538334	47.670760	G5	64	79	0	5
248	47.538334	47.658383	F3	64	73	1	-3
249	47.538334	47.659621	A#3	64	70	1	-3
250	47.538334	47.676948	D4	64	77	0	3
251	47.686849	47.939324	F5	64	83	0	3
252	47.686849	47.772245	A#2	64	73	1	-5
253	47.983878	48.169522	D5	64	96	0	5
254	47.983878	48.066799	F3	64	78	1	-3
255	47.983878	48.070512	A#3	64	75	1	-3
256	47.983878	48.094027	D4	64	76	0	3
257	48.280908	48.607640	F5	64	85	0	3
258	48.280908	48.367541	D3	64	77	1	-1
259	48.280908	48.548234	A3	64	75	1	-4
260	48.280908	48.585363	D4	64	80	0	3
261	48.726452	48.853927	G5	64	79	0	5
262	48.726452	48.879917	D4	64	81	0	3
263	48.726452	48.882392	A3	64	79	1	-4
264	48.726452	48.907145	F4	64	76	0	1
265	48.874967	49.123729	F5	64	86	0	3
266	49.171996	49.329174	D5	64	96	0	5
267	49.171996	49.251204	D4	64	71	0	3
268	49.171996	49.259867	F4	64	72	0	1
269	49.171996	49.277194	A3	64	75	1	-4
270	49.469026	49.696748	A#4	64	90	0	1
271	49.469026	49.622491	D#2	64	73	1	-2
272	49.469026	49.702936	D#4	64	68	0	4
273	49.469026	49.727689	A#3	64	80	1	-3
274	49.469026	49.753679	G3	64	74	1	-1
275	49.766055	49.949223	C5	64	83	0	3
276	49.914570	50.022243	A#3	64	83	1	-3
277	49.914570	50.028431	G3	64	79	1	-1
278	49.914570	50.035857	D#4	64	81	0	4
279	50.063085	50.235114	F5	64	81	0	3
280	50.360114	50.558134	D5	64	88	0	5
281	50.360114	50.461599	A#3	64	71	1	-3
282	50.360114	50.469025	D#4	64	68	0	4
283	50.360114	50.490065	G3	64	76	1	-1
284	50.657144	51.659618	C5	64	90	0	3
285	50.657144	50.820510	A3	64	70	1	-4
286	50.657144	50.825460	F3	64	71	1	-3
287	50.657144	50.830411	F2	64	76	1	-5
288	51.102688	51.189321	A3	64	69	1	-4
289	51.102688	51.206648	F3	64	74	1	-3
290	51.102688	51.225213	C4	64	77	0	1
291	51.548232	51.644767	F3	64	80	1	-3
292	51.548232	51.652192	A3	64	75	1	-4
293	51.548232	51.683133	C4	64	79	0	1
294	51.845262	52.107638	G5	64	80	0	5
295	51.845262	52.139816	A#3	64	79	1	-3
296	51.845262	52.152192	G3	64	73	1	-1
297	51.845262	52.295756	G2	64	75	1	-3
298	52.142291	52.381152	F5	64	77	0	3
299	52.290806	52.371251	A#3	64	78	1	-3
300	52.290806	52.379915	G3	64	76	1	-1
301	52.290806	52.393529	D4	64	76	0	3
302	52.439321	52.741301	G5	64	80	0	5
303	52.736350	52.908380	A#5	64	80	0	3
304	52.736350	52.824221	G3	64	75	1	-1
305	52.736350	52.834122	A#3	64	75	1	-3
306	52.736350	52.836598	D4	64	77	0	3
307	53.033380	53.241300	A#5	64	83	0	3
308	53.033380	53.153429	D4	64	73	0	3
309	53.033380	53.157142	A#3	64	72	1	-3
310	53.033380	53.159617	G3	64	74	1	-1
311	53.033380	53.450459	G2	64	75	1	-3
312	53.330409	53.473973	G5	64	78	0	5
313	53.478924	53.589072	F5	64	69	0	3
314	53.478924	53.574221	D4	64	74	0	3
315	53.478924	53.582884	G3	64	73	1	-1
316	53.627439	54.072983	D5	64	62	0	5
317	53.627439	53.679419	D3	64	61	1	-1
318	53.924468	54.056894	A#3	64	74	1	-3
319	53.924468	54.065557	G3	64	75	1	-1
320	54.221498	54.571745	D5	64	90	0	5
321	54.221498	54.340309	A#2	64	81	1	-5
322	54.221498	54.528428	F3	64	76	1	-3
323	54.221498	54.530903	A#3	64	71	1	-3
324	54.667042	54.824220	F5	64	80	0	3
325	54.667042	54.809368	A#3	64	83	1	-3
326	54.667042	54.825458	F3	64	79	1	-3
327	54.667042	54.827933	D4	64	80	0	3
328	54.815557	55.048230	G5	64	81	0	5
329	55.112586	55.314319	F5	64	83	0	3
330	55.112586	55.178180	A#3	64	65	1	-3
331	55.112586	55.269764	F3	64	78	1	-3
332	55.112586	55.296992	D4	64	79	0	3
333	55.409616	55.683130	F5	64	80	0	3
334	55.409616	55.612586	F3	64	73	1	-3
335	55.409616	55.681893	A3	64	69	1	-4
336	55.409616	56.414565	F2	64	76	1	-5
337	55.706645	56.003675	D5	64	81	0	5
338	55.855160	55.982635	C4	64	79	0	1
339	55.855160	56.012338	F3	64	80	1	-3
340	56.003675	56.305655	D5	64	85	0	5
341	56.003675	56.246249	C3	64	66	1	-3
342	56.300704	56.563080	C5	64	79	0	3
343	56.300704	56.417041	F3	64	77	1	-3
344	56.300704	56.457882	F4	64	80	0	1
345	56.597734	56.840308	A3	64	71	1	-4
346	56.597734	56.857634	F3	64	75	1	-3
347	56.597734	56.863823	C4	64	75	0	1
348	56.597734	57.085357	F2	64	80	1	-5
349	56.894763	57.170753	D5	64	85	0	5
350	57.043278	57.205406	F3	64	83	1	-3
351	57.043278	57.221496	F4	64	76	0	1
352	57.191793	57.478921	F5	64	78	0	3
353	57.191793	57.271000	F2	64	45	1	-5
354	57.191793	57.296991	C3	64	67	1	-3
355	57.488822	57.740060	C5	64	81	0	3
356	57.488822	57.559367	A3	64	75	1	-4
357	57.488822	57.580406	F3	64	77	1	-3
358	57.488822	57.590307	C4	64	79	0	1
359	57.785852	58.028426	F5	64	80	0	3
360	57.785852	57.983871	A#3	64	73	1	-3
361	57.785852	58.025950	D4	64	67	0	3
362	57.785852	58.196742	A#2	64	79	1	-5
363	58.082881	58.249960	G5	64	71	0	5
364	58.082881	58.191792	F3	64	35	1	-3
365	58.231396	58.388574	F5	64	79	0	3
366	58.231396	58.298227	A#3	64	81	1	-3
367	58.231396	58.351445	F4	64	82	0	1
368	58.379911	58.702930	D5	64	80	0	5
369	58.379911	58.452930	F3	64	51	1	-3
370	58.676940	58.967781	C5	64	80	0	3
371	58.676940	58.780900	A#3	64	79	1	-3
372	58.676940	58.806891	D4	64	80	0	3
373	58.973970	60.436840	A#4	64	81	0	1
374	58.973970	59.245009	A#3	64	72	1	-3
375	58.973970	59.256148	D4	64	74	0	3
376	58.973970	59.329167	A#2	64	79	1	-5
377	59.270999	59.371247	F3	64	48	1	-3
378	59.419514	59.506147	A#3	64	71	1	-3
379	59.419514	59.508623	D4	64	75	0	3
380	59.419514	59.587831	F4	64	76	0	1
381	59.568029	59.671989	F3	64	60	1	-3
382	59.865058	60.147236	A#3	64	80	1	-3
383	59.865058	60.157137	D4	64	80	0	3
384	60.162088	60.299464	A#2	64	80	1	-5
385	60.162088	60.310602	F3	64	75	1	-3
386	60.162088	60.454167	A#3	64	74	1	-3
387	60.459117	60.542038	F3	64	66	1	-3
388	60.756147	60.887335	F3	64	81	1	-3
389	60.756147	60.950453	A3	64	88	1	-4
390	60.756147	61.037087	F2	64	80	1	-5
391	61.053176	61.171988	F3	64	69	1	-3
392	61.350206	61.445503	A#2	64	83	1	-5
393	61.350206	61.455404	F3	64	80	1	-3
394	61.350206	61.459116	A#3	64	79	1	-3
395	61.350206	61.473968	D4	64	79	0	3
396	61.647235	61.748720	A#2	64	76	1	-5
397	61.647235	61.754908	F3	64	79	1	-3
398	61.647235	61.758621	A#3	64	81	1	-3
399	61.647235	61.787086	D4	64	81	0	3
400	61.944265	62.373720	F3	64	80	1	-3
401	61.944265	62.408373	A#3	64	81	1	-3
402	61.944265	62.414561	D4	64	83	0	3
403	61.944265	62.483868	A#2	64	79	1	-5
404	62.538324	62.794512	G5	64	90	0	5
405	62.538324	62.706640	G3	64	76	1	-1
406	62.538324	62.706640	A#3	64	73	1	-3
407	62.538324	63.210353	G2	64	79	1	-3
408	62.835353	63.142284	F5	64	81	0	3
409	63.132383	63.608867	G5	64	85	0	5
410	63.132383	63.212828	A#3	64	81	1	-3
411	63.132383	63.216541	G3	64	79	1	-1
412	63.132383	63.228917	D4	64	81	0	3
413	63.577927	63.723966	G3	64	71	1	-1
414	63.577927	63.723966	A#3	64	75	1	-3
415	63.726442	63.939313	A#5	64	86	0	3
416	63.726442	64.730154	G2	64	79	1	-3
417	64.023471	64.222728	C6	64	90	0	5
418	64.023471	64.118768	G3	64	73	1	-1
419	64.023471	64.123719	A#3	64	80	1	-3
420	64.320501	64.580401	G5	64	79	0	5
421	64.320501	64.459114	D4	64	81	0	3
422	64.320501	64.466540	G3	64	75	1	-1
423	64.617530	64.774708	F5	64	81	0	3
424	64.914560	65.262332	D5	64	93	0	5
425	64.914560	65.092777	G3	64	75	1	-1
426	64.914560	65.118767	A#3	64	75	1	-3
427	64.914560	65.563074	G2	64	71	1	-3
428	65.360104	65.495005	A#5	64	82	0	3
429	65.508619	65.768519	G5	64	80	0	5
430	65.508619	65.572975	D4	64	77	0	3
431	65.508619	65.579163	A#3	64	79	1	-3
432	65.508619	65.594015	G3	64	74	1	-1
433	65.805648	66.066787	F5	64	80	0	3
434	65.954163	66.035846	G3	64	72	1	-1
435	65.954163	66.037084	A#3	64	75	1	-3
436	65.954163	66.039559	D4	64	73	0	3
437	66.102678	66.548222	G5	64	83	0	5
438	66.102678	66.211588	G2	64	77	1	-3
439	66.251192	66.319262	G3	64	75	1	-1
440	66.251192	66.319262	A#3	64	81	1	-3
441	66.251192	66.320499	D4	64	78	0	3
442	66.399707	66.529658	G2	64	70	1	-3
443	66.548222	66.704162	A#5	64	83	0	3
444	66.696737	66.987578	G5	64	90	0	5
445	66.696737	66.847727	A#3	64	79	1	-3
446	66.696737	66.863816	D4	64	80	0	3
447	66.696737	66.870004	G3	64	78	1	-1
448	66.993766	67.149707	F5	64	80	0	3
449	67.290796	67.638568	D5	64	93	0	5
450	67.290796	67.689310	A3	64	75	1	-4
451	67.290796	67.696736	D4	64	80	0	3
452	67.290796	67.921983	D3	64	75	1	-1
453	67.587825	67.805647	C5	64	81	0	3
454	67.884855	68.060597	D5	64	93	0	5
455	67.884855	68.002429	D4	64	80	0	3
456	67.884855	68.009855	A3	64	79	1	-4
457	67.884855	68.043270	F4	64	78	0	1
458	68.181884	68.295745	F5	64	83	0	3
459	68.330399	68.378666	D4	64	67	0	3
460	68.330399	68.379904	F4	64	67	0	1
461	68.330399	68.435597	A3	64	73	1	-4
462	68.478914	68.629904	A#5	64	88	0	3
463	68.478914	68.888567	G2	64	79	1	-3
464	68.775943	68.920745	A#5	64	82	0	3
465	68.775943	68.926933	G3	64	70	1	-1
466	68.775943	68.934359	A#3	64	67	1	-3
467	68.775943	68.939309	D4	64	76	0	3
468	68.924458	69.018517	C6	64	81	0	5
469	69.072973	69.370002	G5	64	80	0	5
470	69.072973	69.219012	D3	64	72	1	-1
471	69.072973	69.221487	G3	64	75	1	-1
472	69.072973	69.223963	A#3	64	75	1	-3
473	69.072973	69.223963	D4	64	75	0	3
474	69.370002	69.504903	F5	64	82	0	3
475	69.370002	69.496240	G3	64	69	1	-1
476	69.667032	69.964061	A#4	64	80	0	1
477	69.667032	69.876190	F3	64	79	1	-3
478	69.667032	69.941784	A#3	64	67	1	-3
479	69.667032	69.993764	A#2	64	79	1	-5
480	69.964061	70.261091	C5	64	80	0	3
481	70.261091	70.558120	F5	64	80	0	3
482	70.261091	70.426932	F3	64	78	1	-3
483	70.261091	70.475199	D4	64	79	0	3
484	70.261091	70.488813	A#3	64	80	1	-3
485	70.558120	70.855150	D5	64	80	0	5
486	70.855150	72.043268	C5	64	80	0	3
487	70.855150	71.008615	C3	64	73	1	-3
488	70.855150	71.048219	G3	64	73	1	-1
489	70.855150	71.181882	C4	64	76	0	1
490	71.300694	71.415793	C4	64	79	0	1
491	71.300694	71.435595	G3	64	80	1	-1
492	71.449209	71.585347	C3	64	77	1	-3
493	71.746238	71.835347	C4	64	76	0	1
494	71.746238	71.850198	G3	64	75	1	-1
495	72.043268	72.431881	F5	64	81	0	3
496	72.043268	72.178168	A#2	64	75	1	-5
497	72.043268	72.253663	F3	64	78	1	-3
498	72.043268	72.268515	A#3	64	69	1	-3
499	72.488812	72.621238	G5	64	79	0	5
500	72.488812	72.608861	F3	64	73	1	-3
501	72.488812	72.610099	A#3	64	70	1	-3
502	72.488812	72.627426	D4	64	77	0	3
503	72.637327	72.889802	F5	64	83	0	3
504	72.637327	72.722723	A#2	64	73	1	-5
505	72.934356	73.120000	D5	64	96	0	5
506	72.934356	73.017277	F3	64	78	1	-3
507	72.934356	73.020990	A#3	64	75	1	-3
508	72.934356	73.044505	D4	64	76	0	3
509	73.231386	73.558118	F5	64	85	0	3
510	73.231386	73.318019	D3	64	77	1	-1
511	73.231386	73.498712	A3	64	75	1	-4
512	73.231386	73.535841	D4	64	80	0	3
513	73.676930	73.804405	G5	64	79	0	5
514	73.676930	73.830395	D4	64	81	0	3
515	73.676930	73.832870	A3	64	79	1	-4
516	73.676930	73.857623	F4	64	76	0	1
517	73.825445	74.074207	F5	64	86	0	3
518	74.122474	74.279652	D5	64	96	0	5
519	74.122474	74.201682	D4	64	71	0	3
520	74.122474	74.210345	F4	64	72	0	1
521	74.122474	74.227672	A3	64	75	1	-4
522	74.419504	74.647226	A#4	64	90	0	1
523	74.419504	74.572969	D#2	64	73	1	-2
524	74.419504	74.653414	D#4	64	68	0	4
525	74.419504	74.678167	A#3	64	80	1	-3
526	74.419504	74.704157	G3	64	74	1	-1
527	74.716533	74.899701	C5	64	83	0	3
528	74.865048	74.972721	A#3	64	83	1	-3
529	74.865048	74.978909	G3	64	79	1	-1
530	74.865048	74.986335	D#4	64	81	0	4
531	75.013563	75.185592	F5	64	81	0	3
532	75.310592	75.508612	D5	64	88	0	5
533	75.310592	75.412077	A#3	64	71	1	-3
534	75.310592	75.419503	D#4	64	68	0	4
535	75.310592	75.440543	G3	64	76	1	-1
536	75.607622	76.610096	C5	64	90	0	3
537	75.607622	75.770988	A3	64	70	1	-4
538	75.607622	75.775938	F3	64	71	1	-3
539	75.607622	75.780889	F2	64	76	1	-5
540	76.053166	76.139799	A3	64	69	1	-4
541	76.053166	76.157126	F3	64	74	1	-3
542	76.053166	76.175691	C4	64	77	0	1
543	76.498710	76.595245	F3	64	80	1	-3
544	76.498710	76.602670	A3	64	75	1	-4
545	76.498710	76.633611	C4	64	79	0	1
546	76.795740	77.058116	G5	64	80	0	5
547	76.795740	77.090294	A#3	64	79	1	-3
548	76.795740	77.102670	G3	64	73	1	-1
549	76.795740	77.246234	G2	64	75	1	-3
550	77.092769	77.331630	F5	64	77	0	3
551	77.241284	77.321729	A#3	64	78	1	-3
552	77.241284	77.330393	G3	64	76	1	-1
553	77.241284	77.344007	D4	64	76	0	3
554	77.389799	77.691779	G5	64	80	0	5
555	77.686828	77.858858	A#5	64	80	0	3
556	77.686828	77.774699	G3	64	75	1	-1
557	77.686828	77.784600	A#3	64	75	1	-3
558	77.686828	77.787076	D4	64	77	0	3
559	77.983858	78.191778	A#5	64	83	0	3
560	77.983858	78.103907	D4	64	73	0	3
561	77.983858	78.107620	A#3	64	72	1	-3
562	77.983858	78.110095	G3	64	74	1	-1
563	77.983858	78.400937	G2	64	75	1	-3
564	78.280887	78.424451	G5	64	78	0	5
565	78.429402	78.539550	F5	64	69	0	3
566	78.429402	78.524699	D4	64	74	0	3
567	78.429402	78.533362	G3	64	73	1	-1
568	78.577917	79.023461	D5	64	62	0	5
569	78.577917	78.629897	D3	64	61	1	-1
570	78.874946	79.007372	A#3	64	74	1	-3
571	78.874946	79.016035	G3	64	75	1	-1
572	79.171976	79.522223	D5	64	90	0	5
573	79.171976	79.290787	A#2	64	81	1	-5
574	79.171976	79.478906	F3	64	76	1	-3
575	79.171976	79.481381	A#3	64	71	1	-3
576	79.617520	79.774698	F5	64	80	0	3
577	79.617520	79.759846	A#3	64	83	1	-3
578	79.617520	79.775936	F3	64	79	1	-3
579	79.617520	79.778411	D4	64	80	0	3
580	79.766035	79.998708	G5	64	81	0	5
581	80.063064	80.264797	F5	64	83	0	3
582	80.063064	80.128658	A#3	64	65	1	-3
583	80.063064	80.220242	F3	64	78	1	-3
584	80.063064	80.247470	D4	64	79	0	3
585	80.360094	80.633608	F5	64	80	0	3
586	80.360094	80.563064	F3	64	73	1	-3
587	80.360094	80.632371	A3	64	69	1	-4
588	80.360094	81.365043	F2	64	76	1	-5
589	80.657123	80.954153	D5	64	81	0	5
590	80.805638	80.933113	C4	64	79	0	1
591	80.805638	80.962816	F3	64	80	1	-3
592	80.954153	81.256133	D5	64	85	0	5
593	80.954153	81.196727	C3	64	66	1	-3
594	81.251182	81.513558	C5	64	79	0	3
595	81.251182	81.367519	F3	64	77	1	-3
596	81.251182	81.408360	F4	64	80	0	1
597	81.548212	81.790786	A3	64	71	1	-4
598	81.548212	81.808112	F3	64	75	1	-3
599	81.548212	81.814301	C4	64	75	0	1
600	81.548212	82.035835	F2	64	80	1	-5
601	81.845241	82.121231	D5	64	85	0	5
602	81.993756	82.155884	F3	64	83	1	-3
603	81.993756	82.171974	F4	64	76	0	1
604	82.142271	82.429399	F5	64	78	0	3
605	82.142271	82.221478	F2	64	45	1	-5
606	82.142271	82.247469	C3	64	67	1	-3
607	82.439300	82.690538	C5	64	81	0	3
608	82.439300	82.509845	A3	64	75	1	-4
609	82.439300	82.530884	F3	64	77	1	-3
610	82.439300	82.540785	C4	64	79	0	1
611	82.736330	82.978904	F5	64	80	0	3
612	82.736330	82.934349	A#3	64	73	1	-3
613	82.736330	82.976428	D4	64	67	0	3
614	82.736330	83.147220	A#2	64	79	1	-5
615	83.033359	83.200438	G5	64	71	0	5
616	83.033359	83.142270	F3	64	35	1	-3
617	83.181874	83.339052	F5	64	79	0	3
618	83.181874	83.248705	A#3	64	81	1	-3
619	83.181874	83.301923	F4	64	82	0	1
620	83.330389	83.653408	D5	64	80	0	5
621	83.330389	83.403408	F3	64	51	1	-3
622	83.627418	83.918259	C5	64	80	0	3
623	83.627418	83.731378	A#3	64	79	1	-3
624	83.627418	83.757369	D4	64	80	0	3
625	83.924448	85.387318	A#4	64	81	0	1
626	83.924448	84.195487	A#3	64	72	1	-3
627	83.924448	84.206626	D4	64	74	0	3
628	83.924448	84.279645	A#2	64	79	1	-5
629	84.221477	84.321725	F3	64	48	1	-3
630	84.369992	84.456625	A#3	64	71	1	-3
631	84.369992	84.459101	D4	64	75	0	3
632	84.369992	84.538309	F4	64	76	0	1
633	84.518507	84.622467	F3	64	60	1	-3
634	84.815536	85.097714	A#3	64	80	1	-3
635	84.815536	85.107615	D4	64	80	0	3
636	85.112566	85.348952	A#3	64	77	1	-3
637	85.112566	85.388556	D4	64	77	0	3
638	85.112566	85.499942	A#2	64	79	1	-5
639	85.558110	85.644743	A#3	64	80	1	-3
640	85.558110	85.653407	D4	64	77	0	3
641	85.558110	85.690536	F4	64	76	0	1
642	85.706625	85.800684	F3	64	66	1	-3
643	86.003654	86.097713	D4	64	80	0	3
644	86.003654	86.105139	A#3	64	81	1	-3
645	86.300684	86.516030	A#3	64	73	1	-3
646	86.300684	86.546971	G3	64	74	1	-1
647	86.300684	87.335336	G2	64	80	1	-3
648	86.597713	86.748703	D3	64	64	1	-1
649	86.746228	86.861327	A#3	64	75	1	-3
650	86.746228	86.905881	D4	64	76	0	3
651	86.894743	87.029644	G3	64	74	1	-1
652	86.894743	87.263554	D3	64	65	1	-1
653	87.191772	87.273455	A#3	64	73	1	-3
654	87.191772	87.293257	G3	64	74	1	-1
655	87.191772	87.306871	D4	64	79	0	3
656	87.488802	87.774692	A3	64	80	1	-4
657	87.488802	87.787069	D4	64	82	0	3
658	87.488802	87.959098	D3	64	84	1	-1
659	87.934346	88.046970	A3	64	81	1	-4
660	87.934346	88.090286	F4	64	80	0	1
661	88.231375	88.374940	D3	64	60	1	-1
662	88.379890	88.457860	D4	64	82	0	3
663	88.379890	88.490039	A3	64	80	1	-4
664	88.676920	88.897216	A#3	64	79	1	-3
665	88.676920	88.912068	G3	64	75	1	-1
666	88.676920	89.690533	G2	64	81	1	-3
667	88.973949	89.171969	D3	64	71	1	-1
668	89.270979	89.345236	G3	64	75	1	-1
669	89.270979	89.386078	A#3	64	80	1	-3
670	89.270979	89.408355	D4	64	80	0	3
671	89.270979	89.617513	D3	64	67	1	-1
672	89.568008	89.722711	G3	64	79	1	-1
673	89.568008	89.725186	G4	64	78	0	3
674	89.568008	89.759840	A#3	64	81	1	-3
675	89.716523	89.835335	D4	64	81	0	3
676	89.865038	90.145978	A#3	64	75	1	-3
677	89.865038	90.155879	G3	64	73	1	-1
678	89.865038	90.225186	D#2	64	83	1	-2
679	90.310582	90.465285	A#3	64	82	1	-3
680	90.310582	90.480136	D#4	64	79	0	4
681	90.459097	90.605136	G3	64	80	1	-1
682	90.756126	90.865037	A#3	64	77	1	-3
683	90.756126	90.882364	G3	64	79	1	-1
684	90.756126	90.912067	D#4	64	72	0	4
685	91.053156	91.356373	D4	64	77	0	3
686	91.053156	91.362561	A3	64	79	1	-4
687	91.053156	91.632363	D2	64	80	1	-3
688	91.350185	91.539541	A2	64	58	1	-1
689	91.647215	91.787066	A3	64	81	1	-4
690	91.647215	91.803155	D4	64	83	0	3
691	91.647215	91.805630	F4	64	81	0	1
692	91.944244	92.024690	F4	64	79	0	1
693	92.092759	92.157115	D4	64	79	0	3
694	92.092759	92.215284	A3	64	80	1	-4
695	92.222709	92.941768	G2	64	80	1	-3
696	92.223947	92.529640	A#3	64	71	1	-3
697	92.226422	92.534590	G3	64	73	1	-1
698	92.507363	92.675679	D3	64	66	1	-1
699	92.652164	92.915778	A#3	64	81	1	-3
700	92.658353	92.930630	D4	64	80	0	3
701	92.660828	92.846471	G3	64	80	1	-1
702	93.102659	93.363798	G3	64	76	1	-1
703	93.102659	93.363798	A#3	64	73	1	-3
704	93.129887	93.343996	G2	64	80	1	-3
705	93.134837	93.357609	D3	64	79	1	-1
706	93.419491	93.858847	G2	64	81	1	-3
707	93.431867	93.821718	A#3	64	74	1	-3
708	93.438055	93.759837	G3	64	79	1	-1
709	94.002411	94.159589	A#3	64	75	1	-3
710	94.004886	94.149688	G3	64	80	1	-1
711	94.006124	94.144738	D3	64	80	1	-1
712	94.008599	94.155876	G2	64	81	1	-3
713	94.289540	94.517262	G2	64	78	1	-3
714	94.330381	94.440530	G3	64	77	1	-1
715	94.617510	94.873698	G5	64	90	0	5
716	94.617510	94.785826	G3	64	76	1	-1
717	94.617510	94.785826	A#3	64	73	1	-3
718	94.617510	95.289539	G2	64	79	1	-3
719	94.914539	95.221470	F5	64	81	0	3
720	95.211569	95.688053	G5	64	85	0	5
721	95.211569	95.292014	A#3	64	81	1	-3
722	95.211569	95.295727	G3	64	79	1	-1
723	95.211569	95.308103	D4	64	81	0	3
724	95.657113	95.803152	G3	64	71	1	-1
725	95.657113	95.803152	A#3	64	75	1	-3
726	95.805628	96.018499	A#5	64	86	0	3
727	95.805628	96.809340	G2	64	79	1	-3
728	96.102657	96.301914	C6	64	90	0	5
729	96.102657	96.197954	G3	64	73	1	-1
730	96.102657	96.202905	A#3	64	80	1	-3
731	96.399687	96.659587	G5	64	79	0	5
732	96.399687	96.538300	D4	64	81	0	3
733	96.399687	96.545726	G3	64	75	1	-1
734	96.696716	96.853894	F5	64	81	0	3
735	96.993746	97.341518	D5	64	93	0	5
736	96.993746	97.171963	G3	64	75	1	-1
737	96.993746	97.197953	A#3	64	75	1	-3
738	96.993746	97.642260	G2	64	71	1	-3
739	97.439290	97.574191	A#5	64	82	0	3
740	97.587805	97.847705	G5	64	80	0	5
741	97.587805	97.652161	D4	64	77	0	3
742	97.587805	97.658349	A#3	64	79	1	-3
743	97.587805	97.673201	G3	64	74	1	-1
744	97.884834	98.145973	F5	64	80	0	3
745	98.033349	98.115032	G3	64	72	1	-1
746	98.033349	98.116270	A#3	64	75	1	-3
747	98.033349	98.118745	D4	64	73	0	3
748	98.181864	98.627408	G5	64	83	0	5
749	98.181864	98.290774	G2	64	77	1	-3
750	98.330378	98.398448	G3	64	75	1	-1
751	98.330378	98.398448	A#3	64	81	1	-3
752	98.330378	98.399685	D4	64	78	0	3
753	98.478893	98.608844	G2	64	70	1	-3
754	98.627408	98.783348	A#5	64	83	0	3
755	98.775923	99.066764	G5	64	90	0	5
756	98.775923	98.926913	A#3	64	79	1	-3
757	98.775923	98.943002	D4	64	80	0	3
758	98.775923	98.949190	G3	64	78	1	-1
759	99.072952	99.228893	F5	64	80	0	3
760	99.369982	99.717754	D5	64	93	0	5
761	99.369982	99.768496	A3	64	75	1	-4
762	99.369982	99.775922	D4	64	80	0	3
763	99.369982	100.001169	D3	64	75	1	-1
764	99.667011	99.884833	C5	64	81	0	3
765	99.964041	100.139783	D5	64	93	0	5
766	99.964041	100.081615	D4	64	80	0	3
767	99.964041	100.089041	A3	64	79	1	-4
768	99.964041	100.122456	F4	64	78	0	1
769	100.261070	100.374931	F5	64	83	0	3
770	100.409585	100.457852	D4	64	67	0	3
771	100.409585	100.459090	F4	64	67	0	1
772	100.409585	100.514783	A3	64	73	1	-4
773	100.558100	100.709090	A#5	64	88	0	3
774	100.558100	100.967753	G2	64	79	1	-3
775	100.855129	100.999931	A#5	64	82	0	3
776	100.855129	101.006119	G3	64	70	1	-1
777	100.855129	101.013545	A#3	64	67	1	-3
778	100.855129	101.018495	D4	64	76	0	3
779	101.003644	101.097703	C6	64	81	0	5
780	101.152159	101.449188	G5	64	80	0	5
781	101.152159	101.298198	D3	64	72	1	-1
782	101.152159	101.300673	G3	64	75	1	-1
783	101.152159	101.303149	A#3	64	75	1	-3
784	101.152159	101.303149	D4	64	75	0	3
785	101.449188	101.584089	F5	64	82	0	3
786	101.449188	101.575426	G3	64	69	1	-1
787	101.746218	102.043247	A#4	64	80	0	1
788	101.746218	101.955376	F3	64	79	1	-3
789	101.746218	102.020970	A#3	64	67	1	-3
790	101.746218	102.072950	A#2	64	79	1	-5
791	102.043247	102.340277	C5	64	80	0	3
792	102.340277	102.637306	F5	64	80	0	3
793	102.340277	102.506118	F3	64	78	1	-3
794	102.340277	102.554385	D4	64	79	0	3
795	102.340277	102.567999	A#3	64	80	1	-3
796	102.637306	102.934336	D5	64	80	0	5
797	102.934336	104.122454	C5	64	80	0	3
798	102.934336	103.087801	C3	64	73	1	-3
799	102.934336	103.127405	G3	64	73	1	-1
800	102.934336	103.261068	C4	64	76	0	1
801	103.379880	103.494979	C4	64	79	0	1
802	103.379880	103.514781	G3	64	80	1	-1
803	103.528395	103.664533	C3	64	77	1	-3
804	103.825424	103.914533	C4	64	76	0	1
805	103.825424	103.929384	G3	64	75	1	-1
806	104.122454	104.511067	F5	64	81	0	3
807	104.122454	104.257355	A#2	64	75	1	-5
808	104.122454	104.332849	F3	64	78	1	-3
809	104.122454	104.347701	A#3	64	69	1	-3
810	104.567998	104.700424	G5	64	79	0	5
811	104.567998	104.688047	F3	64	73	1	-3
812	104.567998	104.689285	A#3	64	70	1	-3
813	104.567998	104.706612	D4	64	77	0	3
814	104.716513	104.968988	F5	64	83	0	3
815	104.716513	104.801909	A#2	64	73	1	-5
816	105.013542	105.199186	D5	64	96	0	5
817	105.013542	105.096463	F3	64	78	1	-3
818	105.013542	105.100176	A#3	64	75	1	-3
819	105.013542	105.123691	D4	64	76	0	3
820	105.310572	105.637304	F5	64	85	0	3
821	105.310572	105.397205	D3	64	77	1	-1
822	105.310572	105.577898	A3	64	75	1	-4
823	105.310572	105.615027	D4	64	80	0	3
824	105.756116	105.883591	G5	64	79	0	5
825	105.756116	105.909581	D4	64	81	0	3
826	105.756116	105.912056	A3	64	79	1	-4
827	105.756116	105.936809	F4	64	76	0	1
828	105.904631	106.153393	F5	64	86	0	3
829	106.201660	106.358838	D5	64	96	0	5
830	106.201660	106.280868	D4	64	71	0	3
831	106.201660	106.289531	F4	64	72	0	1
832	106.201660	106.306858	A3	64	75	1	-4
833	106.498690	106.726412	A#4	64	90	0	1
834	106.498690	106.652155	D#2	64	73	1	-2
835	106.498690	106.732600	D#4	64	68	0	4
836	106.498690	106.757353	A#3	64	80	1	-3
837	106.498690	106.783343	G3	64	74	1	-1
838	106.795719	106.978887	C5	64	83	0	3
839	106.944234	107.051907	A#3	64	83	1	-3
840	106.944234	107.058095	G3	64	79	1	-1
841	106.944234	107.065521	D#4	64	81	0	4
842	107.092749	107.264778	F5	64	81	0	3
843	107.389778	107.587798	D5	64	88	0	5
844	107.389778	107.491263	A#3	64	71	1	-3
845	107.389778	107.498689	D#4	64	68	0	4
846	107.389778	107.519729	G3	64	76	1	-1
847	107.686808	108.689282	C5	64	90	0	3
848	107.686808	107.850174	A3	64	70	1	-4
849	107.686808	107.855124	F3	64	71	1	-3
850	107.686808	107.860075	F2	64	76	1	-5
851	108.132352	108.218985	A3	64	69	1	-4
852	108.132352	108.236312	F3	64	74	1	-3
853	108.132352	108.254877	C4	64	77	0	1
854	108.577896	108.674431	F3	64	80	1	-3
855	108.577896	108.681856	A3	64	75	1	-4
856	108.577896	108.712797	C4	64	79	0	1
857	108.874926	109.137302	G5	64	80	0	5
858	108.874926	109.169480	A#3	64	79	1	-3
859	108.874926	109.181856	G3	64	73	1	-1
860	108.874926	109.325420	G2	64	75	1	-3
861	109.171955	109.410816	F5	64	77	0	3
862	109.320470	109.400915	A#3	64	78	1	-3
863	109.320470	109.409579	G3	64	76	1	-1
864	109.320470	109.423193	D4	64	76	0	3
865	109.468985	109.770965	G5	64	80	0	5
866	109.766014	109.938044	A#5	64	80	0	3
867	109.766014	109.853885	G3	64	75	1	-1
868	109.766014	109.863786	A#3	64	75	1	-3
869	109.766014	109.866262	D4	64	77	0	3
870	110.063044	110.270964	A#5	64	83	0	3
871	110.063044	110.183093	D4	64	73	0	3
872	110.063044	110.186806	A#3	64	72	1	-3
873	110.063044	110.189281	G3	64	74	1	-1
874	110.063044	110.480123	G2	64	75	1	-3
875	110.360073	110.503637	G5	64	78	0	5
876	110.508588	110.618736	F5	64	69	0	3
877	110.508588	110.603885	D4	64	74	0	3
878	110.508588	110.612548	G3	64	73	1	-1
879	110.657103	111.102647	D5	64	62	0	5
880	110.657103	110.709083	D3	64	61	1	-1
881	110.954132	111.086558	A#3	64	74	1	-3
882	110.954132	111.095221	G3	64	75	1	-1
883	111.251162	111.601409	D5	64	90	0	5
884	111.251162	111.369973	A#2	64	81	1	-5
885	111.251162	111.558092	F3	64	76	1	-3
886	111.251162	111.560567	A#3	64	71	1	-3
887	111.696706	111.853884	F5	64	80	0	3
888	111.696706	111.839032	A#3	64	83	1	-3
889	111.696706	111.855122	F3	64	79	1	-3
890	111.696706	111.857597	D4	64	80	0	3
891	111.845221	112.077894	G5	64	81	0	5
892	112.142250	112.343983	F5	64	83	0	3
893	112.142250	112.207844	A#3	64	65	1	-3
894	112.142250	112.299428	F3	64	78	1	-3
895	112.142250	112.326656	D4	64	79	0	3
896	112.439280	112.712794	F5	64	80	0	3
897	112.439280	112.642250	F3	64	73	1	-3
898	112.439280	112.711557	A3	64	69	1	-4
899	112.439280	113.444229	F2	64	76	1	-5
900	112.736309	113.033339	D5	64	81	0	5
901	112.884824	113.012299	C4	64	79	0	1
902	112.884824	113.042002	F3	64	80	1	-3
903	113.033339	113.335319	D5	64	85	0	5
904	113.033339	113.275913	C3	64	66	1	-3
905	113.330368	113.592744	C5	64	79	0	3
906	113.330368	113.446705	F3	64	77	1	-3
907	113.330368	113.487546	F4	64	80	0	1
908	113.627398	113.869972	A3	64	71	1	-4
909	113.627398	113.887298	F3	64	75	1	-3
910	113.627398	113.893487	C4	64	75	0	1
911	113.627398	114.115021	F2	64	80	1	-5
912	113.924427	114.200417	D5	64	85	0	5
913	114.072942	114.235070	F3	64	83	1	-3
914	114.072942	114.251160	F4	64	76	0	1
915	114.221457	114.508585	F5	64	78	0	3
916	114.221457	114.300664	F2	64	45	1	-5
917	114.221457	114.326655	C3	64	67	1	-3
918	114.518486	114.769724	C5	64	81	0	3
919	114.518486	114.589031	A3	64	75	1	-4
920	114.518486	114.610070	F3	64	77	1	-3
921	114.518486	114.619971	C4	64	79	0	1
922	114.815516	115.058090	F5	64	80	0	3
923	114.815516	115.013535	A#3	64	73	1	-3
924	114.815516	115.055614	D4	64	67	0	3
925	114.815516	115.226406	A#2	64	79	1	-5
926	115.112545	115.279624	G5	64	71	0	5
927	115.112545	115.221456	F3	64	35	1	-3
928	115.261060	115.418238	F5	64	79	0	3
929	115.261060	115.327891	A#3	64	81	1	-3
930	115.261060	115.381109	F4	64	82	0	1
931	115.409575	115.732594	D5	64	80	0	5
932	115.409575	115.482594	F3	64	51	1	-3
933	115.706604	115.997445	C5	64	80	0	3
934	115.706604	115.810564	A#3	64	79	1	-3
935	115.706604	115.836555	D4	64	80	0	3
936	116.003634	117.466504	A#4	64	81	0	1
937	116.003634	116.274673	A#3	64	72	1	-3
938	116.003634	116.285812	D4	64	74	0	3
939	116.003634	116.358831	A#2	64	79	1	-5
940	116.300663	116.400911	F3	64	48	1	-3
941	116.449178	116.535811	A#3	64	71	1	-3
942	116.449178	116.538287	D4	64	75	0	3
943	116.449178	116.617495	F4	64	76	0	1
944	116.597693	116.701653	F3	64	60	1	-3
945	116.894722	117.176900	A#3	64	80	1	-3
946	116.894722	117.186801	D4	64	80	0	3
947	117.191752	117.329128	A#2	64	80	1	-5
948	117.191752	117.340266	F3	64	75	1	-3
949	117.191752	117.483831	A#3	64	74	1	-3
950	117.488781	117.571702	F3	64	66	1	-3
951	117.785811	117.916999	F3	64	81	1	-3
952	117.785811	117.980117	A3	64	88	1	-4
953	117.785811	118.066751	F2	64	80	1	-5
954	118.082840	118.201652	F3	64	69	1	-3
955	118.379870	118.475167	A#2	64	83	1	-5
956	118.379870	118.485068	F3	64	80	1	-3
957	118.379870	118.488780	A#3	64	79	1	-3
958	118.379870	118.503632	D4	64	79	0	3
959	118.676899	118.778384	A#2	64	76	1	-5
960	118.676899	118.784572	F3	64	79	1	-3
961	118.676899	118.788285	A#3	64	81	1	-3
962	118.676899	118.816750	D4	64	81	0	3
963	118.973929	119.403384	F3	64	80	1	-3
964	118.973929	119.438037	A#3	64	81	1	-3
965	118.973929	119.444225	D4	64	83	0	3
966	118.973929	119.513532	A#2	64	79	1	-5
967	119.567988	119.824176	G5	64	90	0	5
968	119.567988	119.736304	G3	64	76	1	-1
969	119.567988	119.736304	A#3	64	73	1	-3
970	119.567988	120.240017	G2	64	79	1	-3
971	119.865017	120.171948	F5	64	81	0	3
972	120.162047	120.638531	G5	64	85	0	5
973	120.162047	120.242492	A#3	64	81	1	-3
974	120.162047	120.246205	G3	64	79	1	-1
975	120.162047	120.258581	D4	64	81	0	3
976	120.607591	120.753630	G3	64	71	1	-1
977	120.607591	120.753630	A#3	64	75	1	-3
978	120.756106	120.968977	A#5	64	86	0	3
979	120.756106	121.759818	G2	64	79	1	-3
980	121.053135	121.252392	C6	64	90	0	5
981	121.053135	121.148432	G3	64	73	1	-1
982	121.053135	121.153383	A#3	64	80	1	-3
983	121.350165	121.610065	G5	64	79	0	5
984	121.350165	121.488778	D4	64	81	0	3
985	121.350165	121.496204	G3	64	75	1	-1
986	121.647194	121.804372	F5	64	81	0	3
987	121.944224	122.291996	D5	64	93	0	5
988	121.944224	122.122441	G3	64	75	1	-1
989	121.944224	122.148431	A#3	64	75	1	-3
990	121.944224	122.592738	G2	64	71	1	-3
991	122.389768	122.524669	A#5	64	82	0	3
992	122.538283	122.798183	G5	64	80	0	5
993	122.538283	122.602639	D4	64	77	0	3
994	122.538283	122.608827	A#3	64	79	1	-3
995	122.538283	122.623679	G3	64	74	1	-1
996	122.835312	123.096451	F5	64	80	0	3
997	122.983827	123.065510	G3	64	72	1	-1
998	122.983827	123.066748	A#3	64	75	1	-3
999	122.983827	123.069223	D4	64	73	0	3
1000	123.132342	123.577886	G5	64	83	0	5
1001	123.132342	123.241252	G2	64	77	1	-3
1002	123.280856	123.348926	G3	64	75	1	-1
1003	123.280856	123.348926	A#3	64	81	1	-3
1004	123.280856	123.350163	D4	64	78	0	3
1005	123.429371	123.559322	G2	64	70	1	-3
1006	123.577886	123.733826	A#5	64	83	0	3
1007	123.726401	124.017242	G5	64	90	0	5
1008	123.726401	123.877391	A#3	64	79	1	-3
1009	123.726401	123.893480	D4	64	80	0	3
1010	123.726401	123.899668	G3	64	78	1	-1
1011	124.023430	124.179371	F5	64	80	0	3
1012	124.320460	124.668232	D5	64	93	0	5
1013	124.320460	124.718974	A3	64	75	1	-4
1014	124.320460	124.726400	D4	64	80	0	3
1015	124.320460	124.951647	D3	64	75	1	-1
1016	124.617489	124.835311	C5	64	81	0	3
1017	124.914519	125.090261	D5	64	93	0	5
1018	124.914519	125.032093	D4	64	80	0	3
1019	124.914519	125.039519	A3	64	79	1	-4
1020	124.914519	125.072934	F4	64	78	0	1
1021	125.211548	125.325409	F5	64	83	0	3
1022	125.360063	125.408330	D4	64	67	0	3
1023	125.360063	125.409568	F4	64	67	0	1
1024	125.360063	125.465261	A3	64	73	1	-4
1025	125.508578	125.659568	A#5	64	88	0	3
1026	125.508578	125.918231	G2	64	79	1	-3
1027	125.805607	125.950409	A#5	64	82	0	3
1028	125.805607	125.956597	G3	64	70	1	-1
1029	125.805607	125.964023	A#3	64	67	1	-3
1030	125.805607	125.968973	D4	64	76	0	3
1031	125.954122	126.048181	C6	64	81	0	5
1032	126.102637	126.399666	G5	64	80	0	5
1033	126.102637	126.248676	D3	64	72	1	-1
1034	126.102637	126.251151	G3	64	75	1	-1
1035	126.102637	126.253627	A#3	64	75	1	-3
1036	126.102637	126.253627	D4	64	75	0	3
1037	126.399666	126.534567	F5	64	82	0	3
1038	126.399666	126.525904	G3	64	69	1	-1
1039	126.696696	126.993725	A#4	64	80	0	1
1040	126.696696	126.905854	F3	64	79	1	-3
1041	126.696696	126.971448	A#3	64	67	1	-3
1042	126.696696	127.023428	A#2	64	79	1	-5
1043	126.993725	127.290755	C5	64	80	0	3
1044	127.290755	127.587784	F5	64	80	0	3
1045	127.290755	127.456596	F3	64	78	1	-3
1046	127.290755	127.504863	D4	64	79	0	3
1047	127.290755	127.518477	A#3	64	80	1	-3
1048	127.587784	127.884814	D5	64	80	0	5
1049	127.884814	129.072932	C5	64	80	0	3
1050	127.884814	128.038279	C3	64	73	1	-3
1051	127.884814	128.077883	G3	64	73	1	-1
1052	127.884814	128.211546	C4	64	76	0	1
1053	128.330358	128.445457	C4	64	79	0	1
1054	128.330358	128.465259	G3	64	80	1	-1
1055	128.478873	128.615011	C3	64	77	1	-3
1056	128.775902	128.865011	C4	64	76	0	1
1057	128.775902	128.879862	G3	64	75	1	-1
1058	129.072932	129.461545	F5	64	81	0	3
1059	129.072932	129.207832	A#2	64	75	1	-5
1060	129.072932	129.283327	F3	64	78	1	-3
1061	129.072932	129.298179	A#3	64	69	1	-3
1062	129.518476	129.650902	G5	64	79	0	5
1063	129.518476	129.638525	F3	64	73	1	-3
1064	129.518476	129.639763	A#3	64	70	1	-3
1065	129.518476	129.657090	D4	64	77	0	3
1066	129.666991	129.919466	F5	64	83	0	3
1067	129.666991	129.752387	A#2	64	73	1	-5
1068	129.964020	130.149664	D5	64	96	0	5
1069	129.964020	130.046941	F3	64	78	1	-3
1070	129.964020	130.050654	A#3	64	75	1	-3
1071	129.964020	130.074169	D4	64	76	0	3
1072	130.261050	130.587782	F5	64	85	0	3
1073	130.261050	130.347683	D3	64	77	1	-1
1074	130.261050	130.528376	A3	64	75	1	-4
1075	130.261050	130.565505	D4	64	80	0	3
1076	130.706594	130.834069	G5	64	79	0	5
1077	130.706594	130.860059	D4	64	81	0	3
1078	130.706594	130.862534	A3	64	79	1	-4
1079	130.706594	130.887287	F4	64	76	0	1
1080	130.855109	131.103871	F5	64	86	0	3
1081	131.152138	131.309316	D5	64	96	0	5
1082	131.152138	131.231346	D4	64	71	0	3
1083	131.152138	131.240009	F4	64	72	0	1
1084	131.152138	131.257336	A3	64	75	1	-4
1085	131.449168	131.676890	A#4	64	90	0	1
1086	131.449168	131.602633	D#2	64	73	1	-2
1087	131.449168	131.683078	D#4	64	68	0	4
1088	131.449168	131.707831	A#3	64	80	1	-3
1089	131.449168	131.733821	G3	64	74	1	-1
1090	131.746197	131.929365	C5	64	83	0	3
1091	131.894712	132.002385	A#3	64	83	1	-3
1092	131.894712	132.008573	G3	64	79	1	-1
1093	131.894712	132.015999	D#4	64	81	0	4
1094	132.043227	132.215256	F5	64	81	0	3
1095	132.340256	132.538276	D5	64	88	0	5
1096	132.340256	132.441741	A#3	64	71	1	-3
1097	132.340256	132.449167	D#4	64	68	0	4
1098	132.340256	132.470207	G3	64	76	1	-1
1099	132.637286	133.639760	C5	64	90	0	3
1100	132.637286	132.800652	A3	64	70	1	-4
1101	132.637286	132.805602	F3	64	71	1	-3
1102	132.637286	132.810553	F2	64	76	1	-5
1103	133.082830	133.169463	A3	64	69	1	-4
1104	133.082830	133.186790	F3	64	74	1	-3
1105	133.082830	133.205355	C4	64	77	0	1
1106	133.528374	133.624909	F3	64	80	1	-3
1107	133.528374	133.632334	A3	64	75	1	-4
1108	133.528374	133.663275	C4	64	79	0	1
1109	133.825404	134.087780	G5	64	80	0	5
1110	133.825404	134.119958	A#3	64	79	1	-3
1111	133.825404	134.132334	G3	64	73	1	-1
1112	133.825404	134.275898	G2	64	75	1	-3
1113	134.122433	134.361294	F5	64	77	0	3
1114	134.270948	134.351393	A#3	64	78	1	-3
1115	134.270948	134.360057	G3	64	76	1	-1
1116	134.270948	134.373671	D4	64	76	0	3
1117	134.419463	134.721443	G5	64	80	0	5
1118	134.716492	134.888522	A#5	64	80	0	3
1119	134.716492	134.804363	G3	64	75	1	-1
1120	134.716492	134.814264	A#3	64	75	1	-3
1121	134.716492	134.816740	D4	64	77	0	3
1122	135.013522	135.221442	A#5	64	83	0	3
1123	135.013522	135.133571	D4	64	73	0	3
1124	135.013522	135.137284	A#3	64	72	1	-3
1125	135.013522	135.139759	G3	64	74	1	-1
1126	135.013522	135.430601	G2	64	75	1	-3
1127	135.310551	135.454115	G5	64	78	0	5
1128	135.459066	135.569214	F5	64	69	0	3
1129	135.459066	135.554363	D4	64	74	0	3
1130	135.459066	135.563026	G3	64	73	1	-1
1131	135.607581	136.053125	D5	64	62	0	5
1132	135.607581	135.659561	D3	64	61	1	-1
1133	135.904610	136.037036	A#3	64	74	1	-3
1134	135.904610	136.045699	G3	64	75	1	-1
1135	136.201640	136.551887	D5	64	90	0	5
1136	136.201640	136.320451	A#2	64	81	1	-5
1137	136.201640	136.508570	F3	64	76	1	-3
1138	136.201640	136.511045	A#3	64	71	1	-3
1139	136.647184	136.804362	F5	64	80	0	3
1140	136.647184	136.789510	A#3	64	83	1	-3
1141	136.647184	136.805600	F3	64	79	1	-3
1142	136.647184	136.808075	D4	64	80	0	3
1143	136.795699	137.028372	G5	64	81	0	5
1144	137.092728	137.294461	F5	64	83	0	3
1145	137.092728	137.158322	A#3	64	65	1	-3
1146	137.092728	137.249906	F3	64	78	1	-3
1147	137.092728	137.277134	D4	64	79	0	3
1148	137.389758	137.663272	F5	64	80	0	3
1149	137.389758	137.592728	F3	64	73	1	-3
1150	137.389758	137.662035	A3	64	69	1	-4
1151	137.389758	138.394707	F2	64	76	1	-5
1152	137.686787	137.983817	D5	64	81	0	5
1153	137.835302	137.962777	C4	64	79	0	1
1154	137.835302	137.992480	F3	64	80	1	-3
1155	137.983817	138.285797	D5	64	85	0	5
1156	137.983817	138.226391	C3	64	66	1	-3
1157	138.280846	138.543222	C5	64	79	0	3
1158	138.280846	138.397183	F3	64	77	1	-3
1159	138.280846	138.438024	F4	64	80	0	1
1160	138.577876	138.820450	A3	64	71	1	-4
1161	138.577876	138.837776	F3	64	75	1	-3
1162	138.577876	138.843965	C4	64	75	0	1
1163	138.577876	139.065499	F2	64	80	1	-5
1164	138.874905	139.150895	D5	64	85	0	5
1165	139.023420	139.185548	F3	64	83	1	-3
1166	139.023420	139.201638	F4	64	76	0	1
1167	139.171935	139.459063	F5	64	78	0	3
1168	139.171935	139.251142	F2	64	45	1	-5
1169	139.171935	139.277133	C3	64	67	1	-3
1170	139.468964	139.720202	C5	64	81	0	3
1171	139.468964	139.539509	A3	64	75	1	-4
1172	139.468964	139.560548	F3	64	77	1	-3
1173	139.468964	139.570449	C4	64	79	0	1
1174	139.765994	140.008568	F5	64	80	0	3
1175	139.765994	139.964013	A#3	64	73	1	-3
1176	139.765994	140.006092	D4	64	67	0	3
1177	139.765994	140.176884	A#2	64	79	1	-5
1178	140.063023	140.230102	G5	64	71	0	5
1179	140.063023	140.171934	F3	64	35	1	-3
1180	140.211538	140.368716	F5	64	79	0	3
1181	140.211538	140.278369	A#3	64	81	1	-3
1182	140.211538	140.331587	F4	64	82	0	1
1183	140.360053	140.683072	D5	64	80	0	5
1184	140.360053	140.433072	F3	64	51	1	-3
1185	140.657082	140.947923	C5	64	80	0	3
1186	140.657082	140.761042	A#3	64	79	1	-3
1187	140.657082	140.787033	D4	64	80	0	3
1188	140.954112	142.416982	A#4	64	81	0	1
1189	140.954112	141.225151	A#3	64	72	1	-3
1190	140.954112	141.236290	D4	64	74	0	3
1191	140.954112	141.309309	A#2	64	79	1	-5
1192	141.251141	141.351389	F3	64	48	1	-3
1193	141.399656	141.486289	A#3	64	71	1	-3
1194	141.399656	141.488765	D4	64	75	0	3
1195	141.399656	141.567973	F4	64	76	0	1
1196	141.548171	141.652131	F3	64	60	1	-3
1197	141.845200	142.127378	A#3	64	80	1	-3
1198	141.845200	142.137279	D4	64	80	0	3
1199	142.142230	142.378616	A#3	64	77	1	-3
1200	142.142230	142.418220	D4	64	77	0	3
1201	142.142230	142.529606	A#2	64	79	1	-5
1202	142.587774	142.674407	A#3	64	80	1	-3
1203	142.587774	142.683071	D4	64	77	0	3
1204	142.587774	142.720200	F4	64	76	0	1
1205	142.736289	142.830348	F3	64	66	1	-3
1206	143.033318	143.127377	D4	64	80	0	3
1207	143.033318	143.134803	A#3	64	81	1	-3
1208	143.330348	143.545694	A#3	64	73	1	-3
1209	143.330348	143.576635	G3	64	74	1	-1
1210	143.330348	144.365000	G2	64	80	1	-3
1211	143.627377	143.778367	D3	64	64	1	-1
1212	143.775892	143.890991	A#3	64	75	1	-3
1213	143.775892	143.935545	D4	64	76	0	3
1214	143.924407	144.059307	G3	64	74	1	-1
1215	143.924407	144.293218	D3	64	65	1	-1
1216	144.221436	144.303119	A#3	64	73	1	-3
1217	144.221436	144.322921	G3	64	74	1	-1
1218	144.221436	144.336535	D4	64	79	0	3
1219	144.518466	144.804356	A3	64	80	1	-4
1220	144.518466	144.816733	D4	64	82	0	3
1221	144.518466	144.988762	D3	64	84	1	-1
1222	144.964010	145.076634	A3	64	81	1	-4
1223	144.964010	145.119950	F4	64	80	0	1
1224	145.261039	145.404604	D3	64	60	1	-1
1225	145.409554	145.487524	D4	64	82	0	3
1226	145.409554	145.519703	A3	64	80	1	-4
1227	145.706584	145.926880	A#3	64	79	1	-3
1228	145.706584	145.941732	G3	64	75	1	-1
1229	145.706584	146.720197	G2	64	81	1	-3
1230	146.003613	146.201633	D3	64	71	1	-1
1231	146.300643	146.374900	G3	64	75	1	-1
1232	146.300643	146.415742	A#3	64	80	1	-3
1233	146.300643	146.438019	D4	64	80	0	3
1234	146.300643	146.647177	D3	64	67	1	-1
1235	146.597672	146.752375	G3	64	79	1	-1
1236	146.597672	146.754850	G4	64	78	0	3
1237	146.597672	146.789504	A#3	64	81	1	-3
1238	146.746187	146.864999	D4	64	81	0	3
1239	146.894702	147.175642	A#3	64	75	1	-3
1240	146.894702	147.185543	G3	64	73	1	-1
1241	146.894702	147.254850	D#2	64	83	1	-2
1242	147.340246	147.494949	A#3	64	82	1	-3
1243	147.340246	147.509800	D#4	64	79	0	4
1244	147.488761	147.634800	G3	64	80	1	-1
1245	147.785790	147.894701	A#3	64	77	1	-3
1246	147.785790	147.912028	G3	64	79	1	-1
1247	147.785790	147.941731	D#4	64	72	0	4
1248	148.082820	148.386037	D4	64	77	0	3
1249	148.082820	148.392225	A3	64	79	1	-4
1250	148.082820	148.662027	D2	64	80	1	-3
1251	148.379849	148.569205	A2	64	58	1	-1
1252	148.676879	148.816730	A3	64	81	1	-4
1253	148.676879	148.832819	D4	64	83	0	3
1254	148.676879	148.835294	F4	64	81	0	1
1255	148.973908	149.054354	F4	64	79	0	1
1256	149.122423	149.186779	D4	64	79	0	3
1257	149.122423	149.244948	A3	64	80	1	-4
1258	149.252373	149.971432	G2	64	80	1	-3
1259	149.253611	149.559304	A#3	64	71	1	-3
1260	149.256086	149.564254	G3	64	73	1	-1
1261	149.537027	149.705343	D3	64	66	1	-1
1262	149.681828	149.945442	A#3	64	81	1	-3
1263	149.688017	149.960294	D4	64	80	0	3
1264	149.690492	149.876135	G3	64	80	1	-1
1265	150.132323	150.393462	G3	64	76	1	-1
1266	150.132323	150.393462	A#3	64	73	1	-3
1267	150.159551	150.373660	G2	64	80	1	-3
1268	150.164501	150.387273	D3	64	79	1	-1
1269	150.449155	150.888511	G2	64	81	1	-3
1270	150.461531	150.851382	A#3	64	74	1	-3
1271	150.467719	150.789501	G3	64	79	1	-1
1272	151.034550	151.329105	G3	64	80	1	-1
1273	151.035788	151.324154	D3	64	80	1	-1
1274	151.038263	151.335293	G2	64	81	1	-3
1275	151.053115	151.360045	G4	64	75	0	3
