//Version: PianoFingering_v170101
0	4.674243	5.931819	D#2	64	87	1	-2
1	5.128788	5.664773	D#3	64	87	1	-5
2	5.583334	5.784091	D#4	64	87	0	4
3	5.583334	5.785985	A#3	64	87	1	-3
4	5.583334	5.804925	F#4	64	87	0	2
5	5.810607	6.304925	D#3	64	87	1	-5
6	6.037879	6.356061	A#3	64	86	1	-3
7	6.265152	6.551137	D#4	64	87	0	4
8	6.492425	7.848486	F#2	64	87	1	-4
9	6.946970	7.452652	F#3	64	86	1	-2
10	7.401516	7.645834	C#4	64	87	0	2
11	7.401516	7.666667	A#4	64	87	0	1
12	7.401516	7.742425	F#4	64	87	0	2
13	7.628789	8.151516	F#3	64	87	1	-2
14	7.856061	7.924243	A#4	64	86	0	1
15	7.856061	8.179925	C#4	64	87	0	2
16	8.083334	8.193183	A#4	64	84	0	1
17	8.083334	8.284092	F#4	64	82	0	2
18	8.310607	10.100380	G#2	64	87	1	-2
19	8.537880	9.731062	G#3	64	78	1	-5
20	9.219698	9.429925	G#4	64	87	0	4
21	9.219698	9.439395	C4	64	87	0	1
22	9.219698	9.446971	D#4	64	87	0	4
23	9.564395	9.812501	C4	64	87	0	1
24	9.564395	9.818183	D#4	64	87	0	4
25	9.564395	9.821971	G#4	64	87	0	4
26	9.901516	10.070077	D#4	64	87	0	4
27	9.901516	10.073865	C4	64	86	0	1
28	9.901516	10.077653	G#4	64	86	0	4
29	9.901516	10.126895	G#3	64	78	1	-5
30	10.128789	11.492425	F#2	64	87	1	-4
31	10.583334	11.100380	F#3	64	86	1	-2
32	11.037880	11.282198	C#4	64	87	0	2
33	11.037880	11.310607	A#4	64	87	0	1
34	11.037880	11.350380	F#4	64	87	0	2
35	11.265153	11.759471	F#3	64	87	1	-2
36	11.492425	11.600380	A#4	64	72	0	1
37	11.492425	11.780304	C#4	64	87	0	2
38	11.719698	11.840910	A#4	64	76	0	1
39	11.719698	11.956441	F#4	64	80	0	2
40	11.946971	13.250001	G#2	64	87	1	-2
41	12.401516	12.869319	G#3	64	86	1	-5
42	12.628789	13.081441	C4	64	87	0	1
43	12.856062	13.301138	G#4	64	87	0	4
44	12.856062	13.318183	D#4	64	87	0	4
45	13.083335	13.481062	G#3	64	87	1	-5
46	13.310607	13.615532	C4	64	87	0	1
47	13.537880	13.702653	D#4	64	87	0	4
48	13.765153	15.149623	A#2	64	87	1	-5
49	14.219698	14.742426	A#3	64	80	1	-3
50	14.674244	14.952653	D4	64	87	0	3
51	14.674244	15.018941	G#4	64	87	0	4
52	14.674244	15.164774	F4	64	87	0	1
53	14.901517	15.136365	A#3	64	87	1	-3
54	15.128789	15.259471	G#4	64	68	0	4
55	15.128789	15.437502	D4	64	87	0	3
56	15.356062	15.524623	F4	64	75	0	1
57	15.583335	18.653411	D#2	64	87	1	-2
58	16.037880	16.651517	D#3	64	80	1	-5
59	16.492426	16.922350	A#3	64	87	1	-3
60	16.492426	17.003790	D#4	64	87	0	4
61	16.492426	17.009471	F#4	64	87	0	2
62	16.946971	17.471593	D#3	64	86	1	-5
63	17.174244	17.878790	A#3	64	87	1	-3
64	17.628790	17.945078	D#4	64	87	0	4
65	17.856062	18.356062	D#3	64	87	1	-5
66	18.083335	18.295456	F#4	64	87	0	2
67	18.310608	18.895835	A#3	64	87	1	-3
68	18.537881	19.037881	D#3	64	87	1	-5
69	18.765153	19.030305	D#4	64	87	0	4
70	18.992426	19.244320	F#4	64	86	0	2
71	19.219699	22.225381	D#2	64	87	1	-2
72	19.674244	19.753790	F#4	64	87	0	2
73	19.674244	20.285987	D#3	64	74	1	-5
74	19.901517	19.982957	F#4	64	87	0	2
75	20.128790	20.687502	F#4	64	87	0	2
76	20.128790	20.670457	F#4	64	87	0	2
77	20.128790	20.810608	A#4	64	87	0	1
78	20.128790	20.910987	D#4	64	87	0	4
79	20.583335	21.034093	D#3	64	80	1	-5
80	20.810608	20.964017	F4	64	87	0	1
81	21.037881	21.185608	F#4	64	87	0	2
82	21.037881	21.410987	D#4	64	86	0	4
83	21.037881	21.431820	F#4	64	87	0	2
84	21.037881	21.488639	A#4	64	87	0	1
85	21.265154	21.473487	F4	64	87	0	1
86	21.265154	21.727275	D#3	64	87	1	-5
87	21.492426	21.935608	D#4	64	87	0	4
88	21.492426	21.795457	D#4	64	87	0	4
89	21.719699	21.943184	F#4	64	84	0	2
90	21.946972	22.255684	A#4	64	87	0	1
91	22.174245	22.535987	D#3	64	87	1	-5
92	22.401517	22.666669	F#4	64	87	0	2
93	22.401517	22.685608	D#4	64	84	0	4
94	22.628790	22.829548	G#4	64	87	0	4
95	22.628790	22.839017	F#4	64	73	0	2
96	22.856063	23.100381	A#4	64	87	0	1
97	22.856063	25.973487	F#2	64	87	1	-4
98	23.310608	23.528411	A#4	64	87	0	1
99	23.310608	23.977275	F#3	64	74	1	-2
100	23.765154	24.214018	A#4	64	87	0	1
101	23.765154	24.297351	F#4	64	87	0	2
102	23.765154	24.321972	A#4	64	87	0	1
103	23.765154	24.325760	C#4	64	87	0	2
104	24.219699	24.473487	G#4	64	87	0	4
105	24.219699	24.803033	F#3	64	71	1	-2
106	24.446972	25.613639	A#4	64	87	0	1
107	24.674245	25.166669	F#4	64	80	0	2
108	24.674245	25.185609	C#4	64	87	0	2
109	24.674245	25.214018	A#4	64	87	0	1
110	25.128790	25.613639	F#3	64	80	1	-2
111	25.583336	25.827654	F#4	64	87	0	2
112	25.583336	25.833336	A#4	64	87	0	1
113	25.810609	26.306821	F#3	64	87	1	-2
114	26.037881	26.318184	C#4	64	87	0	2
115	26.265154	26.507578	F#4	64	87	0	2
116	26.492427	29.551139	G#2	64	86	1	-2
117	26.939397	27.022730	G#4	64	87	0	4
118	26.946972	27.530306	D#3	64	53	1	-5
119	27.166669	27.253791	G#4	64	87	0	4
120	27.393942	28.155306	G#4	64	87	0	4
121	27.401518	28.013260	G#3	64	87	1	-5
122	27.401518	28.185609	D#4	64	87	0	4
123	27.401518	28.200760	B3	64	87	1	-2
124	27.856063	28.454548	D#3	64	67	1	-5
125	28.083336	28.257579	A#4	64	87	0	1
126	28.310609	28.770836	B4	64	87	0	2
127	28.310609	29.005685	B3	64	87	1	-2
128	28.310609	29.030306	D#4	64	82	0	4
129	28.310609	29.032200	G#3	64	87	1	-5
130	28.765154	28.950760	A#4	64	87	0	1
131	28.765154	29.301139	D#3	64	72	1	-5
132	28.992427	29.621215	G#4	64	87	0	4
133	29.219700	29.479170	G#3	64	87	1	-5
134	29.219700	29.511367	D#4	64	86	0	4
135	29.219700	29.543564	B3	64	87	1	-2
136	29.446973	29.689397	D#3	64	87	1	-5
137	29.674245	29.787882	D#4	64	87	0	4
138	29.674245	29.914776	G#3	64	87	1	-5
139	29.901518	30.058715	D#4	64	87	0	4
140	29.901518	30.107958	B3	64	76	1	-2
141	30.128791	30.484852	F#4	64	87	0	2
142	30.128791	31.693185	B2	64	87	1	-4
143	30.583336	30.799246	F#4	64	87	0	2
144	30.583336	31.308715	F#3	64	73	1	-2
145	31.037882	31.339018	F#4	64	87	0	2
146	31.037882	31.606064	B3	64	87	1	-2
147	31.037882	31.681821	D#4	64	87	0	4
148	31.037882	31.696973	F#4	64	86	0	2
149	31.492427	31.710230	A#4	64	87	0	1
150	31.492427	31.810609	F#3	64	78	1	-2
151	31.719700	33.369322	G#4	64	87	0	4
152	31.946973	32.530306	F4	64	87	0	1
153	31.946973	32.619321	G#4	64	73	0	4
154	31.946973	32.655306	C#4	64	87	0	2
155	31.946973	33.329549	C#3	64	82	1	-2
156	32.401518	32.941291	G#3	64	68	1	-5
157	32.856064	33.104170	C#4	64	87	0	2
158	32.856064	33.130685	G#4	64	87	0	4
159	32.856064	33.164776	F4	64	87	0	1
160	33.083337	33.293564	G#3	64	87	1	-5
161	33.310609	33.600382	C#4	64	87	0	2
162	33.310609	33.666670	G#4	64	72	0	4
163	33.537882	33.748109	F4	64	87	0	1
164	33.765155	36.863640	D#2	64	87	1	-2
165	34.219700	34.293564	F#4	64	87	0	2
166	34.219700	34.893943	D#3	64	87	1	-5
167	34.446973	34.520837	F#4	64	87	0	2
168	34.674246	35.081443	F#4	64	87	0	2
169	34.674246	35.221594	D#4	64	87	0	4
170	34.674246	35.278413	F#4	64	87	0	2
171	34.674246	35.390155	A#3	64	87	1	-3
172	35.128791	35.759473	D#3	64	86	1	-5
173	35.356064	35.615534	F#4	64	87	0	2
174	35.583337	35.780307	G#4	64	87	0	4
175	35.583337	36.117428	D#4	64	87	0	4
176	35.583337	36.303034	F#4	64	87	0	2
177	35.583337	36.325761	A#3	64	87	1	-3
178	35.810610	35.982958	F#4	64	87	0	2
179	36.037882	36.265155	F4	64	87	0	1
180	36.037882	36.592807	D#3	64	67	1	-5
181	36.265155	36.865534	D#4	64	87	0	4
182	36.492428	36.706443	D#4	64	87	0	4
183	36.492428	36.763261	F#4	64	87	0	2
184	36.492428	36.799246	A#3	64	87	1	-3
185	36.719701	37.159095	D#3	64	87	1	-5
186	36.946973	37.157201	F#4	64	87	0	2
187	36.946973	37.217807	A#3	64	87	1	-3
188	37.174246	37.274625	G#4	64	87	0	4
189	37.174246	37.410989	D#4	64	87	0	4
190	37.401519	37.611746	A#4	64	87	0	1
191	37.401519	40.488640	F#2	64	87	1	-4
192	37.856064	38.070080	A#4	64	87	0	1
193	37.856064	38.426140	F#3	64	78	1	-2
194	38.310610	38.772731	A#4	64	87	0	1
195	38.310610	38.797352	F#4	64	87	0	2
196	38.310610	38.821974	C#4	64	87	0	2
197	38.310610	38.837125	A#4	64	87	0	1
198	38.765155	39.030307	C#5	64	87	0	4
199	38.765155	39.384474	F#3	64	76	1	-2
200	38.992428	39.138261	A#4	64	87	0	1
201	39.219701	39.761368	C#4	64	87	0	2
202	39.219701	39.793565	F#4	64	87	0	2
203	39.219701	39.814398	A#4	64	87	0	1
204	39.674246	40.117428	F#3	64	87	1	-2
205	40.128792	40.481065	F#4	64	87	0	2
206	40.356065	40.638262	F#3	64	87	1	-2
207	40.583337	40.821974	A#4	64	87	0	1
208	40.583337	40.831443	C#4	64	87	0	2
209	40.583337	40.884474	A#4	64	54	0	1
210	40.810610	40.994322	C#5	64	87	0	4
211	40.810610	41.013262	F#4	64	80	0	2
212	41.037883	41.490534	D#5	64	87	0	1
213	41.037883	42.570080	B2	64	87	1	-4
214	41.492428	41.956444	C#5	64	87	0	4
215	41.492428	42.030307	F#3	64	87	1	-2
216	41.946974	42.640156	B4	64	87	0	2
217	41.946974	42.244322	D#4	64	87	0	4
218	41.946974	42.579550	B4	64	87	0	2
219	41.946974	42.619322	F#4	64	87	0	2
220	42.401519	42.685610	F#3	64	87	1	-2
221	42.628792	42.893944	D#4	64	84	0	4
222	42.856065	43.270838	C#5	64	87	0	4
223	42.856065	44.219701	F#2	64	87	1	-4
224	43.310610	43.615535	A#4	64	87	0	1
225	43.310610	43.803035	F#3	64	87	1	-2
226	43.765156	44.431823	A#4	64	87	0	1
227	43.765156	43.986747	C#4	64	87	0	2
228	43.765156	44.060610	F#4	64	87	0	2
229	43.765156	44.062504	A#4	64	87	0	1
230	43.992429	44.441292	F#3	64	87	1	-2
231	44.219701	44.498111	C#4	64	87	0	2
232	44.446974	44.619323	F#4	64	87	0	2
233	44.446974	44.678035	F#4	64	75	0	2
234	44.674247	44.787883	G#4	64	87	0	4
235	44.674247	46.376899	G#2	64	87	1	-2
236	44.901520	44.975383	G#4	64	87	0	4
237	45.128792	45.363641	G#4	64	87	0	4
238	45.128792	45.681823	G#3	64	78	1	-5
239	45.356065	45.537883	A#4	64	87	0	1
240	45.583338	45.731065	G#4	64	87	0	4
241	45.583338	46.126899	D#4	64	87	0	4
242	45.583338	46.147732	B3	64	87	1	-2
243	45.583338	46.185611	G#4	64	87	0	4
244	45.810611	46.189399	A#4	64	87	0	1
245	46.037883	46.410989	G#3	64	76	1	-5
246	46.265156	47.340914	B4	64	87	0	2
247	46.265156	46.429929	D#4	64	82	0	4
248	46.265156	46.465914	B3	64	78	1	-2
249	46.492429	48.028414	B2	64	87	1	-4
250	46.946974	47.462126	F#3	64	86	1	-2
251	47.401520	47.732959	D#4	64	87	0	4
252	47.401520	47.977278	B4	64	87	0	2
253	47.401520	48.037884	F#4	64	87	0	2
254	47.856065	48.149626	F#3	64	87	1	-2
255	48.083338	48.316293	G#4	64	87	0	4
256	48.083338	48.267050	D#4	64	87	0	4
257	48.310611	48.570081	A#4	64	87	0	1
258	48.310611	49.996217	A#2	64	87	1	-5
259	48.765156	48.960232	A#4	64	87	0	1
260	48.765156	49.380687	F3	64	72	1	-3
261	48.992429	49.215914	C5	64	87	0	3
262	49.219702	49.443187	D5	64	87	0	5
263	49.219702	49.746217	A#3	64	80	1	-3
264	49.219702	49.750005	F4	64	87	0	1
265	49.219702	49.761369	D4	64	87	0	3
266	49.674247	49.910990	D5	64	87	0	5
267	49.674247	50.041672	F3	64	75	1	-3
268	49.901520	50.109853	D#5	64	87	0	1
269	49.901520	50.426141	D4	64	65	0	3
270	49.901520	50.437505	A#3	64	55	1	-3
271	49.901520	50.492429	F4	64	80	0	1
272	50.128793	51.380687	F5	64	87	0	3
273	50.128793	51.577657	A#2	64	87	1	-5
274	50.583338	51.134475	F3	64	73	1	-3
275	51.037884	51.365535	D4	64	87	0	3
276	51.037884	51.375005	A#3	64	87	1	-3
277	51.037884	51.399626	F4	64	87	0	1
278	51.265157	51.606066	F3	64	87	1	-3
279	51.492429	51.723490	D#5	64	87	0	1
280	51.492429	51.740535	A#3	64	87	1	-3
281	51.719702	51.928035	F5	64	87	0	3
282	51.719702	51.948869	D4	64	87	0	3
283	51.946975	52.142051	F#5	64	87	0	4
284	51.946975	53.700763	D#2	64	87	1	-2
285	52.174248	52.268945	D#5	64	87	0	1
286	52.401520	52.647733	D#5	64	87	0	1
287	52.401520	52.962127	D#3	64	71	1	-5
288	52.628793	52.835233	C#5	64	87	0	4
289	52.856066	53.520839	D#5	64	87	0	1
290	52.856066	53.132581	D#4	64	87	0	4
291	52.856066	53.153414	F#4	64	87	0	2
292	52.856066	53.155308	A#3	64	87	1	-3
293	53.310611	53.750005	D#3	64	87	1	-5
294	53.537884	53.871218	C#5	64	87	0	4
295	53.537884	53.787884	A#3	64	80	1	-3
296	53.765157	54.941293	F#2	64	87	1	-4
297	53.992430	54.102278	A#4	64	87	0	1
298	54.219702	54.454551	A#4	64	87	0	1
299	54.219702	54.708339	F#3	64	86	1	-2
300	54.446975	54.683718	G#4	64	87	0	4
301	54.446975	54.613642	C#4	64	56	0	2
302	54.674248	55.386369	A#4	64	87	0	1
303	54.674248	54.869324	C#4	64	87	0	2
304	54.674248	54.882581	F#4	64	87	0	2
305	54.674248	55.003793	A#4	64	87	0	1
306	54.901521	55.361748	F#3	64	87	1	-2
307	55.128793	55.445081	C#4	64	87	0	2
308	55.356066	55.596596	F#4	64	87	0	2
309	55.583339	55.676142	G#4	64	87	0	4
310	55.583339	57.162885	G#2	64	87	1	-2
311	55.810612	55.893945	G#4	64	87	0	4
312	56.037884	56.196975	G#4	64	87	0	4
313	56.037884	56.562506	G#3	64	78	1	-5
314	56.265157	56.469703	A#4	64	87	0	1
315	56.265157	56.384475	B3	64	66	1	-2
316	56.492430	56.791672	G#4	64	87	0	4
317	56.492430	56.672354	B3	64	87	1	-2
318	56.492430	56.787884	D#4	64	87	0	4
319	56.492430	57.032203	G#4	64	87	0	4
320	56.719703	57.102278	F#4	64	87	0	2
321	56.719703	57.100384	G#3	64	87	1	-5
322	56.946975	57.289778	B3	64	86	1	-2
323	57.174248	58.166672	D#4	64	87	0	4
324	57.174248	57.405309	D#4	64	87	0	4
325	57.401521	58.611748	D#2	64	87	1	-2
326	57.856066	58.361748	D#3	64	74	1	-5
327	58.310612	58.526521	A#3	64	87	1	-3
328	58.310612	58.579551	F#4	64	87	0	2
329	58.310612	58.583339	D#4	64	87	0	4
330	58.537885	59.003794	D#3	64	87	1	-5
331	58.765157	59.001900	D#5	64	87	0	1
332	58.765157	59.068188	A#3	64	87	1	-3
333	58.765157	59.081445	F#4	64	54	0	2
334	58.992430	59.179930	F5	64	85	0	3
335	58.992430	59.357960	D#4	64	87	0	4
336	59.219703	59.439400	F#5	64	85	0	4
337	59.219703	60.403415	D#2	64	84	1	-2
338	59.446976	59.551142	D#5	64	85	0	1
339	59.674248	59.801142	D#5	64	85	0	1
340	59.674248	60.208339	D#3	64	76	1	-5
341	59.901521	60.081445	C#5	64	85	0	4
342	59.901521	60.018945	A#3	64	80	1	-3
343	60.128794	60.558718	D#5	64	85	0	1
344	60.128794	60.278415	A#3	64	87	1	-3
345	60.128794	60.359855	F#4	64	87	0	2
346	60.128794	60.382582	D#4	64	87	0	4
347	60.356067	60.793567	D#3	64	87	1	-5
348	60.583339	60.831445	F#4	64	71	0	2
349	60.583339	60.882582	A#3	64	87	1	-3
350	60.810612	61.267052	C#5	64	85	0	4
351	60.810612	61.053036	D#4	64	87	0	4
352	61.037885	62.401521	F#2	64	87	1	-4
353	61.265158	61.367430	A#4	64	85	0	1
354	61.492430	61.670461	A#4	64	85	0	1
355	61.492430	61.994324	F#3	64	87	1	-2
356	61.719703	61.901521	G#4	64	85	0	4
357	61.946976	62.119324	A#4	64	85	0	1
358	61.946976	62.172355	A#4	64	87	0	1
359	61.946976	62.178037	F#4	64	87	0	2
360	61.946976	62.200764	C#4	64	87	0	2
361	62.174249	62.539779	C#5	64	85	0	4
362	62.174249	62.666673	F#3	64	87	1	-2
363	62.401521	62.619324	A#4	64	61	0	1
364	62.401521	62.710234	C#4	64	87	0	2
365	62.628794	62.776521	A#4	64	85	0	1
366	62.628794	62.852279	F#4	64	87	0	2
367	62.856067	64.365537	G#2	64	87	1	-2
368	62.931824	63.795461	D#5	64	85	0	1
369	63.310612	63.810612	G#3	64	82	1	-5
370	63.537885	63.691294	C#4	64	67	0	2
371	63.765158	63.996219	C#4	64	87	0	2
372	63.765158	64.087128	D#4	64	87	0	4
373	63.765158	64.098491	G#4	64	87	0	4
374	63.992431	64.532203	G#3	64	87	1	-5
375	64.219703	64.393946	G#4	64	72	0	4
376	64.219703	64.551143	C#4	64	87	0	2
377	64.446976	64.626900	D#4	64	87	0	4
378	64.446976	64.659097	G#4	64	69	0	4
379	64.674249	66.248113	A#2	64	87	1	-5
380	65.128794	65.778416	F3	64	87	1	-3
381	65.583340	65.878794	A#3	64	87	1	-3
382	65.583340	65.920461	D4	64	87	0	3
383	65.810613	66.257582	F3	64	87	1	-3
384	66.037885	66.344704	A#4	64	85	0	1
385	66.037885	66.181825	A#3	64	67	1	-3
386	66.037885	66.206446	D4	64	78	0	3
387	66.037885	66.310613	F4	64	87	0	1
388	66.265158	66.460234	C#5	64	85	0	4
389	66.265158	66.428037	A#3	64	87	1	-3
390	66.265158	66.446976	D4	64	67	0	3
391	66.492431	66.672355	F#5	64	85	0	4
392	66.492431	68.090916	B2	64	74	1	-4
393	66.719704	66.804931	D#5	64	85	0	1
394	66.946976	67.121219	D#5	64	85	0	1
395	66.946976	67.498113	F#3	64	82	1	-2
396	67.174249	67.393946	C#5	64	85	0	4
397	67.401522	68.090916	D#5	64	85	0	1
398	67.401522	67.829552	D#4	64	87	0	4
399	67.401522	67.880689	B4	64	87	0	2
400	67.401522	67.916673	F#4	64	87	0	2
401	67.856067	68.212128	F#3	64	78	1	-2
402	68.083340	68.473492	C#5	64	83	0	4
403	68.083340	68.287886	D#4	64	87	0	4
404	68.310613	69.623113	A#2	64	87	1	-5
405	68.537886	68.668567	A#4	64	83	0	1
406	68.765158	68.835234	A#4	64	83	0	1
407	68.863643	69.232961	A#3	64	78	1	-3
408	68.992431	69.083340	A#4	64	83	0	1
409	68.992431	69.166674	G#4	64	83	0	4
410	69.219704	69.979174	A#4	64	83	0	1
411	69.219704	69.465916	C#4	64	87	0	2
412	69.219704	69.537886	A#4	64	87	0	1
413	69.219704	69.600386	F4	64	87	0	1
414	69.446977	69.636371	A#3	64	87	1	-3
415	69.674249	69.981068	C#4	64	87	0	2
416	69.901522	70.119325	F4	64	78	0	1
417	70.128795	70.200765	G#4	64	83	0	4
418	70.128795	71.416674	G#2	64	87	1	-2
419	70.356068	70.433719	G#4	64	83	0	4
420	70.583340	70.744325	G#4	64	83	0	4
421	70.583340	71.102280	G#3	64	73	1	-5
422	70.810613	70.986750	A#4	64	83	0	1
423	71.037886	71.314401	G#4	64	83	0	4
424	71.037886	71.261371	B3	64	87	1	-2
425	71.037886	71.303037	G#4	64	87	0	4
426	71.037886	71.346598	D#4	64	87	0	4
427	71.265159	71.666674	F#4	64	83	0	2
428	71.265159	71.645840	G#3	64	87	1	-5
429	71.492431	71.814401	B3	64	87	1	-2
430	71.719704	73.403416	D#4	64	83	0	4
431	71.719704	71.975386	D#4	64	87	0	4
432	71.946977	72.626901	B2	64	87	1	-4
433	72.401522	72.770841	F#3	64	87	1	-2
434	72.628795	72.696977	B4	64	73	0	2
435	72.628795	72.770841	D#4	64	87	0	4
436	72.856068	73.515159	A#2	64	86	1	-5
437	73.083341	73.278416	G#3	64	76	1	-5
438	73.310613	73.645841	C#4	64	87	0	2
439	73.537886	73.785992	F4	64	66	0	1
440	73.765159	75.253795	G#2	64	87	1	-2
441	74.219704	74.719704	D#4	64	83	0	4
442	74.219704	74.744326	G#3	64	80	1	-5
443	74.674250	75.142053	F#4	64	83	0	2
444	74.674250	74.996220	B3	64	87	1	-2
445	74.674250	75.132583	G#4	64	87	0	4
446	74.674250	75.181826	D#4	64	87	0	4
447	75.128795	75.592811	A#4	64	83	0	1
448	75.128795	75.407205	G#3	64	86	1	-5
449	75.356068	75.494326	B3	64	76	1	-2
450	75.583341	75.856068	G#4	64	83	0	4
451	75.583341	76.179932	B2	64	87	1	-4
452	75.810614	76.291674	F#3	64	87	1	-2
453	76.037886	76.185614	C#5	64	83	0	4
454	76.037886	76.346599	B3	64	87	1	-2
455	76.265159	76.428038	C#5	64	83	0	4
456	76.265159	76.393947	D#4	64	87	0	4
457	76.492432	76.918568	C#5	64	83	0	4
458	76.492432	77.018947	A#2	64	87	1	-5
459	76.719705	77.011371	F3	64	87	1	-3
460	76.946977	77.395841	A#4	64	83	0	1
461	76.946977	77.246220	A#3	64	87	1	-3
462	77.174250	77.363644	D4	64	87	0	3
463	77.395841	79.876902	D#3	64	86	1	-5
464	77.401523	78.695084	D#5	64	83	0	1
465	77.401523	78.068190	F#4	64	87	0	2
466	77.401523	78.071978	D#4	64	87	0	4
467	77.401523	78.100387	A#3	64	87	1	-3
468	77.401523	80.132584	D#2	64	87	1	-2
469	78.310614	79.945084	F#4	64	87	0	2
470	78.310614	79.954553	A#3	64	87	1	-3
471	78.310614	79.954553	D#4	64	87	0	4
472	80.128796	81.053038	A#3	64	87	1	-3
473	80.128796	81.066296	F#4	64	87	0	2
474	80.128796	81.073872	D#4	64	87	0	4
475	80.587129	80.861751	D#3	64	87	1	-5
476	81.037887	82.428039	G#2	64	87	1	-2
477	81.492432	82.428039	G#3	64	87	1	-5
478	81.946978	82.431826	G#4	64	87	0	4
479	81.946978	82.441296	B3	64	87	1	-2
480	81.946978	82.456448	D#4	64	87	0	4
481	83.083342	83.378796	F#4	64	87	0	2
482	83.083342	83.386372	D#4	64	87	0	4
483	83.083342	83.437508	B2	64	87	1	-4
484	83.083342	83.450766	F#3	64	87	1	-2
485	83.799251	87.609857	F4	64	87	0	1
486	83.799251	87.609857	G#4	64	87	0	4
487	83.799251	87.793569	C#3	64	87	1	-2
488	83.799251	87.810615	C#4	64	87	0	2
489	83.799251	87.812509	G#3	64	87	1	-5
490	84.727281	85.003796	D#5	64	83	0	1
491	84.992433	85.357963	C#5	64	83	0	4
492	85.359857	85.556827	A#4	64	83	0	1
493	85.579554	85.880690	D#5	64	83	0	1
494	85.873115	86.263266	C#5	64	83	0	4
495	86.284100	86.507584	A#4	64	83	0	1
496	86.503797	86.780312	D#5	64	83	0	1
497	86.778418	87.143948	C#5	64	83	0	4
498	87.160994	87.282206	A#4	64	83	0	1
499	87.426145	87.715918	A#4	64	83	0	1
500	87.875009	88.467812	G#4	64	83	0	4
501	88.352282	91.371221	A#4	64	83	0	1
502	88.352282	89.833342	G#2	64	87	1	-2
503	88.804933	89.723494	G#3	64	87	1	-5
504	89.263267	89.748115	G#4	64	87	0	4
505	89.263267	89.757585	B3	64	87	1	-2
506	89.263267	89.772736	D#4	64	87	0	4
507	90.416676	90.712130	F#4	64	87	0	2
508	90.416676	90.719706	D#4	64	87	0	4
509	90.416676	90.770842	B2	64	87	1	-4
510	90.416676	90.784100	F#3	64	87	1	-2
511	91.049252	95.043570	C#3	64	87	1	-2
512	91.049252	95.060616	C#4	64	87	0	2
513	91.049252	95.060616	F4	64	87	0	1
514	91.049252	95.060616	G#4	64	87	0	4
515	91.049252	95.062510	G#3	64	87	1	-5
516	91.946979	92.348494	F#5	64	83	0	4
517	92.424252	93.562509	F5	64	83	0	3
518	93.765161	94.196979	F#5	64	83	0	4
519	94.183722	95.439403	F5	64	83	0	3
520	95.373116	95.511373	F#5	64	83	0	4
521	95.482964	95.630691	G#5	64	83	0	1
522	95.583343	101.208343	A#2	64	87	1	-5
523	95.606070	99.562510	A#5	64	83	0	3
524	96.037888	96.784101	A#3	64	87	1	-3
525	96.494328	97.994328	C#4	64	87	0	2
526	96.946979	102.776525	A#3	64	87	1	-3
527	97.401525	97.981070	A#4	64	87	0	1
528	97.401525	97.992434	F4	64	87	0	1
529	98.310616	102.723495	A#4	64	87	0	1
530	98.310616	102.732965	D4	64	87	0	3
531	98.310616	102.734859	F4	64	87	0	1
532	102.856071	105.861753	D#2	64	87	1	-2
533	103.310616	103.390162	F#4	64	83	0	2
534	103.310616	103.922359	D#3	64	74	1	-5
535	103.537889	103.619329	F#4	64	83	0	2
536	103.765162	104.323874	F#4	64	83	0	2
537	103.765162	104.306829	F#4	64	87	0	2
538	103.765162	104.448874	A#4	64	87	0	1
539	103.765162	104.549253	D#4	64	87	0	4
540	104.219707	104.670465	D#3	64	80	1	-5
541	104.446980	104.600389	F4	64	83	0	1
542	104.674253	104.821980	F#4	64	83	0	2
543	104.674253	105.047359	D#4	64	86	0	4
544	104.674253	105.068192	F#4	64	87	0	2
545	104.674253	105.125011	A#4	64	87	0	1
546	104.901526	105.109859	F4	64	83	0	1
547	104.901526	105.365541	D#3	64	87	1	-5
548	105.128798	105.571980	D#4	64	83	0	4
549	105.128798	105.431829	D#4	64	87	0	4
550	105.356071	105.579556	F#4	64	84	0	2
551	105.583344	105.893950	A#4	64	87	0	1
552	105.810617	106.172359	D#3	64	87	1	-5
553	106.037889	106.303041	F#4	64	83	0	2
554	106.037889	106.323874	D#4	64	84	0	4
555	106.265162	106.465920	G#4	64	83	0	4
556	106.265162	106.477283	F#4	64	73	0	2
557	106.492435	106.736753	A#4	64	83	0	1
558	106.492435	109.609859	F#2	64	87	1	-4
559	106.946980	107.164783	A#4	64	83	0	1
560	106.946980	107.613647	F#3	64	74	1	-2
561	107.401526	107.850390	A#4	64	83	0	1
562	107.401526	107.933723	F#4	64	87	0	2
563	107.401526	107.960238	A#4	64	87	0	1
564	107.401526	107.962132	C#4	64	87	0	2
565	107.856071	108.109859	G#4	64	83	0	4
566	107.856071	108.441299	F#3	64	71	1	-2
567	108.083344	109.250011	A#4	64	83	0	1
568	108.310617	108.803041	F#4	64	80	0	2
569	108.310617	108.821981	C#4	64	87	0	2
570	108.310617	108.852284	A#4	64	87	0	1
571	108.765162	109.250011	F#3	64	80	1	-2
572	109.219708	109.464026	F#4	64	87	0	2
573	109.219708	109.469708	A#4	64	87	0	1
574	109.446981	109.943193	F#3	64	87	1	-2
575	109.674253	109.954556	C#4	64	87	0	2
576	109.901526	110.143950	F#4	64	87	0	2
577	110.128799	113.187511	G#2	64	86	1	-2
578	110.583344	110.664784	G#4	64	83	0	4
579	110.583344	111.168572	D#3	64	53	1	-5
580	110.810617	110.897738	G#4	64	83	0	4
581	111.037890	111.797360	G#4	64	83	0	4
582	111.037890	111.651526	G#3	64	87	1	-5
583	111.037890	111.821981	D#4	64	87	0	4
584	111.037890	111.837132	B3	64	87	1	-2
585	111.492435	112.090920	D#3	64	67	1	-5
586	111.719708	111.893951	A#4	64	83	0	1
587	111.946981	112.407208	B4	64	83	0	2
588	111.946981	112.642057	B3	64	87	1	-2
589	111.946981	112.666678	D#4	64	82	0	4
590	111.946981	112.668572	G#3	64	87	1	-5
591	112.401526	112.587132	A#4	64	83	0	1
592	112.401526	112.937511	D#3	64	72	1	-5
593	112.628799	113.257587	G#4	64	83	0	4
594	112.856072	113.117436	G#3	64	87	1	-5
595	112.856072	113.149633	D#4	64	86	0	4
596	112.856072	113.179936	B3	64	87	1	-2
597	113.083345	113.325769	D#3	64	87	1	-5
598	113.310617	113.424254	D#4	64	83	0	4
599	113.310617	113.551148	G#3	64	87	1	-5
600	113.537890	113.695087	D#4	64	83	0	4
601	113.537890	113.744330	B3	64	76	1	-2
602	113.765163	114.121224	F#4	64	83	0	2
603	113.765163	115.329557	B2	64	87	1	-4
604	114.219708	114.435618	F#4	64	83	0	2
605	114.219708	114.945087	F#3	64	73	1	-2
606	114.674254	114.975390	F#4	64	83	0	2
607	114.674254	115.244330	B3	64	87	1	-2
608	114.674254	115.318193	D#4	64	87	0	4
609	114.674254	115.333345	F#4	64	86	0	2
610	115.128799	115.346602	A#4	64	83	0	1
611	115.128799	115.446981	F#3	64	78	1	-2
612	115.356072	117.005694	G#4	64	83	0	4
613	115.583345	116.168572	F4	64	87	0	1
614	115.583345	116.257587	G#4	64	73	0	4
615	115.583345	116.291678	C#4	64	87	0	2
616	115.583345	116.965921	C#3	64	82	1	-2
617	116.037890	116.577663	G#3	64	68	1	-5
618	116.492436	116.740542	C#4	64	87	0	2
619	116.492436	116.767057	G#4	64	87	0	4
620	116.492436	116.803042	F4	64	87	0	1
621	116.719709	116.929936	G#3	64	87	1	-5
622	116.946981	117.236754	C#4	64	87	0	2
623	116.946981	117.303042	G#4	64	72	0	4
624	117.174254	117.384481	F4	64	87	0	1
625	117.401527	120.500012	D#2	64	87	1	-2
626	117.856072	117.929936	F#4	64	83	0	2
627	117.856072	118.530315	D#3	64	87	1	-5
628	118.083345	118.157209	F#4	64	83	0	2
629	118.310618	118.717815	F#4	64	83	0	2
630	118.310618	118.857966	D#4	64	87	0	4
631	118.310618	118.914785	F#4	64	87	0	2
632	118.310618	119.026527	A#3	64	87	1	-3
633	118.765163	119.395845	D#3	64	86	1	-5
634	118.992436	119.251906	F#4	64	83	0	2
635	119.219709	119.416679	G#4	64	83	0	4
636	119.219709	119.753800	D#4	64	87	0	4
637	119.219709	119.939406	F#4	64	87	0	2
638	119.219709	119.962133	A#3	64	87	1	-3
639	119.446982	119.619330	F#4	64	83	0	2
640	119.674254	119.901527	F4	64	83	0	1
641	119.674254	120.229179	D#3	64	67	1	-5
642	119.901527	120.501906	D#4	64	83	0	4
643	120.128800	120.342815	D#4	64	87	0	4
644	120.128800	120.399633	F#4	64	87	0	2
645	120.128800	120.435618	A#3	64	87	1	-3
646	120.356073	120.795467	D#3	64	87	1	-5
647	120.583345	120.793573	F#4	64	83	0	2
648	120.583345	120.856073	A#3	64	87	1	-3
649	120.810618	120.910997	G#4	64	83	0	4
650	120.810618	121.047361	D#4	64	87	0	4
651	121.037891	121.248118	A#4	64	83	0	1
652	121.037891	124.125012	F#2	64	87	1	-4
653	121.492436	121.706452	A#4	64	83	0	1
654	121.492436	122.064406	F#3	64	78	1	-2
655	121.946982	122.409103	A#4	64	83	0	1
656	121.946982	122.433724	F#4	64	87	0	2
657	121.946982	122.458346	C#4	64	87	0	2
658	121.946982	122.473497	A#4	64	87	0	1
659	122.401527	122.666679	C#5	64	83	0	4
660	122.401527	123.022740	F#3	64	76	1	-2
661	122.628800	122.774633	A#4	64	83	0	1
662	122.856073	123.397740	C#4	64	87	0	2
663	122.856073	123.431831	F#4	64	87	0	2
664	122.856073	123.450770	A#4	64	87	0	1
665	123.310618	123.753800	F#3	64	87	1	-2
666	123.765164	124.117437	F#4	64	87	0	2
667	123.992437	124.274634	F#3	64	87	1	-2
668	124.219709	124.458346	A#4	64	83	0	1
669	124.219709	124.467815	C#4	64	87	0	2
670	124.219709	124.520846	A#4	64	54	0	1
671	124.446982	124.630694	C#5	64	83	0	4
672	124.446982	124.649634	F#4	64	80	0	2
673	124.674255	125.126906	D#5	64	83	0	1
674	124.674255	126.208346	B2	64	87	1	-4
675	125.128800	125.592816	C#5	64	83	0	4
676	125.128800	125.666679	F#3	64	87	1	-2
677	125.583346	126.276528	B4	64	83	0	2
678	125.583346	125.880694	D#4	64	87	0	4
679	125.583346	126.215922	B4	64	87	0	2
680	125.583346	126.255694	F#4	64	87	0	2
681	126.037891	126.321982	F#3	64	87	1	-2
682	126.265164	126.530316	D#4	64	84	0	4
683	126.303043	126.717816	B4	64	83	0	2
684	126.492437	126.907210	C#5	64	83	0	4
685	126.492437	127.856073	F#2	64	87	1	-4
686	126.946982	127.251907	B4	64	83	0	2
687	126.946982	127.439407	F#3	64	87	1	-2
688	127.401528	128.068195	A#4	64	83	0	1
689	127.401528	127.623119	C#4	64	87	0	2
690	127.401528	127.696982	F#4	64	87	0	2
691	127.401528	127.698876	A#4	64	87	0	1
692	127.628801	128.077664	F#3	64	87	1	-2
693	127.856073	128.134483	C#4	64	87	0	2
694	128.083346	128.255695	F#4	64	83	0	2
695	128.083346	128.314407	F#4	64	75	0	2
696	128.310619	128.424255	G#4	64	83	0	4
697	128.310619	130.013271	G#2	64	87	1	-2
698	128.537892	128.611755	G#4	64	83	0	4
699	128.765164	129.000013	G#4	64	83	0	4
700	128.765164	129.318195	G#3	64	78	1	-5
701	128.992437	129.174255	A#4	64	83	0	1
702	129.219710	129.367437	G#4	64	83	0	4
703	129.219710	129.763271	D#4	64	87	0	4
704	129.219710	129.784104	B3	64	87	1	-2
705	129.219710	129.823877	G#4	64	87	0	4
706	129.446983	129.825771	A#4	64	83	0	1
707	129.674255	130.049255	G#3	64	76	1	-5
708	129.901528	130.977286	B4	64	83	0	2
709	129.901528	130.066301	D#4	64	82	0	4
710	129.901528	130.102286	B3	64	78	1	-2
711	130.128801	131.664786	B2	64	87	1	-4
712	130.583346	131.098498	F#3	64	86	1	-2
713	131.037892	131.369331	D#4	64	87	0	4
714	131.037892	131.613650	B4	64	87	0	2
715	131.037892	131.674256	F#4	64	87	0	2
716	131.492437	131.785998	F#3	64	87	1	-2
717	131.719710	131.952665	G#4	64	83	0	4
718	131.719710	131.903422	D#4	64	87	0	4
719	131.946983	132.206453	A#4	64	83	0	1
720	131.946983	133.632589	A#2	64	87	1	-5
721	132.401528	132.596604	A#4	64	83	0	1
722	132.401528	133.018953	F3	64	72	1	-3
723	132.628801	132.852286	C5	64	83	0	3
724	132.856074	133.079559	D5	64	83	0	5
725	132.856074	133.382589	A#3	64	80	1	-3
726	132.856074	133.386377	F4	64	87	0	1
727	132.856074	133.397741	D4	64	87	0	3
728	133.310619	133.547362	D5	64	83	0	5
729	133.310619	133.678044	F3	64	75	1	-3
730	133.537892	133.746225	D#5	64	83	0	1
731	133.537892	134.062513	D4	64	65	0	3
732	133.537892	134.073877	A#3	64	55	1	-3
733	133.537892	134.130695	F4	64	80	0	1
734	133.765165	135.017059	F5	64	83	0	3
735	133.765165	135.214029	A#2	64	87	1	-5
736	134.219710	134.770847	F3	64	73	1	-3
737	134.674256	135.001907	D4	64	87	0	3
738	134.674256	135.011377	A#3	64	87	1	-3
739	134.674256	135.035998	F4	64	87	0	1
740	134.901529	135.242438	F3	64	87	1	-3
741	135.128801	135.359862	D#5	64	83	0	1
742	135.128801	135.376907	A#3	64	87	1	-3
743	135.356074	135.564407	F5	64	83	0	3
744	135.356074	135.585241	D4	64	87	0	3
745	135.583347	135.778423	F#5	64	83	0	4
746	135.583347	137.339029	D#2	64	87	1	-2
747	135.810620	135.905317	D#5	64	83	0	1
748	136.037892	136.284105	D#5	64	83	0	1
749	136.037892	136.598499	D#3	64	71	1	-5
750	136.265165	136.471605	C#5	64	83	0	4
751	136.492438	137.157211	D#5	64	83	0	1
752	136.492438	136.768953	D#4	64	87	0	4
753	136.492438	136.789786	F#4	64	87	0	2
754	136.492438	136.793574	A#3	64	87	1	-3
755	136.946983	137.386377	D#3	64	87	1	-5
756	137.174256	137.507590	C#5	64	83	0	4
757	137.174256	137.424256	A#3	64	80	1	-3
758	137.401529	138.579559	F#2	64	87	1	-4
759	137.628802	137.738650	A#4	64	83	0	1
760	137.856074	138.090923	A#4	64	83	0	1
761	137.856074	138.344711	F#3	64	86	1	-2
762	138.083347	138.320090	G#4	64	83	0	4
763	138.083347	138.250014	C#4	64	56	0	2
764	138.310620	139.022741	A#4	64	83	0	1
765	138.310620	138.505696	C#4	64	87	0	2
766	138.310620	138.518953	F#4	64	87	0	2
767	138.310620	138.640165	A#4	64	87	0	1
768	138.537893	138.998120	F#3	64	87	1	-2
769	138.765165	139.081453	C#4	64	87	0	2
770	138.992438	139.232968	F#4	64	87	0	2
771	139.219711	139.312514	G#4	64	83	0	4
772	139.219711	140.799257	G#2	64	87	1	-2
773	139.446984	139.530317	G#4	64	83	0	4
774	139.674256	139.833347	G#4	64	83	0	4
775	139.674256	140.198878	G#3	64	78	1	-5
776	139.901529	140.106075	A#4	64	83	0	1
777	139.901529	140.020847	B3	64	66	1	-2
778	140.128802	140.428044	G#4	64	83	0	4
779	140.128802	140.308726	B3	64	87	1	-2
780	140.128802	140.424256	D#4	64	87	0	4
781	140.128802	140.668575	G#4	64	87	0	4
782	140.356075	140.738650	F#4	64	83	0	2
783	140.356075	140.736756	G#3	64	87	1	-5
784	140.583347	140.926150	B3	64	86	1	-2
785	140.810620	141.803044	D#4	64	83	0	4
786	140.810620	141.041681	D#4	64	87	0	4
787	141.037893	142.248120	D#2	64	87	1	-2
788	141.492438	141.998120	D#3	64	74	1	-5
789	141.946984	142.162893	A#3	64	87	1	-3
790	141.946984	142.217817	F#4	64	87	0	2
791	141.946984	142.219711	D#4	64	87	0	4
792	142.174257	142.640166	D#3	64	87	1	-5
793	142.401529	142.638272	D#5	64	83	0	1
794	142.401529	142.704560	A#3	64	87	1	-3
795	142.401529	142.717817	F#4	64	54	0	2
796	142.628802	142.816302	F5	64	83	0	3
797	142.628802	142.994332	D#4	64	87	0	4
798	142.856075	143.075772	F#5	64	83	0	4
799	142.856075	144.039787	D#2	64	84	1	-2
800	143.083348	143.187514	D#5	64	83	0	1
801	143.310620	143.437514	D#5	64	83	0	1
802	143.310620	143.844711	D#3	64	76	1	-5
803	143.537893	143.717817	C#5	64	83	0	4
804	143.537893	143.655317	A#3	64	80	1	-3
805	143.765166	144.195090	D#5	64	83	0	1
806	143.765166	143.916681	A#3	64	87	1	-3
807	143.765166	143.996227	F#4	64	87	0	2
808	143.765166	144.018954	D#4	64	87	0	4
809	143.992439	144.429939	D#3	64	87	1	-5
810	144.219711	144.467817	F#4	64	71	0	2
811	144.219711	144.518954	A#3	64	87	1	-3
812	144.446984	144.903424	C#5	64	83	0	4
813	144.446984	144.691302	D#4	64	87	0	4
814	144.674257	146.037893	F#2	64	87	1	-4
815	144.901530	145.003802	A#4	64	83	0	1
816	145.128802	145.306833	A#4	64	83	0	1
817	145.128802	145.630696	F#3	64	87	1	-2
818	145.356075	145.537893	G#4	64	83	0	4
819	145.583348	145.755696	A#4	64	83	0	1
820	145.583348	145.808727	A#4	64	87	0	1
821	145.583348	145.814409	F#4	64	87	0	2
822	145.583348	145.837136	C#4	64	87	0	2
823	145.810621	146.176151	C#5	64	83	0	4
824	145.810621	146.303045	F#3	64	87	1	-2
825	146.037893	146.255696	A#4	64	61	0	1
826	146.037893	146.346606	C#4	64	87	0	2
827	146.265166	146.412893	A#4	64	83	0	1
828	146.265166	146.490545	F#4	64	87	0	2
829	146.492439	148.003803	G#2	64	87	1	-2
830	146.568196	147.431833	D#5	64	83	0	1
831	146.946984	147.448878	G#3	64	82	1	-5
832	147.174257	147.327666	B3	64	67	1	-2
833	147.401530	147.632591	B3	64	87	1	-2
834	147.401530	147.723500	D#4	64	87	0	4
835	147.401530	147.736757	G#4	64	87	0	4
836	147.628803	148.168575	G#3	64	87	1	-5
837	147.856075	148.030318	G#4	64	72	0	4
838	147.856075	148.187515	B3	64	87	1	-2
839	148.083348	148.263272	D#4	64	87	0	4
840	148.083348	148.295469	G#4	64	69	0	4
841	148.310621	149.884485	A#2	64	87	1	-5
842	148.765166	149.414788	F3	64	87	1	-3
843	149.219712	149.515166	A#3	64	87	1	-3
844	149.219712	149.558727	D4	64	87	0	3
845	149.446985	149.893954	F3	64	87	1	-3
846	149.674257	149.981076	A#4	64	83	0	1
847	149.674257	149.818197	A#3	64	67	1	-3
848	149.674257	149.842818	D4	64	78	0	3
849	149.674257	149.946985	F4	64	87	0	1
850	149.901530	150.096606	C#5	64	83	0	4
851	149.901530	150.064409	A#3	64	87	1	-3
852	149.901530	150.083348	D4	64	67	0	3
853	150.128803	150.308727	F#5	64	83	0	4
854	150.128803	151.727288	B2	64	74	1	-4
855	150.356076	150.441303	D#5	64	83	0	1
856	150.583348	150.757591	D#5	64	83	0	1
857	150.583348	151.134485	F#3	64	82	1	-2
858	150.810621	151.030318	C#5	64	83	0	4
859	151.037894	151.727288	D#5	64	83	0	1
860	151.037894	151.465924	D#4	64	87	0	4
861	151.037894	151.517061	B4	64	87	0	2
862	151.037894	151.553045	F#4	64	87	0	2
863	151.492439	151.848500	F#3	64	78	1	-2
864	151.719712	152.109864	C#5	64	83	0	4
865	151.719712	151.924258	D#4	64	87	0	4
866	151.946985	153.261379	A#2	64	87	1	-5
867	152.174258	152.304939	A#4	64	83	0	1
868	152.401530	152.471606	A#4	64	83	0	1
869	152.401530	152.871227	A#3	64	78	1	-3
870	152.628803	152.719712	A#4	64	83	0	1
871	152.628803	152.803046	G#4	64	83	0	4
872	152.856076	153.615546	A#4	64	83	0	1
873	152.856076	153.102288	D4	64	87	0	3
874	152.856076	153.174258	A#4	64	87	0	1
875	152.856076	153.238652	F4	64	87	0	1
876	153.083349	153.274637	A#3	64	87	1	-3
877	153.310621	153.617440	D4	64	87	0	3
878	153.537894	153.755697	F4	64	78	0	1
879	153.765167	153.837137	G#4	64	83	0	4
880	153.765167	155.053046	G#2	64	87	1	-2
881	153.992440	154.070091	G#4	64	83	0	4
882	154.219712	154.380697	G#4	64	83	0	4
883	154.219712	154.738652	G#3	64	73	1	-5
884	154.446985	154.623122	A#4	64	83	0	1
885	154.674258	154.950773	G#4	64	83	0	4
886	154.674258	154.897743	B3	64	87	1	-2
887	154.674258	154.939409	G#4	64	87	0	4
888	154.674258	154.984864	D#4	64	87	0	4
889	154.901531	155.303046	F#4	64	83	0	2
890	154.901531	155.282212	G#3	64	87	1	-5
891	155.128803	155.452667	B3	64	87	1	-2
892	155.356076	157.039788	D#4	64	83	0	4
893	155.356076	155.611758	D#4	64	87	0	4
894	155.583349	156.265167	B2	64	87	1	-4
895	156.037894	156.407213	F#3	64	87	1	-2
896	156.265167	156.333349	B4	64	73	0	2
897	156.265167	156.407213	D#4	64	87	0	4
898	156.492440	157.151531	A#2	64	86	1	-5
899	156.719713	156.914788	G#3	64	76	1	-5
900	156.946985	157.282213	D4	64	87	0	3
901	157.174258	157.422364	F4	64	66	0	1
902	157.401531	158.890167	G#2	64	87	1	-2
903	157.856076	158.356076	D#4	64	83	0	4
904	157.856076	158.380698	G#3	64	80	1	-5
905	158.310622	158.778425	F#4	64	83	0	2
906	158.310622	158.634486	B3	64	87	1	-2
907	158.310622	158.768955	G#4	64	87	0	4
908	158.310622	158.818198	D#4	64	87	0	4
909	158.765167	159.229183	A#4	64	83	0	1
910	158.765167	159.043577	G#3	64	86	1	-5
911	158.992440	159.130698	B3	64	76	1	-2
912	159.219713	159.492440	G#4	64	83	0	4
913	159.219713	159.816304	B2	64	87	1	-4
914	159.446986	159.928046	F#3	64	87	1	-2
915	159.674258	159.821986	C#5	64	80	0	4
916	159.674258	159.982971	B3	64	87	1	-2
917	159.901531	160.064410	C#5	64	80	0	4
918	159.901531	160.032213	D#4	64	87	0	4
919	160.128804	160.554940	C#5	64	80	0	4
920	160.128804	160.655319	A#2	64	87	1	-5
921	160.356077	160.649637	F3	64	87	1	-3
922	160.583349	161.032213	A#4	64	80	0	1
923	160.583349	160.882592	A#3	64	87	1	-3
924	160.810622	161.000016	D4	64	87	0	3
925	161.037895	162.331456	D#5	64	80	0	1
926	161.037895	164.278426	D#2	64	87	1	-2
927	161.492440	162.221607	D#3	64	76	1	-5
928	161.946986	162.498122	D#4	64	87	0	4
929	161.946986	162.553047	F#4	64	87	0	2
930	161.946986	162.611759	A#3	64	87	1	-3
931	162.401531	162.979183	D#3	64	73	1	-5
932	162.856077	163.382592	D#4	64	87	0	4
933	162.856077	163.403425	F#4	64	87	0	2
934	162.856077	163.414789	A#3	64	87	1	-3
935	163.310622	163.842819	D#3	64	87	1	-5
936	163.765168	163.918577	A#3	64	87	1	-3
937	163.765168	163.950774	D#4	64	87	0	4
938	163.765168	163.964032	F#4	64	87	0	2
939	163.992441	164.304941	D#3	64	87	1	-5
940	164.219713	164.450774	D#5	64	78	0	1
941	164.219713	164.418577	D#4	64	87	0	4
942	164.219713	164.428047	F#4	64	87	0	2
943	164.219713	164.429941	A#3	64	87	1	-3
944	164.446986	164.655319	F5	64	78	0	3
945	164.674259	164.869335	F#5	64	78	0	4
946	164.674259	166.032214	D#2	64	87	1	-2
947	164.901532	164.996229	D#5	64	78	0	1
948	165.128804	165.375017	D#5	64	78	0	1
949	165.128804	165.683729	D#3	64	74	1	-5
950	165.356077	165.562517	C#5	64	78	0	4
951	165.583350	166.248123	D#5	64	78	0	1
952	165.583350	165.706456	F#4	64	87	0	2
953	165.583350	165.791683	D#4	64	87	0	4
954	165.583350	165.804941	A#3	64	87	1	-3
955	165.810623	166.316305	D#3	64	84	1	-5
956	166.037895	166.359865	A#3	64	87	1	-3
957	166.265168	166.598502	C#5	64	78	0	4
958	166.265168	166.441305	D#4	64	73	0	4
959	166.265168	166.501911	F#4	64	67	0	2
960	166.492441	167.799259	F#2	64	87	1	-4
961	166.719714	166.829562	A#4	64	78	0	1
962	166.946986	167.181835	A#4	64	78	0	1
963	166.946986	167.435623	F#3	64	87	1	-2
964	167.174259	167.411002	G#4	64	78	0	4
965	167.174259	167.270850	C#4	64	80	0	2
966	167.401532	168.113653	A#4	64	78	0	1
967	167.401532	167.566305	C#4	64	86	0	2
968	167.401532	167.691305	F#4	64	87	0	2
969	167.401532	167.717820	A#4	64	87	0	1
970	167.628805	168.094714	F#3	64	87	1	-2
971	167.856077	168.168577	C#4	64	87	0	2
972	168.083350	168.375017	F#4	64	82	0	2
973	168.310623	168.403426	G#4	64	78	0	4
974	168.310623	169.623123	G#2	64	87	1	-2
975	168.537896	168.621229	G#4	64	78	0	4
976	168.765168	168.924259	G#4	64	78	0	4
977	168.765168	169.327668	G#3	64	71	1	-5
978	168.992441	169.196987	A#4	64	78	0	1
979	169.219714	169.518956	G#4	64	78	0	4
980	169.219714	169.460244	B3	64	87	1	-2
981	169.219714	169.553047	G#4	64	87	0	4
982	169.219714	169.596608	D#4	64	87	0	4
983	169.446987	169.829562	F#4	64	78	0	2
984	169.446987	169.878805	G#3	64	87	1	-5
985	169.674259	170.047365	B3	64	87	1	-2
986	169.901532	170.893956	D#4	64	78	0	4
987	169.901532	170.096608	D#4	64	87	0	4
988	170.128805	171.426154	B2	64	87	1	-4
989	170.583350	171.126911	F#3	64	84	1	-2
990	171.037896	171.234866	D#4	64	87	0	4
991	171.037896	171.384487	F#4	64	87	0	2
992	171.265169	171.530320	F#3	64	87	1	-2
993	171.265169	171.530320	B4	64	87	0	2
994	171.492441	171.729184	D#5	64	76	0	1
995	171.492441	171.799260	D#4	64	87	0	4
996	171.719714	171.907214	F5	64	76	0	3
997	171.719714	171.954563	F#4	64	87	0	2
998	171.946987	172.166684	F#5	64	73	0	4
999	171.946987	173.274639	D#2	64	87	1	-2
1000	172.174260	172.278426	D#5	64	73	0	1
1001	172.401532	172.528426	D#5	64	73	0	1
1002	172.401532	172.967820	D#3	64	78	1	-5
1003	172.628805	172.808729	C#5	64	73	0	4
1004	172.856078	173.286002	D#5	64	73	0	1
1005	172.856078	173.026532	A#3	64	87	1	-3
1006	172.856078	173.102290	D#4	64	87	0	4
1007	172.856078	173.140169	F#4	64	87	0	2
1008	173.083351	173.554942	D#3	64	87	1	-5
1009	173.310623	173.600396	A#3	64	87	1	-3
1010	173.537896	173.994336	C#5	64	73	0	4
1011	173.537896	173.795472	D#4	64	87	0	4
1012	173.765169	175.092821	F#2	64	87	1	-4
1013	173.992442	174.094714	A#4	64	73	0	1
1014	174.219714	174.397745	A#4	64	71	0	1
1015	174.219714	174.734866	F#3	64	87	1	-2
1016	174.446987	174.628805	G#4	64	71	0	4
1017	174.446987	174.617442	C#4	64	59	0	2
1018	174.674260	174.846608	A#4	64	71	0	1
1019	174.674260	174.846608	A#4	64	87	0	1
1020	174.674260	174.857972	F#4	64	87	0	2
1021	174.674260	174.948881	C#4	64	87	0	2
1022	174.901533	175.267063	C#5	64	71	0	4
1023	174.901533	175.399639	F#3	64	87	1	-2
1024	175.128805	175.450775	C#4	64	87	0	2
1025	175.356078	175.503805	A#4	64	71	0	1
1026	175.356078	175.532215	A#4	64	65	0	1
1027	175.356078	175.570093	F#4	64	75	0	2
1028	175.583351	177.219715	G#2	64	87	1	-2
1029	175.587139	176.450775	D#5	64	71	0	1
1030	176.037896	176.596609	G#3	64	80	1	-5
1031	176.492442	176.812518	B3	64	87	1	-2
1032	176.492442	176.820093	D#4	64	87	0	4
1033	176.492442	176.823881	G#4	64	87	0	4
1034	176.719715	177.240548	G#3	64	82	1	-5
1035	176.946987	177.147745	G#4	64	72	0	4
1036	176.946987	177.299260	B3	64	86	1	-2
1037	177.174260	177.405321	D#4	64	84	0	4
1038	177.401533	178.850397	F5	64	71	0	3
1039	177.401533	178.884488	A#2	64	87	1	-5
1040	177.856078	178.390169	A#3	64	76	1	-3
1041	178.310624	178.537897	D4	64	87	0	3
1042	178.310624	178.598503	A#4	64	87	0	1
1043	178.310624	178.602291	F4	64	87	0	1
1044	178.537897	178.964033	A#3	64	87	1	-3
1045	178.765169	178.840927	F4	64	87	0	1
1046	178.765169	178.946988	A#4	64	86	0	1
1047	178.765169	179.077669	D4	64	87	0	3
1048	178.992442	179.087139	A#4	64	76	0	1
1049	178.992442	179.143957	F4	64	84	0	1
1050	179.219715	179.399639	F#5	64	71	0	4
1051	179.219715	180.577670	D#2	64	87	1	-2
1052	179.446988	179.532215	D#5	64	71	0	1
1053	179.674260	179.848503	D#5	64	71	0	1
1054	179.674260	180.229185	D#3	64	74	1	-5
1055	179.901533	180.121230	C#5	64	71	0	4
1056	180.128806	180.818200	D#5	64	71	0	1
1057	180.128806	180.251912	F#4	64	87	0	2
1058	180.128806	180.337139	D#4	64	87	0	4
1059	180.128806	180.350397	A#3	64	87	1	-3
1060	180.356079	180.861761	D#3	64	84	1	-5
1061	180.583351	180.905321	A#3	64	87	1	-3
1062	180.810624	181.200776	C#5	64	71	0	4
1063	180.810624	180.986761	D#4	64	73	0	4
1064	180.810624	181.047367	F#4	64	67	0	2
1065	181.037897	182.344715	F#2	64	87	1	-4
1066	181.265170	181.395851	A#4	64	71	0	1
1067	181.492442	181.562518	A#4	64	71	0	1
1068	181.492442	181.981079	F#3	64	87	1	-2
1069	181.719715	181.810624	A#4	64	71	0	1
1070	181.719715	181.893958	G#4	64	71	0	4
1071	181.719715	181.816306	C#4	64	80	0	2
1072	181.946988	182.706458	A#4	64	71	0	1
1073	181.946988	182.111761	C#4	64	86	0	2
1074	181.946988	182.236761	F#4	64	87	0	2
1075	181.946988	182.263276	A#4	64	87	0	1
1076	182.174261	182.640170	F#3	64	87	1	-2
1077	182.401533	182.714033	C#4	64	87	0	2
1078	182.628806	182.920473	F#4	64	82	0	2
1079	182.856079	182.928049	G#4	64	71	0	4
1080	182.856079	184.168579	G#2	64	87	1	-2
1081	183.083352	183.161003	G#4	64	71	0	4
1082	183.310624	183.471609	G#4	64	71	0	4
1083	183.310624	183.873124	G#3	64	71	1	-5
1084	183.537897	183.714034	A#4	64	71	0	1
1085	183.765170	184.041685	G#4	64	71	0	4
1086	183.765170	184.005700	B3	64	87	1	-2
1087	183.765170	184.098503	G#4	64	87	0	4
1088	183.765170	184.142064	D#4	64	87	0	4
1089	183.992443	184.393958	F#4	64	71	0	2
1090	183.992443	184.424261	G#3	64	87	1	-5
1091	184.219715	184.592821	B3	64	87	1	-2
1092	184.446988	186.130700	D#4	64	71	0	4
1093	184.446988	184.642064	D#4	64	87	0	4
1094	184.674261	185.075776	D#3	64	87	1	-5
1095	184.674261	185.234867	D#2	64	87	1	-2
1096	184.674261	185.263276	A#3	64	87	1	-3
1097	184.674261	185.282215	D#4	64	87	0	4
1098	184.674261	185.293579	F#4	64	87	0	2
1099	185.128806	185.579564	D#3	64	71	1	-5
1100	185.583352	186.168579	F4	64	87	0	1
1101	185.583352	186.185625	A#3	64	57	1	-3
1102	185.583352	186.185625	A#4	64	76	0	1
1103	185.583352	186.189413	D4	64	86	0	3
1104	185.583352	186.261382	A#2	64	73	1	-5
1105	186.492443	186.867443	G#3	64	80	1	-5
1106	186.492443	186.867443	B3	64	86	1	-2
1107	186.492443	186.867443	D#4	64	82	0	4
1108	186.492443	186.867443	G#4	64	74	0	4
1109	186.492443	187.907216	G#2	64	87	1	-2
1110	186.946988	187.446988	D#4	64	71	0	4
1111	186.946988	187.435625	G#3	64	86	1	-5
1112	187.401534	187.869337	F#4	64	71	0	2
1113	187.401534	187.950776	B3	64	87	1	-2
1114	187.401534	187.979185	G#4	64	87	0	4
1115	187.401534	187.984867	D#4	64	87	0	4
1116	187.856079	188.320095	A#4	64	71	0	1
1117	187.856079	188.306837	G#3	64	87	1	-5
1118	188.310625	188.583352	G#4	64	71	0	4
1119	188.310625	188.617443	A#3	64	72	1	-3
1120	188.310625	188.897746	G#4	64	84	0	4
1121	188.310625	188.926155	F4	64	87	0	1
1122	188.310625	188.967822	C#4	64	75	0	2
1123	188.310625	189.719716	A#2	64	82	1	-5
1124	188.765170	189.001913	C#5	64	71	0	4
1125	188.765170	189.123125	A#3	64	75	1	-3
1126	189.204564	189.630701	C#5	64	71	0	4
1127	189.219716	189.731080	C#4	64	87	0	2
1128	189.219716	189.748125	F4	64	87	0	1
1129	189.219716	189.768958	G#4	64	87	0	4
1130	189.674261	190.123125	A#4	64	71	0	1
1131	189.674261	190.049261	A#3	64	86	1	-3
1132	190.128807	191.422368	D#5	64	71	0	1
1133	190.128807	190.857974	D#4	64	87	0	4
1134	190.128807	190.861762	A#3	64	76	1	-3
1135	190.128807	190.878807	F#4	64	80	0	2
1136	190.128807	190.882595	D#3	64	75	1	-5
1137	190.128807	191.089034	D#2	64	86	1	-2
1138	191.037898	191.206459	F#4	64	87	0	2
1139	191.037898	191.227292	D#4	64	87	0	4
1140	191.045474	191.206459	A#4	64	87	0	1
1141	191.445095	192.920474	C#3	64	87	1	-2
1142	191.492443	192.876913	F4	64	87	0	1
1143	191.492443	192.899641	G#4	64	87	0	4
1144	191.492443	192.967822	C#4	64	87	0	2
1145	193.575777	195.073883	E4	64	87	0	5
1146	193.581459	195.115550	C4	64	87	0	1
1147	193.585247	195.113656	G4	64	87	0	3
1148	193.655322	195.130701	C3	64	87	1	-3
1149	195.518959	196.696989	D#4	64	87	0	4
1150	195.522747	196.746232	B3	64	87	1	-2
1151	195.526535	196.679944	F#4	64	87	0	2
1152	195.583353	196.867444	B2	64	87	1	-4
1153	196.943202	198.071990	D4	64	87	0	3
1154	196.946989	198.174262	A#3	64	87	1	-3
1155	196.946989	198.306838	A#2	64	87	1	-5
1156	196.950777	198.092823	F4	64	87	0	1
1157	198.537899	201.168581	D#3	64	87	1	-5
1158	198.655323	201.140172	F#3	64	87	1	-2
1159	198.704565	201.145853	A#3	64	87	1	-3
1160	198.765171	201.395853	D#2	64	87	1	-2
