//Version: PianoFingering_v170101
0	2.335225	4.034087	F#2	64	58	1	-4
1	2.562497	4.015148	C#3	64	46	1	-2
2	2.789770	3.454542	F#3	64	54	1	-2
3	3.017042	3.645830	C#4	64	52	0	2
4	3.471587	3.816284	F#4	64	55	0	2
5	3.698860	3.969693	F#3	64	44	1	-2
6	4.153405	5.028404	C#4	64	43	0	2
7	4.153405	5.035980	F#3	64	44	1	-2
8	4.153405	5.225374	F#2	64	39	1	-4
9	5.971585	6.126888	G#3	64	43	1	-5
10	5.971585	6.304918	C#4	64	52	0	2
11	5.971585	8.848476	C#3	64	54	1	-2
12	6.198857	6.515145	G#3	64	53	1	-5
13	6.426130	6.568175	C#4	64	50	0	2
14	6.653402	6.962114	F4	64	55	0	1
15	7.107947	7.467796	C#4	64	46	0	2
16	7.335220	7.543553	G#3	64	38	1	-5
17	7.789765	8.221583	F4	64	49	0	1
18	8.698855	8.856052	G#3	64	49	1	-5
19	8.698855	8.884461	C#4	64	52	0	2
20	9.607945	9.897717	F#3	64	46	1	-2
21	9.607945	10.013248	C#4	64	53	0	2
22	9.607945	11.321958	F#2	64	56	1	-4
23	9.835217	11.284080	C#3	64	47	1	-2
24	10.062490	10.335217	F#3	64	42	1	-2
25	10.289762	10.982944	C#4	64	50	0	2
26	10.744307	11.030292	F#4	64	58	0	2
27	10.971580	11.244307	F#3	64	51	1	-2
28	11.426125	11.859837	F#3	64	46	1	-2
29	11.426125	11.909079	C#4	64	45	0	2
30	11.880670	12.437488	F#2	64	21	1	-4
31	12.335215	12.518927	F#3	64	47	1	-2
32	12.335215	12.587109	A#3	64	49	1	-3
33	13.244305	13.409078	G#3	64	46	1	-5
34	13.244305	13.570062	C#4	64	53	0	2
35	13.244305	14.825743	C#3	64	54	1	-2
36	13.471577	13.727259	G#3	64	50	1	-5
37	13.698850	13.863622	D#4	64	52	0	4
38	13.926122	14.219683	G#3	64	46	1	-5
39	14.380667	14.568167	F4	64	52	0	1
40	14.607940	14.795440	G#3	64	45	1	-5
41	15.062485	15.259454	G#3	64	33	1	-5
42	15.062485	15.570060	G#4	64	31	0	4
43	15.062485	16.100363	C#3	64	47	1	-2
44	15.517030	15.736727	G#3	64	36	1	-5
45	15.971575	16.121196	F4	64	53	0	1
46	15.971575	16.124984	G#3	64	44	1	-5
47	15.971575	16.124984	C#4	64	44	0	2
48	16.880665	17.359831	C#4	64	52	0	2
49	16.880665	20.007556	F#2	64	58	1	-4
50	17.107937	17.244301	C#5	64	52	0	4
51	17.107937	18.996193	C#3	64	44	1	-2
52	17.335210	17.482937	C#5	64	56	0	4
53	17.335210	17.609831	F#3	64	43	1	-2
54	17.562482	17.713997	C#5	64	57	0	4
55	17.562482	17.696952	A#3	64	41	1	-3
56	17.789755	17.973467	C#5	64	58	0	4
57	18.017027	18.164755	A#4	64	57	0	1
58	18.017027	18.174224	C#4	64	52	0	2
59	18.244300	18.420436	C#5	64	52	0	4
60	18.244300	18.437482	F#3	64	38	1	-2
61	18.471572	18.632557	A#4	64	54	0	1
62	18.698845	18.861724	C#5	64	59	0	4
63	18.698845	18.857936	C#4	64	49	0	2
64	18.926117	19.085208	F5	64	59	0	3
65	19.153390	19.482935	F5	64	60	0	3
66	19.380662	19.950738	C#3	64	42	1	-2
67	19.607935	19.910965	F#3	64	47	1	-2
68	19.835207	20.202631	D#5	64	64	0	1
69	19.835207	20.054904	A#3	64	60	1	-3
70	20.062480	20.181798	C#4	64	59	0	2
71	20.289752	20.433692	C#5	64	57	0	4
72	20.517025	20.643919	D#5	64	60	0	1
73	20.517025	20.672328	G#3	64	51	1	-5
74	20.517025	20.806797	C#4	64	52	0	2
75	20.517025	23.556795	C#3	64	57	1	-2
76	20.744297	20.854146	D#5	64	59	0	1
77	20.744297	21.043540	G#3	64	47	1	-5
78	20.971570	21.092782	D#5	64	59	0	1
79	20.971570	21.117403	C#4	64	48	0	2
80	21.198842	21.310585	D#5	64	59	0	1
81	21.198842	21.348464	D#4	64	45	0	4
82	21.426115	21.549221	D#5	64	58	0	1
83	21.653387	21.804902	F5	64	59	0	3
84	21.653387	21.909069	C#4	64	51	0	2
85	21.880660	21.990508	D#5	64	63	0	1
86	21.880660	22.083311	G#3	64	43	1	-5
87	22.107932	22.744295	G#4	64	54	0	4
88	22.107932	22.857932	F4	64	53	0	1
89	23.017022	23.259446	C#4	64	52	0	2
90	23.244295	23.490507	G#3	64	54	1	-5
91	23.471567	23.592779	C#4	64	53	0	2
92	24.153385	24.259445	F#3	64	45	1	-2
93	24.153385	24.659066	A#3	64	44	1	-3
94	24.153385	25.857929	F#2	64	57	1	-4
95	24.380657	24.511339	C#5	64	54	0	4
96	24.380657	25.831414	C#3	64	55	1	-2
97	24.607930	24.761339	C#5	64	56	0	4
98	24.607930	24.905278	F#3	64	48	1	-2
99	24.835202	24.950733	C#5	64	56	0	4
100	24.835202	25.007551	C#4	64	52	0	2
101	25.062475	25.213990	C#5	64	55	0	4
102	25.289747	25.454520	A#4	64	58	0	1
103	25.289747	25.479141	A#3	64	48	1	-3
104	25.517020	25.668535	C#5	64	58	0	4
105	25.517020	25.873080	F#3	64	43	1	-2
106	25.744292	25.888232	A#4	64	54	0	1
107	25.744292	26.736716	F#4	64	55	0	2
108	25.971565	26.149595	C#5	64	58	0	4
109	25.971565	27.085200	F#2	64	49	1	-4
110	26.198837	26.539746	G#5	64	45	0	1
111	26.198837	27.079518	C#3	64	46	1	-2
112	26.426110	26.780276	F#3	64	48	1	-2
113	26.653382	26.935579	G#5	64	58	0	1
114	26.653382	27.132549	C#4	64	52	0	2
115	27.107927	27.306791	F5	64	58	0	3
116	27.107927	27.397700	A#3	64	49	1	-3
117	27.335200	27.501866	D#5	64	58	0	1
118	27.335200	27.420427	F#3	64	45	1	-2
119	27.562472	27.723457	C#5	64	52	0	4
120	27.789745	27.916639	D#5	64	58	0	1
121	27.789745	30.744287	C#3	64	56	1	-2
122	28.017017	28.128760	D#5	64	58	0	1
123	28.017017	28.257548	G#3	64	50	1	-5
124	28.244290	28.401487	D#5	64	58	0	1
125	28.244290	28.568153	C#4	64	50	0	2
126	28.471562	28.659062	C#5	64	47	0	4
127	28.471562	28.660956	G#3	64	47	1	-5
128	28.698835	28.878759	D#5	64	59	0	1
129	28.698835	28.886335	D#4	64	58	0	4
130	28.926107	29.229137	G#5	64	55	0	1
131	28.926107	29.268910	G#3	64	47	1	-5
132	29.380652	30.619288	F5	64	55	0	3
133	29.380652	29.922319	F4	64	59	0	1
134	29.835197	30.092773	G#3	64	48	1	-5
135	30.062470	30.359818	C#4	64	54	0	2
136	30.517015	30.793530	C#4	64	54	0	2
137	30.517015	30.799212	G#3	64	52	1	-5
138	31.426105	34.545420	B2	64	61	1	-4
139	31.653377	31.784059	D#5	64	57	0	1
140	31.653377	31.969665	B3	64	52	1	-2
141	31.880650	31.990498	D#5	64	59	0	1
142	31.880650	32.170422	F#3	64	49	1	-2
143	32.107922	32.219665	D#5	64	59	0	1
144	32.107922	32.386331	D#4	64	57	0	4
145	32.335195	32.672316	D#5	64	62	0	1
146	32.335195	32.592770	B3	64	54	1	-2
147	32.562467	32.865497	F#3	64	46	1	-2
148	32.789740	32.895800	D#5	64	60	0	1
149	32.789740	33.179891	B3	64	46	1	-2
150	33.017012	33.117391	D#5	64	60	0	1
151	33.017012	33.333300	F#3	64	44	1	-2
152	33.244285	33.359815	D#5	64	60	0	1
153	33.471557	33.638224	D#5	64	60	0	1
154	33.698830	33.835193	C#5	64	59	0	4
155	33.926102	34.259435	F5	64	61	0	3
156	33.926102	34.159057	B3	64	59	1	-2
157	34.153375	34.454511	F#3	64	53	1	-2
158	34.380647	34.585193	D#5	64	62	0	1
159	34.380647	34.515117	B3	64	63	1	-2
160	34.607920	34.804889	F5	64	53	0	3
161	34.835192	35.039738	D#5	64	59	0	1
162	35.062465	35.410949	A#3	64	51	1	-3
163	35.062465	38.030265	F#2	64	58	1	-4
164	35.289737	35.441252	A#4	64	49	0	1
165	35.289737	37.998068	C#3	64	49	1	-2
166	35.517010	35.676101	C#5	64	58	0	4
167	35.517010	35.708298	A#3	64	59	1	-3
168	35.744282	35.890116	A#4	64	54	0	1
169	35.744282	36.234812	C#4	64	59	0	2
170	35.971555	36.185570	C#5	64	58	0	4
171	36.198827	36.363600	A#4	64	52	0	1
172	36.198827	36.566251	F#4	64	52	0	2
173	36.426100	36.617388	C#5	64	52	0	4
174	36.653372	37.107917	F5	64	56	0	3
175	36.880645	37.494281	A#3	64	42	1	-3
176	36.880645	37.660947	C#4	64	49	0	2
177	37.107917	37.789735	C#5	64	54	0	4
178	37.789735	38.045417	F#4	64	62	0	2
179	38.017007	38.259431	C#4	64	60	0	2
180	38.244280	38.386325	A#3	64	50	1	-3
181	38.698825	39.003749	B3	64	59	1	-2
182	38.698825	41.596549	B2	64	59	1	-4
183	38.926097	39.056779	D#5	64	59	0	1
184	38.926097	39.200718	F#3	64	53	1	-2
185	39.153370	39.274582	D#5	64	59	0	1
186	39.153370	39.357915	D#4	64	43	0	4
187	39.380642	39.496173	D#5	64	61	0	1
188	39.380642	39.677991	B3	64	45	1	-2
189	39.607915	39.723445	D#5	64	59	0	1
190	39.607915	39.804884	F#3	64	53	1	-2
191	39.835187	40.166626	D#5	64	59	0	1
192	39.835187	40.195036	F#4	64	58	0	2
193	40.289732	40.407157	D#5	64	60	0	1
194	40.289732	40.439354	F#3	64	49	1	-2
195	40.517005	40.640111	D#5	64	59	0	1
196	40.517005	40.814353	F#3	64	46	1	-2
197	40.517005	41.094656	D#4	64	51	0	4
198	40.744277	41.062459	F5	64	60	0	3
199	41.198822	41.513216	D#5	64	59	0	1
200	41.198822	41.638216	B3	64	63	1	-2
201	41.653367	41.820034	F5	64	62	0	3
202	41.653367	41.914731	F#3	64	58	1	-2
203	41.880640	42.045412	D#5	64	58	0	1
204	41.880640	41.929882	B3	64	45	1	-2
205	42.107912	42.244276	C#5	64	55	0	4
206	42.335185	42.462079	D#5	64	53	0	1
207	42.335185	42.831397	D#4	64	53	0	4
208	42.335185	43.990486	G#2	64	59	1	-2
209	42.562457	42.674200	D#5	64	60	0	1
210	42.562457	43.990486	D#3	64	47	1	-5
211	42.789730	42.905260	D#5	64	59	0	1
212	42.789730	43.100336	G#3	64	58	1	-5
213	43.017002	43.126851	D#5	64	57	0	1
214	43.017002	43.280260	D#4	64	59	0	4
215	43.244275	43.409047	D#5	64	60	0	1
216	43.244275	43.522684	G#4	64	59	0	4
217	43.471547	43.602229	C#5	64	56	0	4
218	43.471547	43.755638	D#4	64	54	0	4
219	43.698820	43.861699	D#5	64	59	0	1
220	43.698820	44.244274	G#3	64	60	1	-5
221	43.926092	44.276471	G#5	64	59	0	1
222	43.926092	44.655258	D#4	64	56	0	4
223	44.153365	45.416621	G#2	64	58	1	-2
224	44.380637	45.971545	D#5	64	60	0	1
225	44.380637	44.954501	D#3	64	45	1	-5
226	44.607910	44.749955	G#3	64	58	1	-5
227	44.835182	45.340864	G#3	64	53	1	-5
228	44.835182	45.446924	C4	64	58	0	1
229	44.835182	45.628742	D#4	64	58	0	4
230	45.289727	45.844651	D#3	64	56	1	-5
231	45.517000	45.910939	G#3	64	60	1	-5
232	45.744272	45.823818	D#4	64	5	0	4
233	45.744272	45.929878	C4	64	53	0	1
234	45.971545	46.075711	C#2	64	59	1	-4
235	45.971545	46.147681	G#3	64	57	1	-5
236	45.971545	46.450711	F4	64	58	0	1
237	46.198817	46.314348	C#5	64	55	0	4
238	46.198817	46.492378	G#3	64	58	1	-5
239	46.426090	46.556772	C#5	64	54	0	4
240	46.426090	46.585181	C#4	64	44	0	2
241	46.653362	46.785938	C#5	64	55	0	4
242	46.653362	47.136316	F4	64	62	0	1
243	46.880635	47.034044	C#5	64	58	0	4
244	46.880635	47.649574	C#3	64	49	1	-2
245	47.107907	47.231013	G#5	64	54	0	1
246	47.107907	47.354119	C#4	64	53	0	2
247	47.335180	47.456392	G#5	64	58	0	1
248	47.335180	47.670407	G#3	64	58	1	-5
249	47.562452	47.683664	G#5	64	57	0	1
250	47.562452	47.816240	C#4	64	55	0	2
251	47.789725	47.926088	G#5	64	59	0	1
252	47.789725	48.083285	D#4	64	59	0	4
253	47.789725	49.106012	D#3	64	60	1	-5
254	48.016997	48.123058	D#5	64	54	0	1
255	48.016997	48.293512	A#3	64	49	1	-3
256	48.244270	48.401467	D#5	64	59	0	1
257	48.244270	48.395785	D#4	64	56	0	4
258	48.471542	48.668512	C#5	64	58	0	4
259	48.471542	48.850330	F#4	64	59	0	2
260	48.926087	49.115481	F5	64	59	0	3
261	48.926087	49.172299	D#4	64	60	0	4
262	49.153360	49.321920	D#5	64	53	0	1
263	49.153360	49.259420	A#3	64	54	1	-3
264	49.380632	49.541617	C#5	64	58	0	4
265	49.607905	49.738587	D#5	64	60	0	1
266	49.607905	49.833284	G#3	64	55	1	-5
267	49.607905	50.062450	C4	64	54	0	1
268	49.607905	51.253737	G#2	64	58	1	-2
269	49.835177	49.950708	D#5	64	60	0	1
270	49.835177	51.032146	D#3	64	38	1	-5
271	50.062450	50.181768	D#5	64	59	0	1
272	50.062450	50.225329	G#3	64	53	1	-5
273	50.289722	50.405253	D#5	64	60	0	1
274	50.289722	50.624949	D#4	64	60	0	4
275	50.516995	50.674192	D#5	64	62	0	1
276	50.744267	50.859798	F5	64	57	0	3
277	50.744267	50.956388	C4	64	60	0	1
278	50.971540	51.104116	F#5	64	53	0	4
279	50.971540	51.107903	G#3	64	58	1	-5
280	51.198812	51.679873	F#5	64	57	0	4
281	51.426085	51.532145	G#3	64	57	1	-5
282	51.426085	51.687448	C#4	64	58	0	2
283	51.426085	52.265099	C#3	64	60	1	-2
284	51.653357	53.111689	F5	64	51	0	3
285	51.653357	51.988584	G#3	64	58	1	-5
286	51.880630	52.011312	C#4	64	54	0	2
287	52.107902	52.261311	G#3	64	58	1	-5
288	52.107902	52.293508	C#4	64	59	0	2
289	52.107902	52.382523	F4	64	62	0	1
290	52.562447	52.996159	D#4	64	58	0	4
291	52.562447	53.056765	C4	64	56	0	1
292	52.562447	53.090856	C3	64	60	1	-3
293	53.244265	53.471537	A#3	64	58	1	-3
294	53.244265	53.712068	C#4	64	58	0	2
295	53.244265	54.515097	A#2	64	58	1	-5
296	53.471537	53.571916	C#5	64	58	0	4
297	53.471537	54.026461	F3	64	47	1	-3
298	53.698810	53.802976	C#5	64	53	0	4
299	53.698810	53.799189	A#3	64	51	1	-3
300	53.926082	54.034037	C#5	64	56	0	4
301	53.926082	54.179870	A#3	64	57	1	-3
302	53.926082	54.227218	F4	64	60	0	1
303	54.153355	54.274567	C#5	64	53	0	4
304	54.153355	54.450703	F3	64	53	1	-3
305	54.380627	54.488582	C#5	64	52	0	4
306	54.380627	54.507521	A#3	64	58	1	-3
307	54.380627	54.657142	C#4	64	58	0	2
308	54.607900	54.738582	C#5	64	52	0	4
309	54.607900	54.901460	A#3	64	51	1	-3
310	54.835172	55.289717	F5	64	53	0	3
311	54.835172	55.028354	C#4	64	52	0	2
312	55.062445	55.335172	D#4	64	54	0	4
313	55.062445	56.153353	D#2	64	62	1	-2
314	55.289717	55.746156	C#5	64	59	0	4
315	55.289717	56.130626	A#2	64	43	1	-5
316	55.516990	55.636308	A#3	64	59	1	-3
317	55.744262	56.035929	A#4	64	58	0	1
318	55.744262	55.931762	A#3	64	57	1	-3
319	55.744262	55.984792	G4	64	55	0	3
320	56.198807	56.363580	F5	64	60	0	3
321	56.198807	56.346535	A#3	64	55	1	-3
322	56.198807	56.367368	D#4	64	58	0	4
323	56.426080	56.590852	C#5	64	53	0	4
324	56.653352	56.795398	A#4	64	51	0	1
325	56.880625	56.998049	C#5	64	50	0	4
326	56.880625	57.369261	F#4	64	57	0	2
327	56.880625	58.151457	D#2	64	61	1	-2
328	57.107897	57.221534	C#5	64	54	0	4
329	57.107897	58.111684	A#2	64	43	1	-5
330	57.335170	57.456382	C#5	64	54	0	4
331	57.335170	57.611685	A#3	64	58	1	-3
332	57.562442	57.668503	C#5	64	54	0	4
333	57.562442	57.749942	D#4	64	58	0	4
334	57.789715	57.969639	C#5	64	58	0	4
335	58.016987	58.123048	C#5	64	54	0	4
336	58.016987	58.117366	A#3	64	59	1	-3
337	58.016987	58.280245	F#4	64	59	0	2
338	58.244260	58.424184	C#5	64	58	0	4
339	58.244260	58.443123	D#4	64	59	0	4
340	58.471532	58.916608	G#5	64	60	0	1
341	58.471532	58.583275	A#3	64	50	1	-3
342	58.698805	59.098426	D#4	64	58	0	4
343	58.698805	60.115470	G#2	64	57	1	-2
344	58.926077	59.299183	F5	64	60	0	3
345	58.926077	59.477213	D#3	64	51	1	-5
346	59.153350	59.261304	G#3	64	57	1	-5
347	59.380622	60.141985	D#5	64	60	0	1
348	59.380622	59.611683	D#4	64	59	0	4
349	59.380622	59.641986	G#3	64	57	1	-5
350	59.607895	59.943122	D#3	64	55	1	-5
351	59.835167	60.083273	G#3	64	61	1	-5
352	59.835167	60.193122	C4	64	60	0	1
353	60.062440	60.390091	D#3	64	58	1	-5
354	60.289712	60.416606	G#3	64	61	1	-5
355	60.516985	60.621152	C#2	64	59	1	-4
356	60.516985	60.693121	G#3	64	57	1	-5
357	60.516985	60.996151	F4	64	58	0	1
358	60.744257	60.859788	C#5	64	55	0	4
359	60.744257	61.037818	G#3	64	58	1	-5
360	60.971530	61.102212	C#5	64	54	0	4
361	60.971530	61.130621	C#4	64	44	0	2
362	61.198802	61.331378	C#5	64	55	0	4
363	61.198802	61.681756	F4	64	62	0	1
364	61.426075	61.579484	C#5	64	58	0	4
365	61.426075	62.195014	C#3	64	49	1	-2
366	61.653347	61.776453	G#5	64	54	0	1
367	61.653347	61.899559	C#4	64	53	0	2
368	61.880620	62.001832	G#5	64	58	0	1
369	61.880620	62.215847	G#3	64	58	1	-5
370	62.107892	62.229104	G#5	64	57	0	1
371	62.107892	62.361680	C#4	64	55	0	2
372	62.335165	62.471528	G#5	64	59	0	1
373	62.335165	62.628725	D#4	64	59	0	4
374	62.335165	63.651452	D#3	64	60	1	-5
375	62.562437	62.668498	D#5	64	54	0	1
376	62.562437	62.838952	A#3	64	49	1	-3
377	62.789710	62.946907	D#5	64	59	0	1
378	62.789710	62.941225	D#4	64	56	0	4
379	63.016982	63.213952	C#5	64	58	0	4
380	63.016982	63.395770	F#4	64	59	0	2
381	63.471527	63.660921	F5	64	59	0	3
382	63.471527	63.717739	D#4	64	60	0	4
383	63.698800	63.867360	D#5	64	53	0	1
384	63.698800	63.804860	A#3	64	54	1	-3
385	63.926072	64.087057	C#5	64	58	0	4
386	64.153345	64.284027	D#5	64	60	0	1
387	64.153345	64.378724	G#3	64	55	1	-5
388	64.153345	64.607890	C4	64	54	0	1
389	64.153345	65.799177	G#2	64	58	1	-2
390	64.380617	64.496148	D#5	64	60	0	1
391	64.380617	65.577586	D#3	64	38	1	-5
392	64.607890	64.727208	D#5	64	59	0	1
393	64.607890	64.770769	G#3	64	53	1	-5
394	64.835162	64.950693	D#5	64	60	0	1
395	64.835162	65.170389	D#4	64	60	0	4
396	65.062435	65.219632	D#5	64	62	0	1
397	65.289707	65.405238	F5	64	57	0	3
398	65.289707	65.501828	C4	64	60	0	1
399	65.516980	65.649556	F#5	64	53	0	4
400	65.516980	65.653343	G#3	64	58	1	-5
401	65.744252	66.225313	F#5	64	57	0	4
402	65.971525	66.077585	G#3	64	57	1	-5
403	65.971525	66.232888	C#4	64	58	0	2
404	65.971525	66.810539	C#3	64	60	1	-2
405	66.198797	67.657129	F5	64	51	0	3
406	66.198797	66.534024	G#3	64	58	1	-5
407	66.426070	66.556752	C#4	64	54	0	2
408	66.653342	66.806751	G#3	64	58	1	-5
409	66.653342	66.838948	C#4	64	59	0	2
410	66.653342	66.927963	F4	64	62	0	1
411	67.107887	67.541599	D#4	64	58	0	4
412	67.107887	67.602205	C4	64	56	0	1
413	67.107887	67.636296	C3	64	60	1	-3
414	67.789705	68.016977	A#3	64	58	1	-3
415	67.789705	68.257508	C#4	64	58	0	2
416	67.789705	69.060537	A#2	64	58	1	-5
417	68.016977	68.117356	C#5	64	58	0	4
418	68.016977	68.571901	F3	64	47	1	-3
419	68.244250	68.348416	C#5	64	53	0	4
420	68.244250	68.344629	A#3	64	51	1	-3
421	68.471522	68.579477	C#5	64	56	0	4
422	68.471522	68.725310	A#3	64	57	1	-3
423	68.471522	68.772659	F4	64	60	0	1
424	68.698795	68.820007	C#5	64	53	0	4
425	68.698795	68.996143	F3	64	53	1	-3
426	68.926067	69.034022	A#5	64	52	0	3
427	68.926067	69.052961	A#3	64	58	1	-3
428	68.926067	69.202582	C#4	64	58	0	2
429	69.153340	69.284022	A#5	64	52	0	3
430	69.153340	69.446900	A#3	64	51	1	-3
431	69.380612	69.835157	C6	64	53	0	5
432	69.380612	69.573794	C#4	64	52	0	2
433	69.607885	69.880612	D#4	64	54	0	4
434	69.607885	70.698793	D#2	64	62	1	-2
435	69.835157	70.062430	A#5	64	59	0	3
436	69.835157	70.676066	A#2	64	43	1	-5
437	70.062430	70.289702	F5	64	59	0	3
438	70.062430	70.181748	A#3	64	59	1	-3
439	70.289702	70.581369	C#5	64	58	0	4
440	70.289702	70.477202	A#3	64	57	1	-3
441	70.289702	70.530232	G4	64	55	0	3
442	70.744247	70.909020	A#4	64	60	0	1
443	70.744247	70.891975	A#3	64	55	1	-3
444	70.744247	70.912808	D#4	64	58	0	4
445	70.971520	71.136292	C#5	64	53	0	4
446	71.198792	71.340838	D#5	64	51	0	1
447	71.426065	71.520762	F5	64	44	0	3
448	71.426065	71.691216	A#3	64	56	1	-3
449	71.426065	71.956367	F#4	64	53	0	2
450	71.426065	72.391973	D#2	64	60	1	-2
451	71.653337	71.768868	C#5	64	59	0	4
452	71.653337	72.344625	A#2	64	49	1	-5
453	71.880610	72.820003	C#5	64	58	0	4
454	71.880610	72.174170	A#3	64	54	1	-3
455	72.107882	72.333261	D#4	64	60	0	4
456	72.562427	72.677958	A#3	64	59	1	-3
457	72.562427	72.810533	F#4	64	58	0	2
458	72.789700	73.039700	D#4	64	52	0	4
459	73.016972	73.172275	G#5	64	51	0	1
460	73.016972	73.374927	A#3	64	54	1	-3
461	73.244245	73.535911	G#5	64	59	0	1
462	73.244245	74.624925	G#2	64	59	1	-2
463	73.471517	74.068108	D#3	64	53	1	-5
464	73.698790	74.071896	F5	64	58	0	3
465	73.698790	73.855987	G#3	64	61	1	-5
466	73.926062	74.210153	G#3	64	52	1	-5
467	73.926062	74.251820	D#4	64	58	0	4
468	74.153335	74.607880	D#5	64	60	0	1
469	74.153335	74.528335	D#3	64	54	1	-5
470	74.380607	74.668486	G#3	64	59	1	-5
471	74.380607	74.751819	D#4	64	58	0	4
472	74.607880	75.111667	D#5	64	58	0	1
473	74.910910	76.651438	G#3	64	38	1	-5
474	74.988561	76.674166	C4	64	47	0	1
475	75.041592	76.666590	D#4	64	52	0	4
476	75.041592	76.677954	G#2	64	58	1	-2
477	75.062425	76.880605	C#5	64	51	0	4
478	75.079470	76.674166	G#4	64	46	0	4
479	76.880605	77.359771	C#4	64	52	0	2
480	76.880605	80.007496	F#2	64	58	1	-4
481	77.107877	77.244241	C#5	64	52	0	4
482	77.107877	78.996133	C#3	64	44	1	-2
483	77.335150	77.482877	C#5	64	56	0	4
484	77.335150	77.609771	F#3	64	43	1	-2
485	77.562422	77.713937	C#5	64	57	0	4
486	77.562422	77.696892	A#3	64	41	1	-3
487	77.789695	77.973407	C#5	64	58	0	4
488	78.016967	78.164695	A#4	64	57	0	1
489	78.016967	78.174164	C#4	64	52	0	2
490	78.244240	78.420376	C#5	64	52	0	4
491	78.244240	78.437422	F#3	64	38	1	-2
492	78.471512	78.632497	A#4	64	54	0	1
493	78.698785	78.861664	C#5	64	59	0	4
494	78.698785	78.857876	C#4	64	49	0	2
495	78.926057	79.085148	F5	64	59	0	3
496	79.153330	79.482875	F5	64	60	0	3
497	79.380602	79.950678	C#3	64	42	1	-2
498	79.607875	79.910905	F#3	64	47	1	-2
499	79.835147	80.202571	D#5	64	64	0	1
500	79.835147	80.054844	A#3	64	60	1	-3
501	80.062420	80.181738	C#4	64	59	0	2
502	80.289692	80.433632	C#5	64	57	0	4
503	80.516965	80.643859	D#5	64	60	0	1
504	80.516965	80.672268	G#3	64	51	1	-5
505	80.516965	80.806737	C#4	64	52	0	2
506	80.516965	83.556735	C#3	64	57	1	-2
507	80.744237	80.854086	D#5	64	59	0	1
508	80.744237	81.043480	G#3	64	47	1	-5
509	80.971510	81.092722	D#5	64	59	0	1
510	80.971510	81.117343	C#4	64	48	0	2
511	81.198782	81.310525	D#5	64	59	0	1
512	81.198782	81.348404	D#4	64	45	0	4
513	81.426055	81.549161	D#5	64	58	0	1
514	81.653327	81.804842	F5	64	59	0	3
515	81.653327	81.909009	C#4	64	51	0	2
516	81.880600	81.990448	D#5	64	63	0	1
517	81.880600	82.083251	G#3	64	43	1	-5
518	82.107872	82.744235	G#4	64	54	0	4
519	82.107872	82.857872	F4	64	53	0	1
520	83.016962	83.259386	C#4	64	52	0	2
521	83.244235	83.490447	G#3	64	54	1	-5
522	83.471507	83.592719	C#4	64	53	0	2
523	84.153325	84.259385	F#3	64	45	1	-2
524	84.153325	84.659006	A#3	64	44	1	-3
525	84.153325	85.857869	F#2	64	57	1	-4
526	84.380597	84.511279	C#5	64	54	0	4
527	84.380597	85.831354	C#3	64	55	1	-2
528	84.607870	84.761279	C#5	64	56	0	4
529	84.607870	84.905218	F#3	64	48	1	-2
530	84.835142	84.950673	C#5	64	56	0	4
531	84.835142	85.007491	C#4	64	52	0	2
532	85.062415	85.213930	C#5	64	55	0	4
533	85.289687	85.454460	A#4	64	58	0	1
534	85.289687	85.479081	A#3	64	48	1	-3
535	85.516960	85.668475	C#5	64	58	0	4
536	85.516960	85.873020	F#3	64	43	1	-2
537	85.744232	85.888172	A#4	64	54	0	1
538	85.744232	86.736656	F#4	64	55	0	2
539	85.971505	86.149535	C#5	64	58	0	4
540	85.971505	87.085140	F#2	64	49	1	-4
541	86.198777	86.539686	G#5	64	45	0	1
542	86.198777	87.079458	C#3	64	46	1	-2
543	86.426050	86.780216	F#3	64	48	1	-2
544	86.653322	86.935519	G#5	64	58	0	1
545	86.653322	87.132489	C#4	64	52	0	2
546	87.107867	87.306731	F5	64	58	0	3
547	87.107867	87.397640	A#3	64	49	1	-3
548	87.335140	87.501806	D#5	64	58	0	1
549	87.335140	87.420367	F#3	64	45	1	-2
550	87.562412	87.723397	C#5	64	52	0	4
551	87.789685	87.916579	D#5	64	58	0	1
552	87.789685	90.744227	C#3	64	56	1	-2
553	88.016957	88.128700	D#5	64	58	0	1
554	88.016957	88.257487	G#3	64	50	1	-5
555	88.244230	88.401427	D#5	64	58	0	1
556	88.244230	88.568093	C#4	64	50	0	2
557	88.471502	88.659002	C#5	64	47	0	4
558	88.471502	88.660896	G#3	64	47	1	-5
559	88.698775	88.878699	D#5	64	59	0	1
560	88.698775	88.886275	D#4	64	58	0	4
561	88.926047	89.229077	G#5	64	55	0	1
562	88.926047	89.268850	G#3	64	47	1	-5
563	89.380592	90.619228	F5	64	55	0	3
564	89.380592	89.922259	F4	64	59	0	1
565	89.835137	90.092713	G#3	64	48	1	-5
566	90.062410	90.359758	C#4	64	54	0	2
567	90.516955	90.793470	C#4	64	54	0	2
568	90.516955	90.799152	G#3	64	52	1	-5
569	91.426045	94.545360	B2	64	61	1	-4
570	91.653317	91.783999	D#5	64	57	0	1
571	91.653317	91.969605	B3	64	52	1	-2
572	91.880590	91.990438	D#5	64	59	0	1
573	91.880590	92.170362	F#3	64	49	1	-2
574	92.107862	92.219605	D#5	64	59	0	1
575	92.107862	92.386271	D#4	64	57	0	4
576	92.335135	92.672256	D#5	64	62	0	1
577	92.335135	92.592710	B3	64	54	1	-2
578	92.562407	92.865437	F#3	64	46	1	-2
579	92.789680	92.895740	D#5	64	60	0	1
580	92.789680	93.179831	B3	64	46	1	-2
581	93.016952	93.117331	D#5	64	60	0	1
582	93.016952	93.333240	F#3	64	44	1	-2
583	93.244225	93.359755	D#5	64	60	0	1
584	93.471497	93.638164	D#5	64	60	0	1
585	93.698770	93.835133	C#5	64	59	0	4
586	93.926042	94.259375	F5	64	61	0	3
587	93.926042	94.158997	B3	64	59	1	-2
588	94.153315	94.454451	F#3	64	53	1	-2
589	94.380587	94.585133	D#5	64	62	0	1
590	94.380587	94.515057	B3	64	63	1	-2
591	94.607860	94.804829	F5	64	53	0	3
592	94.835132	95.039678	D#5	64	59	0	1
593	95.062405	95.410889	A#3	64	51	1	-3
594	95.062405	98.030205	F#2	64	58	1	-4
595	95.289677	95.441192	A#4	64	49	0	1
596	95.289677	97.998008	C#3	64	49	1	-2
597	95.516950	95.676041	C#5	64	58	0	4
598	95.516950	95.708238	A#3	64	59	1	-3
599	95.744222	95.890056	A#4	64	54	0	1
600	95.744222	96.234752	C#4	64	59	0	2
601	95.971495	96.185510	C#5	64	58	0	4
602	96.198767	96.363540	A#4	64	52	0	1
603	96.198767	96.566191	F#4	64	52	0	2
604	96.426040	96.617328	C#5	64	52	0	4
605	96.653312	97.107857	F5	64	56	0	3
606	96.880585	97.494221	A#3	64	42	1	-3
607	96.880585	97.660887	C#4	64	49	0	2
608	97.107857	97.789675	C#5	64	54	0	4
609	97.789675	98.045356	F#4	64	62	0	2
610	98.016947	98.259371	C#4	64	60	0	2
611	98.244220	98.386265	A#3	64	50	1	-3
612	98.698765	99.003689	B3	64	59	1	-2
613	98.698765	101.596489	B2	64	59	1	-4
614	98.926037	99.056719	D#5	64	59	0	1
615	98.926037	99.200658	F#3	64	53	1	-2
616	99.153310	99.274522	D#5	64	59	0	1
617	99.153310	99.357855	D#4	64	43	0	4
618	99.380582	99.496113	D#5	64	61	0	1
619	99.380582	99.677931	B3	64	45	1	-2
620	99.607855	99.723385	D#5	64	59	0	1
621	99.607855	99.804824	F#3	64	53	1	-2
622	99.835127	100.166567	D#5	64	59	0	1
623	99.835127	100.194976	F#4	64	58	0	2
624	100.289672	100.407097	D#5	64	60	0	1
625	100.289672	100.439294	F#3	64	49	1	-2
626	100.516945	100.640051	D#5	64	59	0	1
627	100.516945	100.814293	F#3	64	46	1	-2
628	100.516945	101.094596	D#4	64	51	0	4
629	100.744217	101.062399	F5	64	60	0	3
630	101.198762	101.513156	D#5	64	59	0	1
631	101.198762	101.638156	B3	64	63	1	-2
632	101.653307	101.819974	F5	64	62	0	3
633	101.653307	101.914671	F#3	64	58	1	-2
634	101.880580	102.045353	D#5	64	58	0	1
635	101.880580	101.929822	B3	64	45	1	-2
636	102.107852	102.244216	C#5	64	55	0	4
637	102.335125	102.462019	D#5	64	53	0	1
638	102.335125	102.831337	D#4	64	53	0	4
639	102.335125	103.990426	G#2	64	59	1	-2
640	102.562397	102.674140	D#5	64	60	0	1
641	102.562397	103.990426	D#3	64	47	1	-5
642	102.789670	102.905200	D#5	64	59	0	1
643	102.789670	103.100276	G#3	64	58	1	-5
644	103.016942	103.126791	D#5	64	57	0	1
645	103.016942	103.280200	D#4	64	59	0	4
646	103.244215	103.408987	D#5	64	60	0	1
647	103.244215	103.522624	G#4	64	59	0	4
648	103.471487	103.602169	C#5	64	56	0	4
649	103.471487	103.755578	D#4	64	54	0	4
650	103.698760	103.861639	D#5	64	59	0	1
651	103.698760	104.244214	G#3	64	60	1	-5
652	103.926032	104.276411	G#5	64	59	0	1
653	103.926032	104.655198	D#4	64	56	0	4
654	104.153305	105.416561	G#2	64	58	1	-2
655	104.380577	105.971485	D#5	64	60	0	1
656	104.380577	104.954441	D#3	64	45	1	-5
657	104.607850	104.749895	G#3	64	58	1	-5
658	104.835122	105.340804	G#3	64	53	1	-5
659	104.835122	105.446864	C4	64	58	0	1
660	104.835122	105.628682	D#4	64	58	0	4
661	105.289667	105.844591	D#3	64	56	1	-5
662	105.516940	105.910879	G#3	64	60	1	-5
663	105.744212	105.823758	D#4	64	5	0	4
664	105.744212	105.929818	C4	64	53	0	1
665	105.971485	106.075652	C#2	64	59	1	-4
666	105.971485	106.147621	G#3	64	57	1	-5
667	105.971485	106.450651	F4	64	58	0	1
668	106.198757	106.314288	C#5	64	55	0	4
669	106.198757	106.492318	G#3	64	58	1	-5
670	106.426030	106.556712	C#5	64	54	0	4
671	106.426030	106.585121	C#4	64	44	0	2
672	106.653302	106.785878	C#5	64	55	0	4
673	106.653302	107.136257	F4	64	62	0	1
674	106.880575	107.033984	C#5	64	58	0	4
675	106.880575	107.649514	C#3	64	49	1	-2
676	107.107847	107.230953	G#5	64	54	0	1
677	107.107847	107.354059	C#4	64	53	0	2
678	107.335120	107.456332	G#5	64	58	0	1
679	107.335120	107.670347	G#3	64	58	1	-5
680	107.562392	107.683604	G#5	64	57	0	1
681	107.562392	107.816180	C#4	64	55	0	2
682	107.789665	107.926028	G#5	64	59	0	1
683	107.789665	108.083225	D#4	64	59	0	4
684	107.789665	109.105952	D#3	64	60	1	-5
685	108.016937	108.122998	D#5	64	54	0	1
686	108.016937	108.293452	A#3	64	49	1	-3
687	108.244210	108.401407	D#5	64	59	0	1
688	108.244210	108.395725	D#4	64	56	0	4
689	108.471482	108.668452	C#5	64	58	0	4
690	108.471482	108.850270	F#4	64	59	0	2
691	108.926027	109.115421	F5	64	59	0	3
692	108.926027	109.172239	D#4	64	60	0	4
693	109.153300	109.321860	D#5	64	53	0	1
694	109.153300	109.259360	A#3	64	54	1	-3
695	109.380572	109.541557	C#5	64	58	0	4
696	109.607845	109.738527	D#5	64	60	0	1
697	109.607845	109.833224	G#3	64	55	1	-5
698	109.607845	110.062390	C4	64	54	0	1
699	109.607845	111.253677	G#2	64	58	1	-2
700	109.835117	109.950648	D#5	64	60	0	1
701	109.835117	111.032086	D#3	64	38	1	-5
702	110.062390	110.181708	D#5	64	59	0	1
703	110.062390	110.225269	G#3	64	53	1	-5
704	110.289662	110.405193	D#5	64	60	0	1
705	110.289662	110.624889	D#4	64	60	0	4
706	110.516935	110.674132	D#5	64	62	0	1
707	110.744207	110.859738	F5	64	57	0	3
708	110.744207	110.956328	C4	64	60	0	1
709	110.971480	111.104056	F#5	64	53	0	4
710	110.971480	111.107843	G#3	64	58	1	-5
711	111.198752	111.679813	F#5	64	57	0	4
712	111.426025	111.532085	G#3	64	57	1	-5
713	111.426025	111.687388	C#4	64	58	0	2
714	111.426025	112.265039	C#3	64	60	1	-2
715	111.653297	113.111629	F5	64	51	0	3
716	111.653297	111.988524	G#3	64	58	1	-5
717	111.880570	112.011252	C#4	64	54	0	2
718	112.107842	112.261251	G#3	64	58	1	-5
719	112.107842	112.293448	C#4	64	59	0	2
720	112.107842	112.382463	F4	64	62	0	1
721	112.562387	112.996099	D#4	64	58	0	4
722	112.562387	113.056705	C4	64	56	0	1
723	112.562387	113.090796	C3	64	60	1	-3
724	113.244205	113.471477	A#3	64	58	1	-3
725	113.244205	113.712007	C#4	64	58	0	2
726	113.244205	114.515037	A#2	64	58	1	-5
727	113.471477	113.571856	C#5	64	58	0	4
728	113.471477	114.026401	F3	64	47	1	-3
729	113.698750	113.802916	C#5	64	53	0	4
730	113.698750	113.799129	A#3	64	51	1	-3
731	113.926022	114.033977	C#5	64	56	0	4
732	113.926022	114.179810	A#3	64	57	1	-3
733	113.926022	114.227159	F4	64	60	0	1
734	114.153295	114.274507	C#5	64	53	0	4
735	114.153295	114.450643	F3	64	53	1	-3
736	114.380567	114.488522	C#5	64	52	0	4
737	114.380567	114.507461	A#3	64	58	1	-3
738	114.380567	114.657082	C#4	64	58	0	2
739	114.607840	114.738522	C#5	64	52	0	4
740	114.607840	114.901400	A#3	64	51	1	-3
741	114.835112	115.289657	F5	64	53	0	3
742	114.835112	115.028294	C#4	64	52	0	2
743	115.062385	115.335112	D#4	64	54	0	4
744	115.062385	116.153293	D#2	64	62	1	-2
745	115.289657	115.746096	C#5	64	59	0	4
746	115.289657	116.130566	A#2	64	43	1	-5
747	115.516930	115.636248	A#3	64	59	1	-3
748	115.744202	116.035869	A#4	64	58	0	1
749	115.744202	115.931702	A#3	64	57	1	-3
750	115.744202	115.984733	G4	64	55	0	3
751	116.198747	116.363520	F5	64	60	0	3
752	116.198747	116.346475	A#3	64	55	1	-3
753	116.198747	116.367308	D#4	64	58	0	4
754	116.426020	116.590793	C#5	64	53	0	4
755	116.653292	116.795338	A#4	64	51	0	1
756	116.880565	116.997989	C#5	64	50	0	4
757	116.880565	117.369201	F#4	64	57	0	2
758	116.880565	118.151397	D#2	64	61	1	-2
759	117.107837	117.221474	C#5	64	54	0	4
760	117.107837	118.111624	A#2	64	43	1	-5
761	117.335110	117.456322	C#5	64	54	0	4
762	117.335110	117.611625	A#3	64	58	1	-3
763	117.562382	117.668443	C#5	64	54	0	4
764	117.562382	117.749882	D#4	64	58	0	4
765	117.789655	117.969579	C#5	64	58	0	4
766	118.016927	118.122988	C#5	64	54	0	4
767	118.016927	118.117306	A#3	64	59	1	-3
768	118.016927	118.280185	F#4	64	59	0	2
769	118.244200	118.424124	C#5	64	58	0	4
770	118.244200	118.443063	D#4	64	59	0	4
771	118.471472	118.916548	G#5	64	60	0	1
772	118.471472	118.583215	A#3	64	50	1	-3
773	118.698745	119.098366	D#4	64	58	0	4
774	118.698745	120.115410	G#2	64	57	1	-2
775	118.926017	119.299123	F5	64	60	0	3
776	118.926017	119.477153	D#3	64	51	1	-5
777	119.153290	119.261244	G#3	64	57	1	-5
778	119.380562	120.141925	D#5	64	60	0	1
779	119.380562	119.611623	D#4	64	59	0	4
780	119.380562	119.641926	G#3	64	57	1	-5
781	119.607835	119.943062	D#3	64	55	1	-5
782	119.835107	120.083213	G#3	64	61	1	-5
783	119.835107	120.193062	C4	64	60	0	1
784	120.062380	120.390031	D#3	64	58	1	-5
785	120.289652	120.416546	G#3	64	61	1	-5
786	120.516925	120.621092	C#2	64	59	1	-4
787	120.516925	120.693061	G#3	64	57	1	-5
788	120.516925	120.996091	F4	64	58	0	1
789	120.744197	120.859728	C#5	64	55	0	4
790	120.744197	121.037758	G#3	64	58	1	-5
791	120.971470	121.102152	C#5	64	54	0	4
792	120.971470	121.130561	C#4	64	44	0	2
793	121.198742	121.331318	C#5	64	55	0	4
794	121.198742	121.681697	F4	64	62	0	1
795	121.426015	121.579424	C#5	64	58	0	4
796	121.426015	122.194954	C#3	64	49	1	-2
797	121.653287	121.776393	G#5	64	54	0	1
798	121.653287	121.899499	C#4	64	53	0	2
799	121.880560	122.001772	G#5	64	58	0	1
800	121.880560	122.215787	G#3	64	58	1	-5
801	122.107832	122.229044	G#5	64	57	0	1
802	122.107832	122.361620	C#4	64	55	0	2
803	122.335105	122.471468	G#5	64	59	0	1
804	122.335105	122.628665	D#4	64	59	0	4
805	122.335105	123.651392	D#3	64	60	1	-5
806	122.562377	122.668438	D#5	64	54	0	1
807	122.562377	122.838892	A#3	64	49	1	-3
808	122.789650	122.946847	D#5	64	59	0	1
809	122.789650	122.941165	D#4	64	56	0	4
810	123.016922	123.213892	C#5	64	58	0	4
811	123.016922	123.395710	F#4	64	59	0	2
812	123.471467	123.660861	F5	64	59	0	3
813	123.471467	123.717679	D#4	64	60	0	4
814	123.698740	123.867300	D#5	64	53	0	1
815	123.698740	123.804800	A#3	64	54	1	-3
816	123.926012	124.086997	C#5	64	58	0	4
817	124.153285	124.283967	D#5	64	60	0	1
818	124.153285	124.378664	G#3	64	55	1	-5
819	124.153285	124.607830	C4	64	54	0	1
820	124.153285	125.799117	G#2	64	58	1	-2
821	124.380557	124.496088	D#5	64	60	0	1
822	124.380557	125.577526	D#3	64	38	1	-5
823	124.607830	124.727148	D#5	64	59	0	1
824	124.607830	124.770709	G#3	64	53	1	-5
825	124.835102	124.950633	D#5	64	60	0	1
826	124.835102	125.170329	D#4	64	60	0	4
827	125.062375	125.219572	D#5	64	62	0	1
828	125.289647	125.405178	F5	64	57	0	3
829	125.289647	125.501768	C4	64	60	0	1
830	125.516920	125.649496	F#5	64	53	0	4
831	125.516920	125.653283	G#3	64	58	1	-5
832	125.744192	126.225253	F#5	64	57	0	4
833	125.971465	126.077525	G#3	64	57	1	-5
834	125.971465	126.232828	C#4	64	58	0	2
835	125.971465	126.810479	C#3	64	60	1	-2
836	126.198737	127.657069	F5	64	51	0	3
837	126.198737	126.533964	G#3	64	58	1	-5
838	126.426010	126.556692	C#4	64	54	0	2
839	126.653282	126.806691	G#3	64	58	1	-5
840	126.653282	126.838888	C#4	64	59	0	2
841	126.653282	126.927903	F4	64	62	0	1
842	127.107827	127.541539	D#4	64	58	0	4
843	127.107827	127.602145	C4	64	56	0	1
844	127.107827	127.636236	C3	64	60	1	-3
845	127.789645	128.016917	A#3	64	58	1	-3
846	127.789645	128.257448	C#4	64	58	0	2
847	127.789645	129.060477	A#2	64	58	1	-5
848	128.016917	128.117296	C#5	64	58	0	4
849	128.016917	128.571841	F3	64	47	1	-3
850	128.244190	128.348356	C#5	64	53	0	4
851	128.244190	128.344569	A#3	64	51	1	-3
852	128.471462	128.579417	C#5	64	56	0	4
853	128.471462	128.725250	A#3	64	57	1	-3
854	128.471462	128.772598	F4	64	60	0	1
855	128.698735	128.819947	C#5	64	53	0	4
856	128.698735	128.996083	F3	64	53	1	-3
857	128.926007	129.033962	A#5	64	52	0	3
858	128.926007	129.052901	A#3	64	58	1	-3
859	128.926007	129.202522	C#4	64	58	0	2
860	129.153280	129.283962	A#5	64	52	0	3
861	129.153280	129.446840	A#3	64	51	1	-3
862	129.380552	129.835097	C6	64	53	0	5
863	129.380552	129.573734	C#4	64	52	0	2
864	129.607825	129.880552	D#4	64	54	0	4
865	129.607825	130.698733	D#2	64	62	1	-2
866	129.835097	130.062370	A#5	64	59	0	3
867	129.835097	130.676006	A#2	64	43	1	-5
868	130.062370	130.289642	F5	64	59	0	3
869	130.062370	130.181688	A#3	64	59	1	-3
870	130.289642	130.581309	C#5	64	58	0	4
871	130.289642	130.477142	A#3	64	57	1	-3
872	130.289642	130.530172	G4	64	55	0	3
873	130.744187	130.908960	A#4	64	60	0	1
874	130.744187	130.891915	A#3	64	55	1	-3
875	130.744187	130.912748	D#4	64	58	0	4
876	130.971460	131.136233	C#5	64	53	0	4
877	131.198732	131.340778	D#5	64	51	0	1
878	131.426005	131.520702	F5	64	44	0	3
879	131.426005	131.691156	A#3	64	56	1	-3
880	131.426005	131.956307	F#4	64	53	0	2
881	131.426005	132.391913	D#2	64	60	1	-2
882	131.653277	131.768808	C#5	64	59	0	4
883	131.653277	132.344565	A#2	64	49	1	-5
884	131.880550	132.819943	C#5	64	58	0	4
885	131.880550	132.174110	A#3	64	54	1	-3
886	132.107822	132.333201	D#4	64	60	0	4
887	132.562367	132.677898	A#3	64	59	1	-3
888	132.562367	132.810473	F#4	64	58	0	2
889	132.789640	133.039640	D#4	64	52	0	4
890	133.016912	133.172215	G#5	64	51	0	1
891	133.016912	133.374867	A#3	64	54	1	-3
892	133.244185	133.535851	G#5	64	59	0	1
893	133.244185	134.624865	G#2	64	59	1	-2
894	133.471457	134.068048	D#3	64	53	1	-5
895	133.698730	134.071836	F5	64	58	0	3
896	133.698730	133.855927	G#3	64	61	1	-5
897	133.926002	134.210093	G#3	64	52	1	-5
898	133.926002	134.251760	D#4	64	58	0	4
899	134.153275	134.607820	D#5	64	60	0	1
900	134.153275	134.528275	D#3	64	54	1	-5
901	134.380547	134.668426	G#3	64	59	1	-5
902	134.380547	134.751759	D#4	64	58	0	4
903	134.607820	135.111607	D#5	64	58	0	1
904	135.062365	136.880545	C#5	64	51	0	4
905	135.062365	135.166531	C#2	64	59	1	-4
906	135.062365	135.238501	G#3	64	57	1	-5
907	135.062365	135.541531	F4	64	58	0	1
908	135.289637	135.583198	G#3	64	58	1	-5
909	135.516910	135.676001	C#4	64	44	0	2
910	135.744182	136.227137	F4	64	62	0	1
911	135.971455	136.740394	C#3	64	49	1	-2
912	136.198727	136.444939	C#4	64	53	0	2
913	136.426000	136.761227	G#3	64	58	1	-5
914	136.653272	136.907060	C#4	64	55	0	2
915	136.880545	137.174105	D#4	64	59	0	4
916	136.880545	138.196832	D#3	64	60	1	-5
917	137.107817	137.384332	A#3	64	49	1	-3
918	137.335090	137.486605	D#4	64	56	0	4
919	137.562362	137.941150	F#4	64	59	0	2
920	138.016907	138.263119	D#4	64	60	0	4
921	138.244180	138.350240	A#3	64	54	1	-3
922	138.698725	138.924104	G#3	64	55	1	-5
923	138.698725	139.153270	C4	64	54	0	1
924	138.698725	140.344557	G#2	64	58	1	-2
925	138.925997	140.122966	D#3	64	38	1	-5
926	139.153270	139.316149	G#3	64	53	1	-5
927	139.380542	139.715769	D#4	64	60	0	4
928	139.835087	140.047208	C4	64	60	0	1
929	140.062360	140.198723	G#3	64	58	1	-5
930	140.516905	140.622965	G#3	64	57	1	-5
931	140.516905	140.778268	C#4	64	58	0	2
932	140.516905	141.355919	C#3	64	60	1	-2
933	140.744177	141.079404	G#3	64	58	1	-5
934	140.971450	141.102132	C#4	64	54	0	2
935	141.198722	141.352131	G#3	64	58	1	-5
936	141.198722	141.384328	C#4	64	59	0	2
937	141.198722	141.473343	F4	64	62	0	1
938	141.653267	142.086979	D#4	64	58	0	4
939	141.653267	142.147585	C4	64	56	0	1
940	141.653267	142.181676	C3	64	60	1	-3
941	142.335085	142.562357	A#3	64	58	1	-3
942	142.335085	142.802887	C#4	64	58	0	2
943	142.335085	143.605917	A#2	64	58	1	-5
944	142.562357	142.662736	C#5	64	58	0	4
945	142.562357	143.117281	F3	64	47	1	-3
946	142.789630	142.893797	C#5	64	53	0	4
947	142.789630	142.890009	A#3	64	51	1	-3
948	143.016902	143.124857	C#5	64	56	0	4
949	143.016902	143.270690	A#3	64	57	1	-3
950	143.016902	143.318039	F4	64	60	0	1
951	143.244175	143.365387	C#5	64	53	0	4
952	143.244175	143.541523	F3	64	53	1	-3
953	143.471447	143.579402	C#5	64	52	0	4
954	143.471447	143.598341	A#3	64	58	1	-3
955	143.471447	143.747962	C#4	64	58	0	2
956	143.698720	143.829402	C#5	64	52	0	4
957	143.698720	143.992280	A#3	64	51	1	-3
958	143.925992	144.380537	F5	64	53	0	3
959	143.925992	144.119174	C#4	64	52	0	2
960	144.153265	144.425992	D#4	64	54	0	4
961	144.153265	145.244173	D#2	64	62	1	-2
962	144.380537	144.836976	C#5	64	59	0	4
963	144.380537	145.221446	A#2	64	43	1	-5
964	144.607810	144.727128	A#3	64	59	1	-3
965	144.835082	145.126749	A#4	64	58	0	1
966	144.835082	145.022582	A#3	64	57	1	-3
967	144.835082	145.075613	G4	64	55	0	3
968	145.289627	145.454400	F5	64	60	0	3
969	145.289627	145.437355	A#3	64	55	1	-3
970	145.289627	145.458188	D#4	64	58	0	4
971	145.516900	145.681672	C#5	64	53	0	4
972	145.744172	145.886218	A#4	64	51	0	1
973	145.971445	146.088869	C#5	64	50	0	4
974	145.971445	146.460081	F#4	64	57	0	2
975	145.971445	147.242277	D#2	64	61	1	-2
976	146.198717	146.312354	C#5	64	54	0	4
977	146.198717	147.202504	A#2	64	43	1	-5
978	146.425990	146.547202	C#5	64	54	0	4
979	146.425990	146.702505	A#3	64	58	1	-3
980	146.653262	146.759323	C#5	64	54	0	4
981	146.653262	146.840762	D#4	64	58	0	4
982	146.880535	147.060459	C#5	64	58	0	4
983	147.107807	147.213868	C#5	64	54	0	4
984	147.107807	147.208186	A#3	64	59	1	-3
985	147.107807	147.371065	F#4	64	59	0	2
986	147.335080	147.515004	C#5	64	58	0	4
987	147.335080	147.533943	D#4	64	59	0	4
988	147.562352	148.007428	G#5	64	60	0	1
989	147.562352	147.674095	A#3	64	50	1	-3
990	147.789625	148.189246	D#4	64	58	0	4
991	147.789625	149.206290	G#2	64	57	1	-2
992	148.016897	148.390003	F5	64	60	0	3
993	148.016897	148.568033	D#3	64	51	1	-5
994	148.244170	148.352124	G#3	64	57	1	-5
995	148.471442	149.232805	D#5	64	60	0	1
996	148.471442	148.702503	D#4	64	59	0	4
997	148.471442	148.732806	G#3	64	57	1	-5
998	148.698715	149.033942	D#3	64	55	1	-5
999	148.925987	149.174093	G#3	64	61	1	-5
1000	148.925987	149.283942	C4	64	60	0	1
1001	149.153260	149.480911	D#3	64	58	1	-5
1002	149.380532	149.507426	G#3	64	61	1	-5
1003	149.607805	149.711972	C#2	64	59	1	-4
1004	149.607805	149.783941	G#3	64	57	1	-5
1005	149.607805	150.086971	F4	64	58	0	1
1006	149.835077	149.950608	C#5	64	55	0	4
1007	149.835077	150.128638	G#3	64	58	1	-5
1008	150.062350	150.193032	C#5	64	54	0	4
1009	150.062350	150.221441	C#4	64	44	0	2
1010	150.289622	150.422198	C#5	64	55	0	4
1011	150.289622	150.772577	F4	64	62	0	1
1012	150.516895	150.670304	C#5	64	58	0	4
1013	150.516895	151.285834	C#3	64	49	1	-2
1014	150.744167	150.867273	G#5	64	54	0	1
1015	150.744167	150.990379	C#4	64	53	0	2
1016	150.971440	151.092652	G#5	64	58	0	1
1017	150.971440	151.306667	G#3	64	58	1	-5
1018	151.198712	151.319924	G#5	64	57	0	1
1019	151.198712	151.452500	C#4	64	55	0	2
1020	151.425985	151.562348	G#5	64	59	0	1
1021	151.425985	151.719545	D#4	64	59	0	4
1022	151.425985	152.742271	D#3	64	60	1	-5
1023	151.653257	151.759318	D#5	64	54	0	1
1024	151.653257	151.929772	A#3	64	49	1	-3
1025	151.880530	152.037727	D#5	64	59	0	1
1026	151.880530	152.032045	D#4	64	56	0	4
1027	152.107802	152.304772	C#5	64	58	0	4
1028	152.107802	152.486590	F#4	64	59	0	2
1029	152.562347	152.751741	F5	64	59	0	3
1030	152.562347	152.808559	D#4	64	60	0	4
1031	152.789620	152.958180	D#5	64	53	0	1
1032	152.789620	152.895680	A#3	64	54	1	-3
1033	153.016892	153.177877	C#5	64	58	0	4
1034	153.244165	153.374847	D#5	64	60	0	1
1035	153.244165	153.469544	G#3	64	55	1	-5
1036	153.244165	153.698710	C4	64	54	0	1
1037	153.244165	154.889997	G#2	64	58	1	-2
1038	153.471437	153.586968	D#5	64	60	0	1
1039	153.471437	154.668406	D#3	64	38	1	-5
1040	153.698710	153.818028	D#5	64	59	0	1
1041	153.698710	153.861589	G#3	64	53	1	-5
1042	153.925982	154.041513	D#5	64	60	0	1
1043	153.925982	154.261209	D#4	64	60	0	4
1044	154.153255	154.310452	D#5	64	62	0	1
1045	154.380527	154.496058	F5	64	57	0	3
1046	154.380527	154.592648	C4	64	60	0	1
1047	154.607800	154.740376	F#5	64	53	0	4
1048	154.607800	154.744163	G#3	64	58	1	-5
1049	154.835072	155.316133	F#5	64	57	0	4
1050	155.062345	155.168405	G#3	64	57	1	-5
1051	155.062345	155.323708	C#4	64	58	0	2
1052	155.062345	155.901359	C#3	64	60	1	-2
1053	155.289617	156.747949	F5	64	51	0	3
1054	155.289617	155.624844	G#3	64	58	1	-5
1055	155.516890	155.647572	C#4	64	54	0	2
1056	155.744162	155.897571	G#3	64	58	1	-5
1057	155.744162	155.929768	C#4	64	59	0	2
1058	155.744162	156.018783	F4	64	62	0	1
1059	156.198707	156.632419	D#4	64	58	0	4
1060	156.198707	156.693025	C4	64	56	0	1
1061	156.198707	156.727116	C3	64	60	1	-3
1062	156.880525	157.107797	A#3	64	58	1	-3
1063	156.880525	157.348328	C#4	64	58	0	2
1064	156.880525	158.151357	A#2	64	58	1	-5
1065	157.107797	157.208176	C#5	64	58	0	4
1066	157.107797	157.662721	F3	64	47	1	-3
1067	157.335070	157.439236	C#5	64	53	0	4
1068	157.335070	157.435449	A#3	64	51	1	-3
1069	157.562342	157.670297	C#5	64	56	0	4
1070	157.562342	157.816130	A#3	64	57	1	-3
1071	157.562342	157.863479	F4	64	60	0	1
1072	157.789615	157.910827	C#5	64	53	0	4
1073	157.789615	158.086963	F3	64	53	1	-3
1074	158.016887	158.124842	A#5	64	52	0	3
1075	158.016887	158.143781	A#3	64	58	1	-3
1076	158.016887	158.293402	C#4	64	58	0	2
1077	158.244160	158.374842	A#5	64	52	0	3
1078	158.244160	158.537720	A#3	64	51	1	-3
1079	158.471432	158.925977	C6	64	53	0	5
1080	158.471432	158.664614	C#4	64	52	0	2
1081	158.698705	158.971432	D#4	64	54	0	4
1082	158.698705	159.789613	D#2	64	62	1	-2
1083	158.925977	159.153250	A#5	64	59	0	3
1084	158.925977	159.766886	A#2	64	43	1	-5
1085	159.153250	159.380522	F5	64	59	0	3
1086	159.153250	159.272568	A#3	64	59	1	-3
1087	159.380522	159.672189	C#5	64	58	0	4
1088	159.380522	159.568022	A#3	64	57	1	-3
1089	159.380522	159.621052	G4	64	55	0	3
1090	159.835067	159.999840	A#4	64	60	0	1
1091	159.835067	159.982795	A#3	64	55	1	-3
1092	159.835067	160.003628	D#4	64	58	0	4
1093	160.062340	160.227113	C#5	64	53	0	4
1094	160.289612	160.431658	D#5	64	51	0	1
1095	160.516885	160.611582	F5	64	44	0	3
1096	160.516885	160.782036	A#3	64	56	1	-3
1097	160.516885	161.047187	F#4	64	53	0	2
1098	160.516885	161.482793	D#2	64	60	1	-2
1099	160.744157	160.859688	C#5	64	59	0	4
1100	160.744157	161.435445	A#2	64	49	1	-5
1101	160.971430	161.910823	C#5	64	58	0	4
1102	160.971430	161.264990	A#3	64	54	1	-3
1103	161.198702	161.424081	D#4	64	60	0	4
1104	161.653247	161.768778	A#3	64	59	1	-3
1105	161.653247	161.901353	F#4	64	58	0	2
1106	161.880520	162.130520	D#4	64	52	0	4
1107	162.107792	162.263095	G#5	64	51	0	1
1108	162.107792	162.465747	A#3	64	54	1	-3
1109	162.335065	162.626731	G#5	64	59	0	1
1110	162.335065	163.715745	G#2	64	59	1	-2
1111	162.562337	163.158928	D#3	64	53	1	-5
1112	162.789610	163.162716	F5	64	58	0	3
1113	162.789610	162.946807	G#3	64	61	1	-5
1114	163.016882	163.300973	G#3	64	52	1	-5
1115	163.016882	163.342640	D#4	64	58	0	4
1116	163.244155	163.698700	D#5	64	60	0	1
1117	163.244155	163.619155	D#3	64	54	1	-5
1118	163.471427	163.759306	G#3	64	59	1	-5
1119	163.471427	163.842639	D#4	64	58	0	4
1120	163.698700	164.202487	D#5	64	58	0	1
1121	164.001730	165.242259	G#3	64	38	1	-5
1122	164.079381	165.264986	C4	64	47	0	1
1123	164.132412	165.257410	D#4	64	52	0	4
1124	164.132412	165.268774	G#2	64	58	1	-2
1125	164.153245	165.971425	C#5	64	51	0	4
1126	164.170290	165.264986	G#4	64	46	0	4
1127	165.713849	167.410817	F#2	64	58	1	-4
1128	165.941122	167.393772	C#3	64	46	1	-2
1129	166.168394	166.831273	F#3	64	54	1	-2
1130	166.395667	167.022560	C#4	64	52	0	2
1131	166.850212	167.193015	F#4	64	55	0	2
1132	167.077484	167.346424	F#3	64	44	1	-2
1133	167.532029	168.405135	C#4	64	43	0	2
1134	167.532029	168.412710	F#3	64	44	1	-2
1135	167.532029	168.602104	F#2	64	39	1	-4
1136	169.350209	169.503618	G#3	64	43	1	-5
1137	169.350209	169.681648	C#4	64	52	0	2
1138	169.350209	172.225207	C#3	64	54	1	-2
1139	169.577482	169.891876	G#3	64	53	1	-5
1140	169.804754	169.944906	C#4	64	50	0	2
1141	170.032027	170.338845	F4	64	55	0	1
1142	170.486572	170.846420	C#4	64	46	0	2
1143	170.713844	170.922178	G#3	64	38	1	-5
1144	171.168389	171.600207	F4	64	49	0	1
1145	172.077479	172.232782	G#3	64	49	1	-5
1146	172.077479	172.261191	C#4	64	52	0	2
1147	172.986569	173.274448	F#3	64	46	1	-2
1148	172.986569	173.389978	C#4	64	53	0	2
1149	172.986569	174.700583	F#2	64	56	1	-4
1150	173.213842	174.660810	C#3	64	47	1	-2
1151	173.441114	173.711948	F#3	64	42	1	-2
1152	173.668387	174.359674	C#4	64	50	0	2
1153	174.122932	174.407023	F#4	64	58	0	2
1154	174.350204	174.621037	F#3	64	51	1	-2
1155	174.804749	175.238461	F#3	64	46	1	-2
1156	174.804749	175.285810	C#4	64	45	0	2
1157	175.259294	175.814218	F#2	64	21	1	-4
1158	175.713839	175.895657	F#3	64	47	1	-2
1159	175.713839	175.963839	A#3	64	49	1	-3
1160	176.622929	176.785808	G#3	64	46	1	-5
1161	176.622929	176.946793	C#4	64	53	0	2
1162	176.622929	178.202473	C#3	64	54	1	-2
1163	176.850202	177.103990	G#3	64	50	1	-5
1164	177.077474	177.240353	D#4	64	52	0	4
1165	177.304747	177.596413	G#3	64	46	1	-5
1166	177.759292	177.944898	F4	64	52	0	1
1167	177.986564	178.174064	G#3	64	45	1	-5
1168	178.416488	180.600198	C#2	64	53	1	-4
1169	178.653230	180.547168	G#2	64	40	1	-2
1170	178.961942	179.342624	D#3	64	47	1	-5
1171	179.274442	179.607775	F3	64	45	1	-3
1172	179.670275	180.532016	C#3	64	39	1	-2
1173	179.759290	180.579365	G#3	64	37	1	-5
