//Version: PianoFingering_v170101
0	4.104167	4.893750	F#3	64	75	1	-2
1	4.104167	4.910417	A3	64	70	1	-4
2	4.104167	7.395833	F#2	64	82	1	-4
3	5.104167	5.558333	C#4	64	81	0	2
4	5.104167	5.622917	F#3	64	78	1	-2
5	5.104167	5.625000	A3	64	73	1	-4
6	6.104167	6.450000	C#4	64	79	0	2
7	6.104167	6.493750	A3	64	74	1	-4
8	7.104167	7.664583	F#3	64	82	1	-2
9	7.104167	7.666667	C#4	64	84	0	2
10	7.104167	7.679167	A3	64	84	1	-4
11	7.604167	7.781250	F#2	64	82	1	-4
12	8.104167	8.760417	F#3	64	72	1	-2
13	8.104167	8.768750	A3	64	73	1	-4
14	8.104167	10.456250	D2	64	78	1	-3
15	9.104167	9.218750	A3	64	74	1	-4
16	9.104167	9.229167	D4	64	76	0	3
17	10.104167	10.233333	D4	64	75	0	3
18	10.104167	10.235417	A3	64	76	1	-4
19	11.104167	11.670833	F#3	64	77	1	-2
20	11.104167	11.672917	A3	64	82	1	-4
21	11.104167	11.712500	D4	64	76	0	3
22	11.604167	11.804167	D2	64	85	1	-3
23	12.104167	12.722917	G#3	64	71	1	-5
24	12.104167	12.760417	E3	64	73	1	-4
25	12.104167	14.902083	E2	64	82	1	-1
26	13.104167	13.235417	G#3	64	75	1	-5
27	13.104167	13.241667	B3	64	78	1	-2
28	13.104167	13.260417	E3	64	72	1	-4
29	14.104167	14.270833	E3	64	73	1	-4
30	14.104167	14.275000	G#3	64	65	1	-5
31	14.104167	14.329167	B3	64	79	1	-2
32	14.604167	14.916667	E3	64	76	1	-4
33	15.104167	15.304167	E3	64	76	1	-4
34	15.104167	15.304167	G#3	64	72	1	-5
35	15.104167	15.341667	E2	64	80	1	-1
36	15.104167	15.354167	B3	64	79	1	-2
37	16.104167	16.522917	G#3	64	74	1	-5
38	16.104167	16.562500	C#4	64	76	0	2
39	16.104167	18.483333	C#2	64	83	1	-4
40	17.104167	17.285417	G#3	64	72	1	-5
41	17.104167	17.287500	C#4	64	74	0	2
42	18.104167	18.243750	C#4	64	72	0	2
43	18.104167	18.254167	G#3	64	71	1	-5
44	19.104167	19.964583	G#3	64	78	1	-5
45	19.104167	19.964583	C#4	64	84	0	2
46	20.104167	20.529167	F#4	64	84	0	2
47	20.104167	20.720833	A3	64	69	1	-4
48	20.104167	20.785417	F#3	64	68	1	-2
49	20.104167	22.281250	F#2	64	79	1	-4
50	20.604167	21.006250	G#4	64	84	0	4
51	20.604167	22.129167	C#3	64	56	1	-2
52	21.104167	21.564583	A4	64	81	0	5
53	21.104167	21.218750	F#3	64	72	1	-2
54	21.104167	21.268750	C#4	64	79	0	2
55	21.104167	21.275000	A3	64	74	1	-4
56	21.604167	21.843750	G#4	64	84	0	4
57	21.854167	23.652083	F#4	64	82	0	2
58	22.104167	22.460417	A3	64	79	1	-4
59	22.104167	22.506250	C#4	64	78	0	2
60	22.604167	22.781250	F#3	64	66	1	-2
61	23.104167	23.270833	F#3	64	79	1	-2
62	23.104167	23.283333	A3	64	88	1	-4
63	23.104167	23.308333	C#4	64	83	0	2
64	24.104167	24.529167	F#4	64	84	0	2
65	24.104167	24.577083	F#3	64	72	1	-2
66	24.104167	24.635417	A3	64	73	1	-4
67	24.104167	25.564583	D2	64	84	1	-3
68	24.604167	25.006250	G#4	64	84	0	4
69	24.604167	25.289583	A2	64	28	1	-1
70	25.104167	25.564583	A4	64	81	0	5
71	25.104167	25.218750	D4	64	83	0	3
72	25.104167	25.229167	A3	64	82	1	-4
73	25.604167	25.843750	G#4	64	84	0	4
74	25.854167	27.652083	F#4	64	82	0	2
75	26.104167	26.625000	F#3	64	70	1	-2
76	26.104167	26.829167	A3	64	72	1	-4
77	26.104167	27.268750	D2	64	76	1	-3
78	27.104167	27.295833	F#3	64	78	1	-2
79	27.104167	27.541667	A3	64	84	1	-4
80	27.604167	27.733333	F#3	64	84	1	-2
81	28.104167	28.508333	E4	64	85	0	5
82	28.104167	28.670833	G#3	64	74	1	-5
83	28.104167	28.750000	E3	64	73	1	-4
84	28.104167	29.754167	E2	64	82	1	-1
85	28.604167	28.785417	F#4	64	83	0	2
86	28.854167	29.564583	G#4	64	83	0	4
87	29.104167	29.225000	B3	64	78	1	-2
88	29.104167	29.258333	E3	64	79	1	-4
89	29.604167	30.014583	F#4	64	84	0	2
90	30.104167	30.589583	G#4	64	87	0	4
91	30.104167	30.683333	G#3	64	74	1	-5
92	30.104167	30.706250	E3	64	70	1	-4
93	30.104167	31.300000	E2	64	79	1	-1
94	30.604167	30.822917	F#4	64	84	0	2
95	30.604167	31.272917	B2	64	51	1	-4
96	30.854167	31.508333	E4	64	87	0	5
97	31.104167	31.289583	E3	64	80	1	-4
98	31.104167	31.318750	G#3	64	80	1	-5
99	31.604167	32.062500	D5	64	88	0	5
100	32.104167	32.493750	C#5	64	94	0	4
101	32.104167	32.500000	C#4	64	79	0	2
102	32.104167	32.529167	A3	64	70	1	-4
103	32.104167	33.189583	A2	64	73	1	-1
104	32.604167	33.104167	C#5	64	85	0	4
105	33.104167	33.568750	C#5	64	99	0	4
106	33.104167	33.252083	A3	64	83	1	-4
107	33.104167	33.256250	C#4	64	83	0	2
108	33.604167	34.035417	B4	64	85	0	2
109	33.604167	33.785417	A3	64	65	1	-4
110	34.104167	35.779167	C#5	64	87	0	4
111	34.104167	34.516667	A3	64	72	1	-4
112	34.104167	34.516667	C#4	64	77	0	2
113	34.104167	35.320833	A2	64	74	1	-1
114	35.104167	35.270833	A3	64	84	1	-4
115	35.104167	35.339583	C#4	64	84	0	2
116	35.604167	35.718750	A3	64	85	1	-4
117	36.104167	36.491667	B4	64	90	0	2
118	36.104167	36.600000	F#3	64	76	1	-2
119	36.104167	36.660417	B3	64	79	1	-2
120	36.104167	37.318750	B2	64	80	1	-4
121	36.604167	37.031250	C#5	64	87	0	4
122	37.104167	37.562500	D5	64	89	0	5
123	37.104167	37.260417	F#3	64	79	1	-2
124	37.104167	37.575000	D4	64	83	0	3
125	37.104167	37.602083	B3	64	85	1	-2
126	37.604167	37.968750	C#5	64	89	0	4
127	37.604167	37.735417	F#3	64	85	1	-2
128	38.104167	38.545833	D5	64	85	0	5
129	38.104167	38.366667	G#3	64	75	1	-5
130	38.104167	38.675000	B3	64	75	1	-2
131	38.104167	39.477083	E2	64	79	1	-1
132	38.604167	38.822917	C#5	64	89	0	4
133	38.604167	38.910417	G#3	64	67	1	-5
134	38.854167	39.456250	B4	64	84	0	2
135	39.104167	39.587500	B3	64	78	1	-2
136	39.104167	39.668750	E4	64	79	0	5
137	39.604167	39.812500	A4	64	82	0	5
138	39.604167	39.739583	G#3	64	84	1	-5
139	39.854167	40.027083	B4	64	85	0	2
140	40.104167	40.522917	C#5	64	87	0	4
141	40.104167	40.856250	A3	64	83	1	-4
142	40.104167	41.010417	A2	64	82	1	-1
143	40.104167	41.018750	C#4	64	83	0	2
144	40.604167	40.781250	E5	64	83	0	2
145	40.854167	41.516667	C#5	64	90	0	4
146	41.104167	41.472917	G#2	64	78	1	-2
147	41.104167	41.485417	G#3	64	76	1	-5
148	41.104167	41.562500	B3	64	78	1	-2
149	41.604167	42.000000	B4	64	84	0	2
150	42.104167	42.514583	B4	64	85	0	2
151	42.104167	42.550000	F#3	64	74	1	-2
152	42.104167	42.583333	A3	64	71	1	-4
153	42.104167	43.950000	F#2	64	81	1	-4
154	42.604167	42.766667	C#5	64	86	0	4
155	42.604167	43.679167	C#3	64	66	1	-2
156	42.854167	43.954167	A4	64	79	0	5
157	43.104167	43.295833	F#3	64	83	1	-2
158	43.104167	43.606250	A3	64	85	1	-4
159	43.104167	43.608333	C#4	64	84	0	2
160	43.604167	43.977083	F#3	64	80	1	-2
161	44.104167	45.545833	B4	64	85	0	2
162	44.104167	44.600000	B3	64	84	1	-2
163	44.104167	44.612500	D4	64	78	0	3
164	44.104167	45.885417	B2	64	83	1	-4
165	45.104167	45.306250	F#3	64	83	1	-2
166	45.104167	45.658333	B3	64	84	1	-2
167	45.104167	45.743750	D4	64	83	0	3
168	45.604167	45.858333	A4	64	86	0	5
169	45.854167	47.577083	B4	64	84	0	2
170	46.104167	46.583333	F#3	64	75	1	-2
171	46.104167	46.583333	B3	64	81	1	-2
172	47.104167	47.279167	F#3	64	80	1	-2
173	47.104167	47.560417	B3	64	83	1	-2
174	47.104167	47.579167	D4	64	83	0	3
175	47.604167	47.972917	F#4	64	84	0	2
176	47.604167	47.720833	F#3	64	88	1	-2
177	48.104167	50.750000	G#4	64	84	0	4
178	48.104167	48.627083	G#3	64	74	1	-5
179	48.104167	48.695833	E3	64	76	1	-4
180	48.104167	49.891667	E2	64	83	1	-1
181	49.104167	49.316667	E3	64	77	1	-4
182	49.104167	49.420833	G#3	64	75	1	-5
183	49.104167	49.572917	B3	64	84	1	-2
184	50.104167	50.520833	E3	64	70	1	-4
185	50.104167	50.522917	G#3	64	71	1	-5
186	50.104167	51.983333	E2	64	77	1	-1
187	50.604167	51.964583	B2	64	65	1	-4
188	51.104167	51.595833	A4	64	87	0	5
189	51.104167	51.316667	E3	64	79	1	-4
190	51.104167	51.987500	G#3	64	81	1	-5
191	51.104167	52.004167	B3	64	83	1	-2
192	51.604167	52.110417	G#4	64	83	0	4
193	51.604167	51.972917	E3	64	83	1	-4
194	52.104167	53.114583	F#4	64	79	0	2
195	52.104167	52.666667	C#4	64	81	0	2
196	52.104167	52.754167	F#3	64	77	1	-2
197	52.104167	53.760417	F#2	64	84	1	-4
198	52.604167	53.681250	C#3	64	71	1	-2
199	53.104167	54.035417	C#5	64	90	0	4
200	53.104167	53.233333	A3	64	84	1	-4
201	53.104167	53.241667	C#4	64	83	0	2
202	53.604167	54.131250	F#3	64	85	1	-2
203	54.104167	54.520833	B4	64	87	0	2
204	54.104167	54.641667	A3	64	68	1	-4
205	54.104167	54.650000	C#4	64	78	0	2
206	54.104167	55.781250	F#2	64	83	1	-4
207	54.604167	54.843750	C#5	64	88	0	4
208	54.604167	55.752083	C#3	64	71	1	-2
209	54.854167	55.550000	E5	64	86	0	2
210	55.104167	55.270833	F#3	64	74	1	-2
211	55.104167	55.468750	A3	64	90	1	-4
212	55.104167	55.641667	C#4	64	85	0	2
213	55.604167	56.110417	C#5	64	85	0	4
214	55.604167	55.916667	G#3	64	86	1	-5
215	56.104167	56.868750	B4	64	78	0	2
216	56.104167	56.381250	E3	64	77	1	-4
217	56.104167	56.485417	A3	64	69	1	-4
218	56.104167	57.122917	A2	64	84	1	-1
219	56.604167	57.043750	E3	64	70	1	-4
220	57.104167	58.056250	C#5	64	90	0	4
221	57.104167	57.231250	C#4	64	84	0	2
222	57.104167	57.252083	A3	64	84	1	-4
223	57.604167	57.812500	E3	64	73	1	-4
224	58.104167	58.489583	B4	64	89	0	2
225	58.104167	58.343750	E3	64	77	1	-4
226	58.104167	58.660417	A3	64	75	1	-4
227	58.104167	58.954167	A2	64	79	1	-1
228	58.604167	58.820833	C#5	64	90	0	4
229	58.604167	59.154167	E3	64	72	1	-4
230	58.854167	59.537500	E5	64	84	0	2
231	59.104167	59.385417	C#4	64	84	0	2
232	59.104167	59.472917	A3	64	83	1	-4
233	59.604167	60.106250	F#5	64	87	0	4
234	59.604167	59.852083	E3	64	86	1	-4
235	60.104167	61.058333	B4	64	84	0	2
236	60.104167	60.516667	G#3	64	74	1	-5
237	60.104167	60.572917	E3	64	71	1	-4
238	60.104167	61.670833	E2	64	82	1	-1
239	60.604167	61.654167	B2	64	57	1	-4
240	61.104167	61.925000	B4	64	85	0	2
241	61.104167	61.281250	E3	64	83	1	-4
242	61.104167	61.341667	B3	64	79	1	-2
243	61.604167	61.779167	E3	64	85	1	-4
244	62.104167	62.472917	B4	64	87	0	2
245	62.104167	62.562500	G#3	64	83	1	-5
246	62.104167	62.575000	E3	64	82	1	-4
247	62.104167	63.372917	E2	64	84	1	-1
248	62.604167	62.764583	C#5	64	89	0	4
249	62.604167	63.352083	B2	64	71	1	-4
250	62.854167	63.289583	E5	64	85	0	2
251	63.104167	63.312500	E3	64	84	1	-4
252	63.104167	63.350000	B3	64	84	1	-2
253	63.354167	63.772917	C#5	64	90	0	4
254	63.604167	63.877083	G#3	64	85	1	-5
255	63.854167	64.041667	B4	64	87	0	2
256	64.104167	66.716667	C#5	64	88	0	4
257	64.104167	64.343750	E3	64	78	1	-4
258	64.104167	64.581250	A3	64	75	1	-4
259	64.104167	65.468750	A2	64	82	1	-1
260	64.604167	64.808333	E3	64	84	1	-4
261	65.104167	65.318750	E3	64	84	1	-4
262	65.104167	65.406250	A3	64	87	1	-4
263	65.604167	65.733333	B3	64	83	1	-2
264	66.104167	66.443750	G#3	64	72	1	-5
265	66.104167	66.583333	C#4	64	79	0	2
266	66.104167	67.354167	C#2	64	87	1	-4
267	66.604167	67.287500	G#2	64	68	1	-2
268	67.104167	67.504167	B4	64	87	0	2
269	67.104167	67.285417	G#3	64	84	1	-5
270	67.104167	67.537500	C#4	64	86	0	2
271	67.604167	67.989583	C#5	64	90	0	4
272	67.604167	67.708333	G#3	64	76	1	-5
273	68.104167	68.962500	D5	64	85	0	5
274	68.104167	68.329167	F#3	64	79	1	-2
275	68.104167	68.635417	B3	64	78	1	-2
276	68.104167	69.220833	B2	64	84	1	-4
277	68.604167	68.822917	F#3	64	69	1	-2
278	69.104167	69.860417	D5	64	92	0	5
279	69.104167	69.254167	F#3	64	79	1	-2
280	69.104167	69.277083	B3	64	88	1	-2
281	69.104167	69.320833	D4	64	84	0	3
282	69.604167	70.170833	F#3	64	85	1	-2
283	70.104167	70.489583	D5	64	88	0	5
284	70.104167	70.637500	B3	64	76	1	-2
285	70.104167	70.645833	D4	64	75	0	3
286	70.104167	71.595833	B2	64	77	1	-4
287	70.604167	70.777083	E5	64	85	0	2
288	70.604167	70.864583	F#3	64	74	1	-2
289	70.854167	71.489583	F#5	64	84	0	4
290	71.104167	71.406250	F#3	64	81	1	-2
291	71.104167	71.454167	B3	64	79	1	-2
292	71.604167	71.812500	E5	64	88	0	2
293	71.854167	72.020833	D5	64	87	0	5
294	72.104167	72.900000	C#5	64	97	0	4
295	72.104167	72.533333	F#3	64	75	1	-2
296	72.104167	72.558333	C#4	64	79	0	2
297	72.104167	73.410417	F#2	64	82	1	-4
298	72.604167	73.266667	C#3	64	64	1	-2
299	73.104167	73.922917	C#5	64	97	0	4
300	73.104167	73.266667	F#3	64	79	1	-2
301	73.104167	73.393750	A3	64	83	1	-4
302	74.104167	74.491667	C#5	64	97	0	4
303	74.104167	74.456250	C#4	64	80	0	2
304	74.104167	74.510417	F#3	64	75	1	-2
305	74.104167	75.477083	F#2	64	84	1	-4
306	74.604167	74.875000	D5	64	85	0	5
307	74.604167	75.337500	C#3	64	70	1	-2
308	74.854167	75.350000	C#5	64	94	0	4
309	75.104167	75.329167	F#3	64	78	1	-2
310	75.104167	75.372917	A3	64	83	1	-4
311	75.354167	75.793750	B4	64	87	0	2
312	75.604167	75.812500	F#3	64	86	1	-2
313	75.854167	76.031250	A4	64	92	0	5
314	76.104167	76.604167	B4	64	87	0	2
315	76.104167	76.543750	E3	64	74	1	-4
316	76.104167	76.543750	G#3	64	74	1	-5
317	76.104167	77.841667	E2	64	83	1	-1
318	76.604167	77.604167	B4	64	87	0	2
319	76.604167	77.458333	B2	64	67	1	-4
320	77.104167	77.214583	B3	64	85	1	-2
321	77.104167	77.235417	E3	64	82	1	-4
322	78.104167	78.514583	B4	64	84	0	2
323	78.104167	78.712500	E3	64	73	1	-4
324	78.104167	78.729167	G#3	64	72	1	-5
325	78.104167	79.364583	E2	64	83	1	-1
326	78.604167	78.797917	A4	64	94	0	5
327	78.604167	79.397917	B2	64	66	1	-4
328	78.854167	79.258333	B4	64	87	0	2
329	79.104167	79.491667	E3	64	83	1	-4
330	79.104167	79.533333	G#3	64	82	1	-5
331	79.354167	79.854167	A4	64	87	0	5
332	79.854167	80.116667	G#4	64	85	0	4
333	80.104167	83.008333	F#4	64	81	0	2
334	80.104167	80.562500	C#4	64	78	0	2
335	80.104167	80.647917	F#3	64	73	1	-2
336	80.104167	81.283333	F#2	64	81	1	-4
337	80.604167	81.275000	C#3	64	66	1	-2
338	81.104167	81.485417	F#3	64	74	1	-2
339	81.104167	81.493750	A3	64	78	1	-4
340	81.604167	82.110417	C#3	64	70	1	-2
341	82.104167	82.560417	C#4	64	77	0	2
342	82.104167	82.577083	A3	64	67	1	-4
343	82.104167	83.777083	F#2	64	75	1	-4
344	82.604167	84.016667	C#3	64	57	1	-2
345	83.104167	84.031250	F#3	64	75	1	-2
346	83.104167	84.041667	A3	64	83	1	-4
347	83.104167	84.060417	C#4	64	84	0	2
348	84.104167	84.529167	F#4	64	84	0	2
349	84.104167	84.720833	A3	64	69	1	-4
350	84.104167	84.785417	F#3	64	68	1	-2
351	84.104167	86.281250	F#2	64	79	1	-4
352	84.604167	85.006250	G#4	64	84	0	4
353	84.604167	86.129167	C#3	64	56	1	-2
354	85.104167	85.564583	A4	64	81	0	5
355	85.104167	85.218750	F#3	64	72	1	-2
356	85.104167	85.268750	C#4	64	79	0	2
357	85.104167	85.275000	A3	64	74	1	-4
358	85.604167	85.843750	G#4	64	84	0	4
359	85.854167	87.652083	F#4	64	82	0	2
360	86.104167	86.460417	A3	64	79	1	-4
361	86.104167	86.506250	C#4	64	78	0	2
362	86.604167	86.781250	F#3	64	66	1	-2
363	87.104167	87.270833	F#3	64	79	1	-2
364	87.104167	87.283333	A3	64	88	1	-4
365	87.104167	87.308333	C#4	64	83	0	2
366	88.104167	88.529167	F#4	64	84	0	2
367	88.104167	88.577083	F#3	64	72	1	-2
368	88.104167	88.635417	A3	64	73	1	-4
369	88.104167	89.564583	D2	64	84	1	-3
370	88.604167	89.006250	G#4	64	84	0	4
371	88.604167	89.289583	A2	64	28	1	-1
372	89.104167	89.564583	A4	64	81	0	5
373	89.104167	89.218750	D4	64	83	0	3
374	89.104167	89.229167	A3	64	82	1	-4
375	89.604167	89.843750	G#4	64	84	0	4
376	89.854167	91.652083	F#4	64	82	0	2
377	90.104167	90.625000	F#3	64	70	1	-2
378	90.104167	90.829167	A3	64	72	1	-4
379	90.104167	91.268750	D2	64	76	1	-3
380	91.104167	91.295833	F#3	64	78	1	-2
381	91.104167	91.541667	A3	64	84	1	-4
382	91.604167	91.733333	F#3	64	84	1	-2
383	92.104167	92.508333	E4	64	85	0	5
384	92.104167	92.670833	G#3	64	74	1	-5
385	92.104167	92.750000	E3	64	73	1	-4
386	92.104167	93.754167	E2	64	82	1	-1
387	92.604167	92.785417	F#4	64	83	0	2
388	92.854167	93.564583	G#4	64	83	0	4
389	93.104167	93.225000	B3	64	78	1	-2
390	93.104167	93.258333	E3	64	79	1	-4
391	93.604167	94.014583	F#4	64	84	0	2
392	94.104167	94.589583	G#4	64	87	0	4
393	94.104167	94.683333	G#3	64	74	1	-5
394	94.104167	94.706250	E3	64	70	1	-4
395	94.104167	95.300000	E2	64	79	1	-1
396	94.604167	94.822917	F#4	64	84	0	2
397	94.604167	95.272917	B2	64	51	1	-4
398	94.854167	95.508333	E4	64	87	0	5
399	95.104167	95.289583	E3	64	80	1	-4
400	95.104167	95.318750	G#3	64	80	1	-5
401	95.604167	96.062500	D5	64	88	0	5
402	96.104167	96.493750	C#5	64	94	0	4
403	96.104167	96.500000	C#4	64	79	0	2
404	96.104167	96.529167	A3	64	70	1	-4
405	96.104167	97.189583	A2	64	73	1	-1
406	96.604167	97.104167	C#5	64	85	0	4
407	97.104167	97.568750	C#5	64	99	0	4
408	97.104167	97.252083	A3	64	83	1	-4
409	97.104167	97.256250	C#4	64	83	0	2
410	97.604167	98.035417	B4	64	85	0	2
411	97.604167	97.785417	A3	64	65	1	-4
412	98.104167	99.779167	C#5	64	87	0	4
413	98.104167	98.516667	A3	64	72	1	-4
414	98.104167	98.516667	C#4	64	77	0	2
415	98.104167	99.320833	A2	64	74	1	-1
416	99.104167	99.270833	A3	64	84	1	-4
417	99.104167	99.339583	C#4	64	84	0	2
418	99.604167	99.718750	A3	64	85	1	-4
419	100.104167	100.491667	B4	64	90	0	2
420	100.104167	100.600000	F#3	64	76	1	-2
421	100.104167	100.660417	B3	64	79	1	-2
422	100.104167	101.318750	B2	64	80	1	-4
423	100.604167	101.031250	C#5	64	87	0	4
424	101.104167	101.562500	D5	64	89	0	5
425	101.104167	101.260417	F#3	64	79	1	-2
426	101.104167	101.575000	D4	64	83	0	3
427	101.104167	101.602083	B3	64	85	1	-2
428	101.604167	101.968750	C#5	64	89	0	4
429	101.604167	101.735417	F#3	64	85	1	-2
430	102.104167	102.545833	D5	64	85	0	5
431	102.104167	102.366667	G#3	64	75	1	-5
432	102.104167	102.675000	B3	64	75	1	-2
433	102.104167	103.477083	E2	64	79	1	-1
434	102.604167	102.822917	C#5	64	89	0	4
435	102.604167	102.910417	G#3	64	67	1	-5
436	102.854167	103.456250	B4	64	84	0	2
437	103.104167	103.587500	B3	64	78	1	-2
438	103.104167	103.668750	E4	64	79	0	5
439	103.604167	103.812500	A4	64	82	0	5
440	103.604167	103.739583	G#3	64	84	1	-5
441	103.854167	104.027083	B4	64	85	0	2
442	104.104167	104.522917	C#5	64	87	0	4
443	104.104167	104.856250	A3	64	83	1	-4
444	104.104167	105.010417	A2	64	82	1	-1
445	104.104167	105.018750	C#4	64	83	0	2
446	104.604167	104.781250	E5	64	83	0	2
447	104.854167	105.516667	C#5	64	90	0	4
448	105.104167	105.472917	G#2	64	78	1	-2
449	105.104167	105.485417	G#3	64	76	1	-5
450	105.104167	105.562500	B3	64	78	1	-2
451	105.604167	106.000000	B4	64	84	0	2
452	106.104167	106.514583	B4	64	85	0	2
453	106.104167	106.550000	F#3	64	74	1	-2
454	106.104167	106.583333	A3	64	71	1	-4
455	106.104167	107.950000	F#2	64	81	1	-4
456	106.604167	106.766667	C#5	64	86	0	4
457	106.604167	107.679167	C#3	64	66	1	-2
458	106.854167	107.954167	A4	64	79	0	5
459	107.104167	107.295833	F#3	64	83	1	-2
460	107.104167	107.606250	A3	64	85	1	-4
461	107.104167	107.608333	C#4	64	84	0	2
462	107.604167	107.977083	F#3	64	80	1	-2
463	108.104167	109.545833	B4	64	85	0	2
464	108.104167	108.600000	B3	64	84	1	-2
465	108.104167	108.612500	D4	64	78	0	3
466	108.104167	109.885417	B2	64	83	1	-4
467	109.104167	109.306250	F#3	64	83	1	-2
468	109.104167	109.658333	B3	64	84	1	-2
469	109.104167	109.743750	D4	64	83	0	3
470	109.604167	109.858333	A4	64	86	0	5
471	109.854167	111.577083	B4	64	84	0	2
472	110.104167	110.583333	F#3	64	75	1	-2
473	110.104167	110.583333	B3	64	81	1	-2
474	111.104167	111.279167	F#3	64	80	1	-2
475	111.104167	111.560417	B3	64	83	1	-2
476	111.104167	111.579167	D4	64	83	0	3
477	111.604167	111.972917	F#4	64	84	0	2
478	111.604167	111.720833	F#3	64	88	1	-2
479	112.104167	114.750000	G#4	64	84	0	4
480	112.104167	112.627083	G#3	64	74	1	-5
481	112.104167	112.695833	E3	64	76	1	-4
482	112.104167	113.891667	E2	64	83	1	-1
483	113.104167	113.316667	E3	64	77	1	-4
484	113.104167	113.420833	G#3	64	75	1	-5
485	113.104167	113.572917	B3	64	84	1	-2
486	114.104167	114.520833	E3	64	70	1	-4
487	114.104167	114.522917	G#3	64	71	1	-5
488	114.104167	115.983333	E2	64	77	1	-1
489	114.604167	115.964583	B2	64	65	1	-4
490	115.104167	115.595833	A4	64	87	0	5
491	115.104167	115.316667	E3	64	79	1	-4
492	115.104167	115.987500	G#3	64	81	1	-5
493	115.104167	116.004167	B3	64	83	1	-2
494	115.604167	116.110417	G#4	64	83	0	4
495	115.604167	115.972917	E3	64	83	1	-4
496	116.104167	117.114583	F#4	64	79	0	2
497	116.104167	116.666667	C#4	64	81	0	2
498	116.104167	116.754167	F#3	64	77	1	-2
499	116.104167	117.760417	F#2	64	84	1	-4
500	116.604167	117.681250	C#3	64	71	1	-2
501	117.104167	118.035417	C#5	64	90	0	4
502	117.104167	117.233333	A3	64	84	1	-4
503	117.104167	117.241667	C#4	64	83	0	2
504	117.604167	118.131250	F#3	64	85	1	-2
505	118.104167	118.520833	B4	64	87	0	2
506	118.104167	118.641667	A3	64	68	1	-4
507	118.104167	118.650000	C#4	64	78	0	2
508	118.104167	119.781250	F#2	64	83	1	-4
509	118.604167	118.843750	C#5	64	88	0	4
510	118.604167	119.752083	C#3	64	71	1	-2
511	118.854167	119.550000	E5	64	86	0	2
512	119.104167	119.270833	F#3	64	74	1	-2
513	119.104167	119.468750	A3	64	90	1	-4
514	119.104167	119.641667	C#4	64	85	0	2
515	119.604167	120.110417	C#5	64	85	0	4
516	119.604167	119.916667	G#3	64	86	1	-5
517	120.104167	120.868750	B4	64	78	0	2
518	120.104167	120.381250	E3	64	77	1	-4
519	120.104167	120.485417	A3	64	69	1	-4
520	120.104167	121.122917	A2	64	84	1	-1
521	120.604167	121.043750	E3	64	70	1	-4
522	121.104167	122.056250	C#5	64	90	0	4
523	121.104167	121.231250	C#4	64	84	0	2
524	121.104167	121.252083	A3	64	84	1	-4
525	121.604167	121.812500	E3	64	73	1	-4
526	122.104167	122.489583	B4	64	89	0	2
527	122.104167	122.343750	E3	64	77	1	-4
528	122.104167	122.660417	A3	64	75	1	-4
529	122.104167	122.954167	A2	64	79	1	-1
530	122.604167	122.820833	C#5	64	90	0	4
531	122.604167	123.154167	E3	64	72	1	-4
532	122.854167	123.537500	E5	64	84	0	2
533	123.104167	123.385417	C#4	64	84	0	2
534	123.104167	123.472917	A3	64	83	1	-4
535	123.604167	124.106250	F#5	64	87	0	4
536	123.604167	123.852083	E3	64	86	1	-4
537	124.104167	125.058333	B4	64	84	0	2
538	124.104167	124.516667	G#3	64	74	1	-5
539	124.104167	124.572917	E3	64	71	1	-4
540	124.104167	125.670833	E2	64	82	1	-1
541	124.604167	125.654167	B2	64	57	1	-4
542	125.104167	125.925000	B4	64	85	0	2
543	125.104167	125.281250	E3	64	83	1	-4
544	125.104167	125.341667	B3	64	79	1	-2
545	125.604167	125.779167	E3	64	85	1	-4
546	126.104167	126.472917	B4	64	87	0	2
547	126.104167	126.562500	G#3	64	83	1	-5
548	126.104167	126.575000	E3	64	82	1	-4
549	126.104167	127.372917	E2	64	84	1	-1
550	126.604167	126.764583	C#5	64	89	0	4
551	126.604167	127.352083	B2	64	71	1	-4
552	126.854167	127.289583	E5	64	85	0	2
553	127.104167	127.312500	E3	64	84	1	-4
554	127.104167	127.350000	B3	64	84	1	-2
555	127.354167	127.772917	C#5	64	90	0	4
556	127.604167	127.877083	G#3	64	85	1	-5
557	127.854167	128.041667	B4	64	87	0	2
558	128.104167	130.716667	C#5	64	88	0	4
559	128.104167	128.343750	E3	64	78	1	-4
560	128.104167	128.581250	A3	64	75	1	-4
561	128.104167	129.468750	A2	64	82	1	-1
562	128.604167	128.808333	E3	64	84	1	-4
563	129.104167	129.318750	E3	64	84	1	-4
564	129.104167	129.406250	A3	64	87	1	-4
565	129.604167	129.733333	B3	64	83	1	-2
566	130.104167	130.443750	G#3	64	72	1	-5
567	130.104167	130.583333	C#4	64	79	0	2
568	130.104167	131.354167	C#2	64	87	1	-4
569	130.604167	131.287500	G#2	64	68	1	-2
570	131.104167	131.504167	B4	64	87	0	2
571	131.104167	131.285417	G#3	64	84	1	-5
572	131.104167	131.537500	C#4	64	86	0	2
573	131.604167	131.989583	C#5	64	90	0	4
574	131.604167	131.708333	G#3	64	76	1	-5
575	132.104167	132.962500	D5	64	85	0	5
576	132.104167	132.329167	F#3	64	79	1	-2
577	132.104167	132.635417	B3	64	78	1	-2
578	132.104167	133.220833	B2	64	84	1	-4
579	132.604167	132.822917	F#3	64	69	1	-2
580	133.104167	133.860417	D5	64	92	0	5
581	133.104167	133.254167	F#3	64	79	1	-2
582	133.104167	133.277083	B3	64	88	1	-2
583	133.104167	133.320833	D4	64	84	0	3
584	133.604167	134.170833	F#3	64	85	1	-2
585	134.104167	134.489583	D5	64	88	0	5
586	134.104167	134.637500	B3	64	76	1	-2
587	134.104167	134.645833	D4	64	75	0	3
588	134.104167	135.595833	B2	64	77	1	-4
589	134.604167	134.777083	E5	64	85	0	2
590	134.604167	134.864583	F#3	64	74	1	-2
591	134.854167	135.489583	F#5	64	84	0	4
592	135.104167	135.406250	F#3	64	81	1	-2
593	135.104167	135.454167	B3	64	79	1	-2
594	135.604167	135.812500	E5	64	88	0	2
595	135.854167	136.020833	D5	64	87	0	5
596	136.104167	136.900000	C#5	64	97	0	4
597	136.104167	136.533333	F#3	64	75	1	-2
598	136.104167	136.558333	C#4	64	79	0	2
599	136.104167	137.410417	F#2	64	82	1	-4
600	136.604167	137.266667	C#3	64	64	1	-2
601	137.104167	137.922917	C#5	64	97	0	4
602	137.104167	137.266667	F#3	64	79	1	-2
603	137.104167	137.393750	A3	64	83	1	-4
604	138.104167	138.491667	C#5	64	97	0	4
605	138.104167	138.456250	C#4	64	80	0	2
606	138.104167	138.510417	F#3	64	75	1	-2
607	138.104167	139.477083	F#2	64	84	1	-4
608	138.604167	138.875000	D5	64	85	0	5
609	138.604167	139.337500	C#3	64	70	1	-2
610	138.854167	139.350000	C#5	64	94	0	4
611	139.104167	139.329167	F#3	64	78	1	-2
612	139.104167	139.372917	A3	64	83	1	-4
613	139.354167	139.793750	B4	64	87	0	2
614	139.604167	139.812500	F#3	64	86	1	-2
615	139.854167	140.031250	A4	64	92	0	5
616	140.104167	140.604167	B4	64	87	0	2
617	140.104167	140.543750	E3	64	74	1	-4
618	140.104167	140.543750	G#3	64	74	1	-5
619	140.104167	141.841667	E2	64	83	1	-1
620	140.604167	141.604167	B4	64	87	0	2
621	140.604167	141.458333	B2	64	67	1	-4
622	141.104167	141.214583	B3	64	85	1	-2
623	141.104167	141.235417	E3	64	82	1	-4
624	142.104167	142.514583	B4	64	84	0	2
625	142.104167	142.712500	E3	64	73	1	-4
626	142.104167	142.729167	G#3	64	72	1	-5
627	142.104167	143.364583	E2	64	83	1	-1
628	142.604167	142.797917	A4	64	94	0	5
629	142.604167	143.397917	B2	64	66	1	-4
630	142.854167	143.258333	B4	64	87	0	2
631	143.104167	143.491667	E3	64	83	1	-4
632	143.104167	143.533333	G#3	64	82	1	-5
633	143.354167	143.854167	A4	64	87	0	5
634	143.854167	144.116667	G#4	64	85	0	4
635	144.104167	147.008333	F#4	64	81	0	2
636	144.104167	144.647917	D4	64	75	0	3
637	144.104167	144.658333	A3	64	69	1	-4
638	144.104167	145.470833	D2	64	84	1	-3
639	144.604167	144.816667	F#3	64	79	1	-2
640	145.104167	145.235417	A3	64	83	1	-4
641	145.104167	145.237500	D4	64	83	0	3
642	146.104167	146.631250	D4	64	77	0	3
643	146.104167	146.652083	A3	64	80	1	-4
644	146.104167	146.743750	D2	64	77	1	-3
645	146.604167	146.829167	F#3	64	77	1	-2
646	147.104167	147.589583	A3	64	84	1	-4
647	147.104167	147.593750	D4	64	82	0	3
648	147.604167	147.766667	D2	64	77	1	-3
649	148.104167	148.447917	F#3	64	70	1	-2
650	148.104167	148.454167	C#4	64	78	0	2
651	148.104167	148.493750	A3	64	67	1	-4
652	148.104167	149.543750	F#2	64	82	1	-4
653	149.104167	149.197917	C#4	64	82	0	2
654	149.104167	149.204167	A3	64	85	1	-4
655	149.604167	149.768750	F#3	64	83	1	-2
656	150.104167	150.464583	C#4	64	79	0	2
657	150.104167	150.554167	F#3	64	72	1	-2
658	150.104167	151.264583	F#2	64	83	1	-4
659	150.604167	151.214583	C#3	64	55	1	-2
660	151.104167	151.539583	A3	64	84	1	-4
661	151.104167	151.556250	F#3	64	81	1	-2
662	151.104167	151.585417	C#4	64	84	0	2
663	151.604167	151.750000	E2	64	83	1	-1
664	152.104167	152.566667	D4	64	75	0	3
665	152.104167	152.620833	A3	64	73	1	-4
666	152.104167	153.439583	D2	64	77	1	-3
667	152.604167	152.854167	F#3	64	56	1	-2
668	153.104167	153.252083	D4	64	83	0	3
669	153.104167	153.254167	A3	64	82	1	-4
670	153.604167	154.133333	F#3	64	78	1	-2
671	154.104167	154.552083	D4	64	77	0	3
672	154.104167	154.639583	A3	64	71	1	-4
673	154.104167	155.281250	D2	64	79	1	-3
674	154.604167	154.760417	F#3	64	68	1	-2
675	155.104167	155.520833	A3	64	85	1	-4
676	155.104167	155.522917	D4	64	85	0	3
677	155.604167	155.708333	D2	64	83	1	-3
678	156.104167	156.385417	E3	64	74	1	-4
679	156.104167	156.460417	G#3	64	76	1	-5
680	156.104167	157.320833	E2	64	84	1	-1
681	156.604167	156.843750	B3	64	70	1	-2
682	157.104167	157.187500	E3	64	72	1	-4
683	157.104167	157.427083	G#3	64	81	1	-5
684	157.104167	157.435417	B3	64	82	1	-2
685	157.604167	157.731250	B2	64	77	1	-4
686	158.104167	158.475000	G#3	64	74	1	-5
687	158.104167	158.493750	E3	64	78	1	-4
688	158.104167	158.522917	E2	64	83	1	-1
689	159.104167	159.595833	A4	64	87	0	5
690	159.104167	159.341667	C#3	64	78	1	-2
691	159.104167	159.883333	C#2	64	87	1	-4
692	159.104167	159.937500	F3	64	76	1	-3
693	159.104167	160.014583	G#3	64	77	1	-5
694	159.604167	160.110417	G#4	64	83	0	4
695	159.604167	159.983333	C#3	64	83	1	-2
696	160.104167	161.114583	F#4	64	79	0	2
697	160.104167	160.666667	C#4	64	81	0	2
698	160.104167	160.754167	F#3	64	77	1	-2
699	160.104167	161.760417	F#2	64	84	1	-4
700	160.604167	161.681250	C#3	64	71	1	-2
701	161.104167	162.035417	C#5	64	90	0	4
702	161.104167	161.233333	A3	64	84	1	-4
703	161.104167	161.241667	C#4	64	83	0	2
704	161.604167	162.131250	F#3	64	85	1	-2
705	162.104167	162.520833	B4	64	87	0	2
706	162.104167	162.641667	A3	64	68	1	-4
707	162.104167	162.650000	C#4	64	78	0	2
708	162.104167	163.781250	F#2	64	83	1	-4
709	162.604167	162.843750	C#5	64	88	0	4
710	162.604167	163.752083	C#3	64	71	1	-2
711	162.854167	163.550000	E5	64	86	0	2
712	163.104167	163.270833	F#3	64	74	1	-2
713	163.104167	163.468750	A3	64	90	1	-4
714	163.104167	163.641667	C#4	64	85	0	2
715	163.604167	164.110417	C#5	64	85	0	4
716	163.604167	163.916667	G#3	64	86	1	-5
717	164.104167	164.868750	B4	64	78	0	2
718	164.104167	164.381250	E3	64	77	1	-4
719	164.104167	164.485417	A3	64	69	1	-4
720	164.104167	165.122917	A2	64	84	1	-1
721	164.604167	165.043750	E3	64	70	1	-4
722	165.104167	166.056250	C#5	64	90	0	4
723	165.104167	165.231250	C#4	64	84	0	2
724	165.104167	165.252083	A3	64	84	1	-4
725	165.604167	165.812500	E3	64	73	1	-4
726	166.104167	166.489583	B4	64	89	0	2
727	166.104167	166.343750	E3	64	77	1	-4
728	166.104167	166.660417	A3	64	75	1	-4
729	166.104167	166.954167	A2	64	79	1	-1
730	166.604167	166.820833	C#5	64	90	0	4
731	166.604167	167.154167	E3	64	72	1	-4
732	166.854167	167.537500	E5	64	84	0	2
733	167.104167	167.385417	C#4	64	84	0	2
734	167.104167	167.472917	A3	64	83	1	-4
735	167.604167	168.106250	F#5	64	87	0	4
736	167.604167	167.852083	E3	64	86	1	-4
737	168.104167	169.058333	B4	64	84	0	2
738	168.104167	168.516667	G#3	64	74	1	-5
739	168.104167	168.572917	E3	64	71	1	-4
740	168.104167	169.670833	E2	64	82	1	-1
741	168.604167	169.654167	B2	64	57	1	-4
742	169.104167	169.925000	B4	64	85	0	2
743	169.104167	169.281250	E3	64	83	1	-4
744	169.104167	169.341667	B3	64	79	1	-2
745	169.604167	169.779167	E3	64	85	1	-4
746	170.104167	170.472917	B4	64	87	0	2
747	170.104167	170.562500	G#3	64	83	1	-5
748	170.104167	170.575000	E3	64	82	1	-4
749	170.104167	171.372917	E2	64	84	1	-1
750	170.604167	170.764583	C#5	64	89	0	4
751	170.604167	171.352083	B2	64	71	1	-4
752	170.854167	171.289583	E5	64	85	0	2
753	171.104167	171.312500	E3	64	84	1	-4
754	171.104167	171.350000	B3	64	84	1	-2
755	171.354167	171.772917	C#5	64	90	0	4
756	171.604167	171.877083	G#3	64	85	1	-5
757	171.854167	172.041667	B4	64	87	0	2
758	172.104167	174.104167	C#5	64	88	0	4
759	172.104167	172.343750	E3	64	78	1	-4
760	172.104167	172.581250	A3	64	75	1	-4
761	172.104167	173.468750	A2	64	82	1	-1
762	172.604167	172.808333	E3	64	84	1	-4
763	173.104167	173.318750	E3	64	84	1	-4
764	173.104167	173.406250	A3	64	87	1	-4
765	173.604167	173.733333	B3	64	83	1	-2
766	174.104167	174.716667	C#5	64	88	0	4
767	174.104167	174.443750	G#3	64	72	1	-5
768	174.104167	174.583333	C#4	64	79	0	2
769	174.104167	175.354167	C#2	64	87	1	-4
770	174.604167	175.287500	G#2	64	68	1	-2
771	175.104167	175.595833	A4	64	87	0	5
772	175.104167	175.285417	G#3	64	84	1	-5
773	175.104167	175.537500	C#4	64	86	0	2
774	175.604167	176.110417	G#4	64	83	0	4
775	175.604167	175.708333	G#3	64	76	1	-5
776	176.104167	177.114583	F#4	64	79	0	2
777	176.104167	176.666667	C#4	64	81	0	2
778	176.104167	176.754167	F#3	64	77	1	-2
779	176.104167	177.760417	F#2	64	84	1	-4
780	176.604167	177.681250	C#3	64	71	1	-2
781	177.104167	178.035417	C#5	64	90	0	4
782	177.104167	177.233333	A3	64	84	1	-4
783	177.104167	177.241667	C#4	64	83	0	2
784	177.604167	178.131250	F#3	64	85	1	-2
785	178.104167	178.520833	B4	64	87	0	2
786	178.104167	178.641667	A3	64	68	1	-4
787	178.104167	178.650000	C#4	64	78	0	2
788	178.104167	179.781250	F#2	64	83	1	-4
789	178.604167	178.843750	C#5	64	88	0	4
790	178.604167	179.752083	C#3	64	71	1	-2
791	178.854167	179.550000	E5	64	86	0	2
792	179.104167	179.270833	F#3	64	74	1	-2
793	179.104167	179.468750	A3	64	90	1	-4
794	179.104167	179.641667	C#4	64	85	0	2
795	179.604167	180.110417	C#5	64	85	0	4
796	179.604167	179.916667	G#3	64	86	1	-5
797	180.104167	180.868750	B4	64	78	0	2
798	180.104167	180.381250	E3	64	77	1	-4
799	180.104167	180.485417	A3	64	69	1	-4
800	180.104167	181.122917	A2	64	84	1	-1
801	180.604167	181.043750	E3	64	70	1	-4
802	181.104167	182.056250	C#5	64	90	0	4
803	181.104167	181.231250	C#4	64	84	0	2
804	181.104167	181.252083	A3	64	84	1	-4
805	181.604167	181.812500	E3	64	73	1	-4
806	182.104167	182.489583	B4	64	89	0	2
807	182.104167	182.343750	E3	64	77	1	-4
808	182.104167	182.660417	A3	64	75	1	-4
809	182.104167	182.954167	A2	64	79	1	-1
810	182.604167	182.820833	C#5	64	90	0	4
811	182.604167	183.154167	E3	64	72	1	-4
812	182.854167	183.537500	E5	64	84	0	2
813	183.104167	183.385417	C#4	64	84	0	2
814	183.104167	183.472917	A3	64	83	1	-4
815	183.604167	184.106250	F#5	64	87	0	4
816	183.604167	183.852083	E3	64	86	1	-4
817	184.104167	185.058333	B4	64	84	0	2
818	184.104167	184.516667	G#3	64	74	1	-5
819	184.104167	184.572917	E3	64	71	1	-4
820	184.104167	185.670833	E2	64	82	1	-1
821	184.604167	185.654167	B2	64	57	1	-4
822	185.104167	185.925000	B4	64	85	0	2
823	185.104167	185.281250	E3	64	83	1	-4
824	185.104167	185.341667	B3	64	79	1	-2
825	185.604167	185.779167	E3	64	85	1	-4
826	186.104167	186.472917	B4	64	87	0	2
827	186.104167	186.562500	G#3	64	83	1	-5
828	186.104167	186.575000	E3	64	82	1	-4
829	186.104167	187.372917	E2	64	84	1	-1
830	186.604167	186.764583	C#5	64	89	0	4
831	186.604167	187.352083	B2	64	71	1	-4
832	186.854167	187.289583	E5	64	85	0	2
833	187.104167	187.312500	E3	64	84	1	-4
834	187.104167	187.350000	B3	64	84	1	-2
835	187.354167	187.772917	C#5	64	90	0	4
836	187.604167	187.877083	G#3	64	85	1	-5
837	187.854167	188.041667	B4	64	87	0	2
838	188.104167	190.104167	C#5	64	88	0	4
839	188.104167	188.343750	E3	64	78	1	-4
840	188.104167	188.581250	A3	64	75	1	-4
841	188.104167	189.468750	A2	64	82	1	-1
842	188.604167	188.808333	E3	64	84	1	-4
843	189.104167	189.318750	E3	64	84	1	-4
844	189.104167	189.406250	A3	64	87	1	-4
845	189.604167	189.733333	B3	64	83	1	-2
846	190.104167	191.104167	C#5	64	88	0	4
847	190.104167	190.443750	G#3	64	72	1	-5
848	190.104167	190.583333	C#4	64	79	0	2
849	190.104167	191.354167	C#2	64	87	1	-4
850	190.604167	191.287500	G#2	64	68	1	-2
851	191.104167	191.504167	B4	64	87	0	2
852	191.104167	191.285417	G#3	64	84	1	-5
853	191.104167	191.537500	C#4	64	86	0	2
854	191.604167	191.989583	C#5	64	90	0	4
855	191.604167	191.708333	G#3	64	76	1	-5
856	192.104167	192.962500	D5	64	85	0	5
857	192.104167	192.329167	F#3	64	79	1	-2
858	192.104167	192.635417	B3	64	78	1	-2
859	192.104167	193.220833	B2	64	84	1	-4
860	192.604167	192.822917	F#3	64	69	1	-2
861	193.104167	193.860417	D5	64	92	0	5
862	193.104167	193.254167	F#3	64	79	1	-2
863	193.104167	193.277083	B3	64	88	1	-2
864	193.104167	193.320833	D4	64	84	0	3
865	193.604167	194.170833	F#3	64	85	1	-2
866	194.104167	194.489583	D5	64	88	0	5
867	194.104167	194.637500	B3	64	76	1	-2
868	194.104167	194.645833	D4	64	75	0	3
869	194.104167	195.595833	B2	64	77	1	-4
870	194.604167	194.777083	E5	64	85	0	2
871	194.604167	194.864583	F#3	64	74	1	-2
872	194.854167	195.489583	F#5	64	84	0	4
873	195.104167	195.406250	F#3	64	81	1	-2
874	195.104167	195.454167	B3	64	79	1	-2
875	195.604167	195.812500	E5	64	88	0	2
876	195.854167	196.020833	D5	64	87	0	5
877	196.104167	196.900000	C#5	64	97	0	4
878	196.104167	196.533333	F#3	64	75	1	-2
879	196.104167	196.558333	C#4	64	79	0	2
880	196.104167	197.410417	F#2	64	82	1	-4
881	196.604167	197.266667	C#3	64	64	1	-2
882	197.104167	197.922917	C#5	64	97	0	4
883	197.104167	197.266667	F#3	64	79	1	-2
884	197.104167	197.393750	A3	64	83	1	-4
885	198.104167	198.491667	C#5	64	97	0	4
886	198.104167	198.456250	C#4	64	80	0	2
887	198.104167	198.510417	F#3	64	75	1	-2
888	198.104167	199.477083	F#2	64	84	1	-4
889	198.604167	198.875000	D5	64	85	0	5
890	198.604167	199.337500	C#3	64	70	1	-2
891	198.854167	199.350000	C#5	64	94	0	4
892	199.104167	199.329167	F#3	64	78	1	-2
893	199.104167	199.372917	A3	64	83	1	-4
894	199.354167	199.793750	B4	64	87	0	2
895	199.604167	199.812500	F#3	64	86	1	-2
896	199.854167	200.031250	A4	64	92	0	5
897	200.104167	200.604167	B4	64	87	0	2
898	200.104167	200.543750	E3	64	74	1	-4
899	200.104167	200.543750	G#3	64	74	1	-5
900	200.104167	201.841667	E2	64	83	1	-1
901	200.604167	201.604167	B4	64	87	0	2
902	200.604167	201.458333	B2	64	67	1	-4
903	201.104167	201.214583	B3	64	85	1	-2
904	201.104167	201.235417	E3	64	82	1	-4
905	202.104167	202.514583	B4	64	84	0	2
906	202.104167	202.712500	E3	64	73	1	-4
907	202.104167	202.729167	G#3	64	72	1	-5
908	202.104167	203.364583	E2	64	83	1	-1
909	202.604167	202.797917	A4	64	94	0	5
910	202.604167	203.397917	B2	64	66	1	-4
911	202.854167	203.258333	B4	64	87	0	2
912	203.104167	203.491667	E3	64	83	1	-4
913	203.104167	203.533333	G#3	64	82	1	-5
914	203.354167	203.854167	A4	64	87	0	5
915	203.854167	204.116667	G#4	64	85	0	4
916	204.104167	207.008333	F#4	64	81	0	2
917	204.104167	204.562500	C#4	64	78	0	2
918	204.104167	204.647917	F#3	64	73	1	-2
919	204.104167	205.283333	F#2	64	81	1	-4
920	204.604167	205.275000	C#3	64	66	1	-2
921	205.104167	205.485417	F#3	64	74	1	-2
922	205.104167	205.493750	A3	64	78	1	-4
923	205.604167	206.110417	C#3	64	70	1	-2
924	206.104167	206.560417	C#4	64	77	0	2
925	206.104167	206.577083	A3	64	67	1	-4
926	206.104167	207.777083	F#2	64	75	1	-4
927	206.604167	208.016667	C#3	64	57	1	-2
928	207.104167	208.031250	F#3	64	75	1	-2
929	207.104167	208.041667	A3	64	83	1	-4
930	207.939583	208.627083	G#3	64	61	1	-5
931	208.029167	208.060417	C#4	64	69	0	2
932	208.070833	211.358333	C#2	64	79	1	-4
933	208.093750	208.637500	E4	64	74	0	5
934	209.087500	209.362500	G#3	64	69	1	-5
935	209.091667	209.358333	C#4	64	74	0	2
936	209.579167	211.252083	G#2	64	47	1	-2
937	210.050000	211.268750	E4	64	73	0	5
938	210.064583	210.583333	G#3	64	66	1	-5
939	211.970833	213.147917	C#5	64	87	0	4
940	211.989583	212.329167	F#3	64	31	1	-2
941	212.043750	212.662500	B3	64	75	1	-2
942	212.089583	213.339583	B1	64	79	1	-1
943	212.125000	212.704167	D4	64	72	0	3
944	213.116667	213.272917	D4	64	75	0	3
945	213.125000	213.245833	B3	64	72	1	-2
946	213.158333	213.637500	B4	64	87	0	2
947	213.633333	215.133333	A4	64	84	0	5
948	214.168750	214.710417	C#2	64	84	1	-4
949	214.693750	215.402083	C#4	64	72	0	2
950	215.314583	216.783333	C#3	64	83	1	-2
951	216.916667	217.604167	B4	64	84	0	2
952	217.708333	218.260417	A4	64	87	0	5
953	218.293750	219.554167	G#4	64	80	0	4
954	219.541667	224.883333	F#2	64	83	1	-4
955	219.552083	224.472917	F#4	64	79	0	2
956	219.814583	224.850000	C#3	64	79	1	-2
957	220.047917	220.360417	G#3	64	69	1	-5
958	220.325000	220.652083	A3	64	74	1	-4
959	220.693750	221.035417	C#4	64	77	0	2
960	220.716667	220.972917	F#3	64	70	1	-2
961	221.108333	221.493750	F#3	64	72	1	-2
962	221.520833	221.687500	F#4	64	75	0	2
963	222.062500	222.377083	C#5	64	76	0	4
964	222.079167	222.297917	F#4	64	63	0	2
965	222.741667	222.877083	G#5	64	77	0	1
966	223.575000	223.637500	F#5	64	58	0	4
967	223.600000	223.731250	C#6	64	79	0	1
968	224.212500	224.362500	F#5	64	61	0	4
969	224.304167	224.393750	A5	64	60	0	2
970	224.366667	224.477083	F#6	64	75	0	1
