//Version: PianoFingering_v170101
0	9.727500	11.992500	D3	64	84	1	-1
1	10.027500	10.471250	A3	64	69	1	-4
2	10.327500	10.958750	D4	64	81	0	3
3	10.627500	11.036250	A3	64	67	1	-4
4	10.927500	11.612500	E4	64	82	0	5
5	11.227500	11.577500	A3	64	62	1	-4
6	11.527500	12.257500	D4	64	81	0	3
7	11.827500	12.276250	A3	64	66	1	-4
8	12.127500	13.128750	A4	64	65	0	5
9	12.127500	14.262500	C3	64	82	1	-3
10	12.427500	12.822500	A3	64	69	1	-4
11	12.727500	13.410000	D4	64	75	0	3
12	13.027500	13.415000	A3	64	63	1	-4
13	13.327500	13.981250	E4	64	80	0	5
14	13.627500	13.922500	A3	64	63	1	-4
15	13.927500	14.743750	D4	64	81	0	3
16	14.227500	14.743750	A3	64	69	1	-4
17	14.527500	15.757500	A4	64	68	0	5
18	14.527500	16.748750	A#2	64	77	1	-5
19	14.827500	15.203750	A3	64	71	1	-4
20	15.127500	15.791250	D4	64	78	0	3
21	15.427500	15.798750	A3	64	66	1	-4
22	15.727500	16.393750	E4	64	81	0	5
23	16.027500	16.373750	A3	64	66	1	-4
24	16.327500	16.991250	D4	64	81	0	3
25	16.627500	16.926250	A3	64	67	1	-4
26	16.927500	18.682500	D3	64	84	1	-1
27	17.227500	17.610000	A3	64	77	1	-4
28	17.527500	18.006250	D4	64	77	0	3
29	17.827500	18.182500	A3	64	77	1	-4
30	18.127500	18.791250	E4	64	81	0	5
31	18.427500	18.828750	A3	64	76	1	-4
32	18.727500	19.250000	D4	64	82	0	3
33	19.027500	19.263750	A3	64	78	1	-4
34	19.327500	21.592500	D3	64	84	1	-1
35	19.627500	20.071250	A3	64	69	1	-4
36	19.927500	20.558750	D4	64	81	0	3
37	20.227500	20.636250	A3	64	67	1	-4
38	20.527500	21.212500	E4	64	82	0	5
39	20.827500	21.177500	A3	64	62	1	-4
40	21.127500	21.857500	D4	64	81	0	3
41	21.427500	21.876250	A3	64	66	1	-4
42	21.727500	22.728750	A4	64	65	0	5
43	21.727500	23.862500	C3	64	82	1	-3
44	22.027500	22.422500	A3	64	69	1	-4
45	22.327500	23.010000	D4	64	75	0	3
46	22.627500	23.015000	A3	64	63	1	-4
47	22.927500	23.581250	E4	64	80	0	5
48	23.227500	23.522500	A3	64	63	1	-4
49	23.527500	24.343750	D4	64	81	0	3
50	23.827500	24.343750	A3	64	69	1	-4
51	24.127500	25.357500	A4	64	68	0	5
52	24.127500	26.348750	A#2	64	77	1	-5
53	24.427500	24.803750	A3	64	71	1	-4
54	24.727500	25.391250	D4	64	78	0	3
55	25.027500	25.398750	A3	64	66	1	-4
56	25.327500	25.993750	E4	64	81	0	5
57	25.627500	25.973750	A3	64	66	1	-4
58	25.927500	26.591250	D4	64	81	0	3
59	26.227500	26.526250	A3	64	67	1	-4
60	26.527500	28.282500	D3	64	84	1	-1
61	26.827500	27.210000	A3	64	77	1	-4
62	27.127500	27.606250	D4	64	77	0	3
63	27.427500	27.782500	A3	64	77	1	-4
64	27.727500	28.391250	E4	64	81	0	5
65	28.027500	28.428750	A3	64	76	1	-4
66	28.327500	28.850000	D4	64	82	0	3
67	28.627500	28.863750	A3	64	78	1	-4
68	28.927500	31.192500	D3	64	84	1	-1
69	29.227500	29.671250	A3	64	69	1	-4
70	29.527500	30.158750	D4	64	81	0	3
71	29.827500	30.236250	A3	64	67	1	-4
72	30.127500	30.812500	E4	64	82	0	5
73	30.427500	30.777500	A3	64	62	1	-4
74	30.727500	31.457500	D4	64	81	0	3
75	31.027500	31.476250	A3	64	66	1	-4
76	31.327500	32.328750	A4	64	65	0	5
77	31.327500	33.462500	C3	64	82	1	-3
78	31.627500	32.022500	A3	64	69	1	-4
79	31.927500	32.610000	D4	64	75	0	3
80	32.227500	32.615000	A3	64	63	1	-4
81	32.527500	33.181250	E4	64	80	0	5
82	32.827500	33.122500	A3	64	63	1	-4
83	33.127500	33.943750	D4	64	81	0	3
84	33.427500	33.943750	A3	64	69	1	-4
85	33.727500	34.957500	A4	64	68	0	5
86	33.727500	35.948750	A#2	64	77	1	-5
87	34.027500	34.403750	A3	64	71	1	-4
88	34.327500	34.991250	D4	64	78	0	3
89	34.627500	34.998750	A3	64	66	1	-4
90	34.927500	35.593750	E4	64	81	0	5
91	35.227500	35.573750	A3	64	66	1	-4
92	35.527500	36.191250	D4	64	81	0	3
93	35.827500	36.126250	A3	64	67	1	-4
94	36.127500	37.882500	D3	64	84	1	-1
95	36.427500	36.810000	A3	64	77	1	-4
96	36.727500	37.206250	D4	64	77	0	3
97	37.027500	37.382500	A3	64	77	1	-4
98	37.327500	37.991250	E4	64	81	0	5
99	37.627500	38.028750	A3	64	76	1	-4
100	37.927500	38.450000	D4	64	82	0	3
101	38.227500	38.463750	A3	64	78	1	-4
102	38.527500	40.792500	D3	64	84	1	-1
103	38.827500	39.271250	A3	64	69	1	-4
104	39.127500	39.758750	D4	64	81	0	3
105	39.427500	39.836250	A3	64	67	1	-4
106	39.727500	40.412500	E4	64	82	0	5
107	40.027500	40.377500	A3	64	62	1	-4
108	40.327500	41.057500	D4	64	81	0	3
109	40.627500	41.076250	A3	64	66	1	-4
110	40.927500	41.928750	A4	64	65	0	5
111	40.927500	43.062500	C3	64	82	1	-3
112	41.227500	41.622500	A3	64	69	1	-4
113	41.527500	42.210000	D4	64	75	0	3
114	41.827500	42.215000	A3	64	63	1	-4
115	42.127500	42.781250	E4	64	80	0	5
116	42.427500	42.722500	A3	64	63	1	-4
117	42.727500	43.543750	D4	64	81	0	3
118	43.027500	43.543750	A3	64	69	1	-4
119	43.327500	44.557500	A4	64	68	0	5
120	43.327500	45.548750	A#2	64	77	1	-5
121	43.627500	44.003750	A3	64	71	1	-4
122	43.927500	44.591250	D4	64	78	0	3
123	44.227500	44.598750	A3	64	66	1	-4
124	44.527500	45.193750	E4	64	81	0	5
125	44.827500	45.173750	A3	64	66	1	-4
126	45.127500	45.791250	D4	64	81	0	3
127	45.427500	45.726250	A3	64	67	1	-4
128	45.727500	47.482500	D3	64	84	1	-1
129	46.027500	46.410000	A3	64	77	1	-4
130	46.327500	46.806250	D4	64	77	0	3
131	46.627500	46.982500	A3	64	77	1	-4
132	46.927500	47.591250	E4	64	81	0	5
133	47.227500	47.628750	A3	64	76	1	-4
134	47.527500	48.050000	D4	64	82	0	3
135	47.827500	48.063750	A3	64	78	1	-4
136	48.127500	48.293750	A4	64	83	0	5
137	48.127500	50.106250	D3	64	85	1	-1
138	48.427500	50.572500	A4	64	85	0	5
139	48.427500	48.777500	A3	64	81	1	-4
140	48.727500	49.075000	D4	64	74	0	3
141	49.027500	49.395000	A3	64	69	1	-4
142	49.327500	49.882500	E4	64	83	0	5
143	49.627500	49.953750	A3	64	76	1	-4
144	49.927500	50.611250	D4	64	75	0	3
145	50.227500	50.628750	A3	64	76	1	-4
146	50.527500	52.795000	D3	64	79	1	-1
147	50.827500	51.252500	A4	64	81	0	5
148	50.827500	51.131250	A3	64	72	1	-4
149	51.127500	51.493750	D4	64	76	0	3
150	51.427500	51.631250	A4	64	74	0	5
151	51.727500	52.242500	A4	64	82	0	5
152	51.727500	52.198750	E4	64	81	0	5
153	52.027500	52.361250	A3	64	75	1	-4
154	52.327500	52.536250	A4	64	81	0	5
155	52.327500	52.758750	D4	64	81	0	3
156	52.627500	52.851250	A4	64	82	0	5
157	52.627500	52.985000	A3	64	82	1	-4
158	52.927500	53.137500	A4	64	82	0	5
159	52.927500	55.063750	C3	64	81	1	-3
160	53.227500	53.398750	G4	64	77	0	3
161	53.227500	53.573750	A3	64	77	1	-4
162	53.527500	53.721250	F4	64	80	0	1
163	53.527500	53.886250	D4	64	81	0	3
164	53.827500	55.577500	G4	64	81	0	3
165	53.827500	54.207500	A3	64	66	1	-4
166	54.127500	54.701250	E4	64	82	0	5
167	54.427500	54.742500	A3	64	69	1	-4
168	54.727500	55.475000	D4	64	73	0	3
169	55.027500	55.445000	A3	64	69	1	-4
170	55.327500	56.891250	C3	64	82	1	-3
171	55.627500	55.952500	A3	64	74	1	-4
172	55.927500	56.121250	D4	64	74	0	3
173	56.227500	56.453750	A3	64	67	1	-4
174	56.527500	56.957500	E4	64	82	0	5
175	56.827500	57.181250	A3	64	72	1	-4
176	57.127500	57.306250	D4	64	82	0	3
177	57.127500	57.520000	D4	64	76	0	3
178	57.427500	57.631250	D4	64	82	0	3
179	57.427500	57.693750	A3	64	75	1	-4
180	57.727500	57.941250	F4	64	76	0	1
181	57.727500	59.936250	A#2	64	81	1	-5
182	58.027500	59.832500	F4	64	75	0	1
183	58.027500	58.380000	A#3	64	72	1	-3
184	58.327500	58.996250	D4	64	74	0	3
185	58.627500	59.030000	A#3	64	61	1	-3
186	58.927500	59.280000	F4	64	82	0	1
187	59.227500	59.538750	A#3	64	70	1	-3
188	59.527500	60.072500	D4	64	77	0	3
189	59.827500	60.195000	A#3	64	69	1	-3
190	60.127500	62.385000	A#2	64	72	1	-5
191	60.427500	60.726250	A#3	64	68	1	-3
192	60.727500	60.906250	D4	64	81	0	3
193	60.727500	61.371250	D4	64	75	0	3
194	61.027500	61.273750	D4	64	80	0	3
195	61.027500	61.345000	A#3	64	70	1	-3
196	61.327500	61.782500	F4	64	77	0	1
197	61.327500	61.936250	F4	64	79	0	1
198	61.627500	61.940000	A#3	64	69	1	-3
199	61.927500	62.173750	D4	64	80	0	3
200	61.927500	62.358750	D4	64	75	0	3
201	62.227500	62.791250	F4	64	77	0	1
202	62.227500	62.516250	A#3	64	73	1	-3
203	62.527500	64.735000	D3	64	81	1	-1
204	62.827500	64.727500	D4	64	77	0	3
205	62.827500	63.193750	A3	64	69	1	-4
206	63.127500	63.533750	D4	64	76	0	3
207	63.427500	63.750000	A3	64	68	1	-4
208	63.727500	64.060000	E4	64	81	0	5
209	64.027500	64.371250	A3	64	77	1	-4
210	64.327500	64.656250	D4	64	83	0	3
211	64.627500	65.063750	A3	64	81	1	-4
212	64.927500	67.311250	D3	64	81	1	-1
213	65.227500	65.546250	A3	64	75	1	-4
214	65.527500	66.526250	D4	64	77	0	3
215	65.827500	66.157500	A3	64	68	1	-4
216	66.127500	66.782500	A4	64	71	0	5
217	66.427500	66.823750	A3	64	81	1	-4
218	66.727500	67.255000	D4	64	80	0	3
219	67.027500	67.268750	A3	64	82	1	-4
220	67.327500	67.493750	A4	64	83	0	5
221	67.327500	69.306250	D3	64	85	1	-1
222	67.627500	69.772500	A4	64	85	0	5
223	67.627500	67.977500	A3	64	81	1	-4
224	67.927500	68.275000	D4	64	74	0	3
225	68.227500	68.595000	A3	64	69	1	-4
226	68.527500	69.082500	E4	64	83	0	5
227	68.827500	69.153750	A3	64	76	1	-4
228	69.127500	69.811250	D4	64	75	0	3
229	69.427500	69.828750	A3	64	76	1	-4
230	69.727500	71.995000	D3	64	79	1	-1
231	70.027500	70.452500	A4	64	81	0	5
232	70.027500	70.331250	A3	64	72	1	-4
233	70.327500	70.693750	D4	64	76	0	3
234	70.627500	70.831250	A4	64	74	0	5
235	70.927500	71.442500	A4	64	82	0	5
236	70.927500	71.398750	E4	64	81	0	5
237	71.227500	71.561250	A3	64	75	1	-4
238	71.527500	71.882500	A4	64	81	0	5
239	71.527500	71.958750	D4	64	81	0	3
240	71.827500	72.185000	A3	64	82	1	-4
241	72.127500	72.337500	A4	64	82	0	5
242	72.127500	74.263750	C3	64	81	1	-3
243	72.427500	72.598750	F4	64	77	0	1
244	72.427500	72.773750	A3	64	77	1	-4
245	72.727500	72.921250	G4	64	80	0	3
246	72.727500	73.086250	D4	64	81	0	3
247	73.027500	74.777500	G4	64	81	0	3
248	73.027500	73.407500	A3	64	66	1	-4
249	73.327500	73.901250	E4	64	82	0	5
250	73.627500	73.942500	A3	64	69	1	-4
251	73.927500	74.675000	D4	64	73	0	3
252	74.227500	74.645000	A3	64	69	1	-4
253	74.527500	76.091250	C3	64	82	1	-3
254	74.827500	75.152500	A3	64	74	1	-4
255	75.127500	75.321250	D4	64	74	0	3
256	75.427500	75.653750	A3	64	67	1	-4
257	75.727500	76.157500	E4	64	82	0	5
258	76.027500	76.162500	D4	64	82	0	3
259	76.027500	76.381250	A3	64	72	1	-4
260	76.327500	76.506250	D4	64	82	0	3
261	76.327500	76.720000	D4	64	76	0	3
262	76.627500	76.831250	D4	64	82	0	3
263	76.627500	76.893750	A3	64	75	1	-4
264	76.927500	77.141250	F4	64	76	0	1
265	76.927500	79.136250	A#2	64	81	1	-5
266	77.227500	79.032500	F4	64	75	0	1
267	77.227500	77.580000	A#3	64	72	1	-3
268	77.527500	78.196250	D4	64	74	0	3
269	77.827500	78.230000	A#3	64	61	1	-3
270	78.127500	78.480000	F4	64	82	0	1
271	78.427500	78.738750	A#3	64	70	1	-3
272	78.727500	79.272500	D4	64	77	0	3
273	79.027500	79.395000	A#3	64	69	1	-3
274	79.327500	81.585000	A#2	64	72	1	-5
275	79.627500	79.926250	A#3	64	68	1	-3
276	79.927500	80.106250	D4	64	81	0	3
277	79.927500	80.571250	D4	64	75	0	3
278	80.227500	80.473750	D4	64	80	0	3
279	80.227500	80.545000	A#3	64	70	1	-3
280	80.527500	80.982500	F4	64	77	0	1
281	80.527500	81.136250	F4	64	79	0	1
282	80.827500	81.140000	A#3	64	69	1	-3
283	81.127500	81.373750	D4	64	80	0	3
284	81.127500	81.558750	D4	64	75	0	3
285	81.427500	81.991250	F4	64	77	0	1
286	81.427500	81.716250	A#3	64	73	1	-3
287	81.727500	83.935000	D3	64	81	1	-1
288	82.027500	83.927500	D4	64	77	0	3
289	82.027500	82.393750	A3	64	69	1	-4
290	82.327500	82.733750	D4	64	76	0	3
291	82.627500	82.950000	A3	64	68	1	-4
292	82.927500	83.260000	E4	64	81	0	5
293	83.227500	83.571250	A3	64	77	1	-4
294	83.527500	83.856250	D4	64	83	0	3
295	83.827500	84.263750	A3	64	81	1	-4
296	84.127500	86.200000	D3	64	82	1	-1
297	84.427500	84.787500	A3	64	82	1	-4
298	84.727500	85.161250	D4	64	77	0	3
299	85.027500	85.391250	A3	64	76	1	-4
300	85.327500	85.850000	E4	64	87	0	5
301	85.627500	85.962500	A3	64	79	1	-4
302	85.927500	86.623750	D4	64	77	0	3
303	86.227500	86.648750	A3	64	76	1	-4
304	86.527500	87.657500	D3	64	82	1	-1
305	86.827500	87.202500	A3	64	75	1	-4
306	87.127500	87.492500	D4	64	83	0	3
307	87.427500	87.797500	A3	64	87	1	-4
308	87.727500	88.168750	E4	64	90	0	5
309	88.027500	88.376250	A3	64	81	1	-4
310	88.327500	88.646250	D4	64	81	0	3
311	88.627500	88.898750	A3	64	77	1	-4
312	88.927500	91.162500	C3	64	84	1	-3
313	89.227500	89.592500	G3	64	85	1	-1
314	89.527500	89.881250	C4	64	81	0	1
315	89.827500	90.233750	G3	64	81	1	-1
316	90.127500	90.548750	E4	64	82	0	5
317	90.427500	90.781250	G3	64	76	1	-1
318	90.727500	91.360000	C4	64	69	0	1
319	91.027500	91.426250	G3	64	74	1	-1
320	91.327500	93.587500	A#2	64	82	1	-5
321	91.627500	91.976250	A#3	64	75	1	-3
322	91.927500	92.572500	D4	64	82	0	3
323	92.227500	92.615000	A#3	64	65	1	-3
324	92.527500	92.957500	F4	64	81	0	1
325	92.827500	93.156250	A#3	64	69	1	-3
326	93.127500	93.488750	D4	64	81	0	3
327	93.427500	93.703750	A#3	64	78	1	-3
328	93.727500	95.322500	D3	64	81	1	-1
329	94.027500	94.360000	A3	64	75	1	-4
330	94.327500	94.726250	D4	64	82	0	3
331	94.627500	94.921250	A3	64	69	1	-4
332	94.927500	95.285000	E4	64	78	0	5
333	95.227500	95.525000	A3	64	68	1	-4
334	95.527500	95.841250	D4	64	76	0	3
335	95.827500	96.268750	A3	64	82	1	-4
336	96.127500	98.030000	D3	64	90	1	-1
337	96.427500	96.755000	A3	64	79	1	-4
338	96.727500	97.125000	D4	64	80	0	3
339	97.027500	97.370000	A3	64	81	1	-4
340	97.327500	97.962500	E4	64	81	0	5
341	97.627500	97.985000	A3	64	77	1	-4
342	97.927500	98.315000	D4	64	74	0	3
343	98.227500	98.600000	A3	64	78	1	-4
344	98.527500	100.551250	C3	64	84	1	-3
345	98.827500	99.185000	G3	64	81	1	-1
346	99.127500	99.461250	D4	64	81	0	3
347	99.427500	99.725000	G3	64	75	1	-1
348	99.727500	100.158750	E4	64	81	0	5
349	100.027500	100.377500	G3	64	71	1	-1
350	100.327500	100.921250	D4	64	76	0	3
351	100.627500	100.977500	G3	64	81	1	-1
352	100.927500	103.107500	A#2	64	77	1	-5
353	101.227500	101.547500	A#3	64	68	1	-3
354	101.527500	101.906250	D4	64	77	0	3
355	101.827500	102.230000	A#3	64	76	1	-3
356	102.127500	102.456250	E4	64	83	0	5
357	102.427500	102.763750	A#3	64	76	1	-3
358	102.727500	103.080000	D4	64	77	0	3
359	103.027500	103.355000	A#3	64	73	1	-3
360	103.627500	104.020000	A3	64	71	1	-4
361	103.927500	104.305000	D4	64	76	0	3
362	104.227500	104.538750	A3	64	76	1	-4
363	104.527500	104.908750	E4	64	82	0	5
364	104.827500	105.198750	A3	64	83	1	-4
365	105.127500	105.715000	D4	64	82	0	3
366	105.427500	105.721250	A3	64	73	1	-4
367	105.727500	105.893750	A4	64	83	0	5
368	105.727500	105.762500	D3	64	85	1	-1
369	106.027500	108.172500	A4	64	85	0	5
370	106.027500	106.377500	A3	64	81	1	-4
371	106.327500	106.675000	D4	64	74	0	3
372	106.627500	106.995000	A3	64	69	1	-4
373	106.927500	107.482500	E4	64	83	0	5
374	107.227500	107.553750	A3	64	76	1	-4
375	107.527500	108.211250	D4	64	75	0	3
376	107.827500	108.228750	A3	64	76	1	-4
377	108.127500	110.395000	D3	64	79	1	-1
378	108.427500	108.852500	A4	64	81	0	5
379	108.427500	108.731250	A3	64	72	1	-4
380	108.727500	109.093750	D4	64	76	0	3
381	109.027500	109.231250	A4	64	74	0	5
382	109.327500	109.842500	A4	64	82	0	5
383	109.327500	109.798750	E4	64	81	0	5
384	109.627500	109.961250	A3	64	75	1	-4
385	109.927500	110.390000	A4	64	81	0	5
386	109.927500	110.358750	D4	64	81	0	3
387	110.227500	110.585000	A3	64	82	1	-4
388	110.527500	110.737500	A4	64	82	0	5
389	110.527500	112.663750	C3	64	81	1	-3
390	110.827500	110.998750	G4	64	77	0	3
391	110.827500	111.173750	A3	64	77	1	-4
392	111.127500	111.321250	F4	64	80	0	1
393	111.127500	111.486250	D4	64	81	0	3
394	111.427500	113.177500	G4	64	81	0	3
395	111.427500	111.807500	A3	64	66	1	-4
396	111.727500	112.301250	E4	64	82	0	5
397	112.027500	112.342500	A3	64	69	1	-4
398	112.327500	113.075000	D4	64	73	0	3
399	112.627500	113.045000	A3	64	69	1	-4
400	112.927500	114.491250	C3	64	82	1	-3
401	113.227500	113.552500	A3	64	74	1	-4
402	113.527500	113.721250	D4	64	74	0	3
403	113.827500	114.053750	A3	64	67	1	-4
404	114.127500	114.557500	E4	64	82	0	5
405	114.427500	114.600000	D4	64	82	0	3
406	114.427500	114.781250	A3	64	72	1	-4
407	114.727500	114.906250	D4	64	82	0	3
408	114.727500	115.120000	D4	64	76	0	3
409	115.027500	115.231250	D4	64	82	0	3
410	115.027500	115.293750	A3	64	75	1	-4
411	115.327500	115.541250	F4	64	76	0	1
412	115.327500	117.536250	A#2	64	81	1	-5
413	115.627500	117.432500	F4	64	75	0	1
414	115.627500	115.980000	A#3	64	72	1	-3
415	115.927500	116.596250	D4	64	74	0	3
416	116.227500	116.630000	A#3	64	61	1	-3
417	116.527500	116.880000	F4	64	82	0	1
418	116.827500	117.138750	A#3	64	70	1	-3
419	117.127500	117.672500	D4	64	77	0	3
420	117.427500	117.795000	A#3	64	69	1	-3
421	117.727500	119.985000	A#2	64	72	1	-5
422	118.027500	118.326250	A#3	64	68	1	-3
423	118.327500	118.506250	D4	64	81	0	3
424	118.327500	118.971250	D4	64	75	0	3
425	118.627500	118.873750	D4	64	80	0	3
426	118.627500	118.945000	A#3	64	70	1	-3
427	118.927500	119.382500	F4	64	77	0	1
428	118.927500	119.536250	F4	64	79	0	1
429	119.227500	119.540000	A#3	64	69	1	-3
430	119.527500	119.773750	F4	64	80	0	1
431	119.527500	119.958750	D4	64	75	0	3
432	119.827500	120.127500	D4	64	77	0	3
433	119.827500	120.116250	A#3	64	73	1	-3
434	120.127500	120.427500	F4	64	82	0	1
435	120.127500	122.335000	D3	64	81	1	-1
436	120.427500	122.327500	D4	64	77	0	3
437	120.427500	120.793750	A3	64	69	1	-4
438	120.727500	121.133750	D4	64	76	0	3
439	121.027500	121.350000	A3	64	68	1	-4
440	121.327500	121.660000	E4	64	81	0	5
441	121.627500	121.971250	A3	64	77	1	-4
442	121.927500	122.256250	D4	64	83	0	3
443	122.227500	122.663750	A3	64	81	1	-4
444	122.527500	124.911250	D3	64	81	1	-1
445	122.827500	123.146250	A3	64	75	1	-4
446	123.127500	124.126250	D4	64	77	0	3
447	123.427500	123.757500	A3	64	68	1	-4
448	123.727500	124.382500	A4	64	71	0	5
449	124.027500	124.423750	A3	64	81	1	-4
450	124.327500	124.855000	D4	64	80	0	3
451	124.627500	124.868750	A3	64	82	1	-4
452	124.927500	125.093750	A4	64	83	0	5
453	124.927500	126.906250	D3	64	85	1	-1
454	125.227500	127.372500	A4	64	85	0	5
455	125.227500	125.577500	A3	64	81	1	-4
456	125.527500	125.875000	D4	64	74	0	3
457	125.827500	126.195000	A3	64	69	1	-4
458	126.127500	126.682500	E4	64	83	0	5
459	126.427500	126.753750	A3	64	76	1	-4
460	126.727500	127.411250	D4	64	75	0	3
461	127.027500	127.428750	A3	64	76	1	-4
462	127.327500	129.595000	D3	64	79	1	-1
463	127.627500	128.052500	D5	64	81	0	5
464	127.627500	127.931250	A3	64	72	1	-4
465	127.927500	128.293750	D4	64	76	0	3
466	128.227500	128.431250	D5	64	74	0	5
467	128.527500	129.042500	D5	64	82	0	5
468	128.527500	128.998750	E4	64	81	0	5
469	128.827500	129.161250	A3	64	75	1	-4
470	129.127500	129.482500	A4	64	81	0	5
471	129.127500	129.558750	D4	64	81	0	3
472	129.427500	129.785000	A3	64	82	1	-4
473	129.727500	129.937500	C5	64	82	0	3
474	129.727500	131.863750	C3	64	81	1	-3
475	130.027500	130.198750	A4	64	77	0	5
476	130.027500	130.373750	A3	64	77	1	-4
477	130.327500	130.521250	D5	64	80	0	5
478	130.327500	130.686250	D4	64	81	0	3
479	130.627500	131.227500	A4	64	81	0	5
480	130.627500	131.007500	A3	64	66	1	-4
481	130.927500	131.501250	E4	64	82	0	5
482	131.227500	132.427500	G4	64	82	0	3
483	131.227500	131.542500	A3	64	69	1	-4
484	131.527500	132.275000	D4	64	73	0	3
485	131.827500	132.245000	A3	64	69	1	-4
486	132.127500	133.691250	C3	64	82	1	-3
487	132.427500	132.752500	A3	64	74	1	-4
488	132.727500	132.921250	D4	64	74	0	3
489	133.027500	133.253750	A3	64	67	1	-4
490	133.327500	133.757500	E4	64	82	0	5
491	133.627500	133.762500	D4	64	82	0	3
492	133.627500	133.981250	A3	64	72	1	-4
493	133.927500	134.106250	D4	64	82	0	3
494	133.927500	134.320000	D4	64	76	0	3
495	134.227500	134.431250	D4	64	82	0	3
496	134.227500	134.493750	A3	64	75	1	-4
497	134.527500	134.741250	F4	64	76	0	1
498	134.527500	136.736250	A#2	64	81	1	-5
499	134.827500	136.632500	F4	64	75	0	1
500	134.827500	135.180000	A#3	64	72	1	-3
501	135.127500	135.796250	D4	64	74	0	3
502	135.427500	135.830000	A#3	64	61	1	-3
503	135.727500	136.080000	F4	64	82	0	1
504	136.027500	136.338750	A#3	64	70	1	-3
505	136.327500	136.872500	D4	64	77	0	3
506	136.627500	136.995000	A#3	64	69	1	-3
507	136.927500	139.185000	A#2	64	72	1	-5
508	137.227500	137.526250	A#3	64	68	1	-3
509	137.527500	137.706250	D4	64	81	0	3
510	137.527500	138.171250	D4	64	75	0	3
511	137.827500	138.073750	D4	64	80	0	3
512	137.827500	138.145000	A#3	64	70	1	-3
513	138.127500	138.582500	F4	64	77	0	1
514	138.127500	138.736250	F4	64	79	0	1
515	138.427500	138.740000	A#3	64	69	1	-3
516	138.727500	138.973750	D4	64	80	0	3
517	138.727500	139.158750	D4	64	75	0	3
518	139.027500	139.327500	D4	64	82	0	3
519	139.027500	139.316250	A#3	64	73	1	-3
520	139.327500	139.627500	C4	64	77	0	1
521	139.327500	141.535000	D3	64	81	1	-1
522	139.627500	141.527500	D4	64	77	0	3
523	139.627500	139.993750	A3	64	69	1	-4
524	139.927500	140.333750	D4	64	76	0	3
525	140.227500	140.550000	A3	64	68	1	-4
526	140.527500	140.860000	E4	64	81	0	5
527	140.827500	141.171250	A3	64	77	1	-4
528	141.127500	141.456250	D4	64	83	0	3
529	141.427500	141.863750	A3	64	81	1	-4
530	141.727500	143.935000	D2	64	81	1	-3
531	141.727500	143.935000	D3	64	59	1	-1
532	142.027500	142.393750	A3	64	69	1	-4
533	142.327500	142.733750	D4	64	76	0	3
534	142.627500	142.950000	A3	64	68	1	-4
535	142.927500	143.260000	E4	64	81	0	5
536	143.227500	143.450000	D4	64	81	0	3
537	143.227500	143.571250	A3	64	77	1	-4
538	143.527500	143.748750	D4	64	78	0	3
539	143.527500	143.856250	D4	64	83	0	3
540	143.827500	144.048750	E4	64	83	0	5
541	143.827500	144.263750	A3	64	81	1	-4
542	144.127500	144.351250	F4	64	76	0	1
543	144.127500	144.811250	C4	64	81	0	1
544	144.127500	146.128750	F2	64	82	1	-5
545	144.427500	145.637500	F4	64	79	0	1
546	144.427500	145.407500	C3	64	68	1	-3
547	144.727500	145.403750	F3	64	70	1	-3
548	145.027500	145.173750	A3	64	74	1	-4
549	145.327500	145.363750	A3	64	57	1	-4
550	145.327500	145.707500	F4	64	83	0	1
551	145.627500	145.795000	A4	64	78	0	5
552	145.627500	146.103750	C3	64	72	1	-3
553	145.927500	146.161250	A4	64	79	0	5
554	145.927500	146.272500	A3	64	82	1	-4
555	145.927500	146.356250	C4	64	82	0	1
556	146.227500	146.497500	G4	64	80	0	3
557	146.227500	146.342500	F3	64	81	1	-3
558	146.527500	146.767500	F4	64	81	0	1
559	146.527500	146.715000	G3	64	78	1	-1
560	146.527500	146.935000	C4	64	80	0	1
561	146.527500	148.323750	C3	64	81	1	-3
562	146.827500	147.990000	G4	64	79	0	3
563	146.827500	147.076250	G3	64	72	1	-1
564	147.127500	147.327500	C4	64	74	0	1
565	147.427500	147.543750	G3	64	78	1	-1
566	147.727500	147.843750	G3	64	82	1	-1
567	147.727500	148.068750	E4	64	83	0	5
568	148.027500	148.216250	A4	64	79	0	5
569	148.027500	148.185000	G3	64	80	1	-1
570	148.327500	148.546250	A4	64	82	0	5
571	148.327500	148.501250	C4	64	79	0	1
572	148.627500	148.866250	C5	64	83	0	3
573	148.627500	148.687500	C4	64	57	0	1
574	148.627500	148.798750	G3	64	75	1	-1
575	148.927500	149.113750	D5	64	82	0	5
576	148.927500	149.267500	A#3	64	83	1	-3
577	148.927500	150.831250	A#2	64	81	1	-5
578	149.227500	149.948750	D5	64	82	0	5
579	149.227500	149.442500	F3	64	73	1	-3
580	149.527500	149.701250	D4	64	72	0	3
581	149.827500	150.011250	F3	64	66	1	-3
582	150.127500	150.431250	A#3	64	82	1	-3
583	150.127500	150.541250	F4	64	80	0	1
584	150.427500	150.635000	F4	64	79	0	1
585	150.427500	150.635000	F3	64	76	1	-3
586	150.727500	150.911250	G4	64	76	0	3
587	150.727500	151.113750	D4	64	81	0	3
588	151.027500	151.276250	A4	64	79	0	5
589	151.027500	151.220000	F3	64	82	1	-3
590	151.327500	151.531250	C5	64	81	0	3
591	151.327500	151.621250	F3	64	77	1	-3
592	151.327500	151.705000	A3	64	80	1	-4
593	151.327500	153.331250	F2	64	82	1	-5
594	151.627500	152.545000	A4	64	79	0	5
595	151.627500	152.636250	C3	64	64	1	-3
596	151.927500	152.078750	C4	64	82	0	1
597	152.227500	152.332500	F3	64	77	1	-3
598	152.527500	152.970000	F3	64	86	1	-3
599	152.527500	152.993750	F4	64	81	0	1
600	152.827500	153.010000	G4	64	79	0	3
601	152.827500	153.256250	C3	64	78	1	-3
602	153.127500	153.336250	G4	64	81	0	3
603	153.127500	153.263750	A3	64	79	1	-4
604	153.127500	153.311250	C4	64	82	0	1
605	153.427500	153.638750	A4	64	82	0	5
606	153.427500	153.521250	F3	64	82	1	-3
607	153.727500	153.921250	C5	64	83	0	3
608	153.727500	154.375000	A#3	64	85	1	-3
609	153.727500	155.427500	D#2	64	79	1	-2
610	154.027500	155.016250	A#4	64	82	0	1
611	154.027500	154.445000	A#2	64	67	1	-5
612	154.327500	154.687500	G3	64	81	1	-1
613	154.627500	155.387500	A#2	64	68	1	-5
614	154.927500	155.231250	A#3	64	87	1	-3
615	154.927500	155.258750	D#4	64	88	0	4
616	155.227500	155.387500	A4	64	81	0	5
617	155.227500	155.396250	G3	64	82	1	-1
618	155.527500	155.736250	A4	64	76	0	5
619	155.527500	155.820000	A#3	64	83	1	-3
620	155.827500	156.046250	G4	64	82	0	3
621	155.827500	155.952500	G3	64	81	1	-1
622	156.127500	156.363750	A4	64	82	0	5
623	156.127500	156.527500	D4	64	79	0	3
624	156.127500	157.742500	D3	64	76	1	-1
625	156.427500	156.696250	G4	64	72	0	3
626	156.427500	156.745000	A3	64	76	1	-4
627	156.727500	157.437500	D4	64	79	0	3
628	156.727500	157.051250	D4	64	75	0	3
629	157.027500	157.131250	A3	64	72	1	-4
630	157.327500	157.477500	A3	64	81	1	-4
631	157.327500	157.678750	F4	64	79	0	1
632	157.327500	157.687500	D4	64	82	0	3
633	157.627500	157.805000	F4	64	75	0	1
634	157.627500	157.757500	A3	64	67	1	-4
635	157.927500	158.141250	F4	64	81	0	1
636	157.927500	158.012500	A3	64	77	1	-4
637	157.927500	158.142500	D4	64	78	0	3
638	158.227500	158.468750	F4	64	82	0	1
639	158.227500	158.332500	A3	64	69	1	-4
640	158.527500	158.887500	A4	64	82	0	5
641	158.527500	158.701250	G3	64	79	1	-1
642	158.527500	158.880000	C4	64	76	0	1
643	158.527500	159.893750	C3	64	86	1	-3
644	158.827500	159.001250	G3	64	69	1	-1
645	159.127500	161.323750	G4	64	77	0	3
646	159.127500	159.267500	C4	64	69	0	1
647	159.427500	159.517500	G3	64	73	1	-1
648	159.727500	159.843750	G3	64	84	1	-1
649	159.727500	159.940000	E4	64	82	0	5
650	160.027500	160.165000	G3	64	73	1	-1
651	160.327500	160.692500	C4	64	81	0	1
652	160.627500	160.831250	G3	64	73	1	-1
653	160.927500	161.033750	C2	64	77	1	-5
654	160.927500	161.058750	G3	64	77	1	-1
655	160.927500	161.226250	C4	64	78	0	1
656	161.227500	161.397500	G3	64	70	1	-1
657	161.527500	161.642500	C4	64	66	0	1
658	162.127500	162.272500	G3	64	81	1	-1
659	162.127500	162.710000	E4	64	81	0	5
660	162.127500	163.283750	C3	64	74	1	-3
661	162.427500	162.706250	G3	64	60	1	-1
662	162.727500	163.277500	C4	64	70	0	1
663	163.327500	165.592500	D3	64	84	1	-1
664	163.627500	164.071250	A3	64	69	1	-4
665	163.927500	164.558750	D4	64	81	0	3
666	164.227500	164.636250	A3	64	67	1	-4
667	164.527500	165.212500	E4	64	82	0	5
668	164.827500	165.177500	A3	64	62	1	-4
669	165.127500	165.857500	D4	64	81	0	3
670	165.427500	165.876250	A3	64	66	1	-4
671	165.727500	166.728750	A4	64	65	0	5
672	165.727500	167.862500	C3	64	82	1	-3
673	166.027500	166.422500	A3	64	69	1	-4
674	166.327500	167.010000	D4	64	75	0	3
675	166.627500	167.015000	A3	64	63	1	-4
676	166.927500	167.581250	E4	64	80	0	5
677	167.227500	167.522500	A3	64	63	1	-4
678	167.527500	168.343750	D4	64	81	0	3
679	167.827500	168.343750	A3	64	69	1	-4
680	168.127500	169.357500	A4	64	68	0	5
681	168.127500	170.348750	A#2	64	77	1	-5
682	168.427500	168.803750	A3	64	71	1	-4
683	168.727500	169.391250	D4	64	78	0	3
684	169.027500	169.398750	A3	64	66	1	-4
685	169.327500	169.993750	E4	64	81	0	5
686	169.627500	169.973750	A3	64	66	1	-4
687	169.927500	170.591250	D4	64	81	0	3
688	170.227500	170.526250	A3	64	67	1	-4
689	170.527500	172.282500	D3	64	84	1	-1
690	170.827500	171.210000	A3	64	77	1	-4
691	171.127500	171.606250	D4	64	77	0	3
692	171.427500	171.782500	A3	64	77	1	-4
693	171.727500	172.391250	E4	64	81	0	5
694	172.027500	172.428750	A3	64	76	1	-4
695	172.327500	172.850000	D4	64	82	0	3
696	172.627500	172.863750	A3	64	78	1	-4
697	172.927500	175.192500	D3	64	84	1	-1
698	173.227500	173.671250	A3	64	69	1	-4
699	173.527500	174.158750	D4	64	81	0	3
700	173.827500	174.236250	A3	64	67	1	-4
701	174.127500	174.812500	E4	64	82	0	5
702	174.427500	174.777500	A3	64	62	1	-4
703	174.727500	175.457500	D4	64	81	0	3
704	175.027500	175.476250	A3	64	66	1	-4
705	175.327500	176.328750	A4	64	65	0	5
706	175.327500	177.462500	C3	64	82	1	-3
707	175.627500	176.022500	A3	64	69	1	-4
708	175.927500	176.610000	D4	64	75	0	3
709	176.227500	176.615000	A3	64	63	1	-4
710	176.527500	177.181250	E4	64	80	0	5
711	176.827500	177.122500	A3	64	63	1	-4
712	177.127500	177.943750	D4	64	81	0	3
713	177.427500	177.943750	A3	64	69	1	-4
714	177.727500	178.957500	A4	64	68	0	5
715	177.727500	179.948750	A#2	64	77	1	-5
716	178.027500	178.403750	A3	64	71	1	-4
717	178.327500	178.991250	D4	64	78	0	3
718	178.627500	178.998750	A3	64	66	1	-4
719	178.927500	179.593750	E4	64	81	0	5
720	179.227500	179.573750	A3	64	66	1	-4
721	179.527500	180.191250	D4	64	81	0	3
722	179.827500	180.126250	A3	64	67	1	-4
723	180.127500	181.882500	D3	64	84	1	-1
724	180.427500	180.810000	A3	64	77	1	-4
725	180.727500	181.206250	D4	64	77	0	3
726	181.027500	181.382500	A3	64	77	1	-4
727	181.327500	181.991250	E4	64	81	0	5
728	181.627500	182.028750	A3	64	76	1	-4
729	181.927500	182.450000	D4	64	82	0	3
730	182.227500	182.463750	A3	64	78	1	-4
731	182.527500	184.792500	D3	64	84	1	-1
732	182.827500	183.271250	A3	64	69	1	-4
733	183.127500	183.758750	D4	64	81	0	3
734	183.427500	183.836250	A3	64	67	1	-4
735	183.727500	184.412500	E4	64	82	0	5
736	184.027500	184.377500	A3	64	62	1	-4
737	184.327500	185.057500	D4	64	81	0	3
738	184.627500	185.076250	A3	64	66	1	-4
739	184.927500	185.928750	A4	64	65	0	5
740	184.927500	187.062500	C3	64	82	1	-3
741	185.227500	185.622500	A3	64	69	1	-4
742	185.527500	186.210000	D4	64	75	0	3
743	185.827500	186.215000	A3	64	63	1	-4
744	186.127500	186.781250	E4	64	80	0	5
745	186.427500	186.722500	A3	64	63	1	-4
746	186.727500	187.543750	D4	64	81	0	3
747	187.027500	187.543750	A3	64	69	1	-4
748	187.327500	188.557500	A4	64	68	0	5
749	187.327500	189.548750	A#2	64	77	1	-5
750	187.627500	188.003750	A3	64	71	1	-4
751	187.927500	188.591250	D4	64	78	0	3
752	188.227500	188.598750	A3	64	66	1	-4
753	188.527500	189.193750	E4	64	81	0	5
754	188.827500	189.173750	A3	64	66	1	-4
755	189.127500	189.791250	D4	64	81	0	3
756	189.427500	189.726250	A3	64	67	1	-4
757	189.727500	191.482500	D3	64	84	1	-1
758	190.027500	190.410000	A3	64	77	1	-4
759	190.327500	190.806250	D4	64	77	0	3
760	190.627500	190.982500	A3	64	77	1	-4
761	190.927500	191.591250	E4	64	81	0	5
762	191.227500	191.628750	A3	64	76	1	-4
763	191.527500	192.050000	D4	64	82	0	3
764	191.827500	192.063750	A3	64	78	1	-4
765	192.127500	194.392500	D3	64	84	1	-1
766	192.427500	192.871250	A3	64	69	1	-4
767	192.727500	193.358750	D4	64	81	0	3
768	193.027500	193.436250	A3	64	67	1	-4
769	193.327500	194.012500	E4	64	82	0	5
770	193.627500	193.977500	A3	64	62	1	-4
771	193.927500	194.657500	D4	64	81	0	3
772	194.227500	194.676250	A3	64	66	1	-4
773	194.527500	195.528750	A4	64	65	0	5
774	194.527500	196.662500	C3	64	82	1	-3
775	194.827500	195.222500	A3	64	69	1	-4
776	195.127500	195.810000	D4	64	75	0	3
777	195.427500	195.815000	A3	64	63	1	-4
778	195.727500	196.381250	E4	64	80	0	5
779	196.027500	196.322500	A3	64	63	1	-4
780	196.327500	197.143750	D4	64	81	0	3
781	196.627500	197.143750	A3	64	69	1	-4
782	196.927500	198.157500	A4	64	68	0	5
783	196.927500	199.148750	A#2	64	77	1	-5
784	197.227500	197.603750	A3	64	71	1	-4
785	197.527500	198.191250	D4	64	78	0	3
786	197.827500	198.198750	A3	64	66	1	-4
787	198.127500	198.793750	E4	64	81	0	5
788	198.427500	198.773750	A3	64	66	1	-4
789	198.727500	199.391250	D4	64	81	0	3
790	199.027500	199.326250	A3	64	67	1	-4
791	199.327500	201.082500	D3	64	84	1	-1
792	199.627500	200.010000	A3	64	77	1	-4
793	199.927500	200.406250	D4	64	77	0	3
794	200.227500	200.582500	A3	64	77	1	-4
795	200.527500	201.191250	E4	64	81	0	5
796	200.827500	201.228750	A3	64	76	1	-4
797	201.127500	201.650000	D4	64	82	0	3
798	201.427500	201.663750	A3	64	78	1	-4
799	201.727500	201.893750	A4	64	83	0	5
800	201.727500	203.706250	D3	64	85	1	-1
801	202.027500	204.172500	A4	64	85	0	5
802	202.027500	202.377500	A3	64	81	1	-4
803	202.327500	202.675000	D4	64	74	0	3
804	202.627500	202.995000	A3	64	69	1	-4
805	202.927500	203.482500	E4	64	83	0	5
806	203.227500	203.553750	A3	64	76	1	-4
807	203.527500	204.211250	D4	64	75	0	3
808	203.827500	204.228750	A3	64	76	1	-4
809	204.127500	206.395000	D3	64	79	1	-1
810	204.427500	204.852500	A4	64	81	0	5
811	204.427500	204.731250	A3	64	72	1	-4
812	204.727500	205.093750	D4	64	76	0	3
813	205.027500	205.231250	A4	64	74	0	5
814	205.327500	205.842500	A4	64	82	0	5
815	205.327500	205.798750	E4	64	81	0	5
816	205.627500	205.961250	A3	64	75	1	-4
817	205.927500	206.390000	A4	64	81	0	5
818	205.927500	206.358750	D4	64	81	0	3
819	206.227500	206.585000	A3	64	82	1	-4
820	206.527500	206.737500	A4	64	82	0	5
821	206.527500	208.663750	C3	64	81	1	-3
822	206.827500	206.998750	G4	64	77	0	3
823	206.827500	207.173750	A3	64	77	1	-4
824	207.127500	207.321250	F4	64	80	0	1
825	207.127500	207.486250	D4	64	81	0	3
826	207.427500	209.177500	G4	64	81	0	3
827	207.427500	207.807500	A3	64	66	1	-4
828	207.727500	208.301250	E4	64	82	0	5
829	208.027500	208.342500	A3	64	69	1	-4
830	208.327500	209.075000	D4	64	73	0	3
831	208.627500	209.045000	A3	64	69	1	-4
832	208.927500	210.491250	C3	64	82	1	-3
833	209.227500	209.552500	A3	64	74	1	-4
834	209.527500	209.721250	D4	64	74	0	3
835	209.827500	210.053750	A3	64	67	1	-4
836	210.127500	210.557500	E4	64	82	0	5
837	210.427500	210.781250	A3	64	72	1	-4
838	210.727500	211.327500	D4	64	82	0	3
839	210.727500	211.120000	D4	64	76	0	3
840	211.027500	211.293750	A3	64	75	1	-4
841	211.327500	211.627500	F4	64	76	0	1
842	211.327500	213.536250	A#2	64	81	1	-5
843	211.627500	212.227500	G4	64	82	0	3
844	211.627500	211.980000	A#3	64	72	1	-3
845	211.927500	212.596250	D4	64	74	0	3
846	212.227500	213.432500	F4	64	75	0	1
847	212.227500	212.630000	A#3	64	61	1	-3
848	212.527500	212.880000	F4	64	82	0	1
849	212.827500	213.138750	A#3	64	70	1	-3
850	213.127500	213.672500	D4	64	77	0	3
851	213.427500	213.795000	A#3	64	69	1	-3
852	213.727500	215.985000	A#2	64	72	1	-5
853	214.027500	214.326250	A#3	64	68	1	-3
854	214.327500	214.506250	F4	64	81	0	1
855	214.327500	214.971250	D4	64	75	0	3
856	214.627500	214.873750	F4	64	80	0	1
857	214.627500	214.945000	A#3	64	70	1	-3
858	214.927500	215.382500	F4	64	77	0	1
859	214.927500	215.536250	F4	64	79	0	1
860	215.227500	215.540000	A#3	64	69	1	-3
861	215.527500	215.773750	F4	64	80	0	1
862	215.527500	215.958750	D4	64	75	0	3
863	215.827500	216.127500	D4	64	77	0	3
864	215.827500	216.116250	A#3	64	73	1	-3
865	216.127500	216.427500	F4	64	82	0	1
866	216.127500	218.335000	D3	64	81	1	-1
867	216.427500	218.327500	D4	64	77	0	3
868	216.427500	216.793750	A3	64	69	1	-4
869	216.727500	217.133750	D4	64	76	0	3
870	217.027500	217.350000	A3	64	68	1	-4
871	217.327500	217.660000	E4	64	81	0	5
872	217.627500	217.971250	A3	64	77	1	-4
873	217.927500	218.256250	D4	64	83	0	3
874	218.227500	218.663750	A3	64	81	1	-4
875	218.527500	220.911250	D3	64	81	1	-1
876	218.827500	219.146250	A3	64	75	1	-4
877	219.127500	220.126250	D4	64	77	0	3
878	219.427500	219.757500	A3	64	68	1	-4
879	219.727500	220.382500	A4	64	71	0	5
880	220.027500	220.423750	A3	64	81	1	-4
881	220.327500	220.855000	D4	64	80	0	3
882	220.627500	220.868750	A3	64	82	1	-4
883	220.927500	221.093750	A4	64	83	0	5
884	220.927500	222.906250	D3	64	85	1	-1
885	221.227500	223.372500	A4	64	85	0	5
886	221.227500	221.577500	A3	64	81	1	-4
887	221.527500	221.875000	D4	64	74	0	3
888	221.827500	222.195000	A3	64	69	1	-4
889	222.127500	222.682500	E4	64	83	0	5
890	222.427500	222.753750	A3	64	76	1	-4
891	222.727500	223.411250	D4	64	75	0	3
892	223.027500	223.428750	A3	64	76	1	-4
893	223.327500	225.595000	D3	64	79	1	-1
894	223.627500	224.052500	D5	64	81	0	5
895	223.627500	223.931250	A3	64	72	1	-4
896	223.927500	224.293750	D4	64	76	0	3
897	224.227500	224.431250	D5	64	74	0	5
898	224.527500	225.042500	D5	64	82	0	5
899	224.527500	224.998750	E4	64	81	0	5
900	224.827500	225.161250	A3	64	75	1	-4
901	225.127500	225.482500	A4	64	81	0	5
902	225.127500	225.558750	D4	64	81	0	3
903	225.427500	225.785000	A3	64	82	1	-4
904	225.727500	225.937500	C5	64	82	0	3
905	225.727500	227.863750	C3	64	81	1	-3
906	226.027500	226.198750	A4	64	77	0	5
907	226.027500	226.373750	A3	64	77	1	-4
908	226.327500	226.521250	D5	64	80	0	5
909	226.327500	226.686250	D4	64	81	0	3
910	226.627500	227.227500	A4	64	81	0	5
911	226.627500	227.007500	A3	64	66	1	-4
912	226.927500	227.501250	E4	64	82	0	5
913	227.227500	228.427500	G4	64	82	0	3
914	227.227500	227.542500	A3	64	69	1	-4
915	227.527500	228.275000	D4	64	73	0	3
916	227.827500	228.245000	A3	64	69	1	-4
917	228.127500	229.691250	C3	64	82	1	-3
918	228.427500	228.752500	A3	64	74	1	-4
919	228.727500	228.921250	D4	64	74	0	3
920	229.027500	229.253750	A3	64	67	1	-4
921	229.327500	229.757500	E4	64	82	0	5
922	229.627500	229.762500	D4	64	82	0	3
923	229.627500	229.981250	A3	64	72	1	-4
924	229.927500	230.106250	D4	64	82	0	3
925	229.927500	230.320000	D4	64	76	0	3
926	230.227500	230.431250	D4	64	82	0	3
927	230.227500	230.493750	A3	64	75	1	-4
928	230.527500	230.827500	F4	64	76	0	1
929	230.527500	232.736250	A#2	64	81	1	-5
930	230.827500	231.127500	E4	64	82	0	5
931	230.827500	231.180000	A#3	64	72	1	-3
932	231.127500	231.427500	D4	64	82	0	3
933	231.127500	231.796250	D4	64	74	0	3
934	231.427500	232.632500	F4	64	75	0	1
935	231.427500	231.830000	A#3	64	61	1	-3
936	231.727500	232.080000	F4	64	82	0	1
937	232.027500	232.338750	A#3	64	70	1	-3
938	232.327500	232.872500	D4	64	77	0	3
939	232.627500	232.995000	A#3	64	69	1	-3
940	232.927500	235.185000	A#2	64	72	1	-5
941	233.227500	233.527500	D4	64	82	0	3
942	233.227500	233.526250	A#3	64	68	1	-3
943	233.527500	233.706250	D4	64	81	0	3
944	233.527500	234.171250	D4	64	75	0	3
945	233.827500	234.073750	D4	64	80	0	3
946	233.827500	234.145000	A#3	64	70	1	-3
947	234.127500	234.582500	F4	64	77	0	1
948	234.127500	234.736250	F4	64	79	0	1
949	234.427500	234.740000	A#3	64	69	1	-3
950	234.727500	234.973750	D4	64	80	0	3
951	234.727500	235.158750	D4	64	75	0	3
952	235.027500	235.327500	F4	64	82	0	1
953	235.027500	235.316250	A#3	64	73	1	-3
954	235.327500	237.535000	D3	64	81	1	-1
955	235.627500	235.927500	F4	64	77	0	1
956	235.627500	235.993750	A3	64	69	1	-4
957	235.927500	237.527500	D4	64	77	0	3
958	235.927500	236.333750	D4	64	76	0	3
959	236.227500	236.550000	A3	64	68	1	-4
960	236.527500	236.860000	E4	64	81	0	5
961	236.827500	237.171250	A3	64	77	1	-4
962	237.127500	237.456250	D4	64	83	0	3
963	237.427500	237.863750	A3	64	81	1	-4
964	237.727500	239.935000	D2	64	81	1	-3
965	237.727500	239.935000	D3	64	59	1	-1
966	238.027500	238.393750	A3	64	69	1	-4
967	238.327500	238.733750	D4	64	76	0	3
968	238.627500	238.950000	A3	64	68	1	-4
969	238.927500	239.260000	E4	64	81	0	5
970	239.227500	239.571250	A3	64	77	1	-4
971	239.527500	239.748750	D4	64	78	0	3
972	239.527500	239.856250	D4	64	83	0	3
973	239.827500	240.048750	E4	64	83	0	5
974	239.827500	240.263750	A3	64	81	1	-4
975	240.127500	240.351250	F4	64	76	0	1
976	240.127500	240.811250	C4	64	81	0	1
977	240.127500	242.128750	F2	64	82	1	-5
978	240.427500	241.477500	F4	64	79	0	1
979	240.427500	241.407500	C3	64	68	1	-3
980	240.727500	241.403750	F3	64	70	1	-3
981	241.027500	241.173750	A3	64	74	1	-4
982	241.327500	241.363750	A3	64	57	1	-4
983	241.327500	241.707500	F4	64	83	0	1
984	241.627500	241.795000	F4	64	78	0	1
985	241.627500	242.103750	C3	64	72	1	-3
986	241.927500	242.161250	F4	64	79	0	1
987	241.927500	242.272500	A3	64	82	1	-4
988	241.927500	242.356250	C4	64	82	0	1
989	242.227500	242.497500	A4	64	80	0	5
990	242.227500	242.342500	F3	64	81	1	-3
991	242.527500	242.767500	A4	64	81	0	5
992	242.527500	242.715000	G3	64	78	1	-1
993	242.527500	242.935000	C4	64	80	0	1
994	242.527500	244.323750	C3	64	81	1	-3
995	242.827500	243.990000	G4	64	79	0	3
996	242.827500	243.076250	G3	64	72	1	-1
997	243.127500	243.327500	C4	64	74	0	1
998	243.427500	243.543750	G3	64	78	1	-1
999	243.727500	243.843750	G3	64	82	1	-1
1000	243.727500	244.068750	E4	64	83	0	5
1001	244.027500	244.216250	A4	64	79	0	5
1002	244.027500	244.185000	G3	64	80	1	-1
1003	244.327500	244.546250	A4	64	82	0	5
1004	244.327500	244.501250	C4	64	79	0	1
1005	244.627500	244.866250	C5	64	83	0	3
1006	244.627500	244.687500	C4	64	57	0	1
1007	244.627500	244.798750	G3	64	75	1	-1
1008	244.927500	245.113750	D5	64	82	0	5
1009	244.927500	245.267500	A#3	64	83	1	-3
1010	244.927500	246.831250	A#2	64	81	1	-5
1011	245.227500	245.948750	D5	64	82	0	5
1012	245.227500	245.442500	F3	64	73	1	-3
1013	245.527500	245.701250	D4	64	72	0	3
1014	245.827500	246.011250	F3	64	66	1	-3
1015	246.127500	246.431250	A#3	64	82	1	-3
1016	246.127500	246.541250	F4	64	80	0	1
1017	246.427500	246.635000	F4	64	79	0	1
1018	246.427500	246.635000	F3	64	76	1	-3
1019	246.727500	246.911250	G4	64	76	0	3
1020	246.727500	247.113750	D4	64	81	0	3
1021	247.027500	247.276250	A4	64	79	0	5
1022	247.027500	247.220000	F3	64	82	1	-3
1023	247.327500	247.531250	C5	64	81	0	3
1024	247.327500	247.621250	F3	64	77	1	-3
1025	247.327500	247.705000	A3	64	80	1	-4
1026	247.327500	249.331250	F2	64	82	1	-5
1027	247.627500	248.545000	A4	64	79	0	5
1028	247.627500	248.636250	C3	64	64	1	-3
1029	247.927500	248.078750	C4	64	82	0	1
1030	248.227500	248.332500	F3	64	77	1	-3
1031	248.527500	248.970000	F3	64	86	1	-3
1032	248.527500	248.993750	F4	64	81	0	1
1033	248.827500	249.010000	G4	64	79	0	3
1034	248.827500	249.256250	C3	64	78	1	-3
1035	249.127500	249.336250	G4	64	81	0	3
1036	249.127500	249.263750	A3	64	79	1	-4
1037	249.127500	249.311250	C4	64	82	0	1
1038	249.427500	249.577500	G4	64	82	0	3
1039	249.427500	249.521250	F3	64	82	1	-3
1040	249.577500	249.727500	A4	64	82	0	5
1041	249.727500	250.027500	A#4	64	83	0	1
1042	249.727500	250.375000	A#3	64	85	1	-3
1043	249.727500	251.427500	D#2	64	79	1	-2
1044	250.027500	251.016250	A#4	64	82	0	1
1045	250.027500	250.445000	A#2	64	67	1	-5
1046	250.327500	250.687500	G3	64	81	1	-1
1047	250.627500	251.387500	A#2	64	68	1	-5
1048	250.927500	251.231250	A#3	64	87	1	-3
1049	250.927500	251.258750	D#4	64	88	0	4
1050	251.227500	251.527500	A#4	64	81	0	1
1051	251.227500	251.396250	G3	64	82	1	-1
1052	251.527500	251.736250	A4	64	76	0	5
1053	251.527500	251.820000	A#3	64	83	1	-3
1054	251.827500	252.046250	G4	64	82	0	3
1055	251.827500	251.952500	G3	64	81	1	-1
1056	252.127500	252.363750	G4	64	82	0	3
1057	252.127500	252.527500	D4	64	79	0	3
1058	252.127500	253.742500	D3	64	76	1	-1
1059	252.427500	252.696250	A4	64	72	0	5
1060	252.427500	252.745000	A3	64	76	1	-4
1061	252.727500	253.437500	F4	64	79	0	1
1062	252.727500	253.051250	D4	64	75	0	3
1063	253.027500	253.131250	A3	64	72	1	-4
1064	253.327500	253.477500	A3	64	81	1	-4
1065	253.327500	253.678750	F4	64	79	0	1
1066	253.327500	253.687500	D4	64	82	0	3
1067	253.627500	253.927500	F4	64	75	0	1
1068	253.627500	253.757500	A3	64	67	1	-4
1069	253.927500	254.012500	A3	64	77	1	-4
1070	253.927500	254.142500	D4	64	78	0	3
1071	254.227500	254.468750	F4	64	82	0	1
1072	254.227500	254.332500	A3	64	69	1	-4
1073	254.527500	254.887500	G4	64	82	0	3
1074	254.527500	254.701250	G3	64	79	1	-1
1075	254.527500	254.880000	C4	64	76	0	1
1076	254.527500	255.893750	C3	64	86	1	-3
1077	254.827500	255.001250	G3	64	69	1	-1
1078	255.127500	257.323750	G4	64	77	0	3
1079	255.127500	255.267500	C4	64	69	0	1
1080	255.427500	255.517500	G3	64	73	1	-1
1081	255.727500	255.843750	G3	64	84	1	-1
1082	255.727500	255.940000	E4	64	82	0	5
1083	256.027500	256.165000	G3	64	73	1	-1
1084	256.327500	256.692500	C4	64	81	0	1
1085	256.627500	256.831250	G3	64	73	1	-1
1086	256.927500	257.033750	C2	64	77	1	-5
1087	256.927500	257.058750	G3	64	77	1	-1
1088	256.927500	257.226250	C4	64	78	0	1
1089	257.227500	257.397500	G3	64	70	1	-1
1090	257.527500	257.703750	C4	64	81	0	1
1091	257.527500	257.642500	C4	64	66	0	1
1092	257.827500	258.051250	C4	64	81	0	1
1093	258.127500	258.363750	F4	64	82	0	1
1094	258.127500	258.272500	G3	64	81	1	-1
1095	258.127500	258.710000	E4	64	81	0	5
1096	258.127500	259.283750	C3	64	74	1	-3
1097	258.427500	258.953750	E4	64	85	0	5
1098	258.427500	258.706250	G3	64	60	1	-1
1099	258.727500	259.277500	C4	64	70	0	1
1100	259.027500	259.337500	F4	64	81	0	1
1101	259.327500	261.282500	D4	64	81	0	3
1102	259.327500	259.465000	A3	64	71	1	-4
1103	259.327500	259.542500	F4	64	81	0	1
1104	259.327500	259.616250	D3	64	85	1	-1
1105	259.627500	259.737500	D4	64	75	0	3
1106	259.627500	259.742500	A3	64	72	1	-4
1107	259.927500	260.000000	A3	64	54	1	-4
1108	259.927500	260.012500	D4	64	65	0	3
1109	260.227500	260.327500	A3	64	78	1	-4
1110	260.227500	260.348750	F4	64	83	0	1
1111	260.827500	260.911250	A3	64	60	1	-4
1112	260.827500	260.921250	D4	64	69	0	3
1113	261.127500	261.223750	D3	64	88	1	-1
1114	261.127500	261.245000	A3	64	76	1	-4
1115	261.127500	261.246250	D4	64	77	0	3
1116	261.427500	261.526250	A3	64	69	1	-4
1117	261.727500	261.853750	A#3	64	68	1	-3
1118	261.727500	261.907500	D4	64	77	0	3
1119	261.727500	263.351250	A#2	64	84	1	-5
1120	262.027500	262.101250	D4	64	67	0	3
1121	262.027500	262.103750	A#3	64	63	1	-3
1122	262.327500	262.395000	A#3	64	58	1	-3
1123	262.327500	262.412500	D4	64	70	0	3
1124	262.627500	263.006250	F4	64	83	0	1
1125	262.627500	263.032500	A#3	64	80	1	-3
1126	263.227500	263.328750	A#3	64	75	1	-3
1127	263.227500	263.342500	D4	64	77	0	3
1128	263.527500	263.642500	A#3	64	80	1	-3
1129	263.527500	263.716250	D4	64	81	0	3
1130	264.127500	264.260000	G3	64	77	1	-1
1131	264.127500	264.421250	C4	64	79	0	1
1132	264.127500	265.147500	C3	64	83	1	-3
1133	264.427500	264.505000	G3	64	77	1	-1
1134	264.727500	264.816250	G3	64	73	1	-1
1135	264.727500	264.817500	E4	64	79	0	5
1136	265.027500	265.152500	G3	64	83	1	-1
1137	265.027500	265.161250	E4	64	87	0	5
1138	265.327500	266.288750	C3	64	78	1	-3
1139	265.627500	265.828750	G3	64	77	1	-1
1140	265.627500	265.853750	C4	64	81	0	1
1141	266.227500	266.332500	G3	64	79	1	-1
1142	266.227500	266.357500	C4	64	82	0	1
1143	266.527500	266.687500	A3	64	75	1	-4
1144	266.527500	266.868750	D4	64	75	0	3
1145	266.527500	267.613750	D3	64	87	1	-1
1146	266.827500	266.911250	A3	64	66	1	-4
1147	267.127500	267.217500	A3	64	73	1	-4
1148	267.127500	267.218750	F4	64	79	0	1
1149	267.427500	267.586250	A3	64	81	1	-4
1150	267.427500	267.818750	F4	64	81	0	1
1151	267.727500	268.202500	D3	64	80	1	-1
1152	268.027500	268.473750	A3	64	74	1	-4
1153	268.027500	268.495000	D4	64	80	0	3
1154	268.327500	268.925000	D3	64	81	1	-1
1155	268.627500	268.838750	A3	64	75	1	-4
1156	268.627500	268.842500	E4	64	81	0	5
1157	268.927500	269.065000	A3	64	71	1	-4
1158	268.927500	269.142500	F4	64	81	0	1
1159	268.927500	269.216250	D3	64	85	1	-1
1160	269.227500	269.337500	D4	64	75	0	3
1161	269.227500	269.342500	A3	64	72	1	-4
1162	269.527500	269.600000	A3	64	54	1	-4
1163	269.527500	269.612500	D4	64	65	0	3
1164	269.827500	269.927500	A3	64	78	1	-4
1165	269.827500	269.948750	F4	64	83	0	1
1166	270.427500	270.511250	A3	64	60	1	-4
1167	270.427500	270.521250	D4	64	69	0	3
1168	270.727500	270.823750	D3	64	88	1	-1
1169	270.727500	270.845000	A3	64	76	1	-4
1170	270.727500	270.846250	D4	64	77	0	3
1171	271.027500	271.126250	A3	64	69	1	-4
1172	271.327500	271.453750	A#3	64	68	1	-3
1173	271.327500	271.507500	D4	64	77	0	3
1174	271.327500	272.951250	A#2	64	84	1	-5
1175	271.627500	271.701250	D4	64	67	0	3
1176	271.627500	271.703750	A#3	64	63	1	-3
1177	271.927500	271.995000	A#3	64	58	1	-3
1178	271.927500	272.012500	D4	64	70	0	3
1179	272.227500	272.606250	F4	64	83	0	1
1180	272.227500	272.632500	A#3	64	80	1	-3
1181	272.827500	272.928750	A#3	64	75	1	-3
1182	272.827500	272.942500	D4	64	77	0	3
1183	273.127500	273.242500	A#3	64	80	1	-3
1184	273.127500	273.316250	D4	64	81	0	3
1185	273.727500	273.860000	G3	64	77	1	-1
1186	273.727500	274.021250	C4	64	79	0	1
1187	273.727500	274.747500	C3	64	83	1	-3
1188	274.027500	274.105000	G3	64	77	1	-1
1189	274.327500	274.416250	G3	64	73	1	-1
1190	274.327500	274.417500	E4	64	79	0	5
1191	274.627500	274.752500	G3	64	83	1	-1
1192	274.627500	274.761250	E4	64	87	0	5
1193	274.927500	275.888750	C3	64	78	1	-3
1194	275.227500	275.428750	G3	64	77	1	-1
1195	275.227500	275.453750	C4	64	81	0	1
1196	275.827500	275.932500	G3	64	79	1	-1
1197	275.827500	275.957500	C4	64	82	0	1
1198	276.127500	276.287500	A3	64	75	1	-4
1199	276.127500	276.468750	D4	64	75	0	3
1200	276.127500	277.213750	D3	64	87	1	-1
1201	276.427500	276.511250	A3	64	66	1	-4
1202	276.727500	276.817500	A3	64	73	1	-4
1203	276.727500	276.818750	F4	64	79	0	1
1204	277.027500	277.186250	A3	64	81	1	-4
1205	277.027500	277.418750	F4	64	81	0	1
1206	277.327500	277.802500	D3	64	80	1	-1
1207	277.627500	277.777500	D4	64	82	0	3
1208	277.627500	278.073750	A3	64	74	1	-4
1209	277.627500	278.095000	D4	64	80	0	3
1210	277.927500	278.148750	D4	64	78	0	3
1211	277.927500	278.525000	D3	64	81	1	-1
1212	278.227500	278.448750	E4	64	83	0	5
1213	278.227500	278.438750	A3	64	75	1	-4
1214	278.227500	278.442500	E4	64	81	0	5
1215	278.527500	278.751250	F4	64	76	0	1
1216	278.527500	278.720000	A3	64	76	1	-4
1217	278.527500	278.895000	F4	64	79	0	1
1218	278.527500	279.300000	F2	64	81	1	-5
1219	278.827500	279.877500	F4	64	79	0	1
1220	278.827500	278.957500	A3	64	70	1	-4
1221	279.127500	279.201250	C4	64	73	0	1
1222	279.427500	279.528750	A3	64	83	1	-4
1223	279.427500	279.550000	F4	64	82	0	1
1224	279.427500	279.583750	F2	64	83	1	-5
1225	280.027500	280.195000	A4	64	78	0	5
1226	280.027500	280.157500	A3	64	70	1	-4
1227	280.327500	280.561250	A4	64	79	0	5
1228	280.327500	280.507500	F2	64	80	1	-5
1229	280.327500	280.507500	C4	64	84	0	1
1230	280.327500	280.717500	F4	64	81	0	1
1231	280.627500	280.897500	G4	64	80	0	3
1232	280.627500	280.701250	A3	64	75	1	-4
1233	280.927500	281.167500	F4	64	81	0	1
1234	280.927500	281.057500	G3	64	76	1	-1
1235	280.927500	281.211250	C4	64	76	0	1
1236	280.927500	281.587500	C3	64	82	1	-3
1237	281.227500	282.390000	G4	64	79	0	3
1238	281.227500	281.365000	G3	64	75	1	-1
1239	281.527500	281.642500	C4	64	74	0	1
1240	281.827500	281.947500	C3	64	95	1	-3
1241	281.827500	281.963750	G3	64	75	1	-1
1242	281.827500	282.002500	E4	64	81	0	5
1243	282.427500	282.616250	A4	64	79	0	5
1244	282.427500	282.531250	G3	64	77	1	-1
1245	282.727500	282.946250	A4	64	82	0	5
1246	282.727500	282.832500	C3	64	81	1	-3
1247	282.727500	282.847500	G3	64	82	1	-1
1248	282.727500	282.852500	C4	64	81	0	1
1249	283.027500	283.266250	C5	64	83	0	3
1250	283.327500	283.513750	D5	64	82	0	5
1251	283.327500	283.467500	A#3	64	76	1	-3
1252	283.327500	283.531250	D4	64	81	0	3
1253	283.327500	284.025000	A#2	64	82	1	-5
1254	283.627500	284.348750	D5	64	82	0	5
1255	283.627500	283.970000	A#3	64	68	1	-3
1256	283.927500	283.990000	D4	64	64	0	3
1257	284.227500	284.402500	A#3	64	78	1	-3
1258	284.227500	284.410000	A#2	64	85	1	-5
1259	284.227500	284.425000	F4	64	82	0	1
1260	284.827500	285.035000	F4	64	79	0	1
1261	284.827500	284.937500	A#3	64	68	1	-3
1262	285.127500	285.311250	G4	64	76	0	3
1263	285.127500	285.238750	A#3	64	76	1	-3
1264	285.127500	285.240000	A#2	64	92	1	-5
1265	285.127500	285.341250	D4	64	77	0	3
1266	285.427500	285.676250	A4	64	79	0	5
1267	285.727500	285.931250	C5	64	81	0	3
1268	285.727500	285.877500	A3	64	75	1	-4
1269	285.727500	286.001250	C4	64	77	0	1
1270	285.727500	286.431250	F2	64	83	1	-5
1271	286.027500	286.945000	A4	64	79	0	5
1272	286.027500	286.122500	A3	64	60	1	-4
1273	286.327500	286.447500	C4	64	64	0	1
1274	286.627500	286.938750	A3	64	75	1	-4
1275	286.627500	287.090000	F4	64	82	0	1
1276	286.627500	287.400000	F2	64	82	1	-5
1277	287.227500	287.410000	G4	64	79	0	3
1278	287.227500	287.595000	A3	64	78	1	-4
1279	287.227500	287.688750	C4	64	84	0	1
1280	287.527500	287.736250	G4	64	81	0	3
1281	287.527500	287.795000	F2	64	82	1	-5
1282	287.827500	287.977500	G4	64	82	0	3
1283	287.827500	287.937500	A3	64	82	1	-4
1284	287.977500	288.127500	A4	64	82	0	5
1285	288.127500	288.427500	A#4	64	83	0	1
1286	288.127500	288.307500	G3	64	81	1	-1
1287	288.127500	288.450000	A#3	64	76	1	-3
1288	288.127500	288.573750	D#2	64	88	1	-2
1289	288.427500	289.416250	A#4	64	82	0	1
1290	288.427500	288.541250	G3	64	71	1	-1
1291	288.727500	288.842500	A#3	64	66	1	-3
1292	289.027500	289.382500	G3	64	84	1	-1
1293	289.027500	289.475000	A#3	64	82	1	-3
1294	289.027500	289.555000	D#4	64	82	0	4
1295	289.627500	289.927500	A#4	64	81	0	1
1296	289.627500	289.773750	G3	64	77	1	-1
1297	289.927500	290.136250	A4	64	76	0	5
1298	289.927500	290.042500	G3	64	81	1	-1
1299	289.927500	290.057500	A#2	64	78	1	-5
1300	289.927500	290.112500	A#3	64	87	1	-3
1301	289.927500	290.280000	D#4	64	81	0	4
1302	290.227500	290.446250	G4	64	82	0	3
1303	290.227500	290.300000	G3	64	73	1	-1
1304	290.527500	290.763750	G4	64	82	0	3
1305	290.527500	290.700000	A3	64	71	1	-4
1306	290.527500	290.903750	D4	64	74	0	3
1307	290.527500	291.430000	D3	64	82	1	-1
1308	290.827500	291.096250	A4	64	72	0	5
1309	290.827500	291.071250	A3	64	69	1	-4
1310	291.127500	291.837500	F4	64	79	0	1
1311	291.127500	291.217500	D4	64	73	0	3
1312	291.427500	291.522500	A3	64	82	1	-4
1313	291.427500	291.532500	F4	64	82	0	1
1314	292.027500	292.327500	F4	64	75	0	1
1315	292.027500	292.132500	A3	64	76	1	-4
1316	292.327500	292.405000	A3	64	80	1	-4
1317	292.327500	292.427500	D3	64	84	1	-1
1318	292.327500	292.490000	D4	64	82	0	3
1319	292.627500	292.868750	F4	64	82	0	1
1320	292.627500	292.747500	A3	64	81	1	-4
1321	292.927500	293.287500	A4	64	82	0	5
1322	292.927500	293.053750	G3	64	81	1	-1
1323	292.927500	293.191250	C4	64	79	0	1
1324	292.927500	293.961250	C3	64	84	1	-3
1325	293.227500	295.723750	G4	64	77	0	3
1326	293.227500	293.305000	G3	64	73	1	-1
1327	293.527500	293.592500	E4	64	77	0	5
1328	293.527500	293.597500	G3	64	76	1	-1
1329	293.827500	293.980000	G3	64	87	1	-1
1330	293.827500	293.986250	E4	64	82	0	5
1331	294.427500	294.632500	G3	64	81	1	-1
1332	294.427500	294.682500	C4	64	83	0	1
1333	295.327500	295.493750	G3	64	82	1	-1
1334	295.327500	295.621250	C4	64	82	0	1
1335	295.327500	296.346250	C3	64	88	1	-3
1336	295.627500	295.700000	G3	64	73	1	-1
1337	295.927500	295.978750	E4	64	71	0	5
1338	295.927500	296.017500	G3	64	81	1	-1
1339	296.227500	296.581250	E4	64	88	0	5
1340	296.227500	296.592500	G3	64	88	1	-1
1341	296.527500	297.027500	C3	64	86	1	-3
1342	296.827500	297.127500	A4	64	82	0	5
1343	296.827500	297.038750	G3	64	82	1	-1
1344	296.827500	297.490000	C4	64	85	0	1
1345	297.127500	297.348750	A4	64	78	0	5
1346	297.127500	297.663750	C3	64	86	1	-3
1347	297.427500	297.648750	C5	64	83	0	3
1348	297.427500	297.622500	G3	64	85	1	-1
1349	297.727500	297.951250	D5	64	76	0	5
1350	297.727500	297.872500	F3	64	81	1	-3
1351	297.727500	298.015000	F4	64	82	0	1
1352	297.727500	298.786250	A#2	64	90	1	-5
1353	298.027500	299.077500	D5	64	79	0	5
1354	298.027500	298.188750	F3	64	80	1	-3
1355	298.627500	298.763750	D4	64	81	0	3
1356	298.627500	298.768750	F3	64	79	1	-3
1357	299.227500	299.527500	D5	64	78	0	5
1358	299.227500	299.362500	F3	64	69	1	-3
1359	299.527500	299.637500	A#2	64	95	1	-5
1360	299.527500	299.693750	F3	64	82	1	-3
1361	299.527500	299.832500	A#3	64	83	1	-3
1362	299.827500	300.061250	D5	64	79	0	5
1363	299.827500	299.922500	F3	64	74	1	-3
1364	300.127500	300.367500	C5	64	81	0	3
1365	300.127500	300.307500	F3	64	80	1	-3
1366	300.127500	300.315000	A3	64	86	1	-4
1367	300.127500	302.160000	F2	64	82	1	-5
1368	300.727500	301.477500	A4	64	79	0	5
1369	300.727500	300.763750	C4	64	64	0	1
1370	300.727500	300.801250	A3	64	69	1	-4
1371	300.727500	300.803750	F4	64	74	0	1
1372	301.027500	301.168750	A3	64	81	1	-4
1373	301.027500	301.186250	C4	64	83	0	1
1374	301.027500	301.212500	F4	64	81	0	1
1375	301.327500	302.160000	C3	64	71	1	-3
1376	301.627500	301.816250	A4	64	79	0	5
1377	301.627500	301.703750	A3	64	65	1	-4
1378	301.927500	302.146250	A4	64	82	0	5
1379	301.927500	302.028750	A3	64	78	1	-4
1380	301.927500	302.041250	C4	64	85	0	1
1381	301.927500	302.188750	F4	64	81	0	1
1382	302.227500	302.466250	C5	64	83	0	3
1383	302.527500	302.713750	D5	64	82	0	5
1384	302.527500	302.725000	F3	64	77	1	-3
1385	302.527500	302.782500	A#3	64	77	1	-3
1386	302.527500	303.592500	A#2	64	83	1	-5
1387	302.827500	303.548750	D5	64	82	0	5
1388	303.127500	303.221250	A#3	64	70	1	-3
1389	303.127500	303.240000	F4	64	72	0	1
1390	303.427500	303.598750	A#3	64	88	1	-3
1391	303.427500	303.695000	F4	64	86	0	1
1392	304.027500	304.235000	F4	64	79	0	1
1393	304.027500	304.168750	A#3	64	61	1	-3
1394	304.327500	304.511250	G4	64	76	0	3
1395	304.327500	304.465000	A#3	64	72	1	-3
1396	304.327500	304.493750	A#2	64	82	1	-5
1397	304.327500	304.690000	D4	64	78	0	3
1398	304.627500	304.876250	A4	64	79	0	5
1399	304.927500	305.131250	C5	64	81	0	3
1400	304.927500	305.116250	A3	64	71	1	-4
1401	304.927500	305.257500	C4	64	74	0	1
1402	304.927500	306.633750	F2	64	81	1	-5
1403	305.227500	306.145000	A4	64	79	0	5
1404	305.227500	305.302500	A3	64	64	1	-4
1405	305.527500	305.600000	C4	64	72	0	1
1406	305.527500	305.632500	F4	64	75	0	1
1407	305.827500	306.063750	C4	64	83	0	1
1408	305.827500	306.135000	F4	64	83	0	1
1409	306.427500	306.610000	G4	64	79	0	3
1410	306.427500	306.557500	A3	64	57	1	-4
1411	306.727500	306.936250	G4	64	81	0	3
1412	306.727500	306.821250	C4	64	80	0	1
1413	306.727500	306.836250	A3	64	81	1	-4
1414	306.727500	306.853750	F4	64	78	0	1
1415	307.027500	307.177500	G4	64	82	0	3
1416	307.177500	307.327500	A4	64	82	0	5
1417	307.327500	307.627500	A#4	64	83	0	1
1418	307.327500	307.546250	D#4	64	80	0	4
1419	307.327500	307.608750	A#3	64	81	1	-3
1420	307.327500	308.360000	D#2	64	80	1	-2
1421	307.627500	308.616250	A#4	64	82	0	1
1422	307.627500	307.767500	G3	64	70	1	-1
1423	307.927500	307.995000	D#4	64	71	0	4
1424	307.927500	308.026250	A#3	64	72	1	-3
1425	308.227500	308.377500	A#3	64	90	1	-3
1426	308.227500	308.422500	D#4	64	83	0	4
1427	308.527500	308.652500	G3	64	79	1	-1
1428	308.827500	309.127500	A#4	64	81	0	1
1429	308.827500	308.953750	A#3	64	83	1	-3
1430	309.127500	309.336250	A4	64	76	0	5
1431	309.127500	309.237500	G3	64	77	1	-1
1432	309.127500	309.247500	D#2	64	83	1	-2
1433	309.127500	309.322500	A#3	64	84	1	-3
1434	309.127500	309.356250	D#4	64	81	0	4
1435	309.427500	309.646250	G4	64	82	0	3
1436	309.727500	309.963750	G4	64	82	0	3
1437	309.727500	309.895000	A3	64	72	1	-4
1438	309.727500	310.105000	D4	64	77	0	3
1439	309.727500	310.751250	D3	64	84	1	-1
1440	310.027500	310.296250	A4	64	72	0	5
1441	310.027500	310.116250	A3	64	69	1	-4
1442	310.327500	311.037500	F4	64	79	0	1
1443	310.327500	310.415000	A3	64	77	1	-4
1444	310.327500	310.417500	F4	64	77	0	1
1445	310.627500	310.752500	A3	64	83	1	-4
1446	310.627500	310.752500	F4	64	84	0	1
1447	311.227500	311.527500	F4	64	75	0	1
1448	311.227500	311.383750	A3	64	63	1	-4
1449	311.527500	311.652500	A3	64	79	1	-4
1450	311.527500	311.678750	D3	64	85	1	-1
1451	311.527500	311.712500	F4	64	80	0	1
1452	311.527500	311.735000	D4	64	81	0	3
1453	311.827500	312.068750	F4	64	82	0	1
1454	311.827500	311.910000	A3	64	68	1	-4
1455	312.127500	312.487500	G4	64	82	0	3
1456	312.127500	312.450000	E4	64	77	0	5
1457	312.127500	312.482500	C4	64	74	0	1
1458	312.127500	314.386250	C3	64	82	1	-3
1459	312.427500	312.543750	G3	64	55	1	-1
1460	312.727500	319.177500	G4	64	77	0	3
1461	312.727500	312.890000	G3	64	85	1	-1
1462	312.727500	313.121250	C4	64	84	0	1
1463	313.027500	313.165000	G3	64	70	1	-1
1464	313.327500	313.505000	G3	64	82	1	-1
1465	313.327500	313.636250	E4	64	83	0	5
1466	313.627500	313.828750	G3	64	76	1	-1
1467	313.927500	314.102500	G3	64	82	1	-1
1468	313.927500	314.200000	C4	64	82	0	1
1469	314.227500	314.347500	G3	64	68	1	-1
1470	314.527500	314.672500	G3	64	81	1	-1
1471	314.527500	314.768750	C4	64	83	0	1
1472	314.527500	315.548750	C3	64	95	1	-3
1473	314.827500	314.906250	G3	64	70	1	-1
1474	315.127500	315.168750	C4	64	50	0	1
1475	315.427500	315.671250	G3	64	83	1	-1
1476	315.427500	315.755000	C4	64	84	0	1
1477	315.427500	315.767500	E4	64	84	0	5
1478	315.727500	316.687500	C3	64	79	1	-3
1479	316.027500	316.162500	G3	64	79	1	-1
1480	316.327500	316.416250	G3	64	77	1	-1
1481	316.327500	316.726250	D4	64	81	0	3
1482	316.627500	316.826250	G3	64	82	1	-1
1483	316.927500	318.120000	G3	64	80	1	-1
1484	316.927500	318.147500	C3	64	86	1	-3
1485	316.927500	318.181250	C4	64	83	0	1
1486	326.527500	328.792500	D3	64	84	1	-1
1487	326.827500	327.271250	A3	64	69	1	-4
1488	327.127500	327.758750	D4	64	81	0	3
1489	327.427500	327.836250	A3	64	67	1	-4
1490	327.727500	328.412500	E4	64	82	0	5
1491	328.027500	328.377500	A3	64	62	1	-4
1492	328.327500	329.057500	D4	64	81	0	3
1493	328.627500	329.076250	A3	64	66	1	-4
1494	328.927500	329.928750	A4	64	65	0	5
1495	328.927500	331.062500	C3	64	82	1	-3
1496	329.227500	329.622500	A3	64	69	1	-4
1497	329.527500	330.210000	D4	64	75	0	3
1498	329.827500	330.215000	A3	64	63	1	-4
1499	330.127500	330.781250	E4	64	80	0	5
1500	330.427500	330.722500	A3	64	63	1	-4
1501	330.727500	331.543750	D4	64	81	0	3
1502	331.027500	331.543750	A3	64	69	1	-4
1503	331.327500	332.557500	A4	64	68	0	5
1504	331.327500	333.548750	A#2	64	77	1	-5
1505	331.627500	332.003750	A3	64	71	1	-4
1506	331.927500	332.591250	D4	64	78	0	3
1507	332.227500	332.598750	A3	64	66	1	-4
1508	332.527500	333.193750	E4	64	81	0	5
1509	332.827500	333.173750	A3	64	66	1	-4
1510	333.127500	333.791250	D4	64	81	0	3
1511	333.427500	333.726250	A3	64	67	1	-4
1512	333.727500	335.482500	D3	64	84	1	-1
1513	334.027500	334.410000	A3	64	77	1	-4
1514	334.327500	334.806250	D4	64	77	0	3
1515	334.627500	334.982500	A3	64	77	1	-4
1516	334.927500	335.591250	E4	64	81	0	5
1517	335.227500	335.628750	A3	64	76	1	-4
1518	335.527500	336.050000	D4	64	82	0	3
1519	335.827500	336.063750	A3	64	78	1	-4
1520	336.127500	338.392500	D3	64	84	1	-1
1521	336.427500	336.871250	A3	64	69	1	-4
1522	336.727500	337.358750	D4	64	81	0	3
1523	337.027500	337.436250	A3	64	67	1	-4
1524	337.327500	338.012500	E4	64	82	0	5
1525	337.627500	337.977500	A3	64	62	1	-4
1526	337.927500	338.657500	D4	64	81	0	3
1527	338.227500	338.676250	A3	64	66	1	-4
1528	338.527500	339.528750	A4	64	65	0	5
1529	338.527500	340.662500	C3	64	82	1	-3
1530	338.827500	339.222500	A3	64	69	1	-4
1531	339.127500	339.810000	D4	64	75	0	3
1532	339.427500	339.815000	A3	64	63	1	-4
1533	339.727500	340.381250	E4	64	80	0	5
1534	340.027500	340.322500	A3	64	63	1	-4
1535	340.327500	341.143750	D4	64	81	0	3
1536	340.627500	341.143750	A3	64	69	1	-4
1537	340.927500	342.157500	A4	64	68	0	5
1538	340.927500	343.148750	A#2	64	77	1	-5
1539	341.227500	341.603750	A3	64	71	1	-4
1540	341.527500	342.191250	D4	64	78	0	3
1541	341.827500	342.198750	A3	64	66	1	-4
1542	342.127500	342.793750	E4	64	81	0	5
1543	342.427500	342.773750	A3	64	66	1	-4
1544	342.727500	343.391250	D4	64	81	0	3
1545	343.027500	343.326250	A3	64	67	1	-4
1546	343.327500	345.082500	D3	64	84	1	-1
1547	343.627500	344.010000	A3	64	77	1	-4
1548	343.927500	344.406250	D4	64	77	0	3
1549	344.227500	344.582500	A3	64	77	1	-4
1550	344.527500	345.191250	E4	64	81	0	5
1551	344.827500	345.228750	A3	64	76	1	-4
1552	345.127500	345.650000	D4	64	82	0	3
1553	345.427500	345.663750	A3	64	78	1	-4
1554	345.727500	345.893750	A4	64	83	0	5
1555	345.727500	347.706250	D3	64	85	1	-1
1556	346.027500	348.172500	A4	64	85	0	5
1557	346.027500	346.377500	A3	64	81	1	-4
1558	346.327500	346.675000	D4	64	74	0	3
1559	346.627500	346.995000	A3	64	69	1	-4
1560	346.927500	347.482500	E4	64	83	0	5
1561	347.227500	347.553750	A3	64	76	1	-4
1562	347.527500	348.211250	D4	64	75	0	3
1563	347.827500	348.228750	A3	64	76	1	-4
1564	348.127500	350.395000	D3	64	79	1	-1
1565	348.427500	348.852500	A4	64	81	0	5
1566	348.427500	348.731250	A3	64	72	1	-4
1567	348.727500	349.093750	D4	64	76	0	3
1568	349.027500	349.231250	A4	64	74	0	5
1569	349.327500	349.842500	A4	64	82	0	5
1570	349.327500	349.798750	E4	64	81	0	5
1571	349.627500	349.961250	A3	64	75	1	-4
1572	349.927500	350.227500	A4	64	81	0	5
1573	349.927500	350.358750	D4	64	81	0	3
1574	350.227500	350.585000	A3	64	82	1	-4
1575	350.527500	350.737500	A4	64	82	0	5
1576	350.527500	352.663750	C3	64	81	1	-3
1577	350.827500	350.998750	G4	64	77	0	3
1578	350.827500	351.173750	A3	64	77	1	-4
1579	351.127500	351.321250	F4	64	80	0	1
1580	351.127500	351.486250	D4	64	81	0	3
1581	351.427500	353.177500	G4	64	81	0	3
1582	351.427500	351.807500	A3	64	66	1	-4
1583	351.727500	352.301250	E4	64	82	0	5
1584	352.027500	352.342500	A3	64	69	1	-4
1585	352.327500	353.075000	D4	64	73	0	3
1586	352.627500	353.045000	A3	64	69	1	-4
1587	352.927500	354.491250	C3	64	82	1	-3
1588	353.227500	353.552500	A3	64	74	1	-4
1589	353.527500	353.721250	D4	64	74	0	3
1590	353.827500	354.053750	A3	64	67	1	-4
1591	354.127500	354.557500	E4	64	82	0	5
1592	354.427500	354.727500	D4	64	82	0	3
1593	354.427500	354.781250	A3	64	72	1	-4
1594	354.727500	354.906250	D4	64	82	0	3
1595	354.727500	355.120000	D4	64	76	0	3
1596	355.027500	355.231250	D4	64	82	0	3
1597	355.027500	355.293750	A3	64	75	1	-4
1598	355.327500	355.541250	F4	64	76	0	1
1599	355.327500	357.536250	A#2	64	81	1	-5
1600	355.627500	357.432500	F4	64	75	0	1
1601	355.627500	355.980000	A#3	64	72	1	-3
1602	355.927500	356.596250	D4	64	74	0	3
1603	356.227500	356.630000	A#3	64	61	1	-3
1604	356.527500	356.880000	F4	64	82	0	1
1605	356.827500	357.138750	A#3	64	70	1	-3
1606	357.127500	357.672500	D4	64	77	0	3
1607	357.427500	357.795000	A#3	64	69	1	-3
1608	357.713750	359.745000	A#2	64	79	1	-5
1609	358.000000	358.350000	A#3	64	75	1	-3
1610	358.316250	358.750000	D4	64	82	0	3
1611	358.327500	358.506250	D4	64	81	0	3
1612	358.626250	358.997500	A#3	64	69	1	-3
1613	358.627500	358.873750	D4	64	80	0	3
1614	358.927500	359.382500	F4	64	77	0	1
1615	358.955000	359.570000	F4	64	83	0	1
1616	359.257500	359.605000	A#3	64	70	1	-3
1617	359.527500	359.773750	D4	64	80	0	3
1618	359.585000	360.253750	D4	64	76	0	3
1619	359.827500	360.391250	C4	64	77	0	1
1620	359.860000	360.178750	A#3	64	66	1	-3
1621	360.148750	361.607500	D2	64	83	1	-3
1622	360.427500	362.327500	D4	64	77	0	3
1623	360.490000	361.543750	A2	64	63	1	-1
1624	360.801250	361.540000	A3	64	72	1	-4
1625	361.152500	361.617500	D4	64	73	0	3
1626	361.538750	362.246250	F4	64	78	0	1
1627	362.040000	362.195000	A3	64	75	1	-4
1628	362.492500	363.818750	D3	64	57	1	-1
1629	362.696250	363.768750	A3	64	61	1	-4
1630	362.707500	364.371250	D4	64	60	0	3
1631	362.780000	364.382500	F4	64	53	0	1
1632	362.891250	364.418750	D5	64	61	0	5
