//Version: PianoFingering_v170101
0	1.130207	2.480899	C#3	64	50	1	-2
1	1.553817	2.470482	G#3	64	56	1	-5
2	1.968747	2.480899	C#4	64	60	0	2
3	2.465274	3.760411	F#2	64	67	1	-4
4	2.685760	3.796869	F#3	64	65	1	-2
5	2.690968	3.630203	C#3	64	70	1	-2
6	2.769093	3.776036	A#3	64	66	1	-3
7	2.845482	3.744786	C#4	64	65	0	2
8	4.378465	4.996520	F3	64	67	1	-3
9	4.416660	5.557283	G#3	64	67	1	-5
10	4.470479	5.505200	C4	64	57	0	1
11	4.475687	5.418394	F2	64	77	1	-5
12	4.881937	5.383672	C3	64	57	1	-3
13	5.329853	5.590269	F3	64	67	1	-3
14	6.005199	6.913183	C4	64	39	0	1
15	6.131935	7.104155	F2	64	55	1	-5
16	6.135407	7.038183	G#4	64	60	0	4
17	7.656238	7.876724	A#3	64	61	1	-3
18	7.781238	8.723944	F#4	64	73	0	2
19	7.782974	8.791653	D#3	64	74	1	-5
20	8.230890	8.776028	A#3	64	60	1	-3
21	8.666653	8.807278	D#4	64	72	0	4
22	9.338527	9.918387	G#3	64	63	1	-5
23	9.392346	10.286442	C4	64	69	0	1
24	9.439221	10.833316	G#2	64	76	1	-2
25	9.484360	10.312483	D#4	64	75	0	4
26	9.835054	10.645816	D#3	64	61	1	-5
27	10.307275	10.579844	G#3	64	79	1	-5
28	10.965260	11.168385	G#3	64	65	1	-5
29	11.053802	11.677065	C#4	64	71	0	2
30	11.111093	12.555535	C#3	64	75	1	-2
31	11.142343	11.585051	F4	64	79	0	1
32	11.517343	12.038175	G#3	64	72	1	-5
33	11.960050	12.711785	F#4	64	73	0	2
34	11.980884	12.456577	C#4	64	72	0	2
35	12.350675	13.045118	G#3	64	73	1	-5
36	12.737827	13.453103	C#4	64	60	0	2
37	12.753452	12.977410	C#3	64	71	1	-2
38	12.758660	14.508657	F4	64	69	0	1
39	13.216993	13.807270	G#3	64	70	1	-5
40	13.668381	14.135394	C#4	64	68	0	2
41	14.085047	14.425324	G#3	64	67	1	-5
42	14.501713	15.373239	C#4	64	71	0	2
43	14.501713	15.397545	F#4	64	70	0	2
44	14.501713	15.807266	F#2	64	78	1	-4
45	15.126712	15.803794	C#3	64	42	1	-2
46	15.335045	15.748239	A#4	64	78	0	1
47	15.751711	16.251710	C#4	64	72	0	2
48	16.168377	16.673584	F#4	64	64	0	2
49	16.168377	16.828098	A4	64	66	0	5
50	16.168377	17.529486	F#3	64	78	1	-2
51	16.585043	17.128445	C#4	64	67	0	2
52	17.001709	17.758652	F#4	64	68	0	2
53	17.418375	17.838513	C#4	64	57	0	2
54	17.835041	18.765595	F2	64	79	1	-5
55	18.251707	18.770803	C3	64	66	1	-3
56	18.668373	19.100664	G#3	64	74	1	-5
57	18.668373	19.130178	C4	64	78	0	1
58	19.085039	19.142330	F3	64	69	1	-3
59	19.501705	20.124968	C#4	64	67	0	2
60	19.501705	20.170107	A#3	64	66	1	-3
61	19.501705	20.802050	A#2	64	78	1	-5
62	19.918371	20.798578	F3	64	65	1	-3
63	20.335037	20.682259	F4	64	78	0	1
64	21.168369	21.661424	F#4	64	76	0	2
65	21.168369	22.291631	D#3	64	76	1	-5
66	21.585035	22.079826	A#3	64	79	1	-3
67	22.001701	22.439200	D#4	64	79	0	4
68	22.418367	22.585033	A#3	64	66	1	-3
69	22.835033	23.376699	D#4	64	71	0	4
70	22.835033	23.440935	G#3	64	65	1	-5
71	22.835033	24.201350	G#2	64	77	1	-2
72	23.251699	24.046837	D#3	64	68	1	-5
73	23.668365	24.163156	C4	64	73	0	1
74	24.085031	24.574613	G#3	64	79	1	-5
75	24.501697	24.956557	C#4	64	80	0	2
76	24.501697	26.078083	C#3	64	73	1	-2
77	24.918363	25.397529	G#3	64	78	1	-5
78	25.335029	25.942667	F#4	64	70	0	2
79	25.751695	26.376694	G#3	64	74	1	-5
80	26.168361	26.618013	C#4	64	63	0	2
81	26.168361	27.017318	F4	64	69	0	1
82	26.168361	27.581553	C#3	64	78	1	-2
83	26.585027	27.107596	G#3	64	69	1	-5
84	27.001693	27.416623	G#3	64	82	1	-5
85	27.001693	27.463498	D#4	64	63	0	4
86	27.418359	27.831553	C#4	64	79	0	2
87	27.418359	27.737803	C#4	64	68	0	2
88	27.835025	28.949606	F4	64	85	0	1
89	27.835025	28.076344	G#3	64	72	1	-5
90	27.835025	28.305510	C#4	64	73	0	2
91	27.835025	29.296828	C#3	64	72	1	-2
92	28.251691	28.590232	G#3	64	66	1	-5
93	28.668357	29.399259	F4	64	79	0	1
94	29.085023	29.430508	G#4	64	79	0	4
95	29.501689	30.147521	F4	64	81	0	1
96	29.501689	29.595439	C#4	64	35	0	2
97	29.501689	30.664881	C#3	64	75	1	-2
98	29.918355	30.383632	G#3	64	78	1	-5
99	30.335021	30.689187	D#4	64	78	0	4
100	30.335021	30.753423	C#4	64	66	0	2
101	30.335021	30.836756	F4	64	78	0	1
102	30.751687	31.058978	C#4	64	81	0	2
103	30.751687	31.008631	G#3	64	72	1	-5
104	31.168353	31.487797	C#4	64	79	0	2
105	31.168353	32.043352	A#3	64	66	1	-3
106	31.168353	32.131893	F#2	64	71	1	-4
107	31.585019	31.968699	C#4	64	82	0	2
108	31.585019	32.213490	C#3	64	69	1	-2
109	32.001685	32.341962	C#4	64	78	0	2
110	32.001685	32.201337	F#3	64	78	1	-2
111	32.418351	32.730850	A#3	64	78	1	-3
112	32.835017	33.536405	G#3	64	73	1	-5
113	32.835017	33.022517	G#3	64	66	1	-5
114	32.835017	33.336752	C#4	64	70	0	2
115	32.835017	33.696127	C#3	64	78	1	-2
116	33.251683	33.664877	G#3	64	75	1	-5
117	33.668349	33.954807	G#3	64	79	1	-5
118	33.668349	33.815918	F4	64	78	0	1
119	34.085015	34.361056	C#4	64	80	0	2
120	34.501681	35.666610	F4	64	81	0	1
121	34.501681	35.196124	F4	64	79	0	1
122	34.501681	35.227374	C#4	64	65	0	2
123	34.501681	35.805498	C#3	64	80	1	-2
124	34.918347	35.808970	G#3	64	66	1	-5
125	35.335013	35.680498	G#4	64	76	0	4
126	35.751679	36.071123	G#4	64	78	0	4
127	36.168345	36.482581	G#4	64	78	0	4
128	36.168345	36.673552	C#4	64	67	0	2
129	36.168345	37.071121	F4	64	73	0	1
130	36.168345	37.383621	C#3	64	78	1	-2
131	36.585011	36.881885	G#4	64	78	0	4
132	36.585011	37.343690	G#3	64	68	1	-5
133	37.001677	37.324593	A#4	64	79	0	1
134	37.001677	37.451329	C#4	64	78	0	2
135	37.418343	37.725634	G#4	64	79	0	4
136	37.418343	37.600634	F4	64	78	0	1
137	37.835009	38.177022	G#4	64	79	0	4
138	37.835009	38.414869	D#4	64	73	0	4
139	37.835009	39.305493	G#2	64	77	1	-2
140	38.251675	38.664869	F4	64	80	0	1
141	38.251675	39.576326	D#3	64	68	1	-5
142	38.668341	39.095424	D#4	64	77	0	4
143	38.668341	38.808966	D#4	64	56	0	4
144	38.668341	39.492992	G#3	64	79	1	-5
145	39.085007	39.513826	C#4	64	79	0	2
146	39.085007	40.416602	D#4	64	74	0	4
147	39.501673	40.180491	D#4	64	75	0	4
148	39.501673	40.435699	G#4	64	71	0	4
149	39.501673	40.616254	G#2	64	71	1	-2
150	39.918339	40.624935	D#3	64	64	1	-5
151	40.335005	40.652713	A#4	64	79	0	1
152	40.335005	40.522505	G#3	64	79	1	-5
153	40.751671	41.147504	G#4	64	80	0	4
154	41.168337	42.333266	F4	64	82	0	1
155	41.168337	42.055488	C#4	64	73	0	2
156	41.168337	43.834999	A#2	64	78	1	-5
157	41.585003	43.121459	F3	64	75	1	-3
158	42.001669	42.473890	A#3	64	80	1	-3
159	42.418335	42.720418	G#4	64	76	0	4
160	42.418335	42.897501	C#4	64	69	0	2
161	42.835001	43.114514	G#4	64	78	0	4
162	42.835001	43.335000	F4	64	79	0	1
163	43.251667	43.637083	G#4	64	79	0	4
164	43.251667	43.897499	F3	64	66	1	-3
165	43.668333	43.942638	A#4	64	79	0	1
166	43.668333	44.131874	A#3	64	73	1	-3
167	43.668333	44.204790	C#4	64	77	0	2
168	44.084999	44.446109	G#4	64	76	0	4
169	44.084999	44.354096	A#2	64	79	1	-5
170	44.501665	44.954789	F4	64	79	0	1
171	44.501665	45.369719	A#3	64	68	1	-3
172	44.501665	45.399233	F#3	64	65	1	-2
173	44.501665	47.246452	F#2	64	76	1	-4
174	44.918331	45.340205	D#4	64	76	0	4
175	44.918331	47.215202	C#3	64	62	1	-2
176	45.334997	45.642288	C#4	64	77	0	2
177	45.334997	45.782913	C#4	64	74	0	2
178	45.751663	46.220412	D#4	64	79	0	4
179	45.751663	46.237773	A#3	64	71	1	-3
180	46.168329	46.871453	A#3	64	78	1	-3
181	46.168329	46.470412	F#4	64	75	0	2
182	46.584995	46.861036	F#3	64	71	1	-2
183	47.001661	47.289855	G#3	64	80	1	-5
184	47.001661	47.081522	A#3	64	74	1	-3
185	47.001661	47.130133	C#4	64	76	0	2
186	47.418327	47.751660	A#3	64	79	1	-3
187	47.834993	49.036380	C#4	64	78	0	2
188	47.834993	48.366242	F#4	64	78	0	2
189	47.834993	48.748186	D#3	64	79	1	-5
190	48.251659	48.748186	A#3	64	74	1	-3
191	48.668325	48.777700	D#4	64	75	0	4
192	49.084991	49.409643	F4	64	80	0	1
193	49.501657	50.355822	D#4	64	78	0	4
194	49.501657	50.373183	D#4	64	73	0	4
195	49.501657	50.815891	G#2	64	76	1	-2
196	49.918323	50.812419	D#3	64	76	1	-5
197	50.334989	51.135335	F4	64	80	0	1
198	50.334989	50.791585	G#3	64	80	1	-5
199	50.751655	51.156168	C4	64	79	0	1
200	51.168321	53.420053	C#4	64	79	0	2
201	51.168321	51.654431	C#4	64	79	0	2
202	51.168321	51.883598	C#3	64	74	1	-2
203	51.584987	51.824570	G#3	64	80	1	-5
204	52.001653	52.177000	F#3	64	70	1	-2
205	52.001653	52.558944	F#2	64	76	1	-4
206	52.001653	52.805471	A#3	64	73	1	-3
207	52.418319	52.607555	F#3	64	76	1	-2
208	52.834985	53.303734	G#3	64	73	1	-5
209	52.834985	53.409637	C#4	64	72	0	2
210	52.834985	54.164844	C#3	64	78	1	-2
211	53.668317	54.083247	G#3	64	82	1	-5
212	53.668317	53.975608	F4	64	79	0	1
213	54.084983	54.498177	C#4	64	79	0	2
214	54.084983	54.423524	G#3	64	72	1	-5
215	54.501649	55.616230	F4	64	85	0	1
216	54.501649	54.709982	G#3	64	73	1	-5
217	54.501649	55.117967	F4	64	79	0	1
218	54.501649	55.574564	C#3	64	78	1	-2
219	54.918315	55.394009	G#3	64	69	1	-5
220	55.334981	55.716925	C#4	64	80	0	2
221	55.751647	56.097132	G#4	64	79	0	4
222	55.751647	56.201299	G#3	64	82	1	-5
223	56.168313	56.814145	F4	64	81	0	1
224	56.168313	56.815881	F4	64	78	0	1
225	56.584979	56.810673	G#3	64	66	1	-5
226	57.001645	57.355811	D#4	64	78	0	4
227	57.001645	57.149214	G#3	64	78	1	-5
228	57.001645	57.407894	C#4	64	79	0	2
229	57.418311	57.725602	C#4	64	81	0	2
230	57.418311	57.525950	G#3	64	81	1	-5
231	57.834977	58.154421	C#4	64	79	0	2
232	57.834977	58.355809	F#3	64	71	1	-2
233	57.834977	58.685670	C#4	64	76	0	2
234	57.834977	58.862753	F#2	64	79	1	-4
235	58.251643	58.635323	C#4	64	82	0	2
236	58.251643	58.841920	C#3	64	66	1	-2
237	58.668309	59.008586	C#4	64	78	0	2
238	58.668309	58.774212	F#3	64	80	1	-2
239	59.084975	59.397474	A#3	64	78	1	-3
240	59.501641	60.203029	G#3	64	73	1	-5
241	59.501641	59.697821	G#3	64	73	1	-5
242	59.501641	60.029418	C#4	64	76	0	2
243	59.501641	60.399209	C#3	64	78	1	-2
244	59.918307	60.378376	G#3	64	72	1	-5
245	60.334973	60.621431	G#3	64	79	1	-5
246	60.334973	60.843653	F4	64	79	0	1
247	60.751639	61.027680	C#4	64	80	0	2
248	60.751639	61.281152	G#3	64	79	1	-5
249	61.168305	62.333234	F4	64	81	0	1
250	61.168305	61.423513	C#2	64	74	1	-4
251	61.168305	61.643999	C#4	64	75	0	2
252	61.584971	62.069345	G#3	64	71	1	-5
253	62.001637	62.466914	C#4	64	71	0	2
254	62.418303	62.737747	G#4	64	78	0	4
255	62.418303	62.899205	G#3	64	62	1	-5
256	62.834969	63.149205	G#4	64	78	0	4
257	62.834969	63.289829	C#4	64	74	0	2
258	62.834969	63.442607	F4	64	78	0	1
259	62.834969	63.736009	C#3	64	66	1	-2
260	63.251635	63.548509	G#4	64	78	0	4
261	63.251635	63.751634	G#3	64	78	1	-5
262	63.668301	63.991217	A#4	64	79	0	1
263	63.668301	64.013786	C#4	64	78	0	2
264	64.084967	64.392258	G#4	64	79	0	4
265	64.501633	64.843646	G#4	64	79	0	4
266	64.501633	65.321076	C4	64	69	0	1
267	64.501633	65.348854	G#3	64	70	1	-5
268	64.501633	66.036353	G#2	64	78	1	-2
269	64.918299	65.331493	F4	64	80	0	1
270	64.918299	65.961700	D#3	64	66	1	-5
271	65.334965	65.762048	D#4	64	77	0	4
272	65.334965	65.503367	D#4	64	74	0	4
273	65.751631	66.180450	C#4	64	79	0	2
274	65.751631	66.013783	G#3	64	77	1	-5
275	66.168297	66.847115	D#4	64	75	0	4
276	66.168297	66.468644	G#4	64	73	0	4
277	66.168297	66.616213	G#3	64	78	1	-5
278	66.168297	67.326281	G#2	64	75	1	-2
279	66.584963	67.286351	D#3	64	67	1	-5
280	67.001629	67.319337	A#4	64	79	0	1
281	67.001629	67.300240	C4	64	71	0	1
282	67.001629	67.480795	D#4	64	71	0	4
283	67.418295	67.814128	G#4	64	80	0	4
284	67.418295	67.557184	G#3	64	80	1	-5
285	67.834961	68.999890	F4	64	82	0	1
286	67.834961	68.366210	A#3	64	71	1	-3
287	67.834961	68.390516	C#4	64	74	0	2
288	67.834961	68.784612	A#2	64	79	1	-5
289	68.251627	68.741209	F3	64	68	1	-3
290	68.668293	69.086695	A#3	64	80	1	-3
291	69.084959	69.387042	G#4	64	76	0	4
292	69.084959	69.517250	F3	64	69	1	-3
293	69.501625	69.781138	G#4	64	78	0	4
294	69.501625	69.793291	A#3	64	71	1	-3
295	69.501625	69.980791	C#4	64	75	0	2
296	69.501625	69.994680	F4	64	78	0	1
297	69.501625	70.189124	A#2	64	78	1	-5
298	69.918291	70.303707	G#4	64	79	0	4
299	69.918291	70.312387	F3	64	65	1	-3
300	70.334957	70.609262	A#4	64	79	0	1
301	70.334957	70.581484	G#3	64	78	1	-5
302	70.334957	70.796762	C4	64	78	0	1
303	70.334957	70.860998	G#2	64	77	1	-2
304	70.751623	71.112733	G#4	64	76	0	4
305	70.751623	70.892248	G#3	64	79	1	-5
306	71.168289	71.621413	F4	64	79	0	1
307	71.168289	71.418289	G3	64	71	1	-1
308	71.168289	71.994676	A#3	64	71	1	-3
309	71.168289	74.279395	G2	64	74	1	-3
310	71.584955	72.006829	D#4	64	76	0	4
311	71.584955	74.291548	C#3	64	57	1	-2
312	72.001621	72.308912	C#4	64	77	0	2
313	72.001621	72.517245	G3	64	79	1	-1
314	72.418287	72.887036	D#4	64	79	0	4
315	72.418287	72.715161	A#3	64	71	1	-3
316	72.834953	73.538077	A#3	64	78	1	-3
317	72.834953	74.319326	G3	64	69	1	-1
318	72.834953	74.399187	A#3	64	73	1	-3
319	72.834953	74.414811	C#4	64	74	0	2
320	73.668285	73.956479	G#3	64	80	1	-5
321	74.084951	74.418284	A#3	64	79	1	-3
322	74.501617	75.703004	C#4	64	78	0	2
323	74.501617	75.067588	F#4	64	76	0	2
324	74.501617	75.517240	D#2	64	78	1	-2
325	74.918283	75.421754	A#3	64	75	1	-3
326	75.334949	75.715157	D#4	64	78	0	4
327	75.751615	76.076267	F4	64	80	0	1
328	75.751615	76.142239	A#3	64	69	1	-3
329	76.168281	77.022446	D#4	64	78	0	4
330	76.168281	76.741197	D#4	64	73	0	4
331	76.168281	77.558904	G#2	64	79	1	-2
332	76.584947	77.501612	D#3	64	71	1	-5
333	77.001613	77.801959	F4	64	80	0	1
334	77.001613	77.183904	G#3	64	74	1	-5
335	77.001613	77.435640	C4	64	78	0	1
336	77.418279	77.866195	G#3	64	73	1	-5
337	77.834945	80.086677	C#4	64	79	0	2
338	77.834945	78.338416	C#4	64	79	0	2
339	77.834945	78.591888	C#3	64	74	1	-2
340	78.251611	78.480777	G#3	64	83	1	-5
341	78.668277	78.850568	F#3	64	74	1	-2
342	78.668277	79.166540	F#2	64	79	1	-4
343	78.668277	79.189109	A#3	64	77	1	-3
344	79.084943	79.277651	F#3	64	78	1	-2
345	79.501609	79.722095	G#3	64	73	1	-5
346	79.501609	80.027650	C#4	64	77	0	2
347	79.501609	81.124870	C#3	64	80	1	-2
348	79.918275	80.095358	G#3	64	69	1	-5
349	80.334941	80.704732	F4	64	85	0	1
350	80.334941	80.472093	G#3	64	79	1	-5
351	80.334941	81.084940	C#4	64	83	0	2
352	80.334941	81.098829	F4	64	83	0	1
353	80.751607	81.097092	G#4	64	78	0	4
354	80.751607	81.097092	G#3	64	78	1	-5
355	81.168273	82.286327	C#5	64	80	0	4
356	81.168273	81.623133	A#3	64	75	1	-3
357	81.168273	81.650911	C#4	64	79	0	2
358	81.168273	82.251605	A#2	64	79	1	-5
359	81.584939	82.114452	F3	64	72	1	-3
360	82.001605	82.369660	A#3	64	78	1	-3
361	82.001605	82.668271	C#4	64	85	0	2
362	82.001605	82.678687	F4	64	85	0	1
363	82.418271	82.739451	C#5	64	80	0	4
364	82.418271	82.758548	F3	64	72	1	-3
365	82.626604	82.751604	A#3	64	75	1	-3
366	82.834937	83.470353	C5	64	81	0	3
367	82.834937	83.347089	G#3	64	78	1	-5
368	82.834937	83.404380	C4	64	73	0	1
369	82.834937	84.180421	G#2	64	78	1	-2
370	83.251603	83.829727	D#3	64	66	1	-5
371	83.668269	84.053685	A#4	64	80	0	1
372	83.668269	84.095352	G#3	64	77	1	-5
373	83.668269	84.131810	C4	64	81	0	1
374	83.668269	84.142226	D#4	64	79	0	4
375	84.084935	84.413059	G#4	64	82	0	4
376	84.084935	84.387018	D#3	64	78	1	-5
377	84.501601	84.855767	A#4	64	80	0	1
378	84.501601	85.077989	F#3	64	75	1	-2
379	84.501601	85.143961	A#3	64	74	1	-3
380	84.501601	85.624863	F#2	64	79	1	-4
381	84.918267	85.216878	C#5	64	80	0	4
382	84.918267	85.428683	C#3	64	72	1	-2
383	85.334933	85.709932	F4	64	78	0	1
384	85.334933	85.560627	F#3	64	81	1	-2
385	85.334933	85.661321	A#3	64	84	1	-3
386	85.543266	85.741182	C#3	64	77	1	-2
387	85.751599	86.083196	D#4	64	79	0	4
388	85.751599	85.925210	F#3	64	81	1	-2
389	86.168265	86.920000	C#4	64	80	0	2
390	86.168265	86.420001	G#3	64	74	1	-5
391	86.168265	86.675209	C#4	64	73	0	2
392	86.168265	87.482499	C#3	64	78	1	-2
393	86.584931	86.881805	G#3	64	79	1	-5
394	87.001597	87.288055	C#4	64	79	0	2
395	87.001597	87.293263	F4	64	82	0	1
396	87.209930	87.430416	G#3	64	77	1	-5
397	87.418263	87.699512	C#4	64	79	0	2
398	87.418263	87.649165	C#4	64	78	0	2
399	87.626596	87.758540	G#3	64	76	1	-5
400	87.834929	88.143956	C#4	64	82	0	2
401	87.834929	88.274164	D#4	64	80	0	4
402	87.834929	88.779372	D#3	64	78	1	-5
403	88.251595	89.046733	C#5	64	79	0	4
404	88.251595	88.524164	A#3	64	78	1	-3
405	88.668261	88.959927	F#4	64	74	0	2
406	88.668261	89.076246	D#4	64	75	0	4
407	89.084927	89.414787	A#4	64	77	0	1
408	89.084927	89.131802	A#3	64	64	1	-3
409	89.501593	89.826245	G#4	64	78	0	4
410	89.501593	89.756801	C4	64	74	0	1
411	89.501593	89.900898	G#4	64	64	0	4
412	89.501593	90.555411	F2	64	81	1	-5
413	89.709926	90.501591	C3	64	65	1	-3
414	89.918259	90.282842	F4	64	79	0	1
415	89.918259	90.197772	C4	64	79	0	1
416	90.126592	90.329717	F4	64	79	0	1
417	90.334925	90.716869	D#4	64	79	0	4
418	90.334925	90.569300	G#4	64	80	0	4
419	90.543258	90.742910	F4	64	70	0	1
420	90.751591	91.067563	C#4	64	80	0	2
421	90.751591	90.855757	C4	64	79	0	1
422	91.168257	93.329712	D#4	64	79	0	4
423	91.168257	91.635270	D#4	64	75	0	4
424	91.168257	91.668256	G#3	64	74	1	-5
425	91.168257	92.373116	G#2	64	79	1	-2
426	91.584923	92.081450	D#3	64	70	1	-5
427	92.001589	92.201241	G#3	64	78	1	-5
428	92.001589	92.234227	C4	64	81	0	1
429	92.209922	92.621380	D#3	64	73	1	-5
430	92.418255	92.734227	G#3	64	78	1	-5
431	92.626588	92.798463	D#4	64	73	0	4
432	92.834921	93.050198	G#3	64	78	1	-5
433	92.834921	93.083184	D#4	64	59	0	4
434	92.834921	93.133532	G#4	64	79	0	4
435	92.834921	93.939086	G#2	64	80	1	-2
436	93.043254	93.628322	D#3	64	78	1	-5
437	93.251587	93.393948	G#3	64	80	1	-5
438	93.459920	93.522420	G#3	64	60	1	-5
439	93.459920	93.564086	C4	64	79	0	1
440	93.668253	94.038044	F4	64	85	0	1
441	93.668253	93.930405	G#3	64	79	1	-5
442	93.668253	93.991169	C4	64	82	0	1
443	93.668253	94.062349	D#4	64	81	0	4
444	93.876586	94.105752	D#3	64	82	1	-5
445	94.084919	94.430404	G#4	64	78	0	4
446	94.084919	94.220335	G#3	64	85	1	-5
447	94.501585	95.619639	C#5	64	80	0	4
448	94.501585	95.027626	A#3	64	75	1	-3
449	94.501585	95.235959	F#3	64	78	1	-2
450	94.501585	95.742902	F#2	64	79	1	-4
451	94.918251	95.404361	C#3	64	57	1	-2
452	95.334917	95.541514	A#3	64	80	1	-3
453	95.334917	95.605750	C#4	64	81	0	2
454	95.543250	95.798458	C#3	64	67	1	-2
455	95.751583	96.072763	C#5	64	80	0	4
456	95.751583	95.900888	F#3	64	84	1	-2
457	96.168249	96.803665	C5	64	81	0	3
458	96.168249	96.836651	G#3	64	76	1	-5
459	96.168249	97.071025	F3	64	75	1	-3
460	96.168249	97.291511	F2	64	81	1	-5
461	96.584915	97.293247	C3	64	67	1	-3
462	97.001581	97.386997	A#4	64	80	0	1
463	97.001581	97.055400	G#3	64	61	1	-5
464	97.001581	97.461650	C4	64	78	0	1
465	97.418247	97.746371	G#4	64	82	0	4
466	97.418247	97.517205	G#3	64	81	1	-5
467	97.834913	98.189079	A#4	64	80	0	1
468	97.834913	98.044982	A#3	64	71	1	-3
469	97.834913	98.307134	D#4	64	74	0	4
470	97.834913	98.951231	D#3	64	78	1	-5
471	98.251579	98.550190	C#5	64	80	0	4
472	98.251579	98.727273	A#3	64	78	1	-3
473	98.668245	99.043244	F4	64	78	0	1
474	98.668245	99.038036	F#4	64	81	0	2
475	99.084911	99.416508	D#4	64	79	0	4
476	99.084911	99.209911	A#3	64	80	1	-3
477	99.501577	100.253312	C#4	64	80	0	2
478	99.501577	99.689077	G#3	64	72	1	-5
479	99.501577	99.987687	C#4	64	71	0	2
480	99.501577	100.411298	C#3	64	79	1	-2
481	99.918243	100.360951	G#3	64	79	1	-5
482	100.334909	100.621367	C#4	64	79	0	2
483	100.334909	100.433867	F4	64	83	0	1
484	100.751575	101.032824	C#4	64	79	0	2
485	101.168241	101.477268	C#4	64	82	0	2
486	101.168241	101.449490	F#4	64	79	0	2
487	101.168241	102.303656	D#2	64	80	1	-2
488	101.376574	101.621365	A#3	64	78	1	-3
489	101.584907	102.380045	C#5	64	79	0	4
490	101.584907	101.798448	D#4	64	72	0	4
491	101.793240	101.966851	A#3	64	78	1	-3
492	102.001573	102.319281	A#2	64	64	1	-5
493	102.001573	102.367892	F#4	64	79	0	2
494	102.209906	102.425183	A#3	64	76	1	-3
495	102.418239	102.748099	A#4	64	77	0	1
496	102.418239	102.590114	D#4	64	70	0	4
497	102.626572	102.746363	A#3	64	67	1	-3
498	102.834905	103.159557	G#4	64	78	0	4
499	102.834905	103.327960	D#4	64	78	0	4
500	102.834905	103.949486	G#2	64	78	1	-2
501	103.043238	103.742890	D#3	64	73	1	-5
502	103.251571	103.616154	F4	64	79	0	1
503	103.251571	103.503307	G#3	64	79	1	-5
504	103.459904	103.647404	C4	64	78	0	1
505	103.668237	104.050181	D#4	64	79	0	4
506	103.668237	104.027611	D#4	64	84	0	4
507	103.876570	104.123097	D#3	64	78	1	-5
508	104.084903	104.400875	C#4	64	80	0	2
509	104.084903	104.340111	G#3	64	81	1	-5
510	104.501569	106.663024	C#4	64	79	0	2
511	104.501569	104.638721	G#3	64	77	1	-5
512	104.501569	104.949485	C#4	64	78	0	2
513	104.501569	105.234207	C#3	64	79	1	-2
514	104.918235	105.392192	G#3	64	81	1	-5
515	105.334901	105.824483	C#4	64	69	0	2
516	105.334901	105.859206	F#2	64	78	1	-4
517	105.334901	106.098789	F#4	64	76	0	2
518	105.751567	106.046705	G#3	64	73	1	-5
519	106.168233	106.256774	G#3	64	55	1	-5
520	106.168233	106.796704	C#4	64	73	0	2
521	106.168233	107.032815	F4	64	78	0	1
522	106.168233	107.772397	C#3	64	78	1	-2
523	107.001565	107.694272	C#4	64	71	0	2
524	107.418231	107.727258	G#3	64	60	1	-5
525	107.834897	108.652604	F4	64	79	0	1
526	107.834897	109.296700	C#3	64	74	1	-2
527	108.251563	108.732465	G#3	64	78	1	-5
528	108.668229	109.015451	C#4	64	79	0	2
529	109.501561	110.013713	B3	64	70	1	-2
530	109.501561	110.110935	F4	64	78	0	1
531	109.501561	110.720309	C#3	64	77	1	-2
532	109.918227	110.381768	G#3	64	72	1	-5
533	110.334893	110.794962	B3	64	70	1	-2
534	110.751559	110.991142	G#3	64	64	1	-5
535	111.168225	111.636974	A#3	64	65	1	-3
536	111.168225	112.689056	F#2	64	71	1	-4
537	111.584891	112.666486	F#3	64	78	1	-2
538	112.001557	112.513709	C#4	64	76	0	2
539	112.418223	112.657806	A#3	64	78	1	-3
540	112.834889	113.084889	G#3	64	70	1	-5
541	112.834889	113.445999	C#4	64	70	0	2
542	112.834889	113.972040	C#3	64	74	1	-2
543	113.251555	113.709888	G#3	64	78	1	-5
544	113.668221	113.855721	F4	64	80	0	1
545	114.501553	114.991135	F4	64	78	0	1
546	114.501553	115.414746	C#3	64	72	1	-2
547	114.918219	115.421690	G#3	64	80	1	-5
548	115.334885	116.055370	C#4	64	81	0	2
549	115.751551	116.126550	G#3	64	80	1	-5
550	116.168217	116.636966	D#4	64	78	0	4
551	116.168217	117.081410	D#2	64	77	1	-2
552	116.584883	117.069257	A#3	64	72	1	-3
553	117.001549	117.416479	F#4	64	77	0	2
554	117.001549	117.445993	D#4	64	78	0	4
555	117.834881	118.314047	C4	64	73	0	1
556	117.834881	119.406059	G#2	64	72	1	-2
557	118.251547	119.154323	G#3	64	80	1	-5
558	118.668213	119.392170	D#4	64	75	0	4
559	119.084879	119.418212	C4	64	79	0	1
560	119.501545	119.656059	A3	64	69	1	-4
561	119.501545	119.902586	A2	64	70	1	-1
562	119.501545	119.937308	C4	64	73	0	1
563	119.501545	119.956405	D#4	64	73	0	4
564	119.918211	120.065780	A3	64	74	1	-4
565	120.334877	120.998070	F2	64	80	1	-5
566	120.334877	121.097028	F4	64	82	0	1
567	121.168209	121.973763	C#4	64	64	0	2
568	121.168209	122.711609	A#2	64	79	1	-5
569	121.584875	122.800151	F3	64	72	1	-3
570	122.001541	122.489387	A#3	64	80	1	-3
571	122.418207	122.834873	C#4	64	83	0	2
572	122.834873	123.656052	C4	64	78	0	1
573	122.834873	123.977232	G#2	64	78	1	-2
574	123.251539	123.978968	D#3	64	76	1	-5
575	123.668205	124.143899	G#3	64	80	1	-5
576	124.084871	124.491120	C4	64	79	0	1
577	124.501537	124.772370	A#3	64	75	1	-3
578	124.501537	125.037994	C#4	64	78	0	2
579	124.501537	126.057090	G2	64	74	1	-3
580	124.918203	125.421674	A#3	64	71	1	-3
581	125.900840	127.279310	F#2	64	65	1	-4
582	125.999798	127.687296	F#3	64	66	1	-2
583	126.074451	127.701185	A#3	64	70	1	-3
584	126.138687	127.708129	C#4	64	64	0	2
585	126.208131	126.352228	F4	64	78	0	1
586	127.834865	128.735905	F#4	64	75	0	2
587	127.834865	128.860905	D#2	64	77	1	-2
588	128.251531	128.848752	A#2	64	62	1	-5
589	128.668197	129.156043	A#3	64	80	1	-3
590	129.084863	129.199446	D#4	64	78	0	4
591	129.501529	130.173403	C4	64	72	0	1
592	129.501529	130.201181	G#3	64	70	1	-5
593	129.501529	130.765416	G#2	64	78	1	-2
594	129.918195	130.711596	D#3	64	64	1	-5
595	130.334861	130.593541	D#4	64	77	0	4
596	130.334861	130.597013	G#3	64	75	1	-5
597	131.168193	131.919928	F#4	64	79	0	2
598	131.168193	132.671663	C#3	64	78	1	-2
599	131.584859	132.069233	G#3	64	72	1	-5
600	132.001525	132.430344	C#4	64	73	0	2
601	132.418191	132.912982	F#4	64	73	0	2
602	132.834857	133.097009	G#3	64	66	1	-5
603	132.834857	133.643883	F4	64	78	0	1
604	132.834857	134.452910	C#3	64	78	1	-2
605	133.251523	133.715064	G#3	64	64	1	-5
606	133.668189	134.083119	G#3	64	82	1	-5
607	133.668189	134.390410	C#4	64	71	0	2
608	134.084855	134.498049	C#4	64	79	0	2
609	134.084855	134.416452	G#3	64	67	1	-5
610	134.501521	135.616102	F4	64	85	0	1
611	134.501521	134.709854	G#3	64	73	1	-5
612	134.501521	135.117839	F4	64	79	0	1
613	134.501521	135.574436	C#3	64	78	1	-2
614	134.918187	135.393881	G#3	64	69	1	-5
615	135.334853	135.716797	C#4	64	80	0	2
616	135.751519	136.097004	G#4	64	79	0	4
617	135.751519	136.201171	G#3	64	82	1	-5
618	136.168185	136.814017	F4	64	81	0	1
619	136.168185	136.815753	F4	64	78	0	1
620	136.584851	136.810545	G#3	64	66	1	-5
621	137.001517	137.355683	D#4	64	78	0	4
622	137.001517	137.149086	G#3	64	78	1	-5
623	137.001517	137.407766	C#4	64	79	0	2
624	137.418183	137.725474	C#4	64	81	0	2
625	137.418183	137.525822	G#3	64	81	1	-5
626	137.834849	138.154293	C#4	64	79	0	2
627	137.834849	138.355681	F#3	64	71	1	-2
628	137.834849	138.685542	C#4	64	76	0	2
629	137.834849	138.862625	F#2	64	79	1	-4
630	138.251515	138.635195	C#4	64	82	0	2
631	138.251515	138.841792	C#3	64	66	1	-2
632	138.668181	139.008458	C#4	64	78	0	2
633	138.668181	138.774084	F#3	64	80	1	-2
634	139.084847	139.397346	A#3	64	78	1	-3
635	139.501513	140.202901	G#3	64	73	1	-5
636	139.501513	139.697693	G#3	64	73	1	-5
637	139.501513	140.029290	C#4	64	76	0	2
638	139.501513	140.399081	C#3	64	78	1	-2
639	139.918179	140.378248	G#3	64	72	1	-5
640	140.334845	140.621303	G#3	64	79	1	-5
641	140.334845	140.843525	F4	64	79	0	1
642	140.751511	141.027552	C#4	64	80	0	2
643	140.751511	141.281024	G#3	64	79	1	-5
644	141.168177	142.333106	F4	64	81	0	1
645	141.168177	141.423385	C#2	64	74	1	-4
646	141.168177	141.643871	C#4	64	75	0	2
647	141.584843	142.069217	G#3	64	71	1	-5
648	142.001509	142.466786	C#4	64	71	0	2
649	142.418175	142.737619	G#4	64	78	0	4
650	142.418175	142.899077	G#3	64	62	1	-5
651	142.834841	143.149077	G#4	64	78	0	4
652	142.834841	143.289701	C#4	64	74	0	2
653	142.834841	143.442479	F4	64	78	0	1
654	142.834841	143.735881	C#3	64	66	1	-2
655	143.251507	143.548381	G#4	64	78	0	4
656	143.251507	143.751506	G#3	64	78	1	-5
657	143.668173	143.991089	A#4	64	79	0	1
658	143.668173	144.013658	C#4	64	78	0	2
659	144.084839	144.392130	G#4	64	79	0	4
660	144.501505	144.843518	G#4	64	79	0	4
661	144.501505	145.320948	C4	64	69	0	1
662	144.501505	145.348726	G#3	64	70	1	-5
663	144.501505	146.036225	G#2	64	78	1	-2
664	144.918171	145.331365	F4	64	80	0	1
665	144.918171	145.961572	D#3	64	66	1	-5
666	145.334837	145.761920	D#4	64	77	0	4
667	145.334837	145.503239	D#4	64	74	0	4
668	145.751503	146.180322	C#4	64	79	0	2
669	145.751503	146.013655	G#3	64	77	1	-5
670	146.168169	146.846987	D#4	64	75	0	4
671	146.168169	146.468516	G#4	64	73	0	4
672	146.168169	146.616085	G#3	64	78	1	-5
673	146.168169	147.326153	G#2	64	75	1	-2
674	146.584835	147.286223	D#3	64	67	1	-5
675	147.001501	147.319209	A#4	64	79	0	1
676	147.001501	147.300112	C4	64	71	0	1
677	147.001501	147.480667	D#4	64	71	0	4
678	147.418167	147.814000	G#4	64	80	0	4
679	147.418167	147.557056	G#3	64	80	1	-5
680	147.834833	148.999762	F4	64	82	0	1
681	147.834833	148.366082	A#3	64	71	1	-3
682	147.834833	148.390388	C#4	64	74	0	2
683	147.834833	148.784484	A#2	64	79	1	-5
684	148.251499	148.741081	F3	64	68	1	-3
685	148.668165	149.086567	A#3	64	80	1	-3
686	149.084831	149.386914	G#4	64	76	0	4
687	149.084831	149.517122	F3	64	69	1	-3
688	149.501497	149.781010	G#4	64	78	0	4
689	149.501497	149.793163	A#3	64	71	1	-3
690	149.501497	149.980663	C#4	64	75	0	2
691	149.501497	149.994552	F4	64	78	0	1
692	149.501497	150.188996	A#2	64	78	1	-5
693	149.918163	150.303579	G#4	64	79	0	4
694	149.918163	150.312259	F3	64	65	1	-3
695	150.334829	150.609134	A#4	64	79	0	1
696	150.334829	150.581356	G#3	64	78	1	-5
697	150.334829	150.796634	C4	64	78	0	1
698	150.334829	150.860870	G#2	64	77	1	-2
699	150.751495	151.112605	G#4	64	76	0	4
700	150.751495	150.892120	G#3	64	79	1	-5
701	151.168161	151.621285	F4	64	79	0	1
702	151.168161	151.418161	G3	64	71	1	-1
703	151.168161	151.994548	A#3	64	71	1	-3
704	151.168161	154.279267	G2	64	74	1	-3
705	151.584827	152.006701	D#4	64	76	0	4
706	151.584827	154.291420	C#3	64	57	1	-2
707	152.001493	152.308784	C#4	64	77	0	2
708	152.001493	152.517117	G3	64	79	1	-1
709	152.418159	152.886908	D#4	64	79	0	4
710	152.418159	152.715033	A#3	64	71	1	-3
711	152.834825	153.537949	A#3	64	78	1	-3
712	152.834825	154.319198	G3	64	69	1	-1
713	152.834825	154.399059	A#3	64	73	1	-3
714	152.834825	154.414683	C#4	64	74	0	2
715	153.668157	153.956351	G#3	64	80	1	-5
716	154.084823	154.418156	A#3	64	79	1	-3
717	154.501489	155.702876	C#4	64	78	0	2
718	154.501489	155.067460	F#4	64	76	0	2
719	154.501489	155.517112	D#2	64	78	1	-2
720	154.918155	155.421626	A#3	64	75	1	-3
721	155.334821	155.715029	D#4	64	78	0	4
722	155.751487	156.076139	F4	64	80	0	1
723	155.751487	156.142111	A#3	64	69	1	-3
724	156.168153	157.022318	D#4	64	78	0	4
725	156.168153	156.741069	D#4	64	73	0	4
726	156.168153	157.558776	G#2	64	79	1	-2
727	156.584819	157.501484	D#3	64	71	1	-5
728	157.001485	157.801831	F4	64	80	0	1
729	157.001485	157.183776	G#3	64	74	1	-5
730	157.001485	157.435512	C4	64	78	0	1
731	157.418151	157.866067	G#3	64	73	1	-5
732	157.834817	160.086549	C#4	64	79	0	2
733	157.834817	158.338288	C#4	64	79	0	2
734	157.834817	158.591760	C#3	64	74	1	-2
735	158.251483	158.480649	G#3	64	83	1	-5
736	158.668149	158.850440	F#3	64	74	1	-2
737	158.668149	159.166412	F#2	64	79	1	-4
738	158.668149	159.188981	A#3	64	77	1	-3
739	159.084815	159.277523	F#3	64	78	1	-2
740	159.501481	159.721967	G#3	64	73	1	-5
741	159.501481	160.027522	C#4	64	77	0	2
742	159.501481	161.124742	C#3	64	80	1	-2
743	159.918147	160.095230	G#3	64	69	1	-5
744	160.334813	160.704604	F4	64	85	0	1
745	160.334813	160.471965	G#3	64	79	1	-5
746	160.334813	161.084812	C#4	64	83	0	2
747	160.334813	161.098701	F4	64	83	0	1
748	160.751479	161.096964	G#4	64	78	0	4
749	160.751479	161.096964	G#3	64	78	1	-5
750	161.168145	162.286199	C#5	64	80	0	4
751	161.168145	161.623005	A#3	64	75	1	-3
752	161.168145	161.650783	C#4	64	79	0	2
753	161.168145	162.251477	A#2	64	79	1	-5
754	161.584811	162.114324	F3	64	72	1	-3
755	162.001477	162.369532	A#3	64	78	1	-3
756	162.001477	162.668143	C#4	64	85	0	2
757	162.001477	162.678559	F4	64	85	0	1
758	162.418143	162.739323	C#5	64	80	0	4
759	162.418143	162.758420	F3	64	72	1	-3
760	162.626476	162.751476	A#3	64	75	1	-3
761	162.834809	163.470225	C5	64	81	0	3
762	162.834809	163.346961	G#3	64	78	1	-5
763	162.834809	163.404252	C4	64	73	0	1
764	162.834809	164.180293	G#2	64	78	1	-2
765	163.251475	163.829599	D#3	64	66	1	-5
766	163.668141	164.053557	A#4	64	80	0	1
767	163.668141	164.095224	G#3	64	77	1	-5
768	163.668141	164.131682	C4	64	81	0	1
769	163.668141	164.142098	D#4	64	79	0	4
770	164.084807	164.412931	G#4	64	82	0	4
771	164.084807	164.386890	D#3	64	78	1	-5
772	164.501473	164.855639	A#4	64	80	0	1
773	164.501473	165.077861	F#3	64	75	1	-2
774	164.501473	165.143833	A#3	64	74	1	-3
775	164.501473	165.624735	F#2	64	79	1	-4
776	164.918139	165.216750	C#5	64	80	0	4
777	164.918139	165.428555	C#3	64	72	1	-2
778	165.334805	165.709804	F4	64	78	0	1
779	165.334805	165.560499	F#3	64	81	1	-2
780	165.334805	165.661193	A#3	64	84	1	-3
781	165.543138	165.741054	C#3	64	77	1	-2
782	165.751471	166.083068	D#4	64	79	0	4
783	165.751471	165.925082	F#3	64	81	1	-2
784	166.168137	166.919872	C#4	64	80	0	2
785	166.168137	166.419873	G#3	64	74	1	-5
786	166.168137	166.675081	C#4	64	73	0	2
787	166.168137	167.482371	C#3	64	78	1	-2
788	166.584803	166.881677	G#3	64	79	1	-5
789	167.001469	167.287927	C#4	64	79	0	2
790	167.001469	167.293135	F4	64	82	0	1
791	167.209802	167.430288	G#3	64	77	1	-5
792	167.418135	167.699384	C#4	64	79	0	2
793	167.418135	167.649037	C#4	64	78	0	2
794	167.626468	167.758412	G#3	64	76	1	-5
795	167.834801	168.143828	C#4	64	82	0	2
796	167.834801	168.274036	D#4	64	80	0	4
797	167.834801	168.779244	D#3	64	78	1	-5
798	168.251467	169.046605	C#5	64	79	0	4
799	168.251467	168.524036	A#3	64	78	1	-3
800	168.668133	168.959799	F#4	64	74	0	2
801	168.668133	169.076118	D#4	64	75	0	4
802	169.084799	169.414659	A#4	64	77	0	1
803	169.084799	169.131674	A#3	64	64	1	-3
804	169.501465	169.826117	G#4	64	78	0	4
805	169.501465	169.756673	C4	64	74	0	1
806	169.501465	169.900770	G#4	64	64	0	4
807	169.501465	170.555283	F2	64	81	1	-5
808	169.709798	170.501463	C3	64	65	1	-3
809	169.918131	170.282714	F4	64	79	0	1
810	169.918131	170.197644	C4	64	79	0	1
811	170.126464	170.329589	F4	64	79	0	1
812	170.334797	170.716741	D#4	64	79	0	4
813	170.334797	170.569172	G#4	64	80	0	4
814	170.543130	170.742782	F4	64	70	0	1
815	170.751463	171.067435	C#4	64	80	0	2
816	170.751463	170.855629	C4	64	79	0	1
817	171.168129	173.329584	D#4	64	79	0	4
818	171.168129	171.635142	D#4	64	75	0	4
819	171.168129	171.668128	G#3	64	74	1	-5
820	171.168129	172.372988	G#2	64	79	1	-2
821	171.584795	172.081322	D#3	64	70	1	-5
822	172.001461	172.201113	G#3	64	78	1	-5
823	172.001461	172.234099	C4	64	81	0	1
824	172.209794	172.621252	D#3	64	73	1	-5
825	172.418127	172.734099	G#3	64	78	1	-5
826	172.626460	172.798335	D#4	64	73	0	4
827	172.834793	173.050070	G#3	64	78	1	-5
828	172.834793	173.083056	D#4	64	59	0	4
829	172.834793	173.133404	G#4	64	79	0	4
830	172.834793	173.938958	G#2	64	80	1	-2
831	173.043126	173.628194	D#3	64	78	1	-5
832	173.251459	173.393820	G#3	64	80	1	-5
833	173.459792	173.522292	G#3	64	60	1	-5
834	173.459792	173.563958	C4	64	79	0	1
835	173.668125	174.037916	F4	64	85	0	1
836	173.668125	173.930277	G#3	64	79	1	-5
837	173.668125	173.991041	C4	64	82	0	1
838	173.668125	174.062221	D#4	64	81	0	4
839	173.876458	174.105624	D#3	64	82	1	-5
840	174.084791	174.430276	G#4	64	78	0	4
841	174.084791	174.220207	G#3	64	85	1	-5
842	174.501457	175.619511	C#5	64	80	0	4
843	174.501457	175.027498	A#3	64	75	1	-3
844	174.501457	175.235831	F#3	64	78	1	-2
845	174.501457	175.742774	F#2	64	79	1	-4
846	174.918123	175.404233	C#3	64	57	1	-2
847	175.334789	175.541386	A#3	64	80	1	-3
848	175.334789	175.605622	C#4	64	81	0	2
849	175.543122	175.798330	C#3	64	67	1	-2
850	175.751455	176.072635	C#5	64	80	0	4
851	175.751455	175.900760	F#3	64	84	1	-2
852	176.168121	176.803537	C5	64	81	0	3
853	176.168121	176.836523	G#3	64	76	1	-5
854	176.168121	177.070897	F3	64	75	1	-3
855	176.168121	177.291383	F2	64	81	1	-5
856	176.584787	177.293119	C3	64	67	1	-3
857	177.001453	177.386869	A#4	64	80	0	1
858	177.001453	177.055272	G#3	64	61	1	-5
859	177.001453	177.461522	C4	64	78	0	1
860	177.418119	177.746243	G#4	64	82	0	4
861	177.418119	177.517077	G#3	64	81	1	-5
862	177.834785	178.188951	A#4	64	80	0	1
863	177.834785	178.044854	A#3	64	71	1	-3
864	177.834785	178.307006	D#4	64	74	0	4
865	177.834785	178.951103	D#3	64	78	1	-5
866	178.251451	178.550062	C#5	64	80	0	4
867	178.251451	178.727145	A#3	64	78	1	-3
868	178.668117	179.043116	F4	64	78	0	1
869	178.668117	179.037908	F#4	64	81	0	2
870	179.084783	179.416380	D#4	64	79	0	4
871	179.084783	179.209783	A#3	64	80	1	-3
872	179.501449	180.253184	C#4	64	80	0	2
873	179.501449	179.688949	G#3	64	72	1	-5
874	179.501449	179.987559	C#4	64	71	0	2
875	179.501449	180.411170	C#3	64	79	1	-2
876	179.918115	180.360823	G#3	64	79	1	-5
877	180.334781	180.621239	C#4	64	79	0	2
878	180.334781	180.433739	F4	64	83	0	1
879	180.751447	181.032696	C#4	64	79	0	2
880	181.168113	181.477140	C#4	64	82	0	2
881	181.168113	181.449362	F#4	64	79	0	2
882	181.168113	182.303528	D#2	64	80	1	-2
883	181.376446	181.621237	A#3	64	78	1	-3
884	181.584779	182.379917	C#5	64	79	0	4
885	181.584779	181.798320	D#4	64	72	0	4
886	181.793112	181.966723	A#3	64	78	1	-3
887	182.001445	182.319153	A#2	64	64	1	-5
888	182.001445	182.367764	F#4	64	79	0	2
889	182.209778	182.425055	A#3	64	76	1	-3
890	182.418111	182.747971	A#4	64	77	0	1
891	182.418111	182.589986	D#4	64	70	0	4
892	182.626444	182.746235	A#3	64	67	1	-3
893	182.834777	183.159429	G#4	64	78	0	4
894	182.834777	183.327832	D#4	64	78	0	4
895	182.834777	183.949358	G#2	64	78	1	-2
896	183.043110	183.742762	D#3	64	73	1	-5
897	183.251443	183.616026	F4	64	79	0	1
898	183.251443	183.503179	G#3	64	79	1	-5
899	183.459776	183.647276	C4	64	78	0	1
900	183.668109	184.050053	D#4	64	79	0	4
901	183.668109	184.027483	D#4	64	84	0	4
902	183.876442	184.122969	D#3	64	78	1	-5
903	184.084775	184.400747	C#4	64	80	0	2
904	184.084775	184.339983	G#3	64	81	1	-5
905	184.501441	186.662896	C#4	64	79	0	2
906	184.501441	184.638593	G#3	64	77	1	-5
907	184.501441	184.949357	C#4	64	78	0	2
908	184.501441	185.234079	C#3	64	79	1	-2
909	184.918107	185.392064	G#3	64	81	1	-5
910	185.334773	185.824355	C#4	64	69	0	2
911	185.334773	185.859078	F#2	64	78	1	-4
912	185.334773	186.098661	F#4	64	76	0	2
913	185.751439	186.046577	G#3	64	73	1	-5
914	186.168105	186.256646	G#3	64	55	1	-5
915	186.168105	186.796576	C#4	64	73	0	2
916	186.168105	187.032687	F4	64	78	0	1
917	186.168105	187.772269	C#3	64	78	1	-2
918	187.001437	187.371228	F4	64	85	0	1
919	187.001437	187.694144	C#4	64	71	0	2
920	187.418103	187.763588	G#4	64	78	0	4
921	187.418103	187.727130	G#3	64	60	1	-5
922	187.664630	188.362546	F#3	64	65	1	-2
923	187.747963	188.699351	A#3	64	67	1	-3
924	187.779213	188.904212	F#2	64	78	1	-4
925	187.815672	188.760115	C#4	64	66	0	2
926	187.834769	188.952823	C#5	64	80	0	4
927	187.859074	188.734073	F#4	64	71	0	2
928	188.202824	188.826087	C#3	64	64	1	-2
929	188.655948	188.796573	F#3	64	69	1	-2
930	189.084767	189.405947	C#5	64	80	0	4
931	189.327822	189.916363	F3	64	64	1	-3
932	189.405947	190.228862	G#3	64	66	1	-5
933	189.442405	190.333029	F2	64	80	1	-5
934	189.468447	190.249696	C4	64	49	0	1
935	189.501433	190.136849	C5	64	81	0	3
936	189.829557	190.303515	C3	64	58	1	-3
937	190.334765	190.720181	A#4	64	80	0	1
938	190.751431	191.079555	G#4	64	82	0	4
939	191.037889	191.164625	A#3	64	34	1	-3
940	191.069139	191.216708	D#4	64	71	0	4
941	191.131639	192.386845	D#3	64	73	1	-5
942	191.149000	191.619485	F#4	64	74	0	2
943	191.168097	191.522263	A#4	64	80	0	1
944	191.534416	192.065665	A#3	64	74	1	-3
945	191.584763	191.883374	C#5	64	80	0	4
946	192.001429	192.376428	F4	64	78	0	1
947	192.010109	192.345178	D#4	64	78	0	4
948	192.418095	192.749692	D#4	64	79	0	4
949	192.772261	192.928511	G#3	64	44	1	-5
950	192.834761	193.586496	C#4	64	80	0	2
951	192.848650	193.732329	C#3	64	77	1	-2
952	192.859066	193.438927	F4	64	79	0	1
953	193.246219	193.773996	G#3	64	73	1	-5
954	193.668093	193.954551	C#4	64	79	0	2
955	193.680246	194.128162	C#4	64	79	0	2
956	194.084759	194.366008	C#4	64	79	0	2
957	194.355592	194.916355	A#3	64	66	1	-3
958	194.487536	195.463229	D#4	64	75	0	4
959	194.501425	194.810452	C#4	64	82	0	2
960	194.508369	195.812187	D#2	64	80	1	-2
961	194.918091	195.751423	C#5	64	79	0	4
962	194.931980	195.827812	A#2	64	66	1	-5
963	195.412882	195.989270	A#3	64	80	1	-3
964	195.963228	196.056978	D#4	64	81	0	4
965	195.977117	196.489269	A#4	64	78	0	1
966	196.452811	200.414610	G#2	64	79	1	-2
967	196.494477	197.155935	G#4	64	70	0	4
968	196.617741	197.813920	G#3	64	67	1	-5
969	196.628158	200.378152	D#3	64	66	1	-5
970	196.687185	198.148989	C4	64	69	0	1
971	196.772255	201.482317	D#4	64	71	0	4
972	197.150726	197.718434	F4	64	82	0	1
973	197.666350	200.077805	D#4	64	82	0	4
974	197.794822	201.523983	G#4	64	75	0	4
975	198.341697	201.466692	G#3	64	67	1	-5
976	200.056972	200.489263	C#4	64	79	0	2
977	200.595165	202.312176	C#4	64	82	0	2
978	201.541344	202.131621	F#3	64	62	1	-2
979	201.602108	202.798287	F#2	64	73	1	-4
980	201.609052	202.489259	A#3	64	62	1	-3
981	201.692386	202.588218	C#4	64	58	0	2
982	202.063913	202.730578	C#3	64	52	1	-2
983	202.494468	202.629884	F#3	64	61	1	-2
984	203.131619	203.697591	F3	64	53	1	-3
985	203.258355	203.916340	G#3	64	65	1	-5
986	203.296550	204.093423	C4	64	67	0	1
987	203.312175	204.254882	F2	64	72	1	-5
988	203.727105	204.192382	C3	64	55	1	-3
989	204.161132	204.267034	F3	64	81	1	-3
990	205.140297	205.730574	F#4	64	74	0	2
991	205.150713	206.423281	D#3	64	73	1	-5
992	205.595157	206.136823	A#3	64	79	1	-3
993	206.084740	206.543072	D#4	64	78	0	4
994	206.543072	207.164599	A#3	64	80	1	-3
995	207.065641	210.161122	G#2	64	66	1	-2
996	207.081266	208.359042	D#4	64	71	0	4
997	207.716682	208.489250	D#3	64	68	1	-5
998	208.773972	210.043067	D#3	64	52	1	-5
999	208.836471	210.017025	G#3	64	66	1	-5
1000	208.905916	210.032650	C4	64	65	0	1
1001	208.999666	209.956261	D#4	64	62	0	4
1002	210.871190	211.011815	G#3	64	52	1	-5
1003	210.907649	211.438898	C#2	64	74	1	-4
1004	211.169801	211.647231	C#4	64	72	0	2
1005	211.501398	211.772231	G#3	64	66	1	-5
1006	211.805217	212.154174	D#4	64	67	0	4
1007	212.076050	212.346882	G#3	64	59	1	-5
1008	212.416327	212.681951	F4	64	57	0	1
1009	212.739243	215.332989	C#3	64	51	1	-2
1010	213.128131	215.251392	G#3	64	53	1	-5
1011	213.822575	214.556948	D#4	64	62	0	4
1012	214.567365	215.775696	G#4	64	66	0	4
1013	216.025696	218.605553	C#3	64	66	1	-2
1014	216.166321	216.643751	G#4	64	69	0	4
1015	216.188890	218.610761	G#3	64	64	1	-5
1016	216.246182	216.466668	D#4	64	68	0	4
1017	216.346876	217.482291	C#4	64	65	0	2
