//Version: PianoFingering_v170101
0	1.636508	4.684195	D3	64	81	1	-1
1	2.031243	2.532886	G3	64	62	1	-1
2	2.425979	2.879924	D4	64	80	0	3
3	2.425979	2.899661	A3	64	80	1	-4
4	2.820714	3.263147	G3	64	70	1	-1
5	3.215450	3.669395	D4	64	80	0	3
6	3.215450	3.689132	A3	64	80	1	-4
7	3.610185	4.226959	G3	64	53	1	-1
8	4.004921	4.472024	D4	64	74	0	3
9	4.004921	4.552616	A3	64	73	1	-4
10	4.399656	4.891431	G3	64	72	1	-1
11	4.794392	7.789447	C3	64	83	1	-3
12	5.189127	5.580573	G3	64	56	1	-1
13	5.583863	5.996690	C4	64	68	0	1
14	5.978598	6.600307	G3	64	76	1	-1
15	6.373334	6.738464	C4	64	75	0	1
16	6.768069	7.342080	G3	64	70	1	-1
17	7.162805	7.708855	C4	64	76	0	1
18	7.557540	7.932539	G3	64	81	1	-1
19	7.957210	8.812470	A4	64	80	0	5
20	7.957210	10.985160	D3	64	83	1	-1
21	8.351945	9.758191	A3	64	65	1	-4
22	8.746681	10.416083	D4	64	76	0	3
23	9.141416	11.878249	A4	64	74	0	5
24	9.930887	11.018055	A3	64	60	1	-4
25	10.325623	11.138120	F4	64	75	0	1
26	10.720358	11.226936	D4	64	73	0	3
27	11.115094	11.976933	G4	64	74	0	3
28	11.115094	14.118373	C3	64	80	1	-3
29	11.509829	12.713773	G3	64	69	1	-1
30	11.904565	13.149626	C4	64	78	0	1
31	12.299300	13.539428	E4	64	82	0	5
32	13.088771	14.194031	G3	64	66	1	-1
33	13.483507	14.180873	C4	64	82	0	1
34	13.878242	14.327254	E4	64	81	0	5
35	14.272978	15.052580	F4	64	71	0	1
36	14.272978	17.271323	D3	64	83	1	-1
37	14.667713	16.478562	A3	64	70	1	-4
38	15.062449	16.340405	D4	64	80	0	3
39	15.457184	17.054218	A4	64	78	0	5
40	16.246655	17.070666	F4	64	74	0	1
41	16.641391	17.325599	A3	64	73	1	-4
42	17.036126	17.471980	D4	64	81	0	3
43	17.430862	18.264741	E4	64	80	0	5
44	17.430862	20.439075	C3	64	83	1	-3
45	17.825597	19.154540	G3	64	68	1	-1
46	18.220333	19.471973	C4	64	82	0	1
47	18.615068	19.845327	E4	64	84	0	5
48	19.404539	20.463746	G3	64	68	1	-1
49	19.799275	20.259800	C4	64	83	0	1
50	20.194010	20.624930	E4	64	76	0	5
51	20.588746	21.136441	D4	64	77	0	3
52	20.588746	21.401243	F4	64	76	0	1
53	20.588746	23.605183	D3	64	83	1	-1
54	20.983481	22.391371	A3	64	73	1	-4
55	21.378217	22.736765	D4	64	83	0	3
56	21.772952	23.047619	F4	64	80	0	1
57	21.772952	23.483473	A4	64	77	0	5
58	22.562423	23.631499	A3	64	71	1	-4
59	22.957159	23.613407	D4	64	77	0	3
60	23.351894	23.601893	F4	64	71	0	1
61	23.746630	24.249918	C4	64	78	0	1
62	23.746630	24.565706	E4	64	82	0	5
63	23.746630	26.643002	C3	64	82	1	-3
64	24.141365	25.366690	G3	64	73	1	-1
65	24.536101	25.888070	C4	64	84	0	1
66	24.930836	25.920965	E4	64	83	0	5
67	25.720307	26.680830	G3	64	74	1	-1
68	26.115043	26.794317	E4	64	84	0	5
69	26.904514	27.200565	B3	64	76	1	-2
70	26.904514	27.417670	E4	64	82	0	5
71	26.904514	29.763057	E3	64	85	1	-4
72	27.299249	27.953852	B3	64	78	1	-2
73	27.693985	29.123256	G#4	64	80	0	4
74	27.693985	29.397926	E4	64	83	0	5
75	28.088720	29.702202	B3	64	77	1	-2
76	28.483456	29.147927	B4	64	79	0	2
77	28.878191	29.692333	G#3	64	70	1	-5
78	29.272927	29.952201	G#4	64	76	0	4
79	29.272927	29.952201	E5	64	82	0	2
80	29.272927	29.981806	B4	64	81	0	2
81	29.667662	30.402857	E4	64	78	0	5
82	30.062398	30.338713	E5	64	80	0	2
83	30.062398	30.361739	G#4	64	67	0	4
84	30.062398	30.767987	E2	64	83	1	-1
85	30.062398	30.782790	B4	64	77	0	2
86	30.457133	30.771277	G#4	64	70	0	4
87	30.457133	30.782790	E5	64	77	0	2
88	30.457133	30.792658	E4	64	72	0	5
89	30.851869	31.157789	E5	64	81	0	2
90	30.851869	31.159434	E2	64	84	1	-1
91	30.851869	31.170947	G#4	64	69	0	4
92	30.851869	31.175881	E4	64	78	0	5
93	30.851869	31.189039	B4	64	77	0	2
94	31.246604	31.526209	E5	64	82	0	2
95	31.246604	31.541011	E4	64	82	0	5
96	31.246604	31.544301	E2	64	85	1	-1
97	31.246604	31.552524	G#4	64	78	0	4
98	31.246604	31.560748	B4	64	82	0	2
99	31.641340	32.045944	A3	64	78	1	-4
100	31.641340	32.059102	E4	64	81	0	5
101	31.641340	32.067325	C4	64	81	0	1
102	31.641340	33.055809	A2	64	83	1	-1
103	32.036075	32.511403	E3	64	71	1	-4
104	32.233443	32.328837	A3	64	70	1	-4
105	32.430811	32.866665	C4	64	83	0	1
106	32.430811	32.866665	E4	64	83	0	5
107	32.430811	32.873243	A3	64	82	1	-4
108	32.825546	33.037717	E3	64	68	1	-4
109	33.022914	33.200545	C4	64	81	0	1
110	33.022914	33.361729	A3	64	77	1	-4
111	33.022914	33.406136	E4	64	82	0	5
112	33.220282	34.544290	A2	64	80	1	-1
113	33.417650	34.067318	E3	64	71	1	-4
114	33.615017	33.883108	A3	64	81	1	-4
115	33.812385	33.896266	C4	64	75	0	1
116	34.009753	34.193963	C4	64	83	0	1
117	34.009753	34.216989	A3	64	81	1	-4
118	34.009753	34.243305	E4	64	83	0	5
119	34.207121	34.521264	E3	64	75	1	-4
120	34.404488	34.654487	A3	64	83	1	-4
121	34.799224	35.267972	C4	64	79	0	1
122	34.799224	35.279485	A3	64	77	1	-4
123	34.799224	36.193956	A2	64	82	1	-1
124	35.193959	35.728497	E3	64	68	1	-4
125	35.588695	35.799220	E4	64	84	0	5
126	35.588695	35.922575	A3	64	83	1	-4
127	35.983430	36.208758	E3	64	70	1	-4
128	36.180798	36.407771	A3	64	81	1	-4
129	36.180798	36.439021	C4	64	82	0	1
130	36.575534	37.258097	E3	64	70	1	-4
131	36.772901	37.037703	A3	64	82	1	-4
132	36.970269	37.073887	C4	64	78	0	1
133	37.167637	37.394610	A3	64	83	1	-4
134	37.167637	37.600201	C4	64	87	0	1
135	37.167637	37.766319	E4	64	85	0	5
136	37.365005	37.940660	E3	64	79	1	-4
137	37.562372	37.876516	A3	64	84	1	-4
138	37.759740	37.912700	C4	64	76	0	1
139	37.957108	38.274541	A4	64	83	0	5
140	37.957108	37.999871	A2	64	82	1	-1
141	37.957108	38.335396	A3	64	76	1	-4
142	37.957108	38.350199	C4	64	76	0	1
143	38.351843	38.481777	A4	64	82	0	5
144	38.351843	38.883091	E3	64	67	1	-4
145	38.549211	38.662697	A4	64	82	0	5
146	38.746579	39.049209	A4	64	84	0	5
147	38.746579	39.126512	A3	64	82	1	-4
148	38.746579	39.684076	E4	64	83	0	5
149	39.141314	39.582102	B4	64	82	0	2
150	39.141314	39.317301	E3	64	74	1	-4
151	39.338682	39.763023	A3	64	77	1	-4
152	39.536050	39.860062	C5	64	82	0	3
153	39.536050	40.549204	F2	64	68	1	-5
154	39.930785	40.045916	C5	64	75	0	3
155	39.930785	40.504796	C3	64	75	1	-3
156	40.128153	40.239995	C5	64	81	0	3
157	40.325521	40.687362	C5	64	83	0	3
158	40.325521	40.499862	A3	64	81	1	-4
159	40.325521	40.767953	C4	64	82	0	1
160	40.720256	41.124860	D5	64	85	0	5
161	40.720256	40.914335	A3	64	68	1	-4
162	41.114992	41.414333	E5	64	82	0	2
163	41.114992	41.368280	G3	64	77	1	-1
164	41.114992	41.616635	C4	64	76	0	1
165	41.114992	42.090317	C3	64	82	1	-3
166	41.509727	41.726832	E5	64	84	0	2
167	41.509727	41.993278	G3	64	76	1	-1
168	41.707095	41.897884	D5	64	87	0	5
169	41.904463	42.369922	C5	64	78	0	3
170	41.904463	42.215317	C4	64	81	0	1
171	41.904463	42.475185	E4	64	82	0	5
172	42.299198	42.677486	A4	64	80	0	5
173	42.299198	42.606763	G3	64	77	1	-1
174	42.496566	42.790973	C4	64	73	0	1
175	42.693934	44.141297	B4	64	83	0	2
176	42.693934	43.784391	E2	64	85	1	-1
177	42.891302	43.720246	B2	64	72	1	-4
178	43.088669	43.432418	B3	64	81	1	-2
179	43.483405	43.744917	B3	64	82	1	-2
180	43.483405	44.164324	E4	64	82	0	5
181	43.878140	44.141297	B3	64	80	1	-2
182	44.272876	44.570572	D5	64	92	0	5
183	44.272876	44.735045	D4	64	81	0	3
184	44.272876	45.608398	D3	64	83	1	-1
185	44.667611	44.779453	D5	64	86	0	5
186	44.667611	45.169254	A3	64	76	1	-4
187	44.864979	44.968597	D5	64	87	0	5
188	45.062347	45.406096	D5	64	90	0	5
189	45.062347	45.506424	D4	64	82	0	3
190	45.062347	45.555766	F4	64	82	0	1
191	45.457082	45.909383	E5	64	83	0	2
192	45.457082	45.781094	A3	64	81	1	-4
193	45.851818	46.165961	F5	64	82	0	3
194	45.851818	46.486684	C4	64	77	0	1
195	45.851818	47.004774	F2	64	72	1	-5
196	46.246553	46.373198	F5	64	77	0	3
197	46.246553	46.901156	C3	64	81	1	-3
198	46.443921	46.560697	F5	64	79	0	3
199	46.641289	47.040958	F5	64	82	0	3
200	46.641289	46.746552	A3	64	73	1	-4
201	46.641289	47.101814	C4	64	81	0	1
202	46.641289	47.338655	F4	64	75	0	1
203	47.036024	47.422536	G5	64	82	0	5
204	47.036024	47.504773	A3	64	75	1	-4
205	47.430760	47.739969	A5	64	82	0	2
206	47.430760	48.001482	D4	64	76	0	3
207	47.430760	48.531085	D2	64	83	1	-3
208	47.825495	48.036021	A5	64	82	0	2
209	47.825495	48.514638	A2	64	70	1	-1
210	48.022863	48.249836	G5	64	76	0	5
211	48.220231	48.614966	F5	64	82	0	3
212	48.220231	48.366612	A3	64	75	1	-4
213	48.220231	48.672532	D4	64	79	0	3
214	48.220231	48.993254	F4	64	80	0	1
215	48.614966	49.027794	F5	64	85	0	3
216	48.614966	48.762992	A3	64	73	1	-4
217	49.009702	49.996541	E5	64	85	0	2
218	49.009702	49.239964	B3	64	76	1	-2
219	49.009702	49.993251	E4	64	81	0	5
220	49.009702	50.121540	E2	64	84	1	-1
221	49.404437	50.044238	B2	64	70	1	-4
222	49.601805	50.090290	E3	64	82	1	-4
223	49.799173	50.119895	G#3	64	82	1	-5
224	49.996541	50.264632	B3	64	81	1	-2
225	50.193908	50.516276	E5	64	85	0	2
226	50.193908	50.443907	E4	64	83	0	5
227	50.588644	51.121537	D5	64	85	0	5
228	50.588644	50.799169	A3	64	72	1	-4
229	50.588644	51.096866	D4	64	75	0	3
230	50.588644	51.996534	D3	64	82	1	-1
231	50.983379	51.452128	A3	64	74	1	-4
232	51.180747	51.292589	D5	64	87	0	5
233	51.378115	51.733377	D5	64	85	0	5
234	51.378115	51.851797	D4	64	81	0	3
235	51.378115	51.878113	F4	64	77	0	1
236	51.772850	52.152783	C5	64	82	0	3
237	51.772850	52.277783	A3	64	73	1	-4
238	52.167586	53.170872	D5	64	84	0	5
239	52.167586	52.725150	D4	64	75	0	3
240	52.167586	53.420871	D3	64	72	1	-1
241	52.562321	52.980083	A3	64	75	1	-4
242	52.957057	53.200477	F4	64	80	0	1
243	53.154425	53.389621	E4	64	78	0	5
244	53.351792	53.656068	D4	64	75	0	3
245	53.746528	54.238302	C5	64	83	0	3
246	53.746528	54.239947	A3	64	71	1	-4
247	53.746528	54.271197	C4	64	72	0	1
248	53.746528	55.142905	A2	64	82	1	-1
249	54.141263	54.739945	E3	64	75	1	-4
250	54.338631	54.453762	C5	64	83	0	3
251	54.535999	54.907708	C5	64	83	0	3
252	54.535999	55.136326	C4	64	82	0	1
253	54.535999	55.192247	E4	64	83	0	5
254	54.930734	55.353430	B4	64	83	0	2
255	54.930734	55.320536	E3	64	73	1	-4
256	55.325470	56.387966	A4	64	82	0	5
257	55.325470	55.739942	A3	64	75	1	-4
258	55.325470	55.744876	C4	64	77	0	1
259	55.325470	56.443887	A2	64	82	1	-1
260	55.720205	56.345203	E3	64	75	1	-4
261	56.114941	56.302440	A3	64	76	1	-4
262	56.114941	56.368229	C4	64	83	0	1
263	56.312309	56.514610	B3	64	76	1	-2
264	56.509676	56.827109	E5	64	84	0	2
265	56.509676	57.001451	A3	64	83	1	-4
266	56.904412	57.381384	D5	64	83	0	5
267	56.904412	57.437305	D4	64	76	0	3
268	56.904412	58.062303	D2	64	83	1	-3
269	57.299147	58.024474	A2	64	65	1	-1
270	57.496515	57.626449	D5	64	83	0	5
271	57.693883	57.991579	D5	64	85	0	5
272	57.693883	57.855066	A3	64	77	1	-4
273	57.693883	58.476775	F4	64	79	0	1
274	58.088618	58.391249	E5	64	84	0	2
275	58.088618	58.282697	A3	64	82	1	-4
276	58.483354	59.930717	B4	64	82	0	2
277	58.483354	59.070523	D4	64	76	0	3
278	58.483354	59.121510	B3	64	75	1	-2
279	58.483354	59.366574	B2	64	82	1	-4
280	58.878089	59.343548	F3	64	72	1	-3
281	59.272825	59.453745	B3	64	81	1	-2
282	59.272825	59.675784	F4	64	78	0	1
283	60.062296	60.708675	B4	64	80	0	2
284	60.062296	60.637952	B3	64	77	1	-2
285	60.062296	60.647820	E4	64	81	0	5
286	60.062296	61.098476	E2	64	79	1	-1
287	60.457031	61.055713	B2	64	75	1	-4
288	60.654399	60.884661	E4	64	81	0	5
289	60.851767	61.271173	C5	64	79	0	3
290	60.851767	61.031042	B3	64	82	1	-2
291	60.851767	61.323805	G#4	64	77	0	4
292	60.851767	61.328739	E4	64	83	0	5
293	61.246502	61.628080	B4	64	81	0	2
294	61.246502	61.684001	B3	64	79	1	-2
295	61.641238	63.141233	A4	64	82	0	5
296	61.641238	64.332018	A2	64	82	1	-1
297	62.035973	64.108335	E3	64	75	1	-4
298	62.233341	62.406038	A3	64	75	1	-4
299	62.430709	62.624787	C4	64	82	0	1
300	62.628077	62.859984	A3	64	78	1	-4
301	62.825444	63.004720	C4	64	73	0	1
302	63.022812	63.221825	A3	64	64	1	-4
303	63.220180	63.512942	E4	64	80	0	5
304	63.417548	63.628073	A3	64	68	1	-4
305	63.614915	63.774454	C4	64	68	0	1
306	63.812283	63.883006	A3	64	58	1	-4
307	64.009651	64.433991	A3	64	81	1	-4
308	64.009651	64.503070	C4	64	86	0	1
309	64.009651	64.506360	E4	64	85	0	5
310	64.404386	64.744846	E3	64	81	1	-4
311	64.799122	65.116555	A4	64	83	0	5
312	64.799122	65.177410	A3	64	76	1	-4
313	64.799122	65.192213	C4	64	76	0	1
314	64.799122	66.170828	A2	64	82	1	-1
315	65.193857	65.323791	A4	64	82	0	5
316	65.193857	65.725105	E3	64	67	1	-4
317	65.391225	65.504711	A4	64	82	0	5
318	65.588593	65.891223	A4	64	84	0	5
319	65.588593	65.968526	A3	64	82	1	-4
320	65.588593	66.526090	E4	64	83	0	5
321	65.983328	66.424116	B4	64	82	0	2
322	65.983328	66.159315	E3	64	74	1	-4
323	66.180696	66.605037	A3	64	77	1	-4
324	66.378064	66.702076	C5	64	82	0	3
325	66.378064	67.391218	F2	64	68	1	-5
326	66.772799	66.887930	C5	64	75	0	3
327	66.772799	67.346810	C3	64	75	1	-3
328	66.970167	67.082009	C5	64	81	0	3
329	67.167535	67.529376	C5	64	83	0	3
330	67.167535	67.341876	A3	64	81	1	-4
331	67.167535	67.609967	C4	64	82	0	1
332	67.562270	67.966874	D5	64	85	0	5
333	67.562270	67.756349	A3	64	68	1	-4
334	67.957006	68.256347	E5	64	82	0	2
335	67.957006	68.210294	G3	64	77	1	-1
336	67.957006	68.458649	C4	64	76	0	1
337	67.957006	68.932331	C3	64	82	1	-3
338	68.351741	68.568846	E5	64	84	0	2
339	68.351741	68.835292	G3	64	76	1	-1
340	68.549109	68.739898	D5	64	87	0	5
341	68.746477	69.211936	C5	64	78	0	3
342	68.746477	69.057331	C4	64	81	0	1
343	68.746477	69.317199	E4	64	82	0	5
344	69.141212	69.519500	A4	64	80	0	5
345	69.141212	69.448777	G3	64	77	1	-1
346	69.338580	69.632987	C4	64	73	0	1
347	69.535948	70.983311	B4	64	83	0	2
348	69.535948	70.626405	E2	64	85	1	-1
349	69.733316	70.562260	B2	64	72	1	-4
350	69.930683	70.274432	B3	64	81	1	-2
351	70.325419	70.586931	B3	64	82	1	-2
352	70.325419	71.006338	E4	64	82	0	5
353	70.720154	70.983311	B3	64	80	1	-2
354	71.114890	71.412586	D5	64	92	0	5
355	71.114890	71.577059	D4	64	81	0	3
356	71.114890	72.450412	D3	64	83	1	-1
357	71.509625	71.621467	D5	64	86	0	5
358	71.509625	72.011268	A3	64	76	1	-4
359	71.706993	71.810611	D5	64	87	0	5
360	71.904361	72.248110	D5	64	90	0	5
361	71.904361	72.348438	D4	64	82	0	3
362	71.904361	72.397780	F4	64	82	0	1
363	72.299096	72.751397	E5	64	83	0	2
364	72.299096	72.623108	A3	64	81	1	-4
365	72.693832	73.007975	F5	64	82	0	3
366	72.693832	73.328698	C4	64	77	0	1
367	72.693832	73.846788	F2	64	72	1	-5
368	73.088567	73.215212	F5	64	77	0	3
369	73.088567	73.743170	C3	64	81	1	-3
370	73.285935	73.402711	F5	64	79	0	3
371	73.483303	73.882972	F5	64	82	0	3
372	73.483303	73.588566	A3	64	73	1	-4
373	73.483303	73.943828	C4	64	81	0	1
374	73.483303	74.180669	F4	64	75	0	1
375	73.878038	74.264550	G5	64	82	0	5
376	73.878038	74.346787	A3	64	75	1	-4
377	74.272774	74.581983	A5	64	82	0	2
378	74.272774	74.843496	D4	64	76	0	3
379	74.272774	75.373099	D2	64	83	1	-3
380	74.667509	74.878035	A5	64	82	0	2
381	74.667509	75.356652	A2	64	70	1	-1
382	74.864877	75.091850	G5	64	76	0	5
383	75.062245	75.456980	F5	64	82	0	3
384	75.062245	75.208626	A3	64	75	1	-4
385	75.062245	75.514546	D4	64	79	0	3
386	75.062245	75.835268	F4	64	80	0	1
387	75.456980	75.869808	F5	64	85	0	3
388	75.456980	75.605006	A3	64	73	1	-4
389	75.851716	76.838555	E5	64	85	0	2
390	75.851716	76.081978	B3	64	76	1	-2
391	75.851716	76.835265	E4	64	81	0	5
392	75.851716	76.963554	E2	64	84	1	-1
393	76.246451	76.886252	B2	64	70	1	-4
394	76.443819	76.932304	E3	64	82	1	-4
395	76.641187	76.961909	G#3	64	82	1	-5
396	76.838555	77.106646	B3	64	81	1	-2
397	77.035922	77.358290	E5	64	85	0	2
398	77.035922	77.285921	E4	64	83	0	5
399	77.430658	77.963551	D5	64	85	0	5
400	77.430658	77.641183	A3	64	72	1	-4
401	77.430658	77.938880	D4	64	75	0	3
402	77.430658	78.838548	D3	64	82	1	-1
403	77.825393	78.294142	A3	64	74	1	-4
404	78.022761	78.134603	D5	64	87	0	5
405	78.220129	78.575391	D5	64	85	0	5
406	78.220129	78.693811	D4	64	81	0	3
407	78.220129	78.720127	F4	64	77	0	1
408	78.614864	78.994797	C5	64	82	0	3
409	78.614864	79.119797	A3	64	73	1	-4
410	79.009600	80.012886	D5	64	84	0	5
411	79.009600	79.567164	D4	64	75	0	3
412	79.009600	80.262885	D3	64	72	1	-1
413	79.404335	79.822097	A3	64	75	1	-4
414	79.799071	80.042491	F4	64	80	0	1
415	79.996439	80.231635	E4	64	78	0	5
416	80.193806	80.498082	D4	64	75	0	3
417	80.588542	80.983277	C5	64	83	0	3
418	80.588542	81.081961	A3	64	71	1	-4
419	80.588542	81.113211	C4	64	72	0	1
420	80.588542	81.984919	A2	64	82	1	-1
421	80.983277	81.180645	C5	64	82	0	3
422	80.983277	81.581959	E3	64	75	1	-4
423	81.180645	81.295776	C5	64	83	0	3
424	81.378013	81.749722	C5	64	83	0	3
425	81.378013	81.978340	C4	64	82	0	1
426	81.378013	82.034261	E4	64	83	0	5
427	81.772748	82.195444	B4	64	83	0	2
428	81.772748	82.162550	E3	64	73	1	-4
429	82.167484	83.229980	A4	64	82	0	5
430	82.167484	82.581956	A3	64	75	1	-4
431	82.167484	82.586890	C4	64	77	0	1
432	82.167484	83.285901	A2	64	82	1	-1
433	82.562219	83.187217	E3	64	75	1	-4
434	82.956955	83.144454	A3	64	76	1	-4
435	82.956955	83.210243	C4	64	83	0	1
436	83.154323	83.356624	B3	64	76	1	-2
437	83.351690	83.669123	E5	64	84	0	2
438	83.351690	83.843465	A3	64	83	1	-4
439	83.746426	84.223398	D5	64	83	0	5
440	83.746426	84.279319	D4	64	76	0	3
441	83.746426	84.904317	D2	64	83	1	-3
442	84.141161	84.866488	A2	64	65	1	-1
443	84.338529	84.468463	D5	64	83	0	5
444	84.535897	84.833593	D5	64	85	0	5
445	84.535897	84.697080	A3	64	77	1	-4
446	84.535897	85.318789	F4	64	79	0	1
447	84.930632	85.233263	E5	64	84	0	2
448	84.930632	85.124711	A3	64	82	1	-4
449	85.325368	86.772731	B4	64	82	0	2
450	85.325368	85.912537	D4	64	76	0	3
451	85.325368	85.963524	B3	64	75	1	-2
452	85.325368	86.208588	B2	64	82	1	-4
453	85.720103	86.185562	F3	64	72	1	-3
454	86.114839	86.295759	B3	64	81	1	-2
455	86.114839	86.517798	F4	64	78	0	1
456	86.904310	87.299045	B4	64	80	0	2
457	86.904310	87.479966	B3	64	77	1	-2
458	86.904310	87.489834	E4	64	81	0	5
459	86.904310	87.940490	E2	64	79	1	-1
460	87.299045	87.726675	E4	64	81	0	5
461	87.299045	87.897727	B2	64	75	1	-4
462	87.693781	88.113187	C5	64	79	0	3
463	87.693781	87.873056	B3	64	82	1	-2
464	87.693781	88.165819	G#4	64	77	0	4
465	87.693781	88.170753	E4	64	83	0	5
466	88.088516	88.470094	B4	64	81	0	2
467	88.088516	88.526015	B3	64	79	1	-2
468	88.483252	89.983247	A4	64	82	0	5
469	88.483252	91.174032	A2	64	82	1	-1
470	88.877987	90.950349	E3	64	75	1	-4
471	89.075355	89.248052	A3	64	75	1	-4
472	89.272723	89.466801	C4	64	82	0	1
473	89.470091	89.701998	A3	64	78	1	-4
474	89.667458	89.846734	C4	64	73	0	1
475	89.864826	90.063839	A3	64	64	1	-4
476	90.062194	90.354956	E4	64	80	0	5
477	90.259562	90.470087	A3	64	68	1	-4
478	90.456929	90.616468	C4	64	68	0	1
479	90.654297	90.725020	A3	64	58	1	-4
480	90.851665	91.276005	A3	64	81	1	-4
481	90.851665	91.345084	C4	64	86	0	1
482	90.851665	91.348374	E4	64	85	0	5
483	91.246400	91.586860	E3	64	81	1	-4
484	91.641136	92.287515	F5	64	84	0	3
485	91.641136	92.076990	F4	64	82	0	1
486	91.641136	93.114815	D2	64	84	1	-3
487	91.838504	93.075341	A2	64	69	1	-1
488	92.035871	92.305607	A3	64	82	1	-4
489	92.233239	92.333568	D4	64	81	0	3
490	92.430607	93.101657	F5	64	83	0	3
491	92.430607	92.728303	F4	64	88	0	1
492	92.627975	92.831921	A3	64	88	1	-4
493	92.825342	93.025999	D4	64	75	0	3
494	93.022710	93.244749	A3	64	79	1	-4
495	93.220078	94.274351	F5	64	82	0	3
496	93.220078	93.683892	F4	64	81	0	1
497	93.220078	94.328627	D2	64	82	1	-3
498	93.417446	94.175667	A2	64	70	1	-1
499	93.614813	93.894418	A3	64	83	1	-4
500	93.812181	93.948694	D4	64	81	0	3
501	94.009549	94.239811	F4	64	92	0	1
502	94.206917	94.424021	D4	64	81	0	3
503	94.404284	94.601652	F5	64	82	0	3
504	94.404284	94.572047	A3	64	82	1	-4
505	94.601652	94.799020	F5	64	82	0	3
506	94.799020	95.104940	E5	64	85	0	2
507	94.799020	94.915796	G3	64	75	1	-1
508	94.799020	95.042440	C4	64	76	0	1
509	94.799020	96.244739	C3	64	85	1	-3
510	94.996388	95.178953	G3	64	78	1	-1
511	95.193755	95.409215	E5	64	82	0	2
512	95.193755	95.428952	C4	64	72	0	1
513	95.391123	95.553951	D5	64	85	0	5
514	95.391123	95.580267	G3	64	73	1	-1
515	95.588491	95.902634	C5	64	83	0	3
516	95.588491	95.866450	E4	64	82	0	5
517	95.785859	96.025989	G3	64	81	1	-1
518	95.983226	96.284212	D5	64	85	0	5
519	95.983226	96.244739	C4	64	76	0	1
520	96.180594	96.428948	G3	64	81	1	-1
521	96.377962	97.224998	E5	64	82	0	2
522	96.377962	96.581908	C4	64	82	0	1
523	96.377962	97.471708	C3	64	87	1	-3
524	96.575330	96.790789	G3	64	82	1	-1
525	96.772697	97.002960	C4	64	76	0	1
526	96.970065	97.159209	G3	64	76	1	-1
527	97.167433	97.479932	E4	64	86	0	5
528	97.364801	97.614800	G3	64	81	1	-1
529	97.562168	97.833549	C4	64	81	0	1
530	97.759536	97.953614	G3	64	74	1	-1
531	97.956904	98.593415	F5	64	84	0	3
532	97.956904	98.195390	D4	64	78	0	3
533	97.956904	99.414136	D2	64	82	1	-3
534	98.154272	99.405912	A2	64	71	1	-1
535	98.351639	98.604928	A3	64	85	1	-4
536	98.549007	98.736506	D4	64	81	0	3
537	98.746375	99.433872	F5	64	82	0	3
538	98.746375	98.956900	F4	64	82	0	1
539	98.943743	99.164137	D4	64	81	0	3
540	99.141110	99.414136	A3	64	82	1	-4
541	99.338478	99.527622	D4	64	78	0	3
542	99.535846	100.588474	F5	64	82	0	3
543	99.535846	99.859858	F4	64	83	0	1
544	99.535846	100.608211	D2	64	85	1	-3
545	99.733214	99.958542	A3	64	81	1	-4
546	99.733214	100.562158	A2	64	71	1	-1
547	99.930581	100.165778	D4	64	83	0	3
548	100.127949	100.310514	A3	64	86	1	-4
549	100.325317	100.609855	F4	64	83	0	1
550	100.522685	100.756236	A3	64	78	1	-4
551	100.720052	100.871368	F5	64	81	0	3
552	100.720052	100.940446	D4	64	81	0	3
553	100.917420	101.053933	G5	64	76	0	5
554	100.917420	101.088472	A3	64	81	1	-4
555	101.114788	101.400971	A5	64	83	0	2
556	101.114788	101.369721	F3	64	80	1	-3
557	101.114788	101.539128	C4	64	78	0	1
558	101.114788	102.256231	F2	64	83	1	-5
559	101.312156	101.993074	C3	64	78	1	-3
560	101.509523	101.711825	A5	64	83	0	2
561	101.509523	101.777614	F3	64	83	1	-3
562	101.706891	101.884522	G5	64	82	0	5
563	101.706891	101.833535	A3	64	87	1	-4
564	101.904259	102.223337	F5	64	84	0	3
565	101.904259	102.246363	C4	64	87	0	1
566	102.101627	102.280902	C3	64	82	1	-3
567	102.298994	102.685506	F5	64	82	0	3
568	102.298994	102.575309	F3	64	86	1	-3
569	102.496362	102.764453	C4	64	73	0	1
570	102.693730	104.050633	E5	64	83	0	2
571	102.693730	102.757874	F2	64	78	1	-5
572	102.693730	103.060505	B3	64	81	1	-2
573	102.693730	103.984844	E2	64	81	1	-1
574	102.891098	103.451951	B2	64	78	1	-4
575	103.088465	103.313793	E3	64	87	1	-4
576	103.285833	103.534187	B3	64	83	1	-2
577	103.483201	103.720042	G#3	64	95	1	-5
578	103.680569	103.897673	E3	64	90	1	-4
579	103.877936	104.055567	B2	64	88	1	-4
580	104.075304	104.239777	E3	64	86	1	-4
581	104.272672	104.810499	D5	64	87	0	5
582	104.272672	104.685499	D4	64	80	0	3
583	104.272672	105.687141	D2	64	85	1	-3
584	104.470040	105.665759	A2	64	82	1	-1
585	104.667407	104.943722	A3	64	83	1	-4
586	104.864775	105.062143	D4	64	82	0	3
587	105.062143	105.749640	D5	64	92	0	5
588	105.062143	105.254576	F4	64	88	0	1
589	105.259511	105.473326	D4	64	75	0	3
590	105.456878	105.749640	A3	64	82	1	-4
591	105.654246	106.257862	D4	64	81	0	3
592	105.851614	106.966742	D5	64	88	0	5
593	105.851614	107.002926	D2	64	87	1	-3
594	106.048982	106.938781	A2	64	69	1	-1
595	106.246349	106.532533	A3	64	83	1	-4
596	106.443717	106.659177	D4	64	81	0	3
597	106.641085	106.861479	F4	64	85	0	1
598	106.838453	107.048978	D4	64	81	0	3
599	107.035820	107.139438	C5	64	85	0	3
600	107.035820	107.280885	A3	64	81	1	-4
601	107.233188	107.396016	D5	64	92	0	5
602	107.233188	107.427266	D4	64	78	0	3
603	107.430556	107.718384	E5	64	83	0	2
604	107.430556	107.713450	E4	64	83	0	5
605	107.430556	108.905880	E2	64	83	1	-1
606	107.627924	108.884498	B2	64	82	1	-4
607	107.825291	108.141080	F5	64	83	0	3
608	107.825291	108.096672	B3	64	86	1	-2
609	108.022659	108.239764	E4	64	81	0	5
610	108.220027	108.501276	E5	64	84	0	2
611	108.220027	108.506210	G#4	64	90	0	4
612	108.417395	108.558841	E4	64	82	0	5
613	108.614762	108.932195	F5	64	79	0	3
614	108.614762	108.937130	B3	64	77	1	-2
615	108.812130	108.917393	E4	64	79	0	5
616	109.009498	109.292392	E5	64	86	0	2
617	109.009498	109.446996	B3	64	81	1	-2
618	109.009498	109.604891	E4	64	83	0	5
619	109.009498	110.422322	E2	64	87	1	-1
620	109.404233	109.700285	F5	64	84	0	3
621	109.404233	110.379559	B2	64	82	1	-4
622	109.601601	109.757851	B3	64	81	1	-2
623	109.798969	110.076928	E5	64	87	0	2
624	109.798969	110.095020	B3	64	82	1	-2
625	109.798969	110.249625	G#4	64	77	0	4
626	110.193704	110.501269	F5	64	82	0	3
627	110.193704	110.474953	B3	64	87	1	-2
628	110.588440	112.091724	E5	64	85	0	2
629	110.588440	110.861465	B3	64	83	1	-2
630	110.588440	110.876268	E4	64	83	0	5
631	110.588440	111.178898	E2	64	86	1	-1
632	110.983175	111.196990	B3	64	83	1	-2
633	110.983175	111.200280	E4	64	84	0	5
634	111.377911	111.599950	B3	64	82	1	-2
635	111.377911	111.626265	E4	64	85	0	5
636	111.377911	111.698633	G#4	64	79	0	4
637	111.377911	111.988106	B2	64	82	1	-4
638	111.377911	112.035803	E2	64	85	1	-1
639	111.772646	112.086790	B3	64	85	1	-2
640	112.167382	112.509486	B4	64	84	0	2
641	112.167382	112.562117	B3	64	81	1	-2
642	112.167382	112.670670	E4	64	84	0	5
643	112.167382	112.978234	G#4	64	74	0	4
644	112.167382	113.001261	E2	64	87	1	-1
645	112.562117	112.761130	C5	64	81	0	3
646	112.562117	112.940405	B2	64	75	1	-4
647	112.759485	112.922313	E5	64	81	0	2
648	112.759485	113.001261	B3	64	83	1	-2
649	112.956853	113.340075	C5	64	82	0	3
650	112.956853	113.149286	E4	64	83	0	5
651	113.154221	113.409154	B3	64	82	1	-2
652	113.351588	113.729876	B4	64	83	0	2
653	113.351588	113.451917	E4	64	77	0	5
654	113.746324	115.904211	A4	64	82	0	5
655	113.746324	114.262769	A3	64	79	1	-4
656	113.746324	114.340072	C4	64	78	0	1
657	113.746324	115.203556	A2	64	82	1	-1
658	114.141059	114.792373	E3	64	74	1	-4
659	114.535795	114.789083	A3	64	75	1	-4
660	114.535795	115.178885	E4	64	81	0	5
661	114.930530	115.170661	E3	64	76	1	-4
662	115.127898	115.460134	A3	64	83	1	-4
663	115.325266	116.747958	A2	64	81	1	-1
664	115.522634	116.312105	E3	64	70	1	-4
665	115.720001	115.997961	A3	64	81	1	-4
666	115.917369	116.058816	C4	64	83	0	1
667	116.114737	116.399275	E4	64	87	0	5
668	116.312105	116.565393	A3	64	82	1	-4
669	116.509472	116.734800	C4	64	83	0	1
670	116.904208	117.147628	A3	64	80	1	-4
671	116.904208	117.368022	D4	64	81	0	3
672	116.904208	118.349927	D3	64	83	1	-1
673	117.298943	117.598284	A3	64	81	1	-4
674	117.693679	117.966704	F4	64	83	0	1
675	117.891047	118.131177	A3	64	77	1	-4
676	118.088414	118.374598	D4	64	77	0	3
677	118.285782	118.520979	A3	64	79	1	-4
678	118.483150	118.756175	F4	64	82	0	1
679	118.483150	119.637751	D3	64	83	1	-1
680	118.680518	118.900912	A3	64	80	1	-4
681	118.877885	119.127884	D4	64	76	0	3
682	119.075253	119.190384	A3	64	82	1	-4
683	119.272621	119.404199	A3	64	83	1	-4
684	119.272621	119.451896	D4	64	85	0	3
685	119.272621	119.594988	F4	64	82	0	1
686	119.469989	119.647620	A3	64	77	1	-4
687	119.667356	119.938737	D4	64	75	0	3
688	119.864724	120.016039	A3	64	75	1	-4
689	120.062092	120.287420	C4	64	79	0	1
690	120.062092	121.514389	C3	64	83	1	-3
691	120.259460	120.474919	G3	64	80	1	-1
692	120.456827	120.665708	C4	64	73	0	1
693	120.654195	120.743011	G3	64	72	1	-1
694	120.851563	120.974918	G3	64	86	1	-1
695	120.851563	121.167351	E4	64	82	0	5
696	121.048931	121.226562	G3	64	80	1	-1
697	121.246298	121.446956	C4	64	69	0	1
698	121.443666	121.687086	G3	64	76	1	-1
699	121.641034	121.938730	E4	64	82	0	5
700	121.641034	122.315374	C3	64	87	1	-3
701	121.838402	122.063730	G3	64	80	1	-1
702	122.035769	122.252874	C4	64	79	0	1
703	122.233137	122.478202	G3	64	79	1	-1
704	122.430505	122.601557	C4	64	82	0	1
705	122.430505	122.677214	C3	64	83	1	-3
706	122.430505	122.708464	E4	64	86	0	5
707	122.627873	122.821951	G3	64	82	1	-1
708	122.825240	123.035766	C4	64	82	0	1
709	123.022608	123.142673	G3	64	81	1	-1
710	123.219976	123.346620	A3	64	81	1	-4
711	123.219976	123.432146	D4	64	78	0	3
712	123.219976	123.851553	D2	64	84	1	-3
713	123.417344	123.601553	A3	64	75	1	-4
714	123.614711	123.844974	D4	64	78	0	3
715	123.812079	124.032473	A3	64	81	1	-4
716	124.009447	124.168986	D4	64	81	0	3
717	124.009447	124.270959	F4	64	81	0	1
718	124.009447	124.594971	D2	64	87	1	-3
719	124.206815	124.389380	A3	64	76	1	-4
720	124.404182	124.603195	D4	64	77	0	3
721	124.601550	124.831812	A3	64	77	1	-4
722	124.798918	124.958457	D4	64	78	0	3
723	124.798918	125.073588	F4	64	81	0	1
724	124.798918	125.402534	D2	64	84	1	-3
725	124.996286	125.201877	A3	64	74	1	-4
726	125.193653	125.366350	D4	64	77	0	3
727	125.391021	125.542336	A3	64	82	1	-4
728	125.588389	125.728191	D4	64	82	0	3
729	125.588389	125.784112	D2	64	87	1	-3
730	125.588389	125.826875	F4	64	81	0	1
731	125.785757	126.002861	A3	64	84	1	-4
732	125.983124	126.145953	D4	64	75	0	3
733	125.983124	126.272597	F4	64	79	0	1
734	126.180492	126.282465	A3	64	74	1	-4
735	126.377860	126.613056	C4	64	80	0	1
736	126.377860	126.958450	C3	64	84	1	-3
737	126.575228	126.764372	G3	64	81	1	-1
738	126.772595	126.933779	C4	64	75	0	1
739	126.969963	127.224896	G3	64	82	1	-1
740	127.167331	127.392659	C4	64	84	0	1
741	127.167331	127.425554	E4	64	82	0	5
742	127.167331	127.445290	C3	64	82	1	-3
743	127.364699	127.586737	G3	64	78	1	-1
744	127.562066	127.792329	C4	64	81	0	1
745	127.759434	127.953512	G3	64	80	1	-1
746	127.956802	128.167327	C4	64	84	0	1
747	127.956802	128.201867	E4	64	85	0	5
748	127.956802	128.562063	C3	64	83	1	-3
749	128.154170	128.384432	G3	64	80	1	-1
750	128.351537	128.519300	C4	64	81	0	1
751	128.548905	128.715023	G3	64	82	1	-1
752	128.746273	128.905812	C4	64	86	0	1
753	128.746273	128.953509	C3	64	88	1	-3
754	128.746273	129.009430	E4	64	85	0	5
755	128.943641	129.173903	G3	64	83	1	-1
756	129.141008	129.358113	C4	64	82	0	1
757	129.338376	129.469955	G3	64	82	1	-1
758	129.535744	129.784098	D4	64	77	0	3
759	129.535744	130.213373	D2	64	85	1	-3
760	129.733112	129.973242	A3	64	70	1	-4
761	129.930479	130.167321	D4	64	76	0	3
762	130.127847	130.376201	A3	64	81	1	-4
763	130.325215	130.604819	F4	64	83	0	1
764	130.325215	130.958436	D2	64	86	1	-3
765	130.522583	130.759424	A3	64	81	1	-4
766	130.719950	130.938700	D4	64	81	0	3
767	130.917318	131.157449	A3	64	81	1	-4
768	131.114686	131.287383	D4	64	79	0	3
769	131.114686	131.307119	F4	64	81	0	1
770	131.114686	131.652513	D2	64	83	1	-3
771	131.312054	131.514355	A3	64	81	1	-4
772	131.509421	131.729815	D4	64	76	0	3
773	131.706789	131.864683	A3	64	81	1	-4
774	131.904157	132.050538	D4	64	82	0	3
775	131.904157	132.167314	F4	64	81	0	1
776	131.904157	132.201853	D2	64	84	1	-3
777	132.101525	132.307116	A3	64	81	1	-4
778	132.298892	132.492971	D4	64	77	0	3
779	132.496260	132.599878	A3	64	76	1	-4
780	132.693628	133.011061	B3	64	82	1	-2
781	132.693628	133.094942	E4	64	79	0	5
782	132.693628	134.037373	E2	64	84	1	-1
783	133.088363	133.895926	B2	64	76	1	-4
784	133.483099	133.683756	B3	64	81	1	-2
785	133.483099	133.864676	E4	64	81	0	5
786	133.483099	133.871255	G#4	64	76	0	4
787	133.877834	134.014347	B3	64	82	1	-2
788	134.272570	134.680463	E4	64	79	0	5
789	134.272570	134.807107	B4	64	81	0	2
790	134.272570	135.802170	E2	64	84	1	-1
791	134.667305	135.150856	B2	64	71	1	-4
792	134.864673	134.994607	E4	64	81	0	5
793	135.062041	135.802170	E4	64	83	0	5
794	135.062041	135.802170	G#4	64	82	0	4
795	135.062041	135.818617	B4	64	82	0	2
796	135.456776	135.795591	B2	64	72	1	-4
797	135.851512	136.168945	A4	64	83	0	5
798	135.851512	136.229800	A3	64	76	1	-4
799	135.851512	136.244603	C4	64	76	0	1
800	135.851512	137.223218	A2	64	82	1	-1
801	136.246247	136.376181	A4	64	82	0	5
802	136.246247	136.777495	E3	64	67	1	-4
803	136.443615	136.557101	A4	64	82	0	5
804	136.640983	136.943613	A4	64	84	0	5
805	136.640983	137.020916	A3	64	82	1	-4
806	136.640983	137.578480	E4	64	83	0	5
807	137.035718	137.476506	B4	64	82	0	2
808	137.035718	137.211705	E3	64	74	1	-4
809	137.233086	137.657427	A3	64	77	1	-4
810	137.430454	137.754466	C5	64	82	0	3
811	137.430454	138.443608	F2	64	68	1	-5
812	137.825189	137.940320	C5	64	75	0	3
813	137.825189	138.399200	C3	64	75	1	-3
814	138.022557	138.134399	C5	64	81	0	3
815	138.219925	138.581766	C5	64	83	0	3
816	138.219925	138.394266	A3	64	81	1	-4
817	138.219925	138.662357	C4	64	82	0	1
818	138.614660	139.019264	D5	64	85	0	5
819	138.614660	138.808739	A3	64	68	1	-4
820	139.009396	139.308737	E5	64	82	0	2
821	139.009396	139.262684	G3	64	77	1	-1
822	139.009396	139.511039	C4	64	76	0	1
823	139.009396	139.984721	C3	64	82	1	-3
824	139.404131	139.621236	E5	64	84	0	2
825	139.404131	139.887682	G3	64	76	1	-1
826	139.601499	139.792288	D5	64	87	0	5
827	139.798867	140.264326	C5	64	78	0	3
828	139.798867	140.109721	C4	64	81	0	1
829	139.798867	140.369589	E4	64	82	0	5
830	140.193602	140.571890	A4	64	80	0	5
831	140.193602	140.501167	G3	64	77	1	-1
832	140.390970	140.685377	C4	64	73	0	1
833	140.588338	142.035701	B4	64	83	0	2
834	140.588338	141.678795	E2	64	85	1	-1
835	140.785706	141.614650	B2	64	72	1	-4
836	140.983073	141.326822	B3	64	81	1	-2
837	141.377809	141.639321	B3	64	82	1	-2
838	141.377809	142.058728	E4	64	82	0	5
839	141.772544	142.035701	B3	64	80	1	-2
840	142.167280	142.464976	D5	64	92	0	5
841	142.167280	142.629449	D4	64	81	0	3
842	142.167280	143.502802	D3	64	83	1	-1
843	142.562015	142.673857	D5	64	86	0	5
844	142.562015	143.063658	A3	64	76	1	-4
845	142.759383	142.863001	D5	64	87	0	5
846	142.956751	143.300500	D5	64	90	0	5
847	142.956751	143.400828	D4	64	82	0	3
848	142.956751	143.450170	F4	64	82	0	1
849	143.351486	143.803787	E5	64	83	0	2
850	143.351486	143.675498	A3	64	81	1	-4
851	143.746222	144.060365	F5	64	82	0	3
852	143.746222	144.381088	C4	64	77	0	1
853	143.746222	144.899178	F2	64	72	1	-5
854	144.140957	144.267602	F5	64	77	0	3
855	144.140957	144.795560	C3	64	81	1	-3
856	144.338325	144.455101	F5	64	79	0	3
857	144.535693	144.935362	F5	64	82	0	3
858	144.535693	144.640956	A3	64	73	1	-4
859	144.535693	144.996218	C4	64	81	0	1
860	144.535693	145.233059	F4	64	75	0	1
861	144.930428	145.316940	G5	64	82	0	5
862	144.930428	145.399177	A3	64	75	1	-4
863	145.325164	145.634373	A5	64	82	0	2
864	145.325164	145.895886	D4	64	76	0	3
865	145.325164	146.425489	D2	64	83	1	-3
866	145.719899	145.930425	A5	64	82	0	2
867	145.719899	146.409042	A2	64	70	1	-1
868	145.917267	146.144240	G5	64	76	0	5
869	146.114635	146.509370	F5	64	82	0	3
870	146.114635	146.261016	A3	64	75	1	-4
871	146.114635	146.566936	D4	64	79	0	3
872	146.114635	146.887658	F4	64	80	0	1
873	146.509370	146.922198	F5	64	85	0	3
874	146.509370	146.657396	A3	64	73	1	-4
875	146.904106	147.890945	E5	64	85	0	2
876	146.904106	147.134368	B3	64	76	1	-2
877	146.904106	147.887655	E4	64	81	0	5
878	146.904106	148.015944	E2	64	84	1	-1
879	147.298841	147.938642	B2	64	70	1	-4
880	147.496209	147.984694	E3	64	82	1	-4
881	147.693577	148.014299	G#3	64	82	1	-5
882	147.890945	148.159036	B3	64	81	1	-2
883	148.088312	148.410680	E5	64	85	0	2
884	148.088312	148.338311	E4	64	83	0	5
885	148.483048	149.015941	D5	64	85	0	5
886	148.483048	148.693573	A3	64	72	1	-4
887	148.483048	148.991270	D4	64	75	0	3
888	148.483048	149.890938	D3	64	82	1	-1
889	148.877783	149.346532	A3	64	74	1	-4
890	149.075151	149.186993	D5	64	87	0	5
891	149.272519	149.627781	D5	64	85	0	5
892	149.272519	149.746201	D4	64	81	0	3
893	149.272519	149.772517	F4	64	77	0	1
894	149.667254	150.047187	C5	64	82	0	3
895	149.667254	150.172187	A3	64	73	1	-4
896	150.061990	151.065276	D5	64	84	0	5
897	150.061990	150.619554	D4	64	75	0	3
898	150.061990	151.315275	D3	64	72	1	-1
899	150.456725	150.874487	A3	64	75	1	-4
900	150.851461	151.094881	F4	64	80	0	1
901	151.048829	151.284025	E4	64	78	0	5
902	151.246196	151.550472	D4	64	75	0	3
903	151.640932	152.132706	C5	64	83	0	3
904	151.640932	152.134351	A3	64	71	1	-4
905	151.640932	152.165601	C4	64	72	0	1
906	151.640932	153.037309	A2	64	82	1	-1
907	152.035667	152.634349	E3	64	75	1	-4
908	152.233035	152.348166	C5	64	83	0	3
909	152.430403	152.802112	C5	64	83	0	3
910	152.430403	153.030730	C4	64	82	0	1
911	152.430403	153.086651	E4	64	83	0	5
912	152.825138	153.247834	B4	64	83	0	2
913	152.825138	153.214940	E3	64	73	1	-4
914	153.219874	154.282370	A4	64	82	0	5
915	153.219874	153.634346	A3	64	75	1	-4
916	153.219874	153.639280	C4	64	77	0	1
917	153.219874	154.338291	A2	64	82	1	-1
918	153.614609	154.239607	E3	64	75	1	-4
919	154.009345	154.196844	A3	64	76	1	-4
920	154.009345	154.262633	C4	64	83	0	1
921	154.206713	154.409014	B3	64	76	1	-2
922	154.404080	154.721513	E5	64	84	0	2
923	154.404080	154.895855	A3	64	83	1	-4
924	154.798816	155.275788	D5	64	83	0	5
925	154.798816	155.331709	D4	64	76	0	3
926	154.798816	155.956707	D2	64	83	1	-3
927	155.193551	155.918878	A2	64	65	1	-1
928	155.390919	155.520853	D5	64	83	0	5
929	155.588287	155.885983	D5	64	85	0	5
930	155.588287	155.749470	A3	64	77	1	-4
931	155.588287	156.371179	F4	64	79	0	1
932	155.983022	156.285653	E5	64	84	0	2
933	155.983022	156.177101	A3	64	82	1	-4
934	156.377758	157.825121	B4	64	82	0	2
935	156.377758	156.964927	D4	64	76	0	3
936	156.377758	157.015914	B3	64	75	1	-2
937	156.377758	157.260978	B2	64	82	1	-4
938	156.772493	157.237952	F3	64	72	1	-3
939	157.167229	157.348149	B3	64	81	1	-2
940	157.167229	157.570188	F4	64	78	0	1
941	157.956700	158.603079	B4	64	80	0	2
942	157.956700	158.532356	B3	64	77	1	-2
943	157.956700	158.542224	E4	64	81	0	5
944	157.956700	158.992880	E2	64	79	1	-1
945	158.351435	158.950117	B2	64	75	1	-4
946	158.548803	158.779065	E4	64	81	0	5
947	158.746171	159.165577	C5	64	79	0	3
948	158.746171	158.925446	B3	64	82	1	-2
949	158.746171	159.218209	G#4	64	77	0	4
950	158.746171	159.223143	E4	64	83	0	5
951	159.140906	159.522484	B4	64	81	0	2
952	159.140906	159.578405	B3	64	79	1	-2
953	159.535642	161.035637	A4	64	82	0	5
954	159.535642	162.226422	A2	64	82	1	-1
955	159.930377	162.002739	E3	64	75	1	-4
956	160.127745	160.300442	A3	64	75	1	-4
957	160.325113	160.519191	C4	64	82	0	1
958	160.522481	160.754388	A3	64	78	1	-4
959	160.719848	160.899124	C4	64	73	0	1
960	160.917216	161.116229	A3	64	64	1	-4
961	161.114584	161.407346	E4	64	80	0	5
962	161.311952	161.522477	A3	64	68	1	-4
963	161.509319	161.668858	C4	64	68	0	1
964	161.706687	161.777410	A3	64	58	1	-4
965	161.904055	162.328395	A3	64	81	1	-4
966	161.904055	162.397474	C4	64	86	0	1
967	161.904055	162.400764	E4	64	85	0	5
968	162.298790	162.639250	E3	64	81	1	-4
969	162.693526	163.010959	A4	64	83	0	5
970	162.693526	163.071814	A3	64	76	1	-4
971	162.693526	163.086617	C4	64	76	0	1
972	162.693526	164.065232	A2	64	82	1	-1
973	163.088261	163.218195	A4	64	82	0	5
974	163.088261	163.619509	E3	64	67	1	-4
975	163.285629	163.399115	A4	64	82	0	5
976	163.482997	163.785627	A4	64	84	0	5
977	163.482997	163.862930	A3	64	82	1	-4
978	163.482997	164.420494	E4	64	83	0	5
979	163.877732	164.318520	B4	64	82	0	2
980	163.877732	164.053719	E3	64	74	1	-4
981	164.075100	164.499441	A3	64	77	1	-4
982	164.272468	164.596480	C5	64	82	0	3
983	164.272468	165.285622	F2	64	68	1	-5
984	164.667203	164.782334	C5	64	75	0	3
985	164.667203	165.241214	C3	64	75	1	-3
986	164.864571	164.976413	C5	64	81	0	3
987	165.061939	165.423780	C5	64	83	0	3
988	165.061939	165.236280	A3	64	81	1	-4
989	165.061939	165.504371	C4	64	82	0	1
990	165.456674	165.861278	D5	64	85	0	5
991	165.456674	165.650753	A3	64	68	1	-4
992	165.851410	166.150751	E5	64	82	0	2
993	165.851410	166.104698	G3	64	77	1	-1
994	165.851410	166.353053	C4	64	76	0	1
995	165.851410	166.826735	C3	64	82	1	-3
996	166.246145	166.463250	E5	64	84	0	2
997	166.246145	166.729696	G3	64	76	1	-1
998	166.443513	166.634302	D5	64	87	0	5
999	166.640881	167.106340	C5	64	78	0	3
1000	166.640881	166.951735	C4	64	81	0	1
1001	166.640881	167.211603	E4	64	82	0	5
1002	167.035616	167.413904	A4	64	80	0	5
1003	167.035616	167.343181	G3	64	77	1	-1
1004	167.232984	167.527391	C4	64	73	0	1
1005	167.430352	168.877715	B4	64	83	0	2
1006	167.430352	168.520809	E2	64	85	1	-1
1007	167.627720	168.456664	B2	64	72	1	-4
1008	167.825087	168.168836	B3	64	81	1	-2
1009	168.219823	168.481335	B3	64	82	1	-2
1010	168.219823	168.900742	E4	64	82	0	5
1011	168.614558	168.877715	B3	64	80	1	-2
1012	169.009294	169.306990	D5	64	92	0	5
1013	169.009294	169.471463	D4	64	81	0	3
1014	169.009294	170.344816	D3	64	83	1	-1
1015	169.404029	169.515871	D5	64	86	0	5
1016	169.404029	169.905672	A3	64	76	1	-4
1017	169.601397	169.705015	D5	64	87	0	5
1018	169.798765	170.142514	D5	64	90	0	5
1019	169.798765	170.242842	D4	64	82	0	3
1020	169.798765	170.292184	F4	64	82	0	1
1021	170.193500	170.645801	E5	64	83	0	2
1022	170.193500	170.517512	A3	64	81	1	-4
1023	170.588236	170.902379	F5	64	82	0	3
1024	170.588236	171.223102	C4	64	77	0	1
1025	170.588236	171.741192	F2	64	72	1	-5
1026	170.982971	171.109616	F5	64	77	0	3
1027	170.982971	171.637574	C3	64	81	1	-3
1028	171.180339	171.297115	F5	64	79	0	3
1029	171.377707	171.777376	F5	64	82	0	3
1030	171.377707	171.482970	A3	64	73	1	-4
1031	171.377707	171.838232	C4	64	81	0	1
1032	171.377707	172.075073	F4	64	75	0	1
1033	171.772442	172.158954	G5	64	82	0	5
1034	171.772442	172.241191	A3	64	75	1	-4
1035	172.167178	172.476387	A5	64	82	0	2
1036	172.167178	172.737900	D4	64	76	0	3
1037	172.167178	173.267503	D2	64	83	1	-3
1038	172.561913	172.772439	A5	64	82	0	2
1039	172.561913	173.251056	A2	64	70	1	-1
1040	172.759281	172.986254	G5	64	76	0	5
1041	172.956649	173.351384	F5	64	82	0	3
1042	172.956649	173.103030	A3	64	75	1	-4
1043	172.956649	173.408950	D4	64	79	0	3
1044	172.956649	173.729672	F4	64	80	0	1
1045	173.351384	173.764212	F5	64	85	0	3
1046	173.351384	173.499410	A3	64	73	1	-4
1047	173.746120	174.732959	E5	64	85	0	2
1048	173.746120	173.976382	B3	64	76	1	-2
1049	173.746120	174.729669	E4	64	81	0	5
1050	173.746120	174.857958	E2	64	84	1	-1
1051	174.140855	174.780656	B2	64	70	1	-4
1052	174.338223	174.826708	E3	64	82	1	-4
1053	174.535591	174.856313	G#3	64	82	1	-5
1054	174.732959	175.001050	B3	64	81	1	-2
1055	174.930326	175.252694	E5	64	85	0	2
1056	174.930326	175.180325	E4	64	83	0	5
1057	175.325062	175.857955	D5	64	85	0	5
1058	175.325062	175.535587	A3	64	72	1	-4
1059	175.325062	175.833284	D4	64	75	0	3
1060	175.325062	176.732952	D3	64	82	1	-1
1061	175.719797	176.188546	A3	64	74	1	-4
1062	175.917165	176.029007	D5	64	87	0	5
1063	176.114533	176.469795	D5	64	85	0	5
1064	176.114533	176.588215	D4	64	81	0	3
1065	176.114533	176.614531	F4	64	77	0	1
1066	176.509268	176.889201	C5	64	82	0	3
1067	176.509268	177.014201	A3	64	73	1	-4
1068	176.904004	177.907290	D5	64	84	0	5
1069	176.904004	177.461568	D4	64	75	0	3
1070	176.904004	178.157289	D3	64	72	1	-1
1071	177.298739	177.716501	A3	64	75	1	-4
1072	177.693475	177.936895	F4	64	80	0	1
1073	177.890843	178.126039	E4	64	78	0	5
1074	178.088210	178.392486	D4	64	75	0	3
1075	178.482946	178.877681	C5	64	83	0	3
1076	178.482946	178.976365	A3	64	71	1	-4
1077	178.482946	179.007615	C4	64	72	0	1
1078	178.482946	179.879323	A2	64	82	1	-1
1079	178.877681	179.075049	C5	64	82	0	3
1080	178.877681	179.476363	E3	64	75	1	-4
1081	179.075049	179.190180	C5	64	83	0	3
1082	179.272417	179.644126	C5	64	83	0	3
1083	179.272417	179.872744	C4	64	82	0	1
1084	179.272417	179.928665	E4	64	83	0	5
1085	179.667152	180.089848	B4	64	83	0	2
1086	179.667152	180.056954	E3	64	73	1	-4
1087	180.061888	181.124384	A4	64	82	0	5
1088	180.061888	180.476360	A3	64	75	1	-4
1089	180.061888	180.481294	C4	64	77	0	1
1090	180.061888	181.180305	A2	64	82	1	-1
1091	180.456623	181.081621	E3	64	75	1	-4
1092	180.851359	181.038858	A3	64	76	1	-4
1093	180.851359	181.104647	C4	64	83	0	1
1094	181.048727	181.251028	B3	64	76	1	-2
1095	181.246094	181.563527	E5	64	84	0	2
1096	181.246094	181.737869	A3	64	83	1	-4
1097	181.640830	182.117802	D5	64	83	0	5
1098	181.640830	182.173723	D4	64	76	0	3
1099	181.640830	182.798721	D2	64	83	1	-3
1100	182.035565	182.760892	A2	64	65	1	-1
1101	182.232933	182.362867	D5	64	83	0	5
1102	182.430301	182.727997	D5	64	85	0	5
1103	182.430301	182.591484	A3	64	77	1	-4
1104	182.430301	183.213193	F4	64	79	0	1
1105	182.825036	183.127667	E5	64	84	0	2
1106	182.825036	183.019115	A3	64	82	1	-4
1107	183.219772	184.667135	B4	64	82	0	2
1108	183.219772	183.806941	D4	64	76	0	3
1109	183.219772	183.857928	B3	64	75	1	-2
1110	183.219772	184.102992	B2	64	82	1	-4
1111	183.614507	184.079966	F3	64	72	1	-3
1112	184.009243	184.190163	B3	64	81	1	-2
1113	184.009243	184.412202	F4	64	78	0	1
1114	184.798714	185.193449	B4	64	80	0	2
1115	184.798714	185.374370	B3	64	77	1	-2
1116	184.798714	185.384238	E4	64	81	0	5
1117	184.798714	185.834894	E2	64	79	1	-1
1118	185.193449	185.621079	E4	64	81	0	5
1119	185.193449	185.792131	B2	64	75	1	-4
1120	185.588185	186.007591	C5	64	79	0	3
1121	185.588185	185.767460	B3	64	82	1	-2
1122	185.588185	186.060223	G#4	64	77	0	4
1123	185.588185	186.065157	E4	64	83	0	5
1124	185.982920	186.364498	B4	64	81	0	2
1125	185.982920	186.420419	B3	64	79	1	-2
1126	186.377656	187.877651	A4	64	82	0	5
1127	186.377656	189.068436	A2	64	82	1	-1
1128	186.772391	188.844753	E3	64	75	1	-4
1129	186.969759	187.142456	A3	64	75	1	-4
1130	187.167127	187.361205	C4	64	82	0	1
1131	187.364495	187.596402	A3	64	78	1	-4
1132	187.561862	187.741138	C4	64	73	0	1
1133	187.759230	187.958243	A3	64	64	1	-4
1134	187.956598	188.249360	E4	64	80	0	5
1135	188.153966	188.364491	A3	64	68	1	-4
1136	188.351333	188.510872	C4	64	68	0	1
1137	188.548701	188.619424	A3	64	58	1	-4
1138	188.746069	189.170409	A3	64	81	1	-4
1139	188.746069	189.239488	C4	64	86	0	1
1140	188.746069	189.242778	E4	64	85	0	5
1141	189.140804	189.481264	E3	64	81	1	-4
1142	189.535540	190.181919	F5	64	84	0	3
1143	189.535540	189.971394	F4	64	82	0	1
1144	189.535540	191.009219	D2	64	84	1	-3
1145	189.732908	190.969745	A2	64	69	1	-1
1146	189.930275	190.200011	A3	64	82	1	-4
1147	190.127643	190.227972	D4	64	81	0	3
1148	190.325011	190.996061	F5	64	83	0	3
1149	190.325011	190.622707	F4	64	88	0	1
1150	190.522379	190.726325	A3	64	88	1	-4
1151	190.719746	190.920404	D4	64	75	0	3
1152	190.917114	191.139153	A3	64	79	1	-4
1153	191.114482	192.168755	F5	64	82	0	3
1154	191.114482	191.578296	F4	64	81	0	1
1155	191.114482	192.223031	D2	64	82	1	-3
1156	191.311850	192.070071	A2	64	70	1	-1
1157	191.509217	191.788822	A3	64	83	1	-4
1158	191.706585	191.843098	D4	64	81	0	3
1159	191.903953	192.134215	F4	64	92	0	1
1160	192.101321	192.318425	D4	64	81	0	3
1161	192.298688	192.496056	F5	64	82	0	3
1162	192.298688	192.466451	A3	64	82	1	-4
1163	192.496056	192.693424	F5	64	82	0	3
1164	192.693424	192.999344	E5	64	85	0	2
1165	192.693424	192.810200	G3	64	75	1	-1
1166	192.693424	192.936844	C4	64	76	0	1
1167	192.693424	194.139143	C3	64	85	1	-3
1168	192.890792	193.073357	G3	64	78	1	-1
1169	193.088159	193.303619	E5	64	82	0	2
1170	193.088159	193.323356	C4	64	72	0	1
1171	193.285527	193.448355	D5	64	85	0	5
1172	193.285527	193.474671	G3	64	73	1	-1
1173	193.482895	193.797038	C5	64	83	0	3
1174	193.482895	193.760854	E4	64	82	0	5
1175	193.680263	193.920393	G3	64	81	1	-1
1176	193.877630	194.178616	D5	64	85	0	5
1177	193.877630	194.139143	C4	64	76	0	1
1178	194.074998	194.323352	G3	64	81	1	-1
1179	194.272366	195.119402	E5	64	82	0	2
1180	194.272366	194.476312	C4	64	82	0	1
1181	194.272366	195.366112	C3	64	87	1	-3
1182	194.469734	194.685193	G3	64	82	1	-1
1183	194.667101	194.897364	C4	64	76	0	1
1184	194.864469	195.053613	G3	64	76	1	-1
1185	195.061837	195.374336	E4	64	86	0	5
1186	195.259205	195.509204	G3	64	81	1	-1
1187	195.456572	195.727953	C4	64	81	0	1
1188	195.653940	195.848018	G3	64	74	1	-1
1189	195.851308	196.487819	F5	64	84	0	3
1190	195.851308	196.089794	D4	64	78	0	3
1191	195.851308	197.308540	D2	64	82	1	-3
1192	196.048676	197.300316	A2	64	71	1	-1
1193	196.246043	196.499332	A3	64	85	1	-4
1194	196.443411	196.630910	D4	64	81	0	3
1195	196.640779	197.328276	F5	64	82	0	3
1196	196.640779	196.851304	F4	64	82	0	1
1197	196.838147	197.058541	D4	64	81	0	3
1198	197.035514	197.308540	A3	64	82	1	-4
1199	197.232882	197.422026	D4	64	78	0	3
1200	197.430250	198.482878	F5	64	82	0	3
1201	197.430250	197.754262	F4	64	83	0	1
1202	197.430250	198.502615	D2	64	85	1	-3
1203	197.627618	197.852946	A3	64	81	1	-4
1204	197.627618	198.456562	A2	64	71	1	-1
1205	197.824985	198.060182	D4	64	83	0	3
1206	198.022353	198.204918	A3	64	86	1	-4
1207	198.219721	198.504259	F4	64	83	0	1
1208	198.417089	198.650640	A3	64	78	1	-4
1209	198.614456	198.765772	F5	64	81	0	3
1210	198.614456	198.834850	D4	64	81	0	3
1211	198.811824	198.948337	G5	64	76	0	5
1212	198.811824	198.982876	A3	64	81	1	-4
1213	199.009192	199.295375	A5	64	83	0	2
1214	199.009192	199.264125	F3	64	80	1	-3
1215	199.009192	199.433532	C4	64	78	0	1
1216	199.009192	200.150635	F2	64	83	1	-5
1217	199.206560	199.887478	C3	64	78	1	-3
1218	199.403927	199.606229	A5	64	83	0	2
1219	199.403927	199.672018	F3	64	83	1	-3
1220	199.601295	199.778926	G5	64	82	0	5
1221	199.601295	199.727939	A3	64	87	1	-4
1222	199.798663	200.117741	F5	64	84	0	3
1223	199.798663	200.140767	C4	64	87	0	1
1224	199.996031	200.175306	C3	64	82	1	-3
1225	200.193398	200.579910	F5	64	82	0	3
1226	200.193398	200.469713	F3	64	86	1	-3
1227	200.390766	200.658857	C4	64	73	0	1
1228	200.588134	201.945037	E5	64	83	0	2
1229	200.588134	200.652278	F2	64	78	1	-5
1230	200.588134	200.954909	B3	64	81	1	-2
1231	200.588134	201.879248	E2	64	81	1	-1
1232	200.785502	201.346355	B2	64	78	1	-4
1233	200.982869	201.208197	E3	64	87	1	-4
1234	201.180237	201.428591	B3	64	83	1	-2
1235	201.377605	201.614446	G#3	64	95	1	-5
1236	201.574973	201.792077	E3	64	90	1	-4
1237	201.772340	201.949971	B2	64	88	1	-4
1238	201.969708	202.134181	E3	64	86	1	-4
1239	202.167076	202.704903	D5	64	87	0	5
1240	202.167076	202.579903	D4	64	80	0	3
1241	202.167076	203.581545	D2	64	85	1	-3
1242	202.364444	203.560163	A2	64	82	1	-1
1243	202.561811	202.838126	A3	64	83	1	-4
1244	202.759179	202.956547	D4	64	82	0	3
1245	202.956547	203.644044	D5	64	92	0	5
1246	202.956547	203.148980	F4	64	88	0	1
1247	203.153915	203.367730	D4	64	75	0	3
1248	203.351282	203.644044	A3	64	82	1	-4
1249	203.548650	204.152266	D4	64	81	0	3
1250	203.746018	204.861146	D5	64	88	0	5
1251	203.746018	204.897330	D2	64	87	1	-3
1252	203.943386	204.833185	A2	64	69	1	-1
1253	204.140753	204.426937	A3	64	83	1	-4
1254	204.338121	204.553581	D4	64	81	0	3
1255	204.535489	204.755883	F4	64	85	0	1
1256	204.732857	204.943382	D4	64	81	0	3
1257	204.930224	205.033842	C5	64	85	0	3
1258	204.930224	205.175289	A3	64	81	1	-4
1259	205.127592	205.290420	D5	64	92	0	5
1260	205.127592	205.321670	D4	64	78	0	3
1261	205.324960	205.612788	E5	64	83	0	2
1262	205.324960	205.607854	E4	64	83	0	5
1263	205.324960	206.800284	E2	64	83	1	-1
1264	205.522328	206.778902	B2	64	82	1	-4
1265	205.719695	206.035484	F5	64	83	0	3
1266	205.719695	205.991076	B3	64	86	1	-2
1267	205.917063	206.134168	E4	64	81	0	5
1268	206.114431	206.395680	E5	64	84	0	2
1269	206.114431	206.400614	G#4	64	90	0	4
1270	206.311799	206.453245	E4	64	82	0	5
1271	206.509166	206.826599	F5	64	79	0	3
1272	206.509166	206.831534	B3	64	77	1	-2
1273	206.706534	206.811797	E4	64	79	0	5
1274	206.903902	207.186796	E5	64	86	0	2
1275	206.903902	207.341400	B3	64	81	1	-2
1276	206.903902	207.499295	E4	64	83	0	5
1277	206.903902	208.316726	E2	64	87	1	-1
1278	207.298637	207.594689	F5	64	84	0	3
1279	207.298637	208.273963	B2	64	82	1	-4
1280	207.496005	207.652255	B3	64	81	1	-2
1281	207.693373	207.971332	E5	64	87	0	2
1282	207.693373	207.989424	B3	64	82	1	-2
1283	207.693373	208.144029	G#4	64	77	0	4
1284	208.088108	208.395673	F5	64	82	0	3
1285	208.088108	208.369357	B3	64	87	1	-2
1286	208.482844	209.986128	E5	64	85	0	2
1287	208.482844	208.755869	B3	64	83	1	-2
1288	208.482844	208.770672	E4	64	83	0	5
1289	208.482844	209.073302	E2	64	86	1	-1
1290	208.877579	209.091394	B3	64	83	1	-2
1291	208.877579	209.094684	E4	64	84	0	5
1292	209.272315	209.494354	B3	64	82	1	-2
1293	209.272315	209.520669	E4	64	85	0	5
1294	209.272315	209.593037	G#4	64	79	0	4
1295	209.272315	209.882510	B2	64	82	1	-4
1296	209.272315	209.930207	E2	64	85	1	-1
1297	209.667050	209.981194	B3	64	85	1	-2
1298	210.061786	210.403890	B4	64	84	0	2
1299	210.061786	210.456521	B3	64	81	1	-2
1300	210.061786	210.565074	E4	64	84	0	5
1301	210.061786	210.872638	G#4	64	74	0	4
1302	210.061786	210.895665	E2	64	87	1	-1
1303	210.456521	210.655534	C5	64	81	0	3
1304	210.456521	210.834809	B2	64	75	1	-4
1305	210.653889	210.816717	E5	64	81	0	2
1306	210.653889	210.895665	B3	64	83	1	-2
1307	210.851257	211.234479	C5	64	82	0	3
1308	210.851257	211.043690	E4	64	83	0	5
1309	211.048625	211.303558	B3	64	82	1	-2
1310	211.245992	211.624280	B4	64	83	0	2
1311	211.245992	211.346321	E4	64	77	0	5
1312	211.640728	213.798615	A4	64	82	0	5
1313	211.640728	212.157173	A3	64	79	1	-4
1314	211.640728	212.234476	C4	64	78	0	1
1315	211.640728	213.097960	A2	64	82	1	-1
1316	212.035463	212.686777	E3	64	74	1	-4
1317	212.430199	212.683487	A3	64	75	1	-4
1318	212.430199	213.073289	E4	64	81	0	5
1319	212.824934	213.065065	E3	64	76	1	-4
1320	213.022302	213.354538	A3	64	83	1	-4
1321	213.219670	214.642362	A2	64	81	1	-1
1322	213.417038	214.206509	E3	64	70	1	-4
1323	213.614405	213.892365	A3	64	81	1	-4
1324	213.811773	213.953220	C4	64	83	0	1
1325	214.009141	214.293679	E4	64	87	0	5
1326	214.206509	214.459797	A3	64	82	1	-4
1327	214.403876	214.629204	C4	64	83	0	1
1328	214.798612	215.444991	F5	64	84	0	3
1329	214.798612	215.234466	F4	64	82	0	1
1330	214.798612	216.272291	D2	64	84	1	-3
1331	214.995980	216.232817	A2	64	69	1	-1
1332	215.193347	215.463083	A3	64	82	1	-4
1333	215.390715	215.491044	D4	64	81	0	3
1334	215.588083	216.259133	F5	64	83	0	3
1335	215.588083	215.885779	F4	64	88	0	1
1336	215.785451	215.989397	A3	64	88	1	-4
1337	215.982818	216.183476	D4	64	75	0	3
1338	216.180186	216.402225	A3	64	79	1	-4
1339	216.377554	217.431827	F5	64	82	0	3
1340	216.377554	216.841368	F4	64	81	0	1
1341	216.377554	217.486103	D2	64	82	1	-3
1342	216.574922	217.333143	A2	64	70	1	-1
1343	216.772289	217.051894	A3	64	83	1	-4
1344	216.969657	217.106170	D4	64	81	0	3
1345	217.167025	217.397287	F4	64	92	0	1
1346	217.364393	217.581497	D4	64	81	0	3
1347	217.561760	217.759128	F5	64	82	0	3
1348	217.561760	217.729523	A3	64	82	1	-4
1349	217.759128	217.956496	F5	64	82	0	3
1350	217.956496	218.262416	E5	64	85	0	2
1351	217.956496	218.073272	G3	64	75	1	-1
1352	217.956496	218.199916	C4	64	76	0	1
1353	217.956496	219.402215	C3	64	85	1	-3
1354	218.153864	218.336429	G3	64	78	1	-1
1355	218.351231	218.566691	E5	64	82	0	2
1356	218.351231	218.586428	C4	64	72	0	1
1357	218.548599	218.711427	D5	64	85	0	5
1358	218.548599	218.737743	G3	64	73	1	-1
1359	218.745967	219.060110	C5	64	83	0	3
1360	218.745967	219.023926	E4	64	82	0	5
1361	218.943335	219.183465	G3	64	81	1	-1
1362	219.140702	219.441688	D5	64	85	0	5
1363	219.140702	219.402215	C4	64	76	0	1
1364	219.338070	219.586424	G3	64	81	1	-1
1365	219.535438	220.382474	E5	64	82	0	2
1366	219.535438	219.739384	C4	64	82	0	1
1367	219.535438	220.629184	C3	64	87	1	-3
1368	219.732806	219.948265	G3	64	82	1	-1
1369	219.930173	220.160436	C4	64	76	0	1
1370	220.127541	220.316685	G3	64	76	1	-1
1371	220.324909	220.637408	E4	64	86	0	5
1372	220.522277	220.772276	G3	64	81	1	-1
1373	220.719644	220.991025	C4	64	81	0	1
1374	220.917012	221.111090	G3	64	74	1	-1
1375	221.114380	221.750891	F5	64	84	0	3
1376	221.114380	221.352866	D4	64	78	0	3
1377	221.114380	222.571612	D2	64	82	1	-3
1378	221.311748	222.563388	A2	64	71	1	-1
1379	221.509115	221.762404	A3	64	85	1	-4
1380	221.706483	221.893982	D4	64	81	0	3
1381	221.903851	222.591348	F5	64	82	0	3
1382	221.903851	222.114376	F4	64	82	0	1
1383	222.101219	222.321613	D4	64	81	0	3
1384	222.298586	222.571612	A3	64	82	1	-4
1385	222.495954	222.685098	D4	64	78	0	3
1386	222.693322	223.745950	F5	64	82	0	3
1387	222.693322	223.017334	F4	64	83	0	1
1388	222.693322	223.765687	D2	64	85	1	-3
1389	222.890690	223.116018	A3	64	81	1	-4
1390	222.890690	223.719634	A2	64	71	1	-1
1391	223.088057	223.323254	D4	64	83	0	3
1392	223.285425	223.467990	A3	64	86	1	-4
1393	223.482793	223.767331	F4	64	83	0	1
1394	223.680161	223.913712	A3	64	78	1	-4
1395	223.877528	224.028844	F5	64	81	0	3
1396	223.877528	224.097922	D4	64	81	0	3
1397	224.074896	224.211409	G5	64	76	0	5
1398	224.074896	224.245948	A3	64	81	1	-4
1399	224.272264	224.558447	A5	64	83	0	2
1400	224.272264	224.527197	F3	64	80	1	-3
1401	224.272264	224.696604	C4	64	78	0	1
1402	224.272264	225.413707	F2	64	83	1	-5
1403	224.469632	225.150550	C3	64	78	1	-3
1404	224.666999	224.869301	A5	64	83	0	2
1405	224.666999	224.935090	F3	64	83	1	-3
1406	224.864367	225.041998	G5	64	82	0	5
1407	224.864367	224.991011	A3	64	87	1	-4
1408	225.061735	225.380813	F5	64	84	0	3
1409	225.061735	225.403839	C4	64	87	0	1
1410	225.259103	225.438378	C3	64	82	1	-3
1411	225.456470	225.842982	F5	64	82	0	3
1412	225.456470	225.732785	F3	64	86	1	-3
1413	225.653838	225.921929	C4	64	73	0	1
1414	225.851206	227.208109	E5	64	83	0	2
1415	225.851206	225.915350	F2	64	78	1	-5
1416	225.851206	226.217981	B3	64	81	1	-2
1417	225.851206	227.142320	E2	64	81	1	-1
1418	226.048574	226.609427	B2	64	78	1	-4
1419	226.245941	226.471269	E3	64	87	1	-4
1420	226.443309	226.691663	B3	64	83	1	-2
1421	226.640677	226.877518	G#3	64	95	1	-5
1422	226.838045	227.055149	E3	64	90	1	-4
1423	227.035412	227.213043	B2	64	88	1	-4
1424	227.232780	227.397253	E3	64	86	1	-4
1425	227.430148	227.967975	D5	64	87	0	5
1426	227.430148	227.842975	D4	64	80	0	3
1427	227.430148	228.844617	D2	64	85	1	-3
1428	227.627516	228.823235	A2	64	82	1	-1
1429	227.824883	228.101198	A3	64	83	1	-4
1430	228.022251	228.219619	D4	64	82	0	3
1431	228.219619	228.907116	D5	64	92	0	5
1432	228.219619	228.412052	F4	64	88	0	1
1433	228.416987	228.630802	D4	64	75	0	3
1434	228.614354	228.907116	A3	64	82	1	-4
1435	228.811722	229.415338	D4	64	81	0	3
1436	229.009090	230.124218	D5	64	88	0	5
1437	229.009090	230.160402	D2	64	87	1	-3
1438	229.206458	230.096257	A2	64	69	1	-1
1439	229.403825	229.690009	A3	64	83	1	-4
1440	229.601193	229.816653	D4	64	81	0	3
1441	229.798561	230.018955	F4	64	85	0	1
1442	229.995929	230.206454	D4	64	81	0	3
1443	230.193296	230.296914	C5	64	85	0	3
1444	230.193296	230.438361	A3	64	81	1	-4
1445	230.390664	230.553492	D5	64	92	0	5
1446	230.390664	230.584742	D4	64	78	0	3
1447	230.588032	230.875860	E5	64	83	0	2
1448	230.588032	230.870926	E4	64	83	0	5
1449	230.588032	232.063356	E2	64	83	1	-1
1450	230.785400	232.041974	B2	64	82	1	-4
1451	230.982767	231.298556	F5	64	83	0	3
1452	230.982767	231.254148	B3	64	86	1	-2
1453	231.180135	231.397240	E4	64	81	0	5
1454	231.377503	231.658752	E5	64	84	0	2
1455	231.377503	231.663686	G#4	64	90	0	4
1456	231.574871	231.716317	E4	64	82	0	5
1457	231.772238	232.089671	F5	64	79	0	3
1458	231.772238	232.094606	B3	64	77	1	-2
1459	231.969606	232.074869	E4	64	79	0	5
1460	232.166974	232.449868	E5	64	86	0	2
1461	232.166974	232.604472	B3	64	81	1	-2
1462	232.166974	232.762367	E4	64	83	0	5
1463	232.166974	233.579798	E2	64	87	1	-1
1464	232.561709	232.857761	F5	64	84	0	3
1465	232.561709	233.537035	B2	64	82	1	-4
1466	232.759077	232.915327	B3	64	81	1	-2
1467	232.956445	233.234404	E5	64	87	0	2
1468	232.956445	233.252496	B3	64	82	1	-2
1469	232.956445	233.407101	G#4	64	77	0	4
1470	233.351180	233.658745	F5	64	82	0	3
1471	233.351180	233.632429	B3	64	87	1	-2
1472	233.745916	235.249200	E5	64	85	0	2
1473	233.745916	234.018941	B3	64	83	1	-2
1474	233.745916	234.033744	E4	64	83	0	5
1475	233.745916	234.336374	E2	64	86	1	-1
1476	234.140651	234.354466	B3	64	83	1	-2
1477	234.140651	234.357756	E4	64	84	0	5
1478	234.535387	234.757426	B3	64	82	1	-2
1479	234.535387	234.783741	E4	64	85	0	5
1480	234.535387	234.856109	G#4	64	79	0	4
1481	234.535387	235.145582	B2	64	82	1	-4
1482	234.535387	235.193279	E2	64	85	1	-1
1483	234.930122	235.244266	B3	64	85	1	-2
1484	235.324858	235.666962	B4	64	84	0	2
1485	235.324858	235.719593	B3	64	81	1	-2
1486	235.324858	235.828146	E4	64	84	0	5
1487	235.324858	236.135710	G#4	64	74	0	4
1488	235.324858	236.158737	E2	64	87	1	-1
1489	235.719593	235.918606	C5	64	81	0	3
1490	235.719593	236.097881	B2	64	75	1	-4
1491	235.916961	236.079789	E5	64	81	0	2
1492	235.916961	236.158737	B3	64	83	1	-2
1493	236.114329	236.497551	C5	64	82	0	3
1494	236.114329	236.306762	E4	64	83	0	5
1495	236.311697	236.566630	B3	64	82	1	-2
1496	236.509064	236.887352	B4	64	83	0	2
1497	236.509064	236.609393	E4	64	77	0	5
1498	236.903800	239.061687	A4	64	82	0	5
1499	236.903800	237.420245	A3	64	79	1	-4
1500	236.903800	237.497548	C4	64	78	0	1
1501	236.903800	238.361032	A2	64	82	1	-1
1502	237.298535	237.949849	E3	64	74	1	-4
1503	237.693271	237.946559	A3	64	75	1	-4
1504	237.693271	238.336361	E4	64	81	0	5
1505	238.088006	238.328137	E3	64	76	1	-4
1506	238.482742	238.617610	A3	64	80	1	-4
1507	238.482742	238.946556	D4	64	81	0	3
1508	238.482742	239.928461	D3	64	83	1	-1
1509	238.877477	239.176818	A3	64	81	1	-4
1510	239.272213	239.545238	F4	64	83	0	1
1511	239.469581	239.709711	A3	64	77	1	-4
1512	239.666948	239.953132	D4	64	77	0	3
1513	239.864316	240.099513	A3	64	79	1	-4
1514	240.061684	240.334709	F4	64	82	0	1
1515	240.061684	241.216285	D3	64	83	1	-1
1516	240.259052	240.479446	A3	64	80	1	-4
1517	240.456419	240.706418	D4	64	76	0	3
1518	240.653787	240.768918	A3	64	82	1	-4
1519	240.851155	240.982733	A3	64	83	1	-4
1520	240.851155	241.030430	D4	64	85	0	3
1521	240.851155	241.173522	F4	64	82	0	1
1522	241.048523	241.226154	A3	64	77	1	-4
1523	241.245890	241.517271	D4	64	75	0	3
1524	241.443258	241.594573	A3	64	75	1	-4
1525	241.640626	241.865954	C4	64	79	0	1
1526	241.640626	243.092923	C3	64	83	1	-3
1527	241.837994	242.053453	G3	64	80	1	-1
1528	242.035361	242.244242	C4	64	73	0	1
1529	242.232729	242.321545	G3	64	72	1	-1
1530	242.430097	242.553452	G3	64	86	1	-1
1531	242.430097	242.745885	E4	64	82	0	5
1532	242.627465	242.805096	G3	64	80	1	-1
1533	242.824832	243.025490	C4	64	69	0	1
1534	243.022200	243.265620	G3	64	76	1	-1
1535	243.219568	243.517264	E4	64	82	0	5
1536	243.219568	243.893908	C3	64	87	1	-3
1537	243.416936	243.642264	G3	64	80	1	-1
1538	243.614303	243.831408	C4	64	79	0	1
1539	243.811671	244.056736	G3	64	79	1	-1
1540	244.009039	244.180091	C4	64	82	0	1
1541	244.009039	244.255748	C3	64	83	1	-3
1542	244.009039	244.286998	E4	64	86	0	5
1543	244.206407	244.400485	G3	64	82	1	-1
1544	244.403774	244.614300	C4	64	82	0	1
1545	244.601142	244.721207	G3	64	81	1	-1
1546	244.798510	244.925154	A3	64	81	1	-4
1547	244.798510	245.010680	D4	64	78	0	3
1548	244.798510	245.430087	D2	64	84	1	-3
1549	244.995878	245.180087	A3	64	75	1	-4
1550	245.193245	245.423508	D4	64	78	0	3
1551	245.390613	245.611007	A3	64	81	1	-4
1552	245.587981	245.747520	D4	64	81	0	3
1553	245.587981	245.849493	F4	64	81	0	1
1554	245.587981	246.173505	D2	64	87	1	-3
1555	245.785349	245.967914	A3	64	76	1	-4
1556	245.982716	246.181729	D4	64	77	0	3
1557	246.180084	246.410346	A3	64	77	1	-4
1558	246.377452	246.536991	D4	64	78	0	3
1559	246.377452	246.652122	F4	64	81	0	1
1560	246.377452	246.981068	D2	64	84	1	-3
1561	246.574820	246.780411	A3	64	74	1	-4
1562	246.772187	246.944884	D4	64	77	0	3
1563	246.969555	247.120870	A3	64	82	1	-4
1564	247.166923	247.306725	D4	64	82	0	3
1565	247.166923	247.362646	D2	64	87	1	-3
1566	247.166923	247.405409	F4	64	81	0	1
1567	247.364291	247.581395	A3	64	84	1	-4
1568	247.561658	247.724487	D4	64	75	0	3
1569	247.561658	247.851131	F4	64	79	0	1
1570	247.759026	247.860999	A3	64	74	1	-4
1571	247.956394	248.191590	C4	64	80	0	1
1572	247.956394	248.536984	C3	64	84	1	-3
1573	248.153762	248.342906	G3	64	81	1	-1
1574	248.351129	248.512313	C4	64	75	0	1
1575	248.548497	248.803430	G3	64	82	1	-1
1576	248.745865	248.971193	C4	64	84	0	1
1577	248.745865	249.004088	E4	64	82	0	5
1578	248.745865	249.023824	C3	64	82	1	-3
1579	248.943233	249.165271	G3	64	78	1	-1
1580	249.140600	249.370863	C4	64	81	0	1
1581	249.337968	249.532046	G3	64	80	1	-1
1582	249.535336	249.745861	C4	64	84	0	1
1583	249.535336	249.780401	E4	64	85	0	5
1584	249.535336	250.140597	C3	64	83	1	-3
1585	249.732704	249.962966	G3	64	80	1	-1
1586	249.930071	250.097834	C4	64	81	0	1
1587	250.127439	250.293557	G3	64	82	1	-1
1588	250.324807	250.484346	C4	64	86	0	1
1589	250.324807	250.532043	C3	64	88	1	-3
1590	250.324807	250.587964	E4	64	85	0	5
1591	250.522175	250.752437	G3	64	83	1	-1
1592	250.719542	250.936647	C4	64	82	0	1
1593	250.916910	251.048489	G3	64	82	1	-1
1594	251.119212	251.990920	D2	64	85	1	-3
1595	251.245856	251.461316	A3	64	73	1	-4
1596	251.334672	251.518882	D4	64	72	0	3
1597	251.408685	251.587960	F4	64	74	0	1
