//Version: PianoFingering_v170101
0	2.583905	3.335617	F2	64	76	1	-5
1	2.583905	3.340754	C4	64	58	0	1
2	2.583905	3.349316	F3	64	52	1	-3
3	2.583905	3.363014	A3	64	66	1	-4
4	2.994864	3.464042	C3	64	58	1	-3
5	3.405823	4.953768	C4	64	96	0	1
6	3.405823	4.989727	F3	64	92	1	-3
7	3.405823	5.017124	A3	64	89	1	-4
8	3.405823	5.337330	F2	64	96	1	-5
9	4.638700	5.268837	C3	64	38	1	-3
10	5.049659	5.909248	A3	64	82	1	-4
11	5.049659	5.933221	C4	64	89	0	1
12	5.460618	5.916097	F3	64	42	1	-3
13	5.871577	8.626714	E2	64	96	1	-1
14	6.282536	8.537673	B2	64	50	1	-4
15	6.693495	8.191783	B3	64	90	1	-2
16	6.693495	8.200344	G3	64	89	1	-1
17	6.693495	8.202057	E3	64	92	1	-4
18	8.337331	9.155824	G3	64	73	1	-1
19	8.337331	9.155824	B3	64	83	1	-2
20	8.748290	9.155824	E3	64	56	1	-4
21	9.159249	9.626715	D3	64	77	1	-1
22	9.159249	9.803084	A4	64	90	0	5
23	9.159249	9.808221	D4	64	93	0	3
24	9.159249	9.830482	F4	64	92	0	1
25	9.981167	10.410961	G4	64	96	0	3
26	9.981167	10.428085	E4	64	96	0	5
27	9.981167	10.597605	C4	64	100	0	1
28	9.981167	10.748290	C3	64	92	1	-3
29	10.803085	11.239729	F4	64	77	0	1
30	10.803085	11.246578	A#3	64	112	1	-3
31	10.803085	11.256852	D4	64	83	0	3
32	10.803085	11.575345	A#2	64	112	1	-5
33	11.625003	12.128427	C4	64	102	0	1
34	11.625003	12.148975	G#3	64	93	1	-5
35	11.625003	12.184934	D#4	64	102	0	4
36	11.625003	12.368154	G#2	64	83	1	-2
37	12.446921	12.900688	G3	64	97	1	-1
38	12.446921	12.979455	B3	64	88	1	-2
39	12.446921	12.993154	D4	64	88	0	3
40	12.446921	15.467469	G2	64	88	1	-3
41	12.857880	15.342469	D3	64	66	1	-1
42	13.268839	15.268839	G3	64	88	1	-1
43	13.679798	15.527401	B3	64	85	1	-2
44	14.090757	15.493154	D4	64	65	0	3
45	14.090757	15.522264	G4	64	66	0	3
46	15.734593	16.157538	G3	64	88	1	-1
47	16.145552	16.558223	A3	64	93	1	-4
48	16.556511	18.366443	C4	64	92	0	1
49	16.556511	19.046237	C2	64	70	1	-5
50	16.967470	19.049662	G2	64	45	1	-3
51	17.378429	18.375004	C3	64	64	1	-3
52	17.789388	19.101032	G3	64	63	1	-1
53	18.200347	19.974320	E4	64	92	0	5
54	18.611306	19.179799	C3	64	65	1	-3
55	19.022265	19.441785	G4	64	88	0	3
56	19.022265	19.943498	C4	64	76	0	1
57	19.433224	19.775690	A4	64	81	0	5
58	19.433224	19.917813	G3	64	66	1	-1
59	19.844183	20.101032	G4	64	97	0	3
60	19.844183	22.323635	A2	64	81	1	-1
61	20.255142	22.083909	E4	64	69	0	5
62	20.255142	22.303087	E3	64	65	1	-4
63	20.666101	21.652402	A3	64	85	1	-4
64	21.077060	22.027402	C4	64	78	0	1
65	21.488019	23.196923	A4	64	89	0	5
66	21.898978	22.296238	A3	64	63	1	-4
67	22.309937	22.690074	A3	64	85	1	-4
68	22.309937	23.222608	E4	64	70	0	5
69	22.720896	23.167814	C4	64	70	0	1
70	22.720896	23.232882	C4	64	68	0	1
71	23.131855	23.510279	E4	64	70	0	5
72	23.131855	25.787677	D2	64	59	1	-3
73	23.542814	24.955485	D4	64	66	0	3
74	23.542814	25.768842	A2	64	55	1	-1
75	23.953773	24.962335	D3	64	48	1	-1
76	24.364732	25.669527	F3	64	69	1	-3
77	24.775691	26.763705	D4	64	85	0	3
78	25.186650	25.621581	D3	64	50	1	-1
79	25.597609	25.984595	E4	64	88	0	5
80	25.597609	26.503431	A3	64	72	1	-4
81	26.008568	26.390417	A4	64	79	0	5
82	26.008568	26.506856	F3	64	67	1	-3
83	26.419527	26.854458	E4	64	76	0	5
84	26.419527	27.993157	G1	64	72	1	-5
85	26.830486	28.361308	G4	64	74	0	3
86	26.830486	27.970897	D2	64	50	1	-3
87	27.241445	28.345897	G2	64	66	1	-3
88	27.652404	28.986308	D3	64	75	1	-1
89	28.063363	29.761993	B3	64	88	1	-2
90	28.474322	28.924664	B2	64	59	1	-4
91	28.885281	29.506856	G4	64	88	0	3
92	28.885281	29.710623	G3	64	68	1	-1
93	29.296240	29.715760	D3	64	58	1	-1
94	29.707199	31.488021	A4	64	99	0	5
95	29.707199	32.248295	F2	64	72	1	-5
96	30.118158	32.203775	C3	64	65	1	-3
97	30.529117	31.479459	F3	64	85	1	-3
98	30.940076	31.934939	A3	64	76	1	-4
99	31.351035	33.390419	F4	64	79	0	1
100	31.761994	32.121583	F3	64	74	1	-3
101	32.172953	32.690076	B4	64	102	0	2
102	32.172953	33.386994	C4	64	77	0	1
103	32.583912	33.390419	A3	64	70	1	-4
104	32.994871	33.380145	G4	64	73	0	3
105	32.994871	35.474323	B1	64	72	1	-1
106	33.405830	34.672953	E4	64	82	0	5
107	33.405830	35.541104	G2	64	46	1	-3
108	33.816789	34.868159	B2	64	37	1	-4
109	34.227748	35.500008	E3	64	65	1	-4
110	34.638707	36.279118	B3	64	89	1	-2
111	35.049666	35.614734	B2	64	59	1	-4
112	35.460625	35.806515	G3	64	90	1	-1
113	35.460625	36.279118	G3	64	69	1	-1
114	35.871584	36.352748	G4	64	97	0	3
115	35.871584	36.279118	E3	64	73	1	-4
116	36.282543	37.412680	D2	64	85	1	-3
117	36.693502	37.869872	D4	64	95	0	3
118	36.693502	37.421242	A2	64	42	1	-1
119	37.104461	37.421242	D3	64	72	1	-1
120	37.309940	37.412680	A3	64	19	1	-4
121	37.515420	37.933228	F3	64	85	1	-3
122	37.926379	39.044530	G1	64	69	1	-5
123	38.337338	39.056516	D2	64	50	1	-3
124	38.748297	39.174667	A3	64	92	1	-4
125	38.748297	39.227749	G2	64	45	1	-3
126	38.748297	39.660968	B3	64	83	1	-2
127	39.159256	39.565078	B3	64	69	1	-2
128	39.159256	39.619872	G3	64	72	1	-1
129	39.570215	41.599325	C4	64	75	0	1
130	39.570215	42.359599	C2	64	72	1	-5
131	39.981174	42.484599	G2	64	50	1	-3
132	40.392133	41.477749	C3	64	74	1	-3
133	40.803092	42.113024	E3	64	72	1	-4
134	41.625010	41.895558	C3	64	54	1	-3
135	42.035969	42.457202	G3	64	92	1	-1
136	42.035969	42.832202	G3	64	71	1	-1
137	42.446928	42.839051	A3	64	77	1	-4
138	42.446928	42.842476	E3	64	50	1	-4
139	42.857887	44.575353	C4	64	79	0	1
140	42.857887	42.892133	C4	64	55	0	1
141	42.857887	43.469188	G4	64	69	0	3
142	42.857887	45.378435	C3	64	72	1	-3
143	43.268846	43.873298	G3	64	67	1	-1
144	43.679805	44.087339	E4	64	83	0	5
145	43.679805	44.136997	C4	64	71	0	1
146	44.090764	44.702065	G3	64	58	1	-1
147	44.501723	45.013709	G4	64	72	0	3
148	44.501723	45.017134	C4	64	74	0	1
149	44.912682	45.361312	G3	64	47	1	-1
150	45.323641	45.787682	G4	64	112	0	3
151	45.323641	45.535970	C4	64	71	0	1
152	45.323641	45.546244	E4	64	80	0	5
153	45.734600	46.097613	A4	64	95	0	5
154	46.145559	47.551381	E4	64	100	0	5
155	46.145559	46.568504	G4	64	71	0	3
156	46.145559	46.582203	E4	64	70	0	5
157	46.145559	48.821929	E2	64	72	1	-1
158	46.556518	48.861313	B2	64	39	1	-4
159	46.967477	47.178093	B3	64	72	1	-2
160	46.967477	47.404121	E4	64	83	0	5
161	47.378436	47.950354	B3	64	67	1	-2
162	47.789395	48.453778	G4	64	85	0	3
163	48.200354	48.455491	B3	64	74	1	-2
164	48.611313	48.916107	A3	64	97	1	-4
165	48.611313	48.767135	G4	64	87	0	3
166	48.611313	48.794532	E4	64	87	0	5
167	48.611313	48.811655	B3	64	93	1	-2
168	49.022272	49.410970	C4	64	86	0	1
169	49.022272	49.162683	B3	64	93	1	-2
170	49.227751	49.535970	E4	64	81	0	5
171	49.433231	49.645560	A3	64	68	1	-4
172	49.433231	49.885286	D4	64	71	0	3
173	49.433231	50.340765	D3	64	74	1	-1
174	49.638710	51.393848	D4	64	90	0	3
175	49.844190	50.308231	A3	64	68	1	-4
176	50.255149	50.611313	F4	64	87	0	1
177	50.255149	50.643847	D4	64	72	0	3
178	50.666108	51.147272	A3	64	93	1	-4
179	51.077067	51.547957	D4	64	83	0	3
180	51.077067	51.619875	F#4	64	63	0	2
181	51.077067	51.977752	D2	64	80	1	-3
182	51.488026	51.955492	A3	64	87	1	-4
183	51.898985	52.313368	E4	64	90	0	5
184	51.898985	52.255149	D4	64	90	0	3
185	51.898985	52.279122	F#4	64	74	0	2
186	52.309944	52.727752	A4	64	82	0	5
187	52.309944	52.412683	A3	64	87	1	-4
188	52.720903	53.166108	E4	64	79	0	5
189	52.720903	53.226040	B3	64	69	1	-2
190	52.720903	53.261999	G3	64	68	1	-1
191	52.720903	55.690081	G2	64	74	1	-3
192	53.131862	54.073643	G4	64	82	0	3
193	53.131862	55.643849	D3	64	55	1	-1
194	53.542821	53.897273	D4	64	83	0	3
195	53.953780	54.419533	G3	64	95	1	-1
196	54.364739	55.023985	D4	64	80	0	3
197	54.775698	55.159259	G3	64	71	1	-1
198	55.186657	55.803095	G4	64	102	0	3
199	55.186657	55.592479	G4	64	74	0	3
200	55.186657	55.626725	D4	64	87	0	3
201	55.597616	55.823643	G3	64	95	1	-1
202	56.008575	58.017137	A4	64	112	0	5
203	56.008575	56.832205	C4	64	60	0	1
204	56.008575	58.654123	F2	64	80	1	-5
205	56.419534	56.967479	C3	64	71	1	-3
206	56.830493	57.532548	A3	64	87	1	-4
207	57.241452	58.630151	C3	64	51	1	-3
208	57.652411	58.123301	C4	64	80	0	1
209	57.652411	58.155835	F4	64	80	0	1
210	58.063370	58.325356	A3	64	45	1	-4
211	58.474329	58.880151	B4	64	107	0	2
212	58.474329	58.618164	A3	64	74	1	-4
213	58.474329	58.626726	F4	64	80	0	1
214	58.474329	58.633575	C4	64	80	0	1
215	58.885288	59.251726	A4	64	76	0	5
216	59.296247	59.695219	G4	64	96	0	3
217	59.296247	60.095904	G3	64	80	1	-1
218	59.296247	60.195220	B3	64	72	1	-2
219	59.296247	61.880151	E2	64	69	1	-1
220	59.707206	61.409261	E4	64	93	0	5
221	59.707206	60.273987	B2	64	61	1	-4
222	60.118165	60.597617	E3	64	90	1	-4
223	60.529124	61.106179	B2	64	51	1	-4
224	60.940083	61.431521	B3	64	74	1	-2
225	60.940083	61.506864	E3	64	87	1	-4
226	61.351042	61.893850	B2	64	41	1	-4
227	61.762001	62.137001	G3	64	96	1	-1
228	61.762001	61.869877	G3	64	71	1	-1
229	61.762001	61.873302	E3	64	72	1	-4
230	61.762001	61.917823	B3	64	83	1	-2
231	62.172960	62.659261	G4	64	93	0	3
232	62.583919	63.159261	A3	64	69	1	-4
233	62.583919	63.159261	D4	64	68	0	3
234	62.583919	63.570220	D2	64	64	1	-3
235	62.994878	64.164399	D4	64	90	0	3
236	62.994878	63.587344	A2	64	60	1	-1
237	63.405837	63.546248	A3	64	87	1	-4
238	63.405837	63.809946	F4	64	87	0	1
239	63.816796	63.912686	A3	64	95	1	-4
240	64.227755	64.773988	G3	64	67	1	-1
241	64.227755	64.839056	D4	64	72	0	3
242	64.227755	65.503440	G2	64	80	1	-3
243	64.638714	65.491454	D3	64	70	1	-1
244	65.049673	65.477755	A3	64	90	1	-4
245	65.049673	65.224330	G3	64	83	1	-1
246	65.049673	65.388714	B3	64	83	1	-2
247	65.460632	65.883577	B3	64	78	1	-2
248	65.460632	65.688371	G3	64	85	1	-1
249	65.871591	67.419536	C4	64	90	0	1
250	65.871591	66.061659	G3	64	80	1	-1
251	65.871591	66.351043	C4	64	74	0	1
252	65.871591	66.590769	C3	64	74	1	-3
253	66.282550	66.625016	G3	64	72	1	-1
254	66.693509	66.741454	G3	64	33	1	-1
255	66.693509	67.109605	C4	64	87	0	1
256	66.693509	67.130153	E4	64	93	0	5
257	67.104468	67.196933	G3	64	83	1	-1
258	67.515427	68.111317	B3	64	83	1	-2
259	67.515427	68.114742	E4	64	87	0	5
260	67.515427	69.188372	E2	64	87	1	-1
261	67.926386	68.535975	B2	64	69	1	-4
262	68.337345	69.116454	B3	64	83	1	-2
263	68.337345	69.135290	E4	64	103	0	5
264	68.337345	69.140427	G#4	64	74	0	4
265	68.748304	69.176386	B2	64	68	1	-4
266	69.159263	70.169537	C5	64	122	0	3
267	69.159263	70.626729	A2	64	97	1	-1
268	69.364742	70.107893	E3	64	83	1	-4
269	69.570222	69.839057	A3	64	100	1	-4
270	69.775701	69.972619	C4	64	79	0	1
271	69.981181	70.777414	E4	64	102	0	5
272	70.186660	70.744880	E3	64	82	1	-4
273	70.392140	70.789400	B4	64	112	0	2
274	70.392140	70.801386	C4	64	88	0	1
275	70.597619	70.789400	A3	64	97	1	-4
276	70.803099	71.155839	A4	64	97	0	5
277	70.803099	72.042825	A2	64	90	1	-1
278	71.008578	72.022277	E3	64	78	1	-4
279	71.214058	71.587345	B4	64	93	0	2
280	71.214058	71.691798	A3	64	88	1	-4
281	71.419537	71.892140	E4	64	92	0	5
282	71.625017	71.907551	C5	64	117	0	3
283	71.625017	72.440085	C5	64	107	0	3
284	71.830496	71.994880	A3	64	86	1	-4
285	72.035976	72.417825	A4	64	99	0	5
286	72.241455	72.479469	E4	64	92	0	5
287	72.446935	72.890428	E4	64	100	0	5
288	72.446935	73.969195	E2	64	93	1	-1
289	72.652414	74.109606	B2	64	69	1	-4
290	72.857894	73.351045	E3	64	86	1	-4
291	72.876729	73.320223	F4	64	100	0	1
292	73.063373	73.501729	G3	64	93	1	-1
293	73.268853	73.972620	G4	64	107	0	3
294	73.268853	74.104469	E4	64	97	0	5
295	73.474332	73.693510	E3	64	79	1	-4
296	73.679812	74.068510	B3	64	92	1	-2
297	73.885291	74.082209	G3	64	96	1	-1
298	74.090771	75.520566	E2	64	79	1	-1
299	74.296250	75.712346	B2	64	83	1	-4
300	74.501730	74.994881	E3	64	90	1	-4
301	74.707209	75.022278	E4	64	95	0	5
302	74.912689	75.667826	B4	64	127	0	2
303	75.118168	75.292826	E3	64	99	1	-4
304	75.323648	75.664401	G4	64	95	0	3
305	75.529127	75.719196	E4	64	97	0	5
306	75.734607	77.167826	F2	64	89	1	-5
307	75.753442	76.643854	A4	64	97	0	5
308	75.940086	77.280840	C3	64	77	1	-3
309	76.145566	76.616456	F3	64	83	1	-3
310	76.351045	76.674675	A3	64	82	1	-4
311	76.556525	77.357895	E4	64	97	0	5
312	76.575360	76.919538	G4	64	96	0	3
313	76.762004	77.107895	F3	64	89	1	-3
314	76.967484	77.342484	C4	64	88	0	1
315	76.986319	77.318511	F4	64	81	0	1
316	77.172963	77.364744	A3	64	83	1	-4
317	77.378443	78.547964	A2	64	90	1	-1
318	77.397278	77.876730	E4	64	89	0	5
319	77.583922	78.296251	E3	64	89	1	-4
320	77.789402	78.047963	A3	64	97	1	-4
321	77.808237	78.025703	D4	64	68	0	3
322	77.994881	78.198648	C4	64	93	0	1
323	78.200361	78.887005	E4	64	97	0	5
324	78.219196	78.429813	A3	64	96	1	-4
325	78.405840	78.525703	E3	64	69	1	-4
326	78.424676	78.633580	C4	64	78	0	1
327	78.611320	78.888717	C4	64	99	0	1
328	78.630155	78.972621	E4	64	92	0	5
329	78.816799	79.118169	A3	64	96	1	-4
330	79.022279	80.128443	D2	64	77	1	-3
331	79.041114	79.893854	D4	64	97	0	3
332	79.227758	80.126731	A2	64	79	1	-1
333	79.433238	79.888717	D3	64	78	1	-1
334	79.638717	80.012005	A3	64	78	1	-4
335	79.844197	80.578786	F4	64	102	0	1
336	80.049676	80.299676	D3	64	78	1	-1
337	80.255156	80.575361	D4	64	96	0	3
338	80.460635	80.705498	A3	64	97	1	-4
339	80.666115	81.827074	G2	64	83	1	-3
340	80.871594	81.570225	D3	64	66	1	-1
341	81.077074	81.369882	G3	64	92	1	-1
342	81.282553	81.518855	B3	64	99	1	-2
343	81.488033	81.851046	E4	64	97	0	5
344	81.488033	82.200362	D4	64	100	0	3
345	81.693512	81.811663	D3	64	72	1	-1
346	81.898992	82.246595	F4	64	99	0	1
347	81.898992	82.220910	B3	64	89	1	-2
348	82.104471	82.340773	G3	64	83	1	-1
349	82.309951	83.167828	G4	64	107	0	3
350	82.309951	83.417828	C2	64	88	1	-5
351	82.515430	83.462348	G2	64	66	1	-3
352	82.720910	83.210636	C3	64	79	1	-3
353	82.926389	83.262006	G3	64	89	1	-1
354	83.131869	83.922965	E4	64	99	0	5
355	83.337348	83.595910	C3	64	83	1	-3
356	83.542828	83.887006	A4	64	107	0	5
357	83.542828	83.907554	C4	64	96	0	1
358	83.748307	83.996595	G3	64	96	1	-1
359	83.953787	84.510294	G4	64	93	0	3
360	83.953787	85.193513	E2	64	81	1	-1
361	84.159266	85.138718	B2	64	58	1	-4
362	84.364746	84.859609	E3	64	85	1	-4
363	84.570225	84.878444	G3	64	92	1	-1
364	84.775705	85.174677	F4	64	112	0	1
365	84.775705	85.575362	E4	64	99	0	5
366	84.981184	85.138718	E3	64	82	1	-4
367	85.186664	85.611321	E4	64	90	0	5
368	85.186664	85.542828	B3	64	93	1	-2
369	85.392143	85.583924	G3	64	93	1	-1
370	85.597623	86.724335	D4	64	92	0	3
371	85.597623	87.101048	D2	64	92	1	-3
372	85.803102	87.280842	A2	64	58	1	-1
373	86.008582	86.501733	D3	64	82	1	-1
374	86.214061	86.696938	A3	64	90	1	-4
375	86.419541	87.693514	F4	64	102	0	1
376	86.625020	87.268856	D3	64	82	1	-1
377	86.830500	87.815089	D4	64	90	0	3
378	87.035979	87.712349	A3	64	99	1	-4
379	87.241459	88.498308	D2	64	77	1	-3
380	87.446938	88.529130	A2	64	83	1	-1
381	87.652418	88.157555	D3	64	88	1	-1
382	87.857897	88.202075	A3	64	97	1	-4
383	88.063377	88.453788	D4	64	96	0	3
384	88.063377	88.799678	F4	64	112	0	1
385	88.268856	88.835637	D3	64	102	1	-1
386	88.474336	88.902418	E4	64	93	0	5
387	88.474336	88.821939	D4	64	117	0	3
388	88.679815	88.888719	A3	64	107	1	-4
389	88.885295	89.660980	F4	64	88	0	1
390	88.885295	90.059953	F2	64	82	1	-5
391	89.090774	89.743172	C3	64	89	1	-3
392	89.296254	89.551391	F3	64	86	1	-3
393	89.501733	89.726048	A3	64	99	1	-4
394	89.707213	90.428103	C4	64	102	0	1
395	89.912692	90.164405	C3	64	95	1	-3
396	90.118172	90.512007	C5	64	117	0	3
397	90.118172	90.433240	A3	64	112	1	-4
398	90.323651	90.479473	F3	64	96	1	-3
399	90.529131	91.075364	B4	64	96	0	2
400	90.529131	91.818515	F#2	64	99	1	-4
401	90.734610	91.452076	F#3	64	88	1	-2
402	90.940090	91.465775	A3	64	93	1	-4
403	91.145569	91.409268	D4	64	66	0	3
404	91.351049	91.785980	D4	64	92	0	3
405	91.351049	92.083926	F#4	64	102	0	2
406	91.556528	91.796254	F#3	64	90	1	-2
407	91.762008	92.147282	A4	64	93	0	5
408	91.762008	92.073652	D4	64	92	0	3
409	91.967487	92.106186	A3	64	99	1	-4
410	92.172967	92.794542	G4	64	122	0	3
411	92.172967	93.595912	G2	64	70	1	-3
412	92.378446	93.109611	D3	64	65	1	-1
413	92.583926	92.974337	G3	64	88	1	-1
414	92.789405	93.015433	B3	64	88	1	-2
415	92.994885	93.784268	D4	64	99	0	3
416	93.200364	93.758584	D3	64	68	1	-1
417	93.405844	93.775707	B3	64	92	1	-2
418	93.611323	93.787693	G3	64	97	1	-1
419	93.816803	95.150707	G2	64	74	1	-3
420	94.022282	95.102762	D3	64	65	1	-1
421	94.227762	94.739748	G3	64	73	1	-1
422	94.433241	94.962351	D4	64	89	0	3
423	94.638721	95.438378	B4	64	107	0	2
424	94.844200	95.051392	G3	64	78	1	-1
425	95.049680	95.422967	G4	64	90	0	3
426	95.255159	95.457214	D4	64	88	0	3
427	95.460639	96.712351	C5	64	122	0	3
428	95.460639	96.924680	A2	64	97	1	-1
429	95.666118	96.387009	E3	64	83	1	-4
430	95.871598	96.241461	A3	64	88	1	-4
431	96.077077	96.308242	C4	64	70	0	1
432	96.282557	97.174680	E4	64	97	0	5
433	96.488036	97.073653	E3	64	66	1	-4
434	96.693516	97.090776	B4	64	112	0	2
435	96.693516	97.155845	C4	64	88	0	1
436	96.898995	97.142146	A3	64	83	1	-4
437	97.104475	97.457215	A4	64	97	0	5
438	97.104475	98.292831	A2	64	81	1	-1
439	97.309954	98.255160	E3	64	69	1	-4
440	97.515434	97.888721	B4	64	93	0	2
441	97.515434	98.018858	A3	64	78	1	-4
442	97.720913	98.354475	E4	64	88	0	5
443	97.926393	98.208927	C5	64	117	0	3
444	97.926393	98.762009	C5	64	107	0	3
445	98.131872	98.241461	A3	64	81	1	-4
446	98.337352	98.768859	A4	64	92	0	5
447	98.542831	98.813379	E4	64	97	0	5
448	98.748311	99.191804	E4	64	100	0	5
449	98.748311	100.241462	E2	64	69	1	-1
450	98.953790	100.445229	B2	64	66	1	-4
451	99.159270	99.498311	F4	64	90	0	1
452	99.159270	99.678105	E3	64	79	1	-4
453	99.364749	99.878448	G3	64	77	1	-1
454	99.570229	100.273996	G4	64	107	0	3
455	99.570229	100.479475	E4	64	99	0	5
456	99.775708	100.102763	E3	64	69	1	-4
457	99.981188	100.428106	B3	64	86	1	-2
458	100.186667	100.428106	G3	64	83	1	-1
459	100.392147	101.857900	E2	64	69	1	-1
460	100.597626	102.013722	B2	64	63	1	-4
461	100.803106	101.308243	E3	64	76	1	-4
462	101.008585	101.255161	E4	64	72	0	5
463	101.214065	101.676394	G4	64	69	0	3
464	101.214065	101.991462	B4	64	93	0	2
465	101.419544	101.585640	E3	64	72	1	-4
466	101.625024	101.936668	E4	64	93	0	5
467	101.830503	102.023996	G4	64	86	0	3
468	102.035983	102.587353	A4	64	97	0	5
469	102.035983	103.328791	F2	64	78	1	-5
470	102.241462	102.962353	C3	64	52	1	-3
471	102.446942	102.691805	F3	64	82	1	-3
472	102.652421	102.916120	A3	64	86	1	-4
473	102.857901	103.202079	G4	64	96	0	3
474	102.857901	103.652421	C4	64	96	0	1
475	103.063380	103.373312	C3	64	74	1	-3
476	103.268860	103.601052	F4	64	81	0	1
477	103.268860	103.525709	F3	64	88	1	-3
478	103.474339	103.647284	A3	64	81	1	-4
479	103.679819	104.214065	E4	64	89	0	5
480	103.679819	104.849340	A2	64	59	1	-1
481	103.885298	104.599339	E3	64	67	1	-4
482	104.090778	104.308244	D4	64	96	0	3
483	104.090778	104.349339	A3	64	82	1	-4
484	104.296257	104.518860	C4	64	95	0	1
485	104.501737	104.712353	A3	64	96	1	-4
486	104.501737	105.214066	E4	64	93	0	5
487	104.707216	104.916120	C4	64	78	0	1
488	104.707216	104.842490	E3	64	59	1	-4
489	104.912696	105.255162	E4	64	92	0	5
490	104.912696	105.220915	C4	64	92	0	1
491	105.118175	105.347627	A3	64	89	1	-4
492	105.323655	106.176395	D4	64	97	0	3
493	105.323655	106.460641	D2	64	78	1	-3
494	105.529134	106.506874	A2	64	48	1	-1
495	105.734614	106.205504	D3	64	73	1	-1
496	105.940093	106.250025	A3	64	76	1	-4
497	106.145573	106.921258	F4	64	90	0	1
498	106.351052	106.628450	D3	64	74	1	-1
499	106.556532	106.873313	D4	64	86	0	3
500	106.762011	106.972628	A3	64	88	1	-4
501	106.967491	108.157559	G2	64	69	1	-3
502	107.172970	107.940094	D3	64	70	1	-1
503	107.378450	107.623313	G3	64	77	1	-1
504	107.583929	107.840779	B3	64	85	1	-2
505	107.789409	108.152422	E4	64	97	0	5
506	107.789409	108.464066	D4	64	95	0	3
507	107.994888	108.116464	D3	64	56	1	-1
508	108.200368	108.547971	F4	64	99	0	1
509	108.200368	108.469203	B3	64	93	1	-2
510	108.405847	108.457217	G2	64	34	1	-3
511	108.405847	109.102765	G3	64	88	1	-1
512	108.611327	109.469204	G4	64	107	0	3
513	108.611327	110.148998	C2	64	69	1	-5
514	108.816806	110.311670	G2	64	64	1	-3
515	109.022286	109.484615	C3	64	77	1	-3
516	109.227765	109.727765	G3	64	89	1	-1
517	109.433245	110.895574	E4	64	76	0	5
518	109.638724	109.900711	C3	64	85	1	-3
519	109.844204	110.188382	A4	64	107	0	5
520	109.844204	109.919546	G3	64	29	1	-1
521	109.844204	110.933245	C4	64	99	0	1
522	110.049683	110.750026	G3	64	76	1	-1
523	110.255163	110.811670	G4	64	93	0	3
524	110.255163	110.921259	A#3	64	107	1	-3
525	110.255163	111.448656	C2	64	86	1	-5
526	110.460642	111.465779	G2	64	72	1	-3
527	110.666122	111.191807	C3	64	82	1	-3
528	110.871601	111.854478	G3	64	86	1	-1
529	111.077081	111.476053	F4	64	112	0	1
530	111.077081	111.844204	E4	64	93	0	5
531	111.282560	111.792834	C3	64	86	1	-3
532	111.488040	111.912697	E4	64	90	0	5
533	111.488040	111.929821	C4	64	82	0	1
534	111.693519	111.924684	A#3	64	102	1	-3
535	111.898999	113.025711	D4	64	92	0	3
536	111.898999	113.424684	F2	64	74	1	-5
537	112.104478	113.613040	C3	64	69	1	-3
538	112.309958	112.816807	F3	64	86	1	-3
539	112.515437	112.784273	A3	64	86	1	-4
540	112.720917	113.525711	C4	64	93	0	1
541	112.926396	113.138725	F3	64	78	1	-3
542	113.131876	113.535985	E4	64	64	0	5
543	113.337355	113.763725	A3	64	78	1	-4
544	113.542835	114.714068	F2	64	74	1	-5
545	113.748314	114.712356	C3	64	75	1	-3
546	113.953794	114.474342	F3	64	68	1	-3
547	114.159273	114.580506	A3	64	83	1	-4
548	114.364753	114.755164	D4	64	96	0	3
549	114.364753	115.049684	F4	64	90	0	1
550	114.570232	114.681534	F3	64	78	1	-3
551	114.775712	115.203794	E4	64	93	0	5
552	114.775712	115.145575	C4	64	92	0	1
553	114.981191	115.200369	A3	64	92	1	-4
554	115.186671	115.962356	F4	64	88	0	1
555	115.186671	116.316808	D2	64	62	1	-3
556	115.392150	116.335644	A2	64	66	1	-1
557	115.597630	116.095917	D3	64	78	1	-1
558	115.803109	116.041123	F3	64	82	1	-3
559	116.008589	116.421260	B4	64	127	0	2
560	116.008589	116.508589	A3	64	97	1	-4
561	116.214068	116.424685	D3	64	78	1	-1
562	116.419548	116.811671	A4	64	100	0	5
563	116.419548	116.662698	F3	64	92	1	-3
564	116.625027	116.779137	A3	64	97	1	-4
565	116.830507	117.462356	G4	64	92	0	3
566	116.830507	118.010302	G2	64	71	1	-3
567	117.035986	117.724343	D3	64	58	1	-1
568	117.241466	117.448658	G3	64	79	1	-1
569	117.446945	117.664411	B3	64	88	1	-2
570	117.652425	118.075370	B3	64	97	1	-2
571	117.652425	118.352767	D4	64	93	0	3
572	117.857904	117.988041	D3	64	58	1	-1
573	118.063384	118.476055	D4	64	95	0	3
574	118.063384	118.378452	B3	64	90	1	-2
575	118.268863	118.527425	G3	64	81	1	-1
576	118.474343	120.359617	C4	64	97	0	1
577	118.474343	119.950370	C2	64	74	1	-5
578	118.679822	120.166124	G2	64	52	1	-3
579	118.885302	119.357905	C3	64	73	1	-3
580	119.090781	119.457220	G3	64	88	1	-1
581	119.296261	121.559960	E4	64	97	0	5
582	119.501740	119.700370	C3	64	82	1	-3
583	119.707220	120.150713	D4	64	88	0	3
584	120.118179	121.566809	C2	64	78	1	-5
585	120.118179	121.577083	C4	64	79	0	1
586	121.762015	124.214070	C2	64	85	1	-5
587	122.172974	124.157563	G2	64	64	1	-3
588	122.583933	123.561673	C3	64	68	1	-3
589	122.994892	123.936673	G3	64	68	1	-1
590	123.405851	125.289413	E4	64	93	0	5
591	123.816810	124.340782	C3	64	53	1	-3
592	124.227769	125.287700	C4	64	89	0	1
593	124.638728	124.835646	B2	64	55	1	-4
594	125.049687	127.671263	A2	64	59	1	-1
595	125.460646	126.799687	E3	64	55	1	-4
596	125.871605	126.440098	A3	64	88	1	-4
597	126.282564	126.864756	B3	64	65	1	-2
598	126.693523	128.106194	E4	64	83	0	5
599	127.104482	127.597633	E3	64	63	1	-4
600	127.515441	128.059961	B3	64	67	1	-2
601	127.926400	128.378455	C4	64	63	0	1
602	128.337359	129.878455	D2	64	72	1	-3
603	128.748318	129.979482	A2	64	45	1	-1
604	129.159277	130.602770	A3	64	82	1	-4
605	129.570236	130.032565	D3	64	73	1	-1
606	129.981195	130.779140	F#3	64	63	1	-2
607	129.981195	131.082222	D2	64	59	1	-3
608	130.392154	131.126743	A2	64	51	1	-1
609	130.803113	131.231195	D3	64	48	1	-1
610	130.803113	131.657565	A3	64	82	1	-4
611	131.214072	131.642154	F#3	64	76	1	-2
612	131.625031	134.534278	G2	64	76	1	-3
613	132.035990	133.342497	D3	64	66	1	-1
614	132.446949	132.912702	G3	64	93	1	-1
615	132.857908	133.294552	B3	64	95	1	-2
616	133.268867	133.934963	D4	64	107	0	3
617	133.474346	134.159278	D3	64	67	1	-1
618	133.679826	133.982908	B3	64	72	1	-2
619	133.885305	134.388730	G3	64	78	1	-1
620	134.090785	134.907566	D4	64	92	0	3
621	134.296264	134.512018	D3	64	64	1	-1
622	134.501744	134.883593	B3	64	96	1	-2
623	134.707223	134.924689	G3	64	75	1	-1
624	134.912703	137.577087	F2	64	90	1	-5
625	135.323662	137.460649	C3	64	50	1	-3
626	135.734621	136.113045	C4	64	97	0	1
627	136.145580	136.758594	F3	64	75	1	-3
628	136.556539	137.195237	F4	64	96	0	1
629	136.967498	137.376744	F3	64	75	1	-3
630	137.378457	138.256882	A4	64	92	0	5
631	137.378457	138.262019	F4	64	95	0	1
632	137.789416	138.263731	C4	64	72	0	1
633	138.200375	140.774005	E2	64	81	1	-1
634	138.611334	140.775718	B2	64	41	1	-4
635	139.022293	140.017156	E3	64	72	1	-4
636	139.433252	139.962361	G3	64	86	1	-1
637	139.844211	140.479485	B3	64	74	1	-2
638	139.844211	141.469211	E4	64	85	0	5
639	140.255170	140.575375	E3	64	62	1	-4
640	140.666129	141.510307	B3	64	88	1	-2
641	141.077088	141.505170	G3	64	69	1	-1
642	141.488047	142.392157	D2	64	78	1	-3
643	141.899006	142.457225	A2	64	45	1	-1
644	142.309965	142.770581	F3	64	79	1	-3
645	142.720924	143.130170	A3	64	88	1	-4
646	143.131883	144.186677	G2	64	77	1	-3
647	143.542842	144.135308	D3	64	71	1	-1
648	143.953801	144.777431	B3	64	85	1	-2
649	144.364760	145.054828	G3	64	74	1	-1
650	144.775719	146.262020	C2	64	69	1	-5
651	145.186678	146.381883	G2	64	39	1	-3
652	145.597637	146.303116	E4	64	99	0	5
653	145.803116	146.034281	C3	64	61	1	-3
654	146.008596	146.284281	D4	64	100	0	3
655	146.214075	146.539418	C4	64	86	0	1
656	146.419555	147.238048	C2	64	92	1	-5
657	146.625034	147.929829	G2	64	90	1	-3
658	146.830514	147.292843	C3	64	102	1	-3
659	147.035993	147.542843	G3	64	97	1	-1
660	147.241473	148.051404	B1	64	95	1	-1
661	147.241473	148.087363	E4	64	117	0	5
662	147.446952	147.972637	C3	64	96	1	-3
663	147.652432	148.073665	C4	64	117	0	1
664	147.857911	148.099350	G3	64	78	1	-1
665	148.063391	149.073665	C5	64	122	0	3
666	148.063391	149.530857	A2	64	97	1	-1
667	148.268870	149.012021	E3	64	83	1	-4
668	148.474350	148.743185	A3	64	100	1	-4
669	148.679829	148.876747	C4	64	79	0	1
670	148.885309	149.681542	E4	64	102	0	5
671	149.090788	149.649008	E3	64	82	1	-4
672	149.296268	149.693528	B4	64	112	0	2
673	149.296268	149.705514	C4	64	88	0	1
674	149.501747	149.693528	A3	64	97	1	-4
675	149.707227	150.059967	A4	64	97	0	5
676	149.707227	150.946953	A2	64	90	1	-1
677	149.912706	150.926405	E3	64	78	1	-4
678	150.118186	150.491473	B4	64	93	0	2
679	150.118186	150.595926	A3	64	88	1	-4
680	150.323665	150.796268	E4	64	92	0	5
681	150.529145	150.811679	C5	64	117	0	3
682	150.529145	151.344213	C5	64	107	0	3
683	150.734624	150.899008	A3	64	86	1	-4
684	150.940104	151.321953	A4	64	99	0	5
685	151.145583	151.383597	E4	64	92	0	5
686	151.351063	151.794556	E4	64	100	0	5
687	151.351063	152.873323	E2	64	93	1	-1
688	151.556542	153.013734	B2	64	69	1	-4
689	151.746611	152.190104	F4	64	100	0	1
690	151.762022	152.255173	E3	64	86	1	-4
691	151.967501	152.405857	G3	64	93	1	-1
692	152.172981	152.876748	G4	64	107	0	3
693	152.172981	153.008597	E4	64	97	0	5
694	152.378460	152.597638	E3	64	79	1	-4
695	152.583940	152.972638	B3	64	92	1	-2
696	152.789419	152.986337	G3	64	96	1	-1
697	152.994899	154.424694	E2	64	79	1	-1
698	153.200378	154.616474	B2	64	83	1	-4
699	153.405858	153.899009	E3	64	90	1	-4
700	153.611337	153.926406	E4	64	95	0	5
701	153.816817	154.571954	B4	64	127	0	2
702	154.022296	154.196954	E3	64	99	1	-4
703	154.227776	154.568529	G4	64	95	0	3
704	154.433255	154.623324	E4	64	97	0	5
705	154.638735	155.547981	A4	64	97	0	5
706	154.638735	156.071954	F2	64	89	1	-5
707	154.844214	156.184968	C3	64	77	1	-3
708	155.049694	155.520584	F3	64	83	1	-3
709	155.255173	155.578803	A3	64	82	1	-4
710	155.460653	155.856201	G4	64	96	0	3
711	155.460653	156.262023	E4	64	97	0	5
712	155.666132	156.012023	F3	64	89	1	-3
713	155.871612	156.203804	F4	64	81	0	1
714	155.871612	156.246612	C4	64	88	0	1
715	156.077091	156.268872	A3	64	83	1	-4
716	156.282571	156.678119	E4	64	89	0	5
717	156.282571	157.452092	A2	64	90	1	-1
718	156.488050	157.200379	E3	64	89	1	-4
719	156.678119	157.142160	A3	64	89	1	-4
720	156.693530	156.952091	A3	64	97	1	-4
721	156.899009	157.102776	C4	64	93	0	1
722	157.104489	157.791133	E4	64	97	0	5
723	157.111338	157.518872	C4	64	78	0	1
724	157.309968	157.429831	E3	64	69	1	-4
725	157.515448	157.857914	E4	64	92	0	5
726	157.515448	157.792845	C4	64	99	0	1
727	157.720927	158.022297	A3	64	96	1	-4
728	157.926407	158.779147	D4	64	97	0	3
729	157.926407	159.032571	D2	64	77	1	-3
730	158.131886	159.030859	A2	64	79	1	-1
731	158.337366	158.792845	D3	64	78	1	-1
732	158.542845	158.916133	A3	64	78	1	-4
733	158.748325	159.482914	F4	64	102	0	1
734	158.953804	159.203804	D3	64	78	1	-1
735	159.159284	159.479489	D4	64	96	0	3
736	159.364763	159.609626	A3	64	97	1	-4
737	159.570243	160.731202	G2	64	83	1	-3
738	159.775722	160.474353	D3	64	66	1	-1
739	159.981202	160.274010	G3	64	92	1	-1
740	160.186681	160.422983	B3	64	99	1	-2
741	160.392161	160.755174	E4	64	97	0	5
742	160.392161	161.104490	D4	64	100	0	3
743	160.597640	160.715791	D3	64	72	1	-1
744	160.803120	161.150723	F4	64	99	0	1
745	160.803120	161.125038	B3	64	89	1	-2
746	161.008599	161.244901	G3	64	83	1	-1
747	161.214079	162.071956	G4	64	107	0	3
748	161.214079	162.321956	C2	64	88	1	-5
749	161.419558	162.366476	G2	64	66	1	-3
750	161.625038	162.114764	C3	64	79	1	-3
751	161.830517	162.166134	G3	64	89	1	-1
752	162.035997	162.827093	E4	64	99	0	5
753	162.241476	162.500038	C3	64	83	1	-3
754	162.446956	162.791134	A4	64	107	0	5
755	162.446956	162.811682	C4	64	96	0	1
756	162.652435	162.900723	G3	64	96	1	-1
757	162.857915	163.414422	G4	64	93	0	3
758	162.857915	164.097641	E2	64	81	1	-1
759	163.063394	164.042846	B2	64	58	1	-4
760	163.268874	163.763737	E3	64	85	1	-4
761	163.474353	163.782572	G3	64	92	1	-1
762	163.679833	164.078805	F4	64	112	0	1
763	163.679833	164.479490	E4	64	99	0	5
764	163.885312	164.042846	E3	64	82	1	-4
765	164.090792	164.515449	E4	64	90	0	5
766	164.090792	164.446956	B3	64	93	1	-2
767	164.296271	164.488052	G3	64	93	1	-1
768	164.501751	165.628463	D4	64	92	0	3
769	164.501751	166.005176	D2	64	92	1	-3
770	164.707230	166.184970	A2	64	58	1	-1
771	164.912710	165.405861	D3	64	82	1	-1
772	165.118189	165.601066	A3	64	90	1	-4
773	165.323669	166.597642	F4	64	102	0	1
774	165.529148	166.172984	D3	64	82	1	-1
775	165.734628	166.719217	D4	64	90	0	3
776	165.940107	166.616477	A3	64	99	1	-4
777	166.145587	167.402436	D2	64	77	1	-3
778	166.351066	167.433258	A2	64	83	1	-1
779	166.556546	167.061683	D3	64	88	1	-1
780	166.762025	167.106203	A3	64	97	1	-4
781	166.967505	167.357916	D4	64	96	0	3
782	166.967505	167.703806	F4	64	112	0	1
783	167.172984	167.739765	D3	64	102	1	-1
784	167.378464	167.806546	E4	64	93	0	5
785	167.378464	167.726067	D4	64	117	0	3
786	167.583943	167.792847	A3	64	107	1	-4
787	167.789423	168.565108	F4	64	88	0	1
788	167.789423	168.964081	F2	64	82	1	-5
789	167.994902	168.647300	C3	64	89	1	-3
790	168.200382	168.455519	F3	64	86	1	-3
791	168.405861	168.630176	A3	64	99	1	-4
792	168.611341	169.332231	C4	64	102	0	1
793	168.816820	169.068533	C3	64	95	1	-3
794	169.022300	169.416135	C5	64	117	0	3
795	169.022300	169.337368	A3	64	112	1	-4
796	169.227779	169.383601	F3	64	96	1	-3
797	169.433259	169.979492	B4	64	96	0	2
798	169.433259	170.722643	F#2	64	99	1	-4
799	169.638738	170.356204	F#3	64	88	1	-2
800	169.844218	170.369903	A3	64	93	1	-4
801	170.049697	170.313396	D4	64	66	0	3
802	170.255177	170.690108	D4	64	92	0	3
803	170.255177	170.988054	F#4	64	102	0	2
804	170.460656	170.700382	F#3	64	90	1	-2
805	170.666136	171.051410	A4	64	93	0	5
806	170.666136	170.977780	D4	64	92	0	3
807	170.871615	171.010314	A3	64	99	1	-4
808	171.077095	171.698670	G4	64	122	0	3
809	171.077095	172.500040	G2	64	70	1	-3
810	171.282574	172.013739	D3	64	65	1	-1
811	171.488054	171.878465	G3	64	88	1	-1
812	171.693533	171.919561	B3	64	88	1	-2
813	171.899013	172.688396	D4	64	99	0	3
814	172.104492	172.662712	D3	64	68	1	-1
815	172.309972	172.679835	B3	64	92	1	-2
816	172.515451	172.691821	G3	64	97	1	-1
817	172.720931	174.054835	G2	64	74	1	-3
818	172.926410	174.006890	D3	64	65	1	-1
819	173.131890	173.643876	G3	64	73	1	-1
820	173.337369	173.866479	D4	64	89	0	3
821	173.542849	174.342506	B4	64	107	0	2
822	173.748328	173.955520	G3	64	78	1	-1
823	173.953808	174.327095	G4	64	90	0	3
824	174.159287	174.361342	D4	64	88	0	3
825	174.364767	175.375041	C5	64	122	0	3
826	174.364767	175.828808	A2	64	97	1	-1
827	174.570246	175.291137	E3	64	83	1	-4
828	174.775726	175.145589	A3	64	88	1	-4
829	174.981205	175.212370	C4	64	70	0	1
830	175.186685	176.078808	E4	64	97	0	5
831	175.392164	175.977781	E3	64	66	1	-4
832	175.597644	175.994904	B4	64	112	0	2
833	175.597644	176.059973	C4	64	88	0	1
834	175.803123	176.046274	A3	64	83	1	-4
835	176.008603	176.361343	A4	64	97	0	5
836	176.008603	177.196959	A2	64	81	1	-1
837	176.214082	177.159288	E3	64	69	1	-4
838	176.419562	176.792849	B4	64	93	0	2
839	176.419562	176.922986	A3	64	78	1	-4
840	176.625041	177.258603	E4	64	88	0	5
841	176.830521	177.113055	C5	64	117	0	3
842	176.830521	177.666137	C5	64	107	0	3
843	177.036000	177.145589	A3	64	81	1	-4
844	177.241480	177.672987	A4	64	92	0	5
845	177.446959	177.717507	E4	64	97	0	5
846	177.652439	178.095932	E4	64	100	0	5
847	177.652439	179.145590	E2	64	69	1	-1
848	177.857918	179.349357	B2	64	66	1	-4
849	178.063398	178.402439	F4	64	90	0	1
850	178.063398	178.582233	E3	64	79	1	-4
851	178.268877	178.782576	G3	64	77	1	-1
852	178.474357	179.178124	G4	64	107	0	3
853	178.474357	179.383603	E4	64	99	0	5
854	178.679836	179.006891	E3	64	69	1	-4
855	178.885316	179.332234	B3	64	86	1	-2
856	179.090795	179.332234	G3	64	83	1	-1
857	179.296275	180.762028	E2	64	69	1	-1
858	179.501754	180.917850	B2	64	63	1	-4
859	179.707234	180.212371	E3	64	76	1	-4
860	179.912713	180.159289	E4	64	72	0	5
861	180.118193	180.580522	G4	64	69	0	3
862	180.118193	180.895590	B4	64	93	0	2
863	180.323672	180.489768	E3	64	72	1	-4
864	180.529152	180.840796	E4	64	93	0	5
865	180.734631	180.928124	G4	64	86	0	3
866	180.940111	181.491481	A4	64	97	0	5
867	180.940111	182.232919	F2	64	78	1	-5
868	181.145590	181.866481	C3	64	52	1	-3
869	181.351070	181.595933	F3	64	82	1	-3
870	181.556549	181.820248	A3	64	86	1	-4
871	181.762029	182.106207	G4	64	96	0	3
872	181.762029	182.556549	C4	64	96	0	1
873	181.967508	182.277440	C3	64	74	1	-3
874	182.172988	182.505180	F4	64	81	0	1
875	182.172988	182.429837	F3	64	88	1	-3
876	182.378467	182.551412	A3	64	81	1	-4
877	182.583947	182.988056	E4	64	89	0	5
878	182.583947	183.753468	A2	64	59	1	-1
879	182.789426	183.503467	E3	64	67	1	-4
880	182.994906	183.253467	A3	64	82	1	-4
881	183.200385	183.422988	C4	64	95	0	1
882	183.405865	184.118194	E4	64	93	0	5
883	183.407577	183.424700	A3	64	78	1	-4
884	183.611344	183.746618	E3	64	59	1	-4
885	183.816824	184.159290	E4	64	92	0	5
886	183.816824	184.125043	C4	64	92	0	1
887	184.022303	184.251755	A3	64	89	1	-4
888	184.227783	185.080523	D4	64	97	0	3
889	184.227783	185.364769	D2	64	78	1	-3
890	184.433262	185.411002	A2	64	48	1	-1
891	184.638742	185.109632	D3	64	73	1	-1
892	184.844221	185.154153	A3	64	76	1	-4
893	185.049701	185.825386	F4	64	90	0	1
894	185.255180	185.532578	D3	64	74	1	-1
895	185.460660	185.777441	D4	64	86	0	3
896	185.666139	185.876756	A3	64	88	1	-4
897	185.871619	187.061687	G2	64	69	1	-3
898	186.077098	186.844222	D3	64	70	1	-1
899	186.282578	186.527441	G3	64	77	1	-1
900	186.488057	186.744907	B3	64	85	1	-2
901	186.693537	187.056550	E4	64	97	0	5
902	186.693537	187.368194	D4	64	95	0	3
903	186.899016	187.020592	D3	64	56	1	-1
904	187.104496	187.452099	F4	64	99	0	1
905	187.104496	187.373331	B3	64	93	1	-2
906	187.309975	187.361345	G2	64	34	1	-3
907	187.309975	188.006893	G3	64	88	1	-1
908	187.515455	188.373332	G4	64	107	0	3
909	187.515455	189.053126	C2	64	69	1	-5
910	187.720934	189.215798	G2	64	64	1	-3
911	187.926414	188.388743	C3	64	77	1	-3
912	188.131893	188.631893	G3	64	89	1	-1
913	188.337373	189.799702	E4	64	76	0	5
914	188.542852	188.804839	C3	64	85	1	-3
915	188.748332	189.092510	A4	64	107	0	5
916	188.748332	188.823674	G3	64	29	1	-1
917	188.748332	189.837373	C4	64	99	0	1
918	188.953811	189.654154	G3	64	76	1	-1
919	189.159291	189.715798	G4	64	93	0	3
920	189.159291	189.825387	A#3	64	107	1	-3
921	189.159291	190.352784	C2	64	86	1	-5
922	189.364770	190.369907	G2	64	72	1	-3
923	189.570250	190.095935	C3	64	82	1	-3
924	189.775729	190.758606	G3	64	86	1	-1
925	189.981209	190.380181	F4	64	112	0	1
926	189.981209	190.748332	E4	64	93	0	5
927	190.186688	190.696962	C3	64	86	1	-3
928	190.392168	190.816825	E4	64	90	0	5
929	190.392168	190.833949	C4	64	82	0	1
930	190.597647	190.828812	A#3	64	102	1	-3
931	190.803127	191.929839	D4	64	92	0	3
932	190.803127	192.328812	F2	64	74	1	-5
933	191.008606	192.517168	C3	64	69	1	-3
934	191.214086	191.720935	F3	64	86	1	-3
935	191.419565	191.688401	A3	64	86	1	-4
936	191.625045	192.429839	C4	64	93	0	1
937	191.830524	192.042853	F3	64	78	1	-3
938	192.036004	192.440113	E4	64	64	0	5
939	192.241483	192.667853	A3	64	78	1	-4
940	192.446963	193.618196	F2	64	74	1	-5
941	192.652442	193.616484	C3	64	75	1	-3
942	192.857922	193.378470	F3	64	68	1	-3
943	193.063401	193.484634	A3	64	83	1	-4
944	193.268881	193.659292	D4	64	96	0	3
945	193.268881	193.953812	F4	64	90	0	1
946	193.474360	193.585662	F3	64	78	1	-3
947	193.679840	194.107922	E4	64	93	0	5
948	193.679840	194.049703	C4	64	92	0	1
949	193.885319	194.104497	A3	64	92	1	-4
950	194.090799	194.866484	F4	64	88	0	1
951	194.090799	195.220936	D2	64	62	1	-3
952	194.296278	195.239772	A2	64	66	1	-1
953	194.501758	195.000045	D3	64	78	1	-1
954	194.707237	194.945251	F3	64	82	1	-3
955	194.912717	195.325388	B4	64	127	0	2
956	194.912717	195.412717	A3	64	97	1	-4
957	195.118196	195.328813	D3	64	78	1	-1
958	195.323676	195.715799	A4	64	100	0	5
959	195.323676	195.566826	F3	64	92	1	-3
960	195.529155	195.683265	A3	64	97	1	-4
961	195.734635	196.366484	G4	64	92	0	3
962	195.734635	196.914430	G2	64	71	1	-3
963	195.940114	196.628471	D3	64	58	1	-1
964	196.145594	196.352786	G3	64	79	1	-1
965	196.351073	196.568539	B3	64	88	1	-2
966	196.556553	196.979498	B3	64	97	1	-2
967	196.556553	197.256895	D4	64	93	0	3
968	196.762032	196.892169	D3	64	58	1	-1
969	196.967512	197.380183	D4	64	95	0	3
970	196.967512	197.282580	B3	64	90	1	-2
971	197.172991	197.431553	G3	64	81	1	-1
972	197.378471	199.263745	C4	64	97	0	1
973	197.378471	198.854498	C2	64	74	1	-5
974	197.583950	199.070252	G2	64	52	1	-3
975	197.789430	198.262033	C3	64	73	1	-3
976	197.994909	198.361348	G3	64	88	1	-1
977	198.200389	200.464088	E4	64	97	0	5
978	198.405868	198.604498	C3	64	82	1	-3
979	198.611348	199.054841	D4	64	88	0	3
980	199.022307	200.470937	C2	64	78	1	-5
981	199.022307	200.481211	C4	64	79	0	1
982	200.666143	203.125047	C2	64	71	1	-5
983	201.077102	203.056554	G2	64	59	1	-3
984	201.488061	202.515458	C3	64	51	1	-3
985	201.899020	203.137034	G3	64	63	1	-1
986	202.309979	204.301418	E4	64	79	0	5
987	202.720938	203.313404	C3	64	48	1	-3
988	203.131897	203.571965	G4	64	99	0	3
989	203.131897	204.222650	C4	64	76	0	1
990	203.542856	203.948678	A4	64	83	0	5
991	203.542856	204.102787	B3	64	53	1	-2
992	203.953815	205.092514	E4	64	89	0	5
993	203.953815	206.575391	A2	64	73	1	-1
994	204.364774	205.768884	E3	64	66	1	-4
995	204.775733	205.619911	A3	64	71	1	-4
996	205.186692	206.501761	E4	64	75	0	5
997	205.597651	206.696966	C4	64	56	0	1
998	206.008610	206.506898	E3	64	60	1	-4
999	206.419569	206.801418	A3	64	92	1	-4
1000	206.419569	207.303131	B3	64	57	1	-2
1001	206.830528	207.280870	C4	64	86	0	1
1002	206.830528	207.335665	E4	64	68	0	5
1003	207.241487	207.657583	E4	64	97	0	5
1004	207.241487	209.950391	D2	64	72	1	-3
1005	207.652446	209.448679	D4	64	92	0	3
1006	207.652446	209.931556	A2	64	40	1	-1
1007	208.063405	210.059981	D3	64	48	1	-1
1008	208.474364	209.337378	F3	64	59	1	-3
1009	208.885323	210.601077	D4	64	77	0	3
1010	209.296282	209.804843	A3	64	55	1	-4
1011	209.707241	210.128474	E4	64	92	0	5
1012	209.707241	210.198679	F3	64	53	1	-3
1013	210.118200	210.536008	A4	64	90	0	5
1014	210.118200	210.582241	A3	64	63	1	-4
1015	210.529159	210.976077	E4	64	83	0	5
1016	210.529159	213.172995	G2	64	74	1	-3
1017	210.940118	212.250050	G4	64	85	0	3
1018	210.940118	213.111351	D3	64	52	1	-1
1019	211.351077	212.448680	G3	64	74	1	-1
1020	211.762036	213.001762	B3	64	73	1	-2
1021	212.172995	213.941831	G4	64	89	0	3
1022	212.583954	212.974365	G3	64	54	1	-1
1023	212.994913	213.768885	G4	64	97	0	3
1024	212.994913	213.938406	D4	64	59	0	3
1025	213.405872	213.955529	B3	64	48	1	-2
1026	213.816831	215.130187	A4	64	112	0	5
1027	213.816831	216.328818	F2	64	61	1	-5
1028	214.227790	216.296283	C3	64	57	1	-3
1029	214.638749	215.708954	F3	64	61	1	-3
1030	215.049708	215.625050	A3	64	76	1	-4
1031	215.460667	217.196968	F4	64	89	0	1
1032	215.871626	216.238064	F3	64	53	1	-3
1033	216.282585	216.724366	B4	64	112	0	2
1034	216.282585	217.210667	C4	64	63	0	1
1035	216.693544	216.928133	A4	64	89	0	5
1036	216.693544	217.212379	A3	64	69	1	-4
1037	216.899023	217.123338	G4	64	76	0	3
1038	217.104503	218.171284	E4	64	88	0	5
1039	217.104503	219.455531	B1	64	63	1	-1
1040	217.515462	218.917859	B2	64	67	1	-4
1041	217.926421	219.609640	E3	64	52	1	-4
1042	218.337380	218.816832	G3	64	53	1	-1
1043	218.748339	220.388750	B3	64	78	1	-2
1044	219.159298	219.645599	B2	64	39	1	-4
1045	219.568544	219.924709	G3	64	88	1	-1
1046	219.570257	220.388750	G3	64	63	1	-1
1047	219.953818	220.373339	G4	64	93	0	3
1048	219.981216	220.371627	E3	64	38	1	-4
1049	220.383613	221.684983	D2	64	74	1	-3
1050	220.796284	222.690120	D4	64	92	0	3
1051	220.835668	221.734641	A2	64	51	1	-1
1052	221.292860	221.852791	D3	64	63	1	-1
1053	221.712380	221.835668	D4	64	66	0	3
1054	222.325394	223.890463	D3	64	39	1	-1
1055	222.333956	224.047997	B3	64	66	1	-2
1056	222.339093	224.140463	G3	64	49	1	-1
1057	222.344230	223.967518	G2	64	34	1	-3
1058	222.345942	224.032587	D4	64	60	0	3
1059	223.369915	224.161011	A3	64	82	1	-4
1060	224.049710	224.851080	B3	64	59	1	-2
1061	224.869915	230.505191	C4	64	67	0	1
1062	225.224368	225.811697	E4	64	48	0	5
1063	225.296285	225.799710	D4	64	55	0	3
1064	225.364779	225.796286	C4	64	39	0	1
1065	225.411012	225.828820	G3	64	52	1	-1
1066	225.450395	229.140464	C2	64	60	1	-5
1067	225.871628	229.119916	G2	64	45	1	-3
1068	226.087382	229.118204	C3	64	45	1	-3
1069	226.304847	226.542861	E3	64	47	1	-4
1070	226.489779	226.726080	G3	64	59	1	-1
1071	226.708957	226.789436	C4	64	70	0	1
1072	226.940121	227.231217	E4	64	58	0	5
1073	227.210669	227.321971	G4	64	59	0	3
1074	227.527450	227.900738	C5	64	52	0	3
1075	227.815122	228.078820	E5	64	55	0	2
1076	228.077108	228.164437	G5	64	66	0	5
1077	228.536012	229.149026	C6	64	37	0	5
1078	228.587382	229.154163	E6	64	47	0	4
1079	228.661012	229.157588	G6	64	51	0	2
1080	228.738067	229.167862	C7	64	77	0	2
