//Version: PianoFingering_v170101
0	13.400990	14.301988	E4	64	112	0	5
1	13.400990	15.890057	C2	64	89	1	-5
2	13.775755	16.410044	G2	64	60	1	-3
3	14.150521	15.062450	C3	64	64	1	-3
4	14.525286	14.823537	G4	64	122	0	3
5	14.525286	17.367258	G3	64	72	1	-1
6	14.900052	15.405985	A4	64	107	0	5
7	14.900052	17.398488	E4	64	92	0	5
8	15.274817	15.629283	G4	64	107	0	3
9	15.274817	15.607422	C3	64	63	1	-3
10	15.649583	16.016541	A4	64	127	0	5
11	15.649583	17.115853	D4	64	79	0	3
12	16.024348	16.244523	C5	64	102	0	3
13	16.024348	17.604609	C4	64	70	0	1
14	16.399114	16.750456	A4	64	127	0	5
15	16.399114	18.764821	C2	64	61	1	-5
16	16.773879	18.330718	G4	64	99	0	3
17	16.773879	18.736713	G2	64	57	1	-3
18	17.148645	18.110543	C3	64	75	1	-3
19	17.523410	18.700798	G3	64	79	1	-1
20	17.898176	19.448768	E4	64	96	0	5
21	18.272941	18.911604	C3	64	67	1	-3
22	18.647707	19.462822	C4	64	83	0	1
23	19.022472	19.415976	G3	64	75	1	-1
24	19.397238	20.237337	G4	64	122	0	3
25	19.397238	21.706730	A2	64	83	1	-1
26	19.772003	21.107105	E3	64	66	1	-4
27	20.146769	21.085244	A3	64	64	1	-4
28	20.521534	20.732340	A4	64	122	0	5
29	20.521534	20.924407	C4	64	88	0	1
30	20.896300	21.250765	E4	64	112	0	5
31	20.896300	22.442207	E4	64	93	0	5
32	21.271065	21.586493	D4	64	95	0	3
33	21.271065	21.633338	E3	64	62	1	-4
34	21.645831	21.978435	E4	64	102	0	5
35	21.645831	22.437523	C4	64	93	0	1
36	22.020596	22.343831	G4	64	102	0	3
37	22.020596	22.751389	A3	64	72	1	-4
38	22.395362	23.920970	D4	64	100	0	3
39	22.395362	24.823530	D2	64	92	1	-3
40	22.770127	24.798545	A2	64	74	1	-1
41	23.144893	24.793861	D3	64	67	1	-1
42	23.519658	24.654885	A3	64	89	1	-4
43	23.894424	24.536210	F4	64	97	0	1
44	24.269189	25.488739	E4	64	89	0	5
45	24.643955	25.412224	D4	64	81	0	3
46	25.018720	25.463754	A3	64	73	1	-4
47	25.393486	26.313223	D4	64	99	0	3
48	25.393486	26.283554	G2	64	77	1	-3
49	25.768251	26.182055	D3	64	53	1	-1
50	26.143017	27.197045	G3	64	90	1	-1
51	26.517782	26.842579	E4	64	102	0	5
52	26.517782	26.895671	B3	64	96	1	-2
53	26.892548	27.434396	G4	64	112	0	3
54	26.892548	26.928463	G2	64	21	1	-3
55	26.892548	28.130835	C2	64	69	1	-5
56	27.267313	28.121466	G2	64	60	1	-3
57	27.642079	28.115220	C5	64	117	0	3
58	27.642079	28.293234	C3	64	89	1	-3
59	28.016844	28.482178	E4	64	96	0	5
60	28.391610	28.905351	A4	64	122	0	5
61	28.391610	30.838516	A2	64	88	1	-1
62	28.766375	30.092108	E3	64	60	1	-4
63	29.141141	29.625213	C5	64	127	0	3
64	29.141141	29.925025	A3	64	76	1	-4
65	29.515906	31.196105	E4	64	92	0	5
66	29.890672	30.246699	A4	64	117	0	5
67	29.890672	30.385674	C4	64	90	0	1
68	30.265437	30.474681	C5	64	97	0	3
69	30.265437	30.721402	E3	64	50	1	-4
70	30.452820	30.629272	A4	64	96	0	5
71	30.640203	31.158628	G4	64	95	0	3
72	30.640203	31.252320	B3	64	74	1	-2
73	31.014968	31.469371	C4	64	88	0	1
74	31.389734	31.953443	G4	64	100	0	3
75	31.389734	33.702349	G2	64	78	1	-3
76	31.764499	32.969995	D3	64	60	1	-1
77	32.139265	32.460938	G4	64	102	0	3
78	32.139265	33.049633	G3	64	63	1	-1
79	32.514030	32.876303	D4	64	92	0	3
80	32.514030	32.888796	B3	64	86	1	-2
81	32.888796	33.429083	E4	64	96	0	5
82	32.888796	34.356627	D4	64	99	0	3
83	33.263561	33.655503	D3	64	66	1	-1
84	33.638327	34.028707	D4	64	117	0	3
85	33.638327	34.420650	B3	64	89	1	-2
86	34.013092	34.347258	E4	64	88	0	5
87	34.013092	34.561187	G3	64	76	1	-1
88	34.387858	36.063372	C4	64	92	0	1
89	34.387858	37.264183	C2	64	89	1	-5
90	34.762623	37.228268	G2	64	53	1	-3
91	35.137389	36.116464	C3	64	79	1	-3
92	35.512154	37.103346	G3	64	78	1	-1
93	35.886920	37.148630	E4	64	97	0	5
94	36.261685	36.750442	C3	64	67	1	-3
95	36.636451	37.348505	D4	64	88	0	3
96	37.011216	37.382859	C4	64	90	0	1
97	37.385982	38.286980	E4	64	112	0	5
98	37.385982	39.875049	C2	64	89	1	-5
99	37.760747	40.395036	G2	64	60	1	-3
100	38.135513	39.047442	C3	64	64	1	-3
101	38.510278	38.808529	G4	64	122	0	3
102	38.510278	41.352250	G3	64	72	1	-1
103	38.885044	39.390977	A4	64	107	0	5
104	38.885044	41.383480	E4	64	92	0	5
105	39.259809	39.614275	G4	64	107	0	3
106	39.259809	39.592414	C3	64	63	1	-3
107	39.634575	40.001533	A4	64	127	0	5
108	39.634575	41.100845	D4	64	79	0	3
109	40.009340	40.229515	C5	64	102	0	3
110	40.009340	41.589601	C4	64	70	0	1
111	40.384106	40.735448	A4	64	127	0	5
112	40.384106	42.749813	C2	64	61	1	-5
113	40.758871	42.315710	G4	64	99	0	3
114	40.758871	42.721705	G2	64	57	1	-3
115	41.133637	42.095535	C3	64	75	1	-3
116	41.508402	42.685790	G3	64	79	1	-1
117	41.883168	43.433760	E4	64	96	0	5
118	42.257933	42.896596	C3	64	67	1	-3
119	42.632699	43.447814	C4	64	83	0	1
120	43.007464	43.400968	G3	64	75	1	-1
121	43.382230	44.222329	G4	64	122	0	3
122	43.382230	45.691722	A2	64	83	1	-1
123	43.756995	45.092097	E3	64	66	1	-4
124	44.131761	45.070236	A3	64	64	1	-4
125	44.506526	44.717332	A4	64	122	0	5
126	44.506526	44.909399	C4	64	88	0	1
127	44.881292	45.235757	E4	64	112	0	5
128	44.881292	46.427199	E4	64	93	0	5
129	45.256057	45.571485	D4	64	95	0	3
130	45.256057	45.618330	E3	64	62	1	-4
131	45.630823	45.963427	E4	64	102	0	5
132	45.630823	46.422515	C4	64	93	0	1
133	46.005588	46.328823	G4	64	102	0	3
134	46.005588	46.736381	A3	64	72	1	-4
135	46.380354	47.905962	D4	64	100	0	3
136	46.380354	48.808522	D2	64	92	1	-3
137	46.755119	48.783537	A2	64	74	1	-1
138	47.129885	48.778853	D3	64	67	1	-1
139	47.504650	48.639877	A3	64	89	1	-4
140	47.879416	48.521202	F4	64	97	0	1
141	48.254181	49.473731	E4	64	89	0	5
142	48.628947	49.397216	D4	64	81	0	3
143	49.003712	49.448746	A3	64	73	1	-4
144	49.378478	50.298215	D4	64	99	0	3
145	49.378478	50.268546	G2	64	77	1	-3
146	49.753243	50.167047	D3	64	53	1	-1
147	50.128009	51.182037	G3	64	90	1	-1
148	50.502774	50.827571	E4	64	102	0	5
149	50.502774	50.880663	B3	64	96	1	-2
150	50.877540	51.419388	G4	64	112	0	3
151	50.877540	50.913455	G2	64	21	1	-3
152	50.877540	52.115827	C2	64	69	1	-5
153	51.252305	52.106458	G2	64	60	1	-3
154	51.627071	52.100212	C5	64	117	0	3
155	51.627071	52.278226	C3	64	89	1	-3
156	52.001836	52.467170	E4	64	96	0	5
157	52.376602	52.890343	A4	64	122	0	5
158	52.376602	54.823508	A2	64	88	1	-1
159	52.751367	54.077100	E3	64	60	1	-4
160	53.126133	53.610205	C5	64	127	0	3
161	53.126133	53.910017	A3	64	76	1	-4
162	53.500898	55.181097	E4	64	92	0	5
163	53.875664	54.231691	A4	64	117	0	5
164	53.875664	54.370666	C4	64	90	0	1
165	54.250429	54.459673	C5	64	97	0	3
166	54.250429	54.706394	E3	64	50	1	-4
167	54.437812	54.614264	A4	64	96	0	5
168	54.625195	55.143620	G4	64	95	0	3
169	54.625195	55.237312	B3	64	74	1	-2
170	54.999960	55.454363	C4	64	88	0	1
171	55.374726	55.938435	G4	64	100	0	3
172	55.374726	57.687341	G2	64	78	1	-3
173	55.749491	56.954987	D3	64	60	1	-1
174	56.124257	56.445930	G4	64	102	0	3
175	56.124257	57.034625	G3	64	63	1	-1
176	56.499022	56.861295	D4	64	92	0	3
177	56.499022	56.873788	B3	64	86	1	-2
178	56.873788	57.414075	E4	64	96	0	5
179	56.873788	58.341619	D4	64	99	0	3
180	57.248553	57.640495	D3	64	66	1	-1
181	57.623319	58.013699	D4	64	117	0	3
182	57.623319	58.405642	B3	64	89	1	-2
183	57.998084	58.332250	E4	64	88	0	5
184	57.998084	58.546179	G3	64	76	1	-1
185	58.372850	60.048364	C4	64	92	0	1
186	58.372850	61.249175	C2	64	89	1	-5
187	58.747615	61.213260	G2	64	53	1	-3
188	59.122381	60.101456	C3	64	79	1	-3
189	59.497146	61.088338	G3	64	78	1	-1
190	59.871912	61.133622	E4	64	97	0	5
191	60.246677	60.735434	C3	64	67	1	-3
192	60.621443	61.333497	D4	64	88	0	3
193	60.996208	61.366289	C4	64	90	0	1
194	61.370974	61.686401	C4	64	99	0	1
195	61.372535	61.739493	E3	64	48	1	-4
196	61.372535	61.862853	A3	64	48	1	-4
197	61.372535	61.884715	E4	64	65	0	5
198	61.372535	61.889399	C4	64	51	0	1
199	61.372535	62.481216	A2	64	43	1	-1
200	61.745739	62.117382	A3	64	77	1	-4
201	61.933122	62.147051	E3	64	57	1	-4
202	62.120505	62.456232	C4	64	99	0	1
203	62.120505	62.443740	A3	64	74	1	-4
204	62.120505	62.457794	E4	64	74	0	5
205	62.120505	62.499955	C4	64	72	0	1
206	62.495270	62.873159	D4	64	96	0	3
207	62.495270	62.542116	E3	64	63	1	-4
208	62.870036	63.405638	E4	64	117	0	5
209	62.870036	63.193271	E3	64	51	1	-4
210	62.870036	63.299454	A3	64	51	1	-4
211	62.870036	63.319754	E4	64	52	0	5
212	62.870036	63.352546	C4	64	54	0	1
213	62.870036	63.780404	A2	64	45	1	-1
214	63.432184	63.627374	E3	64	72	1	-4
215	63.619567	63.839741	A3	64	81	1	-4
216	63.619567	63.925625	E4	64	81	0	5
217	63.619567	63.947486	C4	64	79	0	1
218	63.806949	64.041178	E3	64	72	1	-4
219	63.994332	64.045862	A2	64	61	1	-1
220	64.369098	64.695456	D4	64	102	0	3
221	64.369098	64.775094	A3	64	46	1	-4
222	64.369098	64.871908	D4	64	53	0	3
223	64.369098	64.873470	A4	64	58	0	5
224	64.369098	64.900015	F4	64	51	0	1
225	64.369098	65.504325	D3	64	47	1	-1
226	64.743863	65.084275	E4	64	96	0	5
227	64.931246	65.163913	A3	64	65	1	-4
228	65.118629	65.516817	A3	64	92	1	-4
229	65.118629	65.491833	A4	64	87	0	5
230	65.118629	65.512132	D4	64	85	0	3
231	65.118629	65.524625	F4	64	83	0	1
232	65.493394	65.858791	C4	64	88	0	1
233	65.493394	65.540240	A3	64	63	1	-4
234	65.868160	67.047109	G3	64	93	1	-1
235	65.868160	66.266348	B3	64	67	1	-2
236	65.868160	66.283525	G4	64	58	0	3
237	65.868160	66.299140	D4	64	58	0	3
238	65.868160	66.766035	G2	64	50	1	-3
239	65.868160	67.029933	D3	64	49	1	-1
240	66.430308	66.614568	G3	64	47	1	-1
241	66.617691	67.065848	B3	64	81	1	-2
242	66.617691	67.067409	D4	64	77	0	3
243	66.617691	67.109570	G4	64	89	0	3
244	66.805073	67.068971	G3	64	75	1	-1
245	66.992456	67.053356	G2	64	79	1	-3
246	67.367222	67.629558	A3	64	96	1	-4
247	67.367222	67.802887	G3	64	50	1	-1
248	67.367222	67.862224	G4	64	60	0	3
249	67.367222	67.866909	C4	64	56	0	1
250	67.367222	67.901263	E4	64	59	0	5
251	67.367222	68.471218	C3	64	45	1	-3
252	67.741987	67.999638	C4	64	99	0	1
253	67.929370	68.174529	G3	64	69	1	-1
254	68.116753	68.361912	D4	64	88	0	3
255	68.118314	68.488395	C4	64	81	0	1
256	68.118314	68.489957	G4	64	83	0	3
257	68.118314	68.525872	E4	64	77	0	5
258	68.491518	68.700762	E4	64	102	0	5
259	68.491518	68.544610	G3	64	54	1	-1
260	68.866284	69.259787	G4	64	117	0	3
261	68.866284	69.230119	G3	64	45	1	-1
262	68.866284	69.325371	C4	64	53	0	1
263	68.866284	69.326933	G4	64	54	0	3
264	68.866284	69.373779	E4	64	56	0	5
265	68.866284	69.959350	C3	64	44	1	-3
266	69.241049	69.531492	E4	64	99	0	5
267	69.428432	69.672029	G3	64	74	1	-1
268	69.615815	69.967157	C5	64	107	0	3
269	69.615815	70.018688	C4	64	87	0	1
270	69.615815	70.040549	G4	64	89	0	3
271	69.615815	70.060849	E4	64	84	0	5
272	69.990580	70.326308	A4	64	96	0	5
273	69.990580	70.028057	G3	64	75	1	-1
274	70.365346	72.251665	G4	64	99	0	3
275	70.365346	70.754165	G3	64	49	1	-1
276	70.365346	70.850979	D4	64	64	0	3
277	70.365346	70.852541	B3	64	62	1	-2
278	70.365346	70.857225	G4	64	66	0	3
279	70.365346	71.527119	G2	64	48	1	-3
280	70.365346	71.548980	D3	64	54	1	-1
281	70.927494	71.125807	G3	64	63	1	-1
282	71.114877	71.548980	G4	64	79	0	3
283	71.114877	71.563034	B3	64	80	1	-2
284	71.114877	71.566157	D4	64	77	0	3
285	71.489642	71.558349	G3	64	72	1	-1
286	71.864408	72.161097	G3	64	51	1	-1
287	71.864408	72.315688	B3	64	72	1	-2
288	71.864408	72.320372	G4	64	70	0	3
289	71.864408	72.348480	D4	64	64	0	3
290	71.864408	72.823183	G2	64	49	1	-3
291	71.864408	72.830990	D3	64	50	1	-1
292	72.426556	72.626431	G3	64	56	1	-1
293	72.613939	73.077711	D4	64	83	0	3
294	72.613939	73.090203	G4	64	82	0	3
295	72.801321	73.102695	B3	64	76	1	-2
296	72.988704	73.033988	G3	64	71	1	-1
297	73.363470	73.891264	C5	64	127	0	3
298	73.363470	73.808504	C4	64	61	0	1
299	73.363470	73.831927	A4	64	73	0	5
300	73.363470	73.847542	E4	64	59	0	5
301	73.363470	74.447167	E3	64	63	1	-4
302	73.363470	74.476836	A2	64	59	1	-1
303	73.925618	74.162969	A3	64	59	1	-4
304	74.113001	74.395636	C5	64	122	0	3
305	74.113001	74.467466	C4	64	81	0	1
306	74.113001	74.504943	A4	64	79	0	5
307	74.113001	74.533050	E4	64	75	0	5
308	74.487766	74.770402	A4	64	100	0	5
309	74.487766	74.534612	A3	64	77	1	-4
310	74.862532	75.455910	G4	64	122	0	3
311	74.862532	75.157660	A3	64	49	1	-4
312	74.862532	75.309127	C4	64	59	0	1
313	74.862532	75.348165	A4	64	63	0	5
314	74.862532	75.370027	E4	64	54	0	5
315	74.862532	75.983705	E3	64	47	1	-4
316	74.862532	76.002443	A2	64	51	1	-1
317	75.424680	75.682331	A3	64	53	1	-4
318	75.612063	76.141419	A4	64	122	0	5
319	75.612063	75.989951	C4	64	76	0	1
320	75.612063	76.060220	E4	64	81	0	5
321	75.612063	76.063343	A4	64	80	0	5
322	75.986828	76.044605	A3	64	56	1	-4
323	76.361594	76.887827	G4	64	117	0	3
324	76.361594	76.681706	B3	64	43	1	-2
325	76.361594	76.840981	E4	64	50	0	5
326	76.361594	76.845666	B4	64	61	0	2
327	76.361594	76.867527	G4	64	58	0	3
328	76.361594	76.950288	E3	64	47	1	-4
329	76.923742	77.033049	B3	64	68	1	-2
330	77.111125	77.446852	G4	64	112	0	3
331	77.111125	77.531174	E4	64	83	0	5
332	77.111125	77.537420	B4	64	86	0	2
333	77.111125	77.562405	G4	64	87	0	3
334	77.485890	77.849725	E4	64	95	0	5
335	77.485890	77.551474	E3	64	50	1	-4
336	77.860656	78.774147	D4	64	100	0	3
337	77.860656	78.240106	D3	64	61	1	-1
338	77.860656	78.307251	D4	64	59	0	3
339	77.860656	78.329113	A4	64	55	0	5
340	77.860656	78.371274	F4	64	58	0	1
341	77.860656	78.811623	E2	64	62	1	-1
342	78.422804	78.627363	D3	64	71	1	-1
343	78.610187	78.894384	D4	64	85	0	3
344	78.610187	78.939668	A4	64	84	0	5
345	78.610187	78.977145	F4	64	84	0	1
346	78.797569	79.031798	D3	64	63	1	-1
347	78.984952	79.039605	E2	64	52	1	-1
348	79.359718	79.850036	G4	64	117	0	3
349	79.359718	79.767275	G3	64	46	1	-1
350	79.359718	79.832859	B3	64	59	1	-2
351	79.359718	79.857843	G4	64	58	0	3
352	79.359718	79.890635	D4	64	58	0	3
353	79.359718	80.504314	G2	64	58	1	-3
354	79.921866	80.146725	G3	64	56	1	-1
355	80.109249	80.482453	G4	64	122	0	3
356	80.109249	80.474645	B3	64	81	1	-2
357	80.109249	80.477768	G4	64	79	0	3
358	80.109249	80.513683	D4	64	84	0	3
359	80.452784	80.825988	A4	64	122	0	5
360	80.484014	80.546475	G3	64	53	1	-1
361	80.858780	81.372521	E4	64	117	0	5
362	80.858780	81.242914	D3	64	59	1	-1
363	80.858780	81.266337	A3	64	47	1	-4
364	80.858780	81.430297	D2	64	65	1	-3
365	81.046162	81.406874	D4	64	26	0	3
366	81.420928	81.475581	D3	64	53	1	-1
367	81.608311	81.945600	D4	64	127	0	3
368	81.608311	81.830047	G3	64	47	1	-1
369	81.608311	81.998691	G2	64	58	1	-3
370	81.608311	81.998691	B3	64	69	1	-2
371	81.608311	82.065837	G4	64	70	0	3
372	81.608311	82.097067	D4	64	67	0	3
373	81.983076	82.214182	E4	64	99	0	5
374	81.983076	82.029922	G3	64	63	1	-1
375	82.170459	82.448410	D4	64	99	0	3
376	82.357842	84.420613	C4	64	102	0	1
377	82.357842	82.810683	C3	64	44	1	-3
378	82.357842	82.845037	C4	64	67	0	1
379	82.357842	82.859091	G4	64	71	0	3
380	82.357842	82.884075	E4	64	64	0	5
381	82.357842	83.416554	C2	64	43	1	-5
382	82.919990	83.169834	C3	64	52	1	-3
383	83.107373	83.458715	C4	64	79	0	1
384	83.107373	83.485261	G4	64	80	0	3
385	83.107373	83.518053	E4	64	80	0	5
386	83.482138	83.536791	C3	64	59	1	-3
387	83.856904	84.202000	C3	64	41	1	-3
388	83.856904	84.208246	C4	64	61	0	1
389	83.856904	84.208246	G4	64	62	0	3
390	83.856904	84.237915	E4	64	59	0	5
391	83.856904	84.989008	C2	64	47	1	-5
392	84.419052	84.607996	C3	64	57	1	-3
393	84.606435	84.948408	G4	64	68	0	3
394	84.606435	84.951531	C5	64	87	0	3
395	84.606435	84.953093	E4	64	77	0	5
396	84.793817	84.928108	C4	64	79	0	1
397	84.981200	85.031169	C3	64	59	1	-3
398	85.355966	85.708870	C4	64	51	0	1
399	85.355966	85.729170	G4	64	56	0	3
400	85.355966	85.735416	E4	64	55	0	5
401	85.355966	86.108620	G3	64	53	1	-1
402	85.355966	87.735727	C3	64	52	1	-3
403	86.105497	86.403748	C4	64	57	0	1
404	86.105497	86.444347	G4	64	58	0	3
405	86.105497	86.452155	E4	64	61	0	5
406	86.480262	87.635789	G3	64	41	1	-1
407	86.855028	87.092379	C4	64	36	0	1
408	86.855028	87.112679	G4	64	44	0	3
409	86.855028	87.115802	E4	64	43	0	5
410	87.604559	87.852841	G4	64	62	0	3
411	87.604559	87.868456	E4	64	57	0	5
412	87.604559	87.880948	C4	64	50	0	1
413	87.979324	88.037101	G3	64	76	1	-1
414	88.354090	88.747593	C4	64	53	0	1
415	88.354090	88.749155	E4	64	57	0	5
416	88.354090	88.756963	G4	64	62	0	3
417	88.354090	89.116113	G3	64	43	1	-1
418	88.354090	90.793188	C3	64	49	1	-3
419	89.103621	89.364395	C4	64	50	0	1
420	89.103621	89.400310	E4	64	53	0	5
421	89.103621	89.415925	G4	64	62	0	3
422	89.478386	90.662021	G3	64	43	1	-1
423	89.853152	90.124857	C5	64	44	0	3
424	89.853152	90.146718	G4	64	42	0	3
425	89.853152	90.173264	E4	64	41	0	5
426	89.853152	90.174825	C4	64	32	0	1
427	90.602683	90.954025	C4	64	62	0	1
428	90.602683	91.021171	E4	64	67	0	5
429	90.602683	91.021171	G4	64	66	0	3
430	90.977448	91.035225	G3	64	57	1	-1
431	91.352214	92.148590	E3	64	58	1	-4
432	91.352214	93.959957	A2	64	58	1	-1
433	92.101745	92.360957	A4	64	56	0	5
434	92.101745	92.379696	A3	64	44	1	-4
435	92.101745	92.407803	C4	64	52	0	1
436	92.101745	92.414049	E4	64	53	0	5
437	92.476510	93.589876	E3	64	51	1	-4
438	92.851276	93.063643	C4	64	47	0	1
439	92.851276	93.063643	A4	64	48	0	5
440	92.851276	93.066766	E4	64	48	0	5
441	93.600807	93.947465	C4	64	67	0	1
442	93.600807	93.983380	E4	64	67	0	5
443	93.600807	93.997433	A4	64	71	0	5
444	93.975572	94.027102	E3	64	50	1	-4
445	94.350338	94.767264	A4	64	54	0	5
446	94.350338	94.798495	D4	64	47	0	3
447	94.350338	94.840656	F4	64	56	0	1
448	94.350338	95.124853	A3	64	47	1	-4
449	94.350338	96.964327	D3	64	51	1	-1
450	95.099869	95.421542	D4	64	62	0	3
451	95.099869	95.432473	A4	64	68	0	5
452	95.099869	95.468388	F4	64	68	0	1
453	95.474634	96.066451	A3	64	51	1	-4
454	95.849400	96.258519	D4	64	50	0	3
455	95.849400	96.272572	A4	64	52	0	5
456	95.849400	96.292872	F4	64	49	0	1
457	96.598931	96.976819	A4	64	67	0	5
458	96.598931	96.990873	D4	64	63	0	3
459	96.598931	97.053334	F4	64	66	0	1
460	96.973696	97.025226	A3	64	68	1	-4
461	97.348462	97.726350	B3	64	61	1	-2
462	97.348462	97.738842	G4	64	68	0	3
463	97.348462	97.741965	D4	64	57	0	3
464	97.348462	98.491496	G2	64	59	1	-3
465	97.348462	98.496181	D3	64	56	1	-1
466	98.097993	98.455581	B3	64	72	1	-2
467	98.097993	98.500866	G4	64	66	0	3
468	98.097993	98.514919	D4	64	65	0	3
469	98.472758	98.553957	G3	64	51	1	-1
470	98.847524	99.309734	G3	64	44	1	-1
471	98.847524	99.331596	E4	64	61	0	5
472	98.847524	99.331596	G4	64	63	0	3
473	98.847524	99.336280	C4	64	62	0	1
474	98.847524	99.923413	C3	64	41	1	-3
475	99.598616	99.889059	C4	64	74	0	1
476	99.598616	99.960890	E4	64	72	0	5
477	99.598616	99.960890	G4	64	68	0	3
478	99.971820	100.032720	G3	64	63	1	-1
479	100.346586	100.697928	A4	64	71	0	5
480	100.346586	100.718228	A3	64	65	1	-4
481	100.346586	100.735405	E4	64	58	0	5
482	100.346586	100.740089	C4	64	62	0	1
483	100.346586	101.127347	E3	64	55	1	-4
484	100.346586	102.812230	A2	64	47	1	-1
485	101.096117	101.345960	E4	64	63	0	5
486	101.096117	101.363137	C4	64	64	0	1
487	101.096117	101.363137	A4	64	62	0	5
488	101.470882	102.615478	E3	64	50	1	-4
489	101.845648	102.050207	A3	64	34	1	-4
490	101.845648	102.101737	C4	64	42	0	1
491	101.845648	102.112668	E4	64	47	0	5
492	102.407796	102.776315	A3	64	62	1	-4
493	102.407796	102.807546	C4	64	63	0	1
494	102.407796	102.824723	E4	64	67	0	5
495	102.782561	102.826284	E3	64	59	1	-4
496	103.344710	103.733529	B3	64	54	1	-2
497	103.344710	103.764759	D4	64	53	0	3
498	103.344710	103.769444	G4	64	61	0	3
499	103.344710	104.133279	G3	64	35	1	-1
500	103.344710	104.518975	D3	64	41	1	-1
501	103.344710	105.701048	G2	64	39	1	-3
502	104.094241	104.434653	B3	64	74	1	-2
503	104.094241	104.461199	G4	64	71	0	3
504	104.094241	104.465883	D4	64	72	0	3
505	104.469006	104.529906	G3	64	63	1	-1
506	104.843772	105.196676	B3	64	47	1	-2
507	104.843772	105.229468	D4	64	51	0	3
508	104.843772	105.234152	G4	64	50	0	3
509	104.843772	105.621410	G3	64	38	1	-1
510	104.843772	105.755701	D3	64	44	1	-1
511	105.593303	105.886869	B3	64	67	1	-2
512	105.593303	105.949330	D4	64	63	0	3
513	105.593303	105.958699	G4	64	67	0	3
514	105.968068	106.036775	G3	64	50	1	-1
515	106.342834	106.803483	G4	64	66	0	3
516	106.342834	106.808167	C4	64	50	0	1
517	106.342834	106.808167	E4	64	45	0	5
518	106.342834	107.120472	G3	64	39	1	-1
519	106.342834	108.635149	C3	64	46	1	-3
520	107.092365	107.337524	C4	64	59	0	1
521	107.092365	107.353139	E4	64	63	0	5
522	107.092365	107.362508	G4	64	66	0	3
523	107.467130	108.636711	G3	64	40	1	-1
524	107.841896	107.954325	E4	64	41	0	5
525	107.841896	108.015225	C4	64	34	0	1
526	107.841896	108.018348	G4	64	46	0	3
527	107.841896	108.054263	C5	64	53	0	3
528	108.591427	109.278497	C4	64	39	0	1
529	108.591427	109.286304	E4	64	40	0	5
530	108.591427	109.286304	G4	64	44	0	3
531	109.311289	109.771938	E4	64	47	0	5
532	109.319096	109.778184	A4	64	52	0	5
533	109.330027	109.778184	C4	64	43	0	1
534	109.337835	110.129527	A2	64	45	1	-1
535	109.340958	109.656385	C4	64	99	0	1
536	109.715723	110.087366	A3	64	77	1	-4
537	109.901544	110.115473	E3	64	57	1	-4
538	110.088927	110.412162	A3	64	74	1	-4
539	110.088927	110.426216	E4	64	74	0	5
540	110.088927	110.466816	C4	64	72	0	1
541	110.090489	110.426216	C4	64	99	0	1
542	110.463693	110.510538	E3	64	63	1	-4
543	110.465254	110.843143	D4	64	96	0	3
544	110.838458	111.161693	E3	64	51	1	-4
545	110.838458	111.267877	A3	64	51	1	-4
546	110.838458	111.286615	E4	64	52	0	5
547	110.838458	111.320969	C4	64	54	0	1
548	110.838458	111.748826	A2	64	45	1	-1
549	110.840020	111.375622	E4	64	117	0	5
550	111.400606	111.595797	E3	64	72	1	-4
551	111.587989	111.806602	A3	64	81	1	-4
552	111.587989	111.894048	E4	64	81	0	5
553	111.587989	111.915909	C4	64	79	0	1
554	111.775372	112.009600	E3	64	72	1	-4
555	111.962755	112.014285	A2	64	61	1	-1
556	112.337520	112.743516	A3	64	46	1	-4
557	112.337520	112.838769	D4	64	53	0	3
558	112.337520	112.840331	A4	64	58	0	5
559	112.337520	112.866876	F4	64	51	0	1
560	112.337520	113.472747	D3	64	47	1	-1
561	112.339082	112.665440	D4	64	102	0	3
562	112.713847	113.054259	E4	64	96	0	5
563	112.899668	113.132335	A3	64	65	1	-4
564	113.087051	113.460255	A4	64	87	0	5
565	113.087051	113.478993	D4	64	85	0	3
566	113.087051	113.493047	F4	64	83	0	1
567	113.088613	113.486801	A3	64	92	1	-4
568	113.461817	113.508662	A3	64	63	1	-4
569	113.463378	113.828775	C4	64	88	0	1
570	113.836582	114.234770	B3	64	67	1	-2
571	113.836582	114.251947	G4	64	58	0	3
572	113.836582	114.266001	D4	64	58	0	3
573	113.836582	114.732896	G2	64	50	1	-3
574	113.836582	114.996794	D3	64	49	1	-1
575	113.838144	115.017093	G3	64	93	1	-1
576	114.398730	114.581429	G3	64	47	1	-1
577	114.586113	115.032709	B3	64	81	1	-2
578	114.586113	115.034270	D4	64	77	0	3
579	114.586113	115.076431	G4	64	89	0	3
580	114.773496	115.035832	G3	64	75	1	-1
581	114.960879	115.020217	G2	64	79	1	-3
582	115.335644	115.769748	G3	64	50	1	-1
583	115.335644	115.829085	G4	64	60	0	3
584	115.335644	115.835331	C4	64	56	0	1
585	115.335644	115.868123	E4	64	59	0	5
586	115.335644	116.438079	C3	64	45	1	-3
587	115.337206	115.599542	A3	64	96	1	-4
588	115.711971	115.969622	C4	64	99	0	1
589	115.897792	116.141390	G3	64	69	1	-1
590	116.085175	116.456818	C4	64	81	0	1
591	116.085175	116.458379	G4	64	83	0	3
592	116.085175	116.492733	E4	64	77	0	5
593	116.086737	116.331896	D4	64	88	0	3
594	116.459941	116.513032	G3	64	54	1	-1
595	116.461502	116.670746	E4	64	102	0	5
596	116.834706	117.196979	G3	64	45	1	-1
597	116.834706	117.293794	C4	64	53	0	1
598	116.834706	117.295355	G4	64	54	0	3
599	116.834706	117.342201	E4	64	56	0	5
600	116.834706	117.927772	C3	64	44	1	-3
601	116.836268	117.229771	G4	64	117	0	3
602	117.211033	117.501476	E4	64	99	0	5
603	117.396854	117.640452	G3	64	74	1	-1
604	117.584237	117.985549	C4	64	87	0	1
605	117.584237	118.008971	G4	64	89	0	3
606	117.584237	118.027710	E4	64	84	0	5
607	117.585799	117.937141	C5	64	107	0	3
608	117.959003	117.996479	G3	64	75	1	-1
609	117.960564	118.296292	A4	64	96	0	5
610	118.333768	118.721026	G3	64	49	1	-1
611	118.333768	118.819402	D4	64	64	0	3
612	118.333768	118.820963	B3	64	62	1	-2
613	118.333768	118.824086	G4	64	66	0	3
614	118.333768	119.493980	G2	64	48	1	-3
615	118.333768	119.517403	D3	64	54	1	-1
616	118.335330	120.221649	G4	64	99	0	3
617	118.895916	119.094230	G3	64	63	1	-1
618	119.083299	119.517403	G4	64	79	0	3
619	119.083299	119.531456	B3	64	80	1	-2
620	119.083299	119.533018	D4	64	77	0	3
621	119.458065	119.525210	G3	64	72	1	-1
622	119.832830	120.127958	G3	64	51	1	-1
623	119.832830	120.284110	B3	64	72	1	-2
624	119.832830	120.288795	G4	64	70	0	3
625	119.832830	120.315341	D4	64	64	0	3
626	119.832830	120.790044	G2	64	49	1	-3
627	119.832830	120.797851	D3	64	50	1	-1
628	120.394978	120.593292	G3	64	56	1	-1
629	120.582361	121.046133	D4	64	83	0	3
630	120.582361	121.058626	G4	64	82	0	3
631	120.769744	121.071118	B3	64	76	1	-2
632	120.957127	121.000849	G3	64	71	1	-1
633	121.331892	121.776926	C4	64	61	0	1
634	121.331892	121.798787	A4	64	73	0	5
635	121.331892	121.815964	E4	64	59	0	5
636	121.331892	122.415589	E3	64	63	1	-4
637	121.331892	122.445258	A2	64	59	1	-1
638	121.333454	121.861248	C5	64	127	0	3
639	121.894040	122.131392	A3	64	59	1	-4
640	122.081423	122.435889	C4	64	81	0	1
641	122.081423	122.471804	A4	64	79	0	5
642	122.081423	122.499911	E4	64	75	0	5
643	122.082985	122.365620	C5	64	122	0	3
644	122.456189	122.503034	A3	64	77	1	-4
645	122.457750	122.740386	A4	64	100	0	5
646	122.830954	123.124520	A3	64	49	1	-4
647	122.830954	123.275988	C4	64	59	0	1
648	122.830954	123.315026	A4	64	63	0	5
649	122.830954	123.338449	E4	64	54	0	5
650	122.830954	123.950566	E3	64	47	1	-4
651	122.830954	123.970866	A2	64	51	1	-1
652	122.832516	123.425894	G4	64	122	0	3
653	123.393102	123.649192	A3	64	53	1	-4
654	123.580485	123.956812	C4	64	76	0	1
655	123.580485	124.028642	E4	64	81	0	5
656	123.580485	124.030204	A4	64	80	0	5
657	123.582047	124.111403	A4	64	122	0	5
658	123.955251	124.013027	A3	64	56	1	-4
659	124.330016	124.648567	B3	64	43	1	-2
660	124.330016	124.807842	E4	64	50	0	5
661	124.330016	124.814088	B4	64	61	0	2
662	124.330016	124.835950	G4	64	58	0	3
663	124.330016	124.917149	E3	64	47	1	-4
664	124.331578	124.857811	G4	64	117	0	3
665	124.892164	124.999909	B3	64	68	1	-2
666	125.079547	125.499597	E4	64	83	0	5
667	125.079547	125.504281	B4	64	86	0	2
668	125.079547	125.530827	G4	64	87	0	3
669	125.081109	125.416836	G4	64	112	0	3
670	125.454313	125.518335	E3	64	50	1	-4
671	125.455874	125.819709	E4	64	95	0	5
672	125.829078	126.208528	D3	64	61	1	-1
673	125.829078	126.274112	D4	64	59	0	3
674	125.829078	126.297535	A4	64	55	0	5
675	125.829078	126.339696	F4	64	58	0	1
676	125.829078	126.778484	E2	64	62	1	-1
677	125.830640	126.744131	D4	64	100	0	3
678	126.391226	126.595786	D3	64	71	1	-1
679	126.578609	126.861245	D4	64	85	0	3
680	126.578609	126.908090	A4	64	84	0	5
681	126.578609	126.944006	F4	64	84	0	1
682	126.765992	127.000220	D3	64	63	1	-1
683	126.953375	127.006466	E2	64	52	1	-1
684	127.328140	127.734136	G3	64	46	1	-1
685	127.328140	127.801282	B3	64	59	1	-2
686	127.328140	127.826266	G4	64	58	0	3
687	127.328140	127.857496	D4	64	58	0	3
688	127.328140	128.472736	G2	64	58	1	-3
689	127.329702	127.820020	G4	64	117	0	3
690	127.890288	128.115148	G3	64	56	1	-1
691	128.077671	128.441506	B3	64	81	1	-2
692	128.077671	128.446191	G4	64	79	0	3
693	128.077671	128.482106	D4	64	84	0	3
694	128.079233	128.452437	A4	64	122	0	5
695	128.452437	128.513336	G3	64	53	1	-1
696	128.827202	129.211337	D3	64	59	1	-1
697	128.827202	129.233198	A3	64	47	1	-4
698	128.827202	129.397158	D2	64	65	1	-3
699	128.828764	129.342505	E4	64	117	0	5
700	129.014585	129.375297	D4	64	26	0	3
701	129.389350	129.444004	D3	64	53	1	-1
702	129.576733	129.798469	G3	64	47	1	-1
703	129.576733	129.965552	G2	64	58	1	-3
704	129.576733	129.965552	B3	64	69	1	-2
705	129.576733	130.032698	G4	64	70	0	3
706	129.576733	130.063928	D4	64	67	0	3
707	129.578295	129.915584	D4	64	127	0	3
708	129.951499	129.998344	G3	64	63	1	-1
709	129.953060	130.312210	E4	64	99	0	5
710	130.326264	130.779106	C3	64	44	1	-3
711	130.326264	130.813459	C4	64	67	0	1
712	130.326264	130.827513	G4	64	71	0	3
713	130.326264	130.850936	E4	64	64	0	5
714	130.326264	131.384977	C2	64	43	1	-5
715	130.327826	132.390597	C4	64	102	0	1
716	130.888412	131.138256	C3	64	52	1	-3
717	131.075795	131.427138	C4	64	79	0	1
718	131.075795	131.452122	G4	64	80	0	3
719	131.075795	131.484914	E4	64	80	0	5
720	131.450561	131.503652	C3	64	59	1	-3
721	131.825326	132.170423	C3	64	41	1	-3
722	131.825326	132.176669	C4	64	61	0	1
723	131.825326	132.176669	G4	64	62	0	3
724	131.825326	132.206338	E4	64	59	0	5
725	131.825326	132.957430	C2	64	47	1	-5
726	132.387474	132.576419	C3	64	57	1	-3
727	132.574857	132.916831	G4	64	68	0	3
728	132.574857	132.918392	C5	64	87	0	3
729	132.574857	132.921515	E4	64	77	0	5
730	132.762240	132.894969	C4	64	79	0	1
731	132.949623	132.999591	C3	64	59	1	-3
732	133.325950	133.716330	B3	64	58	1	-2
733	133.325950	133.719453	D4	64	61	0	3
734	133.325950	133.724138	G4	64	55	0	3
735	133.325950	134.423700	G3	64	45	1	-1
736	133.325950	135.679165	G2	64	51	1	-3
737	134.075481	134.356555	B3	64	65	1	-2
738	134.075481	134.381539	G4	64	66	0	3
739	134.075481	134.400277	D4	64	67	0	3
740	134.450246	135.601089	D3	64	55	1	-1
741	134.825012	135.187285	B3	64	56	1	-2
742	134.825012	135.207585	D4	64	53	0	3
743	134.825012	135.223200	G4	64	54	0	3
744	135.574543	135.957116	B3	64	63	1	-2
745	135.574543	135.961800	D4	64	64	0	3
746	135.574543	135.986785	G4	64	62	0	3
747	135.949308	136.010208	G3	64	53	1	-1
748	136.324074	136.776915	C4	64	52	0	1
749	136.324074	136.794092	G4	64	57	0	3
750	136.324074	136.823761	E4	64	51	0	5
751	136.324074	137.132943	C3	64	48	1	-3
752	136.324074	138.761611	C2	64	45	1	-5
753	137.073605	137.335941	C4	64	69	0	1
754	137.073605	137.357802	G4	64	64	0	3
755	137.073605	137.396840	E4	64	59	0	5
756	137.448370	138.165109	C3	64	53	1	-3
757	137.823136	138.018326	G4	64	53	0	3
758	137.823136	138.041749	E4	64	53	0	5
759	137.823136	138.121387	C4	64	52	0	1
760	138.572667	138.847495	C4	64	61	0	1
761	138.572667	138.861548	C5	64	73	0	3
762	138.572667	138.905271	G4	64	57	0	3
763	138.572667	138.933378	E4	64	56	0	5
764	138.947432	139.006770	C3	64	51	1	-3
765	139.322198	139.745370	B3	64	56	1	-2
766	139.322198	139.748493	D4	64	56	0	3
767	139.322198	139.776601	G4	64	63	0	3
768	139.322198	140.102959	G3	64	57	1	-1
769	139.322198	140.430879	G2	64	38	1	-3
770	140.071729	140.446494	B3	64	71	1	-2
771	140.071729	140.465232	D4	64	68	0	3
772	140.071729	140.469917	G4	64	73	0	3
773	140.446494	141.808142	D3	64	55	1	-1
774	140.821260	141.128880	B3	64	42	1	-2
775	140.821260	141.141372	D4	64	43	0	3
776	140.821260	141.175725	G4	64	45	0	3
777	140.821260	141.467730	G3	64	36	1	-1
778	140.821260	141.639498	G2	64	39	1	-3
779	141.570791	141.845619	B3	64	67	1	-2
780	141.570791	141.931502	D4	64	68	0	3
781	141.570791	141.936187	G4	64	68	0	3
782	141.945556	141.995525	G3	64	68	1	-1
783	142.320322	142.727879	C4	64	62	0	1
784	142.320322	142.738810	G4	64	60	0	3
785	142.320322	142.774725	E4	64	61	0	5
786	142.320322	143.082345	C3	64	50	1	-3
787	142.320322	144.793774	C2	64	53	1	-5
788	143.069853	143.396211	C4	64	56	0	1
789	143.069853	143.421195	E4	64	57	0	5
790	143.069853	143.422757	G4	64	56	0	3
791	143.444618	144.620445	C3	64	35	1	-3
792	143.819384	144.133250	C4	64	41	0	1
793	143.819384	144.169165	G4	64	43	0	3
794	143.819384	144.172288	E4	64	43	0	5
795	144.568915	144.848427	C4	64	49	0	1
796	144.568915	144.853112	G4	64	52	0	3
797	144.568915	144.887465	E4	64	55	0	5
798	144.943680	145.009264	C3	64	38	1	-3
799	145.318446	145.732249	B3	64	50	1	-2
800	145.318446	145.738495	D4	64	50	0	3
801	145.318446	145.747864	G4	64	55	0	3
802	145.318446	147.657607	G3	64	59	1	-1
803	145.318446	147.791898	G2	64	51	1	-3
804	146.067977	146.349051	D4	64	44	0	3
805	146.067977	146.352174	B3	64	44	1	-2
806	146.067977	146.388089	G4	64	47	0	3
807	146.442742	147.865290	D3	64	33	1	-1
808	146.817508	147.111074	B3	64	41	1	-2
809	146.817508	147.120443	D4	64	45	0	3
810	146.817508	147.153235	G4	64	39	0	3
811	147.567039	147.837182	B3	64	43	1	-2
812	147.567039	147.894958	D4	64	48	0	3
813	147.567039	147.907451	G4	64	46	0	3
814	147.941804	148.005827	G3	64	50	1	-1
815	148.316570	148.752235	C4	64	44	0	1
816	148.316570	148.785027	G4	64	51	0	3
817	148.316570	148.808449	E4	64	49	0	5
818	148.316570	149.080154	C3	64	36	1	-3
819	148.316570	150.830622	C2	64	48	1	-5
820	149.066101	149.389336	E4	64	47	0	5
821	149.066101	149.395582	C4	64	45	0	1
822	149.066101	149.403390	G4	64	48	0	3
823	149.440866	150.612008	C3	64	41	1	-3
824	149.815632	150.082652	C4	64	36	0	1
825	149.815632	150.085775	E4	64	35	0	5
826	149.815632	150.092021	G4	64	30	0	3
827	150.565163	150.860291	G4	64	51	0	3
828	150.565163	150.883713	E4	64	55	0	5
829	150.565163	150.886836	C4	64	45	0	1
830	150.939928	151.025812	C3	64	45	1	-3
831	151.314694	151.742551	B3	64	45	1	-2
832	151.314694	151.761289	G4	64	50	0	3
833	151.314694	151.765974	D4	64	51	0	3
834	151.314694	152.101701	G3	64	45	1	-1
835	151.314694	153.950544	G2	64	46	1	-3
836	151.314694	154.005198	D3	64	45	1	-1
837	152.064225	152.409321	B3	64	50	1	-2
838	152.064225	152.409321	D4	64	53	0	3
839	152.064225	152.423375	G4	64	54	0	3
840	152.438990	153.547671	G3	64	47	1	-1
841	152.813756	153.096391	B3	64	34	1	-2
842	152.813756	153.122937	D4	64	41	0	3
843	152.813756	153.143237	G4	64	29	0	3
844	153.563287	153.806884	B3	64	41	1	-2
845	153.563287	153.827184	G4	64	37	0	3
846	153.563287	153.899014	D4	64	39	0	3
847	153.938052	154.017690	G3	64	47	1	-1
848	154.312818	157.362472	G3	64	28	1	-1
849	154.312818	157.367156	C4	64	36	0	1
850	154.312818	157.367156	G4	64	43	0	3
851	154.312818	157.378087	C3	64	34	1	-3
852	154.312818	157.381210	E4	64	43	0	5
